автор 0,000000 0,000000
автором 0,000000 0,000000
авторского 0,000000 0,000000
авторы 0,000000 0,000000
александр 2,167317 0,000708
александрович 0,991226 0,000324
алексей 0,000000 0,000000
алексея 0,000000 0,000000
алеша 0,381987 0,002371
алеше 0,523865 0,001540
алеши 0,544068 0,000711
алешу 0,565257 0,001293
ангел 0,912045 0,000596
арина 2,167317 0,002124
банной 1,866287 0,000610
батюшка 0,675956 0,000442
батюшки 1,468347 0,000959
башмаки 1,389166 0,000454
беда 0,866287 0,000283
беде 1,690196 0,000552
бедная 1,125925 0,000368
бедно 1,389166 0,000454
бедной 1,264227 0,000826
бедную 1,264227 0,000413
бежал 0,963197 0,000315
безногая 1,690196 0,000552
бесстрашно 1,690196 0,000552
библиотека 0,000000 0,000000
благ 1,690196 0,000552
благородной 1,565257 0,000511
благословить 1,322219 0,000864
блистающий 2,167317 0,000708
божий 0,936868 0,000612
боится 0,690196 0,000225
более 0,000000 0,000000
болезненном 1,264227 0,000413
болен 0,704919 0,000230
больно 0,787106 0,000257
большая 0,936868 0,000306
большие 0,720159 0,000235
бороденку 1,690196 0,000552
бородкой 1,389166 0,000454
брат 0,303994 0,000298
брата 0,389166 0,000254
братом 0,769377 0,000251
брату 0,752344 0,000246
братья 0,176091 0,000230
брезгливо 1,468347 0,000480
брезгливою 1,690196 0,000552
бросил 0,554533 0,000181
бросился 0,451314 0,000295
броситься 1,389166 0,000454
брось 1,389166 0,000454
брызнули 1,866287 0,000610
брякнула 2,167317 0,000708
будет 0,077412 0,000152
будто 0,099131 0,000032
буду 0,208276 0,000068
булку 1,866287 0,000610
бывший 0,845098 0,000276
была 0,046743 0,000076
были 0,099131 0,000097
было 0,000000 0,000000
быстрым 1,565257 0,000511
быть 0,002964 0,000005
вами 0,232819 0,000152
варвара 0,963197 0,001573
ватным 2,167317 0,000708
ваше 0,434924 0,000142
вашего 0,443041 0,000579
вашей 0,504560 0,000165
вашем 0,690196 0,000225
ваши 0,434924 0,000284
ваших 0,554533 0,000181
вашу 0,504560 0,000330
вдруг 0,005949 0,000037
ведра 1,866287 0,000610
ведут 1,565257 0,000511
ведь 0,043466 0,000043
великое 0,888564 0,000290
веревка 2,167317 0,000708
веревку 1,866287 0,000610
весь 0,099131 0,000097
весьма 0,243038 0,000318
ветхий 1,690196 0,000552
взволнованным 1,690196 0,000552
взгляд 0,396465 0,000259
взгляда 0,662167 0,000216
взглядом 0,504560 0,000165
взял 0,269690 0,000088
взялся 1,322219 0,000432
взятую 2,167317 0,000708
взять 0,533849 0,000349
видел 0,248239 0,000081
видели 0,495219 0,000162
видимую 1,690196 0,000552
видит 0,690196 0,000225
видите 0,396465 0,000130
виднелась 1,866287 0,000610
вижу 0,286504 0,000281
визиты 0,000000 0,000000
вместе 0,208276 0,000068
внимательно 0,845098 0,000276
вовсе 0,150284 0,000098
военными 1,866287 0,000610
возбудить 1,866287 0,000610
воздвигнута 2,167317 0,000708
воздух 1,053374 0,002065
воздухе 1,468347 0,000480
воздуху 1,565257 0,000511
возле 1,565257 0,000511
возлюбит 1,690196 0,000552
возлюбить 1,866287 0,000610
возлюбнт 2,167317 0,000708
возможно 0,735954 0,000240
вознаграждения 0,000000 0,000000
возьму 0,936868 0,000612
волосами 1,125925 0,000368
вонюча 2,167317 0,000708
вопрос 0,222835 0,000218
вопросами 1,264227 0,000413
вопросительно 1,167317 0,000381
вопросительное 2,167317 0,000708
вопросительный 1,866287 0,000610
вопросы 0,599116 0,000196
воскликнул 0,309985 0,000101
вошедшего 1,322219 0,000432
вошел 0,403889 0,000264
впалые 2,167317 0,000708
вперед 0,426955 0,000139
вполне 0,316059 0,000103
впускать 1,565257 0,000511
впускаю 2,167317 0,000708
врага 1,389166 0,000454
времени 0,269690 0,000088
время 0,043466 0,000071
всегда 0,129891 0,000042
всего 0,040213 0,000039
всей 0,248239 0,000081
всех 0,060107 0,000039
вскочил 0,587534 0,000384
вскрикнула 0,866287 0,000283
встал 0,403889 0,000132
встаньте 1,866287 0,000610
встать 1,053374 0,000344
встречи 1,053374 0,000688
всяким 1,565257 0,000511
всяком 0,544068 0,000178
вторая 0,514105 0,000336
второй 0,704919 0,000230
вход 1,213075 0,000396
вчера 0,341243 0,000111
выбыл 1,866287 0,000610
вывел 1,053374 0,000344
выверты 2,167317 0,000708
выдержать 1,213075 0,000396
выдерживающий 2,167317 0,000708
вызовом 1,053374 0,000344
выйдет 0,587534 0,000192
вынул 0,599116 0,000196
выпил 0,991226 0,000324
выплаты 0,000000 0,000000
выпучив 1,565257 0,000511
выразило 1,565257 0,000511
вырвал 1,866287 0,000610
вырос 1,690196 0,000552
высекли 1,690196 0,000552
высеку 1,690196 0,002209
выскочил 1,125925 0,000368
высохла 2,167317 0,000708
высшею 1,468347 0,000480
выходить 0,963197 0,000315
вышел 0,275223 0,000090
вязаными 2,167317 0,000708
генерал 0,554533 0,000181
гладить 1,866287 0,000610
глаза 0,129891 0,000170
глазам 0,963197 0,000315
глазах 0,459747 0,000150
глазной 2,167317 0,000708
глупые 1,213075 0,000396
глухие 1,690196 0,000552
глядел 0,554533 0,000362
говорившего 2,167317 0,000708
говорил 0,095435 0,000062
говорили 0,374926 0,000122
говорит 0,189594 0,000310
говорить 0,162996 0,000053
говорю 0,203530 0,000199
голову 0,227798 0,000074
голод 1,866287 0,000610
голос 0,533849 0,000174
голоса 1,021189 0,000334
голосок 1,468347 0,000480
голосом 0,396465 0,000259
голубчик 0,587534 0,000192
голубчики 1,866287 0,001219
горбатая 1,690196 0,001104
горе 0,769377 0,000251
горка 2,167317 0,000708
город 0,523865 0,000171
горящим 2,167317 0,001416
господ 1,264227 0,000413
господин 0,514105 0,001008
господь 0,888564 0,000290
гостей 0,752344 0,000246
гостеприимства 1,866287 0,000610
гостиной 0,888564 0,000290
громким 1,690196 0,000552
громко 0,504560 0,000165
грустно 0,735954 0,000240
грушеньки 0,787106 0,000257
грязным 2,167317 0,000708
губы 0,599116 0,000196
давая 1,213075 0,000396
давеча 0,232819 0,000228
давешнего 1,264227 0,000826
давешнему 2,167317 0,000708
давешний 1,213075 0,000396
давно 0,158717 0,000052
даже 0,005949 0,000016
далее 0,648803 0,000424
дался 1,690196 0,000552
дальше 0,002964 0,000001
дама 0,735954 0,000721
даме 1,213075 0,000793
даму 1,264227 0,000413
дамы 0,648803 0,000424
данной 1,866287 0,000610
данные 0,000000 0,000000
дано 1,389166 0,000454
двадцати 0,675956 0,000221
двери 0,599116 0,000196
дверь 0,367977 0,000481
дверями 1,690196 0,000552
двора 0,912045 0,000298
двором 2,167317 0,000708
девица 1,213075 0,001585
девушка 0,805589 0,001053
девушки 0,963197 0,000315
действительно 0,106619 0,000070
делается 1,088136 0,000355
делать 0,426955 0,000139
делах 0,963197 0,000315
деле 0,162996 0,000053
дело 0,063514 0,000041
делу 0,468347 0,000459
день 0,162996 0,000053
дергалась 1,866287 0,000610
деревянный 1,125925 0,000736
держат 1,565257 0,000511
держать 0,963197 0,000315
дескать 0,419129 0,000274
десять 0,374926 0,000122
дмитрием 1,021189 0,000334
дмитрий 0,468347 0,000306
дмитрию 0,936868 0,000306
дмитрия 0,599116 0,000196
добродетелями 1,690196 0,000552
добрые 1,125925 0,000368
добрый 0,824895 0,000269
довольно 0,129891 0,000212
долгое 1,125925 0,000368
должное 1,690196 0,000552
дома 0,298086 0,000195
домашним 1,565257 0,000511
домишка 1,690196 0,000552
домишко 1,565257 0,000511
донушке 2,167317 0,000708
допрашивал 1,468347 0,000480
дороге 0,611015 0,000200
дорогой 0,565257 0,000185
доселе 0,912045 0,000596
достанешь 1,866287 0,000610
достоевский 0,000000 0,000000
достояние 0,000000 0,000000
дочерей 1,021189 0,000334
дочери 0,787106 0,000257
дочерью 1,322219 0,000432
дочка 1,389166 0,000454
древних 1,866287 0,000610
дрожа 1,021189 0,000334
другого 0,396465 0,000259
другой 0,146128 0,000239
думали 0,936868 0,000306
думать 0,486076 0,000159
думаю 0,328468 0,000107
дурак 0,769377 0,000251
душе 0,514105 0,000168
души 0,523865 0,000171
душно 1,468347 0,000480
дырявою 2,167317 0,000708
дьяконица 2,167317 0,000708
если 0,011981 0,000020
есть 0,018098 0,000030
жажды 1,389166 0,000454
жалею 1,264227 0,000413
жалкое 1,565257 0,000511
жаловаться 1,053374 0,000344
жалуюсь 1,866287 0,000610
жару 1,167317 0,000381
ждут 0,936868 0,000306
желательно 1,866287 0,000610
железную 1,468347 0,000480
желтая 1,866287 0,000610
жена 0,912045 0,000298
женское 1,565257 0,000511
женском 1,690196 0,000552
женщина 0,396465 0,000130
жестом 1,389166 0,000908
живу 1,264227 0,000826
жиденькими 2,167317 0,000708
жизни 0,222835 0,000073
жизнь 0,162996 0,000053
жила 1,125925 0,000368
жильцов 1,468347 0,000480
забыл 0,328468 0,000107
завернув 2,167317 0,000708
заговорила 1,088136 0,000355
загроможденной 2,167317 0,000708
задал 1,167317 0,000381
задохся 1,322219 0,000432
заинтересовавшее 1,866287 0,000610
зайти 0,936868 0,000306
закажу 2,167317 0,000708
заключению 1,690196 0,000552
заключил 0,523865 0,000171
закончил 1,125925 0,000368
закрыла 1,125925 0,000368
замечательно 1,125925 0,000368
занавеска 1,866287 0,000610
занавески 1,565257 0,000511
занавеской 1,565257 0,001023
заперты 1,322219 0,000432
заплесневшие 2,167317 0,000708
засверкали 1,088136 0,000355
застанет 1,565257 0,000511
затем 0,237898 0,000078
захотел 0,787106 0,000257
зачем 0,146128 0,000048
зашел 0,912045 0,000298
заштопанное 2,167317 0,000708
заявить 1,125925 0,000368
здесь 0,095435 0,000031
здравствуйте 1,468347 0,000480
зеленые 1,690196 0,000552
земных 1,690196 0,000552
злой 1,167317 0,000381
знакомый 0,936868 0,000306
знал 0,114239 0,000075
знать 0,328468 0,000107
значит 0,243038 0,000159
знаю 0,095435 0,000062
зная 0,623249 0,000204
ивановна 0,486076 0,000159
ивановны 0,554533 0,000543
иглу 2,167317 0,000708
идут 1,322219 0,000432
избе 1,088136 0,001066
избой 2,167317 0,000708
избу 1,125925 0,000368
известия 1,125925 0,000368
известно 0,334808 0,000109
извинения 1,389166 0,000454
изволите 1,088136 0,000355
извольте 0,963197 0,000629
изображало 1,866287 0,000610
ильич 1,389166 0,000908
илюшечка 1,389166 0,000454
илюшечку 1,565257 0,001023
именно 0,066947 0,000022
инструкции 1,468347 0,000480
интересуетесь 1,690196 0,000552
интонации 2,167317 0,000708
искренно 0,523865 0,000171
использоваться 0,000000 0,000000
испытывал 1,468347 0,000480
исступлении 0,735954 0,000240
источник 0,000000 0,000000
исчадие 2,167317 0,000708
каблуках 2,167317 0,000708
каждая 1,213075 0,000396
каждого 0,888564 0,000290
каждое 0,963197 0,000315
кажется 0,118099 0,000116
какая 0,194189 0,000063
какие 0,232819 0,000228
каким 0,194189 0,000063
какое 0,227798 0,000074
какой 0,095435 0,000187
каком 0,381987 0,000125
какою 0,599116 0,000196
какую 0,419129 0,000137
калмыковой 1,866287 0,000610
камень 1,167317 0,000381
камнями 1,322219 0,000432
капитан 0,991226 0,003886
капитана 1,053374 0,000688
капитане 1,565257 0,000511
капитану 1,690196 0,000552
карамазов 0,587534 0,001152
карамазовы 0,180546 0,000236
карие 2,167317 0,000708
кармана 0,720159 0,000235
картуз 2,167317 0,000708
катерина 0,735954 0,000240
катерины 0,752344 0,000737
квартира 1,389166 0,000454
кидают 2,167317 0,000708
класса 1,322219 0,000432
клетчатые 1,866287 0,000610
книга 0,176091 0,000115
книги 0,000000 0,000000
когда 0,015029 0,000020
кого 0,222835 0,000218
колени 0,888564 0,000581
коленками 2,167317 0,000708
коленки 1,468347 0,000480
комаров 0,000000 0,000000
комедиях 2,167317 0,000708
комнате 0,389166 0,000254
комнату 0,468347 0,000153
комнаты 0,443041 0,000289
кому 0,341243 0,000111
кончая 2,167317 0,000708
корова 2,167317 0,000708
костыли 2,167317 0,000708
которого 0,198834 0,000065
которой 0,213075 0,000209
которому 0,468347 0,000153
которые 0,189594 0,000062
который 0,110412 0,000144
крайнюю 1,866287 0,000610
краснея 1,389166 0,000454
крикнул 0,381987 0,000499
крикнула 0,824895 0,000269
кровати 1,213075 0,001189
кроватью 1,468347 0,000480
кроме 0,158717 0,000052
кротостью 1,866287 0,000610
кстати 0,468347 0,000153
куда 0,248239 0,000081
куды 1,565257 0,000511
куча 1,866287 0,000610
лавке 1,125925 0,000736
ладонями 1,264227 0,000413
ласковость 1,866287 0,000610
левого 1,690196 0,000552
левой 1,088136 0,000711
левом 1,866287 0,000610
левому 2,167317 0,000708
лежал 0,648803 0,000424
либо 0,000000 0,000000
литература 0,000000 0,000000
лихорадочном 1,690196 0,000552
лица 0,322219 0,000105
лице 0,403889 0,000132
лицо 0,114239 0,000075
лицом 0,000000 0,000000
лицу 0,587534 0,000192
лишь 0,185046 0,000181
ломоть 1,565257 0,000511
лучше 0,162996 0,000160
люби 1,213075 0,000396
любит 0,389166 0,000381
любовных 2,167317 0,000708
любопытства 0,912045 0,000298
любым 0,000000 0,000000
любят 0,752344 0,000492
людьми 0,623249 0,000204
мала 1,866287 0,000610
маленькая 0,866287 0,000283
маленький 0,662167 0,000216
маленьком 1,125925 0,000368
мальчик 0,495219 0,000971
мальчика 0,648803 0,000212
мальчиками 1,690196 0,000552
мальчике 1,565257 0,000511
мамаша 1,021189 0,000334
маменька 0,936868 0,001530
материи 1,866287 0,000610
мать 0,389166 0,000254
машинально 1,053374 0,000344
между 0,129891 0,000085
мелкие 1,565257 0,000511
мелькнула 1,088136 0,000355
меньше 0,787106 0,000257
меня 0,027438 0,000108
мертвых 1,389166 0,000454
месте 0,286504 0,000094
место 0,334808 0,000328
мещанки 1,866287 0,000610
мигом 0,504560 0,000165
миной 1,565257 0,000511
минутой 1,213075 0,000396
минуту 0,084532 0,000028
много 0,080958 0,000026
мной 0,237898 0,000078
могу 0,171682 0,000056
моей 0,280827 0,000092
моем 0,599116 0,000391
может 0,000000 0,000000
можете 0,504560 0,000165
можно 0,088136 0,000029
моим 0,675956 0,000221
молодая 0,936868 0,000612
молчавшая 1,565257 0,000511
момента 0,000000 0,000000
монастырь 0,720159 0,000235
монастыря 0,912045 0,000298
монах 0,991226 0,000324
мочалка 1,468347 0,000959
мочалки 2,167317 0,001416
мочалку 1,690196 0,000552
мужицкий 2,167317 0,001416
мужчины 1,322219 0,000432
музыка 1,264227 0,000413
мучить 0,888564 0,000290
мщения 1,264227 0,000413
мысли 0,316059 0,000103
мысль 0,264227 0,000173
наверное 1,468347 0,000480
наверх 0,888564 0,000290
наглость 1,565257 0,000511
наглупил 1,866287 0,000610
наглухо 1,866287 0,000610
надвинулся 2,167317 0,000708
наделанной 2,167317 0,000708
наденьте 2,167317 0,000708
надменно 1,468347 0,000959
надменный 1,866287 0,000610
надо 0,036984 0,000109
надобно 0,866287 0,000566
надрыв 1,468347 0,001439
надъеденный 2,167317 0,000708
назад 0,000000 0,000000
название 0,000000 0,000000
наименование 1,690196 0,000552
найти 0,000000 0,000000
наказание 1,322219 0,000432
наклонен 1,389166 0,000454
наконец 0,073896 0,000097
накрытый 1,866287 0,000610
налево 0,824895 0,000808
намеднись 2,167317 0,000708
нанковое 2,167317 0,000708
написано 0,000000 0,000000
направление 1,690196 0,000552
направо 0,787106 0,000514
напротив 0,180546 0,000118
нарочно 0,227798 0,000223
наскоро 0,888564 0,000290
настасья 0,805589 0,000263
насчет 0,354404 0,000116
натерпевшегося 2,167317 0,000708
наука 0,000000 0,000000
находился 0,963197 0,000315
начал 0,137934 0,000090
наша 0,787106 0,000257
небольшое 1,866287 0,000610
невозможной 1,565257 0,000511
невольно 0,704919 0,000461
невысокого 1,866287 0,000610
него 0,000000 0,000000
негодованием 0,787106 0,000257
негодовании 0,912045 0,000298
недалеко 0,912045 0,000298
недра 1,690196 0,000552
недрах 1,690196 0,000552
нежно 1,167317 0,000763
нездоров 1,213075 0,000396
некрасивым 2,167317 0,000708
неловко 1,125925 0,000368
нельзя 0,176091 0,000058
немного 0,426955 0,000139
немножко 1,021189 0,000334
нему 0,080958 0,000106
необыкновенная 1,322219 0,000432
необыкновенную 1,264227 0,000413
неожиданно 0,523865 0,000171
несвежий 2,167317 0,000708
несколько 0,102859 0,000034
несомненно 0,704919 0,000230
несчастий 1,690196 0,000552
нетерпеливо 0,936868 0,000306
неужели 0,389166 0,000127
нечистый 1,565257 0,001023
нибудь 0,030597 0,000030
никогда 0,088136 0,000029
николавна 1,866287 0,001829
николаевна 2,167317 0,002124
николай 0,845098 0,000552
никто 0,185046 0,000060
нина 0,963197 0,000315
ниточку 2,167317 0,000708
ничего 0,030597 0,000020
ничем 0,769377 0,000251
новых 0,963197 0,000315
ногами 0,912045 0,000298
ноги 0,477121 0,000312
ногой 1,125925 0,000368
ножкой 1,565257 0,000511
ножом 1,322219 0,000432
носит 1,322219 0,000432
ночует 1,690196 0,000552
обеим 1,690196 0,000552
обернулся 0,824895 0,000269
обидел 1,125925 0,000368
обидчика 1,213075 0,000396
обитый 2,167317 0,000708
облака 1,690196 0,001104
обличила 2,167317 0,000708
ободрился 1,468347 0,000480
обожает 1,690196 0,000552
обожают 1,690196 0,000552
обозвала 1,866287 0,000610
образами 1,565257 0,000511
образом 0,347773 0,000114
обращаясь 0,675956 0,000221
обстановке 1,468347 0,000480
обстоятельство 0,787106 0,000257
обтирать 1,866287 0,000610
обтираясь 2,167317 0,000708
общественное 0,000000 0,000000
объяснялся 1,866287 0,000610
одет 1,021189 0,000334
одетая 1,389166 0,000908
одеялами 2,167317 0,000708
одеяльцем 2,167317 0,000708
один 0,046743 0,000015
одинокая 2,167317 0,000708
одинокую 2,167317 0,000708
одна 0,185046 0,000181
однако 0,102859 0,000101
одно 0,099131 0,000130
одного 0,150284 0,000049
одной 0,243038 0,000079
одобрительно 1,866287 0,000610
ожидать 1,125925 0,000368
озерной 1,866287 0,001219
озерную 1,866287 0,000610
озлившись 1,866287 0,000610
оказалась 1,167317 0,000381
оказалось 0,486076 0,000159
окна 0,648803 0,001060
окну 0,963197 0,000315
окончательно 0,565257 0,000185
окошка 1,468347 0,000480
окошку 2,167317 0,000708
опрятно 2,167317 0,000708
опубликовано 0,000000 0,000000
опять 0,027438 0,000072
осматривала 1,690196 0,000552
особенно 0,129891 0,000085
оставляла 1,690196 0,000552
остановился 0,419129 0,000137
остатками 1,866287 0,001219
ответ 0,533849 0,000349
ответил 0,237898 0,000233
отвечает 1,021189 0,000667
отвечаю 1,213075 0,000793
отворил 0,824895 0,000269
отворить 1,264227 0,000826
отворю 1,468347 0,000480
отгороженное 1,866287 0,000610
отдернулась 2,167317 0,000708
отец 0,316059 0,000103
откровенности 1,322219 0,000432
отменно 1,565257 0,000511
отодвинут 2,167317 0,000708
отрезал 0,824895 0,000539
отрекомендоваться 1,866287 0,000610
отсохшими 2,167317 0,000708
отставной 1,088136 0,000355
оттого 0,675956 0,000221
оттяпаю 2,167317 0,000708
отходившем 2,167317 0,000708
отца 0,222835 0,000291
отцу 0,565257 0,000185
офицеров 2,167317 0,000708
оформление 0,000000 0,000000
очевидно 0,599116 0,000587
очень 0,024303 0,000040
очередь 0,805589 0,000526
очутился 0,912045 0,000298
палеи 2,167317 0,000708
палец 0,991226 0,001295
пальтишком 2,167317 0,000708
пальто 0,936868 0,000306
пальца 1,690196 0,000552
пальцев 1,468347 0,000480
пальцем 1,021189 0,000334
пальчике 1,866287 0,000610
панталоны 1,468347 0,000480
папа 1,021189 0,002002
пахнет 1,468347 0,000480
паясничать 2,167317 0,001416
паяцем 2,167317 0,000708
первого 0,411442 0,000269
первый 0,248239 0,000081
перебрасывался 2,167317 0,000708
переводила 2,167317 0,000708
переднего 2,167317 0,000708
переднем 1,866287 0,000610
перекинутою 2,167317 0,000708
перекосившийся 2,167317 0,000708
переулке 1,866287 0,000610
переулок 1,322219 0,000432
перешло 0,000000 0,000000
петровна 1,866287 0,002439
пехоты 2,167317 0,000708
печи 1,866287 0,000610
печь 1,690196 0,000552
платком 1,125925 0,000368
платье 0,704919 0,000230
плача 1,264227 0,000413
плоти 1,866287 0,001219
плохое 1,866287 0,000610
площади 1,021189 0,000334
побудило 1,565257 0,001023
повелительным 1,690196 0,000552
повернувшись 1,213075 0,000396
повернулась 1,565257 0,000511
повернулся 0,587534 0,000576
повиновении 2,167317 0,000708
поводу 0,720159 0,000235
повремените 1,468347 0,000480
повторенный 2,167317 0,000708
повторил 0,752344 0,000246
повторял 0,912045 0,000298
поглядели 2,167317 0,000708
подбежавший 1,866287 0,000610
подборка 0,000000 0,000000
подкрепило 2,167317 0,000708
подле 0,419129 0,000411
подлетел 2,167317 0,000708
поднял 0,504560 0,000165
подозревал 1,053374 0,000344
подозрительно 1,322219 0,000432
подошел 0,514105 0,000168
подсказал 1,088136 0,000355
подскочив 2,167317 0,000708
подскочил 1,125925 0,000368
подумал 0,334808 0,000109
подушек 2,167317 0,000708
подушечка 2,167317 0,000708
подчинявшегося 2,167317 0,000708
подшепнул 2,167317 0,000708
пожелаете 1,690196 0,000552
позволите 1,213075 0,000396
позвольте 0,523865 0,001198
пойдемте 0,888564 0,000581
пока 0,213075 0,000278
показалось 0,495219 0,000162
показывать 1,021189 0,000334
показывая 1,213075 0,000396
покончить 1,088136 0,000355
покрытых 2,167317 0,000708
полно 1,053374 0,000688
полного 1,264227 0,000413
полноте 0,866287 0,000566
половины 0,936868 0,000306
положительно 0,805589 0,000263
полуштоф 1,866287 0,000610
помет 2,167317 0,000708
помещалась 1,866287 0,000610
помещалось 1,690196 0,000552
понимать 0,690196 0,000225
понимаю 0,381987 0,000250
поняв 1,053374 0,000344
понял 0,396465 0,000259
понять 0,396465 0,000130
поперек 1,565257 0,000511
попрекайте 2,167317 0,000708
попросил 0,635838 0,000415
попросит 1,866287 0,000610
поразил 0,912045 0,000298
поразила 0,963197 0,000315
порог 1,389166 0,000454
порожний 1,866287 0,000610
пороками 2,167317 0,000708
поручение 1,213075 0,000396
поручении 1,866287 0,000610
порчу 2,167317 0,000708
посетителей 0,000000 0,000000
посетители 0,000000 0,000000
посетить 1,468347 0,000480
послышался 1,264227 0,000413
посмертно 0,000000 0,000000
посмотрели 1,565257 0,001023
посрамленный 2,167317 0,000708
посреди 1,322219 0,000432
посредине 1,690196 0,000552
поставил 0,845098 0,000276
постели 0,787106 0,000257
постель 0,936868 0,000306
постельке 1,866287 0,001219
посторонними 1,866287 0,000610
поступке 1,866287 0,000610
постучал 1,866287 0,000610
постучусь 2,167317 0,000708
посылал 1,264227 0,000413
потом 0,084532 0,000083
потребуете 1,866287 0,000610
похож 1,167317 0,000381
похожая 1,690196 0,000552
похожею 2,167317 0,000708
поцеловал 0,866287 0,000283
поцеловать 1,125925 0,000368
почему 0,099131 0,000065
почти 0,024303 0,000016
почтительно 1,053374 0,000344
правда 0,162996 0,000053
превосходительство 1,213075 0,000396
превосходнейшей 2,167317 0,000708
пред 0,033778 0,000011
предварительно 0,991226 0,000324
предо 0,769377 0,000251
представить 0,576253 0,000377
представляетесь 1,866287 0,000610
предчувствовал 0,845098 0,000276
прежде 0,077412 0,000101
прежнему 0,587534 0,000192
презрительною 1,866287 0,000610
прекрасные 1,690196 0,000552
прервал 0,735954 0,000240
привскочил 1,468347 0,000480
привстав 1,468347 0,000480
придет 0,514105 0,000336
приезжал 1,389166 0,000454
прижизненно 0,000000 0,000000
прийти 0,662167 0,000433
прилаженной 2,167317 0,000708
примечалась 2,167317 0,000708
примирить 1,866287 0,000610
принес 0,805589 0,000263
приобретается 1,866287 0,001219
приподнял 1,468347 0,000480
припомнил 0,888564 0,000581
приравниваю 2,167317 0,000708
природе 1,125925 0,000368
приставленном 2,167317 0,000708
приходило 1,213075 0,000396
приходит 0,824895 0,000269
причиною 1,690196 0,000552
пришел 0,322219 0,000316
пришла 0,648803 0,000212
пробормотал 0,334808 0,000219
проглотила 1,690196 0,000552
проговорил 0,154480 0,000101
проговорила 0,533849 0,000523
программирование 0,000000 0,000000
продолжала 0,720159 0,000235
продолжая 1,021189 0,000334
произведение 0,000000 0,000000
произведений 0,000000 0,000000
произведения 0,000000 0,000000
пройдут 1,565257 0,000511
прокричал 0,720159 0,000235
промелькнуло 1,125925 0,000368
пронзили 2,167317 0,001416
пронзительного 2,167317 0,000708
просит 0,866287 0,000283
прослезили 2,167317 0,000708
простите 0,648803 0,000636
простой 1,088136 0,000711
просторной 1,866287 0,000610
простою 1,866287 0,000610
простыней 1,866287 0,000610
простых 1,690196 0,002209
противен 1,565257 0,000511
протянута 1,866287 0,000610
протянутую 1,690196 0,000552
прошло 0,000000 0,000000
прощения 0,690196 0,000225
прямо 0,118099 0,000039
прятаться 1,468347 0,000480
прячется 1,468347 0,000480
публикации 0,000000 0,000000
пугливо 1,866287 0,000610
пустил 1,167317 0,000381
пьян 0,824895 0,000269
пяти 0,662167 0,000216
пятнах 1,866287 0,000610
пятого 1,690196 0,000552
раза 0,426955 0,000139
разбирать 1,565257 0,000511
развешено 2,167317 0,000708
развлекся 2,167317 0,000708
разгладьте 2,167317 0,000708
раздражительное 1,690196 0,000552
раздумывая 1,565257 0,000511
разное 1,866287 0,000610
разрешения 0,000000 0,000000
разрыдалась 1,866287 0,000610
разыскал 1,565257 0,000511
разыскать 1,565257 0,000511
раскаивается 1,690196 0,000552
раскаянием 1,213075 0,000396
распухли 2,167317 0,000708
рассказал 0,587534 0,000192
расставила 2,167317 0,000708
растрепанную 1,866287 0,000610
редко 0,690196 0,000225
редкою 1,866287 0,000610
речах 1,565257 0,000511
решил 0,514105 0,000336
робеющий 2,167317 0,000708
роде 0,504560 0,000495
родную 1,866287 0,001219
роста 0,936868 0,000306
руки 0,167317 0,000164
рукой 0,486076 0,000318
руку 0,222835 0,000218
русская 0,000000 0,000000
русской 1,088136 0,000355
ручку 0,888564 0,000581
ручьем 1,866287 0,000610
рыжеватый 1,690196 0,000552
рыженькими 2,167317 0,000708
рыженькою 2,167317 0,000708
садитесь 1,088136 0,000711
сайте 0,000000 0,000000
салфеткой 1,690196 0,000552
салфетку 1,866287 0,000610
сама 0,208276 0,000136
самого 0,118099 0,000077
самой 0,258832 0,000085
самом 0,114239 0,000075
самому 0,426955 0,000418
самый 0,198834 0,000130
самым 0,280827 0,000092
сбившиеся 2,167317 0,000708
сбоку 0,912045 0,000298
сверкнули 1,053374 0,000344
сверх 0,752344 0,000246
светло 1,167317 0,000381
светлость 1,866287 0,000610
светлые 1,389166 0,000454
свидетельствовали 2,167317 0,000708
свидеться 2,167317 0,000708
свободно 0,000000 0,000000
свободный 1,389166 0,000454
сводит 1,690196 0,000552
своего 0,091770 0,000030
своей 0,066947 0,000022
своем 0,198834 0,000130
своему 0,367977 0,000120
свои 0,146128 0,000095
своим 0,208276 0,000068
своими 0,495219 0,000324
свою 0,073896 0,000048
святую 1,468347 0,000480
сделает 0,963197 0,000315
сделал 0,381987 0,000374
себя 0,005949 0,000012
сегодня 0,000000 0,000000
сейчас 0,070407 0,000138
секунд 0,936868 0,000306
секунду 0,824895 0,000269
семейный 1,322219 0,000432
семидесяти 0,000000 0,000000
семья 1,690196 0,000552
сеней 1,565257 0,000511
сени 1,125925 0,000736
сердитым 1,866287 0,000610
серединному 2,167317 0,000708
серьезное 1,213075 0,000793
сечь 1,565257 0,000511
сжались 2,167317 0,000708
сидел 0,322219 0,000211
сидело 1,866287 0,000610
сидеть 0,662167 0,000216
сидит 0,565257 0,000185
сидящая 1,866287 0,000610
сижу 0,824895 0,000269
силой 0,675956 0,000442
силы 0,514105 0,000168
ситцевое 2,167317 0,000708
ситцевых 2,167317 0,000708
сказали 0,544068 0,000178
сказать 0,073896 0,000072
скамьи 1,690196 0,000552
скарбом 2,167317 0,000708
скверненького 2,167317 0,000708
скобу 2,167317 0,000708
сковорода 2,167317 0,000708
скорее 0,514105 0,000168
скоро 0,298086 0,000097
слабого 1,389166 0,000454
слабоумную 2,167317 0,000708
слабыми 1,690196 0,000552
слезы 0,554533 0,000543
слетевший 2,167317 0,000708
слишком 0,133894 0,000044
слов 0,367977 0,000120
словечко 1,053374 0,000344
словно 0,866287 0,000849
слово 0,232819 0,000152
словоерс 2,167317 0,000708
словоерсами 2,167317 0,002124
словоерсов 2,167317 0,000708
сложения 1,264227 0,000413
случае 0,248239 0,000162
слышали 0,611015 0,000200
слышался 1,866287 0,000610
слышу 0,991226 0,000324
смертным 1,866287 0,000610
смиренными 1,866287 0,000610
смотрел 0,298086 0,000097
смотря 0,322219 0,000211
смятые 1,866287 0,000610
снегирев 1,565257 0,001534
снизу 1,565257 0,000511
снова 0,565257 0,000369
собрание 0,000000 0,000000
совершенная 1,213075 0,000396
совершенно 0,180546 0,000059
современными 2,167317 0,000708
совсем 0,021189 0,000021
согласия 0,000000 0,000000
соединил 1,866287 0,000610
соединить 1,468347 0,000480
соединяют 2,167317 0,000708
создание 1,468347 0,000480
соображениями 1,866287 0,000610
соприкасались 2,167317 0,000708
сорвался 1,389166 0,000454
сорока 1,125925 0,000736
состоянии 0,459747 0,000150
сотрясается 1,690196 0,000552
сотый 1,468347 0,000480
сочинений 0,000000 0,000000
спешащее 2,167317 0,000708
спиной 1,213075 0,000396
спокойною 1,866287 0,000610
справа 1,866287 0,000610
справедливо 0,805589 0,000526
справедливого 1,866287 0,000610
спрашивают 1,088136 0,000355
спроси 1,389166 0,000454
спросил 0,222835 0,000073
спросить 0,495219 0,000162
спустя 0,533849 0,000174
спят 1,565257 0,000511
сравнение 1,565257 0,000511
срамите 2,167317 0,000708
срывающийся 2,167317 0,000708
срывающимся 1,866287 0,000610
стал 0,125925 0,000165
стало 0,091770 0,000090
станет 0,623249 0,000204
старая 0,936868 0,000306
стареньким 1,866287 0,000610
старец 0,787106 0,000257
старик 0,434924 0,000284
старухою 2,167317 0,000708
старушка 1,389166 0,000454
старце 1,264227 0,000413
стать 0,845098 0,000276
стекла 1,468347 0,000480
стен 1,690196 0,000552
стенам 1,264227 0,000413
стеной 1,565257 0,000511
стол 0,486076 0,000159
столе 0,824895 0,000269
столичный 1,167317 0,000381
столом 0,735954 0,000481
столь 0,434924 0,000142
столяр 2,167317 0,000708
стоявшая 2,167317 0,000708
стояла 0,623249 0,000611
стояли 0,690196 0,000225
странно 0,354404 0,000116
страшно 0,434924 0,000142
стремительно 0,936868 0,000612
стукнулся 1,690196 0,000552
стул 0,648803 0,000636
стула 0,735954 0,000481
стуле 0,805589 0,001053
стыд 0,912045 0,000596
стыдно 0,504560 0,000165
сударь 1,053374 0,000344
судорогой 1,866287 0,000610
судя 1,021189 0,000334
супруге 1,213075 0,000396
супруги 1,021189 0,000667
сухощавый 1,866287 0,000610
существо 0,690196 0,000225
сущности 0,752344 0,000246
схватив 1,053374 0,001032
схватил 0,533849 0,000174
сцене 1,213075 0,000396
съел 1,322219 0,000432
сыне 1,468347 0,000480
сюда 0,232819 0,000076
также 0,000000 0,000000
такие 0,232819 0,000076
таким 0,243038 0,000159
таких 0,243038 0,000159
таков 0,787106 0,000514
такой 0,077412 0,000101
таком 0,309985 0,000101
тебе 0,203530 0,000133
тебя 0,198834 0,000130
текст 0,000000 0,000000
темное 1,468347 0,000480
теперь 0,015029 0,000054
тихо 0,354404 0,000116
тишина 1,125925 0,000368
ткнула 2,167317 0,000708
тогда 0,050046 0,000049
того 0,005949 0,000017
тоже 0,043466 0,000085
толстая 1,389166 0,000454
только 0,002964 0,000010
томах 0,000000 0,000000
тому 0,095435 0,000094
тона 1,213075 0,000396
тоненькой 2,167317 0,000708
тоном 0,866287 0,000283
топает 2,167317 0,000708
топнула 1,468347 0,000480
тотчас 0,046743 0,000015
точно 0,121994 0,000120
трактире 0,866287 0,000283
третий 0,544068 0,000178
трех 0,374926 0,000122
трусость 2,167317 0,000708
тряпье 2,167317 0,000708
тусклы 1,866287 0,000610
уверен 0,635838 0,000208
увидел 0,648803 0,000212
увлекшись 1,690196 0,000552
угадали 1,389166 0,000454
угла 0,963197 0,000944
угловатое 2,167317 0,000708
углу 0,599116 0,000979
угодила 2,167317 0,000708
угодно 0,504560 0,000330
ударите 1,866287 0,000610
ударить 1,322219 0,000432
удовлетворения 1,389166 0,000908
удовлетворил 1,690196 0,000552
удовлетворю 1,690196 0,000552
уединенно 1,468347 0,000480
ужасно 0,167317 0,000164
узнать 0,374926 0,000122
уйду 0,936868 0,000306
указывая 0,963197 0,000629
укусивший 2,167317 0,000708
укусил 1,389166 0,001815
улице 0,635838 0,000415
улицу 0,735954 0,000721
улицы 1,125925 0,000368
улыбнулся 0,533849 0,000174
умершим 0,000000 0,000000
умею 0,912045 0,000298
умнее 1,053374 0,000344
умру 0,805589 0,000263
унижении 1,468347 0,000480
упал 0,675956 0,000221
упомянула 1,866287 0,000610
упор 0,963197 0,000629
усиленно 1,264227 0,000413
усиленные 1,866287 0,000610
услыхали 1,690196 0,000552
усмехнулся 0,443041 0,000145
устроенная 2,167317 0,000708
устроил 1,389166 0,000454
утоления 2,167317 0,000708
уходило 1,389166 0,000454
учить 1,088136 0,000355
федор 0,000000 0,000000
федорович 0,253503 0,000414
федоровичем 0,704919 0,000230
фомы 1,866287 0,000610
форточку 1,690196 0,000552
характер 0,635838 0,000208
хлеба 0,912045 0,000298
ходила 1,125925 0,000368
ходят 1,167317 0,000381
хозяева 1,468347 0,000959
хозяином 1,690196 0,000552
хозяйка 1,088136 0,000355
хорошо 0,189594 0,000062
хотел 0,158717 0,000104
хотела 0,648803 0,000212
хотелось 0,381987 0,000250
хотите 0,419129 0,000137
хоть 0,060107 0,000079
хотя 0,050046 0,000065
хочу 0,243038 0,000079
худа 1,866287 0,000610
хуже 0,635838 0,000208
целовать 0,845098 0,000276
целую 0,735954 0,000240
часа 0,000000 0,000000
часть 0,002964 0,000002
чего 0,040213 0,000013
человек 0,036984 0,000024
человека 0,154480 0,000252
чему 0,341243 0,000111
черная 1,389166 0,000454
черномазов 2,167317 0,001416
черточка 1,322219 0,000432
черты 0,963197 0,000315
четвертая 0,426955 0,000279
четыре 0,477121 0,000312
четырех 0,888564 0,000581
четырехугольный 2,167317 0,000708
число 0,000000 0,000000
чистом 1,264227 0,000413
чистую 1,213075 0,000396
чистый 1,213075 0,000396
читаем 0,000000 0,000000
читать 0,000000 0,000000
чрез 0,275223 0,000360
чрезвычайно 0,217927 0,000356
чрезвычайным 0,720159 0,000235
чтоб 0,073896 0,000048
чтобы 0,030597 0,000020
чувствах 1,167317 0,000381
чувствовать 1,125925 0,000368
чувствуя 1,167317 0,000381
чуть 0,176091 0,000058
чьего 0,000000 0,000000
шагнул 1,125925 0,000368
шапочку 2,167317 0,000708
шестеро 1,866287 0,000610
школьник 1,264227 0,000413
школьнике 2,167317 0,000708
шпага 2,167317 0,000708
штабс 1,021189 0,005004
щеки 1,125925 0,000368
этим 0,189594 0,000062
этих 0,213075 0,000139
этого 0,053374 0,000017
этой 0,118099 0,000077
этом 0,046743 0,000046
этот 0,011981 0,000020
этою 0,599116 0,000196
юмор 1,866287 0,000610
юродливый 2,167317 0,000708
яблочко 2,167317 0,000708
яичницу 1,866287 0,000610
яичницы 2,167317 0,000708
яростно 1,468347 0,000480
