автор 0,000000 0,000000
авторитетом 1,866287 0,000312
автором 0,000000 0,000000
авторского 0,000000 0,000000
авторы 0,000000 0,000000
аглае 0,866287 0,000434
аглаей 1,053374 0,000528
аглаи 0,991226 0,001987
аглаиной 2,167317 0,000362
аглаю 0,912045 0,000305
аглая 0,720159 0,004933
аделаида 0,845098 0,000424
аделаиды 1,021189 0,000171
александра 0,845098 0,000565
александре 1,468347 0,000245
александры 1,565257 0,000523
алексей 0,000000 0,000000
алексея 0,000000 0,000000
аллегория 1,866287 0,000312
ангел 0,912045 0,000152
анекдотам 2,167317 0,000362
анекдотов 1,389166 0,000232
аргумент 1,866287 0,000312
ардалионовича 0,963197 0,000161
ардалионовна 1,021189 0,000341
ардалионовны 1,264227 0,000211
бедная 1,125925 0,000188
бедного 0,845098 0,000141
бедный 0,824895 0,000276
беды 1,213075 0,000203
бежал 0,963197 0,000161
безжалостно 1,468347 0,000245
безмерно 1,322219 0,000221
белоконская 1,389166 0,000928
белоконскую 1,690196 0,000282
беседке 1,565257 0,000261
беспокойнее 2,167317 0,000362
беспокойтесь 0,805589 0,000135
беспрепятственно 1,690196 0,000282
беспрерывно 0,623249 0,000104
бессвязно 1,167317 0,000195
бессовестно 1,690196 0,000282
бесспорно 1,021189 0,000171
бестолковщины 2,167317 0,000362
бешенстве 1,468347 0,000245
библиотека 0,000000 0,000000
билась 1,866287 0,000312
благородное 1,213075 0,000203
благородства 1,167317 0,000195
благослови 1,213075 0,000203
блаженства 1,866287 0,000312
блаженствовать 2,167317 0,000362
блеснула 1,690196 0,000282
близкий 1,690196 0,000282
близком 1,690196 0,000282
блистали 1,468347 0,000245
богата 1,565257 0,000261
богу 0,434924 0,000145
бодростью 1,866287 0,000312
боже 0,459747 0,000077
более 0,000000 0,000000
болело 1,690196 0,000282
больной 0,611015 0,000306
больше 0,137934 0,000138
большем 1,690196 0,000282
большое 0,963197 0,000161
бормотал 0,720159 0,000241
боюсь 0,504560 0,000084
боялась 1,213075 0,000405
бранилась 2,167317 0,000362
бранился 1,690196 0,000282
брат 0,303994 0,000152
брата 0,389166 0,000065
братом 0,769377 0,000129
бреду 0,912045 0,000152
бросилась 0,648803 0,000108
будет 0,077412 0,000065
будто 0,099131 0,000033
будущем 1,021189 0,000171
будьте 0,735954 0,000246
была 0,046743 0,000047
были 0,099131 0,000166
было 0,000000 0,000000
быстро 0,232819 0,000039
быстрого 2,167317 0,000362
быть 0,002964 0,000012
бьюсь 1,167317 0,000195
важно 0,675956 0,000113
важное 0,845098 0,000141
вами 0,232819 0,000039
варвара 0,963197 0,000322
варвары 1,088136 0,000182
ваше 0,434924 0,000145
вашего 0,443041 0,000074
вашей 0,504560 0,000084
вашему 0,576253 0,000193
ваши 0,434924 0,000073
вашу 0,504560 0,000084
вглядевшись 1,690196 0,000282
вдруг 0,005949 0,000026
ведутся 1,866287 0,000312
ведь 0,043466 0,000073
веках 2,167317 0,000362
великодушием 2,167317 0,000362
величайшею 2,167317 0,000362
верил 0,752344 0,000126
верила 1,264227 0,000211
верите 0,735954 0,000369
верить 0,635838 0,000106
верною 1,690196 0,000282
верным 1,468347 0,000245
верх 1,088136 0,000364
верю 0,623249 0,000104
весел 0,963197 0,000161
весела 1,468347 0,000245
веселая 1,468347 0,000245
весело 0,648803 0,000108
весь 0,099131 0,000066
вечер 0,477121 0,000399
вечера 0,623249 0,000416
вечером 0,533849 0,000178
вещей 0,936868 0,000157
вещи 0,735954 0,000123
взбесилась 2,167317 0,000362
взглядах 1,866287 0,000312
взглядов 1,167317 0,000195
взглядом 0,504560 0,000084
взглянул 0,805589 0,000135
взглянула 1,167317 0,000195
взглянуть 0,912045 0,000305
вздором 1,565257 0,000261
вздрогнул 0,565257 0,000094
взял 0,269690 0,000045
взяла 0,824895 0,000138
взяли 1,021189 0,000171
взяло 1,468347 0,000245
взятки 1,866287 0,000312
вида 1,213075 0,000203
видал 0,623249 0,000208
видах 1,167317 0,000195
виде 0,434924 0,000073
видеть 0,381987 0,000128
видимо 0,328468 0,000110
видишь 0,599116 0,000100
видно 0,504560 0,000084
видное 1,690196 0,000282
видом 0,389166 0,000065
видя 0,690196 0,000115
вижу 0,286504 0,000144
визиты 0,000000 0,000000
висел 1,866287 0,000312
висит 1,565257 0,000261
влюблена 1,322219 0,000442
влюблены 1,565257 0,000261
вместе 0,208276 0,000070
вместо 0,411442 0,000137
вникнуть 1,690196 0,000282
внутри 1,053374 0,000176
внушительно 0,963197 0,000161
вовсе 0,150284 0,000050
воды 0,912045 0,000152
возбуждена 1,468347 0,000245
возвращении 1,322219 0,000221
возможно 0,735954 0,000123
вознаграждения 0,000000 0,000000
возражать 1,322219 0,000221
возражения 1,690196 0,001129
возразил 1,322219 0,000221
возрастали 1,866287 0,000312
войти 0,675956 0,000113
волнуясь 2,167317 0,000362
воловья 2,167317 0,000362
вольнодумка 2,167317 0,000362
воля 1,264227 0,000211
воображал 1,565257 0,000261
воображали 2,167317 0,000362
вообразите 1,264227 0,000211
вообразить 0,963197 0,000322
вопрос 0,222835 0,000149
вопроса 0,704919 0,000118
вопросительно 1,167317 0,000390
вопросы 0,599116 0,000200
воровала 2,167317 0,000362
ворон 1,866287 0,000312
воротившись 2,167317 0,000362
воротилась 1,053374 0,000352
воротился 0,599116 0,000100
восемнадцатом 1,866287 0,000312
воскликнул 0,309985 0,000052
воскрес 1,468347 0,000245
воскресать 2,167317 0,000362
воспоминаний 1,389166 0,000232
восторгом 1,053374 0,000176
вошел 0,403889 0,000135
вошла 0,912045 0,000152
вперед 0,426955 0,000071
впрочем 0,118099 0,000296
времени 0,269690 0,000180
время 0,043466 0,000058
всегда 0,129891 0,000043
всегдашней 1,690196 0,000282
всего 0,040213 0,000054
всей 0,248239 0,000041
всем 0,070407 0,000059
всеми 0,434924 0,000145
всех 0,060107 0,000110
вскидывал 2,167317 0,000362
вскинул 1,021189 0,000171
вскипела 1,866287 0,000624
вскочила 0,888564 0,000148
вскричал 0,292256 0,000049
вскричала 0,866287 0,000145
вслед 0,523865 0,000175
вслух 0,533849 0,000089
вслушивалась 1,866287 0,000312
всматриваюсь 1,866287 0,000312
вспылила 1,866287 0,000312
вспыхнул 1,213075 0,000405
встретившемуся 1,866287 0,000312
встречного 2,167317 0,000362
всяких 0,991226 0,000497
всяком 0,544068 0,000273
второе 1,125925 0,000188
второпях 2,167317 0,000362
вчера 0,341243 0,000057
выбежала 1,213075 0,000203
выбор 1,690196 0,000282
выбранила 2,167317 0,000362
выговорила 1,565257 0,000261
выговорить 0,963197 0,000483
выгодно 1,468347 0,000245
выдержал 0,888564 0,000148
выдержала 1,167317 0,000390
выдумал 0,888564 0,000148
вызовом 1,053374 0,000176
выйдет 0,587534 0,000196
выйдите 2,167317 0,000362
выйду 0,936868 0,000157
выпейте 1,690196 0,000282
выплаты 0,000000 0,000000
выражались 1,866287 0,000312
выразил 1,167317 0,000390
выразилась 1,125925 0,000188
вырвались 1,565257 0,000261
вырвалось 0,704919 0,000118
выроните 2,167317 0,000362
выроню 2,167317 0,000362
высказалась 1,389166 0,000232
высказаться 1,167317 0,000195
выслушав 0,805589 0,000135
выслушала 1,213075 0,000203
выслушать 1,088136 0,000182
высшей 0,544068 0,000091
вытерла 2,167317 0,000362
вытерпела 1,565257 0,000261
выходила 1,389166 0,000696
выходило 0,991226 0,000331
выходит 0,752344 0,000126
выходка 1,468347 0,000245
выходки 1,167317 0,000195
вышел 0,275223 0,000046
вышла 0,495219 0,000414
вышло 0,523865 0,000438
гаврилы 1,167317 0,000195
газету 1,565257 0,000261
газеты 1,690196 0,000282
галиматью 1,690196 0,000282
ганечка 1,322219 0,000221
ганечку 1,690196 0,000282
генерал 0,554533 0,000741
гимназистом 2,167317 0,000362
главное 0,189594 0,000158
главный 0,963197 0,000161
глаз 0,554533 0,000185
глаза 0,129891 0,000087
глазах 0,459747 0,000230
глаша 2,167317 0,000362
глебов 2,167317 0,000362
глебова 2,167317 0,001086
глебовым 2,167317 0,000362
глубочайшего 1,565257 0,000261
глупая 1,264227 0,000211
глупую 1,468347 0,000245
глупые 1,213075 0,000203
глядеть 0,720159 0,000241
глядит 0,866287 0,000145
глядя 0,611015 0,000102
гневом 1,264227 0,000211
говорившее 2,167317 0,000362
говорил 0,095435 0,000016
говорила 0,587534 0,000294
говорили 0,374926 0,000063
говорит 0,189594 0,000032
говорите 0,533849 0,000357
говорить 0,162996 0,000109
говорю 0,203530 0,000136
говоря 0,434924 0,000073
говорят 0,309985 0,000052
году 1,088136 0,000182
голову 0,227798 0,000076
голос 0,533849 0,000089
голосом 0,396465 0,000066
голубчик 0,587534 0,000098
горевала 1,866287 0,000312
город 0,523865 0,000088
горячо 0,544068 0,000091
господи 0,451314 0,000075
гостиную 0,963197 0,000322
готовностью 1,322219 0,000221
границ 1,389166 0,000696
грозно 0,888564 0,000148
грозным 1,866287 0,000312
громко 0,504560 0,000337
грубость 1,565257 0,000261
груди 0,675956 0,000226
грустно 0,735954 0,000123
грустны 2,167317 0,000362
губы 0,599116 0,000100
гулять 1,088136 0,000182
давно 0,158717 0,000159
дадут 1,021189 0,000171
дает 0,845098 0,000141
даже 0,005949 0,000032
далее 0,648803 0,000108
дальше 0,002964 0,000001
данные 0,000000 0,000000
дверей 1,053374 0,000352
дверью 1,167317 0,000195
движение 1,264227 0,000211
двух 0,264227 0,000044
девочка 1,021189 0,000171
девушку 1,053374 0,000176
действительно 0,106619 0,000089
дела 0,309985 0,000207
делаешь 1,468347 0,000245
делать 0,426955 0,000143
деле 0,162996 0,000027
деликатно 1,389166 0,000464
дело 0,063514 0,000053
деловому 2,167317 0,000362
демократ 1,565257 0,000261
денег 0,309985 0,000052
день 0,162996 0,000082
деньгах 0,866287 0,000145
деньги 0,280827 0,000047
держать 0,963197 0,000161
дерзостей 2,167317 0,000362
деспотка 1,866287 0,000312
десяти 0,704919 0,000236
десятого 1,468347 0,000245
дети 0,662167 0,000332
детски 1,565257 0,000261
детства 0,912045 0,000152
дипломатом 2,167317 0,000362
дитя 0,912045 0,000305
добились 2,167317 0,000362
добродетельнее 2,167317 0,000362
доброе 1,088136 0,000182
довели 1,389166 0,000232
доволен 0,735954 0,000123
довольная 1,866287 0,000312
довольно 0,129891 0,000043
довольства 1,690196 0,000282
догадались 1,468347 0,000245
доживу 1,866287 0,000312
доказал 1,264227 0,000211
долго 0,222835 0,000149
должно 0,286504 0,000048
долой 1,213075 0,000203
домашнего 1,690196 0,000282
домашнем 1,565257 0,000261
домой 0,459747 0,000077
допекает 2,167317 0,000362
допрашивавшими 2,167317 0,000362
допросами 2,167317 0,000362
допросе 1,565257 0,000261
допросы 1,866287 0,000312
дорогой 0,565257 0,000094
дорогу 0,599116 0,000200
доставит 1,565257 0,000261
досталось 1,322219 0,000221
достоверно 1,690196 0,000282
достоевский 0,000000 0,000000
достоин 1,389166 0,000232
достояние 0,000000 0,000000
дочерей 1,021189 0,000171
дочери 0,787106 0,000131
дочка 1,389166 0,000232
дочку 1,389166 0,000232
дошел 0,787106 0,000131
дошла 1,389166 0,000232
дрожало 1,565257 0,000261
друг 0,269690 0,000180
друга 0,419129 0,000070
другая 0,648803 0,000108
другие 0,389166 0,000065
другим 0,533849 0,000089
других 0,459747 0,000077
другое 0,309985 0,000052
другой 0,146128 0,000098
другом 0,477121 0,000080
другому 0,845098 0,000141
дружбе 1,213075 0,000203
дружество 1,866287 0,000312
дружке 2,167317 0,000362
дрянная 1,866287 0,000312
думает 0,824895 0,000138
думаете 0,504560 0,000253
думаешь 0,752344 0,000126
думал 0,258832 0,000086
думаю 0,328468 0,000110
дурак 0,769377 0,000129
дураках 1,690196 0,000282
дураки 1,167317 0,000390
дурах 1,866287 0,000312
дурачок 1,565257 0,000261
дурную 1,690196 0,000282
дымом 2,167317 0,000362
дышать 1,866287 0,000312
дяде 1,322219 0,000221
евгении 1,565257 0,000261
евгения 0,963197 0,000322
единственно 0,477121 0,000080
ежом 2,167317 0,000362
епанчину 1,468347 0,000245
епанчиными 1,167317 0,000195
епанчиных 0,936868 0,000470
если 0,011981 0,000038
есть 0,018098 0,000039
жалки 2,167317 0,000362
жалко 0,912045 0,000305
жаловался 1,322219 0,000221
жаловаться 1,053374 0,000176
жаль 0,635838 0,000319
ждал 0,495219 0,000165
ждать 0,554533 0,000093
ждет 0,787106 0,000131
желал 0,611015 0,000102
желаю 0,735954 0,000123
желая 0,662167 0,000111
железную 1,468347 0,000245
женский 1,053374 0,000176
женским 1,866287 0,000312
женском 1,690196 0,000282
женщина 0,396465 0,000066
женщину 0,805589 0,000135
жестокая 1,866287 0,000935
жестоким 2,167317 0,000362
жизнь 0,162996 0,000054
жить 0,451314 0,000151
забвение 2,167317 0,000362
забежали 1,866287 0,000312
забеспокоился 1,565257 0,000261
заботиться 1,690196 0,000282
забылась 2,167317 0,000362
загадки 1,213075 0,000203
загадочное 1,690196 0,000282
заговорил 0,599116 0,000200
задавая 1,866287 0,000312
задались 2,167317 0,000362
задать 1,389166 0,000232
задохся 1,322219 0,000221
задыхаетесь 2,167317 0,000362
заклад 0,845098 0,000141
заключается 0,963197 0,000322
заключил 0,523865 0,000088
заключить 0,824895 0,000138
закрасневшись 1,866287 0,000312
закричал 0,599116 0,000100
закричала 1,021189 0,000171
залилась 1,264227 0,000211
замахала 1,690196 0,000282
заметил 0,154480 0,000026
заметила 0,787106 0,000526
заметили 0,611015 0,000102
заметим 1,167317 0,000195
заметить 0,635838 0,000106
заметно 1,264227 0,000211
замечал 1,021189 0,000171
замечать 1,322219 0,000221
замечаю 1,088136 0,000182
замечено 1,866287 0,000312
замещать 2,167317 0,000362
замирая 1,167317 0,000390
заняла 1,866287 0,000312
заплакала 1,322219 0,000221
заплаканное 2,167317 0,000362
заплаканы 2,167317 0,000362
запросто 1,125925 0,000188
зараз 1,866287 0,000312
засматривая 1,866287 0,000312
засмеялась 0,866287 0,000145
засмеялся 0,495219 0,000083
застал 0,866287 0,000145
застать 1,389166 0,000232
затаенных 2,167317 0,000362
затем 0,237898 0,000119
зато 0,468347 0,000078
заторопились 2,167317 0,000362
заходя 1,264227 0,000211
зачем 0,146128 0,000049
звали 1,125925 0,000188
здесь 0,095435 0,000016
знает 0,171682 0,000229
знаете 0,286504 0,000239
знайте 0,866287 0,000145
знак 1,167317 0,000585
знакомство 1,322219 0,000221
знала 0,635838 0,000212
знать 0,328468 0,000110
значение 1,125925 0,000376
значения 1,565257 0,000261
значит 0,243038 0,000041
значу 2,167317 0,000362
знаю 0,095435 0,000032
зрения 1,468347 0,000491
иван 0,303994 0,000508
ивановна 0,486076 0,000812
ивановне 0,720159 0,000120
ивановну 0,805589 0,000135
ивановны 0,554533 0,000093
ивану 0,623249 0,000104
играл 1,088136 0,000182
играть 0,936868 0,000313
идее 1,468347 0,000245
идет 0,514105 0,000086
идея 0,824895 0,000138
идеях 2,167317 0,000362
идиот 0,443041 0,000370
идол 2,167317 0,000362
идти 0,434924 0,000073
избалованная 1,690196 0,000282
избалованную 2,167317 0,000362
известие 0,662167 0,000111
известий 1,264227 0,000422
известиями 1,565257 0,000261
извинения 1,389166 0,000232
извините 0,735954 0,000246
изгнанный 2,167317 0,000362
излагая 1,690196 0,000282
изложено 1,690196 0,000282
изложил 1,167317 0,000195
изложить 1,468347 0,000245
имеет 0,623249 0,000208
имела 0,936868 0,000157
имени 0,912045 0,000305
именно 0,066947 0,000056
иметь 0,587534 0,000393
имею 0,565257 0,000094
имеют 1,389166 0,000232
иначе 0,367977 0,000184
иногда 0,208276 0,000209
инстинктом 1,468347 0,000245
ипполит 0,675956 0,001016
ипполиту 1,053374 0,000176
искренна 1,565257 0,000261
искренно 0,523865 0,000088
искренности 1,125925 0,000188
искуплены 1,866287 0,000312
исповедь 1,021189 0,000171
исповедью 1,690196 0,000282
использоваться 0,000000 0,000000
испортил 1,690196 0,000282
испугалась 1,213075 0,000203
испугался 0,704919 0,000236
испуганно 1,021189 0,000341
истерика 1,213075 0,000203
истерическим 1,690196 0,000282
истерической 2,167317 0,000362
истину 1,125925 0,000188
истории 0,752344 0,000126
историю 0,845098 0,000282
источник 0,000000 0,000000
исчезал 1,866287 0,000312
каждые 1,322219 0,000221
каждый 0,367977 0,000061
каждым 0,769377 0,000257
кажется 0,118099 0,000237
казалась 1,389166 0,000232
казалось 0,316059 0,000106
казался 0,963197 0,000161
какие 0,232819 0,000039
каким 0,194189 0,000065
каких 0,468347 0,000078
каков 0,888564 0,000148
какова 1,167317 0,000390
каково 0,991226 0,000331
какого 0,347773 0,000174
какое 0,227798 0,000152
какой 0,095435 0,000096
каком 0,381987 0,000064
какому 0,805589 0,000269
какую 0,419129 0,000070
каменный 1,690196 0,000565
камер 1,690196 0,000565
капитальное 1,565257 0,000261
картина 0,991226 0,000166
карты 1,264227 0,000422
касается 0,769377 0,000257
клевета 1,322219 0,000221
клялся 1,389166 0,000232
клянусь 0,635838 0,000319
книги 0,000000 0,000000
книгу 0,936868 0,000157
князе 1,167317 0,000390
князем 0,704919 0,000353
князишка 1,866287 0,000312
князь 0,477121 0,004703
князю 0,504560 0,001011
князя 0,468347 0,000704
когда 0,015029 0,000018
кого 0,222835 0,000074
коле 1,021189 0,000341
коли 0,269690 0,000090
колкостей 1,866287 0,000312
колю 0,805589 0,000404
коля 0,565257 0,001228
комаров 0,000000 0,000000
комедия 1,468347 0,000245
комнате 0,389166 0,000195
комнаты 0,443041 0,000074
кому 0,341243 0,000057
конец 0,495219 0,000165
конечно 0,060107 0,000060
концом 1,468347 0,000245
кончилось 0,845098 0,000141
копеек 1,125925 0,000188
корзинкой 2,167317 0,000362
корзинку 1,866287 0,000312
костей 1,866287 0,000312
костю 1,866287 0,000312
костя 1,690196 0,000282
которая 0,361137 0,000181
которого 0,198834 0,000033
котором 0,347773 0,000058
которому 0,468347 0,000078
которою 0,805589 0,000135
которую 0,292256 0,000098
который 0,110412 0,000092
которым 0,389166 0,000065
краешка 2,167317 0,000362
крайней 0,298086 0,000050
краснея 1,389166 0,000464
красноречивые 1,866287 0,000312
крепко 0,443041 0,000074
крестною 2,167317 0,000362
кровью 0,845098 0,000141
кроме 0,158717 0,000080
круглого 1,866287 0,000312
кстати 0,468347 0,000235
куда 0,248239 0,000041
купили 1,690196 0,000847
ладоши 1,866287 0,000312
ласкова 1,565257 0,000261
лгите 1,468347 0,000245
лебедев 0,735954 0,000123
лебедева 0,752344 0,000251
лебедевым 1,213075 0,000203
легче 0,787106 0,000263
лезете 2,167317 0,000362
лепеча 1,866287 0,000312
либо 0,000000 0,000000
лизавета 0,662167 0,002544
лизавете 0,963197 0,000322
лизавету 0,866287 0,000289
лизаветы 1,053374 0,001056
литература 0,000000 0,000000
лихорадочные 1,690196 0,000282
лица 0,322219 0,000054
лицо 0,114239 0,000038
лицом 0,000000 0,000000
личико 1,264227 0,000211
лично 0,720159 0,000120
лишнее 1,264227 0,000211
ловит 1,565257 0,000784
лучше 0,162996 0,000245
льва 1,125925 0,000188
любезный 1,866287 0,000312
любил 0,374926 0,000063
любимого 1,389166 0,000232
любит 0,389166 0,000195
любишь 0,888564 0,000297
люблю 0,347773 0,000407
любовниц 2,167317 0,000362
любовницу 1,565257 0,000261
любым 0,000000 0,000000
людей 0,298086 0,000050
люди 0,269690 0,000225
людям 0,720159 0,000120
малейших 1,389166 0,000696
маленького 0,963197 0,000161
мало 0,208276 0,000104
мальчика 0,648803 0,000108
мальчикам 1,866287 0,000312
мальчику 1,125925 0,000376
мальчишка 0,963197 0,000161
мамаша 1,021189 0,000341
мамаше 1,389166 0,000232
мамаши 1,322219 0,000663
мамашиной 2,167317 0,000362
мастерски 2,167317 0,000362
матери 0,451314 0,000226
матерью 0,787106 0,000131
мать 0,389166 0,000065
махает 1,866287 0,000312
мгновение 0,396465 0,000066
между 0,129891 0,000043
мелочны 2,167317 0,000362
мелькнула 1,088136 0,000182
меня 0,027438 0,000073
мере 0,269690 0,000045
мерещилось 1,167317 0,000195
мертвых 1,389166 0,000464
места 0,389166 0,000065
место 0,334808 0,000056
мечты 1,264227 0,000211
мешает 1,565257 0,000261
мигнул 1,565257 0,000261
милый 0,477121 0,000239
милым 1,167317 0,000195
мимо 0,514105 0,000086
миной 1,565257 0,000261
минут 0,486076 0,000162
минута 0,888564 0,000148
минуте 1,468347 0,000245
минуту 0,084532 0,000014
мнение 0,690196 0,000346
мнений 1,322219 0,000221
мнению 0,845098 0,000424
много 0,080958 0,000135
многого 0,991226 0,000166
многое 0,662167 0,000111
мной 0,237898 0,000119
могла 0,286504 0,000239
могли 0,374926 0,000125
могло 0,403889 0,000202
могу 0,171682 0,000143
могут 0,495219 0,000083
моего 0,367977 0,000061
моей 0,280827 0,000141
моему 0,354404 0,000118
может 0,000000 0,000000
можете 0,504560 0,000084
можно 0,088136 0,000074
молодого 0,752344 0,000377
молодой 0,381987 0,000064
молча 0,367977 0,000061
молчал 0,565257 0,000094
молчали 1,088136 0,000182
молчалив 1,213075 0,000203
молчания 1,088136 0,000182
молчать 1,088136 0,000545
момента 0,000000 0,000000
мороз 1,213075 0,000203
мрак 1,021189 0,000171
мрачное 1,167317 0,000195
мрачном 2,167317 0,000362
мстительным 2,167317 0,000362
мудреные 2,167317 0,000362
мужа 0,991226 0,000166
мужем 1,468347 0,000245
мужество 2,167317 0,000362
мужик 0,888564 0,000148
мужика 1,322219 0,000221
мужья 1,468347 0,000245
мухи 1,866287 0,000624
мыслей 0,735954 0,000123
мысли 0,316059 0,000053
мыслию 1,468347 0,000245
мысль 0,264227 0,000265
мышкина 1,690196 0,000282
наблюдений 2,167317 0,000362
набожно 1,389166 0,000232
навсегда 0,735954 0,000123
наговорила 1,866287 0,000312
надежды 0,912045 0,000152
надо 0,036984 0,000068
надобно 0,866287 0,000145
наедине 0,936868 0,000157
назад 0,000000 0,000000
назвала 1,468347 0,000245
название 0,000000 0,000000
наивность 1,468347 0,000245
найти 0,000000 0,000000
накануне 0,662167 0,000111
наконец 0,073896 0,000148
накопившиеся 2,167317 0,000362
накрыла 2,167317 0,000362
намеки 1,690196 0,000282
намекнуть 2,167317 0,000724
намерена 1,125925 0,000188
намерений 1,690196 0,000282
намерения 1,053374 0,000176
намеренно 1,565257 0,000523
намерены 1,021189 0,000171
нами 0,648803 0,000108
нанесен 2,167317 0,000362
наоборот 1,690196 0,000282
написано 0,000000 0,000000
напротив 0,180546 0,000030
нарочно 0,227798 0,000076
наскоро 0,888564 0,000297
насмешек 1,565257 0,000261
насмешку 1,213075 0,000203
насмешливо 0,787106 0,000131
настаивала 1,468347 0,000491
настало 2,167317 0,000362
настасьи 0,845098 0,000141
настасья 0,805589 0,000135
настойчивее 1,690196 0,000282
настоящем 0,991226 0,000166
настроение 1,468347 0,000981
насчет 0,354404 0,000296
наука 0,000000 0,000000
нахмурились 1,866287 0,000312
нахмурился 0,991226 0,000166
находящегося 2,167317 0,000362
начал 0,137934 0,000023
начала 0,381987 0,000128
начать 0,720159 0,000120
наше 0,662167 0,000221
нашего 0,396465 0,000066
наши 0,544068 0,000091
нашли 0,805589 0,000135
небо 1,021189 0,000171
небольшой 1,053374 0,000176
небрежно 1,468347 0,000245
невинная 1,468347 0,000245
невозможно 0,411442 0,000137
него 0,000000 0,000000
негодования 0,845098 0,000141
недавно 0,576253 0,000096
недобрых 1,866287 0,000312
недолго 1,053374 0,000176
недосказанные 2,167317 0,000362
недостоин 1,213075 0,000405
недоумение 1,167317 0,000195
недоумений 1,866287 0,000312
недоумения 1,322219 0,000221
незначительный 2,167317 0,000362
некоторого 0,752344 0,000251
некоторое 0,486076 0,000081
нелепая 1,690196 0,000282
нелепости 1,322219 0,000663
нелепость 1,088136 0,000364
нельзя 0,176091 0,000118
немедленно 0,554533 0,000556
немного 0,426955 0,000214
нему 0,080958 0,000054
необразованны 2,167317 0,000362
необходимо 0,963197 0,000161
неожиданных 1,565257 0,000261
непозволительный 2,167317 0,000362
непременно 0,133894 0,000067
непростительным 2,167317 0,000362
нервнее 2,167317 0,000362
несет 1,565257 0,000261
несколько 0,102859 0,000155
несмотря 0,275223 0,000092
несомненно 0,704919 0,000118
несут 1,565257 0,000261
несчастным 1,565257 0,000261
нетерпеливое 1,565257 0,000261
нетерпеливые 2,167317 0,000362
нету 1,565257 0,000261
неудержимого 2,167317 0,000362
неуменье 2,167317 0,000362
неуспех 2,167317 0,000362
нечто 0,389166 0,000130
неясность 1,866287 0,000312
нибудь 0,030597 0,000077
никак 0,396465 0,000265
никаких 0,565257 0,000094
никакой 0,635838 0,000106
никогда 0,088136 0,000044
никого 0,411442 0,000069
николаевич 0,805589 0,000135
николаевича 1,389166 0,000232
николаич 1,468347 0,000491
никто 0,185046 0,000062
никуда 0,936868 0,000157
нисколько 0,662167 0,000332
ничего 0,030597 0,000072
ничем 0,769377 0,000257
ничьих 2,167317 0,000362
новый 0,648803 0,000108
новыми 1,213075 0,000203
нога 1,213075 0,000203
ночам 1,125925 0,000188
нуждаясь 1,389166 0,000232
нужно 0,514105 0,000086
нутру 2,167317 0,000362
обдумай 2,167317 0,000362
обид 1,866287 0,000312
обидела 1,690196 0,000565
обливавших 2,167317 0,000362
обливалось 2,167317 0,000362
обняла 1,690196 0,000282
ободренным 2,167317 0,000362
ободрился 1,468347 0,000245
обоим 1,125925 0,000376
обрадовался 0,888564 0,000148
обратился 0,443041 0,000074
обратить 1,389166 0,000232
обращала 2,167317 0,000362
общее 1,264227 0,000211
общем 1,264227 0,000211
общественное 0,000000 0,000000
объявила 0,963197 0,000161
объясни 2,167317 0,000724
объяснил 0,752344 0,000126
объясните 1,866287 0,000312
объяснить 0,623249 0,000104
объясниться 1,125925 0,000188
объятиях 1,565257 0,000261
обязательных 2,167317 0,000362
огорчившись 2,167317 0,000362
один 0,046743 0,000031
одна 0,185046 0,000124
однажды 0,635838 0,000106
однако 0,102859 0,000103
одни 0,459747 0,000077
одним 0,286504 0,000191
одних 0,888564 0,000297
одно 0,099131 0,000017
одного 0,150284 0,000025
одной 0,243038 0,000081
односоставным 2,167317 0,000362
одною 0,787106 0,000131
одну 0,232819 0,000117
оживился 1,690196 0,000282
оживляясь 1,322219 0,000221
ожидал 0,675956 0,000113
ожидала 1,053374 0,000176
ожидали 1,021189 0,000171
озабоченною 1,866287 0,000312
означает 1,389166 0,000928
означал 1,565257 0,000261
оказалось 0,486076 0,000081
оказался 0,824895 0,000138
опасалась 2,167317 0,000362
опубликовано 0,000000 0,000000
опять 0,027438 0,000073
ординарны 2,167317 0,000362
оружие 1,167317 0,000195
осекся 1,468347 0,000245
осечка 1,866287 0,000312
оскорбление 1,565257 0,000261
осмелилась 2,167317 0,000362
осмелитесь 2,167317 0,000362
осмеянный 1,866287 0,000312
основание 1,389166 0,000464
особенно 0,129891 0,000043
особенного 0,888564 0,000148
особенною 1,264227 0,000211
особенным 0,912045 0,000152
оставайтесь 1,866287 0,000312
оставаться 0,769377 0,000129
оставим 1,322219 0,000442
оставить 0,690196 0,000115
оставлял 1,468347 0,000245
оставьте 1,088136 0,000182
остается 0,787106 0,000131
остались 0,735954 0,000123
остался 0,523865 0,000175
остановив 2,167317 0,000362
остановился 0,419129 0,000070
остермана 2,167317 0,000362
остерманом 2,167317 0,002534
остолбенел 1,125925 0,000188
осторожна 2,167317 0,000362
остров 1,565257 0,000523
осуждена 2,167317 0,000362
отвернула 1,866287 0,000312
ответ 0,533849 0,000089
ответил 0,237898 0,000199
ответила 0,824895 0,000276
ответить 0,735954 0,000246
ответом 1,389166 0,000232
отвечал 0,648803 0,000217
отвечала 1,322219 0,000221
отвечали 1,213075 0,000203
отвечать 0,824895 0,000276
отдала 1,565257 0,000261
отдохните 1,866287 0,000312
отец 0,316059 0,000264
отказать 1,167317 0,000390
отказываетесь 2,167317 0,000362
отказываюсь 1,322219 0,000442
откладывает 2,167317 0,000362
отклонить 1,866287 0,000312
откровенно 0,824895 0,000138
открыл 0,963197 0,000161
открыто 1,213075 0,000203
отнес 1,690196 0,000282
отнимала 2,167317 0,000362
относить 1,866287 0,000312
отозвалась 1,468347 0,000245
отпоры 2,167317 0,000362
отправилась 1,322219 0,000221
отрезала 1,021189 0,000171
отрекомендованного 2,167317 0,000362
отрываясь 1,167317 0,000195
отсутствия 1,690196 0,000282
оттуда 0,888564 0,000148
оттянуть 2,167317 0,000362
отчасти 0,611015 0,000102
отчаянии 0,912045 0,000152
отчаянные 1,866287 0,000312
отчеканила 1,468347 0,000245
отшатнулся 1,866287 0,000312
отъезжавшую 2,167317 0,000362
оформление 0,000000 0,000000
очень 0,024303 0,000101
очередь 0,805589 0,000135
очутиться 1,468347 0,000245
ошеломило 2,167317 0,000362
ошибался 2,167317 0,000362
ощупью 1,690196 0,000282
павловича 0,451314 0,000151
павловиче 1,690196 0,000282
павловск 1,088136 0,000182
пальцем 1,021189 0,000171
папа 1,021189 0,000341
папаша 1,088136 0,000182
папаше 2,167317 0,000362
папаши 1,389166 0,000232
папашу 1,565257 0,000523
парень 1,167317 0,000195
парке 1,322219 0,000221
первое 0,565257 0,000094
первом 0,805589 0,000269
первый 0,248239 0,000083
первых 0,367977 0,000123
перебил 0,635838 0,000106
переворот 1,322219 0,000221
переглянулись 1,213075 0,000203
перекрестилась 1,468347 0,000245
перемениться 2,167317 0,000362
перемерли 1,866287 0,000312
переселиться 1,565257 0,000261
переспрашивал 1,866287 0,000312
перестал 0,675956 0,000113
перестаньте 1,389166 0,000232
перешло 0,000000 0,000000
петербург 0,662167 0,000111
петербурге 0,690196 0,000231
петре 1,866287 0,000312
петровским 2,167317 0,000362
петрову 2,167317 0,000362
печально 1,690196 0,000282
питаете 2,167317 0,000362
племя 1,866287 0,000312
плетеную 1,866287 0,000312
плеч 1,389166 0,000232
плечами 0,787106 0,000263
плутовала 2,167317 0,000362
победила 1,866287 0,000312
побежал 0,623249 0,000104
побежала 1,053374 0,000352
побежали 1,213075 0,000203
побледнел 0,704919 0,000118
побольше 1,322219 0,000221
поверите 1,264227 0,000211
поверить 0,824895 0,000276
повернулась 1,565257 0,000261
поводу 0,720159 0,000120
повторял 0,912045 0,000152
повторялось 2,167317 0,000362
погляди 2,167317 0,000362
подарок 1,322219 0,000221
подборка 0,000000 0,000000
подвигшая 2,167317 0,000362
поддалась 2,167317 0,000362
поддержки 1,389166 0,000232
подергивающихся 2,167317 0,000362
подкапываются 2,167317 0,000724
подкопов 2,167317 0,000362
подлинно 1,468347 0,000245
подлить 2,167317 0,000362
подменяла 2,167317 0,000362
поднимала 1,565257 0,000261
подняла 1,213075 0,000203
подобное 1,213075 0,000405
подобный 1,565257 0,000261
подождала 2,167317 0,000362
подождать 1,167317 0,000195
подожди 1,053374 0,000880
подождите 1,167317 0,000195
подойдя 1,167317 0,000390
подошел 0,514105 0,000086
подразнить 1,866287 0,000312
подразумевается 1,866287 0,000312
подробно 1,053374 0,000352
подруг 2,167317 0,000362
подругу 1,866287 0,000312
подтвердил 0,690196 0,000231
подхватил 0,533849 0,000089
подхватила 1,088136 0,000182
поездка 1,866287 0,000312
поехала 1,389166 0,000232
пожалели 1,565257 0,000261
пожалуй 0,237898 0,000040
пожалуйста 0,662167 0,000221
пожимал 1,565257 0,000261
позвал 1,468347 0,000245
позволил 1,213075 0,000203
позвольте 0,523865 0,000263
позволю 1,053374 0,000352
позволят 1,866287 0,000312
поздравил 2,167317 0,000362
позор 0,824895 0,000138
пойду 0,623249 0,000208
пока 0,213075 0,000107
покажешь 2,167317 0,000362
показаться 1,565257 0,000261
покамест 0,866287 0,000145
поклон 0,936868 0,000157
покойны 1,690196 0,000282
поколебаться 1,866287 0,000312
покончить 1,088136 0,000364
покраснела 1,088136 0,000182
покупать 1,565257 0,000261
полагаете 1,565257 0,000523
полагаться 2,167317 0,000362
полагаю 1,264227 0,000211
полгода 0,963197 0,000161
полезно 1,866287 0,000312
полной 0,991226 0,000166
положении 0,704919 0,000118
положительно 0,805589 0,000135
получил 0,635838 0,000106
получила 1,213075 0,000203
получили 1,322219 0,000221
получить 0,752344 0,000251
получше 1,565257 0,000261
полчаса 0,824895 0,000413
полюбившееся 2,167317 0,000362
помалу 0,675956 0,000113
помер 0,963197 0,000322
померещится 2,167317 0,000362
померещиться 2,167317 0,000362
поминать 2,167317 0,000362
поминутно 0,635838 0,000212
помираю 2,167317 0,000362
поморщился 1,264227 0,000211
помощью 1,690196 0,000565
помышления 2,167317 0,000362
понеси 2,167317 0,000362
понимаю 0,381987 0,000383
понимая 0,787106 0,000131
понравилась 0,991226 0,000166
понравилось 0,936868 0,000157
понял 0,396465 0,000132
поняла 0,787106 0,000131
поняли 0,769377 0,000129
поправиться 1,468347 0,000245
попросить 1,088136 0,000182
поражало 1,264227 0,000211
поразила 0,963197 0,000161
поразили 1,264227 0,000211
порода 1,866287 0,000312
порядке 0,936868 0,000157
порядочного 1,389166 0,000232
порядочный 1,264227 0,000422
посажен 2,167317 0,000362
посетителей 0,000000 0,000000
посетители 0,000000 0,000000
поскорее 0,486076 0,000081
послала 1,322219 0,000442
после 0,084532 0,000113
последнее 0,486076 0,000081
последние 0,533849 0,000089
последний 0,403889 0,000202
последовало 1,125925 0,000376
последствий 1,866287 0,000935
послушай 1,468347 0,000245
посмертно 0,000000 0,000000
посмотрела 1,053374 0,000704
поспели 1,866287 0,000312
поспешностью 1,264227 0,000211
поссорилась 1,690196 0,000282
поставить 1,053374 0,000176
постель 0,936868 0,000157
посторонних 1,468347 0,000245
потерявшись 1,468347 0,000245
потерял 0,866287 0,000145
потерялся 1,213075 0,000203
потом 0,084532 0,000127
потому 0,024303 0,000053
потрудитесь 1,690196 0,000282
походили 1,866287 0,000312
похожего 1,690196 0,000282
похорон 1,866287 0,000312
поцеловала 0,991226 0,000166
почему 0,099131 0,000083
починить 2,167317 0,000362
почти 0,024303 0,000028
пошел 0,275223 0,000092
пошли 0,735954 0,000246
пощупать 1,866287 0,000312
прав 0,769377 0,000129
права 0,554533 0,000185
правда 0,162996 0,000082
правде 0,991226 0,000331
правду 0,443041 0,000222
право 0,361137 0,000121
пред 0,033778 0,000006
предвидела 1,565257 0,000261
предвидели 2,167317 0,000362
предложила 1,690196 0,000565
предположения 1,264227 0,000211
представить 0,576253 0,000096
предстоял 1,866287 0,000312
предугадала 2,167317 0,000362
предугадывать 2,167317 0,000362
прежде 0,077412 0,000026
прежних 0,991226 0,000166
презираете 1,389166 0,000232
преимущественно 1,053374 0,000176
прекрасное 0,991226 0,000166
прерывая 1,565257 0,000261
преследуют 2,167317 0,000362
пресмешных 2,167317 0,000362
преступным 1,866287 0,000312
преувеличением 1,866287 0,000312
преувеличила 1,690196 0,000282
прибавив 1,322219 0,000221
прибавил 0,275223 0,000046
прибавила 0,690196 0,000115
прибавим 1,690196 0,000282
привычке 1,264227 0,000211
пригласили 1,389166 0,000232
придется 0,991226 0,000166
прижизненно 0,000000 0,000000
прижимались 2,167317 0,000362
признав 2,167317 0,000362
признаваться 1,690196 0,000282
признаки 1,866287 0,000312
признаком 1,389166 0,000232
признание 1,125925 0,000188
признания 1,264227 0,000211
призывала 1,866287 0,000312
прикрыла 1,866287 0,000312
примирение 1,565257 0,000261
примирения 1,690196 0,000282
примириться 1,468347 0,000245
принадлежат 1,690196 0,000282
принадлежит 1,389166 0,000232
принес 0,805589 0,000135
принужденный 2,167317 0,000362
принял 0,565257 0,000094
принять 0,523865 0,000175
приставала 1,565257 0,000261
приставать 1,690196 0,000565
присылку 2,167317 0,000362
притворного 2,167317 0,000362
притворяется 1,866287 0,000312
приткнешь 2,167317 0,000362
приходил 0,720159 0,000361
приходите 1,565257 0,000261
приходить 0,888564 0,000148
пришел 0,322219 0,000054
пришлись 1,866287 0,000312
пришло 0,991226 0,000166
проболтались 2,167317 0,000362
пробормотал 0,334808 0,000112
проглядывало 1,690196 0,000282
проговорил 0,154480 0,000155
проговорила 0,533849 0,000089
проговорился 1,322219 0,000221
программирование 0,000000 0,000000
продавал 1,866287 0,000624
продал 1,213075 0,000203
продали 1,690196 0,000282
продать 1,389166 0,000232
продержалось 2,167317 0,000362
продолжал 0,292256 0,000049
продолжалось 1,125925 0,000376
продолжительное 1,866287 0,000312
прозорливая 2,167317 0,000362
произведение 0,000000 0,000000
произведений 0,000000 0,000000
произведения 0,000000 0,000000
произошла 0,991226 0,000166
произошло 0,495219 0,000414
происходила 1,565257 0,000261
происшедшее 1,565257 0,000261
пройдите 2,167317 0,000362
проклятый 1,021189 0,000171
прокофьевна 0,752344 0,002891
прокофьевне 0,963197 0,000322
прокофьевну 0,936868 0,000313
прокофьевны 1,088136 0,001091
промелькнуло 1,125925 0,000188
пропадал 2,167317 0,000362
просидел 1,021189 0,000171
просиживали 2,167317 0,000362
просили 1,213075 0,000203
просите 1,565257 0,000523
просить 0,504560 0,000084
просиявший 1,565257 0,000261
проскользнувших 2,167317 0,000362
простите 0,648803 0,000434
простительная 2,167317 0,000362
просто 0,232819 0,000117
простодушие 1,389166 0,000232
просты 2,167317 0,000362
просьбой 1,167317 0,000195
против 0,389166 0,000065
протянул 0,675956 0,000226
профессор 1,565257 0,000261
прочел 0,752344 0,000126
прочие 1,322219 0,000221
прочили 2,167317 0,000362
прочим 0,662167 0,000221
прочла 1,125925 0,000188
прошептала 1,125925 0,000376
прошло 0,000000 0,000000
прошу 0,599116 0,000100
прощает 1,690196 0,000282
прощения 0,690196 0,000231
прояснилось 2,167317 0,000724
прыгнула 1,690196 0,000282
прыснули 2,167317 0,000362
прямо 0,118099 0,000020
публикации 0,000000 0,000000
пункте 1,264227 0,000211
пунктом 2,167317 0,000362
пятнадцать 0,936868 0,000157
пять 0,275223 0,000230
пятьдесят 0,888564 0,000148
равенства 1,866287 0,000312
рада 0,866287 0,000289
радостию 1,389166 0,000232
радостно 0,888564 0,000148
радостное 1,322219 0,000221
радостный 1,690196 0,000282
радостью 0,991226 0,000166
разве 0,146128 0,000024
развитее 2,167317 0,000362
разглядели 2,167317 0,000362
разговор 0,434924 0,000363
разговоре 0,963197 0,000161
разговорился 1,866287 0,000312
разговорные 2,167317 0,000362
разгорячившись 1,565257 0,000261
раздался 0,805589 0,000135
раздражении 1,264227 0,000211
раздражительны 1,690196 0,000282
разлетевшейся 2,167317 0,000362
разом 0,389166 0,000260
разрешение 1,565257 0,000261
разрешения 0,000000 0,000000
разрешить 1,088136 0,000364
разумеется 0,328468 0,000110
раньше 0,599116 0,000300
рассердилась 1,021189 0,000171
рассказал 0,587534 0,000098
рассказывал 0,554533 0,000093
рассмеюсь 1,866287 0,000312
рассмеявшихся 2,167317 0,000362
рассмеялась 1,125925 0,000376
рассмеялся 0,805589 0,000135
расспрашивай 2,167317 0,000362
расспрашивал 1,088136 0,000182
расспрашивала 1,866287 0,000312
расспросы 1,213075 0,000203
расхохоталась 1,322219 0,000442
ребенка 0,787106 0,000131
ребенок 0,648803 0,000108
резко 0,648803 0,000108
резкостью 1,866287 0,000312
рекомендуют 2,167317 0,000362
решается 1,213075 0,000405
решились 1,021189 0,000341
решился 0,554533 0,000093
решительная 2,167317 0,000362
решительно 0,341243 0,000171
решительным 1,213075 0,000203
робко 0,787106 0,000131
робостью 2,167317 0,000362
ровно 0,533849 0,000178
рогожина 0,866287 0,000145
роде 0,504560 0,000169
родителей 1,213075 0,000203
родового 1,866287 0,000312
родовое 2,167317 0,000362
россии 0,623249 0,000104
ругается 1,866287 0,000312
руками 0,280827 0,000047
руки 0,167317 0,000112
руку 0,222835 0,000112
русская 0,000000 0,000000
рыцарь 1,213075 0,000203
рыцаря 1,468347 0,000245
садике 1,866287 0,000312
сайте 0,000000 0,000000
салфеткой 1,690196 0,000282
сама 0,208276 0,000209
сами 0,142011 0,000166
самим 0,769377 0,000257
самого 0,118099 0,000079
самое 0,167317 0,000056
самой 0,258832 0,000043
самом 0,114239 0,000019
самому 0,426955 0,000071
самостоятельностью 2,167317 0,000362
самые 0,381987 0,000064
самый 0,198834 0,000066
самым 0,280827 0,000047
сбежала 1,565257 0,000523
сбивала 2,167317 0,000362
сбившись 1,690196 0,000282
сбился 1,565257 0,000261
сбитой 2,167317 0,000362
свадьбе 1,389166 0,000232
свадьбу 1,468347 0,000245
свадьбы 1,213075 0,000203
сватаетесь 2,167317 0,000362
сватался 2,167317 0,000362
сватовстве 2,167317 0,000362
сверх 0,752344 0,000126
сверху 0,936868 0,000157
свет 0,468347 0,000235
света 0,845098 0,000424
свете 0,426955 0,000071
свидания 0,787106 0,000131
свиданья 1,125925 0,000376
свободно 0,000000 0,000000
сводит 1,690196 0,000282
свое 0,150284 0,000025
своего 0,091770 0,000015
своей 0,066947 0,000034
своему 0,367977 0,000061
свои 0,146128 0,000024
своим 0,208276 0,000035
своих 0,237898 0,000159
свойственно 1,866287 0,000312
свою 0,073896 0,000049
связях 1,468347 0,000245
святых 1,167317 0,000195
сделал 0,381987 0,000064
сделала 0,963197 0,000161
сделалась 1,690196 0,000282
сделано 1,021189 0,000171
сдерживала 1,866287 0,000312
сдерживать 1,468347 0,000245
себе 0,033778 0,000045
себя 0,005949 0,000005
сегодня 0,000000 0,000000
сейчас 0,070407 0,000094
секунд 0,936868 0,000157
секунду 0,824895 0,000276
секунды 1,088136 0,000182
семейном 1,866287 0,000312
семейства 0,690196 0,000692
семействе 0,866287 0,000289
семидесяти 0,000000 0,000000
сенситивнее 2,167317 0,000362
сердита 1,866287 0,000312
сердито 1,389166 0,000232
сердца 0,334808 0,000112
сердце 0,171682 0,000086
сержусь 1,213075 0,000203
серьезно 0,419129 0,000420
серьезное 1,213075 0,000405
серьезны 2,167317 0,000362
серьезные 1,389166 0,000464
сестер 1,264227 0,000211
сестрам 1,866287 0,000312
сестры 0,824895 0,001240
сидел 0,322219 0,000108
сидеть 0,662167 0,000221
силами 1,167317 0,000195
силы 0,514105 0,000172
сильно 0,292256 0,000098
сильное 0,991226 0,000166
скажет 0,587534 0,000098
скажи 0,662167 0,000111
скажите 0,576253 0,000193
скажу 0,275223 0,000046
сказал 0,099131 0,000083
сказала 0,486076 0,000325
сказали 0,544068 0,000091
сказать 0,073896 0,000123
скверный 1,389166 0,000232
сквозь 0,936868 0,000157
скобках 1,389166 0,000232
сколько 0,280827 0,000141
сконфузились 1,565257 0,000261
сконфузился 1,213075 0,000405
скорее 0,514105 0,000344
скоро 0,298086 0,000050
слегла 1,866287 0,000312
следующие 1,389166 0,000232
слезами 0,554533 0,000278
слезы 0,554533 0,000185
слишком 0,133894 0,000134
слов 0,367977 0,000184
слова 0,129891 0,000130
словам 0,888564 0,000148
словах 0,635838 0,000106
словечко 1,053374 0,000176
словечком 1,690196 0,000282
слово 0,232819 0,000039
словом 0,367977 0,000246
сломя 1,125925 0,000188
слона 1,866287 0,000624
службе 1,053374 0,000176
служить 1,053374 0,000352
случае 0,248239 0,000207
случайно 0,866287 0,000289
случившийся 1,690196 0,000282
случившуюся 1,866287 0,000312
случилось 0,403889 0,000472
случился 1,213075 0,000203
случиться 1,213075 0,000203
слушавшие 1,866287 0,000312
слушал 0,576253 0,000096
слушала 1,213075 0,000405
слышите 0,769377 0,000257
смерти 0,468347 0,000078
смерть 0,805589 0,000135
смех 0,704919 0,000353
смеха 1,088136 0,000182
смеху 0,991226 0,000331
смешно 0,824895 0,000138
смешной 0,991226 0,000166
смешные 1,468347 0,000245
смеющимся 2,167317 0,000362
смеялась 0,805589 0,000269
смеялись 0,752344 0,000126
смеялся 0,576253 0,000193
смеяться 0,587534 0,000098
смотревшим 2,167317 0,000362
смотрел 0,298086 0,000050
смотрела 0,769377 0,000257
смотреть 0,477121 0,000239
смотря 0,322219 0,000054
смущался 2,167317 0,000362
сначала 0,434924 0,000145
соберитесь 2,167317 0,000362
собой 0,253503 0,000127
собрание 0,000000 0,000000
собственно 0,565257 0,000094
собственного 0,963197 0,000161
собственных 0,991226 0,000166
совершенно 0,180546 0,000181
совершенное 1,125925 0,000376
совете 1,866287 0,000312
советницу 2,167317 0,000362
совсем 0,021189 0,000028
согласились 1,167317 0,000390
согласился 0,735954 0,000123
согласись 1,690196 0,000282
согласитесь 0,845098 0,000282
согласия 0,000000 0,000000
согласна 1,565257 0,000261
согласною 2,167317 0,000362
соглашается 1,866287 0,000312
соглашался 1,690196 0,000282
содержит 1,690196 0,000282
сообщила 1,264227 0,000211
сообщить 0,635838 0,000106
соперничают 2,167317 0,000362
соперничестве 2,167317 0,000362
составить 1,468347 0,000491
составляло 1,389166 0,000232
состоит 1,088136 0,000182
состоял 1,088136 0,000182
состояние 0,805589 0,000269
состояния 1,021189 0,000341
сострадательно 1,565257 0,000261
сочинений 0,000000 0,000000
сочинили 1,690196 0,000282
сошла 1,088136 0,000182
сошли 1,322219 0,000221
спокоен 1,213075 0,000203
спокойно 0,648803 0,000108
спокойны 1,389166 0,000232
спокойным 1,088136 0,000182
спокойствие 1,322219 0,000221
спокойствия 1,264227 0,000211
спорит 1,866287 0,000312
спорном 2,167317 0,000362
способен 0,787106 0,000263
способными 2,167317 0,000362
справляться 1,690196 0,000282
спрашивала 1,088136 0,000182
спросила 0,845098 0,000141
спросить 0,495219 0,000083
спряталась 1,866287 0,000312
спустя 0,533849 0,000178
средства 1,213075 0,000203
сряду 0,991226 0,000166
стакан 1,213075 0,000203
стал 0,125925 0,000042
стала 0,544068 0,000273
стали 0,322219 0,000161
стало 0,091770 0,000107
становилось 0,963197 0,000161
стараясь 1,021189 0,000171
старинной 1,565257 0,000261
старуха 0,845098 0,000141
степана 1,866287 0,000624
степени 0,389166 0,000325
стоило 1,021189 0,000171
стола 0,675956 0,000113
столетии 1,468347 0,000245
столько 0,477121 0,000159
стороне 0,805589 0,000135
стороны 0,185046 0,000340
страдаете 1,690196 0,000282
страдали 1,565257 0,000261
страдание 0,936868 0,000157
страданием 1,167317 0,000195
страдания 0,888564 0,000148
страдать 1,264227 0,000422
странно 0,354404 0,000355
странное 0,690196 0,000115
странною 1,264227 0,000211
странный 0,787106 0,000263
странными 1,322219 0,000221
страшная 0,805589 0,000135
строго 0,576253 0,000096
ступить 1,565257 0,000261
стыдила 2,167317 0,000362
стыдится 1,389166 0,000232
стыдливости 1,866287 0,000312
судит 2,167317 0,000362
судьба 0,866287 0,000579
судьбы 0,991226 0,000331
сужу 1,866287 0,000312
сумасшедшим 1,690196 0,000282
супруга 0,787106 0,000263
супруге 1,213075 0,000203
супруги 1,021189 0,000171
супругой 1,213075 0,000203
супругу 1,088136 0,000364
сущности 0,752344 0,000126
счастливее 1,468347 0,000245
счастливого 1,468347 0,000245
счастливое 1,468347 0,000245
счастливым 1,053374 0,000176
счастье 0,787106 0,000526
счастья 0,888564 0,000445
счет 0,690196 0,000115
считаете 1,264227 0,000211
считать 0,720159 0,000120
сюрприз 1,690196 0,000565
тайном 2,167317 0,000362
такая 0,309985 0,000052
также 0,000000 0,000000
таки 0,066947 0,000089
такие 0,232819 0,000156
таким 0,243038 0,000081
таких 0,243038 0,000081
такого 0,243038 0,000081
такое 0,114239 0,000057
такой 0,077412 0,000039
таком 0,309985 0,000155
такому 0,752344 0,000126
такою 0,690196 0,000115
такую 0,334808 0,000056
твердо 0,419129 0,000070
твоей 0,888564 0,000148
твоя 0,635838 0,000106
тебя 0,198834 0,000033
текст 0,000000 0,000000
телеграмма 1,866287 0,000312
телеграммы 1,690196 0,000282
темы 1,389166 0,000232
теперешний 1,167317 0,000195
теперь 0,015029 0,000038
терпеть 1,088136 0,000545
террасу 1,125925 0,000188
террасы 1,167317 0,000195
тетрадки 2,167317 0,000362
тетрадку 1,690196 0,000282
тихим 1,264227 0,000211
товарищем 1,866287 0,000312
тогда 0,050046 0,000067
тогдашние 1,389166 0,000232
того 0,005949 0,000009
тоже 0,043466 0,000044
толку 0,912045 0,000305
только 0,002964 0,000012
томах 0,000000 0,000000
тому 0,095435 0,000080
топор 1,866287 0,001559
топором 1,690196 0,000282
торжественно 0,888564 0,000148
тотчас 0,046743 0,000102
точки 0,912045 0,000305
точно 0,121994 0,000122
точность 1,866287 0,000312
точных 1,565257 0,000261
трактату 2,167317 0,000362
требовала 1,565257 0,000261
тревога 1,264227 0,000211
трепетом 2,167317 0,000362
третируете 2,167317 0,000362
третьему 1,565257 0,000523
трех 0,374926 0,000063
тридцать 0,769377 0,000257
трое 0,824895 0,000138
тронулась 1,565257 0,000261
трудно 0,459747 0,000154
трудное 1,565257 0,000261
тщеславны 1,866287 0,000312
тщеславным 2,167317 0,000362
тысяч 0,451314 0,000075
убедилась 1,866287 0,000312
убежден 0,752344 0,000126
убеждения 0,991226 0,000166
уважаем 1,866287 0,000312
уважал 1,125925 0,000188
уважать 0,963197 0,000161
уважения 0,963197 0,000161
увеличит 2,167317 0,000362
уверены 0,805589 0,000135
уверовав 1,690196 0,000282
уверяя 1,565257 0,000261
угадал 1,125925 0,000188
угадала 1,565257 0,000261
угадывала 2,167317 0,000362
угадываю 1,866287 0,000312
уговорили 1,866287 0,000312
удар 1,167317 0,000390
ударением 1,866287 0,000312
удивилась 1,264227 0,000211
удивился 0,635838 0,000212
удивлен 1,167317 0,000195
удивления 0,963197 0,000161
удовлетворительным 2,167317 0,000362
удовольствии 1,389166 0,000464
ужасно 0,167317 0,000168
узнала 0,805589 0,000135
узнать 0,374926 0,000251
уйдешь 1,866287 0,000312
укорять 1,468347 0,000245
улице 0,635838 0,000106
уложила 1,866287 0,000312
улыбаясь 0,805589 0,000135
умеет 1,021189 0,000341
умела 1,389166 0,000232
умер 0,662167 0,000111
умереть 0,936868 0,000313
умерли 1,690196 0,000282
умершим 0,000000 0,000000
умиления 1,088136 0,000182
умирает 1,053374 0,000176
умирать 1,389166 0,000464
умолк 1,322219 0,000663
умолкнуть 2,167317 0,000362
умолчание 1,690196 0,000847
умолчания 2,167317 0,000362
умру 0,805589 0,000135
умрут 1,690196 0,000282
унижать 1,690196 0,000282
унижении 1,468347 0,000245
унизительно 1,468347 0,000245
уничтожился 2,167317 0,000362
упоением 1,690196 0,000282
упорнее 1,866287 0,000312
употреблять 1,690196 0,000282
условием 1,389166 0,000232
условлено 1,690196 0,000282
усмотреть 1,565257 0,000261
успеет 1,468347 0,000245
успехах 2,167317 0,000362
успокоиться 1,053374 0,000176
устремилась 2,167317 0,000362
устремился 1,468347 0,000245
утверждали 1,389166 0,000232
утверждаю 1,213075 0,000203
утерпели 2,167317 0,000724
утешать 1,565257 0,000261
утешение 1,565257 0,000523
утешения 1,322219 0,000221
утонченность 1,690196 0,000282
утра 0,576253 0,000096
утро 0,662167 0,000111
утром 0,411442 0,000069
уходил 1,213075 0,000203
учености 1,690196 0,000565
учителя 1,389166 0,000232
ушел 0,599116 0,000200
фантастическая 1,468347 0,000245
фарфоровую 2,167317 0,000362
федор 0,000000 0,000000
федорович 0,253503 0,000381
федоровичу 0,599116 0,000100
федорыч 1,565257 0,000261
филипповна 0,824895 0,000138
филипповны 0,845098 0,000141
характера 0,824895 0,000138
хладнокровию 2,167317 0,000362
хладнокровно 1,389166 0,000232
хлопал 2,167317 0,000362
хлопнула 1,866287 0,000312
хлопотливее 1,866287 0,000312
ходить 0,576253 0,000096
хорош 1,053374 0,000352
хорошенько 1,264227 0,000211
хороший 0,963197 0,000161
хорошим 1,264227 0,000211
хорошо 0,189594 0,000348
хотел 0,158717 0,000106
хотела 0,648803 0,000108
хотели 0,690196 0,000231
хотелось 0,381987 0,000064
хотите 0,419129 0,000140
хоть 0,060107 0,000080
хотя 0,050046 0,000042
хохота 2,167317 0,000362
хохотал 1,167317 0,000195
хохотом 1,690196 0,000282
хочет 0,322219 0,000054
хочешь 0,544068 0,000091
хочу 0,243038 0,000081
хуже 0,635838 0,000106
целовал 1,088136 0,000182
целовала 1,468347 0,000245
целом 0,866287 0,000145
целым 1,167317 0,000195
церемонно 1,866287 0,000312
циничны 2,167317 0,000362
часа 0,000000 0,000000
часам 1,213075 0,000203
часов 0,411442 0,000069
часть 0,002964 0,000001
часу 0,720159 0,000361
часы 0,805589 0,000135
чахоточным 1,866287 0,000312
чашку 1,468347 0,000245
чего 0,040213 0,000040
человек 0,036984 0,000031
человека 0,154480 0,000129
человеком 0,504560 0,000084
человеку 0,459747 0,000154
чему 0,341243 0,000057
через 0,258832 0,000043
чертах 1,690196 0,000282
четверо 1,213075 0,000203
четвертая 0,426955 0,000143
четвертого 1,389166 0,000232
четверть 0,888564 0,000148
чинишка 2,167317 0,000362
число 0,000000 0,000000
читаем 0,000000 0,000000
читает 1,167317 0,000195
читайте 1,468347 0,000245
читал 0,735954 0,000123
читали 1,167317 0,000390
читать 0,000000 0,000000
члены 1,213075 0,000203
чрез 0,275223 0,000046
чрезвычайная 1,213075 0,000203
чрезвычайно 0,217927 0,000146
чрезвычайной 1,213075 0,000203
чрезвычайным 0,720159 0,000120
чтоб 0,073896 0,000185
чтобы 0,030597 0,000036
чудеснейший 2,167317 0,000362
чуть 0,176091 0,000177
чьего 0,000000 0,000000
шали 1,866287 0,000312
шалость 1,389166 0,000464
шахматы 2,167317 0,000724
шевелилось 2,167317 0,000362
шире 2,167317 0,000362
шлоссера 2,167317 0,001086
шубе 1,866287 0,000312
шута 1,167317 0,000195
шутите 1,690196 0,000282
шутка 1,053374 0,000176
щеки 1,125925 0,000188
эгоизм 1,690196 0,000565
эгоизма 1,565257 0,000261
эгоистичны 2,167317 0,000362
экзамен 1,565257 0,000261
экономией 2,167317 0,000362
энергически 1,389166 0,000232
этим 0,189594 0,000095
этих 0,213075 0,000071
этого 0,053374 0,000116
этой 0,118099 0,000099
этом 0,046743 0,000039
этот 0,011981 0,000014
этою 0,599116 0,000100
юнкером 1,866287 0,000624
явился 0,623249 0,000208
язвительное 2,167317 0,000362
яснее 1,213075 0,000203
ясно 0,354404 0,000414
ясности 1,468347 0,000245
ясный 1,213075 0,000203
