автор 0,000000 0,000000
автором 0,000000 0,000000
авторского 0,000000 0,000000
авторы 0,000000 0,000000
алексей 0,000000 0,000000
алексейчик 2,167317 0,001720
алексея 0,000000 0,000000
алеша 0,381987 0,001364
алешей 0,752344 0,000299
алеши 0,544068 0,000216
алешка 1,088136 0,003023
алешку 1,389166 0,001654
алешу 0,565257 0,000224
арбенин 2,167317 0,000860
баре 2,167317 0,000860
барин 1,053374 0,000418
барыни 1,167317 0,000463
беги 1,264227 0,000502
безобразной 2,167317 0,000860
белявский 2,167317 0,000860
березой 1,866287 0,000741
берет 1,021189 0,000810
бессмертие 1,468347 0,002913
бессмертия 1,468347 0,000583
библиотека 0,000000 0,000000
битый 1,866287 0,001481
благородного 1,088136 0,000432
бога 0,451314 0,000895
богач 1,565257 0,000621
боге 1,389166 0,000551
богом 0,866287 0,000688
богородичные 2,167317 0,000860
более 0,000000 0,000000
болезнь 0,704919 0,000280
болели 1,866287 0,000741
болит 1,264227 0,000502
большого 0,769377 0,000305
бормотал 0,720159 0,000286
босоножек 2,167317 0,000860
босоножка 2,167317 0,000860
босоножку 2,167317 0,000860
брат 0,303994 0,000483
брата 0,389166 0,000154
браться 2,167317 0,000860
братья 0,176091 0,000280
бросился 0,451314 0,000179
брызгался 1,866287 0,000741
будем 0,648803 0,000257
будет 0,077412 0,000061
будто 0,099131 0,000039
будут 0,565257 0,000897
бульонщиков 2,167317 0,000860
бутылку 1,322219 0,000525
бывало 0,554533 0,000440
была 0,046743 0,000056
было 0,000000 0,000000
быть 0,002964 0,000005
валаамова 1,690196 0,000671
ваши 0,434924 0,000173
вдруг 0,005949 0,000040
ведь 0,043466 0,000224
веку 1,690196 0,000671
вере 1,021189 0,000405
веришь 0,912045 0,001810
вероятнее 0,912045 0,000362
верует 1,322219 0,000525
верую 1,088136 0,000432
веры 0,845098 0,000335
верю 0,623249 0,000495
весь 0,099131 0,000118
взгляда 0,662167 0,000263
вздрогнул 0,565257 0,000224
вздрогнули 1,468347 0,000583
вздумал 0,805589 0,000639
взять 0,533849 0,000424
видишь 0,599116 0,000951
вижу 0,286504 0,000114
визиты 0,000000 0,000000
виноват 0,523865 0,000208
влетел 1,468347 0,000583
влюбился 1,213075 0,000481
вместо 0,411442 0,000163
внезапных 1,468347 0,000583
вовсе 0,150284 0,000060
водой 1,021189 0,000405
воды 0,912045 0,000362
возил 1,690196 0,000671
возмерится 1,690196 0,001341
вознаграждения 0,000000 0,000000
возьми 0,704919 0,000559
волнении 0,675956 0,000268
волочился 2,167317 0,000860
вообще 0,459747 0,000182
воссияет 1,690196 0,000671
воссияла 2,167317 0,000860
восторг 0,888564 0,000353
восторга 0,720159 0,000286
восхищения 1,690196 0,000671
впрочем 0,118099 0,000094
врал 2,167317 0,000860
времени 0,269690 0,000214
врешь 1,167317 0,000463
всегда 0,129891 0,000412
всего 0,040213 0,000080
всей 0,248239 0,000099
всем 0,070407 0,000112
всему 0,486076 0,000193
всех 0,060107 0,000048
вскинулся 1,053374 0,000418
вскочил 0,587534 0,000466
вскочила 0,888564 0,000353
всплеснул 1,167317 0,000463
всплеснула 1,213075 0,000481
вспрысни 2,167317 0,000860
всяких 0,991226 0,000393
всякой 0,635838 0,000252
вцепившись 1,866287 0,000741
выбью 1,866287 0,000741
выдумал 0,888564 0,000353
выдумали 1,468347 0,000583
вызови 1,690196 0,000671
выкликать 2,167317 0,000860
выкрикивал 1,322219 0,000525
вылупились 2,167317 0,000860
вынесет 2,167317 0,000860
выпили 1,389166 0,000551
выплаты 0,000000 0,000000
выскочило 2,167317 0,000860
высокомерен 2,167317 0,000860
выходило 0,991226 0,000393
вьельфильки 2,167317 0,000860
героя 1,167317 0,000463
глаза 0,129891 0,000309
глазам 0,963197 0,000382
глядишь 1,389166 0,000551
глядят 1,565257 0,000621
гнала 1,866287 0,000741
гневным 2,167317 0,000860
говори 0,769377 0,001221
говорит 0,189594 0,000752
говорить 0,162996 0,000065
говоришь 0,752344 0,000597
говорю 0,203530 0,000323
говоря 0,434924 0,000173
говорят 0,309985 0,000123
года 0,477121 0,000189
голова 0,787106 0,000312
головы 0,787106 0,000937
горы 0,963197 0,000382
горькой 1,866287 0,000741
господи 0,451314 0,000537
господин 0,514105 0,000204
гостинцу 1,866287 0,000741
григорий 0,720159 0,000286
гром 1,213075 0,000481
громкого 2,167317 0,000860
грош 1,468347 0,000583
грубость 1,565257 0,000621
губернатору 2,167317 0,000860
губы 0,599116 0,000238
давай 1,053374 0,000836
давеча 0,232819 0,000370
давно 0,158717 0,000063
даем 2,167317 0,000860
даже 0,005949 0,000005
дали 0,635838 0,000252
дальше 0,002964 0,000001
данные 0,000000 0,000000
даром 0,769377 0,000305
дашься 2,167317 0,000860
дают 1,088136 0,000432
дверь 0,367977 0,000146
двор 1,053374 0,000418
двух 0,264227 0,000105
девкам 1,690196 0,000671
девок 1,322219 0,001049
девчоночку 1,866287 0,000741
действительно 0,106619 0,000042
делал 0,963197 0,000382
делают 1,389166 0,000551
дело 0,063514 0,000025
демидова 2,167317 0,000860
день 0,162996 0,000065
дерут 1,690196 0,000671
детка 2,167317 0,000860
деточки 1,565257 0,000621
диву 2,167317 0,000860
длинная 1,565257 0,000621
длинно 1,322219 0,000525
дмитрий 0,468347 0,000186
доброму 1,468347 0,000583
доведу 1,322219 0,000525
довольно 0,129891 0,000103
догорит 2,167317 0,000860
додумается 2,167317 0,000860
должно 0,286504 0,000227
доме 0,322219 0,000128
дому 0,675956 0,000268
досадливо 1,389166 0,000551
достоевский 0,000000 0,000000
достояние 0,000000 0,000000
дотоле 1,866287 0,000741
дочь 0,587534 0,000233
дошел 0,787106 0,000312
драть 2,167317 0,000860
друг 0,269690 0,000107
другие 0,389166 0,000154
другого 0,396465 0,000157
другой 0,146128 0,000116
другом 0,477121 0,000189
думает 0,824895 0,000655
думаешь 0,752344 0,000299
думал 0,258832 0,000205
думаю 0,328468 0,000391
дураков 1,690196 0,001341
душа 0,565257 0,000224
дуэль 1,264227 0,000502
едешь 1,565257 0,000621
единственной 1,866287 0,000741
ездить 1,690196 0,000671
если 0,011981 0,000019
есть 0,018098 0,000158
жалеть 1,322219 0,000525
жаль 0,635838 0,000505
жену 0,991226 0,000393
женщина 0,396465 0,000157
женщине 0,991226 0,000393
женщины 0,576253 0,000229
животики 2,167317 0,000860
жизни 0,222835 0,000088
жизнь 0,162996 0,000065
завтра 0,298086 0,000473
заговорил 0,599116 0,000238
загорелись 1,565257 0,000621
загорится 1,690196 0,000671
задерживают 2,167317 0,000860
задумался 0,866287 0,000344
зазвал 1,866287 0,000741
заклад 0,845098 0,000335
закрыл 0,991226 0,000393
закрыла 1,125925 0,000447
заласкал 2,167317 0,000860
залу 0,735954 0,000292
заметили 0,611015 0,000485
замечал 1,021189 0,000405
замечаю 1,088136 0,000432
засверкавшего 2,167317 0,000860
затаенное 1,866287 0,000741
затмение 2,167317 0,000860
затряслась 1,565257 0,000621
затрясся 1,125925 0,000447
захочется 1,389166 0,000551
зачем 0,146128 0,000116
звонкого 2,167317 0,000860
здесь 0,095435 0,000038
земле 0,648803 0,000257
земля 1,322219 0,001049
злая 1,322219 0,000525
злобе 1,322219 0,001049
знает 0,171682 0,000068
знаешь 0,533849 0,000636
знал 0,114239 0,000181
значит 0,243038 0,000193
знаю 0,095435 0,000189
золота 1,690196 0,000671
иван 0,303994 0,002654
ивана 0,504560 0,000601
ивану 0,623249 0,000742
игумена 1,264227 0,001003
иезуит 1,866287 0,000741
иезуиты 1,565257 0,000621
извини 1,389166 0,000551
излечил 2,167317 0,000860
изменяться 1,866287 0,000741
изобьет 2,167317 0,000860
именно 0,066947 0,000053
иногда 0,208276 0,000083
иной 0,587534 0,000233
интересное 1,468347 0,000583
иным 1,389166 0,000551
искренно 0,523865 0,000624
исповедоваться 1,866287 0,000741
использоваться 0,000000 0,000000
испуге 0,690196 0,000548
истерического 1,866287 0,000741
истина 1,088136 0,000864
истинно 1,125925 0,000447
источник 0,000000 0,000000
истребят 1,866287 0,000741
кабинет 1,167317 0,000463
каждый 0,367977 0,000146
кажется 0,118099 0,000094
какие 0,232819 0,000092
каков 0,888564 0,000353
каковы 1,690196 0,000671
какое 0,227798 0,000181
какую 0,419129 0,000166
канальи 2,167317 0,000860
карамазовы 0,180546 0,000287
кипит 1,565257 0,000621
кликушей 2,167317 0,000860
кликушечку 2,167317 0,000860
кликушу 1,468347 0,000583
книга 0,176091 0,000140
книги 0,000000 0,000000
когда 0,015029 0,000030
коленях 0,912045 0,000362
коли 0,269690 0,000428
коль 0,720159 0,000286
комаров 0,000000 0,000000
конец 0,495219 0,000197
конечно 0,060107 0,000048
контроверза 1,690196 0,000671
кончился 1,565257 0,000621
коньяк 1,565257 0,001863
коньячком 1,468347 0,001748
коньячку 1,322219 0,001049
которой 0,213075 0,000085
которую 0,292256 0,000116
которые 0,189594 0,000150
красавчик 2,167317 0,000860
крепка 2,167317 0,000860
крики 1,125925 0,000447
крикнул 0,381987 0,000152
крови 0,662167 0,000263
кулебяки 1,690196 0,000671
купца 1,053374 0,000418
лакей 0,912045 0,000362
ласкаю 2,167317 0,000860
лезет 1,264227 0,000502
леса 2,167317 0,000860
либо 0,000000 0,000000
ликер 1,866287 0,000741
ликерцем 2,167317 0,000860
литература 0,000000 0,000000
лице 0,403889 0,000160
лицо 0,114239 0,000136
лицом 0,000000 0,000000
лишняя 2,167317 0,000860
лучше 0,162996 0,000194
люби 1,213075 0,000963
любим 1,167317 0,000463
любимую 1,565257 0,000621
любит 0,389166 0,000154
любить 0,523865 0,000208
любишь 0,888564 0,000705
люблю 0,347773 0,000414
любопытен 1,565257 0,000621
любым 0,000000 0,000000
людей 0,298086 0,000118
люди 0,269690 0,000107
людьми 0,623249 0,000247
людям 0,720159 0,000572
маленькие 1,021189 0,000405
маленький 0,662167 0,000263
маленького 0,963197 0,000382
маленькое 1,053374 0,000418
мало 0,208276 0,000248
малюсенькое 2,167317 0,000860
маркизы 2,167317 0,000860
марфе 1,322219 0,000525
матери 0,451314 0,000179
матерью 0,787106 0,000625
мать 0,389166 0,001544
мгновение 0,396465 0,000315
меня 0,027438 0,000294
мерится 2,167317 0,000860
меру 1,125925 0,000447
мефистофелевское 2,167317 0,000860
мечту 1,389166 0,000551
милый 0,477121 0,000379
минутка 1,565257 0,000621
минуты 0,322219 0,000128
мистику 1,866287 0,001481
мной 0,237898 0,000094
мовешек 2,167317 0,000860
мовешку 2,167317 0,000860
могут 0,495219 0,000197
моем 0,599116 0,000238
моему 0,354404 0,000141
может 0,000000 0,000000
можете 0,504560 0,000200
можно 0,088136 0,000070
мозгляка 1,866287 0,000741
моих 0,554533 0,000220
мокром 0,963197 0,000382
мокрых 2,167317 0,000860
молилась 2,167317 0,000860
молочко 2,167317 0,000860
молчит 0,991226 0,000393
момента 0,000000 0,000000
монастырек 1,690196 0,000671
монастырь 0,720159 0,000286
монастырьком 2,167317 0,000860
монахам 1,866287 0,000741
монетный 2,167317 0,000860
мошенник 1,690196 0,000671
мужик 0,888564 0,000353
мужика 1,322219 0,000525
мужиков 1,213075 0,000481
мыслей 0,735954 0,000292
мысли 0,316059 0,000125
мясо 1,866287 0,000741
наафонил 2,167317 0,000860
наблюдала 1,866287 0,000741
наверно 0,264227 0,000105
надо 0,036984 0,000117
надобно 0,866287 0,000344
надорвали 2,167317 0,000860
надумает 2,167317 0,000860
назавтра 1,264227 0,000502
назад 0,000000 0,000000
название 0,000000 0,000000
найдешь 1,468347 0,000583
найти 0,000000 0,000000
накопит 2,167317 0,000860
наладил 1,866287 0,000741
напала 1,565257 0,000621
наперво 1,565257 0,000621
написано 0,000000 0,000000
народ 0,735954 0,000292
нарочно 0,227798 0,000090
насмотрел 2,167317 0,000860
настаиваете 1,866287 0,000741
настойчиво 0,787106 0,000312
наступит 1,389166 0,001654
натягивать 1,866287 0,000741
наука 0,000000 0,000000
нахмурился 0,991226 0,000787
находить 1,389166 0,001103
начиналась 1,565257 0,000621
начнет 0,963197 0,000764
нашего 0,396465 0,000157
невесты 1,213075 0,000481
него 0,000000 0,000000
негодование 1,021189 0,000405
неистовые 2,167317 0,000860
немало 1,389166 0,000551
нему 0,080958 0,000032
ненавижу 1,088136 0,000432
необычайное 1,167317 0,000463
непременно 0,133894 0,000106
нервного 2,167317 0,000860
неслышных 2,167317 0,000860
нету 1,565257 0,000621
неудержимым 1,468347 0,000583
неужто 0,599116 0,000238
нечто 0,389166 0,000618
нибудь 0,030597 0,000024
никакого 0,403889 0,000481
никогда 0,088136 0,000175
ними 0,275223 0,000109
ничего 0,030597 0,000024
ничем 0,769377 0,000305
ничто 1,213075 0,000481
ноги 0,477121 0,000189
ножки 1,167317 0,000463
ноне 1,565257 0,000621
нуль 1,866287 0,001481
обед 1,322219 0,000525
обеда 0,912045 0,000362
обедом 1,264227 0,000502
обещанный 1,866287 0,000741
обижал 2,167317 0,000860
обижать 1,468347 0,000583
обман 1,125925 0,000447
образ 0,888564 0,000353
обрезонить 2,167317 0,000860
общественное 0,000000 0,000000
обыск 1,866287 0,000741
овца 2,167317 0,000860
ограбят 2,167317 0,000860
один 0,046743 0,000056
одним 0,286504 0,000114
одно 0,099131 0,000079
одну 0,232819 0,000554
оживился 1,690196 0,000671
означает 1,389166 0,000551
окончательно 0,565257 0,000224
опубликовано 0,000000 0,000000
опустилась 1,468347 0,000583
опять 0,027438 0,000022
осине 2,167317 0,000860
оскорбил 1,125925 0,000447
ослица 1,690196 0,001341
особенно 0,129891 0,000155
особенного 0,888564 0,000353
остановил 0,991226 0,000393
остановился 0,419129 0,000166
остановитесь 1,690196 0,000671
остроумие 1,322219 0,001049
остроумно 1,690196 0,001341
ответил 0,237898 0,000094
отвечу 1,468347 0,000583
отдал 0,866287 0,000344
отрезал 0,824895 0,000655
отрезвев 2,167317 0,000860
оттого 0,675956 0,000268
отцов 1,125925 0,000447
отцы 1,021189 0,000405
отчего 0,554533 0,000220
отчитывали 2,167317 0,000860
отыщешь 1,565257 0,000621
оформление 0,000000 0,000000
оченно 1,322219 0,000525
очень 0,024303 0,000048
павлович 0,419129 0,000499
пала 1,565257 0,000621
парень 1,167317 0,000463
парням 2,167317 0,000860
первая 0,419129 0,000333
первого 0,411442 0,000163
первый 0,248239 0,000197
перебил 0,635838 0,000252
передовое 2,167317 0,001720
перестали 1,021189 0,000405
перестаньте 1,389166 0,000551
перешло 0,000000 0,000000
перлы 1,866287 0,000741
печет 2,167317 0,000860
пирон 1,866287 0,000741
плачь 1,167317 0,000463
плюну 1,866287 0,000741
побоялся 1,264227 0,000502
побьемся 2,167317 0,000860
повадно 2,167317 0,000860
повесить 2,167317 0,000860
повторилось 1,866287 0,000741
поглядеть 1,088136 0,000432
подавно 1,690196 0,000671
подборка 0,000000 0,000000
подкошенный 1,565257 0,000621
подлец 0,662167 0,000526
подожди 1,053374 0,000418
подозрительные 2,167317 0,000860
подсматривать 1,690196 0,000671
подумать 0,704919 0,000280
поедешь 1,565257 0,001242
поеду 1,053374 0,000418
пожалуй 0,237898 0,000378
пожертвовал 1,468347 0,000583
поймать 1,389166 0,000551
поймаю 2,167317 0,001720
пока 0,213075 0,000169
показать 0,720159 0,000286
покойницу 1,866287 0,000741
покончил 1,866287 0,000741
покончу 1,690196 0,000671
покраснел 0,675956 0,000536
полагаете 1,565257 0,000621
ползаю 2,167317 0,000860
половина 0,866287 0,000344
поломоечка 2,167317 0,000860
полу 0,735954 0,000292
полубессмысленная 2,167317 0,000860
получил 0,635838 0,000252
получше 1,565257 0,001242
пользоваться 1,322219 0,000525
помалу 0,675956 0,000268
помню 0,486076 0,000193
понимая 0,787106 0,000312
понять 0,396465 0,000472
попал 0,824895 0,000327
поразило 0,720159 0,000286
пороки 1,866287 0,000741
порол 2,167317 0,000860
поросяточки 2,167317 0,000860
пороть 1,565257 0,002485
посетителей 0,000000 0,000000
посетители 0,000000 0,000000
посидеть 1,322219 0,000525
после 0,084532 0,000101
последний 0,403889 0,000481
послышались 1,264227 0,000502
посмертно 0,000000 0,000000
постой 0,991226 0,001967
поступило 2,167317 0,000860
потом 0,084532 0,000101
потому 0,024303 0,000019
похоже 0,845098 0,000335
пошел 0,275223 0,000218
пошла 0,845098 0,000335
пощечину 1,167317 0,001390
прав 0,769377 0,000611
правда 0,162996 0,000065
правде 0,991226 0,000393
правило 1,468347 0,000583
правилу 1,866287 0,000741
праздники 1,866287 0,000741
пред 0,033778 0,000013
представляться 1,322219 0,000525
презирает 1,125925 0,000894
презираешь 1,389166 0,001103
презирай 2,167317 0,000860
презрением 0,866287 0,000344
презрительные 1,866287 0,000741
прибавил 0,275223 0,000109
привез 1,389166 0,000551
привезу 2,167317 0,000860
приговору 1,866287 0,000741
придется 0,991226 0,000393
приеду 1,264227 0,000502
приезжают 1,690196 0,000671
приехал 0,554533 0,000440
прижизненно 0,000000 0,000000
приказу 1,468347 0,000583
припадка 1,389166 0,000551
присылают 2,167317 0,000860
приходить 0,888564 0,000353
пришлю 1,389166 0,000551
пробормотал 0,334808 0,000133
программирование 0,000000 0,000000
продавал 1,866287 0,000741
продолжают 1,565257 0,000621
проездом 1,690196 0,000671
произведение 0,000000 0,000000
произведений 0,000000 0,000000
произведения 0,000000 0,000000
произнес 0,361137 0,000143
произошло 0,495219 0,000197
пронзения 2,167317 0,000860
пропадет 1,468347 0,000583
прорвался 1,690196 0,000671
просил 0,599116 0,000238
протанцевал 1,866287 0,000741
прочих 1,322219 0,000525
прошло 0,000000 0,000000
прямо 0,118099 0,000047
публикации 0,000000 0,000000
пугайся 2,167317 0,000860
пустился 0,936868 0,000372
пусть 0,253503 0,000101
пуще 0,599116 0,000238
пьяная 1,264227 0,001003
пьянства 1,565257 0,000621
пьяный 0,888564 0,000353
пьяным 1,322219 0,000525
равно 0,303994 0,000121
разбирает 2,167317 0,000860
разве 0,146128 0,000174
развеселившийся 2,167317 0,000860
развитие 1,264227 0,000502
раздался 0,805589 0,000320
раздвинула 2,167317 0,000860
разобидел 1,866287 0,000741
разозлиться 1,866287 0,000741
разом 0,389166 0,000154
разрешения 0,000000 0,000000
ракета 2,167317 0,000860
распахнулась 1,866287 0,000741
расписывать 1,866287 0,000741
рассказал 0,587534 0,000466
рассказу 1,322219 0,000525
рассказывать 0,704919 0,000280
расслабленную 2,167317 0,000860
рассыплюсь 2,167317 0,000860
рассыпчатого 2,167317 0,000860
ребята 2,167317 0,000860
решительно 0,341243 0,000135
ровно 0,533849 0,000212
роде 0,504560 0,000400
россию 0,866287 0,001031
россия 1,389166 0,000551
руками 0,280827 0,000334
русская 0,000000 0,000000
русский 0,752344 0,000597
русского 0,936868 0,000372
русской 1,088136 0,000432
ручку 0,888564 0,000353
рюмка 2,167317 0,000860
рюмку 1,690196 0,000671
рюмочку 1,565257 0,001242
сады 2,167317 0,000860
сайте 0,000000 0,000000
сами 0,142011 0,000169
самим 0,769377 0,000611
самого 0,118099 0,000047
самое 0,167317 0,000133
самой 0,258832 0,000103
сбился 1,565257 0,000621
свете 0,426955 0,000169
свинство 1,866287 0,001481
свободно 0,000000 0,000000
своей 0,066947 0,000027
своем 0,198834 0,000079
свою 0,073896 0,000088
святые 1,264227 0,000502
святыню 1,565257 0,000621
сдвигать 1,866287 0,000741
сделал 0,381987 0,000303
себе 0,033778 0,000027
себя 0,005949 0,000019
сегодня 0,000000 0,000000
сейчас 0,070407 0,000112
секунду 0,824895 0,000327
семидесяти 0,000000 0,000000
сенях 1,088136 0,000432
сердись 1,167317 0,001390
сердитесь 0,936868 0,000372
сердишься 1,322219 0,000525
сердце 0,171682 0,000136
серебра 2,167317 0,000860
сержусь 1,213075 0,000481
серьезно 0,419129 0,000499
сидеть 0,662167 0,000263
сильно 0,292256 0,000116
сияют 1,866287 0,000741
сказал 0,099131 0,000079
сколько 0,280827 0,000334
скорей 0,845098 0,000671
славно 1,389166 0,001103
сладострастник 1,565257 0,001242
сладострастники 1,389166 0,000551
слегка 0,936868 0,000372
слез 0,787106 0,000312
словом 0,367977 0,000146
слуг 1,389166 0,000551
слуги 1,213075 0,000481
случилось 0,403889 0,000160
слушай 0,635838 0,000505
слушать 0,735954 0,000292
слюной 1,690196 0,000671
смеется 0,611015 0,000485
смеешься 1,264227 0,000502
смей 1,264227 0,000502
смел 0,991226 0,000393
смердяков 0,587534 0,000466
смердякова 0,752344 0,000299
смешка 1,866287 0,000741
смешок 1,565257 0,000621
смеюсь 1,125925 0,000447
смирения 1,468347 0,000583
смирным 2,167317 0,000860
смотри 1,053374 0,000418
смотрит 0,690196 0,000274
смотришь 1,021189 0,000405
сначала 0,434924 0,000173
сниму 1,468347 0,000583
собрание 0,000000 0,000000
совершеннейший 2,167317 0,000860
совершенный 1,264227 0,000502
совсем 0,021189 0,000017
согласия 0,000000 0,000000
соображение 1,264227 0,000502
сору 2,167317 0,000860
состариться 1,866287 0,000741
сотрясающих 2,167317 0,000860
сохрани 1,021189 0,000405
сохранил 1,565257 0,000621
сочинений 0,000000 0,000000
спать 0,635838 0,000252
сперва 0,735954 0,000584
сплетник 1,565257 0,000621
спор 1,213075 0,000481
спрашиваю 0,845098 0,000335
срезать 2,167317 0,000860
срок 0,888564 0,000705
стал 0,125925 0,000050
старик 0,434924 0,000690
старика 0,587534 0,000699
старикашка 1,264227 0,000502
старину 1,565257 0,000621
старого 0,991226 0,000393
старце 1,264227 0,000502
старцев 1,866287 0,000741
старцу 1,167317 0,000463
стоит 0,316059 0,000502
стой 0,912045 0,000362
стола 0,675956 0,000268
столь 0,434924 0,000345
столько 0,477121 0,000189
стою 0,866287 0,000344
странное 0,690196 0,000822
страшный 0,845098 0,000335
стул 0,648803 0,000257
ступай 0,735954 0,000292
стыда 0,805589 0,000320
стыдись 1,690196 0,000671
существа 1,021189 0,000405
существовало 1,389166 0,000551
существование 1,565257 0,000621
существует 0,866287 0,000344
сходство 2,167317 0,000860
счастья 0,888564 0,000353
считаешь 1,866287 0,000741
съездить 1,468347 0,001165
съездишь 1,866287 0,000741
сюда 0,232819 0,000092
сюртука 1,468347 0,000583
такая 0,309985 0,000123
также 0,000000 0,000000
таки 0,066947 0,000106
такие 0,232819 0,000185
такого 0,243038 0,000096
такое 0,114239 0,000045
такой 0,077412 0,000031
такую 0,334808 0,000133
талант 1,322219 0,000525
танец 1,866287 0,000741
твоего 0,787106 0,000312
твоему 0,912045 0,000362
твои 0,787106 0,001249
твоим 1,088136 0,000864
твоих 0,963197 0,000382
твой 0,735954 0,000584
твою 0,912045 0,000362
твоя 0,635838 0,000505
тебе 0,203530 0,000565
тебя 0,198834 0,000395
текст 0,000000 0,000000
тему 0,963197 0,000382
теперешний 1,167317 0,000463
теперь 0,015029 0,000042
тепле 1,866287 0,000741
терзает 1,866287 0,000741
терпеть 1,088136 0,000432
течет 1,565257 0,000621
тишине 1,468347 0,000583
тобой 0,419129 0,000333
тогда 0,050046 0,000159
того 0,005949 0,000012
тоже 0,043466 0,000017
только 0,002964 0,000018
томах 0,000000 0,000000
тому 0,095435 0,000076
тотчас 0,046743 0,000019
точно 0,121994 0,000048
точь 0,787106 0,001874
третий 0,544068 0,000216
третьего 0,662167 0,000263
третья 0,486076 0,000386
тысяч 0,451314 0,000358
тяпнул 1,866287 0,000741
убери 2,167317 0,001720
убирайтесь 2,167317 0,000860
убьет 0,936868 0,001115
уважать 0,963197 0,000764
уважаю 1,125925 0,000447
увидела 1,468347 0,000583
удалились 1,322219 0,000525
ударив 1,866287 0,000741
ударить 1,322219 0,000525
удивить 1,468347 0,001165
удивлял 1,690196 0,000671
уеду 1,322219 0,000525
укажу 1,690196 0,000671
украдет 1,468347 0,000583
украл 0,963197 0,000382
уложит 1,866287 0,000741
улыбнулся 0,533849 0,000212
умершим 0,000000 0,000000
уметь 1,322219 0,001049
умные 2,167317 0,000860
умным 1,021189 0,000405
умных 1,322219 0,000525
унимался 1,690196 0,000671
упал 0,675956 0,000268
упразднить 2,167317 0,000860
упразднят 2,167317 0,000860
упразднять 2,167317 0,000860
усмехнулся 0,443041 0,000352
усмешка 1,690196 0,000671
устроено 1,468347 0,000583
утверждал 1,389166 0,000551
утешит 1,866287 0,000741
федор 0,000000 0,000000
федорович 0,253503 0,000201
федоровича 0,426955 0,000169
федоровичу 0,599116 0,000238
философа 1,866287 0,000741
франц 0,635838 0,000505
хамы 2,167317 0,000860
харя 1,565257 0,000621
хитро 1,322219 0,000525
хлопнул 1,690196 0,000671
хмелел 1,866287 0,000741
хорошо 0,189594 0,000150
хоть 0,060107 0,000048
хотя 0,050046 0,000020
хочется 0,704919 0,000559
хочешь 0,544068 0,000432
христом 1,389166 0,000551
целую 0,735954 0,000292
церковь 0,912045 0,000362
цивилизации 1,690196 0,000671
чаек 2,167317 0,000860
часа 0,000000 0,000000
часть 0,002964 0,000002
чего 0,040213 0,000064
человек 0,036984 0,000029
человеком 0,504560 0,000200
человеку 0,459747 0,000182
червонец 2,167317 0,000860
чермашню 1,167317 0,000926
чернявку 2,167317 0,000860
черт 0,477121 0,001515
черта 0,845098 0,000671
черте 1,866287 0,000741
черточки 1,389166 0,000551
черточку 1,565257 0,000621
число 0,000000 0,000000
читаем 0,000000 0,000000
читать 0,000000 0,000000
чмокнул 1,866287 0,000741
чрезвычайно 0,217927 0,000086
чтоб 0,073896 0,000059
чувствах 1,167317 0,000463
чувствуется 1,866287 0,000741
чудотворный 2,167317 0,000860
чьего 0,000000 0,000000
шестьдесят 1,167317 0,000463
широк 1,565257 0,000621
штука 1,389166 0,000551
шульцу 2,167317 0,000860
этакая 1,468347 0,001165
этакого 1,565257 0,000621
этих 0,213075 0,000085
этом 0,046743 0,000037
этот 0,011981 0,000005
