автор 0,000000 0,000000
автором 0,000000 0,000000
авторского 0,000000 0,000000
авторы 0,000000 0,000000
аглае 0,866287 0,001625
аглаей 1,053374 0,000988
аглаи 0,991226 0,000697
аглаю 0,912045 0,000642
аглая 0,720159 0,002533
аделаидой 1,565257 0,000367
аделаиды 1,021189 0,000239
александровне 1,021189 0,000718
алексеевны 1,264227 0,000296
алексей 0,000000 0,000000
алексея 0,000000 0,000000
алчный 2,167317 0,000508
анекдот 0,991226 0,000930
ардалионович 0,805589 0,000189
ардалионовичу 1,125925 0,000264
ардалионовна 1,021189 0,000718
ардалионовны 1,264227 0,000296
атеисту 1,690196 0,000396
бегала 1,690196 0,000396
бедная 1,125925 0,000264
бедный 0,824895 0,000387
бежать 0,769377 0,000180
безумную 1,866287 0,000438
белоконская 1,389166 0,000326
бесовскую 2,167317 0,000508
беспокоиться 1,322219 0,000310
беспокойстве 0,991226 0,000232
беспокойство 0,936868 0,000220
бестолковый 1,866287 0,000438
бесчестною 2,167317 0,000508
бесчестным 1,690196 0,000396
библиотека 0,000000 0,000000
благосклонный 2,167317 0,000508
бледнея 1,690196 0,000396
бога 0,451314 0,000318
богатый 1,468347 0,000344
богу 0,434924 0,000102
боже 0,459747 0,000323
божественную 2,167317 0,000508
боитесь 1,264227 0,000296
боится 0,690196 0,000162
более 0,000000 0,000000
болеть 1,565257 0,000367
больна 1,322219 0,000310
большинством 1,866287 0,000438
большом 0,888564 0,000417
бормотал 0,720159 0,000169
боюсь 0,504560 0,000118
брак 1,053374 0,000247
брала 1,866287 0,000438
бросил 0,554533 0,000130
бросилась 0,648803 0,000152
бросились 1,167317 0,000274
бросить 0,963197 0,000226
будет 0,077412 0,000054
будто 0,099131 0,000046
буду 0,208276 0,000049
бурдовский 1,167317 0,000274
бывать 1,322219 0,000310
бывших 1,389166 0,000326
была 0,046743 0,000066
были 0,099131 0,000139
было 0,000000 0,000000
быстро 0,232819 0,000055
быстрота 1,866287 0,000438
быть 0,002964 0,000013
вагоне 1,167317 0,000274
вазу 1,468347 0,000344
варвара 0,963197 0,000678
варвары 1,088136 0,000255
вариаций 2,167317 0,000508
ваша 0,554533 0,000130
ваше 0,434924 0,000102
вашего 0,443041 0,000104
вашей 0,504560 0,000118
вашем 0,690196 0,000324
вашею 1,053374 0,000247
ваши 0,434924 0,000102
ваших 0,554533 0,000260
вашу 0,504560 0,000118
вдруг 0,005949 0,000010
ведь 0,043466 0,000183
велено 1,468347 0,000344
великодушную 2,167317 0,000508
великосветского 2,167317 0,000508
вера 0,769377 0,000180
верил 0,752344 0,000176
верит 0,991226 0,000232
вернее 1,053374 0,000247
вероятнее 0,912045 0,000214
вероятным 2,167317 0,000508
верстах 1,866287 0,000438
верует 1,322219 0,000310
веруя 1,389166 0,000326
веры 0,845098 0,000198
вестник 2,167317 0,000508
весь 0,099131 0,000023
весьма 0,243038 0,000456
вечер 0,477121 0,000112
вечера 0,623249 0,000292
вещей 0,936868 0,000220
вещь 0,720159 0,000169
вздумал 0,805589 0,000189
виде 0,434924 0,000102
видел 0,248239 0,000058
видели 0,495219 0,000232
видеть 0,381987 0,000179
видимым 1,125925 0,000264
видит 0,690196 0,000162
видите 0,396465 0,000372
вижу 0,286504 0,000134
визиты 0,000000 0,000000
вине 1,565257 0,000734
виноват 0,523865 0,000860
виноваты 1,021189 0,000239
владел 2,167317 0,000508
влюбился 1,213075 0,000284
вместе 0,208276 0,000049
вмешано 2,167317 0,000508
вовсе 0,150284 0,000070
возбудил 1,468347 0,000344
возбуждение 1,866287 0,000438
возвратилась 1,690196 0,000396
возможности 0,690196 0,000324
возможность 1,053374 0,000247
возможным 1,322219 0,000310
возмутительно 2,167317 0,000508
вознаграждения 0,000000 0,000000
возрастал 2,167317 0,000508
волю 1,264227 0,000296
вообще 0,459747 0,000216
вопрос 0,222835 0,000105
вопроса 0,704919 0,000165
вопросов 0,866287 0,000203
воротилась 1,053374 0,000247
воскликнул 0,309985 0,000073
восторг 0,888564 0,000208
восторга 0,720159 0,000169
восторгом 1,053374 0,000247
вполне 0,316059 0,000148
впрочем 0,118099 0,000083
вредных 2,167317 0,000508
времени 0,269690 0,000063
время 0,043466 0,000071
вроде 0,662167 0,000155
врожденной 2,167317 0,001017
всегда 0,129891 0,000091
всего 0,040213 0,000075
всей 0,248239 0,000058
всем 0,070407 0,000116
всему 0,486076 0,000114
всеобщее 1,322219 0,000620
всех 0,060107 0,000056
всею 0,888564 0,000208
вскакивая 1,565257 0,000367
вскричал 0,292256 0,000206
вскричать 2,167317 0,000508
вслух 0,533849 0,000125
встававший 2,167317 0,000508
вставая 1,088136 0,000255
встретив 1,322219 0,000310
встреч 2,167317 0,000508
всякие 1,213075 0,000284
всяких 0,991226 0,000232
всякой 0,635838 0,000149
входя 1,088136 0,000255
вчерашнем 1,565257 0,000367
вчерашний 1,264227 0,000296
выбежала 1,213075 0,000853
выбран 1,690196 0,000396
выводившим 2,167317 0,000508
выдержать 1,213075 0,000284
выдумала 1,690196 0,000396
выезда 1,866287 0,000438
выехали 1,690196 0,000793
выйдя 0,963197 0,000226
вынести 0,888564 0,000417
выносить 1,213075 0,000284
выплаты 0,000000 0,000000
выражаюсь 1,690196 0,000396
выражениях 1,565257 0,000367
выразил 1,167317 0,000274
выразиться 1,021189 0,000239
высказал 0,912045 0,000214
высказали 2,167317 0,000508
высокую 1,866287 0,000438
высшей 0,544068 0,000128
выходило 0,991226 0,000232
выше 0,720159 0,000169
вышло 0,523865 0,000123
гаврила 0,824895 0,000193
гавриле 1,125925 0,000264
газетах 1,088136 0,000255
генерал 0,554533 0,000130
генерала 0,662167 0,000155
генеральскую 2,167317 0,000508
героя 1,167317 0,000821
главе 1,213075 0,000284
глаза 0,129891 0,000091
глазах 0,459747 0,000431
глубоким 1,167317 0,000274
говорил 0,095435 0,000045
говорила 0,587534 0,000138
говорили 0,374926 0,000264
говорите 0,533849 0,000250
говорить 0,162996 0,000038
говорю 0,203530 0,000095
говоря 0,434924 0,000306
голова 0,787106 0,000185
головное 2,167317 0,000508
головной 1,690196 0,000396
головных 2,167317 0,000508
головой 0,533849 0,000125
головокружение 1,866287 0,000438
головою 1,565257 0,000734
голову 0,227798 0,000053
голос 0,533849 0,000125
гордость 0,963197 0,000226
городе 0,565257 0,000133
городу 0,888564 0,000417
горячась 1,468347 0,000344
горячих 1,565257 0,000367
господи 0,451314 0,000106
господином 1,322219 0,000310
господский 2,167317 0,000508
гостиной 0,888564 0,000208
гостиную 0,963197 0,000226
готовы 1,021189 0,000239
границу 0,991226 0,000465
грустную 1,690196 0,000396
грустью 1,690196 0,000396
давеча 0,232819 0,000055
даже 0,005949 0,000038
далее 0,648803 0,000152
дальше 0,002964 0,000001
данные 0,000000 0,000000
даром 0,769377 0,000361
дарьи 1,468347 0,000344
дачами 2,167317 0,000508
даче 1,053374 0,000247
дачники 1,690196 0,000396
дачников 1,866287 0,000438
двадцати 0,675956 0,000159
двумя 0,720159 0,000169
двух 0,264227 0,000186
девицы 1,021189 0,000239
девственнику 2,167317 0,000508
девушка 0,805589 0,000378
девушки 0,963197 0,000226
девушку 1,053374 0,000988
действительно 0,106619 0,000225
действительности 1,468347 0,000344
действительным 1,866287 0,000438
действующих 2,167317 0,000508
дела 0,309985 0,000145
делает 0,805589 0,000189
делаете 1,167317 0,000274
делается 1,088136 0,000255
деле 0,162996 0,000038
делиться 1,866287 0,000438
дело 0,063514 0,000089
делу 0,468347 0,000220
демократ 1,565257 0,000367
демократическое 2,167317 0,000508
демоническою 2,167317 0,000508
денег 0,309985 0,000073
день 0,162996 0,000650
деньги 0,280827 0,000066
деятельности 1,690196 0,000396
деятельность 1,389166 0,000326
дитя 0,912045 0,000642
днях 1,125925 0,000264
добродетельных 2,167317 0,000508
добрый 0,824895 0,000193
довольно 0,129891 0,000061
доказательство 1,088136 0,000255
доказать 0,936868 0,000220
должен 0,258832 0,000121
должно 0,286504 0,000202
должны 0,576253 0,000541
дома 0,298086 0,000140
домашним 1,565257 0,000367
доме 0,322219 0,000453
домой 0,459747 0,000431
дому 0,675956 0,000159
допускал 1,389166 0,000652
допускали 1,866287 0,000438
допустил 1,264227 0,000296
допустили 1,213075 0,000284
допустить 0,912045 0,000214
достаточно 1,264227 0,000296
достиг 1,167317 0,000548
достоевский 0,000000 0,000000
достойна 1,866287 0,000875
достояние 0,000000 0,000000
доходить 1,565257 0,000367
дочери 0,787106 0,000369
дочь 0,587534 0,000276
дошел 0,787106 0,000369
другая 0,648803 0,000304
другие 0,389166 0,000183
другим 0,533849 0,000250
другого 0,396465 0,000093
другое 0,309985 0,000145
другой 0,146128 0,000377
другую 0,495219 0,000232
дружбе 1,213075 0,000284
дружеском 1,866287 0,000438
друзьях 1,690196 0,000396
думаете 0,504560 0,000237
думал 0,258832 0,000182
думать 0,486076 0,000114
дурачок 1,565257 0,000367
духа 0,787106 0,000185
душой 0,824895 0,000193
евгений 0,866287 0,004063
евгения 0,963197 0,000678
единственно 0,477121 0,000336
ежедневно 1,021189 0,000239
ежедневными 2,167317 0,000508
ежедневных 2,167317 0,000508
ежечасно 1,565257 0,000367
елагинской 2,167317 0,000508
епанчина 1,125925 0,000264
епанчины 1,167317 0,000548
епанчиным 1,088136 0,000255
епанчиных 0,936868 0,001977
епископу 2,167317 0,000508
если 0,011981 0,000017
есть 0,018098 0,000034
жаждали 2,167317 0,000508
жажды 1,389166 0,000326
жалеть 1,322219 0,000310
жару 1,167317 0,000274
ждал 0,495219 0,000116
желаем 1,690196 0,000396
желания 1,088136 0,000255
желаниям 2,167317 0,000508
женитесь 1,866287 0,001751
жениться 0,912045 0,000214
жениха 1,167317 0,000548
женский 1,053374 0,000247
женского 1,125925 0,000264
женщин 0,888564 0,000208
женщина 0,396465 0,000465
женщине 0,991226 0,000930
женщиной 1,125925 0,000264
женщину 0,805589 0,000378
женюсь 1,468347 0,001722
жесткие 2,167317 0,000508
жестко 1,866287 0,000438
забормотал 1,468347 0,000344
забыл 0,328468 0,000077
забыть 0,623249 0,000146
завлечена 2,167317 0,000508
загадочных 2,167317 0,000508
заговаривания 2,167317 0,000508
заговорил 0,599116 0,000281
заговорить 1,021189 0,000239
задрожал 1,167317 0,000274
закачал 2,167317 0,000508
закон 1,125925 0,000264
залился 1,389166 0,000326
заметим 1,167317 0,000274
заметьте 0,936868 0,000220
запрошлую 2,167317 0,000508
запутался 1,690196 0,000396
затем 0,237898 0,000056
затемняют 2,167317 0,000508
затруднении 1,866287 0,000438
затрудняемся 2,167317 0,001017
захотела 1,021189 0,000239
зачем 0,146128 0,000069
заявить 1,125925 0,000528
званого 2,167317 0,000508
здесь 0,095435 0,000045
здравый 1,866287 0,000438
зеркале 2,167317 0,000508
знаем 1,088136 0,000766
знает 0,171682 0,000040
знаете 0,286504 0,000605
знакомого 1,088136 0,000255
знакомств 1,565257 0,000367
знакомстве 2,167317 0,000508
знал 0,114239 0,000080
знала 0,635838 0,000298
знать 0,328468 0,000077
значит 0,243038 0,000057
значительным 1,866287 0,000438
значительных 1,690196 0,000396
знаю 0,095435 0,000157
зная 0,623249 0,000146
иван 0,303994 0,000071
ивановна 0,486076 0,000570
ивановне 0,720159 0,000676
ивановной 0,963197 0,000452
ивановну 0,805589 0,000378
идиот 0,443041 0,000520
идиотом 1,264227 0,000296
идти 0,434924 0,000204
избавьте 1,866287 0,000438
известие 0,662167 0,000311
известно 0,334808 0,000157
известном 1,213075 0,000284
известною 1,690196 0,000396
известны 1,264227 0,000296
известных 1,213075 0,000284
извинительны 2,167317 0,000508
изгнание 1,866287 0,000438
изложением 1,468347 0,000344
изменилось 1,565257 0,000367
изукрашен 2,167317 0,000508
имеешь 1,264227 0,000296
имение 1,468347 0,000344
именно 0,066947 0,000079
имею 0,565257 0,000133
интерес 1,565257 0,000367
интересно 1,213075 0,000284
интриговать 2,167317 0,000508
ипполит 0,675956 0,000317
ипполита 0,888564 0,000625
искреннего 1,468347 0,000344
искренно 0,523865 0,000123
исполнил 1,088136 0,000255
использоваться 0,000000 0,000000
испуганная 1,389166 0,000326
испуге 0,690196 0,000162
истерике 0,991226 0,000232
истерическом 1,468347 0,000344
истина 1,088136 0,000255
истинные 1,866287 0,000438
истолкование 2,167317 0,000508
истории 0,752344 0,000176
историю 0,845098 0,000396
история 0,845098 0,000198
источник 0,000000 0,000000
июля 2,167317 0,001017
каждодневно 1,866287 0,000438
каждом 1,053374 0,000247
каждый 0,367977 0,000173
кажется 0,118099 0,000083
какая 0,194189 0,000046
какими 0,888564 0,000208
какого 0,347773 0,000163
какой 0,095435 0,000045
какую 0,419129 0,000098
картина 0,991226 0,000232
картину 1,053374 0,000247
качал 1,389166 0,000326
келлер 0,991226 0,000465
келлера 1,167317 0,000274
кинулась 1,565257 0,000367
китайскую 1,866287 0,000438
клоню 2,167317 0,000508
клятвы 1,866287 0,000438
книг 1,213075 0,000569
книги 0,000000 0,000000
князем 0,704919 0,000661
князь 0,477121 0,004364
князю 0,504560 0,000473
князя 0,468347 0,000769
когда 0,015029 0,000039
колмине 2,167317 0,000508
колмино 2,167317 0,001017
коля 0,565257 0,000133
коляске 1,468347 0,000344
комаров 0,000000 0,000000
конечно 0,060107 0,000085
кончилось 0,845098 0,000198
кончиться 2,167317 0,000508
кормиться 2,167317 0,000508
короче 1,389166 0,000652
косвенно 1,322219 0,000310
которого 0,198834 0,000093
которое 0,426955 0,000200
котором 0,347773 0,000163
которые 0,189594 0,000178
который 0,110412 0,000052
красавиц 1,866287 0,000438
красавица 1,167317 0,000274
краснеть 1,389166 0,000326
красноречия 1,690196 0,000396
красотой 1,322219 0,000620
краткости 1,866287 0,000438
крепко 0,443041 0,000104
кроме 0,158717 0,000037
кроткою 2,167317 0,000508
кстати 0,468347 0,000110
куда 0,248239 0,000116
лебедева 0,752344 0,000882
лебедеве 1,565257 0,000367
лебедевой 1,468347 0,000344
легло 2,167317 0,000508
легче 0,787106 0,000185
лежала 1,021189 0,000239
либеральных 2,167317 0,000508
либо 0,000000 0,000000
лизавета 0,662167 0,000311
лизавете 0,963197 0,000452
лизавету 0,866287 0,000406
литература 0,000000 0,000000
лица 0,322219 0,000227
лицам 1,468347 0,000344
лице 0,403889 0,000095
лицо 0,114239 0,000134
лицом 0,000000 0,000000
личного 1,125925 0,000264
лишь 0,185046 0,000043
лобызания 1,866287 0,000438
ложью 1,866287 0,001313
лореткой 2,167317 0,000508
лучше 0,162996 0,000038
любви 0,504560 0,000355
любвями 2,167317 0,000508
любезно 1,088136 0,000255
любил 0,374926 0,000176
любила 0,845098 0,000396
любили 0,866287 0,000406
любимой 1,565257 0,000367
любит 0,389166 0,000183
любить 0,523865 0,000246
люблю 0,347773 0,000082
любовнице 2,167317 0,000508
любовницы 1,690196 0,000396
любопытство 0,866287 0,000203
любопытством 0,459747 0,000108
любым 0,000000 0,000000
любя 1,213075 0,000569
людей 0,298086 0,000070
люди 0,269690 0,000063
малейшего 0,720159 0,000169
мало 0,208276 0,000098
массы 1,690196 0,000396
мать 0,389166 0,000183
медля 1,565257 0,000367
между 0,129891 0,000061
меньше 0,787106 0,000185
меня 0,027438 0,000032
меры 1,021189 0,000239
места 0,389166 0,000091
месяца 0,477121 0,000224
милый 0,477121 0,000224
минуту 0,084532 0,000099
мнению 0,845098 0,000396
мнения 0,936868 0,000220
многим 0,912045 0,000214
многих 0,704919 0,000165
много 0,080958 0,000095
многого 0,991226 0,000232
многом 1,125925 0,000264
множество 0,936868 0,000220
могла 0,286504 0,000067
могли 0,374926 0,000352
могу 0,171682 0,000161
могут 0,495219 0,000116
можем 1,053374 0,000247
может 0,000000 0,000000
можно 0,088136 0,000083
молодой 0,381987 0,000179
молча 0,367977 0,000086
мольбе 1,690196 0,000396
момент 0,720159 0,000169
момента 0,000000 0,000000
москву 0,845098 0,000198
музыку 1,322219 0,000620
мучительном 1,468347 0,000344
мыслей 0,735954 0,000173
мысль 0,264227 0,000062
наблюдал 1,125925 0,000264
набросились 2,167317 0,001017
наверно 0,264227 0,000248
наверх 0,888564 0,000208
наглый 1,690196 0,000396
наглядный 2,167317 0,000508
наглядных 2,167317 0,000508
надменных 2,167317 0,000508
надо 0,036984 0,000017
наедине 0,936868 0,000220
назад 0,000000 0,000000
название 0,000000 0,000000
названия 1,565257 0,000367
назначен 1,565257 0,000734
назначена 1,690196 0,000396
назначение 1,565257 0,000367
назначенная 2,167317 0,000508
называют 1,125925 0,000264
найти 0,000000 0,000000
накануне 0,662167 0,000155
наконец 0,073896 0,000035
намекать 1,565257 0,000367
намеревается 2,167317 0,000508
нами 0,648803 0,000152
напечатан 2,167317 0,000508
написано 0,000000 0,000000
напишу 1,264227 0,000296
наплывной 2,167317 0,000508
например 0,298086 0,000210
напролет 1,565257 0,000367
напротив 0,180546 0,000085
народ 0,735954 0,000173
нарочно 0,227798 0,000321
насилия 1,690196 0,000396
настаивала 1,468347 0,000689
настаивать 1,565257 0,000367
настасье 0,936868 0,000879
настасьей 1,021189 0,000239
настасьи 0,845098 0,001982
настасью 0,888564 0,000208
настасья 0,805589 0,000567
настолько 1,264227 0,000296
настоящий 1,021189 0,000239
настоящую 1,021189 0,000239
насчет 0,354404 0,000166
натура 1,264227 0,000296
наука 0,000000 0,000000
находит 1,690196 0,000396
находят 1,389166 0,000326
начал 0,137934 0,000032
начала 0,381987 0,000179
начале 0,787106 0,000369
начало 1,053374 0,000247
началось 1,053374 0,000494
начинает 0,991226 0,000232
начинал 0,662167 0,000155
начиная 0,991226 0,000232
нашего 0,396465 0,000372
нашей 0,599116 0,000141
нашелся 1,213075 0,000284
нашему 0,888564 0,000208
наших 0,690196 0,000162
нашла 1,213075 0,000284
нашли 0,805589 0,000567
нашу 0,824895 0,000193
неведомую 1,866287 0,000438
невероятное 2,167317 0,000508
невероятный 1,866287 0,000438
невесту 1,125925 0,000264
невесты 1,213075 0,000853
невинна 1,565257 0,000367
невыносимую 2,167317 0,000508
невыразимой 1,866287 0,000438
него 0,000000 0,000000
негодовал 1,866287 0,000875
негодовала 1,866287 0,000438
негодование 1,021189 0,000479
негодовании 0,912045 0,000428
негодованию 1,690196 0,000396
негодования 0,845098 0,000198
недели 0,565257 0,000265
недель 0,991226 0,000465
недоумение 1,167317 0,000274
незнакомом 2,167317 0,000508
неизвестно 0,936868 0,000220
некоторое 0,486076 0,000114
некоторые 0,533849 0,000125
некоторым 0,690196 0,000324
нельзя 0,176091 0,000083
немало 1,389166 0,000326
нему 0,080958 0,000019
ненавистных 2,167317 0,000508
необходимым 1,125925 0,000264
необыкновенном 1,690196 0,000396
необычайного 1,389166 0,000326
необычайною 1,690196 0,000396
неожиданно 0,523865 0,000123
неожиданной 1,565257 0,000367
неожиданных 1,565257 0,000367
неопределенном 1,866287 0,000438
неопровержимых 2,167317 0,000508
неопытной 1,866287 0,000438
неопытности 1,690196 0,000396
непосредственные 2,167317 0,000508
непосредственным 1,866287 0,000438
непотерянная 2,167317 0,000508
непременно 0,133894 0,000126
неприязненно 2,167317 0,000508
неразъясненными 2,167317 0,000508
нервном 1,565257 0,000367
нервы 1,565257 0,000734
нередко 1,322219 0,000310
несерьезно 1,565257 0,000367
несколькими 1,690196 0,000396
несколько 0,102859 0,000096
несмотря 0,275223 0,000452
несчастный 0,824895 0,000193
неужели 0,389166 0,000091
нечто 0,389166 0,000091
неясным 1,866287 0,000438
нибудь 0,030597 0,000022
нигилизма 1,866287 0,000875
нигилизме 2,167317 0,000508
нигилистических 2,167317 0,000508
никак 0,396465 0,000186
никакого 0,403889 0,000095
никогда 0,088136 0,000083
николаевич 0,805589 0,000189
никому 0,504560 0,000118
никто 0,185046 0,000043
нимало 0,991226 0,000232
ними 0,275223 0,000194
нине 1,213075 0,000853
нисколько 0,662167 0,000155
ничего 0,030597 0,000050
новый 0,648803 0,000152
ночи 0,675956 0,000159
ночь 0,248239 0,000175
нравов 1,565257 0,000367
нужным 0,936868 0,000220
нынешнюю 2,167317 0,000508
обаяние 1,690196 0,000396
обвенчаться 1,690196 0,000396
обеих 0,866287 0,000203
обернулось 1,565257 0,000367
обетованную 2,167317 0,000508
обиженной 1,690196 0,000396
обиняков 1,565257 0,000367
обманули 1,468347 0,000344
обманывать 1,690196 0,000396
обморок 1,088136 0,000255
обмороке 1,690196 0,000396
обнаруженном 2,167317 0,000508
обольстителя 1,565257 0,000367
обошлись 1,690196 0,000396
обрадовался 0,888564 0,000208
образ 0,888564 0,000208
обращаются 2,167317 0,000508
обругать 2,167317 0,000508
обряды 2,167317 0,000508
обстоятельств 1,088136 0,000255
обществе 0,675956 0,000159
общественное 0,000000 0,000000
общество 0,991226 0,000232
объявила 0,963197 0,000226
объявить 1,021189 0,000239
объяснение 0,845098 0,000198
объяснений 1,389166 0,000652
объяснил 0,752344 0,000353
объяснить 0,623249 0,000585
объясниться 1,125925 0,000264
объятия 1,322219 0,000310
обыкновенную 1,389166 0,000326
ограничиться 1,690196 0,000396
огромной 1,322219 0,000310
один 0,046743 0,000033
одна 0,185046 0,000217
однако 0,102859 0,000048
одно 0,099131 0,000070
одну 0,232819 0,000055
одушевлением 1,690196 0,000396
ожидать 1,125925 0,000264
околдованы 2,167317 0,000508
окрестностям 2,167317 0,000508
опасности 1,264227 0,000296
опозоренною 2,167317 0,000508
опозоренную 2,167317 0,000508
опозорить 1,565257 0,000367
опомнитесь 1,690196 0,000396
оправдать 1,088136 0,000510
определить 1,167317 0,000274
опубликовано 0,000000 0,000000
опять 0,027438 0,000039
осведомился 0,888564 0,000208
осенью 1,866287 0,000438
оскорблением 1,866287 0,000438
оскорбления 1,322219 0,000310
особенно 0,129891 0,000091
особых 1,167317 0,000548
оставались 1,468347 0,000689
оставалось 0,991226 0,000465
оставаться 0,769377 0,000180
осталась 0,866287 0,000203
остальные 0,704919 0,000165
останется 0,704919 0,000165
остановить 0,991226 0,000232
отвезите 2,167317 0,000508
отвернулся 1,088136 0,000255
ответить 0,735954 0,000173
отвлеченный 2,167317 0,000508
отвратительного 1,690196 0,000396
отдал 0,866287 0,000203
отец 0,316059 0,000074
отказ 1,468347 0,000344
отказавшись 1,866287 0,000438
отказали 1,866287 0,000438
отказался 1,213075 0,000284
отказать 1,167317 0,000274
отказаться 1,167317 0,000274
отказе 1,866287 0,000438
отказы 1,866287 0,000438
отказывали 2,167317 0,000508
отказываясь 1,866287 0,000438
откровенность 1,690196 0,000396
открыто 1,213075 0,000284
относилась 2,167317 0,000508
отношений 1,389166 0,000326
отношения 1,021189 0,000479
отправлялся 1,690196 0,000396
отступлением 2,167317 0,000508
отсутствия 1,690196 0,000396
оттенков 2,167317 0,001017
оттепель 1,690196 0,000396
отчасти 0,611015 0,000143
отчаяние 1,053374 0,000247
отчего 0,554533 0,000130
оформление 0,000000 0,000000
очень 0,024303 0,000023
ошеломлен 1,565257 0,000367
павлович 0,419129 0,001966
павловича 0,451314 0,000318
павловска 1,565257 0,000367
павловске 1,053374 0,001235
падучую 1,468347 0,000344
палец 0,991226 0,000232
пальцам 1,468347 0,000344
пальце 1,389166 0,000326
первое 0,565257 0,000133
первые 0,787106 0,000185
первый 0,248239 0,000116
первым 0,769377 0,000180
первых 0,367977 0,000086
переговорили 1,866287 0,000438
передав 1,690196 0,000396
передать 0,690196 0,000162
передают 2,167317 0,001017
передумал 1,468347 0,000344
переехали 1,565257 0,000367
перешло 0,000000 0,000000
петербурга 0,866287 0,000203
петербургскую 1,866287 0,000438
печатает 1,866287 0,000438
письмо 0,544068 0,000383
письмом 1,167317 0,000274
пламенной 1,690196 0,000396
плачущих 2,167317 0,000508
побежал 0,623249 0,000146
побледнел 0,704919 0,000165
побоялся 1,264227 0,000296
повторяем 2,167317 0,000508
подборка 0,000000 0,000000
подняв 1,264227 0,000296
подобно 1,167317 0,000548
подозреваем 2,167317 0,000508
подробно 1,053374 0,000247
подсказал 1,088136 0,000255
подтвердил 0,690196 0,000162
подтверждалось 2,167317 0,000508
подымающую 2,167317 0,000508
поедемте 1,866287 0,000875
поедет 1,389166 0,000326
пожелала 1,213075 0,000284
позабыв 1,690196 0,000396
позвольте 0,523865 0,000123
позволят 1,866287 0,000438
пойдемте 0,888564 0,001042
поймет 1,167317 0,001916
пока 0,213075 0,000050
покажу 0,991226 0,000232
показалось 0,495219 0,000116
показаться 1,565257 0,000734
покачал 1,866287 0,000438
покинуть 2,167317 0,000508
поклона 1,690196 0,000396
поклонения 1,866287 0,000438
полгода 0,963197 0,000226
полнейший 1,866287 0,000438
положение 0,866287 0,000406
положении 0,704919 0,000331
получал 1,468347 0,000344
помалу 0,675956 0,000159
поместительный 2,167317 0,000508
помешавшийся 2,167317 0,000508
помилуйте 0,824895 0,000193
помнить 0,991226 0,000232
помню 0,486076 0,000114
понизил 1,866287 0,000438
понимал 0,554533 0,000130
понимаю 0,381987 0,000090
понял 0,396465 0,000093
понятия 1,125925 0,000264
понятно 0,936868 0,000220
понять 0,396465 0,000186
поплелся 2,167317 0,000508
попросили 1,264227 0,000296
поражен 0,866287 0,000203
поразили 1,264227 0,000296
поразило 0,720159 0,000169
порвал 1,690196 0,000396
порвать 1,565257 0,000367
портрете 1,468347 0,000344
поручений 1,866287 0,000438
посвятить 1,866287 0,000438
посвящения 2,167317 0,000508
поселиться 2,167317 0,000508
посетив 2,167317 0,000508
посетителей 0,000000 0,000000
посетители 0,000000 0,000000
посещений 1,866287 0,000438
поскорее 0,486076 0,000228
послал 0,720159 0,000169
после 0,084532 0,000218
последнее 0,486076 0,000228
последней 0,623249 0,000146
послушайте 0,787106 0,000185
посмертно 0,000000 0,000000
постараемся 2,167317 0,000508
постели 0,787106 0,000185
постоянно 0,824895 0,000193
посчастливилось 2,167317 0,000508
потащил 1,468347 0,000344
потерянная 1,866287 0,000438
потерянной 1,690196 0,000396
потерянных 2,167317 0,000508
потеряться 1,690196 0,000396
потом 0,084532 0,000079
потому 0,024303 0,000051
потрясающую 2,167317 0,000508
почему 0,099131 0,000046
почестей 1,690196 0,000396
почтенных 1,690196 0,000396
почти 0,024303 0,000063
появление 1,125925 0,000264
правда 0,162996 0,000076
правдоподобное 2,167317 0,000508
правду 0,443041 0,000104
правы 1,021189 0,001437
превосходных 2,167317 0,000508
пред 0,033778 0,000032
предложение 0,963197 0,000452
предложением 1,389166 0,000326
предложила 1,690196 0,000396
представил 1,125925 0,000264
представим 1,866287 0,000438
представлен 1,690196 0,000396
представлялся 1,264227 0,000296
представляя 1,866287 0,000438
предстоящего 1,565257 0,000367
предуведомление 1,866287 0,000438
предыдущими 2,167317 0,000508
прежде 0,077412 0,000054
прежние 1,088136 0,000255
прекрасную 1,690196 0,000396
преувеличение 1,565257 0,000367
прибавил 0,275223 0,000129
прибавляли 1,690196 0,000396
прибавьте 1,389166 0,001955
прибежала 1,213075 0,000284
приводили 1,565257 0,000367
придано 2,167317 0,000508
приезжающие 2,167317 0,000508
прижизненно 0,000000 0,000000
призвание 2,167317 0,000508
признаемся 2,167317 0,000508
признакам 1,322219 0,000310
приключение 1,322219 0,000310
приключения 1,213075 0,000284
пример 1,125925 0,000528
примере 1,866287 0,000438
принадлежавшие 2,167317 0,000508
принес 0,805589 0,000189
принимаете 1,167317 0,000274
принимали 1,213075 0,000284
принявший 2,167317 0,000508
приняла 1,125925 0,000264
приняли 1,125925 0,000264
принялись 1,565257 0,000367
принят 1,213075 0,000284
принято 1,125925 0,000264
принять 0,523865 0,000369
природные 2,167317 0,000508
природы 1,021189 0,000239
пристально 0,389166 0,000091
приступать 1,690196 0,000396
приступил 1,389166 0,000326
приходила 1,167317 0,000274
причине 1,322219 0,000310
пришел 0,322219 0,000076
пробормотал 0,334808 0,000079
проводил 1,264227 0,000296
провозгласил 0,991226 0,000232
проговорил 0,154480 0,000036
программирование 0,000000 0,000000
прогулки 1,690196 0,000396
продолжал 0,292256 0,000069
продолжение 0,912045 0,000428
продолжением 1,866287 0,000438
продолжению 2,167317 0,000508
произведение 0,000000 0,000000
произведений 0,000000 0,000000
произведения 0,000000 0,000000
произведя 1,866287 0,000438
произвело 0,991226 0,000232
произошло 0,495219 0,000116
происходило 0,845098 0,000198
происшедшего 1,866287 0,000875
происшедшее 1,565257 0,000367
происшедшую 1,866287 0,000438
прокофьевна 0,752344 0,000353
прокофьевне 0,963197 0,000452
прокофьевну 0,936868 0,000439
промежду 2,167317 0,000508
пропустили 1,690196 0,000396
просил 0,599116 0,000141
простите 0,648803 0,000304
просто 0,232819 0,000109
простодушие 1,389166 0,000326
простодушия 1,565257 0,000367
простодушное 1,213075 0,000284
простой 1,088136 0,000255
простым 1,690196 0,000396
просьбе 1,053374 0,000247
против 0,389166 0,000183
противоречат 2,167317 0,000508
протянул 0,675956 0,000159
прочих 1,322219 0,000310
прочли 1,125925 0,000264
прошедшем 1,866287 0,000438
прошептал 0,675956 0,000159
прошло 0,000000 0,000000
прощена 2,167317 0,000508
прямо 0,118099 0,000138
прямое 1,690196 0,000396
прямым 1,690196 0,000396
психологией 1,690196 0,000396
психологии 1,322219 0,000310
птицына 1,167317 0,000274
публикации 0,000000 0,000000
публике 0,936868 0,000220
публики 1,213075 0,000284
публично 1,213075 0,001138
пускают 1,690196 0,000793
пустили 1,866287 0,000438
пусть 0,253503 0,000059
пустяки 1,213075 0,000284
путешествии 2,167317 0,000508
пылом 2,167317 0,000508
равно 0,303994 0,000428
ради 0,752344 0,000882
радушия 2,167317 0,000508
разберу 1,866287 0,000438
разбить 1,389166 0,000652
разве 0,146128 0,000240
развернул 1,053374 0,000247
развратника 1,866287 0,000438
развязало 2,167317 0,000508
разговоре 0,963197 0,000226
разделение 1,690196 0,000396
разделить 1,690196 0,000396
раздражена 1,468347 0,000344
раздумье 1,125925 0,000264
разлучница 1,866287 0,000438
разными 1,322219 0,000310
разных 0,866287 0,000406
разрешения 0,000000 0,000000
разумеется 0,328468 0,000077
разумно 1,866287 0,000438
разумных 1,690196 0,000396
разъезжал 2,167317 0,000508
разъяснения 1,690196 0,000396
разъясняют 2,167317 0,000508
раньше 0,599116 0,000141
распорядился 1,264227 0,000296
распоряжению 1,565257 0,000367
распространившихся 1,866287 0,000438
распространяющийся 2,167317 0,000508
рассеянно 0,991226 0,000232
рассказа 0,845098 0,000396
рассказал 0,587534 0,000138
рассказанного 2,167317 0,000508
рассказывали 0,936868 0,000879
рассказывать 0,704919 0,000331
рассмеялся 0,805589 0,000189
расстались 1,322219 0,000310
расстроен 1,389166 0,000326
расхохоталась 1,322219 0,000620
ревность 1,167317 0,000274
решил 0,514105 0,000121
решительно 0,341243 0,000160
ровно 0,533849 0,000125
рогожин 0,704919 0,000165
рогожиным 0,936868 0,000220
роде 0,504560 0,000237
родины 2,167317 0,000508
родителей 1,213075 0,000284
родители 1,167317 0,000548
родителях 2,167317 0,000508
родовой 1,565257 0,000367
россии 0,623249 0,000146
россию 0,866287 0,000203
рукав 1,866287 0,000438
руки 0,167317 0,000039
русская 0,000000 0,000000
русски 0,991226 0,000232
рыцарю 1,866287 0,000438
сайте 0,000000 0,000000
сами 0,142011 0,000266
самим 0,769377 0,000180
самих 1,264227 0,000296
самого 0,118099 0,000111
самое 0,167317 0,000078
самой 0,258832 0,000061
самом 0,114239 0,000054
самому 0,426955 0,000100
самый 0,198834 0,000047
сановников 2,167317 0,000508
сбивают 2,167317 0,000508
свадьба 1,264227 0,001186
свадьбе 1,389166 0,000326
свадьбу 1,468347 0,000344
свадьбы 1,213075 0,000853
светом 1,322219 0,000310
светское 2,167317 0,000508
свечке 1,565257 0,000734
свидании 1,389166 0,000326
свободная 2,167317 0,000508
свободно 0,000000 0,000000
свое 0,150284 0,000070
своего 0,091770 0,000022
своей 0,066947 0,000141
своем 0,198834 0,000187
своему 0,367977 0,000173
свои 0,146128 0,000069
своим 0,208276 0,000049
своих 0,237898 0,000056
свой 0,189594 0,000089
свою 0,073896 0,000035
связи 1,167317 0,000274
священника 1,468347 0,000344
сделали 0,787106 0,000369
сделалось 1,389166 0,000326
себе 0,033778 0,000016
себя 0,005949 0,000013
сегодня 0,000000 0,000000
седьмой 1,866287 0,000438
сейчас 0,070407 0,000050
семейства 0,690196 0,000162
семидесяти 0,000000 0,000000
семинаристу 2,167317 0,000508
сердце 0,171682 0,000121
серьезно 0,419129 0,000098
серьезного 1,866287 0,000438
серьезное 1,213075 0,000284
серьезными 2,167317 0,000508
сестер 1,264227 0,000296
сестрах 2,167317 0,000508
сидел 0,322219 0,000076
силах 0,623249 0,000146
сильно 0,292256 0,000137
сильным 1,322219 0,000310
скажем 1,389166 0,000326
скажите 0,576253 0,000135
сказано 0,662167 0,000155
сказать 0,073896 0,000121
скандал 1,053374 0,000247
скандала 1,389166 0,000326
скандалами 2,167317 0,000508
скандальная 2,167317 0,000508
скандальную 1,866287 0,000438
складывая 1,690196 0,000396
сколько 0,280827 0,000066
скомпрометировать 1,866287 0,000438
скорей 0,845098 0,000396
скоро 0,298086 0,000070
скрывая 1,322219 0,000310
слагает 2,167317 0,000508
слезами 0,554533 0,000130
слезы 0,554533 0,000130
слишком 0,133894 0,000031
слов 0,367977 0,000086
слова 0,129891 0,000091
словам 0,888564 0,000208
слово 0,232819 0,000055
слоя 1,866287 0,000438
слугам 1,468347 0,000344
слух 1,167317 0,000274
слухах 1,866287 0,000875
слухи 1,322219 0,000310
случае 0,248239 0,000058
случай 0,443041 0,000104
случаях 0,599116 0,000141
слушал 0,576253 0,000135
слушая 0,991226 0,000232
смотрел 0,298086 0,000070
смотрела 0,769377 0,000180
смотрели 0,769377 0,000180
смотря 0,322219 0,000076
смущение 1,264227 0,000593
смущении 0,963197 0,000452
смысл 0,991226 0,000232
соберется 1,866287 0,000438
собой 0,253503 0,000178
собрание 0,000000 0,000000
собственной 1,088136 0,000255
собственных 0,991226 0,000232
событие 1,690196 0,000396
события 1,264227 0,001186
совершенно 0,180546 0,000466
совершится 1,468347 0,000344
современной 2,167317 0,000508
современном 2,167317 0,000508
совсем 0,021189 0,000020
согласен 0,648803 0,000456
согласилась 1,468347 0,000344
согласился 0,735954 0,000173
согласитесь 0,845098 0,000595
согласия 0,000000 0,000000
сожжет 2,167317 0,000508
сознавались 2,167317 0,000508
сознался 1,264227 0,000296
сокровище 1,468347 0,000344
сомнения 0,523865 0,000246
сообщал 1,389166 0,000326
сообщил 0,824895 0,000193
соперницей 1,866287 0,000438
сопротивляясь 2,167317 0,000508
соседним 2,167317 0,000508
составился 1,866287 0,000438
составить 1,468347 0,000344
состояние 0,805589 0,000189
состоят 1,866287 0,000438
сострадание 1,088136 0,000255
сострадания 1,053374 0,000494
сочинений 0,000000 0,000000
сочувствуем 2,167317 0,000508
спал 0,690196 0,000162
спала 1,213075 0,000284
спешат 1,866287 0,000438
сплетни 1,690196 0,000396
сплетниками 2,167317 0,000508
способствовал 1,468347 0,000344
справедливо 0,805589 0,000189
спросил 0,222835 0,000052
спросили 1,213075 0,000284
спросить 0,495219 0,000116
спустя 0,533849 0,000250
срама 1,866287 0,000438
ставить 1,468347 0,000344
стал 0,125925 0,000030
стало 0,091770 0,000086
становился 0,824895 0,000193
стараются 1,866287 0,000438
старое 1,468347 0,000344
степени 0,389166 0,000365
стороны 0,185046 0,000174
стояли 0,690196 0,000162
страдала 1,389166 0,000326
странная 0,824895 0,000193
странную 1,322219 0,000310
странны 1,866287 0,000438
странный 0,787106 0,000369
странным 0,752344 0,000176
странными 1,322219 0,000310
странных 1,389166 0,000326
страну 1,866287 0,000438
страх 0,963197 0,000226
страхом 0,912045 0,000214
страху 0,845098 0,000198
стремились 2,167317 0,000508
стремился 1,565257 0,000367
сумасшедшая 1,088136 0,000255
сумасшествие 1,468347 0,000344
суток 1,322219 0,000310
сфальшивил 2,167317 0,000508
сцен 2,167317 0,000508
сцену 0,845098 0,000198
счастие 1,322219 0,000310
счастье 0,787106 0,000185
считает 1,088136 0,000255
считаете 1,264227 0,000296
таинственно 1,213075 0,000284
такая 0,309985 0,000073
также 0,000000 0,000000
таки 0,066947 0,000016
таких 0,243038 0,000171
такого 0,243038 0,000057
такое 0,114239 0,000161
такой 0,077412 0,000073
таком 0,309985 0,000073
такую 0,334808 0,000079
текст 0,000000 0,000000
теперь 0,015029 0,000042
тихою 1,389166 0,000326
тогда 0,050046 0,000129
тогдашний 1,322219 0,000310
того 0,005949 0,000024
тоже 0,043466 0,000041
толкование 1,565257 0,000367
толкованию 1,565257 0,000367
толку 0,912045 0,000214
только 0,002964 0,000012
томах 0,000000 0,000000
тому 0,095435 0,000022
тонкое 1,468347 0,000344
торжественного 1,866287 0,000438
торопила 1,866287 0,000438
торопливо 1,167317 0,000274
тоске 1,053374 0,000494
тоску 1,264227 0,000296
тотчас 0,046743 0,000055
точности 0,866287 0,000406
точные 1,565257 0,000367
точных 1,565257 0,000367
трех 0,374926 0,000088
трое 0,824895 0,000193
трудно 0,459747 0,000108
туда 0,495219 0,000116
туземцы 2,167317 0,000508
тургеневым 2,167317 0,000508
тысячу 0,769377 0,000180
убежала 1,053374 0,000247
убеждении 1,264227 0,000296
убеждений 1,389166 0,000326
убеждения 0,991226 0,000232
убеждениями 2,167317 0,000508
убила 1,690196 0,000396
уважения 0,963197 0,000226
уведомить 1,389166 0,000326
уверенности 1,322219 0,000310
уверив 2,167317 0,000508
уверяли 1,468347 0,000689
увеселительный 2,167317 0,000508
увидала 1,125925 0,000264
увлекаюсь 2,167317 0,000508
увлекаясь 1,690196 0,000396
увлекся 1,322219 0,000310
увлечение 1,565257 0,000367
угрозы 1,690196 0,000396
удивил 1,264227 0,000296
удивило 1,264227 0,000296
удовлетворяет 2,167317 0,000508
удовольствии 1,389166 0,000326
удовольствия 0,991226 0,000232
уезжала 1,866287 0,000438
ужасно 0,167317 0,000118
ужасной 1,213075 0,000284
ужасном 1,053374 0,000247
узнает 0,912045 0,000214
узнал 0,381987 0,000090
узнать 0,374926 0,000088
улицам 1,389166 0,000326
улучив 1,690196 0,000396
улыбкой 0,468347 0,000110
умереть 0,936868 0,000220
умерла 0,963197 0,000452
умершим 0,000000 0,000000
умеющий 1,690196 0,000396
умны 1,322219 0,000620
умрет 0,824895 0,000193
умру 0,805589 0,000378
унизить 1,866287 0,000875
упала 1,125925 0,000264
упоении 1,264227 0,000296
уполномочив 2,167317 0,000508
уполномочил 2,167317 0,000508
упорствуете 2,167317 0,001017
упрекающих 2,167317 0,000508
усилением 1,690196 0,000396
условно 2,167317 0,000508
услышал 0,824895 0,000193
услышали 1,213075 0,000284
усталость 1,565257 0,000367
утвердительно 1,125925 0,000264
утверждал 1,389166 0,000326
утешение 1,565257 0,000367
утром 0,411442 0,000096
уходил 1,213075 0,000284
уходила 1,389166 0,000326
ушел 0,599116 0,000141
уяснить 1,866287 0,000438
фактами 1,866287 0,000438
фактах 1,866287 0,000438
фактов 0,991226 0,000465
факты 0,991226 0,000465
фальшивое 2,167317 0,000508
фамилии 1,088136 0,000255
фантазия 1,053374 0,000247
фантастических 1,866287 0,000438
фантастическом 2,167317 0,000508
фантастическою 2,167317 0,000508
федор 0,000000 0,000000
федорович 0,253503 0,000059
феноменального 2,167317 0,000508
филипповна 0,824895 0,000580
филипповне 0,936868 0,000879
филипповной 1,021189 0,000239
филипповну 0,888564 0,000208
филипповны 0,845098 0,001982
французу 2,167317 0,000508
фундамент 2,167317 0,000508
характеристики 1,690196 0,000396
хитрое 1,565257 0,000367
хлопоты 1,565257 0,001101
хозяйственные 2,167317 0,000508
хорошей 1,167317 0,000274
хорошо 0,189594 0,000089
хотел 0,158717 0,000074
хотите 0,419129 0,000295
хотя 0,050046 0,000023
хочет 0,322219 0,000151
хочу 0,243038 0,000057
храме 1,565257 0,000367
христианское 1,690196 0,000396
целые 0,787106 0,000185
целым 1,167317 0,000274
церемонии 1,125925 0,000528
церемониймейстер 2,167317 0,000508
церковные 2,167317 0,000508
часа 0,000000 0,000000
часам 1,213075 0,000284
часть 0,002964 0,000001
часу 0,720159 0,000169
чего 0,040213 0,000038
человек 0,036984 0,000043
чему 0,341243 0,000160
честное 1,088136 0,000255
честном 2,167317 0,000508
честностью 2,167317 0,000508
честный 1,021189 0,000239
четвертая 0,426955 0,000200
числе 0,912045 0,000214
число 0,000000 0,000000
чистую 1,213075 0,000284
чистый 1,213075 0,000284
читаем 0,000000 0,000000
читателей 1,468347 0,000344
читатель 1,322219 0,000310
читателю 1,264227 0,000296
читать 0,000000 0,000000
чрез 0,275223 0,000194
чрезвычайно 0,217927 0,000153
чрезвычайное 0,735954 0,000345
чрезвычайною 0,991226 0,000232
чрезвычайным 0,720159 0,000338
чтоб 0,073896 0,000017
чтобы 0,030597 0,000057
чувства 0,495219 0,000116
чувстве 1,322219 0,000310
чувствуем 2,167317 0,000508
чувствую 0,787106 0,000185
чуть 0,176091 0,000083
чьего 0,000000 0,000000
шафера 1,866287 0,000875
шафером 2,167317 0,000508
швейцарии 1,053374 0,000247
шестой 1,468347 0,000344
эгоизм 1,690196 0,000396
этих 0,213075 0,000150
этого 0,053374 0,000100
этой 0,118099 0,000055
этом 0,046743 0,000077
этому 0,322219 0,000227
этот 0,011981 0,000022
юноша 1,021189 0,000239
явившийся 1,565257 0,000367
явилась 1,021189 0,000239
явились 1,088136 0,000255
ясно 0,354404 0,000083
ясного 1,866287 0,000438
ясное 1,213075 0,000284
