авось 1,389166 0,000333
автор 0,000000 0,000000
автором 0,000000 0,000000
авторского 0,000000 0,000000
авторы 0,000000 0,000000
аграфена 1,167317 0,000280
акта 1,468347 0,000352
александровна 0,787106 0,000189
алексей 0,000000 0,000000
алексея 0,000000 0,000000
алеше 0,523865 0,000251
алешей 0,752344 0,000180
алеши 0,544068 0,000131
анонимное 1,866287 0,000448
аршина 1,866287 0,000448
бабушкой 1,866287 0,000448
батюшка 0,675956 0,000649
бедным 1,389166 0,000333
безвозвратно 1,389166 0,000333
безмерно 1,322219 0,000317
безо 0,599116 0,000287
бельмесова 2,167317 0,000520
бельмесовой 2,167317 0,000520
беседку 1,690196 0,000405
бесконечно 1,088136 0,001044
бесконечною 1,468347 0,000352
беспокоил 2,167317 0,000520
беспокойном 2,167317 0,000520
бессильной 2,167317 0,000520
бесчеловечен 1,866287 0,000448
бесчестен 1,213075 0,000291
бесчисленными 2,167317 0,000520
библиотека 0,000000 0,000000
битье 1,690196 0,000405
благим 1,866287 0,000448
благоговением 1,468347 0,000352
благодарить 1,389166 0,000333
благодарность 1,468347 0,000352
благодарностью 1,690196 0,000405
благодетельницы 1,866287 0,000448
благороден 1,389166 0,000333
благородную 1,690196 0,000405
благословить 1,322219 0,000317
благословлять 1,565257 0,000375
ближайшем 1,866287 0,000448
богата 1,565257 0,000375
богатстве 1,565257 0,000375
богом 0,866287 0,000208
боже 0,459747 0,000110
боковой 1,264227 0,000303
более 0,000000 0,000000
болезни 0,565257 0,000136
больной 0,611015 0,000147
больше 0,137934 0,000265
большом 0,888564 0,000213
бранил 1,866287 0,000448
брат 0,303994 0,000073
братья 0,176091 0,000169
бросила 1,053374 0,000253
бросилась 0,648803 0,000156
бросился 0,451314 0,000217
броситься 1,389166 0,000333
будет 0,077412 0,000056
будете 0,769377 0,000923
будто 0,099131 0,000024
будущем 1,021189 0,000245
бумаг 1,866287 0,000448
была 0,046743 0,000090
были 0,099131 0,000048
было 0,000000 0,000000
быстротой 1,264227 0,000303
быстрыми 1,389166 0,000333
быть 0,002964 0,000004
бюро 1,565257 0,000375
важнейших 1,866287 0,000448
важному 1,088136 0,000261
вами 0,232819 0,000279
варвары 1,088136 0,000261
ваша 0,554533 0,000133
вашего 0,443041 0,000106
вашему 0,576253 0,000276
вашу 0,504560 0,000363
вбежал 1,322219 0,000317
вбежала 1,565257 0,000375
ввели 1,690196 0,000405
ввиду 1,088136 0,000261
вдвое 1,264227 0,000303
вдохновении 1,389166 0,000333
вдруг 0,005949 0,000020
ведь 0,043466 0,000042
везти 1,264227 0,000303
великого 0,866287 0,000208
великодушия 1,125925 0,000270
великодушно 1,468347 0,001409
великодушны 1,565257 0,000375
великолепная 1,866287 0,000448
великолепному 1,866287 0,000448
великомученицы 1,866287 0,000448
вернейшее 1,866287 0,000448
вернейший 1,468347 0,000352
верный 1,389166 0,000666
вероятно 0,623249 0,000149
веселое 1,213075 0,000291
весь 0,099131 0,000048
весьма 0,243038 0,000175
вечером 0,533849 0,000384
вечная 1,264227 0,000303
вещь 0,720159 0,000345
взаймы 1,167317 0,001120
взгляда 0,662167 0,000159
взревел 1,866287 0,000448
взяла 0,824895 0,000396
взять 0,533849 0,000128
виде 0,434924 0,000104
виделся 1,468347 0,000352
виденные 2,167317 0,000520
видите 0,396465 0,000095
виду 0,544068 0,000131
визиты 0,000000 0,000000
вместе 0,208276 0,000100
вместо 0,411442 0,000099
вначале 0,936868 0,000225
внезапно 0,623249 0,000149
внезапных 1,468347 0,000352
вовсе 0,150284 0,000036
возвратитесь 2,167317 0,001040
возвращаясь 1,213075 0,000291
возможностью 1,690196 0,000405
вознаграждения 0,000000 0,000000
возненавидела 1,866287 0,000448
возрождался 2,167317 0,000520
возьмет 0,888564 0,000213
воловью 1,690196 0,000405
вопрос 0,222835 0,000107
вопроса 0,704919 0,000169
ворот 0,963197 0,000693
воротитесь 1,690196 0,000405
воскликнул 0,309985 0,000149
воспоминание 0,963197 0,000231
восторг 0,888564 0,000213
восторга 0,720159 0,000173
восьмая 1,167317 0,000560
воюю 2,167317 0,000520
вперед 0,426955 0,000102
вполне 0,316059 0,000303
впоследствии 0,662167 0,000159
вправил 2,167317 0,000520
вправлять 1,866287 0,000448
впрочем 0,118099 0,000028
времени 0,269690 0,000129
время 0,043466 0,000073
врешь 1,167317 0,000560
всегда 0,129891 0,000031
всего 0,040213 0,000039
всей 0,248239 0,000060
всем 0,070407 0,000017
всех 0,060107 0,000058
вскочил 0,587534 0,000141
вскочила 0,888564 0,000213
вскрикнула 0,866287 0,000208
вскричал 0,292256 0,000351
всплеснула 1,213075 0,000291
всяких 0,991226 0,000476
всякое 0,912045 0,000219
всякой 0,635838 0,000153
всяком 0,544068 0,000131
второстепенность 2,167317 0,000520
вчера 0,341243 0,000491
вчерашние 1,690196 0,000405
выбегая 2,167317 0,000520
выдал 1,322219 0,000317
выдвигать 2,167317 0,000520
выдуманный 2,167317 0,000520
вызвать 1,468347 0,000352
выплаты 0,000000 0,000000
выражения 1,167317 0,000280
выразились 1,690196 0,000811
выразился 0,752344 0,000180
выслушал 0,805589 0,000193
выслушать 1,088136 0,000261
высоким 1,264227 0,000303
высокими 2,167317 0,001560
выстрелить 1,565257 0,000375
высшее 1,322219 0,000317
высшем 1,389166 0,000333
высшие 1,389166 0,000333
выхватил 1,322219 0,000317
выходкой 1,690196 0,000405
вычистил 1,866287 0,000448
вышел 0,275223 0,000132
вышла 0,495219 0,000119
вышло 0,523865 0,000126
галстук 1,565257 0,000375
гарантировать 1,866287 0,000448
гарантию 1,690196 0,000405
гибели 2,167317 0,000520
гибель 1,264227 0,000303
главное 0,189594 0,000045
глаз 0,554533 0,000133
глубине 1,167317 0,000280
говорено 1,866287 0,000448
говорила 0,587534 0,000282
говорить 0,162996 0,000117
года 0,477121 0,000114
голове 0,554533 0,000133
голосом 0,396465 0,000095
голубчик 0,587534 0,000282
гораздо 0,443041 0,000106
город 0,523865 0,000126
горькое 1,690196 0,000405
горячке 1,167317 0,000560
господа 0,389166 0,000093
господи 0,451314 0,000325
госпожа 0,963197 0,002310
госпоже 1,021189 0,000245
госпожи 0,991226 0,000238
гостиной 0,888564 0,000213
гостиную 0,963197 0,000231
груди 0,675956 0,000811
грудь 0,752344 0,000180
грушенька 0,675956 0,000649
грушеньки 0,787106 0,000189
грушеньку 0,845098 0,000203
грязные 1,690196 0,000405
грязью 1,866287 0,000448
давеча 0,232819 0,000279
давешний 1,213075 0,000291
давил 1,866287 0,000448
давно 0,158717 0,000114
дает 0,845098 0,000203
даже 0,005949 0,000021
дайте 0,735954 0,000177
дала 0,720159 0,000691
дальнейшее 1,866287 0,000448
дальше 0,002964 0,000001
дама 0,735954 0,000353
даму 1,264227 0,000303
дамы 0,648803 0,000311
данные 0,000000 0,000000
даст 0,963197 0,000231
дать 0,623249 0,000149
двенадцатом 1,322219 0,000317
дверь 0,367977 0,000088
двигать 2,167317 0,000520
девушка 0,805589 0,000193
девять 1,088136 0,000261
действительно 0,106619 0,000051
действительной 1,468347 0,000352
делается 1,088136 0,000261
деле 0,162996 0,000039
дело 0,063514 0,000046
делом 0,845098 0,000203
делу 0,468347 0,000225
денег 0,309985 0,000446
деньги 0,280827 0,000269
десять 0,374926 0,000270
дешево 1,322219 0,000317
деятелем 1,690196 0,000405
деятельность 1,389166 0,000333
джентльменски 2,167317 0,000520
длиною 2,167317 0,000520
дмитрий 0,468347 0,003820
днях 1,125925 0,000270
добежать 2,167317 0,000520
добровольно 1,322219 0,000317
доброго 1,088136 0,000261
добру 2,167317 0,000520
добры 1,167317 0,000560
доверчив 2,167317 0,001560
довольно 0,129891 0,000125
догадался 0,752344 0,000180
доказанную 2,167317 0,000520
доктор 0,735954 0,000353
доктора 0,936868 0,000225
долг 0,888564 0,000213
долго 0,222835 0,000053
должно 0,286504 0,000069
доложился 1,866287 0,000448
дома 0,298086 0,000072
домой 0,459747 0,000441
дому 0,675956 0,000324
дорог 1,088136 0,000261
дороге 0,611015 0,000147
дорого 1,021189 0,000245
достанет 1,468347 0,000352
достаточный 1,866287 0,000448
достать 0,936868 0,000449
достоевский 0,000000 0,000000
достояние 0,000000 0,000000
доходил 1,565257 0,000375
дочь 0,587534 0,000141
другим 0,533849 0,000256
другого 0,396465 0,000095
другой 0,146128 0,000035
другом 0,477121 0,000114
другою 1,021189 0,000245
другую 0,495219 0,000119
думаете 0,504560 0,000121
думал 0,258832 0,000062
думала 0,720159 0,000345
думать 0,486076 0,000117
думая 0,963197 0,000231
дурные 1,322219 0,000317
духа 0,787106 0,000189
духом 0,866287 0,000208
душа 0,565257 0,000407
душевный 1,690196 0,000405
души 0,523865 0,000126
дуэльных 2,167317 0,000520
едете 1,565257 0,000375
если 0,011981 0,000060
естественные 1,690196 0,000405
есть 0,018098 0,000013
ехать 0,866287 0,000208
жадностью 1,389166 0,000333
жаждете 2,167317 0,000520
жару 1,167317 0,000280
ждала 0,805589 0,000966
железных 1,322219 0,000317
женился 0,888564 0,000213
жених 1,213075 0,000291
женский 1,053374 0,000253
женского 1,125925 0,000270
женское 1,565257 0,000375
женщин 0,888564 0,000639
женщина 0,396465 0,000190
женщине 0,991226 0,000238
женщиной 1,125925 0,000270
женщину 0,805589 0,000386
женщины 0,576253 0,000553
жива 1,264227 0,000303
живете 1,690196 0,000405
жидам 2,167317 0,000520
жизни 0,222835 0,000053
жизнь 0,162996 0,000039
забегаю 1,866287 0,000448
забожилась 1,866287 0,000448
заботах 2,167317 0,000520
забытьи 1,866287 0,000448
завопил 0,787106 0,000566
завтра 0,298086 0,000072
задумался 0,866287 0,000208
зады 1,866287 0,000448
закипела 1,565257 0,000375
заклад 0,845098 0,000203
заключались 1,866287 0,000448
заключалось 1,264227 0,000303
заключался 1,565257 0,000375
заклялась 1,866287 0,000448
закопошилась 2,167317 0,000520
закричала 1,021189 0,000735
залезли 2,167317 0,000520
залился 1,389166 0,000333
залог 2,167317 0,000520
заложил 1,264227 0,000606
замахала 1,690196 0,000405
заметил 0,154480 0,000074
заметили 0,611015 0,000147
замечание 1,088136 0,000261
замечательно 1,125925 0,000270
замирая 1,167317 0,000280
замуж 0,735954 0,000177
заняла 1,866287 0,000448
занять 1,322219 0,000317
заплакать 1,389166 0,000333
заранее 0,576253 0,000138
зарезать 1,565257 0,000375
зарядить 1,565257 0,000375
заставите 2,167317 0,000520
затем 0,237898 0,000114
зато 0,468347 0,000337
захотелось 0,787106 0,000189
захотят 1,389166 0,000333
заявив 2,167317 0,000520
здания 1,866287 0,000448
здесь 0,095435 0,000114
земли 0,769377 0,000185
знает 0,171682 0,000041
знаете 0,286504 0,000206
знаком 0,936868 0,000225
знакомым 1,468347 0,000352
знал 0,114239 0,000110
знали 0,426955 0,000102
значило 1,322219 0,000317
значит 0,243038 0,000117
знаю 0,095435 0,000252
знают 0,720159 0,000518
зная 0,623249 0,000149
золотые 1,088136 0,000522
золотых 1,389166 0,000666
зосима 1,021189 0,000245
зосиму 1,389166 0,000333
иван 0,303994 0,000146
ивана 0,504560 0,000121
ивановна 0,486076 0,000117
ивановне 0,720159 0,000518
ивановной 0,963197 0,000231
ивановны 0,554533 0,000133
идеал 1,213075 0,000582
идею 0,963197 0,000231
идти 0,434924 0,000104
избалованные 2,167317 0,000520
известие 0,662167 0,000159
известно 0,334808 0,000161
известны 1,264227 0,000303
изгиб 1,866287 0,000448
излагайте 2,167317 0,000520
излечена 2,167317 0,000520
изложить 1,468347 0,001409
измене 1,690196 0,000405
изменил 1,125925 0,000270
изменить 1,389166 0,000333
изменой 1,690196 0,000405
измену 1,389166 0,000333
измены 1,468347 0,000352
изменяет 1,690196 0,000405
изобретет 2,167317 0,000520
изучаю 2,167317 0,000520
изучила 1,690196 0,000405
имеете 1,053374 0,000253
имел 0,347773 0,000083
имела 0,936868 0,000225
именно 0,066947 0,000112
иногда 0,208276 0,000050
иной 0,587534 0,000141
инстинкту 1,866287 0,000448
искала 1,690196 0,000405
исполнение 2,167317 0,000520
использоваться 0,000000 0,000000
испуганная 1,389166 0,000333
испуге 0,690196 0,000166
испугу 1,690196 0,000405
истерики 1,468347 0,000352
истерически 1,125925 0,000270
истинный 1,264227 0,000303
истории 0,752344 0,000180
историю 0,845098 0,000203
источник 0,000000 0,000000
исчез 1,125925 0,000270
исчезала 1,866287 0,000448
исчезла 1,167317 0,000280
исчезнет 1,565257 0,000375
итак 0,805589 0,000193
ихнему 1,468347 0,000352
кажется 0,118099 0,000028
казалось 0,316059 0,000076
какие 0,232819 0,000112
каким 0,194189 0,000047
каких 0,468347 0,000112
какой 0,095435 0,000069
каком 0,381987 0,000092
какую 0,419129 0,000101
каморке 1,468347 0,000704
капельку 0,963197 0,000231
капитан 0,991226 0,000238
капризу 1,866287 0,000448
карамазовы 0,180546 0,000173
караулить 1,690196 0,000405
карман 0,888564 0,000213
кармане 0,805589 0,000386
касается 0,769377 0,000185
кате 1,468347 0,000352
катерина 0,735954 0,000177
катерине 0,912045 0,000656
катериной 1,213075 0,000291
катерины 0,752344 0,000180
катю 1,322219 0,000317
квартиру 0,805589 0,000193
киева 2,167317 0,000520
кинжалы 2,167317 0,000520
клянусь 0,635838 0,000153
книга 0,176091 0,000084
книги 0,000000 0,000000
коварства 1,866287 0,000448
когда 0,015029 0,000040
кого 0,222835 0,000107
колебалась 1,690196 0,000405
колокольчик 1,167317 0,000280
комаров 0,000000 0,000000
коммерческою 2,167317 0,000520
комнаты 0,443041 0,000106
кондратьевны 1,565257 0,000375
конец 0,495219 0,000119
коннозаводстве 2,167317 0,000520
коннозаводство 2,167317 0,000520
копейки 1,125925 0,000270
короткое 1,690196 0,000405
которая 0,361137 0,000173
которого 0,198834 0,000095
которое 0,426955 0,000205
котором 0,347773 0,000167
которому 0,468347 0,000225
которою 0,805589 0,000193
которую 0,292256 0,000491
которые 0,189594 0,000091
который 0,110412 0,000106
которым 0,389166 0,000280
которыми 0,888564 0,000426
край 1,167317 0,000280
крайней 0,298086 0,000143
красоты 1,125925 0,000270
кредитного 2,167317 0,000520
крестом 1,167317 0,000280
крикнула 0,824895 0,000198
кричишь 1,389166 0,000333
крошечный 1,565257 0,000375
крыльцо 1,167317 0,000280
куда 0,248239 0,000238
кузине 2,167317 0,000520
кузьме 1,690196 0,001216
кузьмича 1,866287 0,000448
кузьмичу 1,866287 0,000448
кузьмы 1,690196 0,001216
кулаком 0,963197 0,000462
кухаркой 2,167317 0,000520
кухне 1,213075 0,000291
ладонями 1,264227 0,000303
ласковое 1,690196 0,000405
лгала 1,565257 0,000375
лету 1,389166 0,000333
лжет 1,021189 0,000245
либо 0,000000 0,000000
литература 0,000000 0,000000
лицо 0,114239 0,000055
лицом 0,000000 0,000000
лишь 0,185046 0,000133
любви 0,504560 0,000242
любил 0,374926 0,000090
любимою 2,167317 0,000520
любимую 1,565257 0,000375
любит 0,389166 0,000093
люблю 0,347773 0,000083
любовь 0,523865 0,000126
любовью 0,824895 0,000198
любопытством 0,459747 0,000110
любым 0,000000 0,000000
любя 1,213075 0,000291
людей 0,298086 0,000072
люди 0,269690 0,000129
лягавый 1,565257 0,000375
малейшего 0,720159 0,000345
мало 0,208276 0,000150
малый 1,053374 0,000253
манеры 1,565257 0,000751
марьи 1,322219 0,000317
мастер 1,322219 0,000317
математика 2,167317 0,001040
математически 1,690196 0,000811
матери 0,451314 0,000108
матом 1,866287 0,000448
матреной 2,167317 0,000520
матрену 2,167317 0,000520
матушка 1,125925 0,000270
мать 0,389166 0,000187
мгновение 0,396465 0,000095
медная 2,167317 0,000520
медный 1,167317 0,000280
между 0,129891 0,000062
мелькнул 1,322219 0,000317
мелькнуло 0,805589 0,000193
менее 0,635838 0,000153
меня 0,027438 0,000158
мере 0,269690 0,000129
места 0,389166 0,000280
место 0,334808 0,000161
месту 1,125925 0,000540
месяц 0,451314 0,000217
мешковато 2,167317 0,000520
мигом 0,504560 0,000242
миллиона 1,389166 0,000333
миллионы 1,565257 0,000375
милого 1,389166 0,000333
министерству 2,167317 0,000520
минутку 0,704919 0,000169
минуту 0,084532 0,000020
минуты 0,322219 0,000077
минуют 1,866287 0,000448
мире 0,704919 0,000338
мировоззрение 1,866287 0,000448
мите 0,735954 0,000177
мити 0,611015 0,001026
митя 0,587534 0,005073
миусова 1,264227 0,000303
младенца 1,053374 0,000253
много 0,080958 0,000039
мной 0,237898 0,000057
мною 0,635838 0,000153
могла 0,286504 0,000069
могли 0,374926 0,000270
могу 0,171682 0,000124
моей 0,280827 0,000067
моему 0,354404 0,000085
моею 1,021189 0,000245
может 0,000000 0,000000
можете 0,504560 0,000242
можно 0,088136 0,000063
моим 0,675956 0,000162
мокрое 1,053374 0,000253
молодым 1,021189 0,000245
мольбе 1,690196 0,000405
момента 0,000000 0,000000
монастыре 0,936868 0,000225
морозовой 1,389166 0,000333
москву 0,845098 0,000203
мощей 1,690196 0,000405
мысли 0,316059 0,000076
мысль 0,264227 0,000127
навеки 0,648803 0,000156
наводить 2,167317 0,000520
навыдумывал 2,167317 0,000520
нагрянул 2,167317 0,000520
надежда 1,088136 0,000522
надежде 1,264227 0,000303
надеть 1,389166 0,000333
надеялась 1,866287 0,000448
надо 0,036984 0,000106
надобно 0,866287 0,000208
наживете 2,167317 0,000520
назад 0,000000 0,000000
название 0,000000 0,000000
назначении 1,866287 0,000448
наиважнейшему 2,167317 0,001040
найдет 1,389166 0,000333
найдете 1,322219 0,000317
найти 0,000000 0,000000
накинула 1,866287 0,000448
наконец 0,073896 0,000053
наперед 1,389166 0,000666
написала 1,167317 0,000280
написано 0,000000 0,000000
напомнило 2,167317 0,000520
направился 0,912045 0,000219
направляя 2,167317 0,000520
например 0,298086 0,000143
напротив 0,180546 0,000087
нарочно 0,227798 0,000055
насильственной 2,167317 0,000520
насколько 1,866287 0,000448
настойчиво 0,787106 0,000189
настолько 1,264227 0,000303
настоящий 1,021189 0,000245
настоящим 1,167317 0,000280
насчет 0,354404 0,000170
наталкивать 2,167317 0,000520
нательным 2,167317 0,000520
наткнулся 1,468347 0,000352
наука 0,000000 0,000000
науки 1,322219 0,000317
начавшийся 2,167317 0,000520
начал 0,137934 0,000033
начала 0,381987 0,000183
начинал 0,662167 0,000159
начинаниях 2,167317 0,000520
начнет 0,963197 0,000231
нашего 0,396465 0,000285
небольшой 1,053374 0,000253
невинна 1,565257 0,000375
невозможно 0,411442 0,000197
него 0,000000 0,000000
незачем 1,565257 0,000375
незлобива 2,167317 0,000520
некогда 0,912045 0,000219
некоторого 0,752344 0,000180
нелепо 1,167317 0,000280
нельзя 0,176091 0,000042
немного 0,426955 0,000102
нему 0,080958 0,000019
ненавидела 1,565257 0,000375
необразованна 2,167317 0,000520
необходимы 1,690196 0,000811
необыкновенная 1,322219 0,000317
необыкновенною 0,912045 0,000219
необычайной 1,565257 0,000375
неожиданною 1,866287 0,000448
нервном 1,565257 0,000375
несдобровать 2,167317 0,000520
несколько 0,102859 0,000025
нетерпении 0,963197 0,000231
неугомонном 2,167317 0,000520
неужели 0,389166 0,000187
неужто 0,599116 0,000144
нечто 0,389166 0,000093
нибудь 0,030597 0,000037
ниже 0,912045 0,000219
низости 1,322219 0,000317
никак 0,396465 0,000190
никаких 0,565257 0,000136
никогда 0,088136 0,000063
никого 0,411442 0,000099
никому 0,504560 0,000121
никто 0,185046 0,000044
никуда 0,936868 0,000225
ними 0,275223 0,000066
ничего 0,030597 0,000051
новая 0,787106 0,000189
нового 0,735954 0,000177
новой 0,936868 0,000225
новому 1,088136 0,000261
новую 0,752344 0,000361
новые 1,088136 0,000261
новый 0,648803 0,000156
новым 0,991226 0,000238
ноги 0,477121 0,000114
носил 0,991226 0,000238
носят 1,690196 0,000405
ночевал 1,389166 0,000333
ночь 0,248239 0,000060
нравственного 1,213075 0,000291
нравственной 1,468347 0,000352
нуждается 1,322219 0,000317
нужно 0,514105 0,000247
нужны 0,936868 0,000225
нынешней 1,866287 0,000448
нынче 1,389166 0,000333
обдумал 1,322219 0,000317
обеспечение 1,565257 0,000375
обещала 1,322219 0,000634
обещали 1,468347 0,000352
обещание 1,167317 0,000280
обещанную 2,167317 0,000520
обещанные 1,866287 0,000448
облегчат 2,167317 0,000520
обнимаю 2,167317 0,000520
обомлевшей 2,167317 0,000520
обомлел 1,866287 0,000448
оборвется 1,866287 0,000448
образ 0,888564 0,000213
образованного 1,565257 0,000375
образок 1,565257 0,001126
образом 0,347773 0,000083
обратно 0,675956 0,000486
обществе 0,675956 0,000162
общественное 0,000000 0,000000
общество 0,991226 0,000238
объявила 0,963197 0,000231
объяснится 1,565257 0,000375
объятия 1,322219 0,000317
ограбить 1,468347 0,000352
оделся 1,322219 0,000317
один 0,046743 0,000022
одиннадцати 1,021189 0,000245
одна 0,185046 0,000044
однако 0,102859 0,000074
одни 0,459747 0,000110
одним 0,286504 0,000069
одно 0,099131 0,000071
одного 0,150284 0,000036
одному 0,334808 0,000080
одною 0,787106 0,000378
одну 0,232819 0,000112
ожидала 1,053374 0,000253
ожидало 2,167317 0,000520
ожидания 1,264227 0,000303
ожидаю 2,167317 0,000520
озарила 1,866287 0,000448
означало 2,167317 0,000520
озноб 1,389166 0,000333
оказались 1,021189 0,000245
опрокинул 2,167317 0,000520
опубликовано 0,000000 0,000000
опытный 1,565257 0,001126
опять 0,027438 0,000059
оружие 1,167317 0,000280
особенно 0,129891 0,000062
оставив 0,991226 0,000238
оставить 0,690196 0,000166
оставьте 1,088136 0,000522
остается 0,787106 0,000189
остановилась 1,088136 0,000261
ответить 0,735954 0,000177
отвечайте 1,690196 0,000405
отворив 1,389166 0,000333
отдавался 1,866287 0,000448
отделалась 2,167317 0,000520
отелло 2,167317 0,002079
откажет 1,565257 0,000375
отказать 1,167317 0,000280
откладывать 1,690196 0,000811
открыл 0,963197 0,000231
открыть 1,021189 0,000245
отлегло 2,167317 0,000520
отлетела 1,866287 0,000448
отправила 2,167317 0,000520
отправился 0,936868 0,000449
отправлюсь 1,565257 0,000375
отрезала 1,021189 0,000245
отрицаете 1,866287 0,000448
отсюдова 1,866287 0,000448
отчаянии 0,912045 0,000219
отчаяния 0,963197 0,000231
отчаяннейшем 2,167317 0,000520
отъезда 1,264227 0,000606
отыскивая 1,565257 0,000375
отыщете 1,866287 0,000448
оформление 0,000000 0,000000
очень 0,024303 0,000023
очередь 0,805589 0,000193
павловича 0,451314 0,000217
павловичу 0,805589 0,000580
падение 1,389166 0,000333
падении 2,167317 0,000520
падения 1,468347 0,000352
падучей 1,021189 0,000245
пара 2,167317 0,000520
патронами 2,167317 0,000520
первого 0,411442 0,000099
первому 1,021189 0,000245
первый 0,248239 0,000119
первым 0,769377 0,000185
первых 0,367977 0,000177
перебила 1,088136 0,000261
передаст 1,866287 0,000448
передумала 2,167317 0,000520
перекричать 1,565257 0,000375
перерезала 1,866287 0,000448
перехватку 2,167317 0,001040
перешло 0,000000 0,000000
пестик 1,167317 0,000840
писатель 1,690196 0,000811
писателю 1,866287 0,000448
пискливый 2,167317 0,000520
пистолета 1,468347 0,000352
пистолетов 1,866287 0,000448
пистолеты 1,322219 0,000634
письмо 0,544068 0,000131
план 1,053374 0,001263
плана 1,565257 0,000375
планом 2,167317 0,000520
платье 0,704919 0,000169
площадь 1,322219 0,000317
плюнул 1,213075 0,000291
побежал 0,623249 0,000149
побыла 2,167317 0,000520
повалился 1,690196 0,000405
поверьте 0,866287 0,000208
поводу 0,720159 0,000173
повторяла 1,866287 0,000448
погиб 1,389166 0,000333
погибал 1,866287 0,000448
погреб 1,389166 0,000333
подборка 0,000000 0,000000
подвиги 1,322219 0,000317
подглядывать 2,167317 0,000520
подивитесь 2,167317 0,000520
подивятся 2,167317 0,000520
подкупать 1,866287 0,000448
подлейших 2,167317 0,000520
поднялся 0,635838 0,000153
подождите 1,167317 0,000280
подозревать 1,053374 0,000253
подозрение 1,167317 0,000280
подписалась 1,866287 0,000448
подписаться 2,167317 0,000520
подругу 1,866287 0,000448
подслушивания 2,167317 0,000520
подслушивая 2,167317 0,000520
подсматривать 1,690196 0,000405
подтверждают 1,690196 0,000405
подумал 0,334808 0,000161
поеду 1,053374 0,000253
пожертвовать 1,468347 0,000352
позвольте 0,523865 0,000754
позвонил 1,322219 0,000317
познакомился 1,264227 0,000303
познаниями 1,468347 0,000352
позор 0,824895 0,000396
позора 1,213075 0,000291
пойдет 0,720159 0,000173
поймет 1,167317 0,000280
пока 0,213075 0,000204
показывает 1,213075 0,000291
покупает 2,167317 0,000520
полетел 1,322219 0,000317
политическая 2,167317 0,000520
полною 1,389166 0,000333
половиною 2,167317 0,000520
положении 0,704919 0,000169
получился 2,167317 0,000520
получить 0,752344 0,000180
полюбил 0,888564 0,000213
помер 0,963197 0,000231
помешанный 1,125925 0,000270
помогать 1,322219 0,000634
помогаю 1,866287 0,000448
поможете 2,167317 0,001040
помощи 1,088136 0,000261
помутилось 1,690196 0,000405
понимали 1,264227 0,000303
понимают 1,053374 0,000253
поняла 0,787106 0,000189
поняли 0,769377 0,000369
понятие 1,053374 0,000253
поплачьте 2,167317 0,001040
поползновения 1,866287 0,000448
порадоваться 2,167317 0,000520
поразившее 1,468347 0,000352
порешу 1,866287 0,000448
пору 1,468347 0,000352
порядке 0,936868 0,000225
посетителей 0,000000 0,000000
посетители 0,000000 0,000000
посещение 1,468347 0,000352
посидела 1,866287 0,000448
поскорее 0,486076 0,000233
после 0,084532 0,000101
последней 0,623249 0,000149
последний 0,403889 0,000388
последняя 1,088136 0,000522
последую 1,866287 0,000448
послушались 2,167317 0,000520
посмертно 0,000000 0,000000
поссориться 1,690196 0,000405
потом 0,084532 0,000122
потому 0,024303 0,000035
потрясенный 1,565257 0,000375
походке 2,167317 0,001560
походку 1,866287 0,000448
поцелуи 2,167317 0,000520
почему 0,099131 0,000071
почти 0,024303 0,000029
почувствовав 1,322219 0,000317
почувствовал 0,623249 0,000299
пошел 0,275223 0,000066
пошли 0,735954 0,000177
пошлые 1,866287 0,000448
поэта 1,866287 0,000448
прав 0,769377 0,000185
правда 0,162996 0,000039
право 0,361137 0,000087
практическую 2,167317 0,000520
пред 0,033778 0,000041
предлагаю 1,690196 0,000405
предложение 0,963197 0,000231
предложил 0,888564 0,000213
предоставить 2,167317 0,000520
предполагал 1,322219 0,000317
предприятия 1,468347 0,000352
предрассудков 1,468347 0,000352
представить 0,576253 0,000276
представляю 1,866287 0,000448
представьте 0,720159 0,000173
предстоит 1,565257 0,000375
предчувствии 2,167317 0,000520
предчувствия 1,322219 0,000317
предчувствую 1,468347 0,000352
прежде 0,077412 0,000037
презираемую 2,167317 0,000520
презирал 1,125925 0,000270
прекрасные 1,690196 0,000811
прельщая 2,167317 0,000520
прервал 0,735954 0,000353
прервала 1,690196 0,000405
прибавил 0,275223 0,000066
прибежав 1,690196 0,000405
придет 0,514105 0,000247
придете 1,322219 0,000634
приду 0,675956 0,000162
приезде 1,264227 0,000303
прижизненно 0,000000 0,000000
признать 1,213075 0,000582
приисках 2,167317 0,001040
прииски 1,322219 0,003806
приисков 2,167317 0,000520
прийти 0,662167 0,000318
приключения 1,213075 0,000291
примирение 1,565257 0,000375
примириться 1,468347 0,001057
принагнулся 2,167317 0,000520
приняли 1,125925 0,000270
припоминаю 1,264227 0,000303
приревнует 2,167317 0,000520
прискачете 2,167317 0,000520
прислуживаете 2,167317 0,000520
прислуживала 1,565257 0,000375
приходил 0,720159 0,000173
приходила 1,167317 0,001120
причесался 1,866287 0,000448
пришел 0,322219 0,000386
пришла 0,648803 0,000156
приятелями 1,866287 0,000448
провалился 1,866287 0,000448
провалится 2,167317 0,000520
провалюсь 1,866287 0,000448
проводив 1,690196 0,000405
проводил 1,264227 0,000606
проводить 1,389166 0,001000
проговорила 0,533849 0,000128
программирование 0,000000 0,000000
продать 1,389166 0,000333
продолжайте 1,866287 0,000448
продолжала 0,720159 0,000173
проезд 1,866287 0,000448
проект 1,690196 0,000405
проехал 2,167317 0,000520
произведение 0,000000 0,000000
произведений 0,000000 0,000000
произведения 0,000000 0,000000
произнес 0,361137 0,000173
произнесла 0,936868 0,000449
произойдет 0,963197 0,000231
произошло 0,495219 0,000119
проклятая 1,468347 0,000352
прокричал 0,720159 0,000173
прокричала 1,125925 0,000270
пронеслось 1,213075 0,000291
пропадала 2,167317 0,000520
просидит 1,866287 0,000448
просите 1,565257 0,000375
просить 0,504560 0,000121
простите 0,648803 0,000156
простить 0,824895 0,000594
просто 0,232819 0,000223
простыл 1,866287 0,000448
проучена 2,167317 0,000520
проходили 1,565257 0,000375
прохорычу 2,167317 0,000520
процветает 2,167317 0,000520
процентов 2,167317 0,000520
проч 0,662167 0,000159
прочь 0,866287 0,000208
прошел 0,662167 0,000159
прошло 0,000000 0,000000
прошлого 1,088136 0,000261
прощают 1,565257 0,000375
прощаясь 1,322219 0,000317
прямо 0,118099 0,000028
прянул 2,167317 0,000520
прятаться 1,468347 0,000704
публикации 0,000000 0,000000
путь 0,912045 0,000219
пушкин 1,565257 0,000375
пятьсот 1,088136 0,000261
равно 0,303994 0,000146
рада 0,866287 0,000416
ради 0,752344 0,000180
радоваться 1,866287 0,000448
радости 0,635838 0,000153
радостным 1,565257 0,000375
радостью 0,991226 0,000238
разве 0,146128 0,000035
развешивает 2,167317 0,000520
развивая 2,167317 0,000520
развитие 1,264227 0,000303
развязали 2,167317 0,000520
развязна 2,167317 0,000520
разглядев 1,866287 0,000448
разговора 0,805589 0,000193
разговорчива 2,167317 0,000520
раздался 0,805589 0,000193
разжигать 2,167317 0,000520
раззнакомился 2,167317 0,000520
разлуке 2,167317 0,000520
разможжена 2,167317 0,000520
разные 0,912045 0,000219
разрешения 0,000000 0,000000
разуверили 1,866287 0,000448
разузнает 2,167317 0,000520
разумеется 0,328468 0,000158
разумели 2,167317 0,000520
ракитину 1,389166 0,000333
раньше 0,599116 0,000144
распоряжению 1,565257 0,000375
рассказала 1,088136 0,000261
рассказывала 1,322219 0,000317
рассмешила 1,866287 0,000448
расспрашивать 1,213075 0,000291
расстались 1,322219 0,000317
расстроила 2,167317 0,000520
рассуждал 1,565257 0,000375
растолковать 1,565257 0,000375
реализм 1,322219 0,000951
реалистка 2,167317 0,001040
ребенок 0,648803 0,000156
ревнив 1,866287 0,000448
ревнивец 1,690196 0,002433
ревнивцем 2,167317 0,000520
ревнивцы 2,167317 0,000520
ревность 1,167317 0,001400
револьвера 2,167317 0,000520
револьверы 2,167317 0,000520
ретроградные 2,167317 0,000520
решениях 2,167317 0,000520
решил 0,514105 0,000493
решила 1,053374 0,000253
решились 1,021189 0,000245
решился 0,554533 0,000133
решительным 1,213075 0,000291
рискнул 1,468347 0,000352
роковые 1,565257 0,000375
роль 1,125925 0,000270
рубашки 1,565257 0,000375
рублей 0,367977 0,000530
рубля 1,213075 0,000291
руками 0,280827 0,000067
руках 0,396465 0,000095
руки 0,167317 0,000080
рукой 0,486076 0,000233
русская 0,000000 0,000000
рыцарски 1,690196 0,000405
садясь 1,264227 0,000303
сайте 0,000000 0,000000
сама 0,208276 0,000100
самая 0,599116 0,000287
сами 0,142011 0,000170
самим 0,769377 0,000185
самого 0,118099 0,000028
самое 0,167317 0,000161
самой 0,258832 0,000124
самом 0,114239 0,000082
самому 0,426955 0,000102
самопожертвования 1,866287 0,000448
самоубийство 1,322219 0,000317
самою 0,866287 0,000416
самсонова 1,213075 0,000582
самсонову 1,264227 0,001819
самые 0,381987 0,000092
самым 0,280827 0,000067
сбегала 1,565257 0,000375
сбыть 2,167317 0,000520
сверх 0,752344 0,000180
свидетельствует 1,322219 0,000317
свободно 0,000000 0,000000
свободного 1,468347 0,000352
свое 0,150284 0,000036
своей 0,066947 0,000080
своему 0,367977 0,000088
своею 0,443041 0,000106
своим 0,208276 0,000050
своими 0,495219 0,000119
своих 0,237898 0,000057
свойства 1,690196 0,000405
свою 0,073896 0,000053
сделано 1,021189 0,000245
сделать 0,403889 0,000097
себе 0,033778 0,000081
себя 0,005949 0,000010
сегодня 0,000000 0,000000
сегодняшнего 1,866287 0,000448
сейчас 0,070407 0,000068
секунду 0,824895 0,000198
семидесяти 0,000000 0,000000
семь 0,787106 0,000378
сердца 0,334808 0,000161
сердцами 1,690196 0,001216
сердце 0,171682 0,000041
сердцем 0,675956 0,000162
серебряный 1,565257 0,000375
сибири 1,213075 0,000291
сидела 0,824895 0,000198
силу 0,866287 0,000208
силы 0,514105 0,000123
сильный 0,991226 0,000238
систему 1,565257 0,000375
сияющею 2,167317 0,000520
скажи 0,662167 0,000159
скажите 0,576253 0,000276
скажу 0,275223 0,000066
сказал 0,099131 0,000024
сказали 0,544068 0,000392
сказано 0,662167 0,000159
сказать 0,073896 0,000035
сказку 2,167317 0,000520
скверною 1,866287 0,000448
склада 2,167317 0,000520
складывая 1,690196 0,000405
скорее 0,514105 0,000123
скоро 0,298086 0,000072
славе 1,690196 0,000405
слегка 0,936868 0,000225
след 1,690196 0,000405
следите 1,690196 0,000405
слежу 1,690196 0,000811
слезами 0,554533 0,000133
слезы 0,554533 0,000266
слишком 0,133894 0,000064
слова 0,129891 0,000031
слово 0,232819 0,000056
сложил 1,264227 0,000303
служанка 1,088136 0,000261
случае 0,248239 0,000060
случалось 0,824895 0,000198
случаются 1,565257 0,000375
слышали 0,611015 0,000440
слышу 0,991226 0,000238
слюбезничал 2,167317 0,000520
смердяков 0,587534 0,000141
смердякова 0,752344 0,000541
смерти 0,468347 0,000112
смеющееся 1,866287 0,000448
смеялся 0,576253 0,000138
смотрела 0,769377 0,000185
смотря 0,322219 0,000077
смутившее 2,167317 0,000520
смущении 0,963197 0,000231
сначала 0,434924 0,000104
снова 0,565257 0,000136
снять 1,264227 0,000303
собрание 0,000000 0,000000
собственно 0,565257 0,000136
совершенная 1,213075 0,000291
совершенном 1,213075 0,000291
совести 0,690196 0,000497
совесть 0,805589 0,000193
совету 1,866287 0,000895
современная 1,866287 0,001343
современник 2,167317 0,000520
современную 2,167317 0,000520
совсем 0,021189 0,000025
согласился 0,735954 0,000177
согласитесь 0,845098 0,000203
согласия 0,000000 0,000000
сознал 1,866287 0,000448
созреет 2,167317 0,000520
сомнения 0,523865 0,000126
соображение 1,264227 0,000303
соперник 1,468347 0,001057
сорванец 1,866287 0,000448
соседки 1,565257 0,000375
состоянии 0,459747 0,000110
сочинений 0,000000 0,000000
спасаете 2,167317 0,000520
спасли 1,322219 0,000317
спасти 0,769377 0,000369
спасу 1,565257 0,001126
спать 0,635838 0,000153
сперва 0,735954 0,000177
спешил 1,021189 0,000245
спешить 1,468347 0,000352
спешу 1,264227 0,000606
спине 1,322219 0,000317
спокойным 1,088136 0,000261
способен 0,787106 0,000378
справлюсь 1,866287 0,000448
срам 1,213075 0,000291
ссудить 1,866287 0,000448
стал 0,125925 0,000060
стала 0,544068 0,000131
станет 0,623249 0,000149
станете 1,389166 0,000666
становился 0,824895 0,000198
старая 0,936868 0,000225
старец 0,787106 0,000189
старуху 1,389166 0,000333
старушка 1,389166 0,000333
старушонка 1,565257 0,000375
старушонки 2,167317 0,000520
старушонку 1,866287 0,000448
старца 0,735954 0,000177
стенам 1,264227 0,000303
степени 0,389166 0,000187
стоит 0,316059 0,000076
столе 0,824895 0,000198
столичный 1,167317 0,000280
столу 0,752344 0,000180
столы 2,167317 0,000520
столь 0,434924 0,000313
столько 0,477121 0,000458
сторожить 1,565257 0,000751
стороны 0,185046 0,000133
стоя 0,963197 0,000231
стоял 0,309985 0,000074
стояла 0,623249 0,000149
стоят 0,912045 0,000219
страсти 0,866287 0,000416
страстность 1,565257 0,000375
страхом 0,912045 0,000219
страху 0,845098 0,000203
страшной 1,322219 0,000317
страшный 0,845098 0,000203
строить 1,389166 0,000333
строки 1,468347 0,000352
ступил 1,167317 0,000280
ступить 1,565257 0,000375
ступка 2,167317 0,000520
ступки 1,866287 0,000448
стыдом 1,213075 0,000291
стяпать 2,167317 0,000520
сударыня 1,213075 0,007856
судьбой 1,389166 0,000333
судьбу 0,912045 0,000219
сумма 1,088136 0,000261
сумму 0,912045 0,000656
суммы 1,053374 0,000253
сунул 1,167317 0,000280
существо 0,690196 0,000166
сцены 1,167317 0,000280
считать 0,720159 0,000173
сюда 0,232819 0,000112
тайна 0,963197 0,000231
тайне 1,264227 0,000303
такая 0,309985 0,000074
также 0,000000 0,000000
таки 0,066947 0,000016
такие 0,232819 0,000112
таким 0,243038 0,000117
таков 0,787106 0,000378
таковы 1,167317 0,000280
такого 0,243038 0,000058
такое 0,114239 0,000055
такой 0,077412 0,000037
твоему 0,912045 0,000219
текст 0,000000 0,000000
тела 1,264227 0,000303
телеге 1,389166 0,001000
телом 1,053374 0,000253
темноте 0,912045 0,000875
темноту 1,468347 0,000352
теперешнего 1,322219 0,000317
теперь 0,015029 0,000068
терпеть 1,088136 0,000261
терял 1,468347 0,000352
тогда 0,050046 0,000072
того 0,005949 0,000009
тоже 0,043466 0,000010
толковал 1,322219 0,000317
только 0,002964 0,000013
томах 0,000000 0,000000
тому 0,095435 0,000137
тоном 0,866287 0,000208
торжественно 0,888564 0,000213
торжеством 1,213075 0,000291
торопясь 1,021189 0,000245
тотчас 0,046743 0,000101
точно 0,121994 0,000059
трактире 0,866287 0,000416
третья 0,486076 0,000233
трех 0,374926 0,000450
тривиальность 2,167317 0,000520
трогательно 1,866287 0,000448
тронут 1,565257 0,000375
трудно 0,459747 0,000110
туда 0,495219 0,000238
тургенев 2,167317 0,000520
тысяч 0,451314 0,000541
тысячах 1,021189 0,000245
тысячи 0,426955 0,001639
убегая 1,565257 0,000375
убежала 1,053374 0,000253
убейте 1,866287 0,000448
убил 0,523865 0,000126
убитый 1,322219 0,000317
убить 0,599116 0,000144
увезет 1,690196 0,000405
уверена 1,322219 0,000317
уверенность 1,389166 0,000666
уверенный 1,866287 0,000448
увериться 1,690196 0,000405
увидав 0,888564 0,000213
уговаривать 1,690196 0,000405
уговорила 1,866287 0,000448
угрызений 1,866287 0,001343
ударил 0,912045 0,000219
ударял 1,468347 0,000352
ударяя 1,468347 0,000352
удивил 1,264227 0,000303
удивился 0,635838 0,000153
удивительно 0,866287 0,000208
удивлением 0,523865 0,000126
уедет 1,213075 0,000291
ужаса 0,936868 0,000225
ужасно 0,167317 0,000161
ужасов 1,565257 0,000375
уживаться 2,167317 0,000520
ужиться 2,167317 0,001040
узнавать 1,389166 0,000333
узнал 0,381987 0,000183
узнать 0,374926 0,000090
узнаю 1,021189 0,000245
указал 0,866287 0,000416
указала 1,468347 0,000352
указать 1,125925 0,000270
укатил 1,690196 0,000405
укатила 2,167317 0,000520
укатить 2,167317 0,000520
улицу 0,735954 0,000177
улыбкой 0,468347 0,000112
улыбнулось 2,167317 0,000520
улыбнулся 0,533849 0,000128
умершим 0,000000 0,000000
умному 1,389166 0,000333
умоляю 1,322219 0,000634
умоляя 1,389166 0,000333
умылся 1,690196 0,000405
уплатить 1,866287 0,000448
управляющим 2,167317 0,000520
усаживаясь 1,468347 0,000352
усиленно 1,264227 0,000303
усилиями 1,690196 0,000405
усмотрению 1,866287 0,000448
успел 0,354404 0,000085
успела 0,824895 0,000198
успеть 1,690196 0,000405
устремился 1,468347 0,000352
утирал 2,167317 0,000520
утро 0,662167 0,000159
утром 0,411442 0,000197
ушла 0,991226 0,000951
ушли 1,021189 0,000245
факт 0,675956 0,000162
федор 0,000000 0,000000
федора 0,554533 0,000266
федорович 0,253503 0,002189
федоровича 0,426955 0,000102
федору 0,936868 0,000674
фене 1,690196 0,000405
феню 1,565257 0,000375
феня 1,322219 0,001903
физически 1,690196 0,000405
финансов 2,167317 0,000520
характер 0,635838 0,000153
характерно 1,468347 0,000352
хвалится 1,690196 0,000405
хозяйка 1,088136 0,000261
холостой 1,565257 0,000375
хороших 1,213075 0,000291
хорошо 0,189594 0,000091
хотел 0,158717 0,000038
хотела 0,648803 0,000156
хотите 0,419129 0,000101
хоть 0,060107 0,000043
хотя 0,050046 0,000012
хохлакова 1,125925 0,002971
хохлаковой 0,787106 0,000755
хочет 0,322219 0,000232
хочу 0,243038 0,000117
христа 0,912045 0,000219
целомудренным 2,167317 0,000520
целую 0,735954 0,000177
целый 0,486076 0,000117
цель 0,769377 0,000185
целью 0,824895 0,000396
цензуры 1,690196 0,000405
часа 0,000000 0,000000
часов 0,411442 0,000197
часть 0,002964 0,000001
часу 0,720159 0,000518
чего 0,040213 0,000077
человек 0,036984 0,000027
человека 0,154480 0,000037
человеку 0,459747 0,000110
через 0,258832 0,000186
чермашню 1,167317 0,000280
черт 0,477121 0,000114
четверти 1,322219 0,000317
четверть 0,888564 0,000213
четыре 0,477121 0,000114
чиновник 0,963197 0,000462
чиновником 1,389166 0,000333
число 0,000000 0,000000
чистою 1,866287 0,000448
читаем 0,000000 0,000000
читателю 1,264227 0,000303
читать 0,000000 0,000000
чрез 0,275223 0,000066
чрезвычайно 0,217927 0,000157
чрезвычайным 0,720159 0,000173
чрезвычайными 1,866287 0,000448
чтоб 0,073896 0,000106
чтобы 0,030597 0,000081
чтой 2,167317 0,000520
чувства 0,495219 0,000356
чувствовал 0,635838 0,000153
чувством 0,704919 0,000169
чувствуют 2,167317 0,000520
чудес 1,565257 0,000375
чудеса 1,322219 0,000317
чужого 1,322219 0,000317
чуть 0,176091 0,000084
чьего 0,000000 0,000000
шагаешь 2,167317 0,000520
шагами 0,963197 0,000231
шагов 0,720159 0,000173
шагу 1,021189 0,000245
шесть 0,611015 0,000147
шнурке 2,167317 0,000520
шпионить 1,565257 0,000375
шпионства 2,167317 0,000520
шпионя 2,167317 0,000520
щадят 2,167317 0,000520
щедрину 2,167317 0,000520
энергический 2,167317 0,000520
эстафеты 2,167317 0,000520
этих 0,213075 0,000102
этого 0,053374 0,000038
этой 0,118099 0,000227
этом 0,046743 0,000022
этому 0,322219 0,000232
этот 0,011981 0,000017
этою 0,599116 0,000144
явилась 1,021189 0,000245
явится 1,264227 0,000303
явиться 0,991226 0,000476
яркая 2,167317 0,000520
ясно 0,354404 0,000170
ящик 1,167317 0,000280
ящичками 2,167317 0,000520
