автор 0,000000 0,000000
автора 1,468347 0,001105
автором 0,000000 0,000000
авторского 0,000000 0,000000
авторы 0,000000 0,000000
аделаида 0,845098 0,001272
аделаиду 1,322219 0,001990
аделаиды 1,021189 0,002305
акта 1,468347 0,001105
алексей 0,000000 0,000000
алексея 0,000000 0,000000
антрактах 1,866287 0,001404
бегал 1,213075 0,000913
беглянке 2,167317 0,001631
беглянки 2,167317 0,001631
бедняжка 1,565257 0,001178
безбрежное 2,167317 0,001631
беззаветно 1,690196 0,001272
берег 1,565257 0,001178
берега 1,690196 0,001272
беспорядочная 2,167317 0,001631
бесстыдными 2,167317 0,001631
бестолковейших 2,167317 0,001631
бестолкового 1,866287 0,001404
бестолковость 2,167317 0,001631
бестолковых 1,866287 0,001404
библиотека 0,000000 0,000000
била 2,167317 0,001631
благородства 1,167317 0,000878
богатого 1,690196 0,001272
бодрости 1,866287 0,001404
бойких 2,167317 0,001631
более 0,000000 0,000000
больше 0,137934 0,000208
большинстве 1,468347 0,001105
большинство 1,264227 0,000951
брака 1,088136 0,000819
братья 0,176091 0,000530
брачной 1,866287 0,001404
бросила 1,053374 0,000793
бросилась 0,648803 0,000488
будто 0,099131 0,000149
будь 0,720159 0,001084
бурную 2,167317 0,001631
была 0,046743 0,000035
было 0,000000 0,000000
быстротой 1,264227 0,000951
быструю 1,690196 0,001272
быть 0,002964 0,000016
вашу 0,504560 0,000380
вдруг 0,005949 0,000004
ведь 0,043466 0,000033
весьма 0,243038 0,000183
вечные 1,468347 0,001105
веяний 2,167317 0,001631
взять 0,533849 0,000402
виде 0,434924 0,000327
визиты 0,000000 0,000000
вместе 0,208276 0,000313
вновь 0,720159 0,000542
вовсе 0,150284 0,000226
воду 1,125925 0,000847
возбуждал 1,565257 0,001178
возвышенности 2,167317 0,001631
воздевая 1,866287 0,001404
вознаграждения 0,000000 0,000000
вообще 0,459747 0,000346
впечатления 1,021189 0,000768
впрочем 0,118099 0,000178
время 0,043466 0,000131
всегда 0,129891 0,000098
всей 0,248239 0,000187
всем 0,070407 0,000053
всеми 0,434924 0,000327
всему 0,486076 0,000731
всех 0,060107 0,000045
встречающийся 2,167317 0,001631
вступилось 2,167317 0,001631
второй 0,704919 0,000530
выделило 2,167317 0,001631
выйти 0,587534 0,000884
выказала 1,690196 0,001272
вымаливаниями 2,167317 0,001631
вымогательствами 2,167317 0,001631
выплаты 0,000000 0,000000
высокого 0,991226 0,000746
гарем 2,167317 0,001631
главное 0,189594 0,000143
глубокую 1,690196 0,001272
глупость 0,912045 0,000686
говорили 0,374926 0,000282
говорят 0,309985 0,000466
голоду 1,322219 0,000995
гораздо 0,443041 0,000333
горесть 2,167317 0,001631
городской 1,468347 0,001105
горячая 1,468347 0,001105
господину 1,053374 0,000793
готового 1,690196 0,001272
губернии 0,991226 0,000746
давно 0,158717 0,000119
даже 0,005949 0,000040
дальше 0,002964 0,000002
дама 0,735954 0,000554
данные 0,000000 0,000000
двадцати 0,675956 0,000509
дворян 1,468347 0,001105
девицу 1,468347 0,001105
девушка 0,805589 0,000606
делает 0,805589 0,000606
делишки 1,690196 0,001272
дело 0,063514 0,000048
денежки 1,322219 0,000995
деньгами 0,675956 0,000509
деревеньку 1,690196 0,001272
деспотизма 2,167317 0,001631
дмитрий 0,468347 0,000352
добился 1,389166 0,001045
довольно 0,129891 0,000586
довольны 1,213075 0,000913
долгое 1,125925 0,000847
доме 0,322219 0,000242
дорогой 0,565257 0,000425
достоевский 0,000000 0,000000
достояние 0,000000 0,000000
драки 2,167317 0,001631
другим 0,533849 0,000803
другое 0,309985 0,000233
дрянного 1,866287 0,001404
думать 0,486076 0,000366
душевной 1,565257 0,001178
единственно 0,477121 0,000359
единственным 1,322219 0,000995
ежеминутно 1,690196 0,001272
ездил 0,866287 0,000652
есть 0,018098 0,000014
жалко 0,912045 0,000686
жаловался 1,322219 0,000995
желал 0,611015 0,000460
женат 1,264227 0,000951
женскую 1,866287 0,001404
женщина 0,396465 0,000298
живописен 2,167317 0,001631
жизни 0,222835 0,000503
жизнь 0,162996 0,000491
завел 1,264227 0,000951
загадочной 1,866287 0,001404
заключаем 2,167317 0,001631
заманчиво 1,690196 0,001272
замечает 1,690196 0,001272
замечательною 1,565257 0,001178
замуж 0,735954 0,001108
запрошлом 2,167317 0,001631
захлопотал 1,565257 0,001178
захотелось 0,787106 0,000592
заявить 1,125925 0,000847
злодеи 2,167317 0,001631
злой 1,167317 0,000878
знает 0,171682 0,000129
знал 0,114239 0,000172
знатного 1,468347 0,001105
иван 0,303994 0,000229
ивановна 0,486076 0,000731
ивановну 0,805589 0,001212
ивановны 0,554533 0,001252
известие 0,662167 0,000498
известно 0,334808 0,000504
известного 1,264227 0,000951
излюбленный 2,167317 0,001631
именно 0,066947 0,000151
имущественные 2,167317 0,001631
использоваться 0,000000 0,000000
истинный 1,264227 0,000951
история 0,845098 0,000636
источник 0,000000 0,000000
каждому 0,912045 0,000686
кажется 0,118099 0,000178
какая 0,194189 0,000146
какого 0,347773 0,000262
какой 0,095435 0,000072
канули 2,167317 0,001631
капризов 1,866287 0,001404
карамазов 0,587534 0,000884
карамазова 0,912045 0,000686
карамазовы 0,180546 0,000543
карьеру 1,322219 0,000995
книга 0,176091 0,000132
книги 0,000000 0,000000
комаров 0,000000 0,000000
комического 1,866287 0,001404
конечно 0,060107 0,000045
кончила 1,213075 0,000913
кончине 1,565257 0,001178
кончины 1,565257 0,001178
которая 0,361137 0,000272
которого 0,198834 0,000150
которое 0,426955 0,000321
которой 0,213075 0,000160
которые 0,189594 0,000428
который 0,110412 0,000083
красивая 1,565257 0,001178
красивость 1,866287 0,001404
кричать 1,125925 0,000847
куда 0,248239 0,000187
либо 0,000000 0,000000
литература 0,000000 0,000000
лицом 0,000000 0,000000
лишь 0,185046 0,000278
лучшему 1,322219 0,000995
льстило 2,167317 0,001631
любви 0,504560 0,000759
любым 0,000000 0,000000
людей 0,298086 0,000224
люди 0,269690 0,000203
маленький 0,662167 0,000996
между 0,129891 0,000391
месте 0,286504 0,000431
мигом 0,504560 0,000759
митю 0,623249 0,000469
миусовой 2,167317 0,001631
миусовых 1,866287 0,001404
многие 0,468347 0,000352
могла 0,286504 0,000431
может 0,000000 0,000000
мозгляка 1,866287 0,001404
молодая 0,936868 0,000705
момент 0,720159 0,000542
момента 0,000000 0,000000
мужа 0,991226 0,000746
мысли 0,316059 0,000238
наверно 0,264227 0,000199
навзрыд 1,690196 0,001272
навыдумала 2,167317 0,001631
надо 0,036984 0,000028
назад 0,000000 0,000000
название 0,000000 0,000000
называли 1,866287 0,002809
наивнее 2,167317 0,001631
наивно 1,322219 0,000995
найти 0,000000 0,000000
наконец 0,073896 0,000111
намеченный 2,167317 0,001631
написано 0,000000 0,000000
например 0,298086 0,000224
нарочно 0,227798 0,000171
насмешливейших 2,167317 0,001631
насмешники 1,866287 0,001404
наука 0,000000 0,000000
национальная 1,866287 0,001404
начал 0,137934 0,000208
началась 1,322219 0,000995
нашего 0,396465 0,000597
нашей 0,599116 0,000451
нашему 0,888564 0,000669
небу 1,565257 0,001178
невесты 1,213075 0,000913
него 0,000000 0,000000
нежели 1,866287 0,001404
немало 1,389166 0,001045
немедленно 0,554533 0,000417
нему 0,080958 0,000061
непреодолимые 2,167317 0,001631
нередкие 2,167317 0,001631
нередких 2,167317 0,001631
нескольких 1,088136 0,000819
несмотря 0,275223 0,001035
несравненно 1,264227 0,000951
нетерпеливая 1,690196 0,001272
нибудь 0,030597 0,000023
никакого 0,403889 0,000304
ничего 0,030597 0,000046
ничтожного 1,690196 0,001272
нищеты 1,565257 0,001178
норовил 1,866287 0,001404
ночь 0,248239 0,000187
ныне 1,021189 0,000768
обделывать 1,866287 0,001404
обедать 1,125925 0,000847
обиде 1,690196 0,001272
обиженного 1,690196 0,001272
обозначились 2,167317 0,001631
обошлось 1,565257 0,001178
обоюдной 2,167317 0,001631
образом 0,347773 0,000523
общественное 0,000000 0,000000
общественных 2,167317 0,001631
объяснять 1,468347 0,001105
ограничило 2,167317 0,001631
одаренная 2,167317 0,001631
один 0,046743 0,000106
одна 0,185046 0,000139
однако 0,102859 0,000232
одни 0,459747 0,000346
одним 0,286504 0,000647
одного 0,150284 0,000113
одной 0,243038 0,000366
одному 0,334808 0,000252
однородных 2,167317 0,001631
одну 0,232819 0,000175
оказалась 1,167317 0,000878
оказалось 0,486076 0,000366
опубликовано 0,000000 0,000000
освободительнице 2,167317 0,001631
освобождению 2,167317 0,001631
особенная 1,389166 0,001045
особенного 0,888564 0,000669
особенном 1,565257 0,001178
оставив 0,991226 0,000746
остальные 0,704919 0,000530
отвращение 1,088136 0,000819
отвращения 1,322219 0,000995
отвязался 1,866287 0,001404
отголоском 2,167317 0,001631
открыть 1,021189 0,000768
отлично 0,805589 0,000606
отпущаеши 2,167317 0,001631
офелию 2,167317 0,001631
оформление 0,000000 0,000000
очень 0,024303 0,000055
павлович 0,419129 0,003154
павловича 0,451314 0,001358
павловичу 0,805589 0,000606
пассажи 2,167317 0,001631
первая 0,419129 0,001261
первого 0,411442 0,000310
первой 0,720159 0,000542
перебралась 2,167317 0,001631
перевести 1,468347 0,001105
переходной 2,167317 0,001631
перешло 0,000000 0,000000
петербург 0,662167 0,000498
петербурге 0,690196 0,001039
пикантное 1,866287 0,001404
плакал 0,824895 0,001241
пленной 2,167317 0,001631
плоский 1,866287 0,001404
побежал 0,623249 0,000469
повторю 1,322219 0,000995
погибавшим 2,167317 0,001631
погибла 1,468347 0,001105
подборка 0,000000 0,000000
подготовлен 2,167317 0,001631
подновленном 2,167317 0,001631
подобно 1,167317 0,000878
подобные 1,565257 0,001178
подробности 0,648803 0,000976
подтибрил 2,167317 0,001631
подумаешь 1,866287 0,001404
подходящего 2,167317 0,001631
поехал 1,167317 0,000878
пойти 0,675956 0,000509
покинувшую 2,167317 0,001631
поколение 1,565257 0,001178
поколении 1,866287 0,001404
поколения 1,866287 0,001404
полную 1,053374 0,000793
положению 1,468347 0,001105
положения 1,053374 0,000793
положим 0,720159 0,000542
положительно 0,805589 0,000606
получила 1,213075 0,000913
получили 1,322219 0,000995
получилось 1,866287 0,001404
поманила 1,690196 0,001272
поместье 1,389166 0,001045
помещик 1,053374 0,000793
помещика 1,565257 0,001178
помещике 1,866287 0,001404
помещиков 1,264227 0,000951
посетителей 0,000000 0,000000
посетители 0,000000 0,000000
после 0,084532 0,000127
последние 0,533849 0,000402
посмертно 0,000000 0,000000
поступок 0,912045 0,000686
походить 1,468347 0,001105
похожего 1,690196 0,001272
почел 1,125925 0,000847
почти 0,024303 0,000037
пошли 0,735954 0,000554
появлявшихся 2,167317 0,001631
праве 1,125925 0,000847
право 0,361137 0,000272
пред 0,033778 0,000051
преданию 1,565257 0,001178
предприняв 2,167317 0,001631
презирает 1,125925 0,000847
презрения 0,963197 0,000725
прельстило 2,167317 0,001631
препятствия 2,167317 0,001631
прибавляли 1,690196 0,001272
приданое 1,322219 0,002985
приданым 1,690196 0,001272
приживальщика 1,866287 0,001404
приживальщики 1,690196 0,001272
прижизненно 0,000000 0,000000
приключившейся 2,167317 0,001631
прикрасами 2,167317 0,001631
прильнуть 2,167317 0,001631
примазаться 2,167317 0,001631
примирилось 2,167317 0,001631
припоминаемого 2,167317 0,001631
причем 0,912045 0,000686
приятно 0,805589 0,000606
программирование 0,000000 0,000000
продолжал 0,292256 0,000220
прозаический 2,167317 0,001631
произведение 0,000000 0,000000
произведений 0,000000 0,000000
произведения 0,000000 0,000000
произвела 1,264227 0,000951
произошло 0,495219 0,000373
происходили 1,565257 0,001178
происходило 0,845098 0,000636
простодушнее 1,690196 0,001272
против 0,389166 0,000586
прошло 0,000000 0,000000
прошлом 1,468347 0,001105
публикации 0,000000 0,000000
пустилась 1,468347 0,001105
пуститься 2,167317 0,001631
пьянство 1,866287 0,002809
пьяный 0,888564 0,000669
пяти 0,662167 0,000498
радовался 1,690196 0,001272
радости 0,635838 0,000478
раза 0,426955 0,000321
развратного 1,389166 0,001045
разглядела 1,866287 0,001404
раздражением 1,468347 0,001105
разом 0,389166 0,000293
разрешения 0,000000 0,000000
разыгрывать 1,690196 0,001272
расписывать 1,866287 0,001404
рассказывали 0,936868 0,000705
ребенок 0,648803 0,000488
реку 1,866287 0,001404
решение 0,735954 0,000554
решительно 0,341243 0,000514
ровно 0,533849 0,000402
рода 0,866287 0,000652
роде 0,504560 0,000380
родне 2,167317 0,001631
родства 1,468347 0,001105
роль 1,125925 0,000847
романтическом 2,167317 0,001631
рублей 0,367977 0,000277
руках 0,396465 0,000298
руки 0,167317 0,000126
русская 0,000000 0,000000
русской 1,088136 0,000819
сайте 0,000000 0,000000
сама 0,208276 0,000157
самая 0,599116 0,000451
сами 0,142011 0,000107
самое 0,167317 0,000252
самостоятельность 2,167317 0,001631
самоубийства 1,690196 0,001272
самую 0,459747 0,000346
самый 0,198834 0,000150
самым 0,280827 0,000211
сбежала 1,565257 0,001178
сверх 0,752344 0,000566
свободно 0,000000 0,000000
свое 0,150284 0,000226
своего 0,091770 0,000207
своей 0,066947 0,000302
своем 0,198834 0,000449
своему 0,367977 0,000554
свои 0,146128 0,000110
своим 0,208276 0,000157
своими 0,495219 0,000373
свой 0,189594 0,000143
свою 0,073896 0,000222
себе 0,033778 0,000051
себя 0,005949 0,000004
сегодня 0,000000 0,000000
семейки 1,866287 0,001404
семейства 0,690196 0,000519
семейство 0,936868 0,001410
семейством 1,021189 0,000768
семидесяти 0,000000 0,000000
семинаристом 2,167317 0,003262
силой 0,675956 0,000509
скажу 0,275223 0,000207
сказаниям 1,866287 0,001404
сказать 0,073896 0,000056
скоро 0,298086 0,000224
сладострастнейшего 2,167317 0,001631
следствия 1,322219 0,000995
следы 1,322219 0,000995
слезно 1,565257 0,001178
слишком 0,133894 0,000201
случаев 1,468347 0,001105
случай 0,443041 0,000333
случилось 0,403889 0,000304
смелая 1,690196 0,001272
смелейших 2,167317 0,001631
смерти 0,468347 0,000705
смеха 1,088136 0,000819
смешную 2,167317 0,001631
смотреть 0,477121 0,000359
смуглая 2,167317 0,001631
собираться 1,866287 0,001404
собрание 0,000000 0,000000
собственных 0,991226 0,000746
событием 1,690196 0,001272
совершение 2,167317 0,001631
совсем 0,021189 0,000016
согласия 0,000000 0,000000
сомнения 0,523865 0,000394
сообщал 1,389166 0,001045
сообщать 1,322219 0,000995
сообщу 1,468347 0,001105
состояло 1,213075 0,000913
социальному 1,866287 0,001404
сочинений 0,000000 0,000000
спокойным 1,088136 0,000819
спровадил 1,690196 0,001272
стал 0,125925 0,000095
стану 0,662167 0,000498
старался 1,125925 0,000847
старший 1,213075 0,000913
столам 1,866287 0,001404
столь 0,434924 0,001309
стороны 0,185046 0,000418
странный 0,787106 0,000592
страстно 1,322219 0,000995
страстной 1,690196 0,001272
стыдно 0,504560 0,000380
сумасбродов 2,167317 0,003262
супруга 0,787106 0,001777
супругами 1,866287 0,002809
супруге 1,213075 0,000913
супруги 1,021189 0,002305
супругу 1,088136 0,000819
сцены 1,167317 0,000878
счастию 1,264227 0,000951
сына 0,576253 0,000867
сыном 0,963197 0,000725
также 0,000000 0,000000
таки 0,066947 0,000101
такие 0,232819 0,000175
таким 0,243038 0,000183
таких 0,243038 0,000366
такого 0,243038 0,000183
такое 0,114239 0,000086
текст 0,000000 0,000000
темной 1,565257 0,001178
теперешнее 1,322219 0,000995
теперь 0,015029 0,000034
тифа 2,167317 0,001631
тогда 0,050046 0,000188
того 0,005949 0,000018
тоже 0,043466 0,000131
только 0,002964 0,000020
томах 0,000000 0,000000
тому 0,095435 0,000072
тотчас 0,046743 0,000070
трагической 1,866287 0,001404
третьим 2,167317 0,001631
трехлетнего 1,690196 0,001272
тринадцать 1,389166 0,001045
тысяч 0,451314 0,000679
тысячки 1,690196 0,001272
убедила 1,866287 0,001404
увоза 2,167317 0,001631
увозом 2,167317 0,001631
угодно 0,504560 0,000380
удалось 0,824895 0,000621
уезда 2,167317 0,003262
уезду 1,866287 0,001404
узнал 0,381987 0,000287
улице 0,635838 0,000478
умерла 0,963197 0,000725
умершим 0,000000 0,000000
умеют 1,167317 0,000878
умниц 2,167317 0,001631
умно 1,264227 0,000951
усиления 2,167317 0,001631
условий 1,565257 0,001178
услужливая 2,167317 0,001631
усталости 1,690196 0,001272
устроить 1,053374 0,000793
утес 2,167317 0,003262
учителем 1,866287 0,001404
факт 0,675956 0,000509
фактов 0,991226 0,000746
фантазия 1,053374 0,000793
федор 0,000000 0,000000
федора 0,554533 0,001669
федорович 0,253503 0,000381
федору 0,936868 0,000705
физическою 2,167317 0,001631
хапугу 2,167317 0,001631
хитро 1,322219 0,000995
хорошей 1,167317 0,000878
хороший 0,963197 0,000725
хотя 0,050046 0,000075
целый 0,486076 0,000366
часа 0,000000 0,000000
часто 0,292256 0,000220
часть 0,002964 0,000004
чего 0,040213 0,000030
человека 0,154480 0,000232
чердаке 1,866287 0,001404
число 0,000000 0,000000
чистыми 1,468347 0,001105
читаем 0,000000 0,000000
читать 0,000000 0,000000
чрез 0,275223 0,000207
чрезвычайною 0,991226 0,000746
чтоб 0,073896 0,000056
чтобы 0,030597 0,000023
чужим 1,690196 0,001272
чужих 1,213075 0,000913
чуть 0,176091 0,000132
чьего 0,000000 0,000000
шекспировскую 2,167317 0,001631
шута 1,167317 0,000878
эмансипацию 2,167317 0,001631
эпохи 1,565257 0,001178
этих 0,213075 0,000160
этом 0,046743 0,000035
этот 0,011981 0,000027
юбке 2,167317 0,001631
явиться 0,991226 0,000746
