автор 0,000000 0,000000
автором 0,000000 0,000000
авторского 0,000000 0,000000
авторы 0,000000 0,000000
аглае 0,866287 0,000176
адрес 1,213075 0,000246
адресу 1,565257 0,000318
алексеевне 1,389166 0,000282
алексей 0,000000 0,000000
алексея 0,000000 0,000000
аллаховы 2,167317 0,000440
анализировать 1,690196 0,000343
ардалионович 0,805589 0,000164
бежала 1,167317 0,000237
бежать 0,769377 0,000156
безобразие 1,690196 0,000343
безумия 1,866287 0,000758
безумная 1,167317 0,000237
безумство 2,167317 0,000440
беспокоившее 2,167317 0,000440
беспокойного 1,866287 0,000379
беспокойства 1,565257 0,000318
беспокойстве 0,991226 0,000201
беспокойством 0,888564 0,000361
беспокойтесь 0,805589 0,000164
беспорядочно 1,690196 0,000343
беспредельному 2,167317 0,000440
беспрерывно 0,623249 0,000253
беспрерывном 1,565257 0,000318
бессознательное 2,167317 0,000440
бесчеловечностью 2,167317 0,000440
бесчестен 1,213075 0,000246
бесчестно 1,468347 0,000298
бешеная 1,690196 0,000343
библиотека 0,000000 0,000000
биения 1,690196 0,000343
билет 1,468347 0,000596
билось 1,322219 0,000269
благословение 1,389166 0,000282
бледный 0,888564 0,000180
блеснуло 1,866287 0,000379
ближе 0,752344 0,000153
близко 0,888564 0,000361
боец 2,167317 0,000440
боже 0,459747 0,000093
более 0,000000 0,000000
болезненного 1,389166 0,000282
болезненное 1,322219 0,000269
болезненном 1,264227 0,000257
болезни 0,565257 0,000115
болезнь 0,704919 0,000573
больная 1,053374 0,000214
больного 0,752344 0,000306
больше 0,137934 0,000056
большим 0,704919 0,000286
бормотал 0,720159 0,000146
братом 0,769377 0,000469
братски 1,690196 0,000343
бред 1,053374 0,000214
бреду 0,912045 0,000185
бродил 1,468347 0,000298
бродила 1,690196 0,000343
бросил 0,554533 0,000225
бросился 0,451314 0,000275
будет 0,077412 0,000079
будто 0,099131 0,000060
буду 0,208276 0,000042
буфетные 2,167317 0,000440
бывает 0,599116 0,000243
бывало 0,554533 0,000225
была 0,046743 0,000095
были 0,099131 0,000161
было 0,000000 0,000000
быстро 0,232819 0,000047
бытие 1,866287 0,000379
бытия 1,866287 0,000758
быть 0,002964 0,000010
вагон 1,389166 0,000564
вагона 1,264227 0,000257
вдруг 0,005949 0,000034
ведь 0,043466 0,000132
вела 1,866287 0,000379
вера 0,769377 0,000156
верил 0,752344 0,000153
верить 0,635838 0,000387
вернее 1,053374 0,000214
верному 1,866287 0,000379
вероятно 0,623249 0,000253
веру 0,845098 0,000172
верю 0,623249 0,000253
весах 1,866287 0,001516
весов 2,167317 0,000440
весы 1,866287 0,000758
весь 0,099131 0,000040
весьма 0,243038 0,000049
вечера 0,623249 0,000127
вечерний 1,468347 0,000298
вещах 1,322219 0,000269
вещей 0,936868 0,000190
вещи 0,735954 0,000149
вещь 0,720159 0,000439
взбежав 2,167317 0,000440
взбежал 1,866287 0,000379
взволнованный 1,690196 0,000343
взгляд 0,396465 0,000161
взгляде 0,769377 0,000156
взглядов 1,167317 0,000237
взглядом 0,504560 0,000102
взгляду 1,389166 0,000282
вздрогнул 0,565257 0,000115
вздумал 0,805589 0,000164
взял 0,269690 0,000110
взялся 1,322219 0,000269
взятый 2,167317 0,000440
взять 0,533849 0,000108
видал 0,623249 0,000127
виде 0,434924 0,000088
видел 0,248239 0,000101
видения 1,565257 0,000318
видеть 0,381987 0,000155
видимо 0,328468 0,000067
видит 0,690196 0,000140
видится 2,167317 0,000440
видом 0,389166 0,000158
виду 0,544068 0,000221
визиты 0,000000 0,000000
вилась 2,167317 0,000440
вина 0,963197 0,000196
виноват 0,523865 0,000213
вкопанный 1,565257 0,000318
вместе 0,208276 0,000085
вместо 0,411442 0,000084
внезапная 1,264227 0,000770
внезапно 0,623249 0,000127
внезапного 1,322219 0,000269
внезапному 1,690196 0,000343
внезапною 1,468347 0,000298
внезапную 1,389166 0,000282
внезапные 1,690196 0,000343
внешнему 2,167317 0,000440
вниз 0,752344 0,000458
внимание 0,704919 0,000143
вниманием 1,167317 0,000474
внимания 0,845098 0,000172
внутреннее 1,389166 0,000282
внутренний 1,690196 0,000343
внутри 1,053374 0,000214
внушает 2,167317 0,000880
внушать 1,866287 0,000379
вовсе 0,150284 0,000031
водой 1,021189 0,000207
возвращается 1,565257 0,000318
возмущающие 2,167317 0,000440
вознаграждения 0,000000 0,000000
воксал 1,565257 0,000636
воксала 1,690196 0,001030
воксале 1,264227 0,000770
волнения 0,991226 0,000201
волю 1,264227 0,000257
вообразить 0,963197 0,000391
вопле 2,167317 0,000440
вопль 1,264227 0,000257
вопля 1,866287 0,000379
вопрос 0,222835 0,000136
вопросов 0,866287 0,000176
ворот 0,963197 0,000587
ворота 0,963197 0,000391
воротах 1,866287 0,000758
воротился 0,599116 0,000243
воротить 1,468347 0,000298
воротиться 1,053374 0,000428
воспламенялся 2,167317 0,000440
воспоминание 0,963197 0,000391
воспоминания 1,088136 0,000221
воспоминаниями 2,167317 0,000440
восторженного 2,167317 0,000440
востроглазая 2,167317 0,000440
востролицая 2,167317 0,000440
впечатление 0,544068 0,000442
впечатлениями 1,565257 0,000318
вплоть 0,866287 0,000176
вполне 0,316059 0,000128
впоследствии 0,662167 0,000134
впрочем 0,118099 0,000216
времени 0,269690 0,000164
время 0,043466 0,000062
вроде 0,662167 0,000134
всего 0,040213 0,000049
вседовольный 2,167317 0,000440
всей 0,248239 0,000151
вселяла 2,167317 0,000440
всем 0,070407 0,000086
всеми 0,434924 0,000177
всему 0,486076 0,000099
всех 0,060107 0,000024
вскричал 0,292256 0,000059
вслед 0,523865 0,000106
всматривался 1,389166 0,000282
всматриваться 2,167317 0,000440
вспоминать 1,322219 0,000269
вспомнил 0,704919 0,001002
вспомнилось 1,690196 0,000343
встал 0,403889 0,000082
встретившимся 1,866287 0,000379
встретились 1,213075 0,000739
встретит 1,468347 0,000298
встретить 0,866287 0,000176
встречает 1,389166 0,000282
всякое 0,912045 0,000185
всяком 0,544068 0,000110
вторая 0,514105 0,000209
второго 1,264227 0,000257
входа 1,167317 0,000474
входе 1,322219 0,000269
въехал 1,690196 0,000343
выбежал 1,053374 0,000428
вывода 1,690196 0,000687
выводе 2,167317 0,000440
выдержал 0,888564 0,000180
выжидал 1,690196 0,000343
вызовом 1,053374 0,000214
выйдя 0,963197 0,000196
вынес 1,053374 0,000214
выплаты 0,000000 0,000000
выражение 0,805589 0,000164
выражения 1,167317 0,000237
выразить 0,936868 0,000381
вырвался 1,468347 0,000298
вырывается 2,167317 0,000440
высочайших 1,866287 0,000379
выставлена 1,866287 0,000379
выставленный 2,167317 0,000440
высшего 0,991226 0,000403
высшее 1,322219 0,000537
высшей 0,544068 0,000221
высший 1,264227 0,000257
высшим 1,389166 0,000282
выхода 1,088136 0,000221
выходил 0,963197 0,000196
вышел 0,275223 0,000224
вышли 0,912045 0,000185
гадкий 2,167317 0,000440
гармонией 2,167317 0,000440
гармоничной 2,167317 0,000440
генеральше 1,322219 0,000269
генеральши 1,468347 0,000298
главнейший 1,565257 0,000318
глаза 0,129891 0,000343
глазами 0,403889 0,000082
глазах 0,459747 0,000093
глубине 1,167317 0,000237
глубины 1,167317 0,000237
глупости 0,912045 0,000185
глядела 1,125925 0,000229
глядеть 0,720159 0,000146
глядит 0,866287 0,000176
глядят 1,565257 0,000318
говорил 0,095435 0,000078
говорили 0,374926 0,000076
говорит 0,189594 0,000077
голова 0,787106 0,000160
голову 0,227798 0,000046
головы 0,787106 0,000320
гольбейна 1,866287 0,000379
город 0,523865 0,000106
городе 0,565257 0,000115
горячих 1,565257 0,000318
горячо 0,544068 0,000110
господи 0,451314 0,000092
гостиница 1,866287 0,000758
гостинице 1,468347 0,000298
гостиницу 1,866287 0,001137
гостиницы 1,565257 0,001272
грех 0,888564 0,000180
гроза 1,468347 0,000298
грозовая 2,167317 0,000440
грозы 1,690196 0,000343
гром 1,213075 0,000246
груди 0,675956 0,000275
грусти 1,690196 0,000343
губах 1,053374 0,000214
давеча 0,232819 0,000804
давешнего 1,264227 0,000257
давешние 1,468347 0,000596
давешний 1,213075 0,000739
давешним 1,468347 0,000298
давления 2,167317 0,000440
давно 0,158717 0,000193
давшего 2,167317 0,000440
дает 0,845098 0,000172
даже 0,005949 0,000018
дальше 0,002964 0,000001
данные 0,000000 0,000000
дарье 1,468347 0,000298
дачу 1,389166 0,000564
дважды 1,866287 0,000379
движение 1,264227 0,000257
движений 1,468347 0,000298
двинулся 1,389166 0,000564
дебаркадере 2,167317 0,000440
действительно 0,106619 0,000130
действительное 1,866287 0,000379
действительность 1,264227 0,000513
действительностью 1,690196 0,000343
делать 0,426955 0,000087
деле 0,162996 0,000166
дело 0,063514 0,000013
демон 2,167317 0,001320
демона 2,167317 0,000880
демону 2,167317 0,000440
день 0,162996 0,000166
деревом 1,690196 0,000343
детский 1,468347 0,000298
детское 1,468347 0,000298
диалектическую 2,167317 0,000440
длинного 1,866287 0,000379
дней 0,514105 0,000209
довольно 0,129891 0,000079
догадаться 1,088136 0,000221
дождаться 1,866287 0,000379
дожидаться 1,866287 0,000758
доказывает 1,690196 0,000343
доктор 0,735954 0,000149
долго 0,222835 0,000136
должен 0,258832 0,000053
должно 0,286504 0,000116
дома 0,298086 0,000363
домами 1,866287 0,000379
домах 1,322219 0,000269
дому 0,675956 0,000412
допустить 0,912045 0,000370
дороге 0,611015 0,000248
дороги 0,704919 0,000859
достаточными 2,167317 0,000440
достоевский 0,000000 0,000000
достояние 0,000000 0,000000
дотоле 1,866287 0,000379
дочери 0,787106 0,000160
дошел 0,787106 0,000160
дрогнуло 1,866287 0,000379
дрожали 1,322219 0,000269
дрожь 1,565257 0,000318
друг 0,269690 0,000164
друга 0,419129 0,000085
друге 1,690196 0,000343
другие 0,389166 0,000079
другими 0,991226 0,000201
другое 0,309985 0,000126
другой 0,146128 0,000059
другом 0,477121 0,000291
думал 0,258832 0,000053
думать 0,486076 0,000099
душа 0,565257 0,000574
душе 0,514105 0,000104
душевного 1,389166 0,000282
душевное 1,565257 0,000318
душевный 1,690196 0,000687
душно 1,468347 0,000596
душу 0,451314 0,000642
дюбарри 1,866287 0,000379
единственно 0,477121 0,000097
единственный 0,991226 0,000201
епанчина 1,125925 0,000229
епанчиной 1,468347 0,000596
если 0,011981 0,000039
есть 0,018098 0,000018
ехать 0,866287 0,000176
жалкое 1,565257 0,000318
жалости 1,053374 0,000428
жалость 1,690196 0,000687
жаркие 1,866287 0,000379
жаром 0,587534 0,000119
жгучее 1,565257 0,000318
ждал 0,495219 0,000101
ждать 0,554533 0,000113
желал 0,611015 0,000124
желала 1,088136 0,000221
желание 0,888564 0,000541
железной 1,167317 0,000711
жемариных 1,866287 0,000379
женщина 0,396465 0,000161
женщину 0,805589 0,000164
жестокостью 1,690196 0,000343
жизненные 2,167317 0,000440
жизни 0,222835 0,000226
жизнь 0,162996 0,000066
жилища 1,866287 0,000379
забежной 1,866287 0,000379
забудет 1,322219 0,000269
забывшись 1,468347 0,000298
забыл 0,328468 0,000067
забыть 0,623249 0,000127
заволокло 2,167317 0,000440
завтра 0,298086 0,000121
заговорил 0,599116 0,000122
задал 1,167317 0,000237
задачу 1,264227 0,000257
задумался 0,866287 0,000352
задумчивый 1,389166 0,000282
заинтересовавшее 1,866287 0,000379
заинтересовался 1,468347 0,000298
заказанный 2,167317 0,000880
заключала 1,866287 0,000379
заключалась 1,389166 0,000282
закон 1,125925 0,000229
залила 1,389166 0,000282
замерло 1,389166 0,000282
заметив 0,936868 0,000190
заметил 0,154480 0,000094
заметили 0,611015 0,000124
замечал 1,021189 0,000415
замечать 1,322219 0,000269
замечая 1,213075 0,000246
занятии 2,167317 0,000440
заперся 1,690196 0,000343
записке 1,322219 0,000537
записку 1,021189 0,000207
засверкали 1,088136 0,000221
засмеялся 0,495219 0,000201
застал 0,866287 0,000176
застанет 1,565257 0,000636
затем 0,237898 0,000193
затылком 2,167317 0,000440
захватили 1,565257 0,000318
захватило 1,322219 0,000269
захватывает 1,866287 0,000379
заходящее 2,167317 0,000440
захотел 0,787106 0,000320
захотелось 0,787106 0,000639
зачем 0,146128 0,000030
зашел 0,912045 0,000185
заявить 1,125925 0,000229
звонил 1,866287 0,000379
звук 1,866287 0,000379
здесь 0,095435 0,000039
здоровом 2,167317 0,000880
здраво 2,167317 0,000440
земле 0,648803 0,000132
знает 0,171682 0,000070
знаком 0,936868 0,000190
знал 0,114239 0,000116
значит 0,243038 0,000197
иволгин 0,991226 0,000201
идеей 1,322219 0,000537
идет 0,514105 0,000418
идею 0,963197 0,000196
идея 0,824895 0,000670
идиот 0,443041 0,000360
идиотизм 1,866287 0,000379
идти 0,434924 0,000177
известившись 2,167317 0,000440
известий 1,264227 0,000257
известить 1,565257 0,000318
известно 0,334808 0,000068
изумлен 1,565257 0,000318
изъясняли 2,167317 0,000440
имел 0,347773 0,000071
имени 0,912045 0,000185
именно 0,066947 0,000054
имеющий 1,690196 0,000343
иначе 0,367977 0,000075
иногда 0,208276 0,000254
иное 1,053374 0,000214
инструмент 1,866287 0,000758
интерес 1,565257 0,000318
иными 1,389166 0,000282
искажается 2,167317 0,000440
искажающие 2,167317 0,000440
исказила 2,167317 0,000440
искании 2,167317 0,000440
искать 0,769377 0,000156
искривленною 1,468347 0,000298
использоваться 0,000000 0,000000
испытал 1,690196 0,000343
истерически 1,125925 0,000229
истину 1,125925 0,000229
источник 0,000000 0,000000
исчез 1,125925 0,000229
исчезает 1,866287 0,000379
итак 0,805589 0,000164
ищет 0,963197 0,000391
каждом 1,053374 0,000214
каждому 0,912045 0,000185
кажется 0,118099 0,000096
казались 1,468347 0,000298
какая 0,194189 0,000118
какие 0,232819 0,000047
каким 0,194189 0,000079
какими 0,888564 0,000180
какого 0,347773 0,000071
какое 0,227798 0,000463
какой 0,095435 0,000136
каменная 1,866287 0,000379
каменного 1,690196 0,000343
каменную 2,167317 0,000440
карете 1,565257 0,000318
картина 0,991226 0,000201
картину 1,053374 0,000214
карточку 1,690196 0,000343
клевещет 1,690196 0,000687
книги 0,000000 0,000000
книгой 1,468347 0,000298
князе 1,167317 0,000237
князь 0,477121 0,002422
князю 0,504560 0,000410
князя 0,468347 0,000856
когда 0,015029 0,000049
кого 0,222835 0,000045
колебания 1,264227 0,000257
колена 1,389166 0,000282
коллежской 2,167317 0,000440
колю 0,805589 0,000164
коля 0,565257 0,000459
комаров 0,000000 0,000000
комнаты 0,443041 0,000090
конвульсии 2,167317 0,000440
конвульсий 2,167317 0,000440
кондитерскую 2,167317 0,000440
конечно 0,060107 0,000085
конца 0,704919 0,000143
конце 0,611015 0,000124
кончить 1,053374 0,000214
копеек 1,125925 0,000915
коридоры 2,167317 0,001320
которая 0,361137 0,000073
которого 0,198834 0,000121
которое 0,426955 0,000087
которой 0,213075 0,000130
котором 0,347773 0,000141
которому 0,468347 0,000095
которую 0,292256 0,000237
которые 0,189594 0,000039
который 0,110412 0,000067
которым 0,389166 0,000158
которых 0,426955 0,000173
кошмар 1,322219 0,000269
крайней 0,298086 0,000182
краска 1,264227 0,000257
краской 1,565257 0,000318
красота 1,167317 0,000237
красотой 1,322219 0,000269
крест 0,912045 0,000185
крикнул 0,381987 0,000078
кричит 0,805589 0,000327
крови 0,662167 0,000134
кругом 0,419129 0,000426
кружится 1,565257 0,000318
кстати 0,468347 0,000095
кувшин 1,690196 0,000343
куда 0,248239 0,000151
кушая 1,866287 0,000379
лавка 1,690196 0,001373
лавки 1,264227 0,000770
лавкой 1,690196 0,000687
лавку 1,213075 0,000246
лебедев 0,735954 0,000897
лебедева 0,752344 0,000917
лебедеву 1,213075 0,000246
легко 0,752344 0,000153
леденящею 2,167317 0,000440
лежавшего 1,389166 0,000564
лестница 1,690196 0,000687
лестнице 1,088136 0,000663
лестницу 1,167317 0,000474
лестницы 0,991226 0,000201
лета 1,264227 0,000257
летел 1,264227 0,000257
летнего 2,167317 0,000440
летнем 1,690196 0,000687
либо 0,000000 0,000000
липой 1,866287 0,000379
литература 0,000000 0,000000
лица 0,322219 0,000131
лице 0,403889 0,000082
лицо 0,114239 0,000209
лицом 0,000000 0,000000
ловить 1,389166 0,000282
лужица 2,167317 0,000440
лукаво 1,088136 0,000221
любви 0,504560 0,000102
любит 0,389166 0,000237
любить 0,523865 0,000106
любопытство 0,866287 0,000176
любопытством 0,459747 0,000187
любым 0,000000 0,000000
людей 0,298086 0,000121
людьми 0,623249 0,000127
магомета 1,866287 0,000379
малейшего 0,720159 0,000146
малейшей 1,021189 0,000207
маленькая 0,866287 0,000176
маленьким 1,213075 0,000246
мало 0,208276 0,000042
матери 0,451314 0,000092
машинально 1,053374 0,000214
мгновение 0,396465 0,000483
мгновении 1,866287 0,000379
мгновения 0,991226 0,000403
мгновениями 1,322219 0,000269
мгновенно 0,888564 0,000361
мгновенной 2,167317 0,000440
медленно 0,805589 0,000164
между 0,129891 0,000026
мелькнуло 0,805589 0,000164
меня 0,027438 0,000006
мере 0,269690 0,000164
меры 1,021189 0,000415
места 0,389166 0,000079
месте 0,286504 0,000175
место 0,334808 0,000068
месяцев 0,866287 0,000176
мечтаться 2,167317 0,000440
милое 1,264227 0,000257
мимо 0,514105 0,000104
минут 0,486076 0,000296
минута 0,888564 0,000361
минуту 0,084532 0,000120
минуты 0,322219 0,000196
мистическое 1,565257 0,000318
многие 0,468347 0,000095
многих 0,704919 0,000286
много 0,080958 0,000066
могла 0,286504 0,000058
могло 0,403889 0,000246
моей 0,280827 0,000114
может 0,000000 0,000000
можно 0,088136 0,000018
мозг 1,866287 0,000379
молитва 1,468347 0,000298
молитвенного 2,167317 0,000440
молнии 1,866287 0,000379
молния 1,866287 0,000379
момент 0,720159 0,000878
момента 0,000000 0,000000
моменты 1,690196 0,000343
москве 0,690196 0,000421
мостах 2,167317 0,000440
мотив 1,866287 0,000379
мрак 1,021189 0,001244
мрака 1,322219 0,000269
мрачно 0,866287 0,000528
мрачное 1,167317 0,000474
мрачную 1,866287 0,000379
мрачных 1,866287 0,000379
музыкальный 2,167317 0,000440
мучения 1,264227 0,000513
мучила 1,167317 0,000237
мучился 1,053374 0,000214
мучительно 1,021189 0,000207
мучительного 1,690196 0,000343
мучительное 1,389166 0,000846
мучительном 1,468347 0,000298
мысль 0,264227 0,000161
набережной 2,167317 0,000440
наблюдателю 1,690196 0,000343
наверно 0,264227 0,000161
навзничь 1,468347 0,000298
надвигалась 2,167317 0,000440
надвинувшаяся 2,167317 0,000440
надежды 0,912045 0,000185
наделавшем 2,167317 0,000440
надлежащие 2,167317 0,000440
надо 0,036984 0,000053
надоевший 2,167317 0,000440
надолго 1,167317 0,000237
назад 0,000000 0,000000
название 0,000000 0,000000
называет 1,389166 0,000282
наискось 1,468347 0,000298
найти 0,000000 0,000000
наклонен 1,389166 0,000282
наконец 0,073896 0,000060
намерением 1,088136 0,000221
написано 0,000000 0,000000
напоказ 1,565257 0,000318
наполнила 2,167317 0,000440
направился 0,912045 0,000185
направо 0,787106 0,000320
напротив 0,180546 0,000037
напрягаемым 2,167317 0,000440
напрягались 2,167317 0,000440
напряжение 1,690196 0,000343
напряжении 1,690196 0,000343
напряжению 2,167317 0,000440
напряженного 1,866287 0,000379
нарочно 0,227798 0,000093
нарушение 2,167317 0,000440
насмешкой 1,264227 0,000257
настасье 0,936868 0,000190
настасью 0,888564 0,000180
настасья 0,805589 0,000164
настойчиво 0,787106 0,000320
настойчивость 1,866287 0,000379
настоящее 0,963197 0,000196
настроение 1,468347 0,000298
настроении 0,991226 0,000201
наступил 1,322219 0,000269
насущное 1,690196 0,000343
наука 0,000000 0,000000
научит 1,866287 0,000379
нахлынувших 2,167317 0,000440
находился 0,963197 0,000196
находящийся 1,866287 0,000379
начале 0,787106 0,000480
начало 1,053374 0,000428
начинал 0,662167 0,000403
начинался 1,690196 0,000687
нашел 0,648803 0,000132
нашептывания 2,167317 0,000440
наяву 1,213075 0,000246
небо 1,021189 0,000207
невинное 1,565257 0,000318
невозможно 0,411442 0,000251
невозможность 1,264227 0,000257
невольно 0,704919 0,000143
невообразимый 2,167317 0,000440
неву 1,690196 0,000687
невы 1,866287 0,000379
невыносима 1,690196 0,000343
невыносимо 1,468347 0,000298
невыносимый 2,167317 0,000440
негаданного 2,167317 0,000440
негаданное 2,167317 0,000440
неглупый 2,167317 0,000440
него 0,000000 0,000000
негодованием 0,787106 0,000160
недавнем 1,866287 0,000379
недавно 0,576253 0,000351
недоумение 1,167317 0,000237
неизбежного 2,167317 0,000440
некоторые 0,533849 0,000108
немедленно 0,554533 0,000113
нему 0,080958 0,000066
немыслимо 1,866287 0,000379
ненормальное 1,866287 0,000379
ненормальные 2,167317 0,000440
необыкновенная 1,322219 0,000269
необыкновенно 0,805589 0,000327
необыкновенную 1,264227 0,000257
необыкновенным 0,845098 0,000687
необычайное 1,167317 0,000237
необычайный 1,468347 0,000298
неожиданного 1,322219 0,000269
неотвязный 1,866287 0,000379
неотразимое 1,866287 0,001516
непобедимое 2,167317 0,000440
непосредственного 1,866287 0,000379
непременно 0,133894 0,000272
непростительно 1,690196 0,000343
несколько 0,102859 0,000146
неслыханного 1,866287 0,000379
неслыханное 1,565257 0,000318
несмотря 0,275223 0,000112
несомненно 0,704919 0,000143
нестерпимые 2,167317 0,000440
нестерпимый 1,866287 0,000379
несуществующие 2,167317 0,000440
несчастного 0,824895 0,000168
несчастный 0,824895 0,000168
нетерпением 0,866287 0,000176
нетерпения 1,264227 0,000257
неужели 0,389166 0,000079
нечего 0,381987 0,000078
нечто 0,389166 0,000158
нибудь 0,030597 0,000025
низкого 1,468347 0,000298
низость 1,088136 0,000442
низшему 2,167317 0,000440
никак 0,396465 0,000161
никакого 0,403889 0,000082
никакой 0,635838 0,000129
никакою 1,690196 0,000343
никогда 0,088136 0,000018
николаевский 2,167317 0,000440
николаевской 2,167317 0,000440
николай 0,845098 0,000172
ничего 0,030597 0,000012
нише 2,167317 0,000880
ниши 2,167317 0,000440
новая 0,787106 0,000160
нового 0,735954 0,000149
новой 0,936868 0,000190
новый 0,648803 0,000264
новых 0,963197 0,000196
ногами 0,912045 0,000185
ножовщика 2,167317 0,000440
ножом 1,322219 0,000269
номер 1,690196 0,000687
номера 2,167317 0,000440
номерных 2,167317 0,000440
нормального 2,167317 0,000440
нравилось 1,213075 0,000246
нужна 1,213075 0,000246
обвинял 1,389166 0,000282
обдумал 1,322219 0,000269
обдумать 1,690196 0,000343
обдумывать 2,167317 0,001320
обедать 1,125925 0,000229
обедом 1,264227 0,000257
обежал 1,690196 0,000343
обеих 0,866287 0,000176
обернулся 0,824895 0,000335
обещавшийся 2,167317 0,000440
обличитель 2,167317 0,000440
обнять 1,125925 0,000229
обожает 1,690196 0,000687
обозреть 2,167317 0,000440
образе 1,690196 0,000343
обратно 0,675956 0,000412
обстоятельству 1,264227 0,000257
общественное 0,000000 0,000000
объявил 0,599116 0,000122
объятие 1,866287 0,000379
обыкновенно 0,720159 0,000146
овладевают 2,167317 0,000440
овладевшее 1,866287 0,000379
оглянется 2,167317 0,000440
огромное 1,322219 0,000269
один 0,046743 0,000038
одна 0,185046 0,000150
однажды 0,635838 0,000258
однако 0,102859 0,000167
одним 0,286504 0,000175
одно 0,099131 0,000040
одного 0,150284 0,000061
одной 0,243038 0,000099
одном 0,504560 0,000307
одному 0,334808 0,000204
одну 0,232819 0,000189
ожидал 0,675956 0,000275
озарил 1,690196 0,000343
озарился 2,167317 0,000440
озарялись 2,167317 0,000440
окажется 1,125925 0,000229
оказалось 0,486076 0,000099
оказывается 1,167317 0,000237
окна 0,648803 0,000132
окне 1,690196 0,000687
окном 1,468347 0,000596
около 0,443041 0,000360
окончании 1,690196 0,000343
окончательно 0,565257 0,000344
окончательной 1,565257 0,000636
окружающее 2,167317 0,000440
оленьим 1,866287 0,000379
опасности 1,264227 0,000257
опиума 2,167317 0,000440
оправдалась 2,167317 0,000880
оправдать 1,088136 0,000221
оправдывать 1,866287 0,000379
опрокинувшийся 2,167317 0,000440
опубликовано 0,000000 0,000000
опять 0,027438 0,000072
орган 1,866287 0,000379
осмелься 2,167317 0,000440
осмотра 1,690196 0,000343
осмыслит 2,167317 0,000440
особенная 1,389166 0,000282
особенно 0,129891 0,000079
особенное 0,888564 0,000180
особенною 1,264227 0,000513
особенным 0,912045 0,000185
особого 1,322219 0,000269
особою 2,167317 0,000440
оставив 0,991226 0,000201
оставившей 1,866287 0,000379
оставил 0,648803 0,000132
оставить 0,690196 0,000280
оставленной 1,565257 0,000318
оставлять 1,389166 0,000282
останавливался 1,468347 0,000596
останавливать 1,866287 0,000379
останавливают 2,167317 0,000440
останавливаясь 1,389166 0,000282
остановился 0,419129 0,000255
остановить 0,991226 0,000201
остановки 1,866287 0,000379
останутся 1,565257 0,000318
осторожный 1,389166 0,000282
ответила 0,824895 0,000168
ответить 0,735954 0,000149
отвращение 1,088136 0,000221
отвращением 1,021189 0,000415
отвязаться 1,565257 0,000318
отдаленное 1,866287 0,000379
отдаленный 1,565257 0,000318
отдать 0,752344 0,000153
отдаться 2,167317 0,000440
отдохнуть 1,468347 0,000298
отказался 1,213075 0,000246
откровенно 0,824895 0,000168
откушать 1,565257 0,000318
откушают 2,167317 0,000440
отношения 1,021189 0,000207
отправились 1,468347 0,000298
отрекался 2,167317 0,000440
отрекся 1,866287 0,000758
отречение 1,866287 0,000379
отречений 2,167317 0,000440
оттенок 1,468347 0,000298
отупение 1,866287 0,000379
отчаяние 1,053374 0,000428
отчаяния 0,963197 0,000196
отчего 0,554533 0,000113
отшатнулся 1,866287 0,000379
отыскать 1,167317 0,000237
оформление 0,000000 0,000000
охватил 2,167317 0,000440
оценивал 2,167317 0,000440
оценил 1,468347 0,000298
оценке 2,167317 0,000440
оцепенили 2,167317 0,000880
очевидно 0,599116 0,000122
очень 0,024303 0,000054
очнулся 0,912045 0,000370
очутился 0,912045 0,000185
ошибка 1,021189 0,000207
ошибся 0,963197 0,000196
ощущаемому 2,167317 0,000440
ощущает 1,866287 0,000379
ощущение 1,088136 0,000221
ощущения 1,264227 0,000513
павловск 1,088136 0,001326
павловске 1,053374 0,000428
павловский 1,866287 0,000379
падавшего 2,167317 0,000440
падучая 1,389166 0,000282
падучей 1,021189 0,000207
падучую 1,468347 0,000298
памяти 0,752344 0,000153
парадоксального 2,167317 0,000440
парень 1,167317 0,000237
парфен 1,322219 0,000269
пассивно 1,866287 0,000379
первого 0,411442 0,000167
первой 0,720159 0,000146
первом 0,805589 0,000164
первый 0,248239 0,000151
перевез 1,690196 0,000343
перед 0,554533 0,000338
передать 0,690196 0,000140
переезд 1,565257 0,000318
перекрестках 2,167317 0,000440
перемена 1,088136 0,000221
перенесли 1,389166 0,000282
пересилило 2,167317 0,000440
переходящее 2,167317 0,000440
перешло 0,000000 0,000000
петербург 0,662167 0,000269
петербурге 0,690196 0,000140
петербургской 1,322219 0,000806
петербургскую 1,866287 0,000758
племянник 1,264227 0,000513
племянника 1,389166 0,000564
плечами 0,787106 0,000160
плечи 0,991226 0,000201
площадке 1,866287 0,000379
площадку 1,690196 0,000343
площадях 2,167317 0,000440
поверки 2,167317 0,000440
повернул 1,322219 0,000537
повернулся 0,587534 0,000239
поворотить 1,866287 0,000379
поврежденная 2,167317 0,000440
повторил 0,752344 0,000153
повторял 0,912045 0,000185
поглотила 1,866287 0,000379
поглубже 1,866287 0,000379
поглядел 0,554533 0,000113
подборка 0,000000 0,000000
поднялась 1,021189 0,000207
подойти 1,389166 0,000282
подошел 0,514105 0,000104
подтвердил 0,690196 0,000140
подтвердилась 1,866287 0,000758
подумал 0,334808 0,000204
подходил 0,991226 0,000201
поедет 1,389166 0,000282
поездом 1,322219 0,000269
поехавший 1,866287 0,000379
пожалуй 0,237898 0,000048
позвонил 1,322219 0,000269
поздно 0,735954 0,000149
пойдет 0,720159 0,000293
поймал 1,088136 0,000442
поймать 1,389166 0,000564
пойти 0,675956 0,000275
показал 0,769377 0,000156
показали 1,125925 0,000229
поклонами 1,866287 0,000379
покраснел 0,675956 0,000137
полнейшее 1,565257 0,000318
полное 0,845098 0,000687
полноты 1,565257 0,000318
полный 1,167317 0,000237
половина 0,866287 0,000176
половине 0,936868 0,000381
половины 0,936868 0,000190
полового 1,866287 0,000379
половой 2,167317 0,000440
половым 2,167317 0,000880
положенных 2,167317 0,000440
полоумная 1,690196 0,000343
полсекунды 1,866287 0,000379
полутемноте 2,167317 0,000440
полчаса 0,824895 0,000168
полшага 1,866287 0,000379
померещилось 1,322219 0,000537
поместиться 2,167317 0,000440
помнил 0,845098 0,000515
понимать 0,690196 0,000140
понравились 1,322219 0,000537
поняла 0,787106 0,000160
понятно 0,936868 0,000381
понятными 2,167317 0,000440
попадалось 2,167317 0,000440
попросил 0,635838 0,000258
поражен 0,866287 0,000176
порыв 1,565257 0,000318
порывисто 1,866287 0,000758
порывом 1,322219 0,000269
посетителей 0,000000 0,000000
посетители 0,000000 0,000000
посинелых 2,167317 0,000440
поскорее 0,486076 0,000099
после 0,084532 0,000052
последнее 0,486076 0,000197
последний 0,403889 0,000082
последствием 2,167317 0,000440
посмертно 0,000000 0,000000
посмотрели 1,565257 0,000318
поспешил 0,845098 0,000172
поставлено 1,690196 0,000343
постояльца 1,866287 0,000379
поступков 1,322219 0,000269
потел 2,167317 0,000880
потемки 2,167317 0,002201
потерянная 1,866287 0,000379
потерянную 1,866287 0,000379
потом 0,084532 0,000034
потому 0,024303 0,000005
потребность 0,963197 0,000391
поутру 0,845098 0,000172
похоже 0,845098 0,000172
похожий 1,690196 0,000343
почему 0,099131 0,000101
почти 0,024303 0,000104
почувствовал 0,623249 0,000127
пошел 0,275223 0,000279
пошли 0,735954 0,000149
правая 1,565257 0,000318
правда 0,162996 0,000033
пред 0,033778 0,000062
предвещание 2,167317 0,000440
предмет 0,936868 0,000571
предмету 1,264227 0,000257
предметы 1,468347 0,000298
предположение 1,213075 0,000246
предположением 2,167317 0,000440
предположить 1,053374 0,000214
предприпадочное 2,167317 0,000440
представляется 1,213075 0,000246
предуведомили 2,167317 0,000440
предчувствие 1,167317 0,000237
предчувствием 2,167317 0,000440
предчувствию 1,866287 0,000379
предчувствия 1,322219 0,000537
прежде 0,077412 0,000031
прежнее 0,991226 0,000201
прежней 0,936868 0,000381
прежнею 1,322219 0,000269
прежним 0,963197 0,000196
прелестные 1,468347 0,000298
преследовало 2,167317 0,000440
преступление 0,845098 0,000172
прибавил 0,275223 0,000112
привел 0,991226 0,000201
привлекла 2,167317 0,000440
привязался 1,264227 0,000257
приглашенный 1,866287 0,000379
приговоры 2,167317 0,000440
придала 1,690196 0,000343
придут 1,125925 0,000457
приехал 0,554533 0,000225
прижизненно 0,000000 0,000000
признаки 1,866287 0,000379
признал 1,866287 0,000379
приключившемся 1,866287 0,000379
приковал 2,167317 0,000440
прилеплялся 2,167317 0,000440
прилив 1,565257 0,000318
приманка 2,167317 0,000440
примирения 1,690196 0,000343
примочку 2,167317 0,000440
принял 0,565257 0,000115
приняла 1,125925 0,000229
приняты 1,866287 0,000379
припадке 0,824895 0,000335
припадки 1,088136 0,000221
припадков 1,468347 0,000298
припадком 1,565257 0,000636
припадок 1,053374 0,001284
припоминаемая 2,167317 0,000440
припоминается 2,167317 0,000440
припоминал 0,936868 0,000190
припоминался 2,167317 0,000880
припомнил 0,888564 0,000361
пристально 0,389166 0,000079
присутствие 1,322219 0,000269
приходил 0,720159 0,000293
приходят 1,088136 0,000221
причина 1,125925 0,000229
причинами 2,167317 0,000440
причины 0,752344 0,000458
причислено 2,167317 0,000440
пришла 0,648803 0,000132
пришлось 0,769377 0,000156
пробегали 1,866287 0,000379
проблески 2,167317 0,000880
проверить 1,322219 0,000537
провидением 2,167317 0,000440
прогнан 2,167317 0,000440
проговорил 0,154480 0,000031
программирование 0,000000 0,000000
продолжавшемся 2,167317 0,000440
продолжавшиеся 1,866287 0,000379
продолжалось 1,125925 0,000457
произведение 0,000000 0,000000
произведений 0,000000 0,000000
произведения 0,000000 0,000000
произвело 0,991226 0,000201
производит 1,690196 0,000687
произносит 1,866287 0,000379
произойти 0,963197 0,000196
произошла 0,991226 0,000201
пройти 0,991226 0,000201
пролилась 1,690196 0,000343
пролиться 2,167317 0,000440
промелькнул 1,866287 0,000379
пропадает 1,565257 0,000318
простит 0,888564 0,000180
противно 1,468347 0,000298
противоположном 1,866287 0,000379
проходили 1,565257 0,000318
проходить 1,167317 0,000237
прохожего 2,167317 0,000440
прохожих 1,565257 0,000636
прочим 0,662167 0,000134
прошло 0,000000 0,000000
прыщик 2,167317 0,000440
прямо 0,118099 0,000072
прячется 1,468347 0,000298
публикации 0,000000 0,000000
пуст 1,565257 0,000318
пусть 0,253503 0,000051
пути 1,021189 0,000207
пуще 0,599116 0,000122
пятидесяти 0,936868 0,000190
пятистах 2,167317 0,000440
пятнадцати 1,167317 0,000237
пять 0,275223 0,000112
радости 0,635838 0,000129
радость 0,805589 0,000327
разбитой 1,866287 0,000379
разве 0,146128 0,000356
разверзлась 2,167317 0,000440
разверзлось 2,167317 0,000440
разгадывать 2,167317 0,000440
разглядеть 1,021189 0,000207
разглядывал 1,468347 0,000298
разговор 0,434924 0,000088
разговоре 0,963197 0,000196
разговоров 1,264227 0,000257
раздавлен 1,690196 0,000343
раздражительною 2,167317 0,000440
раздумывая 1,565257 0,000318
различил 1,389166 0,000282
различили 2,167317 0,000440
разложенных 2,167317 0,000440
размаху 1,389166 0,000282
разом 0,389166 0,000395
разрешались 2,167317 0,000440
разрешать 1,866287 0,000379
разрешения 0,000000 0,000000
разрешилось 1,690196 0,000343
разрешится 1,866287 0,000758
разума 1,866287 0,000379
разумеется 0,328468 0,000067
расположены 2,167317 0,000440
рассеян 1,125925 0,000457
рассеянно 0,991226 0,000201
рассеянность 1,690196 0,000343
рассказ 0,866287 0,000176
рассказать 0,623249 0,000127
рассматриваемая 2,167317 0,000440
рассудок 1,389166 0,000282
расшибся 1,690196 0,000343
ребенком 0,936868 0,000381
ревность 1,167317 0,000237
редких 1,468347 0,000298
результат 2,167317 0,000440
рекомендуя 2,167317 0,000440
решено 1,021189 0,000207
решил 0,514105 0,000104
решился 0,554533 0,000113
решительный 1,264227 0,000257
рисунку 2,167317 0,000880
рогожин 0,704919 0,002720
рогожина 0,866287 0,002111
рогожине 1,389166 0,000282
рогожину 1,053374 0,001711
рогожиным 0,936868 0,000571
родственницы 1,565257 0,000318
роковым 1,866287 0,000379
россию 0,866287 0,000176
рука 1,053374 0,000214
руки 0,167317 0,000034
руку 0,222835 0,000091
русская 0,000000 0,000000
русскую 1,213075 0,000246
сада 1,167317 0,000474
садился 1,322219 0,000269
саду 0,936868 0,000381
садясь 1,264227 0,000513
сайте 0,000000 0,000000
сама 0,208276 0,000042
самая 0,599116 0,000243
само 0,888564 0,000180
самого 0,118099 0,000168
самое 0,167317 0,000170
самой 0,258832 0,000053
самом 0,114239 0,000162
самому 0,426955 0,000260
самоощущения 2,167317 0,000880
самосознания 2,167317 0,001761
самую 0,459747 0,000187
самые 0,381987 0,000388
самый 0,198834 0,000202
самым 0,280827 0,000114
сведением 2,167317 0,000440
сверкнули 1,053374 0,000214
свет 0,468347 0,000190
светло 1,167317 0,000237
светлые 1,389166 0,000282
светом 1,322219 0,000537
свету 1,167317 0,000474
свободно 0,000000 0,000000
свое 0,150284 0,000031
своего 0,091770 0,000075
своей 0,066947 0,000027
своему 0,367977 0,000075
свои 0,146128 0,000059
своим 0,208276 0,000085
своих 0,237898 0,000048
свою 0,073896 0,000090
связанное 2,167317 0,000440
сделать 0,403889 0,000082
себе 0,033778 0,000075
себя 0,005949 0,000017
сегодня 0,000000 0,000000
сегодняшнем 2,167317 0,000440
сейчас 0,070407 0,000071
секретарши 2,167317 0,000440
секретным 1,565257 0,000318
секунда 1,565257 0,000954
секунду 0,824895 0,000670
секунды 1,088136 0,000442
семи 0,991226 0,000403
семидесяти 0,000000 0,000000
сердечных 1,690196 0,000343
сердца 0,334808 0,000068
сердце 0,171682 0,000314
сердцу 0,769377 0,000156
серебром 1,866287 0,000379
серьезно 0,419129 0,000085
сидел 0,322219 0,000065
сидя 0,845098 0,000172
силой 0,675956 0,000275
силы 0,514105 0,000104
сильнейшее 1,389166 0,000282
сильно 0,292256 0,000059
сильный 0,991226 0,000201
симпатичное 1,690196 0,000343
синтез 2,167317 0,000440
синтезом 2,167317 0,000440
скажет 0,587534 0,000119
скажи 0,662167 0,000134
сказал 0,099131 0,000081
сказали 0,544068 0,000110
сказать 0,073896 0,000105
скамье 1,468347 0,000298
скамьи 1,690196 0,000343
скорее 0,514105 0,000104
скорей 0,845098 0,000172
скоро 0,298086 0,000182
скрестив 1,690196 0,000343
скрывался 1,690196 0,000687
скрываясь 2,167317 0,000440
слабый 1,021189 0,000207
слабыми 1,690196 0,000343
следил 1,167317 0,000237
следить 1,264227 0,000257
следовало 0,805589 0,000164
следовательно 1,866287 0,000379
слезами 0,554533 0,000113
слития 2,167317 0,000440
слишком 0,133894 0,000082
слов 0,367977 0,000149
слово 0,232819 0,000095
словом 0,367977 0,000075
слон 2,167317 0,000440
слугой 1,322219 0,000269
случае 0,248239 0,000050
случай 0,443041 0,000090
случайно 0,866287 0,000176
случалось 0,824895 0,000168
случаются 1,565257 0,000318
случилось 0,403889 0,000164
случился 1,213075 0,000246
слушая 0,991226 0,000201
слышал 0,389166 0,000079
смеешь 1,389166 0,000282
смех 0,704919 0,000143
смешал 2,167317 0,000440
смешивает 1,866287 0,000379
смешиваю 2,167317 0,000440
смотрел 0,298086 0,000121
смотреть 0,477121 0,000194
смотря 0,322219 0,000065
смутная 2,167317 0,000440
смущала 2,167317 0,000440
смущении 0,963197 0,000196
смущенный 1,468347 0,000298
смятение 1,389166 0,000282
сначала 0,434924 0,000088
снились 1,866287 0,000379
соблазн 1,468347 0,000298
соблазняло 2,167317 0,000440
собой 0,253503 0,000103
собралась 1,389166 0,000282
собрание 0,000000 0,000000
собственно 0,565257 0,000230
совершенно 0,180546 0,000220
совершится 1,468347 0,000298
совокупности 1,690196 0,000343
совсем 0,021189 0,000013
согласился 0,735954 0,000149
согласия 0,000000 0,000000
созерцательном 2,167317 0,000440
сознавая 1,125925 0,000229
сознает 1,565257 0,000318
сознание 1,021189 0,000415
сознательно 1,389166 0,000846
сознательный 2,167317 0,000440
солгал 1,053374 0,000214
солидный 1,690196 0,000343
солнце 0,845098 0,000172
сомневаться 1,389166 0,000282
сомнений 1,021189 0,000415
сомнения 0,523865 0,000319
соображению 2,167317 0,000440
сообразил 0,963197 0,000196
сообщенному 2,167317 0,000440
соперник 1,468347 0,000298
сопряженного 2,167317 0,000440
сопряженные 2,167317 0,000440
сорока 1,125925 0,000229
состояла 1,053374 0,000214
состояние 0,805589 0,000327
состоянии 0,459747 0,000373
состояния 1,021189 0,000415
сострадание 1,088136 0,000442
состраданья 2,167317 0,000440
сострадать 1,866287 0,000379
сочинений 0,000000 0,000000
спасли 1,322219 0,000269
спешил 1,021189 0,000207
спокойствие 1,322219 0,000269
спорить 1,167317 0,000237
способен 0,787106 0,000160
спрашивать 0,752344 0,000153
спросил 0,222835 0,000136
спросить 0,495219 0,000101
спустилось 2,167317 0,000440
спустился 1,565257 0,000318
спустя 0,533849 0,000325
среди 0,769377 0,000156
стал 0,125925 0,000128
стало 0,091770 0,000093
станет 0,623249 0,000127
становилось 0,963197 0,000196
становится 0,991226 0,000201
старшей 1,468347 0,000298
степени 0,389166 0,000158
степень 1,088136 0,000221
стоил 1,389166 0,000282
стоит 0,316059 0,000064
стоить 1,468347 0,000298
столба 1,690196 0,000343
столбе 2,167317 0,000440
сторожить 1,565257 0,000318
сторон 0,735954 0,000149
стороне 0,805589 0,000164
сторону 0,611015 0,000248
стороны 0,185046 0,000075
стоя 0,963197 0,000196
стоял 0,309985 0,000630
стояла 0,623249 0,000127
стояли 0,690196 0,000280
страдание 0,936868 0,000381
страдательному 2,167317 0,000440
страдать 1,264227 0,000513
страдающий 1,690196 0,000343
странная 0,824895 0,000168
странно 0,354404 0,000216
странное 0,690196 0,000140
странном 1,213075 0,000246
странный 0,787106 0,000160
странным 0,752344 0,000153
страстная 1,690196 0,000343
страстно 1,322219 0,000537
страстности 2,167317 0,000440
страстность 1,565257 0,000318
страстные 1,690196 0,000343
страстных 1,690196 0,000343
страсть 1,213075 0,000246
страшного 1,213075 0,000246
страшный 0,845098 0,000172
страшными 1,468347 0,000298
стремглав 1,213075 0,000246
строенных 2,167317 0,000440
стул 0,648803 0,000132
ступень 1,690196 0,000343
ступенькам 1,468347 0,000298
ступил 1,167317 0,000237
ступить 1,565257 0,000318
стыда 0,805589 0,000327
стыдом 1,213075 0,000493
судить 0,912045 0,000370
судорог 1,565257 0,000318
судороги 1,565257 0,000318
судорожно 1,167317 0,000237
судорожное 2,167317 0,000880
судья 1,264227 0,000257
сумбур 1,565257 0,000318
существа 1,021189 0,000207
существо 0,690196 0,000140
существует 0,866287 0,000528
схватил 0,533849 0,000108
сходились 1,468347 0,000895
сходился 1,565257 0,000318
сходить 1,125925 0,000229
сходок 2,167317 0,000440
счастию 1,264227 0,000257
счастливо 1,213075 0,000246
счастливому 1,468347 0,000298
сюда 0,232819 0,000095
таившийся 2,167317 0,000440
таинственности 2,167317 0,000440
также 0,000000 0,000000
таки 0,066947 0,000041
такие 0,232819 0,000047
таких 0,243038 0,000099
таков 0,787106 0,000160
такого 0,243038 0,000099
такое 0,114239 0,000116
такой 0,077412 0,000047
таком 0,309985 0,000063
тамошних 1,690196 0,000343
твоя 0,635838 0,000129
текст 0,000000 0,000000
тело 1,125925 0,000229
телом 1,053374 0,000214
темная 1,389166 0,000282
темно 0,912045 0,000370
темных 1,322219 0,000269
теперешнем 1,866287 0,000379
теперь 0,015029 0,000064
тихие 1,389166 0,000282
товар 1,565257 0,000636
товаров 1,866287 0,000379
тогда 0,050046 0,000061
того 0,005949 0,000006
тоже 0,043466 0,000009
толпа 0,991226 0,000201
толпе 0,991226 0,000201
толстого 2,167317 0,000440
только 0,002964 0,000009
томах 0,000000 0,000000
тому 0,095435 0,000058
топающий 2,167317 0,000440
тоске 1,053374 0,000214
тосковала 1,866287 0,000379
тотчас 0,046743 0,000047
точно 0,121994 0,000074
трактире 0,866287 0,000176
тревогу 1,468347 0,000298
трем 1,264227 0,000257
третий 0,544068 0,000221
третьего 0,662167 0,000134
тротуаре 2,167317 0,000880
трудно 0,459747 0,000280
трудность 2,167317 0,000440
трус 1,389166 0,000282
туда 0,495219 0,000503
туманные 2,167317 0,000440
туча 1,866287 0,000758
тяжело 0,565257 0,000115
тяжелом 1,690196 0,000343
убедится 1,690196 0,000343
убедиться 1,125925 0,000229
убеждение 0,824895 0,000503
убеждением 1,213075 0,000246
убеждения 0,991226 0,000201
убийстве 1,213075 0,000493
убийце 1,389166 0,000282
убийцы 1,322219 0,000269
убил 0,523865 0,000106
убьет 0,936868 0,000571
уверен 0,635838 0,000129
уверившись 2,167317 0,000440
увидать 1,264227 0,000770
увидев 0,866287 0,000176
увидел 0,648803 0,000659
увидеть 1,125925 0,000229
увидит 1,053374 0,000214
угасло 1,690196 0,000343
углубление 2,167317 0,000440
удара 1,468347 0,000298
ударившись 2,167317 0,000440
удесятерялось 2,167317 0,000440
уединение 1,565257 0,000318
уединения 1,690196 0,000343
уехала 1,213075 0,000493
уехать 1,167317 0,000237
ужас 0,866287 0,000352
ужаса 0,936868 0,000190
ужасно 0,167317 0,000068
ужасные 1,468347 0,000298
ужасный 0,991226 0,000201
узкая 1,866287 0,000379
узнав 0,936868 0,000381
узнавал 1,690196 0,000343
узнает 0,912045 0,000185
узнал 0,381987 0,000155
улиц 1,690196 0,000343
улица 1,690196 0,000343
улице 0,635838 0,000129
улицы 1,125925 0,000457
улыбаясь 0,805589 0,000164
улыбка 0,936868 0,000381
улыбкой 0,468347 0,000095
умершим 0,000000 0,000000
умиротворялись 2,167317 0,000440
умом 0,752344 0,000153
унижающие 2,167317 0,000440
унизительность 2,167317 0,000440
упал 0,675956 0,000137
упомянул 1,053374 0,000214
упорно 0,866287 0,000176
упреком 1,322219 0,000269
усилением 1,690196 0,000343
усиленным 2,167317 0,000440
усиливалось 2,167317 0,000440
ускорил 2,167317 0,000440
условию 1,866287 0,000379
услышав 1,125925 0,000229
успев 1,468347 0,000298
успевал 2,167317 0,000440
успевать 2,167317 0,000440
успевшего 2,167317 0,000440
успел 0,354404 0,000144
устремился 1,468347 0,000298
устремляется 1,866287 0,000379
утра 0,576253 0,000234
утром 0,411442 0,000167
уходя 1,125925 0,000229
ушибов 2,167317 0,000440
фантазия 1,053374 0,000214
федор 0,000000 0,000000
филипповна 0,824895 0,000168
филипповне 0,936868 0,000190
филипповну 0,888564 0,000180
филисова 2,167317 0,000880
филисовой 2,167317 0,000880
формулируй 2,167317 0,000440
хаос 1,468347 0,000298
хаоса 2,167317 0,000440
хашиша 2,167317 0,000440
ходить 0,576253 0,000117
хозяйка 1,088136 0,000221
холод 1,565257 0,000318
холодный 1,322219 0,000269
хорошо 0,189594 0,000039
хотел 0,158717 0,000290
хотелось 0,381987 0,000233
хоть 0,060107 0,000012
хотя 0,050046 0,000030
хочет 0,322219 0,000065
царскосельской 2,167317 0,000880
целая 0,845098 0,000172
цели 0,662167 0,000134
целом 0,866287 0,000176
цельное 2,167317 0,000440
целью 0,824895 0,000335
цинически 1,866287 0,000379
часа 0,000000 0,000000
часам 1,213075 0,000985
часов 0,411442 0,000251
часто 0,292256 0,000178
часть 0,002964 0,000002
чаще 0,866287 0,000176
чего 0,040213 0,000041
человек 0,036984 0,000090
человека 0,154480 0,000251
человеческое 1,264227 0,000257
человечества 1,264227 0,000257
чему 0,341243 0,000069
через 0,258832 0,000105
черенком 1,866287 0,000379
чертами 1,690196 0,000343
честное 1,088136 0,000221
четвертого 1,389166 0,000564
четырем 1,866287 0,000758
числе 0,912045 0,000370
число 0,000000 0,000000
чисто 1,213075 0,000246
читаем 0,000000 0,000000
читал 0,735954 0,000299
читали 1,167317 0,000237
читать 0,000000 0,000000
чрез 0,275223 0,000224
чрезвычайно 0,217927 0,000177
чрезвычайное 0,735954 0,000149
чтоб 0,073896 0,000060
чтобы 0,030597 0,000037
чувство 0,611015 0,000124
чувствовал 0,635838 0,000129
чувствует 0,866287 0,000176
чудовищность 1,866287 0,000379
чужая 1,866287 0,000379
чьего 0,000000 0,000000
шага 1,167317 0,000237
шагах 0,866287 0,000352
шагу 1,021189 0,000207
шепнул 1,167317 0,000237
шести 0,963197 0,000196
шесть 0,611015 0,000372
шестьдесят 1,167317 0,000948
ширины 1,866287 0,000379
шуму 1,690196 0,000343
эпилепсии 2,167317 0,000880
эпилептика 1,866287 0,000379
эпилептическое 2,167317 0,000440
эпилептическом 2,167317 0,000440
этажей 2,167317 0,000440
этим 0,189594 0,000116
этих 0,213075 0,000173
этого 0,053374 0,000130
этой 0,118099 0,000144
этом 0,046743 0,000123
этому 0,322219 0,000065
этот 0,011981 0,000054
явившийся 1,565257 0,000318
явился 0,623249 0,000253
ярким 1,690196 0,000687
яснее 1,213075 0,000246
ясно 0,354404 0,000576
ясной 2,167317 0,000440
