автор 0,000000 0,000000
автором 0,000000 0,000000
авторского 0,000000 0,000000
авторы 0,000000 0,000000
аксиома 1,468347 0,000419
аксиомы 2,167317 0,000619
алексей 0,000000 0,000000
алексея 0,000000 0,000000
алеша 0,381987 0,003053
алешка 1,088136 0,000932
алешку 1,389166 0,000397
алешу 0,565257 0,000161
анархизме 2,167317 0,000619
атом 1,690196 0,000482
ахинее 2,167317 0,000619
барышню 1,468347 0,000419
бесконечности 1,866287 0,000533
бесконечность 1,690196 0,000482
бесовский 1,866287 0,000533
беспамятстве 1,389166 0,000397
беспокоишься 1,866287 0,000533
беспорядочный 1,866287 0,000533
беспрерывное 1,565257 0,000447
бессмертие 1,468347 0,001258
библиотека 0,000000 0,000000
бильярдных 2,167317 0,000619
благородства 1,167317 0,000333
благословил 1,213075 0,000346
ближе 0,752344 0,000215
бога 0,451314 0,001675
боге 1,389166 0,000397
богу 0,434924 0,000248
божьего 1,565257 0,000894
боковой 1,264227 0,000361
более 0,000000 0,000000
больше 0,137934 0,000039
борьбу 1,565257 0,000447
брат 0,303994 0,000434
брата 0,389166 0,000333
брате 1,167317 0,000333
братишка 1,866287 0,000533
братишку 2,167317 0,000619
братом 0,769377 0,000220
брату 0,752344 0,000644
братья 0,176091 0,000352
бреду 0,912045 0,000260
брошу 1,167317 0,000333
будем 0,648803 0,000185
будет 0,077412 0,000022
будто 0,099131 0,000085
буду 0,208276 0,000178
будут 0,565257 0,000323
будь 0,720159 0,000206
буквально 0,805589 0,000230
бунт 1,322219 0,000377
бутылок 1,565257 0,000447
буфетом 2,167317 0,000619
бывают 0,936868 0,000267
была 0,046743 0,000027
были 0,099131 0,000057
было 0,000000 0,000000
бытие 1,866287 0,000533
быть 0,002964 0,000011
варенье 1,866287 0,000533
варенья 2,167317 0,001856
ваши 0,434924 0,000124
вглядываясь 1,125925 0,000643
вдохновении 1,389166 0,000397
вдохновенно 2,167317 0,000619
вдруг 0,005949 0,000020
ведутся 1,866287 0,000533
ведь 0,043466 0,000199
вековечных 2,167317 0,001237
вере 1,021189 0,000292
верить 0,635838 0,000182
веришь 0,912045 0,001041
веруеши 1,866287 0,001066
веруй 1,866287 0,000533
верую 1,088136 0,001243
веруют 1,264227 0,000361
веры 0,845098 0,000241
верю 0,623249 0,000178
весело 0,648803 0,000741
весенние 1,690196 0,000482
весной 1,322219 0,000377
вести 1,125925 0,000321
весь 0,099131 0,000057
весьма 0,243038 0,000069
вечной 1,690196 0,000482
вечность 1,690196 0,000965
вечную 1,565257 0,000447
вещей 0,936868 0,000535
взгляд 0,396465 0,000226
взгляды 1,322219 0,000377
взгляни 1,565257 0,000447
видал 0,623249 0,000534
видел 0,248239 0,000213
видеть 0,381987 0,000218
видимому 0,648803 0,000185
видишь 0,599116 0,000171
вижу 0,286504 0,000164
визиты 0,000000 0,000000
виляет 1,690196 0,000482
вишневого 2,167317 0,000619
вишневое 1,866287 0,000533
влюбился 1,213075 0,000346
вовсе 0,150284 0,000386
военный 1,213075 0,000346
возможно 0,735954 0,000210
вознаграждения 0,000000 0,000000
возня 1,866287 0,000533
возьми 0,704919 0,000201
воистину 0,912045 0,000260
вонючий 1,866287 0,000533
вообще 0,459747 0,000131
вопреки 2,167317 0,000619
вопросами 1,264227 0,000361
вопросах 1,468347 0,001258
вопросы 0,599116 0,001197
восемнадцатом 1,866287 0,000533
воскликнул 0,309985 0,000088
воскресить 1,468347 0,000419
восьмидесяти 1,690196 0,000482
впрочем 0,118099 0,000101
времени 0,269690 0,000154
время 0,043466 0,000025
врет 1,322219 0,000377
всего 0,040213 0,000092
всей 0,248239 0,000071
вселенная 2,167317 0,001237
всем 0,070407 0,000020
всех 0,060107 0,000034
вскричал 0,292256 0,000083
вспоминал 0,963197 0,000275
встал 0,403889 0,000115
встретились 1,213075 0,000346
встретимся 1,866287 0,000533
встрече 1,322219 0,000377
всякое 0,912045 0,000521
вторая 0,514105 0,000440
второй 0,704919 0,000201
вторых 0,720159 0,000206
входная 2,167317 0,000619
вчера 0,341243 0,000390
выведенные 2,167317 0,000619
выгоднее 1,468347 0,000419
выдумал 0,888564 0,000254
выдумать 1,264227 0,000361
выйдет 0,587534 0,000168
выйдут 1,468347 0,000419
выйти 0,587534 0,000168
выплаты 0,000000 0,000000
выпьем 1,389166 0,000397
высказал 0,912045 0,000260
выскочил 1,125925 0,000321
выставил 1,565257 0,000447
вышел 0,275223 0,000079
гармонии 1,468347 0,000419
гармонию 1,690196 0,000482
геометрии 2,167317 0,001237
геометры 2,167317 0,000619
гипотез 2,167317 0,000619
гипотеза 1,866287 0,000533
гипотезы 2,167317 0,000619
гитарой 1,690196 0,000482
главное 0,189594 0,000054
гладишь 2,167317 0,000619
глазах 0,459747 0,000131
глазки 1,167317 0,000333
гласит 2,167317 0,000619
глупее 1,468347 0,002934
глупость 0,912045 0,000521
глядел 0,554533 0,000317
гнусненькое 2,167317 0,000619
говори 0,769377 0,000220
говорил 0,095435 0,000163
говорим 1,565257 0,000447
говорит 0,189594 0,000054
говорить 0,162996 0,000047
говоришь 0,752344 0,000859
говорю 0,203530 0,000232
говорят 0,309985 0,000088
годам 1,690196 0,000482
годы 0,963197 0,000550
голову 0,227798 0,000065
голубое 1,389166 0,000793
голубчик 0,587534 0,000335
горько 0,690196 0,000197
горячей 1,389166 0,000397
готовят 1,866287 0,000533
грешник 1,690196 0,000482
грустно 0,735954 0,000420
гудел 2,167317 0,000619
давай 1,053374 0,001203
давеча 0,232819 0,000532
давешнего 1,264227 0,000361
давно 0,158717 0,000317
даже 0,005949 0,000022
далее 0,648803 0,000185
дальше 0,002964 0,000001
данные 0,000000 0,000000
двадцатитрехлетней 2,167317 0,000619
двадцатитрехлетние 2,167317 0,000619
двадцать 0,411442 0,000117
действительно 0,106619 0,000091
дела 0,309985 0,000531
делает 0,805589 0,000230
делают 1,389166 0,000397
деле 0,162996 0,000186
дело 0,063514 0,000054
делу 0,468347 0,000134
дескать 0,419129 0,000120
дивно 1,565257 0,000894
дикому 1,866287 0,000533
длинную 1,468347 0,000419
дмитрием 1,021189 0,000292
дмитрии 1,468347 0,000419
дмитрий 0,468347 0,000668
дмитрию 0,936868 0,000802
дмитрия 0,599116 0,001026
довел 1,322219 0,000755
довольный 1,565257 0,000447
догадается 1,690196 0,000482
догадаться 1,088136 0,000311
должны 0,576253 0,000165
допросить 2,167317 0,000619
допускаю 1,866287 0,000533
допью 2,167317 0,000619
дорог 1,088136 0,000621
дороге 0,611015 0,000174
дороги 0,704919 0,000201
дорогие 1,565257 0,000447
дорого 1,021189 0,000292
дорогое 1,690196 0,000482
дорогой 0,565257 0,000161
достоевский 0,000000 0,000000
достояние 0,000000 0,000000
драгоценное 1,468347 0,000419
дразнил 1,565257 0,000447
друг 0,269690 0,000231
друга 0,419129 0,000239
другим 0,533849 0,000152
другого 0,396465 0,000340
другое 0,309985 0,000088
друзей 0,991226 0,000283
думаешь 0,752344 0,000644
думал 0,258832 0,000148
думать 0,486076 0,000278
думаю 0,328468 0,000094
европейских 1,866287 0,000533
европу 1,565257 0,000447
единственно 0,477121 0,000136
если 0,011981 0,000034
есть 0,018098 0,000062
жажда 1,213075 0,000346
жажду 1,468347 0,000838
жалкий 1,690196 0,000482
жаром 0,587534 0,000168
желал 0,611015 0,000174
желторотости 2,167317 0,000619
желторотый 2,167317 0,000619
желторотым 2,167317 0,000619
женщине 0,991226 0,000566
живет 0,662167 0,000189
живешь 1,866287 0,000533
животному 1,866287 0,000533
живу 1,264227 0,000722
жизни 0,222835 0,000382
жизнь 0,162996 0,000186
жить 0,451314 0,000515
забота 1,167317 0,000333
забыл 0,328468 0,000094
завтра 0,298086 0,000255
загадка 1,125925 0,000643
заговоре 1,690196 0,000482
заговорят 1,468347 0,000419
загранице 1,866287 0,000533
задача 1,088136 0,000621
задумался 0,866287 0,000247
задумчиво 0,912045 0,000260
заживут 2,167317 0,000619
заключил 0,523865 0,000150
залезть 2,167317 0,000619
залучил 2,167317 0,000619
заметил 0,154480 0,000044
заметь 1,213075 0,000346
замечательнейших 2,167317 0,000619
заниматься 1,389166 0,000397
занимаются 2,167317 0,000619
заранее 0,576253 0,000165
засели 2,167317 0,000619
засмеялся 0,495219 0,000990
зато 0,468347 0,000134
захотеть 1,690196 0,000482
захочу 0,936868 0,000802
здесь 0,095435 0,000218
здешний 1,053374 0,000301
здоровье 0,824895 0,000235
земле 0,648803 0,000185
землю 0,565257 0,000323
земной 1,088136 0,000311
злодейств 2,167317 0,000619
злому 1,866287 0,000533
знает 0,171682 0,000049
знаешь 0,533849 0,000610
знакомиться 1,565257 0,000447
знакомятся 1,690196 0,000965
знал 0,114239 0,000130
знала 0,635838 0,000182
знали 0,426955 0,000122
знать 0,328468 0,000094
значит 0,243038 0,000069
знаю 0,095435 0,000163
иван 0,303994 0,002083
ивановне 0,720159 0,000206
ивановною 2,167317 0,000619
ивановну 0,805589 0,000230
ивановны 0,554533 0,000158
идешь 1,125925 0,000321
известно 0,334808 0,000096
измерениях 2,167317 0,001237
измышление 2,167317 0,000619
изрек 1,213075 0,000346
именно 0,066947 0,000038
императоре 2,167317 0,000619
иначе 0,367977 0,000105
иногда 0,208276 0,000059
иной 0,587534 0,000503
институтку 1,866287 0,000533
иные 0,599116 0,000342
искупление 2,167317 0,000619
исповедания 2,167317 0,000619
исповеди 1,167317 0,000333
использоваться 0,000000 0,000000
испытующею 2,167317 0,000619
исступленную 2,167317 0,000619
истерика 1,213075 0,000346
истерике 0,991226 0,000283
истерики 1,468347 0,000419
истерику 2,167317 0,000619
истинная 1,322219 0,000377
истину 1,125925 0,000321
источник 0,000000 0,000000
исцелить 2,167317 0,000619
исчезнет 1,565257 0,000447
итак 0,805589 0,000230
ихних 2,167317 0,000619
каждый 0,367977 0,000105
кажется 0,118099 0,000236
каинов 2,167317 0,000619
какая 0,194189 0,000111
каким 0,194189 0,000055
како 1,468347 0,000419
какое 0,227798 0,000130
каком 0,381987 0,000109
камень 1,167317 0,000333
камне 1,690196 0,000482
камни 1,468347 0,000419
канитель 1,866287 0,000533
карамазовская 1,468347 0,000419
карамазовы 0,180546 0,000206
касается 0,769377 0,000220
катерине 0,912045 0,000260
катериною 1,866287 0,000533
катерину 0,991226 0,000283
катерины 0,752344 0,000215
кладбище 1,468347 0,001258
клейкие 1,866287 0,001066
книга 0,176091 0,000101
книги 0,000000 0,000000
когда 0,015029 0,000021
комаров 0,000000 0,000000
комизм 1,866287 0,000533
комната 1,021189 0,000292
комнатах 1,167317 0,000333
комнате 0,389166 0,000111
конец 0,495219 0,000141
конечно 0,060107 0,000051
конца 0,704919 0,000604
конце 0,611015 0,000174
кончил 0,587534 0,000671
кончится 0,963197 0,000275
кончить 1,053374 0,000301
коротка 2,167317 0,000619
которого 0,198834 0,000114
которое 0,426955 0,000244
которой 0,213075 0,000061
которому 0,468347 0,000134
которые 0,189594 0,000216
который 0,110412 0,000095
красавицу 1,866287 0,000533
крики 1,125925 0,000321
крикнул 0,381987 0,000109
крови 0,662167 0,000189
кроме 0,158717 0,000045
кроткий 1,389166 0,000397
кстати 0,468347 0,000134
кубка 2,167317 0,001237
кубку 2,167317 0,000619
кубок 1,690196 0,000482
куда 0,248239 0,000071
кушай 1,866287 0,000533
легко 0,752344 0,000430
лежат 0,991226 0,000283
лезть 1,866287 0,000533
либо 0,000000 0,000000
линии 1,468347 0,000838
листочки 1,565257 0,000894
литература 0,000000 0,000000
лицо 0,114239 0,000033
лицом 0,000000 0,000000
лишь 0,185046 0,000423
логика 1,690196 0,000482
логике 1,866287 0,000533
логики 2,167317 0,001237
лучше 0,162996 0,000186
любви 0,504560 0,000288
любил 0,374926 0,000214
любила 0,845098 0,000482
любимый 1,866287 0,000533
любит 0,389166 0,000222
любить 0,523865 0,000150
любишь 0,888564 0,001268
люблю 0,347773 0,000794
любовь 0,523865 0,000449
любым 0,000000 0,000000
любя 1,213075 0,000346
людей 0,298086 0,000085
люди 0,269690 0,000077
людьми 0,623249 0,000178
маленькие 1,021189 0,000292
маленький 0,662167 0,000567
маленького 0,963197 0,000275
мало 0,208276 0,000059
малосильного 2,167317 0,000619
мальчик 0,495219 0,000565
мальчика 0,648803 0,000370
мальчики 1,167317 0,001000
мальчиков 1,264227 0,001083
мальчуганы 2,167317 0,000619
между 0,129891 0,000074
меня 0,027438 0,000164
мерещится 1,389166 0,000397
мертвецов 1,866287 0,000533
место 0,334808 0,000096
месяц 0,451314 0,000129
месяца 0,477121 0,000545
мечтает 1,690196 0,000482
мечтать 1,322219 0,000377
мимо 0,514105 0,000147
минув 2,167317 0,000619
минутку 0,704919 0,000201
минуту 0,084532 0,000024
мира 1,125925 0,001607
мираж 1,690196 0,000482
мире 0,704919 0,000201
мировом 2,167317 0,000619
мировых 2,167317 0,000619
миру 1,053374 0,000301
младенец 1,264227 0,000361
много 0,080958 0,000069
множество 0,936868 0,000535
мной 0,237898 0,000068
мною 0,635838 0,000182
могила 1,468347 0,000419
могла 0,286504 0,000082
могли 0,374926 0,000107
могу 0,171682 0,000147
могут 0,495219 0,000141
моего 0,367977 0,000210
моей 0,280827 0,000241
моему 0,354404 0,000202
может 0,000000 0,000000
можно 0,088136 0,000050
моим 0,675956 0,000193
моими 0,991226 0,000283
моих 0,554533 0,000158
молодая 0,936868 0,000267
молоденький 1,468347 0,000419
молодой 0,381987 0,000218
молодость 1,322219 0,000377
молодые 1,213075 0,000693
момент 0,720159 0,000206
момента 0,000000 0,000000
монастыря 0,912045 0,000260
моралисты 2,167317 0,000619
москву 0,845098 0,000482
мучает 1,690196 0,000482
мучила 1,167317 0,000666
мучился 1,053374 0,000301
мысль 0,264227 0,000151
навеки 0,648803 0,000185
наверно 0,264227 0,000075
навсегда 0,735954 0,000210
наделано 2,167317 0,000619
надеюсь 0,912045 0,000260
надо 0,036984 0,000095
надрыв 1,468347 0,000419
надрыва 1,866287 0,000533
надувая 2,167317 0,000619
назад 0,000000 0,000000
название 0,000000 0,000000
называют 1,125925 0,000321
найти 0,000000 0,000000
наконец 0,073896 0,000063
написано 0,000000 0,000000
наполеоне 2,167317 0,000619
например 0,298086 0,000085
напротив 0,180546 0,000206
нарочно 0,227798 0,000195
наскоро 0,888564 0,000254
настаивал 0,845098 0,000241
настоящим 1,167317 0,000333
насчет 0,354404 0,000101
наука 0,000000 0,000000
науку 1,690196 0,000482
научился 1,322219 0,000377
нахмурился 0,991226 0,000566
находились 1,264227 0,000361
находился 0,963197 0,000275
находятся 1,866287 0,000533
начал 0,137934 0,000079
начать 0,720159 0,000411
начинаешь 1,690196 0,000482
начинай 1,468347 0,000419
начинать 1,167317 0,000333
начну 0,991226 0,000283
наша 0,787106 0,000225
наше 0,662167 0,000189
нашего 0,396465 0,000113
нашей 0,599116 0,000171
небо 1,021189 0,000583
него 0,000000 0,000000
негодований 2,167317 0,000619
неизвестные 1,866287 0,000533
нельзя 0,176091 0,000201
необходимости 1,322219 0,000377
неожиданно 0,523865 0,000150
неожиданным 0,963197 0,000275
неохотно 1,690196 0,000482
непременно 0,133894 0,000153
неприлично 0,824895 0,000235
неприличную 1,866287 0,000533
несвойственные 2,167317 0,000619
несмотря 0,275223 0,000157
нехитра 2,167317 0,000619
нечто 0,389166 0,000222
нибудь 0,030597 0,000026
никак 0,396465 0,000113
никаких 0,565257 0,000161
никогда 0,088136 0,000201
никто 0,185046 0,000053
ними 0,275223 0,000157
нисколько 0,662167 0,000189
ничего 0,030597 0,000009
новому 1,088136 0,000311
нравилась 1,565257 0,000894
нравится 0,991226 0,000283
нужно 0,514105 0,000440
нутром 2,167317 0,001237
обед 1,322219 0,000377
обедал 1,468347 0,000838
обедать 1,125925 0,000321
обедом 1,264227 0,000361
обидел 1,125925 0,000321
обидный 1,690196 0,000482
обхожу 2,167317 0,000619
обширнее 1,866287 0,000533
общественное 0,000000 0,000000
объявляю 1,389166 0,000397
объяснить 0,623249 0,000178
объяснишь 2,167317 0,000619
объясню 1,264227 0,000361
обыкновенная 1,866287 0,000533
оговорюсь 2,167317 0,000619
огорчить 2,167317 0,000619
один 0,046743 0,000040
одиннадцати 1,021189 0,000292
одиннадцать 1,167317 0,000333
однако 0,102859 0,000117
одним 0,286504 0,000082
одно 0,099131 0,000028
одного 0,150284 0,000086
ожидание 1,264227 0,000361
ожидании 0,824895 0,000471
ожидающий 2,167317 0,001237
озабоченно 1,088136 0,000311
оказалось 0,486076 0,000139
окна 0,648803 0,000185
окончательном 2,167317 0,000619
оправдать 1,088136 0,000311
опубликовано 0,000000 0,000000
опять 0,027438 0,000031
орган 1,866287 0,000533
оригинальных 2,167317 0,000619
орудуют 2,167317 0,000619
осилю 2,167317 0,000619
осмеливаются 2,167317 0,000619
осмыслил 1,565257 0,000447
особенно 0,129891 0,000037
особенным 0,912045 0,000260
оставаться 0,769377 0,000220
остальные 0,704919 0,000201
остальных 1,167317 0,000333
отбивал 2,167317 0,000619
ответ 0,533849 0,000152
отвечай 1,088136 0,000311
отвращение 1,088136 0,000311
отгороженное 1,866287 0,000533
отдельной 1,690196 0,000482
отец 0,316059 0,000180
откупоривание 2,167317 0,000619
отметить 1,389166 0,000397
отойду 2,167317 0,000619
оторвусь 2,167317 0,000619
отпраздновать 2,167317 0,000619
отрезал 0,824895 0,000235
отрываться 2,167317 0,001237
отставной 1,088136 0,000311
отсюда 0,805589 0,000230
оттенок 1,468347 0,000419
оттого 0,675956 0,000193
отца 0,222835 0,000064
отчасти 0,611015 0,000174
отчаяние 1,053374 0,000301
отчаяния 0,963197 0,000550
отъезда 1,264227 0,000361
оформление 0,000000 0,000000
охотник 1,322219 0,000377
охотой 1,264227 0,000361
очень 0,024303 0,000035
очутился 0,912045 0,000260
паду 1,690196 0,000482
памяти 0,752344 0,000215
параллельные 2,167317 0,001237
первая 0,419129 0,000120
первые 0,787106 0,000674
первый 0,248239 0,000071
первых 0,367977 0,000105
перебирать 1,866287 0,000533
переговорить 1,389166 0,000793
передал 0,690196 0,000197
переделке 2,167317 0,000619
переспросил 1,167317 0,000333
перестал 0,675956 0,000193
перешло 0,000000 0,000000
пивных 2,167317 0,000619
пить 0,888564 0,000254
плакать 0,866287 0,000495
планете 2,167317 0,000619
победило 2,167317 0,000619
победит 1,565257 0,000447
поверишь 1,468347 0,000419
повеселевшее 2,167317 0,000619
погибал 1,866287 0,000533
поглядел 0,554533 0,000158
подборка 0,000000 0,000000
подвел 1,167317 0,000333
подвиг 1,167317 0,000666
подлая 1,565257 0,000447
подлец 0,662167 0,000189
подло 1,264227 0,000361
подлою 2,167317 0,000619
подобно 1,167317 0,000333
подозревал 1,053374 0,000301
подошел 0,514105 0,000147
подробно 1,053374 0,000301
подумал 0,334808 0,000096
поедешь 1,565257 0,000447
поеду 1,053374 0,000601
пожалуй 0,237898 0,000272
позвонил 1,322219 0,000377
познакомить 1,565257 0,000447
познакомиться 0,936868 0,000267
пойду 0,623249 0,000178
поймали 1,690196 0,000482
пойми 1,468347 0,000419
пойму 1,565257 0,000447
пока 0,213075 0,000122
покойники 2,167317 0,000619
полгода 0,963197 0,000275
полезли 1,866287 0,000533
поленова 1,866287 0,000533
половина 0,866287 0,000495
половине 0,936868 0,000267
полового 1,866287 0,000533
половые 2,167317 0,000619
положении 0,704919 0,000201
положил 0,599116 0,000171
полюбил 0,888564 0,000254
полюбить 1,264227 0,001083
поминутно 0,635838 0,000182
помнишь 0,845098 0,000482
помню 0,486076 0,000278
понимаешь 0,769377 0,000439
понимаю 0,381987 0,000109
понятием 2,167317 0,001237
понять 0,396465 0,000226
попал 0,824895 0,000235
попробовать 1,690196 0,000482
порази 2,167317 0,000619
поразил 0,912045 0,000260
порядке 0,936868 0,000267
порядок 1,389166 0,000793
посетителей 0,000000 0,000000
посетители 0,000000 0,000000
послал 0,720159 0,000206
после 0,084532 0,000048
послушник 1,389166 0,000397
послушников 2,167317 0,000619
посмертно 0,000000 0,000000
постараться 2,167317 0,000619
посторонние 1,565257 0,000447
посылает 1,389166 0,000397
потом 0,084532 0,000072
потому 0,024303 0,000056
поцеловать 1,125925 0,000321
почем 1,264227 0,000361
почему 0,099131 0,000057
почти 0,024303 0,000014
поэты 1,690196 0,000482
правда 0,162996 0,000233
практическими 2,167317 0,000619
пред 0,033778 0,000010
предвечные 2,167317 0,000619
представить 0,576253 0,000165
представь 1,167317 0,000666
прежде 0,077412 0,000133
прекрасно 0,735954 0,000210
премудра 2,167317 0,000619
премудрость 1,690196 0,000482
прибавил 0,275223 0,000079
прижизненно 0,000000 0,000000
призывные 2,167317 0,000619
прикажу 1,690196 0,000965
приказал 1,213075 0,000346
приказывай 2,167317 0,000619
приму 1,125925 0,000321
принесли 1,264227 0,000361
принимаешь 1,389166 0,000397
принимаю 1,021189 0,002332
принять 0,523865 0,000299
приобретена 2,167317 0,000619
припал 2,167317 0,000619
пришли 0,704919 0,000201
провозгласил 0,991226 0,000283
проговорил 0,154480 0,000176
проголодался 1,690196 0,000482
программирование 0,000000 0,000000
произведение 0,000000 0,000000
произведений 0,000000 0,000000
произведения 0,000000 0,000000
происходила 1,565257 0,000447
проклятый 1,021189 0,000292
пролитой 1,866287 0,000533
пролитыми 2,167317 0,000619
промолвил 1,053374 0,000301
просил 0,599116 0,000342
простить 0,824895 0,000235
проститься 1,125925 0,000643
просто 0,232819 0,000133
пространства 2,167317 0,000619
противен 1,565257 0,000894
противоречий 1,690196 0,000482
профессора 1,468347 0,000419
профессоров 2,167317 0,000619
прочее 1,322219 0,000755
прочь 0,866287 0,000247
прошло 0,000000 0,000000
пряма 2,167317 0,000619
прямо 0,118099 0,000067
прячется 1,468347 0,000419
публикации 0,000000 0,000000
пускайся 2,167317 0,000619
пусть 0,253503 0,000362
пуще 0,599116 0,000171
пытливо 1,213075 0,000346
пятая 1,264227 0,000722
пятнадцатый 1,690196 0,000482
пятнадцать 0,936868 0,000535
разве 0,146128 0,000083
развратить 2,167317 0,000619
развязался 2,167317 0,000619
разговор 0,434924 0,000124
разговоры 1,125925 0,000321
разгорелись 1,866287 0,000533
раздражительно 0,752344 0,000215
разлукой 1,866287 0,000533
разница 1,213075 0,000346
разом 0,389166 0,000333
разочарование 1,866287 0,000533
разочарования 2,167317 0,000619
разрешать 1,866287 0,000533
разрешения 0,000000 0,000000
разрешить 1,088136 0,000311
разуверься 2,167317 0,001237
разумеется 0,328468 0,000094
распускающиеся 2,167317 0,000619
рассердишься 1,690196 0,000482
рассказал 0,587534 0,000335
рассуждать 1,389166 0,000397
рассуждения 1,690196 0,000482
расхохотался 1,322219 0,000377
ревную 1,565257 0,000447
результате 1,690196 0,000482
речь 0,704919 0,000201
решать 1,468347 0,000419
решил 0,514105 0,000294
роковом 1,866287 0,000533
россии 0,623249 0,000178
россия 1,389166 0,000397
русизма 2,167317 0,000619
русская 0,000000 0,000000
русские 1,088136 0,001553
русским 1,213075 0,000693
русских 1,053374 0,000601
русского 0,936868 0,000535
сайте 0,000000 0,000000
само 0,888564 0,000507
самого 0,118099 0,000034
самое 0,167317 0,000143
самом 0,114239 0,000130
самых 0,468347 0,000134
свежий 1,264227 0,000361
свете 0,426955 0,000122
свидания 0,787106 0,000225
свидетелем 0,991226 0,000283
свободно 0,000000 0,000000
свободу 1,264227 0,000361
свободы 1,389166 0,000397
сводились 2,167317 0,000619
свое 0,150284 0,000086
своего 0,091770 0,000026
своей 0,066947 0,000019
своем 0,198834 0,000057
свои 0,146128 0,000083
свой 0,189594 0,000054
свою 0,073896 0,000127
свята 2,167317 0,000619
сгладятся 2,167317 0,000619
сдвинуть 2,167317 0,000619
сделана 1,690196 0,000482
себе 0,033778 0,000039
себя 0,005949 0,000010
сего 0,611015 0,000174
сегодня 0,000000 0,000000
сегодняшего 2,167317 0,000619
сегодняшний 1,468347 0,000419
сейчас 0,070407 0,000040
секрет 0,787106 0,000225
семидесяти 0,000000 0,000000
сердца 0,334808 0,000096
сердцем 0,675956 0,000386
серьезно 0,419129 0,000479
сидевших 2,167317 0,000619
сидел 0,322219 0,000368
сидит 0,565257 0,000161
сидя 0,845098 0,000241
силы 0,514105 0,000294
скажу 0,275223 0,000079
сказал 0,099131 0,000113
сказали 0,544068 0,000311
сказывать 1,690196 0,000482
сколько 0,280827 0,000080
скорее 0,514105 0,000147
скоро 0,298086 0,000085
славная 1,565257 0,000447
славно 1,389166 0,000397
славный 1,565257 0,000447
сладострастии 1,866287 0,000533
следовало 0,805589 0,000230
слезами 0,554533 0,000158
слетело 1,565257 0,000447
слишком 0,133894 0,000076
слов 0,367977 0,000105
слова 0,129891 0,000037
слово 0,232819 0,000066
случилось 0,403889 0,000115
случится 1,167317 0,000333
слушать 0,735954 0,000210
слышались 1,468347 0,000419
смеешься 1,264227 0,000361
смердяков 0,587534 0,000168
смердякова 0,752344 0,000430
смердяковым 1,021189 0,000292
смеху 0,991226 0,000283
смеюсь 1,125925 0,000643
смиренно 1,167317 0,000333
смотрел 0,298086 0,000085
смотря 0,322219 0,000092
смысл 0,991226 0,000849
снял 0,963197 0,000275
собой 0,253503 0,000072
собрание 0,000000 0,000000
собственные 1,088136 0,000311
собственным 0,963197 0,000275
совершенно 0,180546 0,000155
советую 1,565257 0,000447
совпадением 2,167317 0,000619
современные 1,866287 0,000533
совсем 0,021189 0,000006
согласиться 1,213075 0,000346
согласия 0,000000 0,000000
создал 1,565257 0,001341
созданного 2,167317 0,000619
созданному 2,167317 0,000619
создано 2,167317 0,000619
сознаюсь 1,167317 0,000333
сойдутся 1,565257 0,000447
сойтись 1,264227 0,001083
сольемся 2,167317 0,000619
сомневаются 2,167317 0,000619
сопляки 2,167317 0,000619
сорок 0,845098 0,000241
сохранить 1,213075 0,000346
социализме 2,167317 0,000619
сочинений 0,000000 0,000000
сошлись 1,021189 0,000875
спасаешь 2,167317 0,000619
спасен 1,690196 0,000482
сплошь 1,125925 0,000321
способностей 1,167317 0,000333
справиться 1,167317 0,000333
спрашивал 0,769377 0,000220
спросил 0,222835 0,000127
спросить 0,495219 0,000141
стал 0,125925 0,000144
стало 0,091770 0,000052
стану 0,662167 0,000189
старец 0,787106 0,000225
старика 0,587534 0,000168
старике 1,389166 0,000397
старики 1,690196 0,000482
стариком 1,389166 0,000397
старичок 0,991226 0,000283
старой 1,167317 0,000333
старца 0,735954 0,000210
старый 0,824895 0,000235
стать 0,845098 0,000241
стены 0,963197 0,000275
стоит 0,316059 0,000180
стоишь 1,322219 0,000377
столетии 1,468347 0,000419
сторож 1,565257 0,000447
сторожем 1,690196 0,000482
стояли 0,690196 0,000197
страдания 0,888564 0,000254
странно 0,354404 0,000101
страстной 1,690196 0,000482
страшно 0,434924 0,000124
стремится 1,389166 0,000397
стук 1,322219 0,000377
суть 1,322219 0,000755
существует 0,866287 0,000742
сходятся 1,468347 0,000419
счастлив 0,963197 0,000275
счет 0,690196 0,000394
съездить 1,468347 0,000419
сюда 0,232819 0,000066
такая 0,309985 0,000177
также 0,000000 0,000000
таки 0,066947 0,000153
такие 0,232819 0,000199
таких 0,243038 0,000139
такого 0,243038 0,000069
такое 0,114239 0,000098
такой 0,077412 0,000133
таком 0,309985 0,000088
такому 0,752344 0,000215
твердо 0,419129 0,000359
твердый 1,322219 0,000377
твердых 1,866287 0,000533
твоего 0,787106 0,000449
твоей 0,888564 0,000254
твоих 0,963197 0,000550
твой 0,735954 0,000630
твоя 0,635838 0,000182
тебе 0,203530 0,000872
тебя 0,198834 0,000738
тезис 2,167317 0,000619
текст 0,000000 0,000000
темы 1,389166 0,000397
теперь 0,015029 0,000086
терплю 1,565257 0,000447
тираду 2,167317 0,000619
тихою 1,389166 0,000397
тобой 0,419129 0,000957
тобою 0,845098 0,000482
товарищами 1,565257 0,000447
тогда 0,050046 0,000029
того 0,005949 0,000015
тоже 0,043466 0,000025
толкует 1,690196 0,000482
только 0,002964 0,000018
томах 0,000000 0,000000
тому 0,095435 0,000054
торжественно 0,888564 0,000254
тотчас 0,046743 0,000013
точно 0,121994 0,000070
точь 0,787106 0,000449
трактир 1,322219 0,000755
трактира 1,322219 0,000755
трактире 0,866287 0,000247
трактирная 2,167317 0,000619
трактиров 2,167317 0,000619
тревожно 1,213075 0,000346
трех 0,374926 0,000214
трехмесячные 2,167317 0,000619
тридцати 1,021189 0,001749
трогательна 2,167317 0,000619
туда 0,495219 0,000141
тьфу 1,213075 0,000346
убедись 2,167317 0,000619
убежден 0,752344 0,000215
убежденный 1,690196 0,000482
убитом 2,167317 0,000619
уважать 0,963197 0,000275
увидать 1,264227 0,000722
увидимся 1,565257 0,000447
увижу 1,213075 0,000693
угадал 1,125925 0,000321
угол 0,735954 0,000210
уголку 1,565257 0,000447
удивлением 0,523865 0,000150
уезжаешь 2,167317 0,001237
уезжаю 1,565257 0,000894
уехал 0,752344 0,000430
уехать 1,167317 0,000333
ужасно 0,167317 0,000239
ужасы 1,690196 0,000482
узнать 0,374926 0,000107
улыбки 1,468347 0,000419
улыбкой 0,468347 0,000134
улыбнулся 0,533849 0,000457
умершим 0,000000 0,000000
умилением 1,167317 0,000333
умирал 1,690196 0,000482
умирали 1,565257 0,000447
умно 1,264227 0,000361
упьюсь 1,866287 0,000533
урок 1,389166 0,000397
условию 1,866287 0,000533
успеем 2,167317 0,000619
устоя 2,167317 0,000619
утоление 1,866287 0,000533
утра 0,576253 0,000165
утром 0,411442 0,000470
ушел 0,599116 0,000342
фанфароню 2,167317 0,000619
федор 0,000000 0,000000
федорович 0,253503 0,000072
философы 1,690196 0,000482
финале 1,565257 0,000447
франц 0,635838 0,000182
хаос 1,468347 0,000419
хватит 1,565257 0,000894
ходил 0,611015 0,000174
хорошей 1,167317 0,000333
хорошо 0,189594 0,000054
хотел 0,158717 0,000136
хоть 0,060107 0,000120
хотя 0,050046 0,000029
хохлакова 1,125925 0,000321
хочет 0,322219 0,000092
хочется 0,704919 0,000604
хочешь 0,544068 0,000466
хочу 0,243038 0,000416
целая 0,845098 0,000241
целовать 0,845098 0,000241
цель 0,769377 0,000220
центростремительной 2,167317 0,000619
чаем 1,690196 0,000482
часа 0,000000 0,000000
часто 0,292256 0,000167
часть 0,002964 0,000002
чахоточные 1,866287 0,000533
чего 0,040213 0,000115
человек 0,036984 0,000074
человека 0,154480 0,000044
человеком 0,504560 0,000144
человеку 0,459747 0,000131
человечек 1,167317 0,000333
человеческий 1,468347 0,000838
человеческих 1,322219 0,000377
человеческого 1,125925 0,000643
человечества 1,264227 0,000361
чему 0,341243 0,000195
черт 0,477121 0,000409
черта 0,845098 0,000241
черту 0,912045 0,000260
честна 2,167317 0,000619
честь 0,554533 0,000158
четвертый 0,991226 0,000283
число 0,000000 0,000000
читаем 0,000000 0,000000
читал 0,735954 0,000210
читать 0,000000 0,000000
чревом 2,167317 0,001237
чтишь 2,167317 0,000619
чтоб 0,073896 0,000042
чтобы 0,030597 0,000087
чувством 0,704919 0,000201
чувствую 0,787106 0,000225
чьего 0,000000 0,000000
шампанского 0,991226 0,000566
шаров 2,167317 0,000619
ширмами 1,389166 0,000793
шмыгали 2,167317 0,000619
штату 2,167317 0,000619
шутишь 1,565257 0,000894
шучу 1,468347 0,000419
эвклидовой 2,167317 0,001237
эвклидовский 2,167317 0,000619
эвклидовского 2,167317 0,000619
эвклиду 2,167317 0,000619
этим 0,189594 0,000054
этих 0,213075 0,000061
этого 0,053374 0,000107
этой 0,118099 0,000034
этом 0,046743 0,000040
этому 0,322219 0,000184
этот 0,011981 0,000014
явится 1,264227 0,000722
яснее 1,213075 0,000346
