автор 0,000000 0,000000
автором 0,000000 0,000000
авторского 0,000000 0,000000
авторы 0,000000 0,000000
актерской 2,167317 0,000611
александрович 0,991226 0,000279
алексей 0,000000 0,000000
алексея 0,000000 0,000000
алеша 0,381987 0,002154
алеше 0,523865 0,000443
алеши 0,544068 0,000920
алешу 0,565257 0,000956
апостол 1,866287 0,000526
атеизма 1,866287 0,000526
атеист 1,565257 0,000883
атеиста 1,690196 0,000477
атеистический 2,167317 0,000611
атеисты 1,565257 0,000441
афон 2,167317 0,000611
афоне 1,690196 0,000953
бабами 2,167317 0,000611
бабы 1,167317 0,000329
башни 1,690196 0,000477
бедно 1,389166 0,000392
бедных 1,389166 0,000392
бедствий 2,167317 0,000611
берущий 2,167317 0,000611
беседу 1,690196 0,000477
беспокойстве 0,991226 0,000279
беспредельною 1,690196 0,000477
беспрекословно 1,690196 0,000953
беспрерывно 0,623249 0,000176
беспрерывное 1,565257 0,000441
бессмертие 1,468347 0,000414
бессмертия 1,468347 0,000828
библиотека 0,000000 0,000000
благими 2,167317 0,000611
благодарили 2,167317 0,000611
благословиться 1,565257 0,000441
благословлял 1,389166 0,000392
бледный 0,888564 0,000251
блестящими 2,167317 0,000611
ближайшем 1,866287 0,000526
ближе 0,752344 0,000424
близкую 1,690196 0,000477
бога 0,451314 0,000254
богатых 1,468347 0,000414
богомольцев 1,866287 0,000526
богомольцы 1,866287 0,001052
божии 1,565257 0,000441
божьей 1,690196 0,000477
более 0,000000 0,000000
болезней 1,690196 0,000477
болезненная 1,690196 0,000477
болезни 0,565257 0,000478
больного 0,752344 0,000212
больными 1,690196 0,000953
больных 1,322219 0,000746
больше 0,137934 0,000039
большинство 1,264227 0,000356
большою 1,167317 0,000329
боялся 0,587534 0,000166
брат 0,303994 0,000600
брата 0,389166 0,000329
брате 1,167317 0,000658
братом 0,769377 0,000434
брату 0,752344 0,000212
братьев 1,088136 0,000614
братья 0,176091 0,000199
будет 0,077412 0,000022
будут 0,565257 0,000478
будущем 1,021189 0,000288
бывавший 2,167317 0,000611
бывал 0,936868 0,000264
бывшее 1,389166 0,000392
бывший 0,845098 0,000238
была 0,046743 0,000040
были 0,099131 0,000056
было 0,000000 0,000000
быль 2,167317 0,000611
быть 0,002964 0,000018
вавилонской 2,167317 0,000611
важного 1,468347 0,000414
важный 1,125925 0,000317
важным 1,264227 0,000356
важных 1,322219 0,000373
вашу 0,504560 0,000284
вдруг 0,005949 0,000005
вежливых 2,167317 0,000611
великие 1,468347 0,000414
великий 0,845098 0,000238
великих 1,264227 0,000713
великой 1,322219 0,000373
величковским 2,167317 0,000611
вера 0,769377 0,000217
вере 1,021189 0,000288
верил 0,752344 0,000636
веровал 1,213075 0,000684
вероятнее 0,912045 0,000257
верст 1,125925 0,000317
веру 0,845098 0,000238
верующий 1,565257 0,000883
веры 0,845098 0,000238
весел 0,963197 0,000272
весь 0,099131 0,000056
весьма 0,243038 0,000411
вечная 1,264227 0,000356
взгляда 0,662167 0,000187
взгляды 1,322219 0,000373
взором 1,866287 0,000526
взрослыми 1,690196 0,000477
видавший 1,690196 0,000477
видел 0,248239 0,000070
виделись 1,565257 0,000441
видеть 0,381987 0,000215
видимому 0,648803 0,000366
видя 0,690196 0,000195
визиты 0,000000 0,000000
владений 2,167317 0,000611
владыко 2,167317 0,000611
власти 1,322219 0,000746
властью 2,167317 0,000611
влияние 1,167317 0,000658
вместе 0,208276 0,000176
вместо 0,411442 0,000348
вначале 0,936868 0,000264
внимательнее 1,389166 0,000392
внутреннее 1,389166 0,000392
внутренний 1,690196 0,000477
внутренним 1,690196 0,000477
внушающее 2,167317 0,000611
вовсе 0,150284 0,000127
водворяется 2,167317 0,000611
военным 1,866287 0,000526
возвращались 1,866287 0,000526
возвышающихся 2,167317 0,000611
возгласе 1,866287 0,000526
возить 1,690196 0,000477
возложенного 2,167317 0,000611
возложил 1,866287 0,000526
возлюбит 1,690196 0,000477
вознаграждения 0,000000 0,000000
возрождено 2,167317 0,000611
воли 1,021189 0,000288
вольнодумец 2,167317 0,000611
волю 1,264227 0,000713
воображение 1,468347 0,000414
вообще 0,459747 0,000259
вопили 2,167317 0,000611
воплощения 2,167317 0,000611
вопрос 0,222835 0,000314
вопроса 0,704919 0,000397
воспользоваться 1,468347 0,000414
воспоминаний 1,389166 0,000392
востоке 2,167317 0,001222
востоком 2,167317 0,000611
восторг 0,888564 0,000251
восторженные 1,866287 0,000526
воцарится 2,167317 0,000611
впечатление 0,544068 0,000153
вполне 0,316059 0,000178
впрочем 0,118099 0,000033
врат 1,866287 0,000526
врачебного 2,167317 0,000611
времена 1,322219 0,000746
времени 0,269690 0,000076
время 0,043466 0,000135
всегда 0,129891 0,000183
всегдашнею 1,690196 0,000477
всегдашним 1,866287 0,000526
всего 0,040213 0,000023
всей 0,248239 0,000350
вселенский 2,167317 0,001222
вселенскому 2,167317 0,000611
всем 0,070407 0,000099
всех 0,060107 0,000153
всею 0,888564 0,000251
вскоре 0,991226 0,000279
вскорости 1,167317 0,000329
вследствие 0,888564 0,000501
вслух 0,533849 0,000151
встретил 0,769377 0,000217
встречено 2,167317 0,000611
вступил 0,912045 0,000257
втайне 1,565257 0,000441
вторая 0,514105 0,000145
входившие 1,866287 0,000526
входили 1,264227 0,000356
выведено 2,167317 0,000611
вызов 1,264227 0,000356
выйти 0,587534 0,000166
вылетавшем 2,167317 0,000611
выплаты 0,000000 0,000000
высоко 1,088136 0,000307
высокого 0,991226 0,000279
высший 1,264227 0,000356
выхода 1,088136 0,000614
выходил 0,963197 0,000272
выходили 1,167317 0,000329
выходить 0,963197 0,000272
выходки 1,167317 0,000329
выше 0,720159 0,000406
главная 1,213075 0,000342
главное 0,189594 0,000053
глазами 0,403889 0,000114
глазах 0,459747 0,000259
глубины 1,167317 0,000329
глубокий 1,322219 0,000373
глубоко 0,611015 0,000345
глубочайшим 1,565257 0,000441
глуп 1,021189 0,000288
глупенькому 2,167317 0,000611
говорил 0,095435 0,000054
говорили 0,374926 0,000317
годов 1,389166 0,000392
годы 0,963197 0,000272
гонением 2,167317 0,000611
гонениям 2,167317 0,000611
гордости 0,805589 0,000227
горем 1,690196 0,000953
города 0,704919 0,000199
горячо 0,544068 0,000153
господь 0,888564 0,000251
границе 1,690196 0,000477
грезилось 1,866287 0,000526
грех 0,888564 0,000251
грехи 1,468347 0,000414
грехом 1,690196 0,000477
грешен 1,866287 0,000526
грешнее 1,866287 0,000526
гроб 1,088136 0,000307
гробе 1,389166 0,000392
грубого 1,565257 0,000441
давние 2,167317 0,000611
даже 0,005949 0,000035
далеко 0,599116 0,000169
дальше 0,002964 0,000001
данные 0,000000 0,000000
двух 0,264227 0,000074
девятнадцатилетний 2,167317 0,000611
дела 0,309985 0,000087
деле 0,162996 0,000092
делить 1,866287 0,000526
день 0,162996 0,000092
держало 2,167317 0,000611
детей 0,576253 0,000325
дети 0,662167 0,000187
детьми 1,053374 0,000297
диакона 2,167317 0,000611
длинные 1,213075 0,000342
дмитрием 1,021189 0,000288
дмитрий 0,468347 0,000792
дмитрию 0,936868 0,000264
дмитрия 0,599116 0,000338
дней 0,514105 0,000145
добровольно 1,322219 0,000746
довольно 0,129891 0,000110
дожидался 1,565257 0,000441
долгих 1,690196 0,000477
долгого 1,690196 0,000477
должен 0,258832 0,000073
должно 0,286504 0,000081
доме 0,322219 0,000091
допуская 1,866287 0,000526
допустил 1,264227 0,000356
допустит 1,690196 0,001430
допустить 0,912045 0,000257
дороге 0,611015 0,000172
дорогу 0,599116 0,000338
доселе 0,912045 0,000514
доставит 1,565257 0,000441
достижения 2,167317 0,000611
достичь 1,565257 0,000441
достоевский 0,000000 0,000000
достояние 0,000000 0,000000
дошли 1,213075 0,000342
древнейшие 1,866287 0,001052
древнейших 1,690196 0,000477
древняя 1,565257 0,000441
дрожало 1,565257 0,000441
друг 0,269690 0,000076
друга 0,419129 0,000118
другим 0,533849 0,000301
другое 0,309985 0,000087
другой 0,146128 0,000041
другом 0,477121 0,000135
другую 0,495219 0,000140
думал 0,258832 0,000073
думать 0,486076 0,000137
духовную 1,690196 0,000477
душе 0,514105 0,000145
души 0,523865 0,000886
душой 0,824895 0,000233
душу 0,451314 0,000382
египет 1,866287 0,000526
едва 0,554533 0,000313
единицей 1,866287 0,000526
единоутробным 2,167317 0,000611
единственная 1,565257 0,000441
единственно 0,477121 0,000135
если 0,011981 0,000034
естественно 0,888564 0,000251
естественное 2,167317 0,000611
естественный 1,866287 0,000526
есть 0,018098 0,000051
жаждавших 2,167317 0,000611
жаждой 1,565257 0,000441
жаль 0,635838 0,000179
ждал 0,495219 0,000279
ждали 0,720159 0,000203
ждет 0,787106 0,000222
желал 0,611015 0,000345
желанием 1,167317 0,000329
жертв 2,167317 0,000611
жертва 1,389166 0,000783
живя 1,866287 0,000526
жизни 0,222835 0,000251
жизнию 1,690196 0,000477
жизнь 0,162996 0,000046
жизнью 1,167317 0,000329
жить 0,451314 0,000254
забота 1,167317 0,000329
заботился 1,322219 0,000373
забылось 1,866287 0,000526
завидев 1,322219 0,000373
завистники 2,167317 0,000611
задумавшись 1,690196 0,000477
задумался 0,866287 0,000244
задумчивый 1,389166 0,000783
задумывался 1,213075 0,000342
закончил 1,125925 0,000317
заменить 1,866287 0,000526
заметил 0,154480 0,000044
заметить 0,635838 0,000359
замечал 1,021189 0,000288
замечательною 1,565257 0,000441
занят 1,088136 0,000307
заслуг 2,167317 0,000611
заставило 1,565257 0,000441
зато 0,468347 0,000264
заходящего 1,690196 0,000477
захотелось 0,787106 0,000222
захочет 0,888564 0,000251
заявил 0,912045 0,000257
здесь 0,095435 0,000081
здоровьем 1,690196 0,000477
земле 0,648803 0,000915
земли 0,769377 0,000217
землю 0,565257 0,000319
знает 0,171682 0,000048
знакомого 1,088136 0,000307
знал 0,114239 0,000129
знали 0,426955 0,000120
знаменит 2,167317 0,000611
знаменитой 2,167317 0,000611
знаменитых 2,167317 0,000611
знанием 1,389166 0,000392
знатные 1,565257 0,000441
значит 0,243038 0,000069
зосима 1,021189 0,000864
зосиму 1,389166 0,000392
зосимы 1,088136 0,000614
иван 0,303994 0,000343
ивана 0,504560 0,000569
иване 1,264227 0,000713
иваном 0,845098 0,000477
игуменом 1,690196 0,000477
идеал 1,213075 0,000342
идею 0,963197 0,000272
идти 0,434924 0,000123
иерусалим 1,690196 0,000477
избегнуть 2,167317 0,000611
избрав 2,167317 0,000611
избрал 2,167317 0,000611
извергнут 2,167317 0,000611
известных 1,213075 0,000342
изложении 1,866287 0,000526
излюбил 2,167317 0,001222
измученной 2,167317 0,000611
изобретение 2,167317 0,000611
изыдите 2,167317 0,000611
икон 1,468347 0,000414
имевшая 1,866287 0,000526
именно 0,066947 0,000132
иметь 0,587534 0,000166
имущественным 2,167317 0,000611
иногда 0,208276 0,000235
иного 1,053374 0,000297
иноков 1,690196 0,000953
интересовался 1,264227 0,000356
иные 0,599116 0,000169
искренно 0,523865 0,000148
искус 2,167317 0,000611
искуса 2,167317 0,000611
искушение 1,690196 0,000477
испитой 1,866287 0,000526
исповеди 1,167317 0,000329
исповедование 2,167317 0,000611
исповедовать 2,167317 0,001222
исповедь 1,021189 0,000288
исполнения 1,565257 0,000441
исполнив 2,167317 0,000611
использоваться 0,000000 0,000000
испросить 2,167317 0,000611
испугать 1,322219 0,000373
испытанное 2,167317 0,000611
истинный 1,264227 0,000356
историей 1,690196 0,000477
исторических 1,866287 0,000526
источник 0,000000 0,000000
истязания 1,565257 0,000441
исхода 1,389166 0,000392
исцеление 1,690196 0,000953
итак 0,805589 0,000227
ищущий 1,866287 0,000526
кавказе 1,690196 0,000477
кажется 0,118099 0,000166
казалось 0,316059 0,000267
какая 0,194189 0,000055
каким 0,194189 0,000219
каких 0,468347 0,000132
какого 0,347773 0,000196
какой 0,095435 0,000081
карамазовы 0,180546 0,000204
келье 1,125925 0,000952
кельи 1,322219 0,000373
келью 1,264227 0,000356
кипучей 1,866287 0,000526
кликуш 1,866287 0,000526
кликуша 2,167317 0,000611
книга 0,176091 0,000149
книги 0,000000 0,000000
когда 0,015029 0,000038
кого 0,222835 0,000126
козельской 2,167317 0,000611
комаров 0,000000 0,000000
комедия 1,468347 0,000414
компетентные 1,690196 0,000477
компетентным 1,866287 0,000526
компромисса 2,167317 0,000611
конец 0,495219 0,000279
конечно 0,060107 0,000085
константинополь 2,167317 0,000611
константинополя 2,167317 0,000611
конца 0,704919 0,000199
конце 0,611015 0,000172
кончил 0,587534 0,000331
кончились 1,468347 0,000414
кончилось 0,845098 0,000477
кончину 1,866287 0,000526
косые 1,690196 0,000477
которая 0,361137 0,000305
которое 0,426955 0,000120
которой 0,213075 0,000060
которому 0,468347 0,000132
которые 0,189594 0,000053
который 0,110412 0,000156
которых 0,426955 0,000241
красив 1,866287 0,000526
краснощекий 2,167317 0,000611
красные 1,322219 0,000373
краткую 1,690196 0,000477
кричали 0,991226 0,000279
кроме 0,158717 0,000045
кстати 0,468347 0,000132
куда 0,248239 0,000140
курса 1,690196 0,000953
легенда 1,468347 0,000414
легкомысленно 1,565257 0,000441
легкомысленной 1,866287 0,000526
легкомысленных 1,690196 0,000477
легчайшая 2,167317 0,000611
лежащим 1,690196 0,000477
лесу 1,264227 0,000356
летах 1,053374 0,000297
либерал 1,468347 0,000414
либо 0,000000 0,000000
литература 0,000000 0,000000
лица 0,322219 0,000091
лицах 1,389166 0,000392
лицо 0,114239 0,000129
лицом 0,000000 0,000000
личности 1,322219 0,000373
лишь 0,185046 0,000574
ловли 2,167317 0,000611
ловушка 2,167317 0,000611
лучи 1,468347 0,000414
лучше 0,162996 0,000046
любили 0,866287 0,000244
любит 0,389166 0,000110
любить 0,523865 0,000148
любопытные 1,565257 0,000441
любопытства 0,912045 0,000257
любопытство 0,866287 0,000244
любопытствующего 2,167317 0,000611
любым 0,000000 0,000000
любят 0,752344 0,000212
люди 0,269690 0,000152
мало 0,208276 0,000117
малое 1,213075 0,000342
малыми 1,468347 0,000414
мальчик 0,495219 0,000140
манкирую 2,167317 0,000611
мать 0,389166 0,000219
между 0,129891 0,000146
менее 0,635838 0,000359
меня 0,027438 0,000008
места 0,389166 0,000110
местам 1,866287 0,000526
место 0,334808 0,000094
месяца 0,477121 0,000135
мечтатель 2,167317 0,000611
мешают 2,167317 0,000611
мировым 1,866287 0,000526
мистицизму 1,866287 0,000526
миусов 1,088136 0,000614
миусова 1,264227 0,000356
младенчества 1,866287 0,000526
многие 0,468347 0,000792
многих 0,704919 0,000596
много 0,080958 0,000023
множестве 1,690196 0,000477
мной 0,237898 0,000134
могла 0,286504 0,000162
могли 0,374926 0,000211
могло 0,403889 0,000228
могу 0,171682 0,000097
могущих 2,167317 0,000611
моему 0,354404 0,000100
может 0,000000 0,000000
молвил 1,690196 0,000477
моливших 2,167317 0,000611
молил 1,468347 0,000414
молитву 1,213075 0,000684
молодой 0,381987 0,000108
молчал 0,565257 0,000159
молчали 1,088136 0,000307
молчалив 1,213075 0,000342
молчальник 1,866287 0,000526
момента 0,000000 0,000000
монастыре 0,936868 0,002905
монастырем 1,866287 0,000526
монастырь 0,720159 0,000406
монастырю 1,213075 0,000684
монастыря 0,912045 0,000771
монастырям 1,690196 0,000953
монастырях 1,690196 0,001906
монах 0,991226 0,000279
монахи 1,125925 0,000317
монахов 1,468347 0,000414
мощей 1,690196 0,000477
мощь 2,167317 0,000611
мрака 1,322219 0,000373
мрачное 1,167317 0,000329
мужиками 1,468347 0,000414
мужу 1,565257 0,000441
мучение 1,690196 0,000477
мученика 2,167317 0,000611
мученическую 2,167317 0,000611
мысль 0,264227 0,000074
надежде 1,264227 0,000356
надо 0,036984 0,000021
назад 0,000000 0,000000
название 0,000000 0,000000
назначен 1,565257 0,000441
назначенного 2,167317 0,001222
называемого 2,167317 0,000611
называют 1,125925 0,000317
найдет 1,389166 0,000392
найти 0,000000 0,000000
накануне 0,662167 0,000187
наконец 0,073896 0,000083
наложенного 2,167317 0,000611
наложил 2,167317 0,000611
намерениями 1,866287 0,000526
написано 0,000000 0,000000
например 0,298086 0,000336
напротив 0,180546 0,000153
народ 0,735954 0,000207
народа 1,053374 0,000594
народе 1,264227 0,000356
нарочно 0,227798 0,000064
нарушил 2,167317 0,000611
насадилось 2,167317 0,000611
наследству 1,389166 0,000392
насмешек 1,565257 0,000441
наставления 1,866287 0,000526
настоящее 0,963197 0,000272
настоящему 0,991226 0,000279
наступит 1,389166 0,000392
натура 1,264227 0,000356
наука 0,000000 0,000000
науку 1,690196 0,000477
находились 1,264227 0,000356
наше 0,662167 0,000187
нашего 0,396465 0,000335
нашем 0,662167 0,000373
нашею 1,690196 0,000477
нашим 0,936868 0,000264
наших 0,690196 0,000584
нашли 0,805589 0,000227
небес 1,565257 0,000883
невозможной 1,565257 0,000441
невозможным 1,322219 0,000373
невыносимы 2,167317 0,000611
него 0,000000 0,000000
недавно 0,576253 0,000162
недавняя 1,866287 0,000526
недомолвок 2,167317 0,000611
недостойная 1,690196 0,000477
незнакомого 1,468347 0,000414
неизвестного 1,565257 0,000441
неизвестным 1,866287 0,000526
некоего 1,690196 0,000477
некоторое 0,486076 0,000137
некоторые 0,533849 0,000151
некоторым 0,690196 0,000195
нельзя 0,176091 0,000099
немедленного 1,565257 0,000441
немедленных 2,167317 0,000611
нему 0,080958 0,000160
ненавистники 2,167317 0,000611
необразованный 1,565257 0,000441
необыкновенно 0,805589 0,000227
необычайную 1,565257 0,000441
необычайный 1,468347 0,000414
неотразимым 2,167317 0,000611
непонятным 1,565257 0,000441
непостижимою 1,866287 0,000526
неправда 0,845098 0,000238
непременно 0,133894 0,000075
непременным 1,866287 0,000526
неразвит 2,167317 0,000611
неразрушимая 2,167317 0,000611
несколько 0,102859 0,000087
нескольку 1,264227 0,000356
неслыханное 1,565257 0,000441
несмотря 0,275223 0,000078
несогласия 2,167317 0,001222
несомненно 0,704919 0,000199
несправедливостью 2,167317 0,001222
нестройного 2,167317 0,000611
несходнее 2,167317 0,000611
несчастию 1,264227 0,000356
неуместное 1,866287 0,000526
нечто 0,389166 0,000219
нибудь 0,030597 0,000095
низостью 1,468347 0,000414
никак 0,396465 0,000112
никакого 0,403889 0,000114
никогда 0,088136 0,000050
ними 0,275223 0,000388
нисколько 0,662167 0,000373
ничего 0,030597 0,000009
ничем 0,769377 0,000434
новшество 1,866287 0,000526
ноги 0,477121 0,000135
носил 0,991226 0,000279
нравилось 1,213075 0,000342
нравственного 1,213075 0,000342
нравственному 2,167317 0,000611
нужно 0,514105 0,000145
обвинениями 1,866287 0,000526
обедне 1,468347 0,000828
обер 2,167317 0,000611
обещал 1,088136 0,000307
обещанного 1,866287 0,000526
обещано 2,167317 0,000611
обидеться 1,468347 0,000414
обновления 1,690196 0,000477
ободрило 1,565257 0,000441
обоих 0,635838 0,000359
обострились 1,690196 0,000477
обоюдоострое 2,167317 0,000611
образовании 2,167317 0,000611
образом 0,347773 0,000196
обратиться 1,213075 0,000342
обратно 0,675956 0,000381
обращалось 1,866287 0,000526
обрекающий 2,167317 0,000611
обрести 2,167317 0,000611
обхождении 2,167317 0,000611
общественное 0,000000 0,000000
объявил 0,599116 0,000169
объяснил 0,752344 0,000212
обыкновенное 1,389166 0,000392
обыкновенным 1,565257 0,000441
обязанности 1,125925 0,000317
овалом 2,167317 0,000611
овладеть 1,690196 0,000477
оглашенные 2,167317 0,000611
огромное 1,322219 0,000373
одарено 2,167317 0,000611
один 0,046743 0,000066
одна 0,185046 0,000052
однажды 0,635838 0,000179
однако 0,102859 0,000058
одним 0,286504 0,000081
одного 0,150284 0,000042
одной 0,243038 0,000069
ожидавших 1,690196 0,000477
ожидали 1,021189 0,000288
окончательного 1,565257 0,000441
окружала 2,167317 0,000611
оптиной 2,167317 0,000611
опубликовано 0,000000 0,000000
опять 0,027438 0,000008
орудие 2,167317 0,001222
оскорбительных 2,167317 0,000611
оскорблений 1,866287 0,000526
особенно 0,129891 0,000220
особенности 1,389166 0,000783
особенным 0,912045 0,000257
особым 1,213075 0,000342
оставить 0,690196 0,000195
остальные 0,704919 0,000199
ответил 0,237898 0,000134
отдаете 1,866287 0,000526
отдать 0,752344 0,000212
отдельно 1,322219 0,000373
отец 0,316059 0,000089
отечеству 1,866287 0,000526
отзывался 1,690196 0,000477
отзывы 2,167317 0,000611
отказывавшего 2,167317 0,000611
откровений 2,167317 0,000611
отличаться 2,167317 0,000611
отлично 0,805589 0,000227
отношения 1,021189 0,000288
отпускал 1,690196 0,000477
отрешаетесь 2,167317 0,000611
отца 0,222835 0,000126
отцом 0,599116 0,000507
отчасти 0,611015 0,000172
офицером 1,468347 0,000414
оформление 0,000000 0,000000
очень 0,024303 0,000048
павлович 0,419129 0,000118
павловича 0,451314 0,000127
павловичем 0,866287 0,000244
падая 1,690196 0,000477
паисием 1,866287 0,000526
пасть 1,565257 0,000441
патриарх 2,167317 0,000611
патриарху 2,167317 0,000611
первая 0,419129 0,000473
первого 0,411442 0,000116
первый 0,248239 0,000140
первых 0,367977 0,000104
передал 0,690196 0,000195
перейдет 1,690196 0,000477
перерождения 2,167317 0,000611
перерыва 1,866287 0,000526
перестал 0,675956 0,000191
перешло 0,000000 0,000000
петр 0,936868 0,000264
письмецо 1,322219 0,000373
письмом 1,167317 0,000329
плакали 1,389166 0,000392
пламенный 2,167317 0,000611
плачут 1,565257 0,000441
плачущими 1,866287 0,000526
победить 1,322219 0,000373
повелел 1,866287 0,000526
повергались 1,690196 0,000477
повергаются 2,167317 0,000611
повергаясь 2,167317 0,000611
поверит 1,125925 0,000952
поверить 0,824895 0,000233
поверхностном 2,167317 0,000611
поверю 1,565257 0,000441
повторю 1,322219 0,000373
повторяю 0,648803 0,000183
погребение 1,690196 0,000477
подал 0,752344 0,000212
подборка 0,000000 0,000000
подвергалось 2,167317 0,000611
подвига 1,389166 0,001175
подвиги 1,322219 0,000373
подвигов 1,866287 0,001052
подвигу 1,866287 0,000526
подвижников 2,167317 0,000611
подвизающихся 2,167317 0,000611
подводили 1,690196 0,000477
подгородном 1,866287 0,001052
подействовала 1,866287 0,000526
подействовали 1,866287 0,000526
подметил 1,866287 0,000526
подойти 1,389166 0,000392
подробности 0,648803 0,000183
подросток 1,866287 0,000526
подрясник 1,565257 0,000441
подумает 1,468347 0,000414
подумал 0,334808 0,000189
пожалуй 0,237898 0,000134
пожертвовать 1,468347 0,000828
поземельной 2,167317 0,000611
позже 1,389166 0,000392
пока 0,213075 0,000060
покидавшего 2,167317 0,000611
поклонение 2,167317 0,000611
поклониться 1,690196 0,000477
покончить 1,088136 0,000307
покорения 2,167317 0,000611
полное 0,845098 0,000238
полным 1,088136 0,000307
половинного 2,167317 0,000611
полюбил 0,888564 0,000251
полюбовно 2,167317 0,000611
помалу 0,675956 0,000191
помещиков 1,264227 0,000356
помирал 2,167317 0,000611
понимал 0,554533 0,000469
понимают 1,053374 0,000297
попробую 2,167317 0,000611
поражало 1,264227 0,000356
пораженный 0,888564 0,000251
поразил 0,912045 0,000257
поразила 0,963197 0,000272
поразился 1,866287 0,000526
порешил 1,322219 0,000373
посетителей 0,000000 0,000000
посетители 0,000000 0,000000
посетителя 1,468347 0,000414
посетителям 1,866287 0,000526
после 0,084532 0,000071
последнего 0,635838 0,000179
последнее 0,486076 0,000685
последним 1,053374 0,000297
послушание 1,468347 0,002070
послушания 1,690196 0,001430
послушать 1,690196 0,000477
послушник 1,389166 0,000392
послушником 1,866287 0,000526
послушнику 1,866287 0,000526
посмертно 0,000000 0,000000
посмотреть 0,704919 0,000397
поспешил 0,845098 0,000238
посредничеству 2,167317 0,000611
поставил 0,845098 0,000238
поставленные 1,690196 0,000477
постник 1,565257 0,000441
потехи 2,167317 0,000611
потом 0,084532 0,000024
потому 0,024303 0,000027
потребности 1,264227 0,000356
почему 0,099131 0,000084
почившего 1,565257 0,000441
почивши 2,167317 0,000611
почти 0,024303 0,000089
пошел 0,275223 0,000078
появились 1,389166 0,000392
правах 1,690196 0,000477
правда 0,162996 0,000138
правде 0,991226 0,000279
правду 0,443041 0,000250
правды 0,963197 0,000543
правильным 2,167317 0,000611
православном 1,866287 0,000526
практики 1,866287 0,000526
пред 0,033778 0,000086
преданий 2,167317 0,000611
предвидя 1,866287 0,000526
предлог 1,565257 0,000441
предлогом 1,264227 0,000356
предложил 0,888564 0,000251
представила 1,565257 0,000441
представлялось 1,264227 0,000356
предупредительнее 2,167317 0,000611
предупредить 1,167317 0,000329
преемничество 2,167317 0,000611
прежде 0,077412 0,000044
прежнему 0,587534 0,000166
прежних 0,991226 0,000279
презрением 0,866287 0,000244
презрения 0,963197 0,000272
преимуществу 1,468347 0,000414
пререкающихся 2,167317 0,000611
пресеклись 2,167317 0,000611
претерпеть 2,167317 0,000611
прибавьте 1,389166 0,000392
прибегая 2,167317 0,000611
прибыть 1,389166 0,000392
приведет 1,565257 0,000441
привязаны 2,167317 0,000611
привязывается 2,167317 0,000611
придумать 1,389166 0,000392
придут 1,125925 0,000317
приедут 1,690196 0,000477
приезд 1,322219 0,000373
приехал 0,554533 0,000313
прижизненно 0,000000 0,000000
призванный 2,167317 0,000611
признается 1,565257 0,000441
приличнее 1,264227 0,000356
примирительное 2,167317 0,000611
принимает 0,912045 0,000257
принимаю 1,021189 0,000288
принял 0,565257 0,000478
принять 0,523865 0,000148
приобрел 1,264227 0,000356
припадков 1,468347 0,000414
приписал 1,866287 0,000526
припомнить 0,963197 0,000272
природе 1,125925 0,000317
пристанище 2,167317 0,000611
приходившего 2,167317 0,000611
приходивших 1,565257 0,000883
причем 0,912045 0,000257
причина 1,125925 0,000317
пришедшего 1,866287 0,000526
пришел 0,322219 0,000182
проглочу 1,866287 0,000526
программирование 0,000000 0,000000
продолжались 1,866287 0,000526
проживавший 1,690196 0,000477
прожили 1,565257 0,000441
прозорливость 2,167317 0,000611
произведение 0,000000 0,000000
произведений 0,000000 0,000000
произведения 0,000000 0,000000
произвел 1,088136 0,000307
производится 2,167317 0,000611
произносил 1,690196 0,000477
происходил 1,690196 0,000477
происходило 0,845098 0,000238
промолчал 1,167317 0,000329
проникновением 1,866287 0,000526
прославился 1,866287 0,000526
просто 0,232819 0,000131
простого 1,213075 0,000342
простодушным 1,690196 0,000477
простолюдина 1,690196 0,000477
простолюдины 2,167317 0,000611
противники 1,690196 0,000477
противоположность 1,322219 0,000373
противоположную 1,690196 0,000477
протягивала 1,690196 0,000477
протягивали 2,167317 0,000611
протягивающими 2,167317 0,000611
процвел 2,167317 0,000611
процвело 2,167317 0,000611
проч 0,662167 0,000373
прочими 1,264227 0,000356
прочитал 1,565257 0,000441
прошло 0,000000 0,000000
прошлого 1,088136 0,000307
прощен 1,866287 0,000526
прямо 0,118099 0,000033
прямому 2,167317 0,000611
публикации 0,000000 0,000000
пугал 1,322219 0,000373
пустыне 1,468347 0,000414
пышущий 2,167317 0,000611
пяти 0,662167 0,000187
пятидесятых 1,866287 0,000526
пять 0,275223 0,000078
рабочий 2,167317 0,000611
рабства 1,690196 0,000477
равно 0,303994 0,000171
равнодушие 1,866287 0,000526
радостными 1,866287 0,000526
развитая 2,167317 0,000611
разгорался 2,167317 0,000611
раздай 2,167317 0,000611
разнице 2,167317 0,000611
разом 0,389166 0,000110
разрешения 0,000000 0,000000
разрешил 1,866287 0,000526
разрешить 1,088136 0,000920
ранней 1,690196 0,000477
рассеянно 0,991226 0,000279
рассказу 1,322219 0,000373
рассказывают 1,690196 0,000477
расставленными 2,167317 0,000611
рассуждает 1,866287 0,000526
расчетам 1,866287 0,000526
рвавшейся 1,866287 0,000526
реализму 2,167317 0,000611
реалист 1,866287 0,001052
реалиста 2,167317 0,001222
реалисте 2,167317 0,000611
реалистом 2,167317 0,000611
резкие 1,866287 0,000526
речке 2,167317 0,000611
рискнуть 2,167317 0,000611
рода 0,866287 0,000244
родственниками 1,690196 0,000477
рождается 1,565257 0,000441
россии 0,623249 0,000703
россию 0,866287 0,000488
роста 0,936868 0,000264
рубки 2,167317 0,000611
рубля 1,213075 0,000684
руки 0,167317 0,000047
руси 1,264227 0,000713
русская 0,000000 0,000000
русским 1,213075 0,000684
русских 1,053374 0,000297
русского 0,936868 0,000264
рыбной 2,167317 0,000611
рядом 0,690196 0,000195
сайте 0,000000 0,000000
самая 0,599116 0,000338
самовластно 2,167317 0,000611
самого 0,118099 0,000100
самое 0,167317 0,000047
самой 0,258832 0,000219
самом 0,114239 0,000064
самому 0,426955 0,000241
самообладания 2,167317 0,000611
самоотрешением 2,167317 0,000611
самые 0,381987 0,000108
самый 0,198834 0,000112
сатанинской 1,866287 0,000526
сведения 1,021189 0,000288
светлым 2,167317 0,000611
светлыми 1,866287 0,000526
светским 1,565257 0,000441
свету 1,167317 0,000329
свидание 0,936868 0,000264
свидании 1,389166 0,000392
свободе 1,468347 0,000828
свободно 0,000000 0,000000
свободы 1,389166 0,000783
свое 0,150284 0,000085
своего 0,091770 0,000103
своей 0,066947 0,000132
своем 0,198834 0,000056
своему 0,367977 0,000104
свои 0,146128 0,000165
своим 0,208276 0,000176
своих 0,237898 0,000134
свой 0,189594 0,000107
свойством 1,866287 0,000526
свою 0,073896 0,000062
свысока 1,088136 0,000307
связавшим 2,167317 0,000611
связало 1,690196 0,000477
связан 1,565257 0,000441
связанным 2,167317 0,000611
связанных 1,866287 0,000526
связь 1,866287 0,000526
связью 1,866287 0,000526
свят 1,690196 0,000477
святого 0,991226 0,000838
святой 0,912045 0,001029
святому 1,866287 0,000526
святы 2,167317 0,000611
святым 1,468347 0,000414
святыню 1,565257 0,000883
святых 1,167317 0,000329
сговориться 1,565257 0,000883
сдержит 2,167317 0,000611
себе 0,033778 0,000095
себя 0,005949 0,000013
север 1,866287 0,000526
сегодня 0,000000 0,000000
сейчас 0,070407 0,000040
семейная 1,468347 0,000414
семейные 1,468347 0,000414
семейства 0,690196 0,000195
семидесяти 0,000000 0,000000
сердце 0,171682 0,000242
сердцем 0,675956 0,000191
сердцу 0,769377 0,000217
серыми 1,866287 0,000526
серьезно 0,419129 0,000236
сибирь 0,991226 0,000279
сила 0,936868 0,000264
силам 1,468347 0,000414
силах 0,623249 0,000176
силой 0,675956 0,000191
силу 0,866287 0,000733
силы 0,514105 0,000145
сильнее 0,866287 0,000977
сильнейшее 1,389166 0,000392
сильно 0,292256 0,000082
синае 2,167317 0,000611
сирии 2,167317 0,000611
сиял 1,565257 0,000441
скажут 0,963197 0,000543
сказал 0,099131 0,000112
сказано 0,662167 0,000187
сказать 0,073896 0,000104
скита 1,322219 0,000373
склоняют 2,167317 0,000611
скорее 0,514105 0,000435
скорого 1,866287 0,001052
скуки 1,468347 0,000414
слаб 1,213075 0,000342
слабости 1,389166 0,000392
слава 0,769377 0,000434
славных 2,167317 0,000611
славу 1,468347 0,000828
славы 1,322219 0,000373
слезами 0,554533 0,000156
слов 0,367977 0,000104
слова 0,129891 0,000037
словами 0,805589 0,000227
слово 0,232819 0,000066
служения 1,565257 0,000441
служил 1,021189 0,000288
случаев 1,468347 0,000414
случаях 0,599116 0,000169
случилось 0,403889 0,000114
смерть 0,805589 0,000227
смирения 1,468347 0,000414
смиренной 2,167317 0,000611
смотреть 0,477121 0,000135
смотрит 0,690196 0,000195
смут 2,167317 0,000611
смутился 0,963197 0,000272
смутят 2,167317 0,000611
смущал 1,690196 0,000477
смущало 1,468347 0,000414
смущением 1,866287 0,001052
сначала 0,434924 0,000245
сношений 1,690196 0,000477
собой 0,253503 0,000071
собою 0,347773 0,000196
собрание 0,000000 0,000000
собственным 0,963197 0,000272
совершен 1,690196 0,000477
совершенно 0,180546 0,000204
совершенной 1,322219 0,000373
совершенствованию 2,167317 0,000611
совершить 1,264227 0,000356
совершиться 1,213075 0,000342
совесть 0,805589 0,000227
совета 1,167317 0,000658
современного 1,565257 0,000441
современных 1,322219 0,000373
совсем 0,021189 0,000024
согласие 1,021189 0,000288
согласия 0,000000 0,000000
сознаний 2,167317 0,000611
сойтись 1,264227 0,000356
сокрушений 2,167317 0,000611
солнца 0,936868 0,000264
сомневался 1,264227 0,000356
сомнения 0,523865 0,000738
соображений 1,690196 0,000477
сообщить 0,635838 0,000179
сорвался 1,389166 0,000392
сороковых 1,866287 0,000526
сословия 1,690196 0,000477
составляли 1,389166 0,000392
составляло 1,389166 0,000392
состоялось 1,322219 0,000373
сохранилось 1,866287 0,000526
социализм 1,565257 0,000441
социалисты 1,565257 0,000441
сочинений 0,000000 0,000000
сошелся 1,213075 0,000342
спасался 1,866287 0,000526
специальные 1,866287 0,000526
сплошь 1,125925 0,000317
сподобился 2,167317 0,000611
спокойный 1,565257 0,000441
споре 1,866287 0,000526
споры 1,690196 0,000953
способность 1,565257 0,000441
сравнении 1,565257 0,000441
средне 1,866287 0,000526
стали 0,322219 0,000182
стало 0,091770 0,000026
станет 0,623249 0,000176
становилось 0,963197 0,000272
становился 0,824895 0,000233
старец 0,787106 0,003551
старца 0,735954 0,004150
старцам 2,167317 0,000611
старце 1,264227 0,000356
старцев 1,866287 0,002105
старцем 1,167317 0,001316
старцу 1,167317 0,001645
старцы 1,389166 0,001958
старчество 1,565257 0,002648
старших 1,565257 0,000441
статный 2,167317 0,000611
стекавшегося 2,167317 0,000611
стекались 2,167317 0,001222
стоит 0,316059 0,000178
столетия 1,264227 0,000356
столь 0,434924 0,000613
сторону 0,611015 0,000172
страдания 0,888564 0,000251
странным 0,752344 0,000212
страну 1,866287 0,000526
страстотерпец 2,167317 0,000611
страхе 0,991226 0,000279
страшную 1,125925 0,000317
стремится 1,389166 0,000392
строг 1,565257 0,000441
строен 2,167317 0,000611
строящейся 2,167317 0,000611
стыдился 1,167317 0,000329
существа 1,021189 0,000288
существовало 1,389166 0,000783
существовать 1,322219 0,000373
существует 0,866287 0,000244
существуют 1,389166 0,000783
сходились 1,468347 0,000414
сходка 2,167317 0,000611
сходке 2,167317 0,000611
сцены 1,167317 0,000329
счастливое 1,468347 0,000414
считали 1,167317 0,000329
считалось 2,167317 0,000611
съезд 2,167317 0,000611
таинство 1,866287 0,001052
тайна 0,963197 0,000272
тайнике 2,167317 0,000611
тайны 1,389166 0,000392
такая 0,309985 0,000087
также 0,000000 0,000000
таки 0,066947 0,000075
такие 0,232819 0,000066
таким 0,243038 0,000137
такими 0,690196 0,000195
таких 0,243038 0,000069
таковой 1,264227 0,000356
такое 0,114239 0,000097
такой 0,077412 0,000022
такую 0,334808 0,000094
татарщины 2,167317 0,000611
твердым 1,125925 0,000317
тебе 0,203530 0,000057
текст 0,000000 0,000000
тело 1,125925 0,000317
телом 1,053374 0,000297
темно 0,912045 0,000514
теоретическое 2,167317 0,000611
терзает 1,866287 0,000526
тесною 1,866287 0,000526
тихое 1,468347 0,000414
тобою 0,845098 0,000238
тогда 0,050046 0,000085
того 0,005949 0,000015
толпами 1,866287 0,000526
толпе 0,991226 0,000279
только 0,002964 0,000010
томах 0,000000 0,000000
тому 0,095435 0,000081
тонких 2,167317 0,000611
тонкую 1,866287 0,000526
торжеством 1,213075 0,000342
тотчас 0,046743 0,000013
точки 0,912045 0,000257
точно 0,121994 0,000069
требующий 2,167317 0,001833
тревожным 1,866287 0,000526
трепетал 1,213075 0,000342
третий 0,544068 0,000153
третье 1,125925 0,000317
трех 0,374926 0,000106
трудное 1,565257 0,000441
трудной 2,167317 0,000611
трудом 0,991226 0,000279
тысяч 0,451314 0,000127
тысячелетнее 2,167317 0,000611
тысячелетней 2,167317 0,000611
тысячу 0,769377 0,000217
тяжба 2,167317 0,000611
тяжелое 1,389166 0,000392
тяжелым 1,468347 0,000414
тяжущихся 2,167317 0,000611
тянулась 2,167317 0,000611
убежден 0,752344 0,000212
убеждение 0,824895 0,000233
убеждением 1,213075 0,000342
убитый 1,322219 0,000373
уважаемому 2,167317 0,000611
уважает 1,565257 0,000441
уважать 0,963197 0,000272
уважением 1,389166 0,000783
уверовав 1,690196 0,000477
уверовал 1,690196 0,000477
уверовать 2,167317 0,001222
увидел 0,648803 0,000183
увидит 1,053374 0,000297
увижу 1,213075 0,000342
угадывать 1,468347 0,000414
угодников 2,167317 0,000611
угодно 0,504560 0,000142
удержалось 2,167317 0,000611
удесятерить 2,167317 0,000611
удивлял 1,690196 0,000477
удлиненным 2,167317 0,000611
уединенную 1,866287 0,000526
ужасно 0,167317 0,000047
узнав 0,936868 0,000264
узнал 0,381987 0,000108
узнали 0,824895 0,000233
узнать 0,374926 0,000106
укорял 1,690196 0,000477
улучшение 1,866287 0,000526
улыбкой 0,468347 0,000132
умершим 0,000000 0,000000
умиления 1,088136 0,000307
умирает 1,053374 0,000297
унижается 2,167317 0,000611
униженных 2,167317 0,000611
установит 2,167317 0,000611
установление 1,866287 0,000526
устроиться 1,389166 0,000392
утверждают 1,322219 0,000746
утешения 1,322219 0,000373
ухватился 1,866287 0,000526
участи 1,468347 0,000414
участие 0,888564 0,000501
участия 1,468347 0,000414
учение 1,690196 0,000477
учениками 2,167317 0,000611
ученого 1,690196 0,000953
учителя 1,389166 0,000392
ушел 0,599116 0,000338
факт 0,675956 0,000381
фактом 2,167317 0,000611
фальшивый 2,167317 0,000611
фанатизму 2,167317 0,000611
фанатически 2,167317 0,000611
федор 0,000000 0,000000
федора 0,554533 0,000156
федорович 0,253503 0,000214
федоровича 0,426955 0,000120
федоровичем 0,704919 0,000397
федором 1,021189 0,000288
фома 1,468347 0,000414
характернее 1,866287 0,000526
характеры 1,866287 0,000526
ходе 1,866287 0,000526
ходить 0,576253 0,000162
хоронила 2,167317 0,000611
хотел 0,158717 0,000045
хоть 0,060107 0,000068
хотя 0,050046 0,000127
хотят 0,735954 0,000207
хочешь 0,544068 0,000153
хочу 0,243038 0,000069
храма 1,565257 0,000441
хранитель 1,389166 0,000392
христианства 1,468347 0,000414
христово 1,690196 0,000477
царило 1,866287 0,000526
царство 1,690196 0,000477
целей 1,389166 0,000392
цели 0,662167 0,000187
целовали 1,690196 0,000953
целые 0,787106 0,000222
цепям 2,167317 0,000611
церкви 1,088136 0,000307
церковь 0,912045 0,000257
часа 0,000000 0,000000
часто 0,292256 0,000082
часть 0,002964 0,000002
чахлый 2,167317 0,000611
чего 0,040213 0,000045
человек 0,036984 0,000031
человека 0,154480 0,000044
человечек 1,167317 0,000329
через 0,258832 0,000073
честный 1,021189 0,000288
четвертого 1,389166 0,000392
числе 0,912045 0,000257
числилось 1,866287 0,000526
число 0,000000 0,000000
читаем 0,000000 0,000000
читал 0,735954 0,000207
читателей 1,468347 0,000414
читать 0,000000 0,000000
членов 1,322219 0,000373
чрез 0,275223 0,000155
чрезвычайное 0,735954 0,000415
чтобы 0,030597 0,000078
чувствам 1,389166 0,000392
чувством 0,704919 0,000199
чувствует 0,866287 0,000244
чувствую 0,787106 0,000222
чуда 1,565257 0,000441
чудес 1,565257 0,000441
чудеса 1,322219 0,001118
чудесную 2,167317 0,000611
чудо 1,053374 0,001188
чудотворных 2,167317 0,000611
чуду 1,690196 0,000477
чьего 0,000000 0,000000
шестидесяти 1,389166 0,000392
шесть 0,611015 0,000172
широко 1,167317 0,000329
школу 1,389166 0,000392
шутовской 1,866287 0,000526
шутя 1,690196 0,000477
щеки 1,125925 0,000317
экстазная 2,167317 0,000611
этим 0,189594 0,000107
этими 0,635838 0,000179
этих 0,213075 0,000120
этого 0,053374 0,000045
этой 0,118099 0,000067
этом 0,046743 0,000066
этот 0,011981 0,000027
юности 1,088136 0,000307
юностью 2,167317 0,000611
юноша 1,021189 0,000288
юношеское 2,167317 0,000611
юноши 1,322219 0,000373
явился 0,623249 0,000176
явленных 2,167317 0,000611
язык 1,167317 0,000329
яркую 1,866287 0,000526
