автор 0,000000 0,000000
автором 0,000000 0,000000
авторского 0,000000 0,000000
авторы 0,000000 0,000000
аглае 0,866287 0,000434
аглаей 1,053374 0,000176
аглаю 0,912045 0,000152
аглая 0,720159 0,001082
аделаида 0,845098 0,000564
аделаиду 1,322219 0,000221
аделаиды 1,021189 0,000170
административный 2,167317 0,000362
администратор 2,167317 0,000362
администрации 2,167317 0,000723
администрировал 2,167317 0,000362
аксиома 1,468347 0,000245
акционерной 2,167317 0,000362
александра 0,845098 0,001692
александре 1,468347 0,000490
александрой 1,866287 0,000311
александру 1,690196 0,000282
александры 1,565257 0,000522
алексей 0,000000 0,000000
алексея 0,000000 0,000000
америку 1,389166 0,000232
анонимное 1,866287 0,000311
анонимном 2,167317 0,000362
аплодируют 2,167317 0,000362
аргумент 1,866287 0,000311
ардалионович 0,805589 0,000134
артистические 2,167317 0,000362
афишованные 2,167317 0,000362
барышни 1,389166 0,000464
батюшка 0,675956 0,000113
беда 0,866287 0,000145
бедного 0,845098 0,000141
бедном 1,468347 0,000245
беду 1,389166 0,000232
беззащитнее 2,167317 0,000362
безо 0,599116 0,000300
безумная 1,167317 0,000195
берусь 1,866287 0,000623
бесенок 1,389166 0,000232
бесконечно 1,088136 0,000182
беспокойный 1,468347 0,000245
беспокойств 1,866287 0,000623
беспокойство 0,936868 0,000156
беспокойтесь 0,805589 0,000134
беспрерывно 0,623249 0,000416
бесспорно 1,021189 0,000341
бестолочь 1,866287 0,000311
библиотека 0,000000 0,000000
благонравием 2,167317 0,000723
благонравная 2,167317 0,000723
благонравно 1,690196 0,000282
благонравный 2,167317 0,000362
благоразумия 1,690196 0,000282
благородный 1,088136 0,000182
благословение 1,389166 0,000232
благословить 1,322219 0,000221
блаженства 1,866287 0,000311
бледный 0,888564 0,000297
близкой 2,167317 0,000362
богатый 1,468347 0,000245
боже 0,459747 0,000077
более 0,000000 0,000000
болезни 0,565257 0,000094
болеть 1,565257 0,000261
болтун 1,866287 0,000311
большая 0,936868 0,000156
больше 0,137934 0,000184
бомба 2,167317 0,000362
бородавка 1,866287 0,000311
бородавку 1,866287 0,000311
боялась 1,213075 0,000202
боялся 0,587534 0,000098
бросил 0,554533 0,000093
брошюр 2,167317 0,000362
будет 0,077412 0,000103
будешь 0,648803 0,000108
будто 0,099131 0,000132
будут 0,565257 0,000094
будучи 1,088136 0,000182
будьте 0,735954 0,000246
буквально 0,805589 0,000134
бурдовского 1,213075 0,000202
бывает 0,599116 0,000100
бывал 0,936868 0,000156
бывали 0,824895 0,000138
бывало 0,554533 0,000093
бывшая 1,264227 0,000211
была 0,046743 0,000101
были 0,099131 0,000182
было 0,000000 0,000000
быть 0,002964 0,000013
бьет 1,264227 0,000211
бьюсь 1,167317 0,000390
вагоны 1,866287 0,000311
важнее 1,213075 0,000202
важное 0,845098 0,000141
вами 0,232819 0,000039
варька 1,565257 0,000261
ваша 0,554533 0,000093
вашему 0,576253 0,000289
ваши 0,434924 0,000073
вашим 0,587534 0,000098
вашу 0,504560 0,000253
вверх 0,866287 0,000145
вдруг 0,005949 0,000008
ведь 0,043466 0,000102
везде 0,866287 0,000578
века 1,264227 0,000211
веку 1,690196 0,000564
велела 1,125925 0,000188
великолепные 1,690196 0,000282
величайшими 2,167317 0,000362
вера 0,769377 0,000128
верит 0,991226 0,000165
верится 1,690196 0,000564
верить 0,635838 0,000106
верно 0,523865 0,000087
верный 1,389166 0,000232
верьте 0,824895 0,000138
весело 0,648803 0,000108
веселый 1,167317 0,000195
весь 0,099131 0,000017
вечер 0,477121 0,000159
вечеру 0,936868 0,000156
вещей 0,936868 0,000938
вещи 0,735954 0,000368
вещь 0,720159 0,000240
взбаламутилось 2,167317 0,000362
взгляд 0,396465 0,000066
взгляда 0,662167 0,000111
взглянуть 0,912045 0,000152
взгрустнется 2,167317 0,000362
вздрогнув 1,866287 0,000311
вздумала 2,167317 0,000362
взошедшее 2,167317 0,000362
взошло 1,468347 0,000245
взяли 1,021189 0,000170
видала 1,213075 0,000202
видел 0,248239 0,000083
видела 0,888564 0,000148
видимому 0,648803 0,000108
видите 0,396465 0,000198
видом 0,389166 0,000130
видят 1,264227 0,000422
визиты 0,000000 0,000000
винить 1,468347 0,000245
виноват 0,523865 0,000175
виноватою 1,866287 0,000311
вкусе 1,690196 0,000282
влечению 1,690196 0,000282
влюблена 1,322219 0,000221
вместо 0,411442 0,000069
внимания 0,845098 0,000141
внимательна 2,167317 0,000362
водила 2,167317 0,000362
возбудил 1,468347 0,000245
возбуждает 2,167317 0,000362
возбуждении 1,088136 0,000182
возбужденном 1,468347 0,000245
возвели 2,167317 0,000362
возвращался 1,565257 0,000261
возил 1,690196 0,000282
возлагал 2,167317 0,000362
возможность 1,053374 0,000176
вознаграждения 0,000000 0,000000
возражал 1,468347 0,000490
возразил 1,322219 0,000662
возраст 1,322219 0,000221
войти 0,675956 0,000113
волнение 0,824895 0,000138
волос 1,565257 0,000522
волосы 0,991226 0,000165
вообще 0,459747 0,000230
вопрос 0,222835 0,000260
вопросами 1,264227 0,000211
воспламененный 2,167317 0,000362
восторг 0,888564 0,000297
восторге 0,824895 0,000138
впечатление 0,544068 0,000091
вполне 0,316059 0,000211
впору 1,866287 0,000311
вправду 0,888564 0,000148
впрочем 0,118099 0,000118
вредит 1,690196 0,000282
вредное 1,866287 0,000311
времен 1,264227 0,000211
время 0,043466 0,000080
всегда 0,129891 0,000195
всего 0,040213 0,000034
всем 0,070407 0,000129
всему 0,486076 0,000081
всех 0,060107 0,000140
вскипела 1,866287 0,000311
вскричал 0,292256 0,000098
вслух 0,533849 0,000178
вспомните 1,053374 0,000176
вспыхнуло 1,866287 0,000311
вставая 1,088136 0,000182
вставить 1,690196 0,000282
встали 1,167317 0,000195
встревожился 1,866287 0,000311
встретите 2,167317 0,000362
встретитесь 2,167317 0,000362
встречается 1,322219 0,000221
вступилась 2,167317 0,000362
всякий 0,514105 0,000086
всяких 0,991226 0,000165
всякого 0,514105 0,000257
всякой 0,635838 0,000106
вторых 0,720159 0,000240
втрое 1,565257 0,000261
вход 1,213075 0,000202
вчера 0,341243 0,000228
выводили 1,866287 0,000311
выговаривая 1,264227 0,000211
выговорил 0,824895 0,000138
выдержав 1,468347 0,000245
выдумал 0,888564 0,000148
выйдут 1,468347 0,000245
выкинула 2,167317 0,000362
выплаты 0,000000 0,000000
выпрыгивало 2,167317 0,000362
выражается 1,389166 0,000232
выражалась 1,468347 0,000245
выражаться 1,866287 0,000311
выразился 0,752344 0,000126
высказать 0,866287 0,000145
выскакивают 2,167317 0,000362
выслушал 0,805589 0,000134
выслушала 1,213075 0,000202
выслушали 1,389166 0,000232
выставить 1,088136 0,000182
выступил 1,565257 0,000261
высшей 0,544068 0,000091
выхода 1,088136 0,000182
выходило 0,991226 0,000165
выходки 1,167317 0,000195
выходок 2,167317 0,000362
выходят 1,468347 0,000245
выше 0,720159 0,000240
вышла 0,495219 0,000165
гаврила 0,824895 0,000138
гаврилу 1,213075 0,000202
генерал 0,554533 0,000278
генерала 0,662167 0,000111
генералов 1,565257 0,000261
генералом 0,991226 0,000331
генеральский 1,866287 0,000311
генеральству 2,167317 0,000362
гении 2,167317 0,000362
главнейшим 2,167317 0,000362
главного 1,213075 0,000202
главное 0,189594 0,000095
главным 1,468347 0,000245
гладко 2,167317 0,000362
глаз 0,554533 0,000093
глаза 0,129891 0,000065
глазах 0,459747 0,000077
гласности 1,690196 0,000282
глупее 1,468347 0,000245
глупою 1,565257 0,000261
гниют 2,167317 0,000362
говорил 0,095435 0,000096
говорила 0,587534 0,000392
говорили 0,374926 0,000313
говорит 0,189594 0,000095
говорится 1,468347 0,000245
говорить 0,162996 0,000136
говорю 0,203530 0,000102
говоря 0,434924 0,000145
говорят 0,309985 0,000207
гоголя 1,565257 0,000261
голова 0,787106 0,000131
голову 0,227798 0,000076
голос 0,533849 0,000089
гораздо 0,443041 0,000222
гордиться 1,690196 0,000282
гордо 1,053374 0,000176
горюет 2,167317 0,000362
горячится 2,167317 0,000362
горячке 1,167317 0,000195
горячо 0,544068 0,000091
господа 0,389166 0,000130
господи 0,451314 0,000452
государственной 1,866287 0,000311
государь 1,053374 0,000176
грех 0,888564 0,000148
грозно 0,888564 0,000297
грубияна 2,167317 0,000362
грубияну 2,167317 0,000362
грубого 1,565257 0,000261
грубому 1,690196 0,000282
грустит 2,167317 0,000362
грустная 1,565257 0,000261
грустно 0,735954 0,000123
гулять 1,088136 0,000182
гуманную 2,167317 0,000362
гумкал 2,167317 0,000362
давал 0,805589 0,000134
давать 1,213075 0,000202
давеча 0,232819 0,000078
давно 0,158717 0,000079
дает 0,845098 0,000141
даже 0,005949 0,000034
дайте 0,735954 0,000368
дальше 0,002964 0,000001
данные 0,000000 0,000000
дача 1,565257 0,000522
даче 1,053374 0,000176
дачу 1,389166 0,000232
дают 1,088136 0,000182
двадцать 0,411442 0,000069
двести 0,991226 0,000165
двумя 0,720159 0,000120
двух 0,264227 0,000044
девиц 1,167317 0,000195
девицы 1,021189 0,000341
девка 1,468347 0,000735
девках 2,167317 0,000362
девушка 0,805589 0,000134
девяносто 1,690196 0,000282
девять 1,088136 0,000363
действительно 0,106619 0,000107
действительным 1,866287 0,000311
делает 0,805589 0,000134
делала 1,468347 0,000245
делали 1,866287 0,000311
делают 1,389166 0,000232
деле 0,162996 0,000136
дело 0,063514 0,000021
делового 1,866287 0,000311
дельного 1,866287 0,000934
денег 0,309985 0,000052
день 0,162996 0,000082
деньги 0,280827 0,000047
деревьев 1,565257 0,000261
держала 1,322219 0,000221
десяти 0,704919 0,000235
десятков 1,866287 0,000311
детей 0,576253 0,000096
деятеля 2,167317 0,000362
дитя 0,912045 0,000304
дней 0,514105 0,000086
дном 2,167317 0,000362
дням 1,690196 0,000282
днях 1,125925 0,000188
добродетелям 2,167317 0,000362
добродетелями 1,690196 0,000282
доброму 1,468347 0,000245
довольном 2,167317 0,000362
довольстве 1,866287 0,000311
догадаться 1,088136 0,000182
докажу 1,322219 0,000221
доказать 0,936868 0,000313
докончил 1,264227 0,000211
долго 0,222835 0,000074
должен 0,258832 0,000086
должна 0,824895 0,000275
должно 0,286504 0,000096
должны 0,576253 0,000096
долой 1,213075 0,000202
дома 0,298086 0,000149
доме 0,322219 0,000054
допустить 0,912045 0,000152
дорогах 2,167317 0,000362
дороге 0,611015 0,000102
дороги 0,704919 0,000118
дорогу 0,599116 0,000100
досадить 2,167317 0,000362
досадой 0,991226 0,000165
дослушал 2,167317 0,000362
достается 2,167317 0,000362
достигал 2,167317 0,000362
достоевский 0,000000 0,000000
достоинством 0,866287 0,000145
достояние 0,000000 0,000000
дофамусовские 2,167317 0,000362
доходило 1,690196 0,000282
дочерей 1,021189 0,000511
дочери 0,787106 0,000263
дочки 1,565257 0,000261
дочь 0,587534 0,000196
дошел 0,787106 0,000131
дошло 1,021189 0,000170
друг 0,269690 0,000045
другие 0,389166 0,000065
другими 0,991226 0,000165
других 0,459747 0,000307
другой 0,146128 0,000024
дрянной 1,468347 0,000245
думает 0,824895 0,000138
думаете 0,504560 0,000168
думал 0,258832 0,000043
думала 0,720159 0,000120
думают 1,213075 0,000202
дура 1,088136 0,000726
дураками 1,866287 0,000311
дураки 1,167317 0,000195
дураком 1,565257 0,000261
дурами 2,167317 0,000362
дурачит 1,866287 0,000311
духа 0,787106 0,000131
душу 0,451314 0,000075
евгений 0,866287 0,002891
евгения 0,963197 0,000321
единица 2,167317 0,000362
ездил 0,866287 0,000289
елагин 2,167317 0,000723
епанчины 1,167317 0,000195
епанчиных 0,936868 0,000625
если 0,011981 0,000040
естественно 0,888564 0,000297
есть 0,018098 0,000066
жалует 1,866287 0,000311
жалуются 1,866287 0,000623
жаром 0,587534 0,000196
ждут 0,936868 0,000156
железных 1,322219 0,000221
желчные 2,167317 0,000362
жемчуги 2,167317 0,000362
женихов 1,690196 0,000282
женский 1,053374 0,000176
жест 1,468347 0,000245
жизни 0,222835 0,000074
жизнь 0,162996 0,000027
заболеет 1,690196 0,000282
заботливость 1,866287 0,000311
забыв 0,991226 0,000331
завладел 2,167317 0,000362
заводить 2,167317 0,000362
завтра 0,298086 0,000050
завязавшегося 2,167317 0,000362
завязался 1,690196 0,000282
загадки 1,213075 0,000202
загадывает 1,690196 0,000282
заговорил 0,599116 0,000100
заговорили 1,167317 0,000779
заговорит 1,167317 0,000195
заграничные 1,866287 0,000311
задавала 1,690196 0,000282
задирания 2,167317 0,000362
задыхался 0,912045 0,000152
зазимовал 2,167317 0,000362
заимствованное 2,167317 0,000362
заинтересовали 1,866287 0,000311
заинтересован 1,565257 0,000261
закачивая 2,167317 0,000723
заклад 0,845098 0,000282
закоренелый 1,866287 0,000311
замертвеет 2,167317 0,000362
заметил 0,154480 0,000103
заметила 0,787106 0,000131
заметили 0,611015 0,000306
заметить 0,635838 0,000106
заметьте 0,936868 0,000156
замечаете 1,690196 0,000282
замечание 1,088136 0,000182
замечательного 1,866287 0,000311
замечательных 2,167317 0,000723
замешаны 2,167317 0,001085
замирал 1,866287 0,000311
замолчала 1,690196 0,000282
замуж 0,735954 0,000123
замялся 1,565257 0,000261
заплакал 0,866287 0,000145
заслуживал 2,167317 0,000362
засмеялась 0,866287 0,000145
засмеялись 1,213075 0,000405
заснул 0,963197 0,000161
зато 0,468347 0,000078
затруднительных 2,167317 0,000362
захватывающем 2,167317 0,000362
захотите 1,389166 0,000232
захохотали 1,690196 0,000282
захочет 0,888564 0,000148
зачем 0,146128 0,000146
защита 1,690196 0,000282
защитник 1,125925 0,000188
защитника 1,125925 0,000188
защитников 1,866287 0,000311
заявляя 2,167317 0,000362
звал 1,213075 0,000202
звания 1,468347 0,000245
здесь 0,095435 0,000080
здешние 1,565257 0,000261
земле 0,648803 0,000108
злая 1,322219 0,001765
злоба 1,322219 0,000221
злости 1,053374 0,000352
злючка 1,866287 0,000311
знает 0,171682 0,000057
знаете 0,286504 0,000048
знакомом 2,167317 0,000362
знакомые 1,322219 0,000221
знакомый 0,936868 0,000156
знал 0,114239 0,000019
знала 0,635838 0,000106
знали 0,426955 0,000071
знаменательное 2,167317 0,000362
знания 1,565257 0,000261
знаю 0,095435 0,000032
золоте 1,866287 0,000311
зубам 2,167317 0,000362
зубок 1,690196 0,000282
иван 0,303994 0,000558
ивана 0,504560 0,000337
ивановича 1,213075 0,000202
ивановна 0,486076 0,000487
ивановне 0,720159 0,000240
ивановны 0,554533 0,000093
ивану 0,623249 0,000416
иволгин 0,991226 0,000165
иволгина 1,213075 0,000202
идеал 1,213075 0,000202
идеалом 1,690196 0,000282
идеи 0,866287 0,000145
идей 1,213075 0,000607
идет 0,514105 0,000172
идиот 0,443041 0,000370
идиотишка 2,167317 0,000362
идолом 2,167317 0,000362
идти 0,434924 0,000145
избалованная 1,690196 0,000282
известное 1,468347 0,000245
известную 1,690196 0,000282
известный 1,053374 0,000176
извещает 2,167317 0,000362
извините 0,735954 0,000246
извращение 2,167317 0,000723
извращения 2,167317 0,000362
изгнали 2,167317 0,000362
измениться 1,468347 0,000245
измучить 1,866287 0,000311
износилась 2,167317 0,000362
изобретатели 2,167317 0,000362
изящно 1,468347 0,000245
имеет 0,623249 0,000104
имел 0,347773 0,000058
имели 1,088136 0,000363
именно 0,066947 0,000045
имею 0,565257 0,000094
иначе 0,367977 0,000123
инициативе 2,167317 0,000362
инициативой 2,167317 0,000362
инициативы 2,167317 0,000362
иногда 0,208276 0,000278
иной 0,587534 0,000098
интересовавшее 2,167317 0,000362
иные 0,599116 0,000100
ипполит 0,675956 0,000226
иронический 2,167317 0,000362
искажение 1,866287 0,000623
искренние 1,468347 0,000245
искренно 0,523865 0,000087
использоваться 0,000000 0,000000
испугается 2,167317 0,000362
истерике 0,991226 0,000165
истерически 1,125925 0,000188
истинную 1,389166 0,000232
истории 0,752344 0,000126
историю 0,845098 0,000141
источник 0,000000 0,000000
итак 0,805589 0,000134
каждая 1,213075 0,000405
каждому 0,912045 0,000152
каждый 0,367977 0,000061
кажется 0,118099 0,000315
казалось 0,316059 0,000211
казаться 1,468347 0,000245
какая 0,194189 0,000097
какие 0,232819 0,000039
каким 0,194189 0,000097
каких 0,468347 0,000078
каково 0,991226 0,000165
какого 0,347773 0,000058
какое 0,227798 0,000038
какой 0,095435 0,000080
каком 0,381987 0,000064
какою 0,599116 0,000200
какую 0,419129 0,000070
капельку 0,963197 0,000161
капризу 1,866287 0,000311
карьере 1,866287 0,000311
касается 0,769377 0,000128
касаются 2,167317 0,000362
касты 2,167317 0,000362
катятся 2,167317 0,000362
качества 1,389166 0,000232
качество 2,167317 0,000723
качеством 1,389166 0,000232
кашляет 1,690196 0,000282
клеветали 2,167317 0,000362
клянусь 0,635838 0,000106
книг 1,213075 0,000202
книги 0,000000 0,000000
князе 1,167317 0,000195
князишка 1,866287 0,000311
князишке 2,167317 0,000362
князь 0,477121 0,003344
князю 0,504560 0,000253
князя 0,468347 0,000782
когда 0,015029 0,000020
кого 0,222835 0,000074
коленках 1,213075 0,000405
коленях 0,912045 0,000152
коля 0,565257 0,000472
комаров 0,000000 0,000000
комбинации 2,167317 0,000362
комнате 0,389166 0,000065
компанейской 2,167317 0,000362
компании 0,845098 0,000141
конечно 0,060107 0,000050
консерватизм 2,167317 0,000362
консерватор 2,167317 0,000362
консерваторы 1,866287 0,000311
конце 0,611015 0,000510
концов 0,912045 0,000609
кончилось 0,845098 0,000141
кончим 1,264227 0,000211
копеек 1,125925 0,000188
корзинку 1,866287 0,000311
корпуса 2,167317 0,000362
космы 1,866287 0,000311
которая 0,361137 0,000060
которого 0,198834 0,000100
которое 0,426955 0,000071
которой 0,213075 0,000107
котором 0,347773 0,000174
которому 0,468347 0,000078
которую 0,292256 0,000098
которые 0,189594 0,000032
который 0,110412 0,000129
которых 0,426955 0,000143
кошка 1,690196 0,000282
крайней 0,298086 0,000298
красноречиво 1,389166 0,000696
красоте 1,167317 0,000195
крепостного 1,264227 0,000211
кривого 2,167317 0,000362
крикнул 0,381987 0,000127
критиком 2,167317 0,000362
критику 1,690196 0,000282
кроме 0,158717 0,000079
круглым 1,389166 0,000464
кругом 0,419129 0,000070
кстати 0,468347 0,000078
куда 0,248239 0,000041
купеческого 1,690196 0,000282
куриц 2,167317 0,000362
курица 1,468347 0,000735
курицы 1,866287 0,000311
ласкова 1,565257 0,000522
легче 0,787106 0,000394
лежала 1,021189 0,000170
либерал 1,468347 0,001470
либерала 2,167317 0,001085
либералами 2,167317 0,000362
либерализм 1,690196 0,001975
либерализма 2,167317 0,000723
либералов 2,167317 0,000362
либералы 1,690196 0,001128
либеральную 2,167317 0,000362
либо 0,000000 0,000000
лизавета 0,662167 0,002210
лизавете 0,963197 0,000161
лизаветой 1,264227 0,000211
лизавету 0,866287 0,000578
лизаветы 1,053374 0,000879
листьями 1,866287 0,000311
литература 0,000000 0,000000
литературе 1,866287 0,000934
литературную 2,167317 0,000362
литературным 1,690196 0,000282
лица 0,322219 0,000054
лице 0,403889 0,000067
лицо 0,114239 0,000019
лицом 0,000000 0,000000
личному 1,690196 0,000282
лишнего 1,389166 0,000232
ловит 1,565257 0,000261
ломбард 2,167317 0,000362
ломбарда 2,167317 0,000362
ломбарде 2,167317 0,000362
ломоносова 2,167317 0,000362
лучше 0,162996 0,000163
лучшего 1,213075 0,000202
лучшему 1,322219 0,000221
лучшею 2,167317 0,000362
лучшим 1,690196 0,000282
льва 1,125925 0,000188
любила 0,845098 0,000423
любовь 0,523865 0,000175
любопытный 1,264227 0,000211
любопытства 0,912045 0,000152
любым 0,000000 0,000000
любя 1,213075 0,000202
любящая 1,690196 0,000282
людей 0,298086 0,000298
люди 0,269690 0,000180
людях 1,213075 0,000202
мало 0,208276 0,000104
мальчик 0,495219 0,000083
мальчишками 1,866287 0,000311
мамаша 1,021189 0,000170
мамашу 1,389166 0,000232
манеру 2,167317 0,000362
манеры 1,565257 0,000261
мастер 1,322219 0,000221
матери 0,451314 0,000226
материала 2,167317 0,000362
материнские 1,866287 0,000311
материнского 1,866287 0,000311
матерью 0,787106 0,000131
мать 0,389166 0,000325
мгновение 0,396465 0,000066
мгновениями 1,322219 0,000221
между 0,129891 0,000087
мельком 0,912045 0,000152
мемуаров 2,167317 0,000362
мемуары 1,866287 0,000311
менее 0,635838 0,000212
меньше 0,787106 0,000263
меня 0,027438 0,000023
мере 0,269690 0,000270
мест 1,088136 0,000182
места 0,389166 0,000130
месте 0,286504 0,000048
месяц 0,451314 0,000151
месяца 0,477121 0,000159
мигом 0,504560 0,000084
миллиарды 2,167317 0,000362
миллионов 1,322219 0,000221
милому 1,690196 0,000282
милый 0,477121 0,000159
минуту 0,084532 0,000014
мире 0,704919 0,000118
мнение 0,690196 0,000115
мнению 0,845098 0,000141
мнительности 1,125925 0,000188
мнительным 2,167317 0,000362
многие 0,468347 0,000078
многим 0,912045 0,000152
много 0,080958 0,000081
могу 0,171682 0,000057
моей 0,280827 0,000047
моему 0,354404 0,000414
можем 1,053374 0,000176
может 0,000000 0,000000
можете 0,504560 0,000168
можно 0,088136 0,000074
мокрая 1,866287 0,000934
мокрые 2,167317 0,000362
молодежь 1,389166 0,000232
молоды 1,690196 0,000282
молодым 1,021189 0,000341
молодых 0,912045 0,000152
молчала 1,322219 0,000221
молчать 1,088136 0,000182
молчит 0,991226 0,000165
момента 0,000000 0,000000
монаха 1,468347 0,000245
мосту 1,866287 0,000311
мошенников 1,690196 0,000282
мужа 0,991226 0,000165
музыку 1,322219 0,000441
мучением 1,468347 0,000245
мучения 1,264227 0,000211
мучилась 1,690196 0,000564
мучило 1,125925 0,000188
мучить 0,888564 0,000148
мысль 0,264227 0,000176
мыслях 1,125925 0,000188
наблюдение 1,690196 0,000282
наверно 0,264227 0,000044
навести 1,389166 0,000232
наговорили 2,167317 0,000362
наделала 2,167317 0,000362
надо 0,036984 0,000037
надобно 0,866287 0,000145
наживателя 2,167317 0,000362
назад 0,000000 0,000000
название 0,000000 0,000000
названия 1,565257 0,000261
наиболее 1,125925 0,000188
наивная 2,167317 0,000362
наивности 1,322219 0,000221
наивность 1,468347 0,000245
найти 0,000000 0,000000
наклонен 1,389166 0,000232
наклонности 1,866287 0,000311
наконец 0,073896 0,000136
намерены 1,021189 0,000170
нападаю 2,167317 0,000723
нападение 2,167317 0,001085
написала 1,167317 0,000390
написана 1,389166 0,000232
написано 0,000000 0,000000
написать 1,167317 0,000390
напишет 1,690196 0,000282
напомнить 1,468347 0,000245
напрасно 0,805589 0,000403
например 0,298086 0,000249
напротив 0,180546 0,000030
напряжением 1,866287 0,000311
народ 0,735954 0,000123
народа 1,053374 0,000176
народе 1,264227 0,000211
народные 1,866287 0,000311
нарочно 0,227798 0,000038
насмешки 1,053374 0,000352
насмешливо 0,787106 0,000131
настоящему 0,991226 0,000165
настоящие 1,468347 0,000245
наступать 2,167317 0,000362
насчет 0,354404 0,000118
натащили 2,167317 0,000362
наука 0,000000 0,000000
находила 1,866287 0,000311
находились 1,264227 0,000211
находить 1,389166 0,000232
нации 1,866287 0,000311
национального 2,167317 0,000362
национальное 2,167317 0,001085
национальным 1,866287 0,000623
национальными 2,167317 0,000362
нация 1,866287 0,000311
начале 0,787106 0,000263
начали 0,735954 0,000123
начался 1,088136 0,000182
наше 0,662167 0,000221
нашего 0,396465 0,000066
наши 0,544068 0,000363
наших 0,690196 0,000346
небольшой 1,053374 0,000176
невесты 1,213075 0,000202
невинность 1,468347 0,000245
невинностью 1,866287 0,000311
невозможно 0,411442 0,000069
невозможных 2,167317 0,000723
невыносим 2,167317 0,000362
него 0,000000 0,000000
негодование 1,021189 0,000341
негодованием 0,787106 0,000131
недавно 0,576253 0,000289
недалекий 2,167317 0,000362
недоразумение 1,866287 0,000311
недостаток 1,690196 0,001128
недоумением 1,088136 0,000182
нежнее 1,468347 0,000245
нежно 1,167317 0,000195
незаимствованное 2,167317 0,000362
нейдут 1,690196 0,000282
некоторая 1,053374 0,000176
некоторое 0,486076 0,000081
некоторою 1,167317 0,000390
некоторыми 1,322219 0,000221
некоторых 0,824895 0,000138
нелегко 1,866287 0,000311
нелепый 1,866287 0,000311
неловкая 2,167317 0,000362
нельзя 0,176091 0,000088
немедленно 0,554533 0,000093
немедленного 1,565257 0,000261
немецкому 1,690196 0,000282
неминуемо 1,866287 0,000623
немного 0,426955 0,000071
немножко 1,021189 0,000170
нему 0,080958 0,000081
ненавидел 0,991226 0,000165
ненавидеть 1,264227 0,000211
ненавидит 1,322219 0,000441
ненависть 1,213075 0,000405
необходимая 2,167317 0,000362
необходимое 1,468347 0,000245
необходимых 1,565257 0,000261
необъяснимая 1,866287 0,000311
необъяснимым 1,866287 0,000311
необыкновенно 0,805589 0,000134
необыкновенной 1,389166 0,000232
необыкновенном 1,690196 0,000282
необыкновенною 0,912045 0,000152
необыкновенным 0,845098 0,000141
неожиданно 0,523865 0,000087
неосновательны 2,167317 0,000362
неосновательных 2,167317 0,000362
неотъемлемое 2,167317 0,000723
непонятном 2,167317 0,000362
непорядочно 1,866287 0,000311
непрактические 2,167317 0,000362
непременно 0,133894 0,000089
неприличен 2,167317 0,000362
неприлично 0,824895 0,000275
неприличною 2,167317 0,000362
нераскаянный 2,167317 0,000362
несколько 0,102859 0,000086
несмотря 0,275223 0,000046
несравненно 1,264227 0,000211
несчастию 1,264227 0,000211
несчастна 1,389166 0,000232
несчастный 0,824895 0,000275
нетерпеливого 2,167317 0,000362
неудачный 2,167317 0,000362
неужели 0,389166 0,000130
нехорошо 0,963197 0,000161
нехотя 1,389166 0,000232
нечто 0,389166 0,000325
нибудь 0,030597 0,000041
нигде 1,125925 0,000564
нигилистка 2,167317 0,000723
нигилистки 2,167317 0,000362
никак 0,396465 0,000132
никакого 0,403889 0,000135
никакой 0,635838 0,000424
никогда 0,088136 0,000044
николаевич 0,805589 0,000269
николаевича 1,389166 0,000232
николай 0,845098 0,000141
ними 0,275223 0,000138
ничего 0,030597 0,000031
ничем 0,769377 0,000128
ничтожное 2,167317 0,000362
ничтожную 2,167317 0,000362
новооткрытой 2,167317 0,000362
новооткрытых 2,167317 0,000362
новые 1,088136 0,000182
ногу 0,805589 0,000134
ножницы 1,866287 0,000311
носить 1,213075 0,000202
носу 1,468347 0,000245
ночам 1,125925 0,000188
ночи 0,675956 0,000113
нравится 0,991226 0,000165
нравственных 1,322219 0,000221
нынче 1,389166 0,000232
нянек 2,167317 0,000362
няньки 2,167317 0,000362
обвинение 1,053374 0,000176
обвиняла 1,866287 0,000311
обделалось 1,866287 0,000311
обдумываю 1,866287 0,000311
обещалась 1,565257 0,000261
обожаемому 2,167317 0,000362
обозвала 1,866287 0,000311
образом 0,347773 0,000058
образцу 2,167317 0,000362
обратились 1,322219 0,000221
обращались 1,565257 0,000261
обращался 1,088136 0,000182
обрезывать 2,167317 0,000723
обширнее 1,866287 0,000311
общего 1,167317 0,000195
общее 1,264227 0,000211
общепринятому 2,167317 0,000362
общества 0,787106 0,000131
обществе 0,675956 0,000226
общественное 0,000000 0,000000
общество 0,991226 0,000165
общий 1,167317 0,000584
общим 1,468347 0,000490
объяснение 0,845098 0,000141
объяснению 2,167317 0,000362
объяснено 1,866287 0,000311
объяснил 0,752344 0,000126
объяснить 0,623249 0,000208
обыкновению 0,936868 0,000156
обыкновенно 0,720159 0,000120
обыкновенного 1,468347 0,000245
обыкновенном 1,389166 0,000232
обыкновенных 1,167317 0,000195
обычаи 1,690196 0,000282
оглянуться 2,167317 0,000362
один 0,046743 0,000062
одна 0,185046 0,000124
однако 0,102859 0,000034
одни 0,459747 0,000077
одно 0,099131 0,000033
одного 0,150284 0,000125
одном 0,504560 0,000168
одному 0,334808 0,000168
одну 0,232819 0,000117
ожидал 0,675956 0,000113
ожиданием 1,690196 0,000282
ожидании 0,824895 0,000138
оказались 1,021189 0,000170
около 0,443041 0,000074
окружал 2,167317 0,000362
опасливо 1,264227 0,000211
опасный 1,468347 0,000245
оправдание 1,213075 0,000202
определяя 2,167317 0,000362
опубликовано 0,000000 0,000000
опять 0,027438 0,000046
оригиналы 2,167317 0,000362
оригинальное 1,565257 0,000261
оригинальности 1,866287 0,001246
оригинальный 1,565257 0,000261
осветило 1,866287 0,000311
особенная 1,389166 0,000464
особенно 0,129891 0,000043
особенною 1,264227 0,000211
особливое 1,690196 0,000282
остались 0,735954 0,000123
остальные 0,704919 0,000118
останется 0,704919 0,000118
остановила 1,322219 0,000441
острогах 2,167317 0,000362
остроумие 1,322219 0,000221
осуждать 1,690196 0,000282
ответ 0,533849 0,000089
ответа 0,720159 0,000240
ответе 1,322219 0,000221
ответил 0,237898 0,000079
ответов 1,866287 0,000311
ответственность 2,167317 0,000362
отвечали 1,213075 0,000202
отвлеченность 2,167317 0,000362
отдохнула 2,167317 0,000362
отечество 1,690196 0,000282
отечеству 1,866287 0,000623
откровеннее 1,690196 0,000282
откровенно 0,824895 0,000138
открыли 1,468347 0,000245
открытие 1,690196 0,000282
откуда 0,523865 0,000175
отличалась 1,690196 0,000282
отличались 1,690196 0,000282
отличалось 1,866287 0,000311
отлично 0,805589 0,000134
отложите 2,167317 0,000362
отмолила 2,167317 0,000362
отношениях 0,963197 0,000161
отправки 2,167317 0,000723
отправкой 2,167317 0,000362
отражалась 2,167317 0,000362
отрицает 1,866287 0,000311
отчасти 0,611015 0,000204
отчего 0,554533 0,000093
отъявленные 2,167317 0,000362
оформление 0,000000 0,000000
очень 0,024303 0,000073
ошибка 1,021189 0,000341
ошибочное 1,690196 0,000282
павлович 0,419129 0,000909
павловича 0,451314 0,000151
павлыч 1,053374 0,001231
память 0,936868 0,000156
парадокс 1,866287 0,000311
пароходной 2,167317 0,000362
пароходов 1,690196 0,000282
первую 0,805589 0,000134
первые 0,787106 0,000131
первым 0,769377 0,000128
первых 0,367977 0,000246
перебила 1,088136 0,000182
перевез 1,690196 0,000282
перевезли 1,866287 0,000311
переглянувшись 1,866287 0,000311
передан 1,866287 0,000311
передать 0,690196 0,000115
переехал 1,322219 0,000441
переехали 1,565257 0,000261
переехать 1,565257 0,000522
переменить 1,264227 0,000211
перессорилась 1,690196 0,000282
перестав 1,468347 0,000245
перестало 1,866287 0,000311
перестанемте 2,167317 0,000362
перешло 0,000000 0,000000
петербурга 0,866287 0,000145
писали 1,389166 0,000232
писателей 1,866287 0,000311
писать 0,912045 0,000152
письма 0,704919 0,000118
письме 0,912045 0,000304
письмо 0,544068 0,000454
пишут 1,053374 0,000176
плакала 0,866287 0,000145
плету 2,167317 0,000362
плеч 1,389166 0,000232
плечами 0,787106 0,000131
плодотворный 2,167317 0,000362
плохо 0,912045 0,000152
победительно 1,866287 0,000311
поверила 1,389166 0,000232
поводу 0,720159 0,000120
повторяться 2,167317 0,000362
повторяю 0,648803 0,000108
погибнуть 1,866287 0,000311
погодя 2,167317 0,000362
погорячился 1,690196 0,000282
подборка 0,000000 0,000000
подерется 2,167317 0,000362
поджигал 2,167317 0,000362
подозревали 1,468347 0,000245
подозревающая 2,167317 0,000362
подозрение 1,167317 0,000195
подозрением 1,866287 0,000311
подозрений 1,565257 0,000261
подолгу 1,389166 0,000232
подошла 1,053374 0,000176
подпасть 2,167317 0,000362
подсудимыми 2,167317 0,000362
подумал 0,334808 0,000112
подумала 1,167317 0,000195
подумать 0,704919 0,000235
подхватил 0,533849 0,000267
подходит 1,264227 0,000211
подымались 1,866287 0,000311
подымать 1,468347 0,000245
подымая 1,866287 0,000311
подымаясь 1,322219 0,000221
подымется 1,690196 0,000282
поезд 1,690196 0,000282
поехали 1,389166 0,000232
пожаловал 1,125925 0,000188
пожалуй 0,237898 0,000040
пожимал 1,565257 0,000261
позволите 1,213075 0,000202
позволь 1,125925 0,000188
позвольте 0,523865 0,000087
познакомиться 0,936868 0,000156
пойдемте 0,888564 0,000297
поймав 1,565257 0,000261
поймал 1,088136 0,000182
пойманного 2,167317 0,000362
поймать 1,389166 0,000232
пока 0,213075 0,000036
показала 1,021189 0,000341
показалось 0,495219 0,000083
показался 1,125925 0,000188
показывать 1,021189 0,000170
покамест 0,866287 0,000145
покойнее 2,167317 0,000362
поколению 1,866287 0,000311
поколения 1,866287 0,000311
покраснел 0,675956 0,000113
полгода 0,963197 0,000321
политических 1,565257 0,000261
полнейшем 1,690196 0,000282
полнейший 1,866287 0,000311
положении 0,704919 0,000118
положим 0,720159 0,000120
полу 0,735954 0,000123
получали 2,167317 0,000362
получил 0,635838 0,000106
получить 0,752344 0,000126
пользовались 2,167317 0,000362
полюбили 1,213075 0,000202
поля 1,389166 0,000232
помещик 1,053374 0,000176
помещика 1,565257 0,000261
помещиками 1,866287 0,000311
помещике 1,866287 0,000311
помещики 1,866287 0,000311
помещиков 1,264227 0,000422
помещиком 1,389166 0,000232
помещичьего 1,866287 0,000311
помещичьи 2,167317 0,001085
помилуйте 0,824895 0,000138
поминутно 0,635838 0,000743
помнишь 0,845098 0,000282
помрет 1,690196 0,000282
понадобилось 1,322219 0,000221
понимает 0,720159 0,000120
понимаете 0,866287 0,000289
понимал 0,554533 0,000093
понимала 1,213075 0,000202
понимать 0,690196 0,000115
понимая 0,787106 0,000131
понятие 1,053374 0,000176
понятий 1,565257 0,000522
понять 0,396465 0,000066
поприща 1,690196 0,000282
попробовал 1,264227 0,000211
популярным 2,167317 0,000362
портрет 1,088136 0,000182
порядки 1,690196 0,001128
порядок 1,389166 0,000232
порядочного 1,389166 0,000232
порядочной 1,866287 0,000311
порядочные 1,690196 0,000282
порядочный 1,264227 0,000211
посетителей 0,000000 0,000000
посетители 0,000000 0,000000
поскорее 0,486076 0,000081
после 0,084532 0,000056
последнее 0,486076 0,000162
последний 0,403889 0,000202
посмел 1,125925 0,000188
посмертно 0,000000 0,000000
посмотрел 0,459747 0,000077
посмотреть 0,704919 0,000118
посмотрим 1,322219 0,000221
посредственно 2,167317 0,000362
поставленной 1,866287 0,000311
постоянно 0,824895 0,000551
постоянным 2,167317 0,000362
поступил 0,991226 0,000165
поступили 1,468347 0,000245
поступок 0,912045 0,000152
потому 0,024303 0,000024
потупил 1,866287 0,000311
потянулась 2,167317 0,000362
похороны 1,565257 0,000261
поцеловал 0,866287 0,000145
поцелую 1,389166 0,000232
почему 0,099131 0,000149
почитали 1,690196 0,000282
почтением 2,167317 0,000362
почтенное 2,167317 0,000723
почтенным 1,389166 0,000232
почти 0,024303 0,000032
почтительна 1,866287 0,000311
пошел 0,275223 0,000046
пошло 1,088136 0,000182
появились 1,389166 0,000232
пояснительных 2,167317 0,000362
права 0,554533 0,000093
правда 0,162996 0,000082
правду 0,443041 0,000148
правило 1,468347 0,000245
правнукам 2,167317 0,000362
право 0,361137 0,000181
правы 1,021189 0,000170
практических 1,866287 0,000934
практического 2,167317 0,001809
пращуров 2,167317 0,000362
пред 0,033778 0,000023
предел 1,389166 0,000232
предположил 1,565257 0,000261
прежде 0,077412 0,000090
прежнего 0,824895 0,000138
прежнему 0,587534 0,000098
прежним 0,963197 0,000321
прежних 0,991226 0,000165
прекраснейшие 2,167317 0,000362
прекрасно 0,735954 0,000123
прекрасного 1,213075 0,000202
прекрасному 1,866287 0,000311
прекрасный 1,088136 0,000182
прелестный 1,690196 0,000282
прельстилась 1,866287 0,000311
пресерьезно 2,167317 0,000362
преступлений 1,866287 0,000934
преступления 0,963197 0,000161
преступник 1,053374 0,000176
преступника 1,021189 0,000170
преступниками 1,866287 0,000623
преступники 1,690196 0,000564
преувеличены 2,167317 0,000362
преувеличивала 2,167317 0,000362
прибавил 0,275223 0,000046
прибежала 1,213075 0,000202
приветлива 2,167317 0,000362
приговорах 2,167317 0,000362
придвинула 2,167317 0,000362
прижизненно 0,000000 0,000000
признавался 1,167317 0,000195
признает 1,322219 0,000221
признаком 1,389166 0,000232
признаюсь 0,769377 0,000128
прийти 0,662167 0,000111
приказчика 1,468347 0,000245
приличием 2,167317 0,000362
прилично 1,213075 0,000202
приличной 1,690196 0,000282
приличный 1,468347 0,000245
принадлежу 1,690196 0,000282
принимает 0,912045 0,000152
принимаете 1,167317 0,000195
принималась 1,565257 0,000261
принимали 1,213075 0,000202
принимать 0,936868 0,000156
принимаю 1,021189 0,000170
принимают 1,389166 0,000232
принят 1,213075 0,000202
принять 0,523865 0,000087
припевают 2,167317 0,000362
приписывать 1,866287 0,000311
припоминаю 1,264227 0,000211
прислуги 1,565257 0,000261
пристававшего 2,167317 0,000362
пристально 0,389166 0,000065
пристроена 2,167317 0,000362
присутственных 2,167317 0,000362
присутствовавших 1,866287 0,000311
присущее 2,167317 0,000362
присяжных 1,565257 0,000261
притащила 1,866287 0,000311
приход 1,866287 0,000311
прихода 1,213075 0,000202
приходилось 1,264227 0,000211
приходить 0,888564 0,000148
приходом 1,389166 0,000232
причину 1,468347 0,000245
причины 0,752344 0,000126
причитывают 2,167317 0,000362
пришел 0,322219 0,000054
пришелся 1,690196 0,000282
пробормотал 0,334808 0,000112
провалились 2,167317 0,000362
проглядывать 2,167317 0,000362
проговорил 0,154480 0,000052
проговорила 0,533849 0,000089
программирование 0,000000 0,000000
прогрессивную 2,167317 0,000362
прогулку 1,866287 0,000311
продолжал 0,292256 0,000195
продолжая 1,021189 0,000170
продолжение 0,912045 0,000152
проживет 1,389166 0,000232
произведение 0,000000 0,000000
произведений 0,000000 0,000000
произведения 0,000000 0,000000
произнес 0,361137 0,000060
произнесенные 2,167317 0,000362
произнесено 1,213075 0,000202
происхождения 1,565257 0,000261
пройти 0,991226 0,000165
проклятого 1,866287 0,000311
проклятое 1,866287 0,000311
проклятый 1,021189 0,000511
прокофьевна 0,752344 0,002511
прокофьевне 0,963197 0,000161
прокофьевной 1,322219 0,000221
прокофьевну 0,936868 0,000625
прокофьевны 1,088136 0,000908
проницал 2,167317 0,000362
проницательный 2,167317 0,000362
пропадет 1,468347 0,000245
пропала 1,322219 0,000221
просил 0,599116 0,000100
просит 0,866287 0,000145
проскользнул 1,565257 0,000261
прослужив 1,866287 0,000311
простить 0,824895 0,000138
просто 0,232819 0,000117
простой 1,088136 0,000363
простояли 1,565257 0,000261
протекцией 2,167317 0,000362
против 0,389166 0,000065
противоположного 1,468347 0,000245
процента 2,167317 0,000362
прошло 0,000000 0,000000
прощаю 1,389166 0,000232
прощение 1,468347 0,000245
прощения 0,690196 0,000230
прощу 1,264227 0,001055
проявлялись 2,167317 0,000362
прямо 0,118099 0,000039
публикации 0,000000 0,000000
пугалась 1,866287 0,000934
пугало 1,565257 0,000261
пугаться 1,866287 0,000311
пудов 1,866287 0,000311
пустейшие 2,167317 0,000362
пустой 1,264227 0,000422
пустотой 2,167317 0,000362
пусть 0,253503 0,000042
путанице 1,866287 0,000311
пушкина 1,322219 0,000221
пять 0,275223 0,000184
радовались 1,866287 0,000311
радовался 1,690196 0,000282
радость 0,805589 0,000134
радуйтесь 2,167317 0,000362
раза 0,426955 0,000071
разве 0,146128 0,000171
разведешь 2,167317 0,000362
разводя 1,866287 0,000311
разглядеть 1,021189 0,000170
разговор 0,434924 0,000290
разговора 0,805589 0,000134
разговором 1,690196 0,000564
разгорячилась 1,866287 0,000311
раздражать 1,468347 0,000245
разливавшегося 2,167317 0,000362
разливается 2,167317 0,000362
разница 1,213075 0,000405
разных 0,866287 0,000145
разрешения 0,000000 0,000000
разрумянились 2,167317 0,000362
разрыва 2,167317 0,000362
разрывалась 2,167317 0,000362
разумеется 0,328468 0,000219
разумное 1,866287 0,000311
раскаиваясь 1,690196 0,000282
раскаяния 1,322219 0,000221
раскусить 1,866287 0,000311
распадется 2,167317 0,000362
расплакалась 1,468347 0,000245
рассердилась 1,021189 0,000170
рассказа 0,845098 0,000141
рассказывает 1,468347 0,000245
рассказываете 1,690196 0,000282
рассказывают 1,690196 0,000282
рассмотреть 1,866287 0,000311
рассорится 2,167317 0,000362
рассудить 1,264227 0,000211
рассуждали 1,565257 0,000261
рассуждающие 2,167317 0,000362
рассчитываете 1,866287 0,000311
растолкаешь 2,167317 0,000362
растолкать 1,866287 0,000623
растут 1,565257 0,000261
ребенку 1,167317 0,000195
редко 0,690196 0,000115
резко 0,648803 0,000217
рекомендацией 2,167317 0,000723
рельсам 2,167317 0,000362
рельсов 1,866287 0,000934
речи 0,769377 0,000128
речь 0,704919 0,000118
решал 1,866287 0,000311
решений 2,167317 0,000362
решил 0,514105 0,000086
решительно 0,341243 0,000057
решительном 1,213075 0,000202
робеют 2,167317 0,000362
робко 0,787106 0,000131
робость 1,690196 0,000846
ровно 0,533849 0,000089
рода 0,866287 0,000145
роду 1,389166 0,000232
роскошная 2,167317 0,000362
россии 0,623249 0,000208
россию 0,866287 0,000434
руках 0,396465 0,000132
руки 0,167317 0,000084
руку 0,222835 0,000037
русская 0,000000 0,000000
русски 0,991226 0,000331
русские 1,088136 0,000545
русский 0,752344 0,001381
русским 1,213075 0,000202
русских 1,053374 0,000352
русского 0,936868 0,000782
русское 1,690196 0,000282
русском 1,389166 0,000232
русскую 1,213075 0,000202
рутинное 2,167317 0,000362
рыцаря 1,468347 0,000245
сайте 0,000000 0,000000
сама 0,208276 0,000139
сами 0,142011 0,000047
самими 1,690196 0,000282
самовольная 2,167317 0,000362
самовольный 2,167317 0,000362
самого 0,118099 0,000039
самое 0,167317 0,000112
самозабвения 1,866287 0,000311
самом 0,114239 0,000095
самому 0,426955 0,000143
самую 0,459747 0,000460
самые 0,381987 0,000255
самый 0,198834 0,000199
самым 0,280827 0,000375
самых 0,468347 0,000078
сбилась 1,866287 0,000311
сбирались 1,866287 0,000311
сборе 1,866287 0,000623
свадьбы 1,213075 0,000202
свете 0,426955 0,000285
светская 1,866287 0,000311
свободно 0,000000 0,000000
свое 0,150284 0,000201
своего 0,091770 0,000061
своей 0,066947 0,000011
своему 0,367977 0,000307
свои 0,146128 0,000098
своим 0,208276 0,000035
своими 0,495219 0,000083
своих 0,237898 0,000159
свой 0,189594 0,000095
свою 0,073896 0,000037
связей 1,565257 0,000522
связи 1,167317 0,000195
сделает 0,963197 0,000161
сделано 1,021189 0,000341
сделаться 1,264227 0,000422
сделаю 0,845098 0,000141
себе 0,033778 0,000034
себя 0,005949 0,000014
сегодня 0,000000 0,000000
сейчас 0,070407 0,000094
секреты 1,866287 0,000623
семейные 1,468347 0,000245
семействам 2,167317 0,000362
семействе 0,866287 0,000434
семейство 0,936868 0,000469
семидесяти 0,000000 0,000000
семилетнему 2,167317 0,000362
семинаристами 2,167317 0,000362
семинаристов 2,167317 0,000362
семинарские 2,167317 0,000362
семинарского 2,167317 0,000362
сердили 1,866287 0,000311
сердито 1,389166 0,000232
сердца 0,334808 0,000056
сердце 0,171682 0,000029
сердцу 0,769377 0,000385
серьезно 0,419129 0,000490
серьезного 1,866287 0,000311
серьезную 2,167317 0,000362
серьезные 1,389166 0,000232
серьезный 1,125925 0,000188
сестрам 1,866287 0,000311
сестрами 1,565257 0,000522
сидевшая 1,690196 0,000282
сидел 0,322219 0,000108
сидели 0,963197 0,000161
сидим 1,322219 0,000221
сидит 0,565257 0,000189
силах 0,623249 0,000104
сильною 1,565257 0,000261
симпатия 1,468347 0,000490
скажет 0,587534 0,000294
скажу 0,275223 0,000046
сказ 2,167317 0,000362
сказал 0,099131 0,000083
сказала 0,486076 0,000243
сказали 0,544068 0,000182
сказано 0,662167 0,000111
сказать 0,073896 0,000086
скверный 1,389166 0,000464
сквозь 0,936868 0,000313
сколько 0,280827 0,000234
сконфузимся 2,167317 0,000362
сконфузится 2,167317 0,000362
скопить 2,167317 0,000362
скоро 0,298086 0,000050
скромен 1,690196 0,000282
следует 0,936868 0,000156
слезы 0,554533 0,000185
слишком 0,133894 0,000134
слов 0,367977 0,000061
слова 0,129891 0,000108
словами 0,805589 0,000269
слово 0,232819 0,000039
словцо 1,125925 0,000188
слоев 2,167317 0,000362
служат 1,866287 0,000623
служащие 2,167317 0,000362
служащими 2,167317 0,000362
служащих 2,167317 0,000362
службе 1,053374 0,000176
служили 1,690196 0,000564
служить 1,053374 0,000176
случаем 1,389166 0,000232
случай 0,443041 0,000518
случайность 2,167317 0,000362
случайный 1,866287 0,000311
случались 1,468347 0,000245
случалось 0,824895 0,000138
случаях 0,599116 0,000100
случилось 0,403889 0,000135
слушал 0,576253 0,000289
слушала 1,213075 0,000202
слушали 1,021189 0,000170
слушать 0,735954 0,000123
слушаю 1,167317 0,000195
слышишь 0,866287 0,000289
смеетесь 1,021189 0,000511
смеется 0,611015 0,000102
смел 0,991226 0,000165
смели 1,468347 0,000735
смех 0,704919 0,000118
смешили 2,167317 0,000362
смешного 1,468347 0,000245
смешных 1,690196 0,000282
смешон 1,322219 0,000221
смеялись 0,752344 0,000126
смеялся 0,576253 0,000096
смеясь 0,787106 0,000131
смеяться 0,587534 0,000098
смотрел 0,298086 0,000099
смотрела 0,769377 0,000128
смотрели 0,769377 0,000128
смотреть 0,477121 0,000159
смотрит 0,690196 0,000576
смотритель 1,866287 0,000311
смотря 0,322219 0,000054
смотрят 1,125925 0,000188
смущали 1,690196 0,000282
смысл 0,991226 0,000165
смысле 0,752344 0,000126
смягчило 2,167317 0,000362
снегу 1,389166 0,000232
снежного 2,167317 0,000362
снов 1,468347 0,000490
сном 0,936868 0,000156
сносной 2,167317 0,000362
сношениях 1,690196 0,000282
собой 0,253503 0,000042
собрание 0,000000 0,000000
собственно 0,565257 0,000283
собственного 0,963197 0,000161
собственное 0,888564 0,000148
собственной 1,088136 0,000363
собственною 1,565257 0,000261
собственными 1,389166 0,000232
совершенно 0,180546 0,000211
совершенные 1,866287 0,000311
совести 0,690196 0,000115
советоваться 1,690196 0,000282
совсем 0,021189 0,000042
согласен 0,648803 0,000325
согласились 1,167317 0,000195
согласился 0,735954 0,000123
согласия 0,000000 0,000000
согласны 1,690196 0,000282
сознательно 1,389166 0,000232
сознательному 2,167317 0,000362
солнце 0,845098 0,000282
сомневающееся 2,167317 0,000362
сомнений 1,021189 0,000170
сомнения 0,523865 0,000437
соседнего 1,866287 0,000311
сословие 1,866287 0,000311
сословия 1,690196 0,000282
составить 1,468347 0,000245
составляли 1,389166 0,000232
составная 2,167317 0,000362
состоит 1,088136 0,000363
состоявшая 2,167317 0,000362
состояли 1,866287 0,000311
состоянием 1,264227 0,000211
состоянии 0,459747 0,000153
состоять 1,690196 0,000282
сострадательная 2,167317 0,000362
сотая 2,167317 0,000362
сотых 2,167317 0,000362
социалиста 1,866287 0,000311
социалистах 1,866287 0,000311
социалисты 1,565257 0,000522
сочинений 0,000000 0,000000
сошла 1,088136 0,000182
спала 1,213075 0,000202
спасался 1,866287 0,000311
спать 0,635838 0,000212
спит 1,125925 0,000188
спокойна 1,866287 0,000623
спокойного 1,565257 0,000261
спокойны 1,389166 0,000232
спокойным 1,088136 0,000182
спокон 1,866287 0,000934
спора 2,167317 0,000362
справедливо 0,805589 0,000269
спрашивала 1,088136 0,000182
спрашивали 0,963197 0,000161
среди 0,769377 0,000128
ссора 1,565257 0,000261
ссорилась 2,167317 0,000362
стала 0,544068 0,000454
стали 0,322219 0,000215
стало 0,091770 0,000184
станет 0,623249 0,000104
становилась 1,213075 0,000202
становится 0,991226 0,000165
становятся 1,690196 0,000282
старшей 1,468347 0,000245
стеклом 1,690196 0,000282
стене 1,053374 0,000176
стеной 1,565257 0,000261
стену 1,125925 0,000188
стены 0,963197 0,000161
степени 0,389166 0,000065
стоившее 2,167317 0,000362
стоит 0,316059 0,000053
столкновении 2,167317 0,000362
столкнулись 1,866287 0,000311
столом 0,735954 0,000246
столу 0,752344 0,000126
столько 0,477121 0,000159
сторон 0,735954 0,000246
стороне 0,805589 0,000134
сторону 0,611015 0,000102
стороны 0,185046 0,000031
стою 0,866287 0,000145
стоял 0,309985 0,000103
стояли 0,690196 0,000115
страдали 1,565257 0,000261
страдания 0,888564 0,000148
страница 2,167317 0,000362
странно 0,354404 0,000059
странной 1,322219 0,000221
странном 1,213075 0,000202
странную 1,322219 0,000221
странный 0,787106 0,000131
страсти 0,866287 0,000145
страха 0,824895 0,000138
страхе 0,991226 0,000165
страхом 0,912045 0,000152
страшнее 1,322219 0,000221
страшно 0,434924 0,000073
стыда 0,805589 0,000134
стыдиться 1,389166 0,000232
судах 1,866287 0,000311
судить 0,912045 0,000152
суждения 1,866287 0,000311
суждениях 2,167317 0,000362
сумму 0,912045 0,000152
существовать 1,322219 0,000441
существом 1,264227 0,000211
существующие 2,167317 0,000723
сущности 0,752344 0,000251
сущность 1,322219 0,000441
схватил 0,533849 0,000089
счастия 1,088136 0,000182
счастлив 0,963197 0,000161
счастья 0,888564 0,000148
считает 1,088136 0,000182
считается 1,389166 0,000232
считались 2,167317 0,000723
считался 1,866287 0,000934
считать 0,720159 0,000240
сюда 0,232819 0,000078
сюжет 1,690196 0,000282
такая 0,309985 0,000052
также 0,000000 0,000000
таки 0,066947 0,000112
такие 0,232819 0,000194
таким 0,243038 0,000081
таких 0,243038 0,000203
таков 0,787106 0,000131
такого 0,243038 0,000446
такое 0,114239 0,000076
такой 0,077412 0,000065
таком 0,309985 0,000052
такому 0,752344 0,000126
такую 0,334808 0,000056
талантливых 2,167317 0,000362
тащила 2,167317 0,000362
тащили 1,866287 0,000311
тварь 0,991226 0,000331
твердо 0,419129 0,000070
твоя 0,635838 0,000106
тебе 0,203530 0,000034
текст 0,000000 0,000000
тема 1,264227 0,000211
темного 1,690196 0,000282
темной 1,565257 0,000261
тему 0,963197 0,000161
теперешний 1,167317 0,000195
теперь 0,015029 0,000038
терраса 1,866287 0,000311
террасе 1,213075 0,000202
террасу 1,125925 0,000188
терялась 2,167317 0,000362
тиха 2,167317 0,000362
тихо 0,354404 0,000177
тобой 0,419129 0,000070
товарища 1,389166 0,000232
товаров 1,866287 0,000311
товару 1,690196 0,000282
тогда 0,050046 0,000075
того 0,005949 0,000012
тоже 0,043466 0,000073
толстая 1,389166 0,000232
только 0,002964 0,000017
томах 0,000000 0,000000
тому 0,095435 0,000096
тоном 0,866287 0,000145
торжеством 1,213075 0,000202
торжествуйте 2,167317 0,000362
тосковали 1,690196 0,000282
тотчас 0,046743 0,000016
точку 1,264227 0,000211
точно 0,121994 0,000122
точь 0,787106 0,000263
требовалось 1,565257 0,000261
тревог 1,468347 0,000245
тревожилась 2,167317 0,000362
тревожьте 2,167317 0,000362
третья 0,486076 0,000162
трех 0,374926 0,000063
тридцать 0,769377 0,000128
трое 0,824895 0,000138
троим 1,690196 0,000282
трудная 2,167317 0,000362
труднее 1,389166 0,000232
трудно 0,459747 0,000153
туготы 2,167317 0,000362
туда 0,495219 0,000083
тупой 1,866287 0,000311
тупость 2,167317 0,000362
тысячами 1,053374 0,000176
тысячи 0,426955 0,000071
тьфу 1,213075 0,000202
тяжелый 1,468347 0,000245
тяжелым 1,468347 0,000245
тянется 1,690196 0,000282
убедила 1,866287 0,000311
убедительнейшую 2,167317 0,000362
убеждении 1,264227 0,000211
убеждений 1,389166 0,000464
убеждению 1,690196 0,000282
убежденным 1,690196 0,000282
убившие 2,167317 0,000362
убийстве 1,213075 0,000202
убийца 0,991226 0,000165
убить 0,599116 0,000100
убранная 2,167317 0,000362
уважал 1,125925 0,000188
уважала 1,322219 0,000441
уважали 1,690196 0,000564
уважать 0,963197 0,000161
уважают 1,866287 0,000311
уважением 1,389166 0,000464
уважения 0,963197 0,000161
увеличились 2,167317 0,000362
уверены 0,805589 0,000269
уверяю 0,648803 0,000325
увидала 1,125925 0,000376
увидать 1,264227 0,000211
увлечением 1,468347 0,000245
углу 0,599116 0,000100
угодно 0,504560 0,000084
угол 0,735954 0,000123
угорелая 2,167317 0,000362
угреватого 2,167317 0,000362
удалось 0,824895 0,000413
удивлении 0,936868 0,000313
удивляетесь 1,468347 0,000245
удовольствием 0,704919 0,000118
удостоила 1,866287 0,000311
уедет 1,213075 0,000202
ужасная 1,088136 0,000182
ужаснее 1,389166 0,000232
ужасно 0,167317 0,000028
ужасном 1,053374 0,000176
ужасных 1,690196 0,000282
узнала 0,805589 0,000134
указать 1,125925 0,000188
укрепляться 2,167317 0,000362
улыбнулся 0,533849 0,000178
умел 0,866287 0,000145
умереть 0,936868 0,000313
умерла 0,963197 0,000161
умершим 0,000000 0,000000
умно 1,264227 0,000211
упования 1,866287 0,000311
упомянули 1,468347 0,000245
упомянуто 1,866287 0,000311
упорно 0,866287 0,000145
упорствовал 2,167317 0,000362
управляющих 1,866287 0,000311
упраздненного 2,167317 0,000362
уродика 2,167317 0,000362
усадила 1,389166 0,000232
усилий 1,468347 0,000245
услышит 1,322219 0,000221
усмехаться 1,690196 0,000282
усмехнулся 0,443041 0,000074
усмешки 1,565257 0,000261
усмешкой 0,963197 0,000161
успевала 2,167317 0,000362
успокаивалась 2,167317 0,000362
устранили 2,167317 0,000362
устроена 1,690196 0,000282
устроить 1,053374 0,000176
утверждал 1,389166 0,000232
утверждать 1,213075 0,000202
утверждаю 1,213075 0,000202
утешалась 2,167317 0,000362
утром 0,411442 0,000069
уходила 1,389166 0,000232
уходит 0,888564 0,000148
учения 1,866287 0,000311
учиться 1,468347 0,000245
ушли 1,021189 0,000170
факт 0,675956 0,000790
факта 1,264227 0,000211
факте 1,389166 0,000232
фамильного 2,167317 0,000362
федор 0,000000 0,000000
федорович 0,253503 0,000169
федоровича 0,426955 0,000214
федоровичу 0,599116 0,000400
федорыч 1,565257 0,001829
федорыча 1,866287 0,000311
формальная 2,167317 0,000362
характер 0,635838 0,000318
хвалила 2,167317 0,000362
хвалились 2,167317 0,000362
хвалимся 1,866287 0,000311
хвалить 1,565257 0,000261
хвастался 1,690196 0,000282
хватаясь 1,690196 0,000282
хижины 2,167317 0,000362
хмурилась 2,167317 0,000362
хмурился 1,690196 0,000282
ходите 1,468347 0,000245
ходить 0,576253 0,000096
холодный 1,322219 0,000221
хороша 0,963197 0,000321
хорошего 0,991226 0,000165
хорошие 1,322219 0,000221
хороший 0,963197 0,000161
хорошо 0,189594 0,000158
хотевшая 2,167317 0,000362
хотел 0,158717 0,000026
хотели 0,690196 0,000346
хотелось 0,381987 0,000127
хоть 0,060107 0,000120
хотя 0,050046 0,000075
хотят 0,735954 0,000123
хохотавшими 2,167317 0,000362
хохотала 1,468347 0,000245
хочется 0,704919 0,000118
цветами 1,389166 0,000232
цветочный 2,167317 0,000362
цели 0,662167 0,000111
целовала 1,468347 0,000245
целовать 0,845098 0,000141
целого 1,125925 0,000188
целые 0,787106 0,000131
целый 0,486076 0,000081
целым 1,167317 0,000195
цель 0,769377 0,000128
часа 0,000000 0,000000
часов 0,411442 0,000069
частный 1,866287 0,003115
часто 0,292256 0,000195
часть 0,002964 0,000002
чахоточный 1,565257 0,000261
чего 0,040213 0,000020
человек 0,036984 0,000086
человека 0,154480 0,000129
человеком 0,504560 0,000168
чердак 1,565257 0,000261
черные 1,213075 0,000202
черных 1,213075 0,000202
черта 0,845098 0,000141
честила 2,167317 0,000362
честный 1,021189 0,000170
честь 0,554533 0,000093
четыре 0,477121 0,000080
число 0,000000 0,000000
читаем 0,000000 0,000000
читать 0,000000 0,000000
члены 1,213075 0,000202
чрез 0,275223 0,000138
чрезвычайно 0,217927 0,000182
чрезвычайном 0,824895 0,000138
чрезвычайным 0,720159 0,000120
чтоб 0,073896 0,000025
чтобы 0,030597 0,000041
чувствовал 0,635838 0,000212
чудачка 1,565257 0,000261
чудачки 2,167317 0,000362
чудачкой 2,167317 0,000723
чудная 1,565257 0,000261
чуть 0,176091 0,000411
чьего 0,000000 0,000000
швейцарской 1,866287 0,000311
шероховато 2,167317 0,000362
шести 0,963197 0,000161
шесть 0,611015 0,000102
шитьем 1,866287 0,000311
школьника 1,565257 0,000261
шляпу 0,912045 0,000152
шпиговать 2,167317 0,000362
шпигует 2,167317 0,000723
шутит 1,565257 0,000261
шутка 1,053374 0,000176
шутку 1,167317 0,000390
щеголеватее 2,167317 0,000362
щеки 1,125925 0,000188
экзамен 1,565257 0,000261
этакие 1,167317 0,000195
этим 0,189594 0,000063
этих 0,213075 0,000107
этого 0,053374 0,000045
этой 0,118099 0,000059
этом 0,046743 0,000140
этому 0,322219 0,000054
этот 0,011981 0,000028
юмора 2,167317 0,000362
явившийся 1,565257 0,000261
ясно 0,354404 0,000059
