автор 0,000000 0,000000
автором 0,000000 0,000000
авторского 0,000000 0,000000
авторы 0,000000 0,000000
алексей 0,000000 0,000000
алексея 0,000000 0,000000
алеша 0,381987 0,004546
алешу 0,565257 0,000286
анатомируем 2,167317 0,000549
ахают 2,167317 0,000549
бархатный 2,167317 0,000549
беда 0,866287 0,000219
бедному 1,389166 0,000352
бедных 1,389166 0,000352
бедствия 1,866287 0,000473
бежать 0,769377 0,000195
белый 1,213075 0,000307
берет 1,021189 0,000259
берете 1,690196 0,000428
библиотека 0,000000 0,000000
благодетелями 1,866287 0,000473
благоразумного 1,690196 0,000428
благоразумное 2,167317 0,000549
бога 0,451314 0,000114
боже 0,459747 0,000233
божий 0,936868 0,000237
более 0,000000 0,000000
болезненному 1,690196 0,000428
больницах 2,167317 0,000549
больную 1,389166 0,000352
больными 1,690196 0,000856
большею 1,021189 0,000259
большим 0,704919 0,000179
большое 0,963197 0,000244
большом 0,888564 0,000225
большою 1,167317 0,000296
бормотал 0,720159 0,000182
брата 0,389166 0,000099
братья 0,176091 0,000312
бредить 1,866287 0,000473
бреду 0,912045 0,000231
бросался 1,213075 0,000307
бросил 0,554533 0,000140
будем 0,648803 0,000986
будет 0,077412 0,000176
будете 0,769377 0,000390
будто 0,099131 0,000100
буду 0,208276 0,000580
будьте 0,735954 0,000373
бывает 0,599116 0,000152
была 0,046743 0,000012
были 0,099131 0,000100
было 0,000000 0,000000
быстро 0,232819 0,000118
быть 0,002964 0,000008
важно 0,675956 0,000171
важное 0,845098 0,000214
важную 1,690196 0,000428
вами 0,232819 0,000413
ваше 0,434924 0,000110
вашего 0,443041 0,000337
вашем 0,690196 0,000175
ваши 0,434924 0,000220
ваших 0,554533 0,000140
вашу 0,504560 0,000383
вверху 1,468347 0,000372
вдвоем 1,322219 0,000335
вдруг 0,005949 0,000035
ведь 0,043466 0,000132
велел 0,752344 0,000191
великого 0,866287 0,000219
велит 1,053374 0,000267
верите 0,735954 0,000186
веруете 1,389166 0,000352
верую 1,088136 0,000276
верю 0,623249 0,000316
веселее 1,565257 0,000396
веселые 1,866287 0,000473
взволнована 1,690196 0,000428
вздор 0,599116 0,000152
вздумаете 2,167317 0,000549
взял 0,269690 0,000137
виде 0,434924 0,000110
видел 0,248239 0,000063
видеть 0,381987 0,000097
видимо 0,328468 0,000166
видите 0,396465 0,000402
видно 0,504560 0,000128
вижу 0,286504 0,000290
визиты 0,000000 0,000000
влиянием 1,565257 0,000396
вместе 0,208276 0,000316
внезапных 1,468347 0,000372
вовсе 0,150284 0,000038
воздухе 1,468347 0,000372
вознаграждения 0,000000 0,000000
возненавидел 1,389166 0,000352
возьмет 0,888564 0,001125
возьмись 1,866287 0,000473
возьмите 1,021189 0,000259
возьму 0,936868 0,000237
возьмусь 1,866287 0,000473
войдите 1,690196 0,000428
вопрос 0,222835 0,000113
вопросу 1,565257 0,000396
вопросы 0,599116 0,000152
воскликнул 0,309985 0,000078
воскликнула 0,845098 0,000214
восклицая 1,468347 0,000372
воспоминания 1,088136 0,000276
восторг 0,888564 0,000225
восхищении 1,389166 0,000704
вошел 0,403889 0,000102
впечатления 1,021189 0,000259
впредь 0,752344 0,000191
вредно 1,866287 0,000473
времени 0,269690 0,000068
время 0,043466 0,000022
всегда 0,129891 0,000164
всего 0,040213 0,000051
всей 0,248239 0,000126
всем 0,070407 0,000053
всеми 0,434924 0,000110
всех 0,060107 0,000015
вскрикнула 0,866287 0,000219
вскричала 0,866287 0,000439
всплеснула 1,213075 0,000307
вспоминать 1,322219 0,000335
вспыхнула 1,125925 0,000285
встал 0,403889 0,000102
встретила 1,389166 0,000352
встретить 0,866287 0,000219
вторая 0,514105 0,000260
второе 1,125925 0,000285
вторых 0,720159 0,000365
вчера 0,341243 0,000173
вчерашнего 0,866287 0,000219
вчерашнее 1,389166 0,000704
выбежал 1,053374 0,000267
выбрать 1,468347 0,000372
выдумала 1,690196 0,000428
выйдете 1,565257 0,000396
выйду 0,936868 0,000237
выйдя 0,963197 0,000488
вынет 1,866287 0,000473
вынул 0,599116 0,000152
выплаты 0,000000 0,000000
выпуская 1,389166 0,000352
выразилась 1,125925 0,000285
выразился 0,752344 0,000381
выразить 0,936868 0,000474
вырвалось 0,704919 0,000179
выскочил 1,125925 0,000285
выскочит 2,167317 0,000549
выслушал 0,805589 0,000204
высшей 0,544068 0,000413
высшую 2,167317 0,000549
вышел 0,275223 0,000070
вышла 0,495219 0,000125
вышло 0,523865 0,000265
герценштубе 1,088136 0,000827
гитарой 1,690196 0,000428
главное 0,189594 0,000288
главном 1,468347 0,001115
глаза 0,129891 0,000066
глазу 1,389166 0,000352
глупо 0,845098 0,000428
глупое 1,088136 0,000276
глупости 0,912045 0,000693
глупый 1,021189 0,000259
говорил 0,095435 0,000145
говорила 0,587534 0,000149
говорит 0,189594 0,000096
говорите 0,533849 0,000541
говорить 0,162996 0,000083
года 0,477121 0,000483
голос 0,533849 0,000135
голоском 1,213075 0,000307
голубчик 0,587534 0,000149
горд 1,565257 0,000396
гордый 1,565257 0,000793
гордятся 2,167317 0,000549
горестью 1,565257 0,000396
город 0,523865 0,000133
городе 0,565257 0,000143
горячим 1,264227 0,000320
горячка 1,565257 0,000396
госпожа 0,963197 0,000732
госпоже 1,021189 0,000259
готов 0,544068 0,000413
готова 1,088136 0,000276
гроб 1,088136 0,000276
грустно 0,735954 0,000186
грустный 1,690196 0,000428
грусть 1,264227 0,000640
губки 1,468347 0,000372
губят 1,690196 0,000856
давайте 1,167317 0,000591
давеча 0,232819 0,000354
давешних 1,565257 0,000396
дадут 1,021189 0,000517
даже 0,005949 0,000012
дайте 0,735954 0,000373
далее 0,648803 0,000164
дали 0,635838 0,000161
дальше 0,002964 0,000001
данные 0,000000 0,000000
дверей 1,053374 0,000533
двери 0,599116 0,000303
дверь 0,367977 0,000093
двести 0,991226 0,000502
двухстах 2,167317 0,000549
девочка 1,021189 0,000259
делайте 1,565257 0,000396
делать 0,426955 0,000216
делаю 1,125925 0,000285
деликатная 1,866287 0,000473
дело 0,063514 0,000016
денег 0,309985 0,000235
деньгам 1,468347 0,000372
деньги 0,280827 0,000782
держа 1,125925 0,000285
держите 1,565257 0,000396
дерзки 1,866287 0,000473
дерзость 1,468347 0,000372
дескать 0,419129 0,000212
детские 1,565257 0,000396
детства 0,912045 0,000924
детстве 1,053374 0,000533
детьми 1,053374 0,000267
днях 1,125925 0,000285
добрый 0,824895 0,000418
довершение 2,167317 0,000549
догадался 0,752344 0,000191
догнали 1,690196 0,000428
доказал 1,264227 0,000320
доказали 2,167317 0,000549
доктором 1,167317 0,000296
долг 0,888564 0,000225
долго 0,222835 0,000113
должен 0,258832 0,000066
должна 0,824895 0,000209
должны 0,576253 0,000146
доложил 1,690196 0,000428
домой 0,459747 0,000116
дому 0,675956 0,000171
дорого 1,021189 0,000259
достоевский 0,000000 0,000000
достояние 0,000000 0,000000
дочерей 1,021189 0,000259
дочерью 1,322219 0,000335
дочке 2,167317 0,000549
дочь 0,587534 0,000298
друг 0,269690 0,000068
друга 0,419129 0,000106
другие 0,389166 0,000099
других 0,459747 0,000116
другое 0,309985 0,000078
другой 0,146128 0,000074
другом 0,477121 0,000362
думаете 0,504560 0,000128
думал 0,258832 0,000131
думать 0,486076 0,000246
думаю 0,328468 0,000166
дурно 0,888564 0,000225
дурочку 2,167317 0,000549
дуру 1,468347 0,000372
душа 0,565257 0,000286
душе 0,514105 0,000130
душевно 1,690196 0,000428
душу 0,451314 0,000457
едва 0,554533 0,000140
если 0,011981 0,000046
есть 0,018098 0,000037
ждать 0,554533 0,000281
ждут 0,936868 0,000237
желал 0,611015 0,000155
жениться 0,912045 0,000231
жестоко 1,088136 0,000276
жизни 0,222835 0,000056
жизнь 0,162996 0,000083
жилет 1,866287 0,000473
заблагорассудил 1,866287 0,000473
забыла 1,021189 0,000259
завела 1,690196 0,000428
завтра 0,298086 0,000453
завтрашнему 2,167317 0,000549
загадала 2,167317 0,000549
заговорила 1,088136 0,000276
задержала 1,565257 0,000396
заключила 1,125925 0,000285
закрыла 1,125925 0,000570
залепетала 1,690196 0,000428
заметила 0,787106 0,000399
замечание 1,088136 0,000276
замечающий 2,167317 0,000549
заперлась 1,866287 0,000473
заплакал 0,866287 0,000439
заранее 0,576253 0,000146
засмеялась 0,866287 0,000219
засмеялся 0,495219 0,000251
заставить 1,565257 0,000396
затем 0,237898 0,000060
захлопала 2,167317 0,000549
зачем 0,146128 0,000111
зашептала 1,565257 0,000396
заявил 0,912045 0,000231
здесь 0,095435 0,000048
здоровье 0,824895 0,000209
землю 0,565257 0,000143
земляная 2,167317 0,001098
знает 0,171682 0,000087
знаете 0,286504 0,000580
знайте 0,866287 0,000877
знал 0,114239 0,000087
знала 0,635838 0,000161
знали 0,426955 0,000216
знать 0,328468 0,000166
значит 0,243038 0,000062
знаю 0,095435 0,000218
ивана 0,504560 0,000128
ивановны 0,554533 0,000281
изволил 1,565257 0,000396
издали 1,053374 0,000267
излагать 1,690196 0,000428
излил 1,866287 0,000473
изменяются 2,167317 0,000549
измученный 1,468347 0,000372
илюшечки 1,468347 0,000372
имейте 2,167317 0,000549
имела 0,936868 0,000237
именем 1,389166 0,000704
именно 0,066947 0,000034
иначе 0,367977 0,000186
иногда 0,208276 0,000105
иной 0,587534 0,000149
интересовалась 2,167317 0,000549
иными 1,389166 0,000352
искренно 0,523865 0,000133
использоваться 0,000000 0,000000
испугался 0,704919 0,000179
испуганный 1,322219 0,000335
истерик 1,866287 0,000473
истерика 1,213075 0,000307
историю 0,845098 0,000428
история 0,845098 0,000214
источник 0,000000 0,000000
каждому 0,912045 0,000231
кажется 0,118099 0,000090
какая 0,194189 0,000197
каким 0,194189 0,000148
каких 0,468347 0,000119
каково 0,991226 0,000251
какое 0,227798 0,000115
какой 0,095435 0,000145
карамазов 0,587534 0,000298
карамазовская 1,468347 0,000372
карамазовы 0,180546 0,000183
карете 1,565257 0,000396
кармане 0,805589 0,000204
катерина 0,735954 0,000186
катерины 0,752344 0,000381
келье 1,125925 0,000570
клянусь 0,635838 0,000161
клятву 1,690196 0,000428
книга 0,176091 0,000089
книги 0,000000 0,000000
когда 0,015029 0,000030
кого 0,222835 0,000113
коли 0,269690 0,000068
комаров 0,000000 0,000000
комнате 0,389166 0,000197
конечно 0,060107 0,000076
конфузиться 1,866287 0,000473
кончил 0,587534 0,000149
кончилась 1,264227 0,000320
костюм 1,565257 0,000793
которое 0,426955 0,000108
краснея 1,389166 0,001055
кредитки 1,389166 0,000704
креслах 1,125925 0,000285
кривляться 2,167317 0,000549
крикнула 0,824895 0,000209
кроме 0,158717 0,000161
ладошки 1,565257 0,000396
легла 1,690196 0,000428
легче 0,787106 0,000199
лежать 1,389166 0,000352
лестнице 1,088136 0,000276
лестницу 1,167317 0,000591
лестницы 0,991226 0,000251
лечили 1,866287 0,000473
либо 0,000000 0,000000
литература 0,000000 0,000000
лицо 0,114239 0,000029
лицом 0,000000 0,000000
лишился 1,322219 0,000335
лишь 0,185046 0,000047
ложись 1,866287 0,000473
лучше 0,162996 0,000537
лучшему 1,322219 0,001339
любил 0,374926 0,000095
любит 0,389166 0,000099
любите 0,845098 0,000642
люблю 0,347773 0,000264
любовь 0,523865 0,000133
любым 0,000000 0,000000
люди 0,269690 0,000068
людьми 0,623249 0,000316
маленькая 0,866287 0,000439
маленьким 1,213075 0,000307
мало 0,208276 0,000053
мальчик 0,495219 0,000125
мама 1,264227 0,000960
мамаша 1,021189 0,000259
маменька 0,936868 0,000237
матери 0,451314 0,000229
матерью 0,787106 0,000199
мать 0,389166 0,000099
мгновения 0,991226 0,000502
между 0,129891 0,000132
мелкая 1,690196 0,000856
меня 0,027438 0,000160
месте 0,286504 0,000073
место 0,334808 0,000085
мечтали 1,866287 0,000473
мечтать 1,322219 0,000335
милейший 1,690196 0,000428
милый 0,477121 0,000483
минуту 0,084532 0,000043
минуют 1,866287 0,000473
мире 0,704919 0,000179
мнение 0,690196 0,000175
многим 0,912045 0,000231
много 0,080958 0,000041
многого 0,991226 0,000502
многом 1,125925 0,000570
мной 0,237898 0,000301
мною 0,635838 0,000483
могла 0,286504 0,000073
могло 0,403889 0,000307
моего 0,367977 0,000093
моей 0,280827 0,000071
может 0,000000 0,000000
можете 0,504560 0,000128
можно 0,088136 0,000045
моих 0,554533 0,000140
молиться 1,167317 0,000296
молодого 0,752344 0,000191
молодой 0,381987 0,000097
молодым 1,021189 0,000259
мольбой 1,690196 0,000428
момента 0,000000 0,000000
монастыря 0,912045 0,000462
монах 0,991226 0,001255
москве 0,690196 0,000175
московское 2,167317 0,000549
мучают 1,866287 0,000473
мученица 2,167317 0,001098
мученический 2,167317 0,000549
мучившее 2,167317 0,000549
мыслящий 2,167317 0,000549
мягкая 1,690196 0,000428
навеки 0,648803 0,000164
наверно 0,264227 0,000201
нагнулся 1,053374 0,000267
наговорила 1,866287 0,000473
надеюсь 0,912045 0,000231
надо 0,036984 0,000094
назад 0,000000 0,000000
название 0,000000 0,000000
найти 0,000000 0,000000
накинулась 1,565257 0,000396
намедни 1,167317 0,000296
нами 0,648803 0,000164
написала 1,167317 0,000887
написали 1,167317 0,000296
написано 0,000000 0,000000
направился 0,912045 0,000231
например 0,298086 0,000075
напротив 0,180546 0,000229
нарисовать 1,690196 0,000428
нарочно 0,227798 0,000115
наступила 1,565257 0,000396
наука 0,000000 0,000000
начал 0,137934 0,000035
нашем 0,662167 0,000335
неблагородным 2,167317 0,000549
неблизко 2,167317 0,000549
невиннее 2,167317 0,000549
невозможна 1,866287 0,000473
него 0,000000 0,000000
недавнего 1,389166 0,000352
недавно 0,576253 0,000146
недостанет 1,866287 0,000473
недостойный 1,866287 0,000473
нежно 1,167317 0,000296
неисправимый 1,866287 0,000473
неистовая 1,565257 0,000396
некогда 0,912045 0,000231
некоторым 0,690196 0,000175
нему 0,080958 0,000062
немыслима 2,167317 0,000549
необделанная 2,167317 0,000549
неожиданные 1,389166 0,000352
непонятно 1,389166 0,000352
непременно 0,133894 0,000136
нервным 1,468347 0,000372
несерьезно 1,565257 0,000396
несмотря 0,275223 0,000070
несносный 2,167317 0,000549
несогласны 2,167317 0,000549
несомненно 0,704919 0,000179
несправедливо 1,021189 0,000259
несчастна 1,389166 0,000704
несчастному 1,389166 0,000704
несчастный 0,824895 0,000418
нетерпелив 1,866287 0,000473
нетолково 2,167317 0,000549
неудержимом 1,866287 0,000473
неужели 0,389166 0,000099
нехорошо 0,963197 0,000488
нечего 0,381987 0,000097
нечто 0,389166 0,000197
неясное 1,866287 0,000473
нибудь 0,030597 0,000015
низости 1,322219 0,001004
низость 1,088136 0,000827
никак 0,396465 0,000201
никакого 0,403889 0,000102
никогда 0,088136 0,000112
никому 0,504560 0,000128
никто 0,185046 0,000047
нисколько 0,662167 0,000168
ничего 0,030597 0,000054
ноге 1,322219 0,001339
ногу 0,805589 0,000204
носится 1,866287 0,000473
ночи 0,675956 0,000171
ночью 0,587534 0,000149
нравиться 1,468347 0,000372
нужно 0,514105 0,000130
нужны 0,936868 0,000237
обвенчаемся 1,866287 0,000473
обдумывал 1,468347 0,000372
обидели 1,690196 0,000428
обиделся 1,264227 0,001281
обидно 1,053374 0,000267
обижайтесь 1,866287 0,000473
обиженного 1,690196 0,000428
обмороком 1,866287 0,000473
обнимал 1,690196 0,000428
обнимать 1,389166 0,000352
ободрило 1,565257 0,000396
ободрите 2,167317 0,000549
обрадовался 0,888564 0,000675
образ 0,888564 0,000225
обстоятельно 1,565257 0,000396
общественное 0,000000 0,000000
объяснение 0,845098 0,000214
обыкновенный 1,322219 0,000335
оденетесь 2,167317 0,000549
оденусь 2,167317 0,000549
один 0,046743 0,000024
однако 0,102859 0,000026
одного 0,150284 0,000038
одну 0,232819 0,000059
ожидаешь 2,167317 0,000549
ожидать 1,125925 0,000285
озабоченно 1,088136 0,000276
озабоченный 2,167317 0,000549
опубликовано 0,000000 0,000000
опять 0,027438 0,000028
оригинальное 1,565257 0,000396
осиповна 1,866287 0,000473
оскорбленного 1,690196 0,000428
ослабленный 2,167317 0,000549
ослабленным 2,167317 0,000549
особенная 1,389166 0,000352
оставили 0,888564 0,000450
остановясь 1,468347 0,000372
останусь 1,125925 0,000285
осторожно 0,912045 0,000231
острю 2,167317 0,000549
отвела 2,167317 0,000549
ответил 0,237898 0,000181
отворил 0,824895 0,000209
отворите 2,167317 0,000549
отдавать 1,565257 0,000793
отдал 0,866287 0,000439
отдали 1,322219 0,000670
отдам 1,322219 0,000670
отдаст 1,264227 0,000320
отец 0,316059 0,000240
откуда 0,523865 0,000133
отлично 0,805589 0,000204
отметил 1,565257 0,000396
отнимаете 2,167317 0,000549
отныне 1,565257 0,000396
отреклась 2,167317 0,000549
офицеру 1,264227 0,000320
оформление 0,000000 0,000000
охотой 1,264227 0,000320
очень 0,024303 0,000092
очередь 0,805589 0,000204
очнулась 2,167317 0,000549
ошибка 1,021189 0,000517
ошибку 1,565257 0,000793
паисий 1,088136 0,000276
пальцами 0,866287 0,000219
памяти 0,752344 0,000191
педант 2,167317 0,001098
первая 0,419129 0,000106
первого 0,411442 0,000208
первом 0,805589 0,000204
первый 0,248239 0,000063
первых 0,367977 0,000466
переговорю 2,167317 0,000549
перед 0,554533 0,000140
передала 1,389166 0,000352
передать 0,690196 0,000175
передумать 2,167317 0,000549
переезд 1,565257 0,000396
перекрестила 1,690196 0,000428
перенеслись 2,167317 0,000549
перескакивает 2,167317 0,000549
перестал 0,675956 0,000171
перестала 1,389166 0,000352
перешло 0,000000 0,000000
пиджак 1,866287 0,000473
пикейный 2,167317 0,000549
письма 0,704919 0,000714
письмо 0,544068 0,001102
письмом 1,167317 0,000296
плакал 0,824895 0,000418
плакала 0,866287 0,000219
пламенно 1,690196 0,000428
платье 0,704919 0,000179
побежал 0,623249 0,000158
побежали 1,213075 0,000307
поверил 0,787106 0,000199
поверили 1,167317 0,000296
повести 1,389166 0,000352
поводу 0,720159 0,000182
погибла 1,468347 0,000372
погибнут 1,866287 0,000945
погубил 1,690196 0,000428
подборка 0,000000 0,000000
подглядите 2,167317 0,000549
поджидала 1,866287 0,000473
подите 1,468347 0,000372
поднял 0,504560 0,000128
подождать 1,167317 0,000296
подождем 1,690196 0,000428
подозревать 1,053374 0,000267
подойдите 1,866287 0,000473
подробности 0,648803 0,000164
подслушивает 1,866287 0,001890
подслушивала 1,690196 0,000428
подслушивать 1,690196 0,002140
подсматривать 1,690196 0,000428
подумать 0,704919 0,000179
подхватила 1,088136 0,000276
подчиняться 1,866287 0,000945
пожалуй 0,237898 0,000301
позволила 1,468347 0,000372
позволяю 1,690196 0,000428
пока 0,213075 0,000108
покажите 1,264227 0,000640
покажу 0,991226 0,000502
показал 0,769377 0,000584
покидает 2,167317 0,000549
покраснев 1,125925 0,000285
покраснела 1,088136 0,000276
положении 0,704919 0,000179
полтора 1,167317 0,000887
поминутно 0,635838 0,000161
помню 0,486076 0,000123
помогать 1,322219 0,000335
помощи 1,088136 0,000276
понимать 0,690196 0,000175
поняла 0,787106 0,000199
поразило 0,720159 0,000182
поручении 1,866287 0,000473
посетителей 0,000000 0,000000
посетители 0,000000 0,000000
посидеть 1,322219 0,000335
послали 1,389166 0,000704
послать 0,963197 0,000244
после 0,084532 0,000021
последнего 0,635838 0,000322
последней 0,623249 0,000158
послушайте 0,787106 0,000199
посмертно 0,000000 0,000000
посмотрела 1,053374 0,000267
посмотрите 0,888564 0,000675
посмотрю 1,264227 0,000320
поссоритесь 2,167317 0,000549
постороннем 2,167317 0,001098
посторонним 1,565257 0,000396
потерялся 1,213075 0,000307
потом 0,084532 0,000021
потому 0,024303 0,000105
потрясена 2,167317 0,000549
поцеловал 0,866287 0,000658
поцеловала 0,991226 0,000502
поцелуйте 1,866287 0,000473
поцелуями 1,690196 0,000428
почему 0,099131 0,000126
почти 0,024303 0,000025
почувствовать 1,264227 0,000320
пошел 0,275223 0,000070
пошло 1,088136 0,000276
права 0,554533 0,000140
правда 0,162996 0,000165
правдиво 1,690196 0,000428
правдивый 1,690196 0,000428
правду 0,443041 0,000112
право 0,361137 0,000183
правы 1,021189 0,000517
пред 0,033778 0,000017
предо 0,769377 0,000195
представьте 0,720159 0,000729
предуведомлены 2,167317 0,000549
предчувствовал 0,845098 0,000428
предчувствовали 1,565257 0,000396
прежде 0,077412 0,000059
прежнее 0,991226 0,000251
презрение 1,125925 0,000570
презрения 0,963197 0,000976
прекрасно 0,735954 0,000373
прелестно 1,690196 0,000856
прервала 1,690196 0,000428
претензии 1,565257 0,000396
прибавил 0,275223 0,000070
прибавляла 1,866287 0,000473
привела 2,167317 0,000549
приготовленный 1,866287 0,000473
придется 0,991226 0,000251
приду 0,675956 0,000342
придя 1,565257 0,000396
приехал 0,554533 0,000140
прижизненно 0,000000 0,000000
признание 1,125925 0,000570
прийти 0,662167 0,000168
приключения 1,213075 0,000307
прикоснулся 1,565257 0,000396
примет 1,088136 0,000276
приму 1,125925 0,000285
принесу 1,213075 0,000307
принимая 1,167317 0,000296
принял 0,565257 0,000143
принять 0,523865 0,000265
приотворил 2,167317 0,000549
присел 1,389166 0,000352
приходить 0,888564 0,000225
пришел 0,322219 0,000082
пробормотал 0,334808 0,000085
провидение 1,322219 0,000335
проговорил 0,154480 0,000078
проговорила 0,533849 0,000135
программирование 0,000000 0,000000
продолжает 1,213075 0,000307
продолжал 0,292256 0,000222
продолжала 0,720159 0,000182
прожитого 2,167317 0,000549
произведение 0,000000 0,000000
произведений 0,000000 0,000000
произведения 0,000000 0,000000
произнес 0,361137 0,000183
произнесла 0,936868 0,000237
произошло 0,495219 0,000125
пройти 0,991226 0,000251
промолвила 1,690196 0,000428
просила 1,053374 0,000267
просить 0,504560 0,000128
простите 0,648803 0,000493
просто 0,232819 0,000059
простясь 1,866287 0,000473
против 0,389166 0,000099
противоречием 1,866287 0,000473
прочитанного 1,866287 0,000473
прочту 1,322219 0,000335
прошедшем 1,866287 0,000473
прошелся 1,690196 0,000428
прошептала 1,125925 0,000285
прошло 0,000000 0,000000
прощает 1,690196 0,000428
прощайте 0,845098 0,000214
прощенья 1,389166 0,000352
публикации 0,000000 0,000000
пугал 1,322219 0,000335
пусть 0,253503 0,000064
пустяки 1,213075 0,000614
путаница 1,690196 0,000428
пуховая 1,866287 0,000473
пятая 1,264227 0,000640
равно 0,303994 0,000077
равной 1,468347 0,001115
радостно 0,888564 0,000225
раза 0,426955 0,000324
разбираем 2,167317 0,000549
разве 0,146128 0,000037
разговор 0,434924 0,000110
раздумье 1,125925 0,000570
разойдетесь 2,167317 0,000549
разрешения 0,000000 0,000000
разу 0,704919 0,000357
раскаивалась 1,690196 0,000856
раскаиваться 1,866287 0,000473
распечатывать 1,565257 0,000396
рассердить 2,167317 0,000549
рассказала 1,088136 0,000276
рассказать 0,623249 0,000158
рассказом 1,167317 0,000296
рассказывает 1,468347 0,000372
рассказывать 0,704919 0,000357
рассудите 1,088136 0,000276
рассуждении 2,167317 0,000549
растоптал 1,866287 0,001890
растопчет 1,866287 0,000945
растрогана 2,167317 0,000549
решили 1,053374 0,000267
решительно 0,341243 0,000086
решить 0,936868 0,000237
робкою 1,468347 0,000372
родная 1,389166 0,000352
роковое 1,213075 0,000307
рублей 0,367977 0,000186
рублях 1,565257 0,000396
руками 0,280827 0,000213
руке 0,735954 0,000186
руки 0,167317 0,000042
рукой 0,486076 0,000123
руку 0,222835 0,000339
русская 0,000000 0,000000
саду 0,936868 0,000237
сайте 0,000000 0,000000
сама 0,208276 0,000158
сами 0,142011 0,000108
самого 0,118099 0,000090
самое 0,167317 0,000042
самом 0,114239 0,000087
самому 0,426955 0,000216
самые 0,381987 0,000193
самым 0,280827 0,000142
свет 0,468347 0,000237
светский 1,468347 0,000372
свиданья 1,125925 0,000285
свободно 0,000000 0,000000
своего 0,091770 0,000023
своей 0,066947 0,000034
своем 0,198834 0,000101
свои 0,146128 0,000111
своих 0,237898 0,000060
свою 0,073896 0,000056
свысока 1,088136 0,000276
связан 1,565257 0,000396
святого 0,991226 0,000251
сговор 1,866287 0,000473
сдался 2,167317 0,000549
сделал 0,381987 0,000290
сделать 0,403889 0,000409
сделаю 0,845098 0,000214
себе 0,033778 0,000017
себя 0,005949 0,000006
сегодня 0,000000 0,000000
сейчас 0,070407 0,000125
секретная 2,167317 0,001098
семидесяти 0,000000 0,000000
серая 1,866287 0,000473
сердитесь 0,936868 0,000474
сердится 1,167317 0,000296
сердце 0,171682 0,000043
серьезная 1,565257 0,000396
серьезно 0,419129 0,001167
серьезность 1,690196 0,000428
серьезные 1,389166 0,000352
серьезным 1,088136 0,000551
сидя 0,845098 0,000214
сидят 1,213075 0,000307
сила 0,936868 0,000237
силы 0,514105 0,000130
сильнее 0,866287 0,000219
сильного 1,213075 0,000307
сильный 0,991226 0,000251
сильным 1,322219 0,000670
синий 1,866287 0,000473
скажи 0,662167 0,000168
скажите 0,576253 0,000438
скажу 0,275223 0,000070
скажут 0,963197 0,000244
сказал 0,099131 0,000100
сказала 0,486076 0,000123
сказали 0,544068 0,000276
сказать 0,073896 0,000037
скверно 1,088136 0,000276
сколько 0,280827 0,000071
сконфуженно 2,167317 0,000549
скорее 0,514105 0,000130
скоро 0,298086 0,000302
скрыл 1,565257 0,000396
слабость 1,088136 0,000276
слабый 1,021189 0,000517
слез 0,787106 0,000199
слишком 0,133894 0,000203
слов 0,367977 0,000186
слова 0,129891 0,000033
словах 0,635838 0,000161
словечки 1,468347 0,000744
слово 0,232819 0,000118
слову 0,888564 0,000225
случалось 0,824895 0,000209
случаях 0,599116 0,000152
случившегося 1,866287 0,000473
случилось 0,403889 0,000102
слушайте 0,912045 0,001155
слушала 1,213075 0,000307
слышал 0,389166 0,000099
слышала 0,845098 0,000214
слышу 0,991226 0,000251
смеетесь 1,021189 0,000517
смеется 0,611015 0,000155
смейтесь 1,213075 0,000614
смердяков 0,587534 0,000149
смерть 0,805589 0,000204
смехом 0,805589 0,000204
смешком 1,322219 0,000670
смешная 1,565257 0,000396
смешные 1,468347 0,000372
смеялась 0,805589 0,000612
смеялся 0,576253 0,000146
смеясь 0,787106 0,000399
смеяться 0,587534 0,000149
смотрела 0,769377 0,000390
смотреть 0,477121 0,000242
смотрит 0,690196 0,000175
смотрите 0,805589 0,000204
смотришь 1,021189 0,000259
смотря 0,322219 0,000082
смутился 0,963197 0,000244
смятении 1,264227 0,000320
снести 1,125925 0,000285
собою 0,347773 0,000088
собрание 0,000000 0,000000
совершенно 0,180546 0,000137
совсем 0,021189 0,000054
согласия 0,000000 0,000000
соглашались 2,167317 0,000549
солгал 1,053374 0,000533
солгали 1,866287 0,000945
сосна 2,167317 0,001098
сосне 2,167317 0,000549
сосну 2,167317 0,001098
сосны 1,565257 0,000396
состоянию 2,167317 0,000549
сострадания 1,053374 0,000267
софья 1,690196 0,000428
сочинений 0,000000 0,000000
сочиняли 2,167317 0,000549
спасти 0,769377 0,000195
спаян 2,167317 0,000549
сплошь 1,125925 0,000285
спокойно 0,648803 0,000164
способен 0,787106 0,000199
способностей 1,167317 0,000296
спрошу 1,125925 0,000285
сразило 1,866287 0,000473
ссориться 1,389166 0,000352
стал 0,125925 0,000096
стала 0,544068 0,000413
стало 0,091770 0,000046
станут 1,213075 0,000307
старается 1,565257 0,000396
старец 0,787106 0,000399
старца 0,735954 0,000186
стоит 0,316059 0,000080
стоите 1,213075 0,000307
столу 0,752344 0,000191
столь 0,434924 0,000110
сторону 0,611015 0,000155
стороны 0,185046 0,000047
стою 0,866287 0,000219
стоял 0,309985 0,000078
стояла 0,623249 0,000158
страдать 1,264227 0,000320
странно 0,354404 0,000090
страшная 0,805589 0,000204
стремительно 0,936868 0,000237
строгая 1,690196 0,000428
стула 0,735954 0,000186
ступайте 1,213075 0,000922
стыдилась 1,866287 0,000473
стыдливых 2,167317 0,000549
стыдно 0,504560 0,000256
субъективное 2,167317 0,000549
сумеете 1,690196 0,000428
сумел 0,936868 0,000237
сумею 1,389166 0,000352
супруги 1,021189 0,000259
схватила 0,912045 0,000231
сходила 1,565257 0,000396
схожу 1,866287 0,000473
сцене 1,213075 0,000307
сцену 0,845098 0,000214
счастием 1,866287 0,000945
счастлива 1,468347 0,000744
счастливы 1,213075 0,000614
счастливым 1,053374 0,000267
счастьем 1,264227 0,000320
счастья 0,888564 0,000225
счет 0,690196 0,000175
считаете 1,264227 0,000320
считаю 0,845098 0,000214
сюда 0,232819 0,000177
таинственное 1,565257 0,000396
такая 0,309985 0,000157
также 0,000000 0,000000
таки 0,066947 0,000136
такие 0,232819 0,000295
таким 0,243038 0,000062
такого 0,243038 0,000062
такое 0,114239 0,000029
такой 0,077412 0,000196
таком 0,309985 0,000078
такую 0,334808 0,000085
твердо 0,419129 0,000212
тебе 0,203530 0,000052
тебя 0,198834 0,000050
текст 0,000000 0,000000
темно 0,912045 0,000231
теперь 0,015029 0,000107
тетками 1,866287 0,000473
тетки 1,690196 0,000856
тихо 0,354404 0,000090
тихонько 0,991226 0,000251
тобою 0,845098 0,000214
тогда 0,050046 0,000025
того 0,005949 0,000009
тоже 0,043466 0,000088
только 0,002964 0,000016
томах 0,000000 0,000000
тому 0,095435 0,000024
топтал 2,167317 0,001098
торжеством 1,213075 0,000307
торопилась 1,690196 0,000428
торопливым 1,866287 0,000473
тотчас 0,046743 0,000012
точно 0,121994 0,000093
требовать 1,213075 0,000307
трогал 2,167317 0,000549
трусливый 2,167317 0,000549
тысячу 0,769377 0,000195
тяжело 0,565257 0,000143
убедить 1,565257 0,000396
убежала 1,053374 0,000267
убежать 1,322219 0,000335
уважала 1,322219 0,000670
уважать 0,963197 0,000244
увезли 1,468347 0,000372
увезу 1,690196 0,000428
уверен 0,635838 0,000644
уверены 0,805589 0,000204
уверяю 0,648803 0,000329
увидел 0,648803 0,000164
увлек 1,468347 0,000372
угадали 1,389166 0,000352
угодно 0,504560 0,000128
удалось 0,824895 0,000209
удивила 1,866287 0,000473
удивилась 1,264227 0,000320
удивительно 0,866287 0,000219
удивлением 0,523865 0,000265
удивляется 1,690196 0,000428
удобнее 1,468347 0,000372
уеду 1,322219 0,000335
ужасная 1,088136 0,000276
ужасно 0,167317 0,000508
ужасную 1,213075 0,000307
ужасов 1,565257 0,000396
улицу 0,735954 0,000186
умеем 1,690196 0,000428
умершим 0,000000 0,000000
умею 0,912045 0,000231
умилила 2,167317 0,000549
умирающего 1,565257 0,000396
умненькая 2,167317 0,000549
умный 0,936868 0,000237
унижение 1,322219 0,000335
унижении 1,468347 0,000372
упавшим 2,167317 0,000549
упоением 1,690196 0,000428
упоении 1,264227 0,000320
упрекала 1,866287 0,000473
успокоился 1,322219 0,000335
устояла 1,866287 0,000473
уступлю 1,565257 0,000396
утру 1,322219 0,000335
уходит 0,888564 0,000225
ушел 0,599116 0,000152
ушли 1,021189 0,000259
фамусов 2,167317 0,000549
фасоны 2,167317 0,000549
федор 0,000000 0,000000
федорович 0,253503 0,001091
федоровича 0,426955 0,000216
фразы 1,322219 0,000335
характером 0,866287 0,000219
хихикал 1,690196 0,000428
хлеба 0,912045 0,000231
хлопоты 1,565257 0,000396
ходить 0,576253 0,000292
ходя 2,167317 0,000549
холоден 1,866287 0,000473
холодны 2,167317 0,000549
хороши 1,088136 0,000276
хорошо 0,189594 0,000192
хотела 0,648803 0,000164
хотели 0,690196 0,000175
хотеться 2,167317 0,000549
хотите 0,419129 0,000318
хоть 0,060107 0,000107
хотя 0,050046 0,000013
хохлакова 1,125925 0,000855
хохлаковой 0,787106 0,000199
хочу 0,243038 0,000062
христос 0,936868 0,000237
худо 1,125925 0,000285
хуже 0,635838 0,000322
целая 0,845098 0,000214
целые 0,787106 0,000199
ценит 1,565257 0,000396
часа 0,000000 0,000000
часто 0,292256 0,000074
часть 0,002964 0,000002
частью 1,264227 0,000320
чацкий 2,167317 0,000549
чего 0,040213 0,000010
человек 0,036984 0,000056
человека 0,154480 0,000078
человеком 0,504560 0,000256
через 0,258832 0,000066
честь 0,554533 0,000140
число 0,000000 0,000000
чистом 1,264227 0,000320
читаем 0,000000 0,000000
читать 0,000000 0,000000
чрез 0,275223 0,000070
чрезвычайно 0,217927 0,000166
чрезвычайного 1,389166 0,000352
чтоб 0,073896 0,000019
чтобы 0,030597 0,000031
чувства 0,495219 0,000251
чувстве 1,322219 0,000335
чувством 0,704919 0,000536
чувствует 0,866287 0,000219
чувствую 0,787106 0,000199
чуть 0,176091 0,000045
чьего 0,000000 0,000000
шагая 1,565257 0,000396
швырнул 1,866287 0,000473
шепотом 0,675956 0,000171
шляпа 1,389166 0,000352
шутила 1,866287 0,000473
шутите 1,690196 0,000428
шутку 1,167317 0,000591
щажу 1,866287 0,000473
этак 0,690196 0,000175
этим 0,189594 0,000144
этих 0,213075 0,000162
этого 0,053374 0,000068
этой 0,118099 0,000060
этом 0,046743 0,000095
этому 0,322219 0,000408
этот 0,011981 0,000009
явлюсь 1,866287 0,000473
являются 1,866287 0,000473
