авантюристы 2,167317 0,000673
автор 0,000000 0,000000
автором 0,000000 0,000000
авторского 0,000000 0,000000
авторы 0,000000 0,000000
адрес 1,213075 0,000376
александра 0,845098 0,000262
александре 1,468347 0,000456
александрович 0,991226 0,000615
александровича 1,468347 0,000456
александровна 0,787106 0,000489
александровны 1,167317 0,000362
александрой 1,866287 0,000579
алексей 0,000000 0,000000
алексея 0,000000 0,000000
анекдотов 1,389166 0,000431
анну 1,690196 0,000525
ардалион 1,565257 0,000972
ардалиона 1,690196 0,000525
бабушке 2,167317 0,000673
баллады 1,866287 0,000579
барышней 1,690196 0,000525
безобразный 1,468347 0,000456
бельем 1,565257 0,000486
бельэтаж 2,167317 0,000673
бельэтаже 2,167317 0,001345
бельэтажи 2,167317 0,000673
беспорядок 1,167317 0,000362
беспрерывно 0,623249 0,000193
бессовестный 2,167317 0,000673
бесстыдная 2,167317 0,000673
бесстыдный 1,866287 0,001158
бесчестия 2,167317 0,000673
бесчестный 1,866287 0,000579
бесчисленное 1,690196 0,000525
библиотека 0,000000 0,000000
биллиардную 2,167317 0,000673
биографические 1,690196 0,000525
благороднейшего 1,565257 0,000486
благороднейшее 1,690196 0,000525
благороднейшим 1,322219 0,000410
благородном 1,565257 0,000486
ближе 0,752344 0,000234
близ 1,125925 0,000349
бога 0,451314 0,000140
богатой 1,866287 0,000579
богу 0,434924 0,000540
боже 0,459747 0,000143
более 0,000000 0,000000
больше 0,137934 0,000043
большим 0,704919 0,000219
большого 0,769377 0,000955
большому 1,264227 0,000785
борисовна 2,167317 0,004709
борисовне 2,167317 0,000673
бормотал 0,720159 0,000671
боюсь 0,504560 0,000157
братьев 1,088136 0,000338
бреду 0,912045 0,000283
бросил 0,554533 0,000172
бросить 0,963197 0,000299
будем 0,648803 0,000201
будет 0,077412 0,000144
буду 0,208276 0,000194
будьте 0,735954 0,000457
бутылки 1,167317 0,000362
бутылкой 1,565257 0,000486
бутылку 1,322219 0,000410
бывал 0,936868 0,000872
бывали 0,824895 0,000256
бывшего 1,088136 0,000338
была 0,046743 0,000015
были 0,099131 0,000031
было 0,000000 0,000000
быть 0,002964 0,000005
вами 0,232819 0,000072
варвар 2,167317 0,001345
варька 1,565257 0,000486
варя 1,053374 0,000981
ваша 0,554533 0,000344
ваших 0,554533 0,000172
ввести 1,322219 0,001231
вглядываясь 1,125925 0,000699
вдова 1,389166 0,000431
вдове 1,690196 0,000525
вдруг 0,005949 0,000004
везде 0,866287 0,000269
великолепную 1,866287 0,000579
великолепный 1,468347 0,000911
величайшим 1,468347 0,000456
верите 0,735954 0,000914
весь 0,099131 0,000062
ветер 1,167317 0,000362
вечер 0,477121 0,000740
вечером 0,533849 0,000331
вечно 0,824895 0,000256
взбирались 2,167317 0,000673
взводил 2,167317 0,000673
вздумал 0,805589 0,000250
вздыхать 2,167317 0,000673
взойдя 2,167317 0,000673
взялся 1,322219 0,000410
взять 0,533849 0,000166
видал 0,623249 0,000193
видели 0,495219 0,000154
видимо 0,328468 0,000102
видимому 0,648803 0,000201
видите 0,396465 0,000369
видом 0,389166 0,000121
визит 1,088136 0,000338
визита 1,389166 0,000431
визиты 0,000000 0,000000
вино 1,021189 0,000317
владимирской 2,167317 0,000673
вместе 0,208276 0,000129
вниз 0,752344 0,000234
возвестил 1,053374 0,000327
возможно 0,735954 0,000228
вознаграждения 0,000000 0,000000
возражал 1,468347 0,000456
возрождаюсь 2,167317 0,000673
воин 2,167317 0,000673
войдемте 2,167317 0,000673
войдет 1,167317 0,000362
войду 1,468347 0,000456
войти 0,675956 0,000629
волосами 1,125925 0,000349
волю 1,264227 0,000392
вообразите 1,264227 0,000785
вопрос 0,222835 0,000069
вопросах 1,468347 0,000456
воротах 1,866287 0,000579
воскликнул 0,309985 0,000192
восторженно 0,936868 0,000291
восьмидесяти 1,690196 0,000525
восьмилетняя 2,167317 0,000673
вошел 0,403889 0,000125
вошли 0,720159 0,000224
вперед 0,426955 0,000133
впрочем 0,118099 0,000440
время 0,043466 0,000040
всегда 0,129891 0,000040
всего 0,040213 0,000012
всем 0,070407 0,000087
всех 0,060107 0,000019
вскинулся 1,053374 0,000327
вскричал 0,292256 0,000091
вспоминать 1,322219 0,000410
вспомнил 0,704919 0,000219
вставлял 1,866287 0,000579
встал 0,403889 0,000251
встретил 0,769377 0,000239
встреча 1,264227 0,000392
всяком 0,544068 0,000169
вход 1,213075 0,000376
выглянул 2,167317 0,000673
выглянула 1,866287 0,000579
выглянуло 2,167317 0,000673
выдает 1,565257 0,000486
вызовет 1,866287 0,000579
выйдет 0,587534 0,000365
выплаты 0,000000 0,000000
выразить 0,936868 0,000291
вырвалось 0,704919 0,000219
высосал 2,167317 0,000673
высшей 0,544068 0,000169
высшему 1,565257 0,000486
выхлопотал 2,167317 0,000673
вышли 0,912045 0,000566
вышло 0,523865 0,000163
газету 1,565257 0,000486
ганя 0,769377 0,000955
генерал 0,554533 0,004991
генерала 0,662167 0,002261
генералов 1,565257 0,000486
генералом 0,991226 0,000308
генералу 1,021189 0,000317
генеральша 1,021189 0,000317
главное 0,189594 0,000059
глубочайшим 1,565257 0,000486
глупо 0,845098 0,000262
глупость 0,912045 0,000283
гнилой 2,167317 0,000673
гнусный 1,690196 0,000525
говорил 0,095435 0,000059
говорили 0,374926 0,000116
говорит 0,189594 0,000235
говорите 0,533849 0,000497
говорить 0,162996 0,000051
говорят 0,309985 0,000192
голосом 0,396465 0,000123
гораздо 0,443041 0,000138
горести 1,690196 0,000525
горестно 1,125925 0,000349
горячее 1,468347 0,000456
господ 1,264227 0,000392
господа 0,389166 0,000121
готов 0,544068 0,000338
гофмедик 2,167317 0,000673
гроша 1,389166 0,000431
груди 0,675956 0,000210
грузом 2,167317 0,000673
грязи 1,389166 0,000431
гувернантки 1,565257 0,000486
давайте 1,167317 0,000362
давеча 0,232819 0,000361
давешний 1,213075 0,000376
давненько 1,866287 0,000579
давно 0,158717 0,000148
давным 1,565257 0,000486
даже 0,005949 0,000022
далеко 0,599116 0,000186
дальше 0,002964 0,000001
дама 0,735954 0,000685
дамы 0,648803 0,000201
данные 0,000000 0,000000
даром 0,769377 0,000239
двадцать 0,411442 0,000255
дверей 1,053374 0,000327
двери 0,599116 0,000372
дверь 0,367977 0,000114
дверью 1,167317 0,000362
дверях 0,991226 0,000308
двумя 0,720159 0,000224
двух 0,264227 0,000082
девочка 1,021189 0,000317
девочки 1,264227 0,000392
девушку 1,053374 0,000327
девять 1,088136 0,000338
действительно 0,106619 0,000099
делает 0,805589 0,000250
делать 0,426955 0,000265
деле 0,162996 0,000051
дело 0,063514 0,000079
делу 0,468347 0,000145
денег 0,309985 0,000385
день 0,162996 0,000152
деньгами 0,675956 0,000210
деньги 0,280827 0,000261
дери 1,213075 0,000376
десяти 0,704919 0,000219
десятого 1,468347 0,000456
детей 0,576253 0,000537
детства 0,912045 0,000283
детям 1,322219 0,000410
диван 0,888564 0,000276
дивана 0,963197 0,000299
добывания 2,167317 0,000673
добывать 1,866287 0,000579
доведу 1,322219 0,000410
довериться 2,167317 0,000673
доверчивее 1,866287 0,000579
доверялся 2,167317 0,000673
доказывает 1,690196 0,000525
доканчивавшего 2,167317 0,000673
доколе 1,690196 0,000525
докончил 1,264227 0,000785
долго 0,222835 0,000069
должен 0,258832 0,000161
доложите 1,565257 0,000486
дома 0,298086 0,000463
домашней 2,167317 0,000673
доме 0,322219 0,000400
домой 0,459747 0,000143
допил 1,866287 0,000579
дороге 0,611015 0,000190
дороги 0,704919 0,000219
дорогой 0,565257 0,000175
досадно 1,322219 0,000410
доставали 2,167317 0,000673
достану 1,468347 0,000456
достоевский 0,000000 0,000000
достояние 0,000000 0,000000
дотронулся 1,866287 0,000579
друг 0,269690 0,000335
друга 0,419129 0,000390
другим 0,533849 0,000166
другой 0,146128 0,000091
другом 0,477121 0,000148
другую 0,495219 0,000154
дурное 1,264227 0,000392
духом 0,866287 0,000269
душа 0,565257 0,000175
душе 0,514105 0,000319
дуэль 1,264227 0,000392
едва 0,554533 0,000344
единого 0,787106 0,000244
единственно 0,477121 0,000148
если 0,011981 0,000015
есть 0,018098 0,000028
жалко 0,912045 0,000849
жаль 0,635838 0,000395
жаром 0,587534 0,000182
ждал 0,495219 0,000154
ждало 2,167317 0,000673
ждать 0,554533 0,000172
ждет 0,787106 0,000489
желал 0,611015 0,000190
желали 1,468347 0,000911
женский 1,053374 0,000327
женских 1,389166 0,000431
женщины 0,576253 0,000179
жесткий 2,167317 0,000673
жестоко 1,088136 0,000338
живала 1,866287 0,000579
живет 0,662167 0,000617
живу 1,264227 0,000392
живут 1,088136 0,000675
жизни 0,222835 0,000069
жизнь 0,162996 0,000051
житейские 1,866287 0,000579
жить 0,451314 0,000280
заброшены 1,866287 0,000579
забуду 1,088136 0,000338
забыл 0,328468 0,000102
забыли 1,088136 0,000338
завидел 1,866287 0,000579
зависит 1,021189 0,000317
завтра 0,298086 0,000093
задумавшегося 2,167317 0,000673
заемными 2,167317 0,000673
зайти 0,936868 0,000582
заключил 0,523865 0,000325
закричала 1,021189 0,000317
заложил 1,264227 0,000392
залу 0,735954 0,000228
заметил 0,154480 0,000048
заметили 0,611015 0,000379
замечу 1,088136 0,000338
занятий 1,690196 0,000525
заплетенными 2,167317 0,000673
засвидетельствовать 1,866287 0,000579
заслуженный 2,167317 0,001345
заснул 0,963197 0,000598
застали 1,565257 0,000486
затем 0,237898 0,000074
заученно 2,167317 0,000673
заходили 1,468347 0,000456
зачем 0,146128 0,000045
звал 1,213075 0,000753
званый 2,167317 0,001345
звоните 2,167317 0,000673
звонко 1,565257 0,000486
звоню 2,167317 0,000673
звуках 1,866287 0,000579
здесь 0,095435 0,000355
знает 0,171682 0,000160
знаете 0,286504 0,000711
знакомства 0,991226 0,000923
знакомый 0,936868 0,000291
знакомых 1,125925 0,000349
знать 0,328468 0,000204
значит 0,243038 0,000075
знаю 0,095435 0,000118
иволгин 0,991226 0,002769
иволгина 1,213075 0,001129
идем 0,963197 0,000299
идете 1,690196 0,000525
идею 0,963197 0,000299
идея 0,824895 0,000256
идиот 0,443041 0,000550
идти 0,434924 0,000135
известно 0,334808 0,000208
извините 0,735954 0,000685
извлекает 2,167317 0,000673
извозчика 1,264227 0,000392
извозчике 2,167317 0,000673
извольте 0,963197 0,000299
изреку 2,167317 0,000673
изувер 1,866287 0,000579
изумительную 2,167317 0,000673
имена 1,690196 0,000525
именинница 1,866287 0,000579
именно 0,066947 0,000104
имею 0,565257 0,000175
имеющий 1,690196 0,000525
иначе 0,367977 0,000114
иногда 0,208276 0,000065
иного 1,053374 0,000327
интригу 1,866287 0,000579
иных 0,704919 0,000219
ипполит 0,675956 0,000839
ипполита 0,888564 0,000276
ипполитом 1,213075 0,000753
ипполиту 1,053374 0,000654
иронии 1,690196 0,000525
испарятся 2,167317 0,000673
исполненные 2,167317 0,000673
использоваться 0,000000 0,000000
испытаний 2,167317 0,000673
историю 0,845098 0,000262
источник 0,000000 0,000000
каждою 1,866287 0,000579
кажете 2,167317 0,000673
кажется 0,118099 0,000293
какая 0,194189 0,000060
какие 0,232819 0,000072
каким 0,194189 0,000060
каких 0,468347 0,000145
каково 0,991226 0,000308
какое 0,227798 0,000071
какой 0,095435 0,000059
какому 0,805589 0,000250
камелий 1,866287 0,000579
камелия 2,167317 0,000673
капитальнейшее 2,167317 0,000673
капитана 1,053374 0,000327
капитанша 1,690196 0,001049
капитанше 1,690196 0,000525
капитанши 1,565257 0,000972
карман 0,888564 0,000276
картами 1,565257 0,000486
кафе 1,690196 0,000525
квартира 1,389166 0,000431
квартиру 0,805589 0,000750
квартиры 1,088136 0,000338
клеенчатый 2,167317 0,000673
клячи 2,167317 0,000673
книги 0,000000 0,000000
князь 0,477121 0,004146
князю 0,504560 0,000783
князя 0,468347 0,001454
когда 0,015029 0,000019
колей 1,322219 0,000410
колокольчика 1,690196 0,000525
коля 0,565257 0,002456
комаров 0,000000 0,000000
комнат 1,053374 0,000327
комнате 0,389166 0,000121
комнатке 1,389166 0,000431
комнаты 0,443041 0,000413
косвенно 1,322219 0,000410
косички 2,167317 0,000673
которого 0,198834 0,000247
котором 0,347773 0,000108
которые 0,189594 0,000118
которых 0,426955 0,000133
крайней 0,298086 0,000093
красноречии 2,167317 0,000673
красота 1,167317 0,000362
крепко 0,443041 0,000138
кроме 0,158717 0,000049
кроткий 1,389166 0,000431
круг 1,690196 0,000525
кругу 1,389166 0,000431
кулаков 2,167317 0,002018
кулакова 2,167317 0,000673
куцавеешной 2,167317 0,000673
куцавейке 2,167317 0,000673
лавочку 2,167317 0,000673
лакей 0,912045 0,000283
лежал 0,648803 0,000403
леночка 2,167317 0,002018
лестнице 1,088136 0,001351
лестницу 1,167317 0,000362
лестницы 0,991226 0,000308
либо 0,000000 0,000000
литейной 1,322219 0,000410
литейную 1,866287 0,000579
литература 0,000000 0,000000
лицо 0,114239 0,000035
лицом 0,000000 0,000000
личного 1,125925 0,000349
лишился 1,322219 0,000410
ломберного 2,167317 0,000673
ломберными 2,167317 0,000673
лопнул 1,866287 0,000579
лучше 0,162996 0,000152
лучшего 1,213075 0,000376
любезном 2,167317 0,000673
любезности 1,690196 0,000525
любопытством 0,459747 0,000143
любым 0,000000 0,000000
людей 0,298086 0,000185
люди 0,269690 0,000084
маленьких 1,167317 0,000725
мало 0,208276 0,000129
малый 1,053374 0,000327
мальчик 0,495219 0,000154
мамаша 1,021189 0,000951
мамаши 1,322219 0,000410
манкировано 2,167317 0,000673
марфа 0,991226 0,002154
марфе 1,322219 0,000410
марьи 1,322219 0,000410
математической 1,866287 0,000579
матери 0,451314 0,000140
мать 0,389166 0,000483
между 0,129891 0,000081
мелочью 1,565257 0,000486
меня 0,027438 0,000094
мере 0,269690 0,000084
месте 0,286504 0,000089
мечта 0,963197 0,000299
мешает 1,565257 0,000486
милая 1,021189 0,000317
милый 0,477121 0,000592
минут 0,486076 0,000151
минутку 0,704919 0,000219
минуту 0,084532 0,000105
мираж 1,690196 0,000525
михайловна 2,167317 0,000673
михайловне 2,167317 0,000673
михайловной 2,167317 0,000673
много 0,080958 0,000050
многого 0,991226 0,000308
многословное 2,167317 0,000673
многочисленнейшим 2,167317 0,000673
множество 0,936868 0,000291
мной 0,237898 0,000074
могу 0,171682 0,000160
моего 0,367977 0,000799
моем 0,599116 0,000186
может 0,000000 0,000000
можете 0,504560 0,000313
моих 0,554533 0,000516
мокрою 2,167317 0,000673
молодой 0,381987 0,000356
молча 0,367977 0,000114
момента 0,000000 0,000000
морали 2,167317 0,000673
морской 1,690196 0,000525
москве 0,690196 0,000428
мостовую 2,167317 0,000673
мужскому 2,167317 0,000673
мытовцовой 2,167317 0,001345
мышкин 0,991226 0,002461
мышкина 1,690196 0,000525
набеленная 2,167317 0,000673
набок 2,167317 0,000673
надежде 1,264227 0,000392
надежду 1,322219 0,000410
надейся 2,167317 0,000673
надо 0,036984 0,000046
назад 0,000000 0,000000
назвал 1,167317 0,000362
название 0,000000 0,000000
называете 1,322219 0,000410
называл 0,963197 0,000299
наиболее 1,125925 0,000699
наймемте 2,167317 0,000673
найти 0,000000 0,000000
наконец 0,073896 0,000138
накормлю 2,167317 0,000673
намерением 1,088136 0,000338
намерены 1,021189 0,000317
наняли 2,167317 0,000673
написано 0,000000 0,000000
наплевать 1,167317 0,000362
направление 1,690196 0,000525
направо 0,787106 0,000489
напрашиваетесь 1,866287 0,000579
напротив 0,180546 0,000056
нарочно 0,227798 0,000071
нарумяненная 2,167317 0,000673
настасье 0,936868 0,000872
настасьи 0,845098 0,000787
настасью 0,888564 0,000276
настасья 0,805589 0,000500
насчет 0,354404 0,000220
наука 0,000000 0,000000
науки 1,322219 0,000410
начал 0,137934 0,000128
начала 0,381987 0,000119
начальству 1,167317 0,000362
начинавшего 1,866287 0,000579
начинает 0,991226 0,000308
наша 0,787106 0,000244
нашем 0,662167 0,000206
наших 0,690196 0,000214
невинно 1,468347 0,000456
невольно 0,704919 0,000219
невском 2,167317 0,000673
него 0,000000 0,000000
недалеко 0,912045 0,000283
недоверчивостью 1,565257 0,000486
недоволен 1,167317 0,000362
нездоров 1,213075 0,000376
нейдет 1,866287 0,000579
некого 1,565257 0,000486
некоторые 0,533849 0,000166
некоторым 0,690196 0,000214
нелатон 2,167317 0,000673
немедленно 0,554533 0,000516
нему 0,080958 0,000025
ненасытное 2,167317 0,000673
необходимый 1,690196 0,000525
неожиданно 0,523865 0,000325
непременно 0,133894 0,000208
неприличный 1,866287 0,000579
несколько 0,102859 0,000192
несу 1,690196 0,000525
несуществующими 2,167317 0,000673
несчастие 1,125925 0,000699
нетвердо 2,167317 0,000673
нибудь 0,030597 0,000028
нижнем 1,565257 0,000486
низенькою 2,167317 0,000673
низенькую 1,690196 0,000525
низкий 1,389166 0,000431
низостью 1,468347 0,000456
никогда 0,088136 0,000137
никому 0,504560 0,000157
ними 0,275223 0,000171
нина 0,963197 0,000598
ничего 0,030597 0,000057
новую 0,752344 0,000234
ногах 0,866287 0,000269
носа 1,690196 0,000525
нравитесь 2,167317 0,001345
нравственной 1,468347 0,000456
нравственным 1,690196 0,000525
нуждаюсь 1,565257 0,000486
нужен 0,963197 0,000299
нужно 0,514105 0,000319
обещали 1,468347 0,000456
обидчивый 1,565257 0,000486
обличают 2,167317 0,001345
ободранный 2,167317 0,000673
обожают 1,690196 0,000525
образованном 2,167317 0,000673
образованность 2,167317 0,000673
обратилась 0,888564 0,000276
обратился 0,443041 0,000138
обратно 0,675956 0,000420
обставленную 2,167317 0,000673
обстоятельствам 1,322219 0,000410
обстоятельствах 1,322219 0,000410
обстоятельство 0,787106 0,000244
общества 0,787106 0,000489
обществе 0,675956 0,000210
общественное 0,000000 0,000000
общество 0,991226 0,000308
объяснение 0,845098 0,000262
обычный 2,167317 0,000673
обычным 1,866287 0,000579
обязан 1,125925 0,000699
ограбил 1,213075 0,000753
одетой 1,866287 0,000579
один 0,046743 0,000015
одним 0,286504 0,000178
одно 0,099131 0,000062
одного 0,150284 0,000047
одной 0,243038 0,000075
одном 0,504560 0,000157
одному 0,334808 0,000312
одною 0,787106 0,000244
одну 0,232819 0,000217
одолеет 2,167317 0,000673
ожесточился 2,167317 0,000673
ожидал 0,675956 0,000210
ожидали 1,021189 0,000317
озлоблен 1,866287 0,000579
окажутся 1,565257 0,000486
оказался 0,824895 0,000256
окончательно 0,565257 0,000175
опасайтесь 1,866287 0,000579
оправдывает 2,167317 0,000673
оправдываю 1,690196 0,000525
опубликовано 0,000000 0,000000
оригинальная 1,866287 0,000579
осажденный 2,167317 0,001345
освещенные 1,866287 0,000579
осматривать 1,468347 0,000456
особенно 0,129891 0,000040
оставил 0,648803 0,000201
остановились 1,053374 0,000654
остановило 1,866287 0,000579
остановился 0,419129 0,000130
останусь 1,125925 0,000349
остаюсь 1,690196 0,000525
остывшим 2,167317 0,000673
отвечай 1,088136 0,001013
отвечал 0,648803 0,000201
отворенные 1,866287 0,000579
отворилась 1,088136 0,000338
отворяют 1,866287 0,000579
отдельной 1,690196 0,000525
отдельную 2,167317 0,000673
отдыхает 2,167317 0,000673
отдыхать 2,167317 0,000673
отец 0,316059 0,000589
отечестве 1,866287 0,000579
отзываются 2,167317 0,000673
отказались 1,468347 0,000456
откланивалась 2,167317 0,000673
отливы 2,167317 0,000673
отложил 1,264227 0,000392
отлучился 1,468347 0,000456
отправимся 1,866287 0,000579
отправиться 1,125925 0,000349
отправляя 2,167317 0,000673
отпустить 1,389166 0,000431
отслуживший 2,167317 0,000673
отсмеиваясь 2,167317 0,000673
отстать 1,468347 0,000456
отступать 2,167317 0,000673
отсюда 0,805589 0,000500
оттепель 1,690196 0,000525
отчасти 0,611015 0,000190
отчаянии 0,912045 0,000283
оформление 0,000000 0,000000
очаровательного 2,167317 0,000673
очаровательное 1,690196 0,000525
очаровательный 1,866287 0,000579
очень 0,024303 0,000053
ошиблись 1,565257 0,000486
ошибся 0,963197 0,000598
папаша 1,088136 0,000675
париж 1,264227 0,000392
парижский 1,866287 0,000579
первая 0,419129 0,000390
первом 0,805589 0,000250
первые 0,787106 0,000244
первый 0,248239 0,000077
перебил 0,635838 0,000197
перед 0,554533 0,000172
передайте 1,264227 0,000392
передать 0,690196 0,000214
переднюю 1,389166 0,000431
переносить 1,213075 0,000376
перескочить 1,565257 0,000486
перестал 0,675956 0,000210
перестать 2,167317 0,001345
перетаскал 2,167317 0,000673
перешло 0,000000 0,000000
печатно 1,690196 0,000525
пешеходы 2,167317 0,000673
пешком 1,389166 0,000862
пирогов 1,565257 0,000486
письмами 1,690196 0,000525
пишут 1,053374 0,000327
платье 0,704919 0,000438
платьем 1,468347 0,000456
платья 1,213075 0,000376
плачевным 1,866287 0,000579
плетеных 2,167317 0,000673
плодотворна 2,167317 0,000673
плохо 0,912045 0,000283
площади 1,021189 0,000317
побудила 2,167317 0,000673
поведение 1,690196 0,000525
повернулся 0,587534 0,000182
повторил 0,752344 0,000234
подборка 0,000000 0,000000
подковами 2,167317 0,000673
подлец 0,662167 0,000206
подозрительной 2,167317 0,000673
подонки 2,167317 0,000673
подошли 1,053374 0,000327
подперла 1,866287 0,000579
подробности 0,648803 0,000201
подушкой 1,213075 0,000376
подушку 0,912045 0,000283
подхватывая 2,167317 0,000673
подчиненного 2,167317 0,000673
подчиненных 2,167317 0,000673
подъезд 2,167317 0,000673
пожелание 2,167317 0,001345
познакомить 1,565257 0,001457
пойдемте 0,888564 0,000276
покажется 1,213075 0,000376
показала 1,021189 0,000317
показалось 0,495219 0,000154
показался 1,125925 0,000349
поклон 0,936868 0,000291
покорилась 1,866287 0,000579
покорнейше 1,866287 0,000579
полагать 1,565257 0,000486
полдюжиной 2,167317 0,000673
полов 2,167317 0,000673
половина 0,866287 0,000269
положили 1,088136 0,000338
положить 1,167317 0,000362
полу 0,735954 0,000228
получает 1,690196 0,000525
помалу 0,675956 0,000210
поминутно 0,635838 0,000197
помнят 1,866287 0,000579
помогает 1,866287 0,000579
помогать 1,322219 0,000410
помочь 0,912045 0,000283
помощию 1,690196 0,000525
понадеяться 2,167317 0,000673
поневоле 1,167317 0,000362
понимаю 0,381987 0,000119
понял 0,396465 0,000123
понять 0,396465 0,000123
поощрять 1,866287 0,000579
попадались 2,167317 0,000673
попали 1,565257 0,000486
попросить 1,088136 0,000338
попятный 2,167317 0,000673
пора 0,845098 0,000262
посетителей 0,000000 0,000000
посетители 0,000000 0,000000
посетитель 1,565257 0,000486
после 0,084532 0,000026
последние 0,533849 0,000166
послушайте 0,787106 0,000244
послушно 1,565257 0,000486
посмертно 0,000000 0,000000
посмеялся 1,866287 0,000579
посмотрим 1,322219 0,000410
посмотрите 0,888564 0,000276
посреди 1,322219 0,000410
пострадавший 2,167317 0,000673
потворством 2,167317 0,000673
потерявшийся 1,389166 0,000431
потерянный 1,322219 0,000410
потому 0,024303 0,000068
потревожил 2,167317 0,000673
потрясение 1,690196 0,000525
поход 2,167317 0,001345
походку 1,866287 0,000579
почему 0,099131 0,000031
почти 0,024303 0,000038
пошел 0,275223 0,000085
пощадил 1,690196 0,000525
пощечину 1,167317 0,000362
поэт 1,468347 0,000456
появляется 1,565257 0,000486
праведника 1,389166 0,000431
правую 0,936868 0,000291
праздник 1,468347 0,000456
пред 0,033778 0,000021
предел 1,389166 0,000431
предоминирования 2,167317 0,000673
предприятие 2,167317 0,000673
предрассудков 1,468347 0,000456
предрассудок 1,389166 0,000431
представлен 1,690196 0,000525
прежней 0,936868 0,000291
прежних 0,991226 0,000308
презирать 1,213075 0,000376
прекратил 1,389166 0,000431
прекращаешь 2,167317 0,000673
преспокойно 1,866287 0,000579
приблизилась 1,690196 0,000525
пригласила 1,389166 0,000431
пригласить 1,565257 0,000486
приглашен 1,468347 0,000456
приданого 1,565257 0,000486
прижизненно 0,000000 0,000000
признак 1,264227 0,000392
приливы 2,167317 0,000673
приличия 1,866287 0,000579
примут 1,167317 0,000725
принесла 1,264227 0,000392
принимаешь 1,389166 0,000431
принимать 0,936868 0,000291
припадке 0,824895 0,000256
припомнили 1,866287 0,000579
пристально 0,389166 0,000242
приходе 1,690196 0,000525
пришел 0,322219 0,000100
пришли 0,704919 0,000656
пробормотал 0,334808 0,000104
провел 1,053374 0,000327
провести 1,468347 0,000456
проводите 1,866287 0,000579
прогнали 1,690196 0,000525
прогневала 2,167317 0,000673
проговорила 0,533849 0,000166
программирование 0,000000 0,000000
продал 1,213075 0,000376
продолжал 0,292256 0,000272
продолжалась 1,468347 0,000456
продолжать 0,690196 0,000214
продолжаю 1,167317 0,000362
произведение 0,000000 0,000000
произведений 0,000000 0,000000
произведения 0,000000 0,000000
пропуск 2,167317 0,000673
пропустит 2,167317 0,000673
просил 0,599116 0,000186
простить 0,824895 0,000256
просто 0,232819 0,000072
просьбой 1,167317 0,000362
против 0,389166 0,000242
проценты 1,468347 0,000456
прочее 1,322219 0,000410
прошло 0,000000 0,000000
прошу 0,599116 0,000186
прощайте 0,845098 0,000525
прямо 0,118099 0,000073
публикации 0,000000 0,000000
пуль 2,167317 0,001345
пустимся 2,167317 0,000673
пусть 0,253503 0,000157
пьян 0,824895 0,000256
пьяницу 1,866287 0,000579
пьяные 1,468347 0,000456
пьяный 0,888564 0,000276
пяти 0,662167 0,000206
пятнадцать 0,936868 0,000291
пять 0,275223 0,000256
разве 0,146128 0,000045
разделывайтесь 2,167317 0,000673
раздражен 1,125925 0,000349
раздражить 1,690196 0,000525
разменяйте 2,167317 0,000673
разница 1,213075 0,000376
разнообразную 2,167317 0,000673
разозлился 1,690196 0,000525
разойдутся 1,690196 0,000525
разрешения 0,000000 0,000000
рано 0,787106 0,000244
раскланиваясь 2,167317 0,000673
расположился 1,468347 0,000456
расскажете 1,866287 0,000579
расскажу 0,912045 0,000283
рассказал 0,587534 0,000182
рассказать 0,623249 0,000193
рассматривать 1,264227 0,000392
расстроен 1,389166 0,000431
рассчитывал 0,963197 0,000598
рассчитывать 1,866287 0,001158
решил 0,514105 0,000160
решился 0,554533 0,000172
решительно 0,341243 0,000106
робейте 2,167317 0,000673
робел 1,690196 0,000525
родители 1,167317 0,000362
родитель 1,322219 0,000410
рождения 0,888564 0,000276
россии 0,623249 0,000193
ростовщики 1,690196 0,001049
ростовщиков 2,167317 0,000673
ростовщичество 2,167317 0,000673
рублей 0,367977 0,000343
руках 0,396465 0,000123
руки 0,167317 0,000052
рукой 0,486076 0,000151
русская 0,000000 0,000000
ручку 0,888564 0,000276
рушилось 2,167317 0,000673
рысаки 2,167317 0,000673
сайте 0,000000 0,000000
сама 0,208276 0,000065
сами 0,142011 0,000132
самодовольной 1,866287 0,000579
самолюбия 1,389166 0,000431
самом 0,114239 0,000035
самому 0,426955 0,000133
самый 0,198834 0,000062
сбегала 1,565257 0,000486
свидетелем 0,991226 0,000308
свистал 2,167317 0,000673
свободно 0,000000 0,000000
свободный 1,389166 0,000431
свое 0,150284 0,000047
своего 0,091770 0,000028
своей 0,066947 0,000042
своему 0,367977 0,000114
свою 0,073896 0,000046
свысока 1,088136 0,000338
сдайте 2,167317 0,000673
сделал 0,381987 0,000237
сделать 0,403889 0,000251
сделаю 0,845098 0,000262
себе 0,033778 0,000052
себя 0,005949 0,000002
севастополь 2,167317 0,001345
сегодня 0,000000 0,000000
сейчас 0,070407 0,000044
села 1,053374 0,000327
семейные 1,468347 0,000456
семейный 1,322219 0,000410
семейств 2,167317 0,000673
семейства 0,690196 0,000857
семейство 0,936868 0,000582
семейством 1,021189 0,000317
семидесяти 0,000000 0,000000
сердечное 1,690196 0,001049
сердца 0,334808 0,000104
сердце 0,171682 0,000107
сестер 1,264227 0,000392
сидел 0,322219 0,000100
силой 0,675956 0,000210
силы 0,514105 0,000160
сильнейшем 1,468347 0,000456
сильно 0,292256 0,000091
сильные 1,264227 0,000392
сильных 1,322219 0,000410
сиротских 2,167317 0,001345
сказал 0,099131 0,000092
сказать 0,073896 0,000092
скандал 1,053374 0,000327
скандалом 1,690196 0,000525
скитались 2,167317 0,000673
склонился 1,322219 0,000410
скорее 0,514105 0,000160
скоро 0,298086 0,000093
скорые 1,866287 0,000579
слаб 1,213075 0,000753
следовал 1,468347 0,000456
слезой 1,866287 0,000579
словом 0,367977 0,000228
службу 1,264227 0,000392
службы 1,213075 0,000376
случае 0,248239 0,000231
случай 0,443041 0,000275
слушал 0,576253 0,000179
смесь 1,690196 0,000525
смеются 1,021189 0,000634
смеялся 0,576253 0,000179
смотришь 1,021189 0,000317
смотря 0,322219 0,000100
сначала 0,434924 0,000135
снисходительный 2,167317 0,000673
сном 0,936868 0,000291
собой 0,253503 0,000079
собрание 0,000000 0,000000
собрания 1,690196 0,000525
собственно 0,565257 0,000351
собственное 0,888564 0,000276
совал 2,167317 0,000673
совершенно 0,180546 0,000224
совестно 1,167317 0,000725
совокупилось 1,866287 0,000579
совсем 0,021189 0,000026
согласия 0,000000 0,000000
сожалели 2,167317 0,000673
сожалением 1,322219 0,000410
сожалеть 1,565257 0,000486
соки 2,167317 0,000673
соколович 2,167317 0,002691
соколовича 2,167317 0,000673
соколовичи 2,167317 0,000673
соколовичу 2,167317 0,001345
сомнения 0,523865 0,000325
сопровождать 1,167317 0,000362
сорока 1,125925 0,000699
сорта 1,389166 0,000431
составляет 1,125925 0,000349
социальных 1,690196 0,000525
сочинений 0,000000 0,000000
союз 1,322219 0,000410
сплошь 1,125925 0,000349
спорить 1,167317 0,000362
спросил 0,222835 0,000207
спускался 1,866287 0,000579
спустятся 2,167317 0,000673
среди 0,769377 0,000239
ставшая 1,866287 0,000579
стал 0,125925 0,000078
стала 0,544068 0,000169
стали 0,322219 0,000100
стало 0,091770 0,000028
старинный 1,866287 0,000579
старшая 1,088136 0,000338
старший 1,213075 0,000376
старый 0,824895 0,000512
стати 1,213075 0,000376
стена 1,690196 0,000525
стене 1,053374 0,000327
стену 1,125925 0,000349
степени 0,389166 0,000121
стихи 1,125925 0,000349
стоит 0,316059 0,000098
стойку 2,167317 0,000673
стол 0,486076 0,000151
стола 0,675956 0,000210
столиками 2,167317 0,000673
столике 1,264227 0,000392
столицы 1,866287 0,000579
столкнувшись 2,167317 0,000673
столу 0,752344 0,000234
стороны 0,185046 0,000115
стоя 0,963197 0,000299
стоял 0,309985 0,000096
стояло 1,213075 0,000376
странно 0,354404 0,000110
странное 0,690196 0,000214
странный 0,787106 0,000244
струны 1,866287 0,000579
стул 0,648803 0,000201
стульев 1,389166 0,000431
ступая 2,167317 0,000673
стыдно 0,504560 0,000470
стыдятся 2,167317 0,000673
сударыня 1,213075 0,000376
судьбе 0,936868 0,000291
существе 1,565257 0,000486
сущности 0,752344 0,000234
сходя 1,690196 0,000525
сцену 0,845098 0,000262
счастливую 1,866287 0,000579
счастьем 1,264227 0,000392
считая 1,389166 0,000431
съест 1,565257 0,000486
сына 0,576253 0,000358
сюда 0,232819 0,000145
сюрприз 1,690196 0,001049
также 0,000000 0,000000
таки 0,066947 0,000062
таких 0,243038 0,000075
такова 1,088136 0,000338
такого 0,243038 0,000075
такое 0,114239 0,000035
такой 0,077412 0,000024
таком 0,309985 0,000192
такую 0,334808 0,000104
твердой 1,389166 0,000431
твоими 1,565257 0,000486
театра 1,866287 0,001738
театру 2,167317 0,001345
тебе 0,203530 0,000063
тебя 0,198834 0,000062
текст 0,000000 0,000000
телеграфировал 2,167317 0,000673
темное 1,468347 0,000456
темную 2,167317 0,000673
теперешний 1,167317 0,000362
теперь 0,015029 0,000056
теплый 1,866287 0,000579
терентьева 1,866287 0,000579
терентьевой 2,167317 0,000673
терять 1,125925 0,000349
тиран 1,866287 0,000579
товарищ 1,213075 0,000376
товарища 1,389166 0,000431
товарищей 1,125925 0,000349
товарищи 1,468347 0,000911
тогда 0,050046 0,000047
того 0,005949 0,000007
тоже 0,043466 0,000027
толпой 1,322219 0,000410
только 0,002964 0,000015
томах 0,000000 0,000000
тому 0,095435 0,000030
топографические 2,167317 0,000673
торжествующей 2,167317 0,000673
тотчас 0,046743 0,000058
точности 0,866287 0,000269
требуют 1,565257 0,000486
тревог 1,468347 0,000456
трепетавший 2,167317 0,000673
третий 0,544068 0,000169
трех 0,374926 0,000116
тринадцать 1,389166 0,000862
трое 0,824895 0,001024
тротуара 1,690196 0,000525
тротуарам 1,866287 0,000579
трудно 0,459747 0,000143
туалет 1,690196 0,000525
туда 0,495219 0,000307
туфлях 1,565257 0,000486
тысяч 0,451314 0,000140
убежать 1,322219 0,000410
убеждений 1,389166 0,000431
уважать 0,963197 0,000299
уважаю 1,125925 0,000699
уважение 1,021189 0,000317
уважения 0,963197 0,000299
уверены 0,805589 0,000500
увидала 1,125925 0,000349
увидим 1,322219 0,000821
увидит 1,053374 0,000327
увидите 0,769377 0,000239
углов 2,167317 0,000673
углу 0,599116 0,000186
уговаривал 1,468347 0,000456
угодно 0,504560 0,000157
удивляюсь 0,912045 0,000283
удовольствием 0,704919 0,000219
уехали 1,468347 0,000456
ужасно 0,167317 0,000312
ужасную 1,213075 0,000376
ужасу 1,690196 0,000525
узенькую 2,167317 0,000673
укажет 1,866287 0,000579
украшение 1,866287 0,000579
улиц 1,690196 0,000525
улицам 1,389166 0,000431
улицы 1,125925 0,000349
умер 0,662167 0,000206
умереть 0,936868 0,000291
умершим 0,000000 0,000000
умных 1,322219 0,000410
умолку 1,690196 0,000525
умоюсь 2,167317 0,000673
уныло 1,866287 0,000579
унылою 2,167317 0,000673
унылый 1,866287 0,000579
услышав 1,125925 0,000349
успел 0,354404 0,000110
успеха 1,389166 0,000431
устроилось 1,690196 0,000525
утро 0,662167 0,000206
утром 0,411442 0,000128
федор 0,000000 0,000000
федоровну 2,167317 0,000673
филипповна 0,824895 0,000512
филипповне 0,936868 0,000872
филипповну 0,888564 0,000276
филипповны 0,845098 0,000787
франц 0,635838 0,000197
хвастовства 2,167317 0,000673
хитрец 1,866287 0,001158
хитрый 1,565257 0,000486
ходить 0,576253 0,000179
хозяйка 1,088136 0,000338
хорошо 0,189594 0,000059
хотел 0,158717 0,000148
хотите 0,419129 0,000390
хотя 0,050046 0,000016
хочу 0,243038 0,000226
хуже 0,635838 0,000197
целый 0,486076 0,000151
церемонии 1,125925 0,000349
церемонно 1,866287 0,000579
часа 0,000000 0,000000
часов 0,411442 0,000128
часть 0,002964 0,000002
чахотка 1,264227 0,000392
чего 0,040213 0,000025
человек 0,036984 0,000080
через 0,258832 0,000080
черной 1,389166 0,000431
черт 0,477121 0,000148
честный 1,021189 0,000317
честных 1,389166 0,000862
четверг 1,690196 0,000525
четвертом 1,565257 0,000486
четвертый 0,991226 0,000308
число 0,000000 0,000000
чистых 1,565257 0,000486
читаем 0,000000 0,000000
читать 0,000000 0,000000
членов 1,322219 0,000410
чрез 0,275223 0,000342
чрезвычайно 0,217927 0,000135
чрезвычайный 1,088136 0,000338
чтоб 0,073896 0,000023
чтобы 0,030597 0,000047
чувствовать 1,125925 0,000349
чувством 0,704919 0,000219
чувствует 0,866287 0,000269
чуть 0,176091 0,000055
чьего 0,000000 0,000000
швейцар 2,167317 0,002018
швейцара 2,167317 0,000673
шлепали 2,167317 0,000673
шопена 2,167317 0,000673
щеку 1,389166 0,000431
экипажи 1,690196 0,000525
экономическое 2,167317 0,000673
экономки 2,167317 0,000673
эскадроне 2,167317 0,000673
этаж 1,866287 0,000579
этаже 1,322219 0,001231
этих 0,213075 0,000066
этого 0,053374 0,000033
этой 0,118099 0,000073
этом 0,046743 0,000102
этому 0,322219 0,000100
этот 0,011981 0,000022
этою 0,599116 0,000186
эхидный 2,167317 0,000673
явились 1,088136 0,000338
являлся 1,213075 0,000376
