автор 0,000000 0,000000
автором 0,000000 0,000000
авторского 0,000000 0,000000
авторы 0,000000 0,000000
алексей 0,000000 0,000000
алексея 0,000000 0,000000
алеша 0,381987 0,000324
алеши 0,544068 0,000154
басню 1,866287 0,000528
беззвучно 2,167317 0,000614
безукоризненно 1,690196 0,000479
безумная 1,167317 0,000330
белой 1,565257 0,000886
берите 1,468347 0,000416
беспокойтесь 0,805589 0,000228
бесчестен 1,213075 0,000687
бесчестишь 2,167317 0,000614
библиотека 0,000000 0,000000
билась 1,866287 0,000528
благородный 1,088136 0,000308
близок 1,866287 0,000528
богатое 1,690196 0,000479
более 0,000000 0,000000
болезненное 1,322219 0,000374
болен 0,704919 0,000399
больно 0,787106 0,000223
больной 0,611015 0,000519
больше 0,137934 0,000039
боязни 1,690196 0,000479
боясь 0,963197 0,000273
брат 0,303994 0,000430
брата 0,389166 0,000220
братья 0,176091 0,000199
бредил 1,468347 0,000831
бредите 1,866287 0,000528
бросилась 0,648803 0,000184
бросить 0,963197 0,000273
будет 0,077412 0,000066
будто 0,099131 0,000028
буду 0,208276 0,000118
будь 0,720159 0,000408
бумага 1,167317 0,000661
бумагу 1,264227 0,000358
бывшие 1,389166 0,000393
была 0,046743 0,000053
были 0,099131 0,000196
было 0,000000 0,000000
быть 0,002964 0,000012
важности 1,264227 0,000358
ванька 1,565257 0,000443
ваше 0,434924 0,000493
ваши 0,434924 0,000246
ввиду 1,088136 0,000308
вглядываясь 1,125925 0,000319
вдруг 0,005949 0,000034
ведь 0,043466 0,000012
везти 1,264227 0,000358
велю 1,565257 0,000443
венчать 1,866287 0,000528
верила 1,264227 0,000716
вероятно 0,623249 0,000176
верьте 0,824895 0,000234
весь 0,099131 0,000028
вечер 0,477121 0,000135
вечера 0,623249 0,000176
вечером 0,533849 0,000151
вечно 0,824895 0,000234
вещественным 2,167317 0,000614
вещественными 1,690196 0,000957
вещь 0,720159 0,000204
взвизгивая 1,690196 0,000479
взволнован 1,690196 0,000479
взял 0,269690 0,000534
видел 0,248239 0,000070
видела 0,888564 0,000503
видели 0,495219 0,000140
видения 1,565257 0,000443
видимо 0,328468 0,000186
видимом 1,690196 0,000479
видит 0,690196 0,000195
видите 0,396465 0,000112
видно 0,504560 0,000143
видом 0,389166 0,000110
вижу 0,286504 0,000162
визиты 0,000000 0,000000
виновен 0,912045 0,000258
вину 1,322219 0,000374
вместо 0,411442 0,000116
внезапная 1,264227 0,000716
внезапному 1,690196 0,000479
внимания 0,845098 0,000239
внимательнее 1,389166 0,000393
внимательно 0,845098 0,000239
вода 1,468347 0,000416
возбуждении 1,088136 0,000308
вознаграждения 0,000000 0,000000
возьмет 0,888564 0,000252
возьмешь 1,468347 0,000416
возьми 0,704919 0,000200
возьмите 1,021189 0,000289
вообразив 2,167317 0,000614
вопил 1,565257 0,000443
воплем 1,565257 0,000886
вопрос 0,222835 0,000126
вопросом 1,053374 0,000298
вопросы 0,599116 0,000679
воротился 0,599116 0,000170
восемь 0,824895 0,000234
воскликнул 0,309985 0,000088
воскликнула 0,845098 0,000718
восклицала 1,167317 0,000661
впервые 1,565257 0,000443
вперед 0,426955 0,000121
впечатление 0,544068 0,000308
вполне 0,316059 0,000089
впоследствии 0,662167 0,000187
вправду 0,888564 0,000252
впрочем 0,118099 0,000100
врач 1,389166 0,000393
время 0,043466 0,000037
всегда 0,129891 0,000074
всего 0,040213 0,000023
всем 0,070407 0,000020
всею 0,888564 0,000252
вскоцу 2,167317 0,002454
вскочил 0,587534 0,000333
вскочила 0,888564 0,000252
вскрикивала 1,690196 0,000479
вскричал 0,292256 0,000165
вслед 0,523865 0,000148
вслух 0,533849 0,000151
встала 0,963197 0,000273
встречает 1,389166 0,000393
всходя 1,690196 0,000479
входа 1,167317 0,000330
вчера 0,341243 0,000193
вчиталась 2,167317 0,000614
вывесть 1,866287 0,000528
выводить 1,565257 0,000443
вызвали 1,565257 0,000443
вызовом 1,053374 0,000298
выкрикивал 1,322219 0,000374
выкрикивая 1,866287 0,000528
выносили 1,690196 0,000479
вынул 0,599116 0,000170
вынула 1,264227 0,000358
выплаты 0,000000 0,000000
вырвалось 0,704919 0,000399
выродилась 2,167317 0,000614
высказаться 1,167317 0,000330
выслушать 1,088136 0,000616
выслушают 2,167317 0,000614
выслушивать 1,866287 0,000528
вытянули 1,866287 0,000528
вышлют 2,167317 0,000614
гадину 1,389166 0,000393
геологический 1,866287 0,000528
гимн 1,264227 0,000358
главное 0,189594 0,000054
главные 1,264227 0,000358
глаза 0,129891 0,000184
глазами 0,403889 0,000229
глазах 0,459747 0,000130
глубины 1,167317 0,000330
глубокая 1,389166 0,000787
глубоко 0,611015 0,000173
глупо 0,845098 0,000479
глупости 0,912045 0,000258
глядел 0,554533 0,000314
глядела 1,125925 0,000319
глядя 0,611015 0,000173
говорил 0,095435 0,000054
говорила 0,587534 0,000166
говорили 0,374926 0,000106
говорит 0,189594 0,000107
говорить 0,162996 0,000092
голову 0,227798 0,000193
голосом 0,396465 0,000112
гордая 1,125925 0,000319
гордости 0,805589 0,000456
город 0,523865 0,000148
горы 0,963197 0,000273
горячке 1,167317 0,001322
горячки 1,565257 0,000443
горячку 1,866287 0,000528
господин 0,514105 0,000146
гости 0,769377 0,000218
готов 0,544068 0,000154
готова 1,088136 0,000616
громко 0,504560 0,000286
груди 0,675956 0,000191
грушенька 0,675956 0,000191
давалась 2,167317 0,000614
давеча 0,232819 0,000264
даже 0,005949 0,000013
дайте 0,735954 0,000208
дальнейшего 1,213075 0,000343
дальше 0,002964 0,000001
дамы 0,648803 0,000184
данные 0,000000 0,000000
дать 0,623249 0,000353
двенадцатая 0,936868 0,000531
девичий 1,866287 0,000528
девка 1,468347 0,000416
дело 0,063514 0,000018
денег 0,309985 0,000263
день 0,162996 0,000231
деньги 0,280827 0,001193
деревню 1,389166 0,000393
дескать 0,419129 0,000119
дикою 1,690196 0,000479
дмитрием 1,021189 0,000289
довольно 0,129891 0,000037
довольны 1,213075 0,000343
дожидаясь 1,866287 0,000528
доказательствам 1,690196 0,000479
доказательствами 1,565257 0,000886
доктор 0,735954 0,001042
документ 1,322219 0,000749
документом 2,167317 0,000614
долго 0,222835 0,000126
должен 0,258832 0,000073
должна 0,824895 0,000234
должно 0,286504 0,000162
доложил 1,690196 0,000957
допрошены 2,167317 0,000614
дорог 1,088136 0,000308
досталось 1,322219 0,000374
достаточно 1,264227 0,000358
достоевский 0,000000 0,000000
достояние 0,000000 0,000000
друг 0,269690 0,000153
друга 0,419129 0,000119
другая 0,648803 0,000184
другого 0,396465 0,000112
другой 0,146128 0,000083
другом 0,477121 0,000540
другую 0,495219 0,000140
дрянной 1,468347 0,000416
думал 0,258832 0,000147
дурнота 2,167317 0,000614
духе 1,322219 0,000374
душа 0,565257 0,000160
души 0,523865 0,000148
дьявола 1,690196 0,000479
единственным 1,322219 0,000749
если 0,011981 0,000027
есть 0,018098 0,000026
ехидно 1,690196 0,000479
жадно 1,053374 0,000298
жгучим 2,167317 0,000614
ждали 0,720159 0,000204
желает 1,021189 0,000289
желал 0,611015 0,000173
желала 1,088136 0,000308
желаю 0,735954 0,000208
желают 1,690196 0,000479
жениться 0,912045 0,000516
женщины 0,576253 0,000326
жертву 1,167317 0,000661
жизни 0,222835 0,000063
жизнь 0,162996 0,000092
забеспокоился 1,565257 0,000443
заволновалось 2,167317 0,000614
завопил 0,787106 0,000669
завопила 1,565257 0,000443
завязать 1,565257 0,000443
загорланит 2,167317 0,000614
задумчиво 0,912045 0,000258
задумчивости 0,991226 0,000281
задыхаясь 1,021189 0,000289
заикаясь 1,690196 0,000479
заключил 0,523865 0,000148
закричал 0,599116 0,000170
закричала 1,021189 0,000289
закрыв 1,167317 0,000330
зала 1,125925 0,000319
зале 0,936868 0,000265
залу 0,735954 0,000625
залы 1,213075 0,001030
замерла 1,690196 0,000479
замечено 1,866287 0,000528
замечу 1,088136 0,000308
замучил 1,690196 0,000479
занести 2,167317 0,000614
занимался 1,866287 0,000528
запел 1,690196 0,000479
заранее 0,576253 0,000326
зарыдала 1,690196 0,000479
засверкав 1,264227 0,000358
заседания 1,866287 0,000528
заслужил 1,213075 0,000343
засмеялся 0,495219 0,000140
затем 0,237898 0,000067
затихло 1,264227 0,000358
зато 0,468347 0,000133
захотел 0,787106 0,000669
захоцу 2,167317 0,002454
захочу 0,936868 0,000265
зачем 0,146128 0,000041
защитник 1,125925 0,000319
защитника 1,125925 0,000319
защитнику 1,389166 0,000787
зверь 1,125925 0,000319
здесь 0,095435 0,000081
здоров 1,167317 0,000661
здоровы 1,866287 0,000528
здравом 2,167317 0,000614
землей 1,264227 0,000358
земной 1,088136 0,000308
злобы 0,824895 0,000701
злорадно 1,866287 0,000528
злые 1,690196 0,000479
змея 2,167317 0,000614
знаете 0,286504 0,000324
знал 0,114239 0,000097
знала 0,635838 0,000540
знаменитый 1,389166 0,000393
значит 0,243038 0,000069
знаю 0,095435 0,000054
зная 0,623249 0,000353
зрелищ 2,167317 0,001227
зрелище 1,468347 0,000416
зрительницы 2,167317 0,000614
иван 0,303994 0,000861
ивана 0,504560 0,000429
ивановна 0,486076 0,000413
ивановной 0,963197 0,000545
ивановны 0,554533 0,000314
ивану 0,623249 0,000176
изверг 1,021189 0,000289
изверга 1,389166 0,002360
изменил 1,125925 0,000319
изменой 1,690196 0,000479
измену 1,389166 0,000787
измены 1,468347 0,000416
изнеможенным 1,866287 0,000528
изучила 1,690196 0,000479
имеете 1,053374 0,000596
именно 0,066947 0,000076
имею 0,565257 0,000640
ипполит 0,675956 0,000191
искривленно 1,565257 0,000443
искривленною 1,468347 0,000416
использоваться 0,000000 0,000000
испугались 1,389166 0,000393
испуге 0,690196 0,000195
исступлением 2,167317 0,000614
исступлении 0,735954 0,000208
истерика 1,213075 0,000687
истерике 0,991226 0,000281
истерическою 2,167317 0,000614
источник 0,000000 0,000000
истратил 1,866287 0,000528
каждую 0,936868 0,000265
каждый 0,367977 0,000208
кажется 0,118099 0,000100
каким 0,194189 0,000165
каких 0,468347 0,000133
какое 0,227798 0,000129
какой 0,095435 0,000054
каком 0,381987 0,000108
какому 0,805589 0,000228
какою 0,599116 0,000170
каналья 1,565257 0,000443
карамазовы 0,180546 0,000204
катастрофа 1,389166 0,000787
катастрофой 1,468347 0,000416
катерина 0,735954 0,000625
катериной 1,213075 0,000687
катерины 0,752344 0,000426
катя 1,053374 0,002684
квадриллион 1,866287 0,000528
квадриллионов 1,866287 0,000528
кивнул 1,053374 0,000298
кинулась 1,565257 0,000443
кинулся 1,213075 0,000343
кириллович 1,088136 0,000308
клеветала 2,167317 0,000614
клянусь 0,635838 0,000360
книга 0,176091 0,000100
книги 0,000000 0,000000
когда 0,015029 0,000038
кого 0,222835 0,000063
комаров 0,000000 0,000000
конвульсивно 1,565257 0,000443
конечно 0,060107 0,000051
конфиденциально 1,468347 0,000416
конца 0,704919 0,000200
кончил 0,587534 0,000166
кончилось 0,845098 0,000239
которая 0,361137 0,000307
которое 0,426955 0,000121
которой 0,213075 0,000060
которую 0,292256 0,000083
которые 0,189594 0,000215
которых 0,426955 0,000121
крайней 0,298086 0,000169
красноречия 1,690196 0,000479
кратко 1,866287 0,000528
крестьянская 2,167317 0,000614
кривляются 2,167317 0,000614
крича 1,389166 0,000393
кроме 0,158717 0,000045
куда 0,248239 0,000070
лгала 1,565257 0,000886
лгуны 2,167317 0,000614
легкая 1,565257 0,000443
легко 0,752344 0,000213
лежали 1,021189 0,000289
лежат 0,991226 0,000281
лечиться 1,565257 0,000443
либо 0,000000 0,000000
литература 0,000000 0,000000
лице 0,403889 0,000114
лицо 0,114239 0,000194
лицом 0,000000 0,000000
лишь 0,185046 0,000210
ломая 1,389166 0,000393
любил 0,374926 0,000212
люблю 0,347773 0,000098
любовь 0,523865 0,000445
любовью 0,824895 0,000701
любопытное 1,322219 0,000374
любопытство 0,866287 0,000245
любым 0,000000 0,000000
малейший 1,866287 0,000528
мало 0,208276 0,000059
мановению 1,690196 0,000479
математической 1,866287 0,000528
математичность 2,167317 0,000614
мгновенно 0,888564 0,000252
медленно 0,805589 0,000912
между 0,129891 0,000037
мелкий 1,389166 0,000393
мелькает 1,690196 0,000479
меня 0,027438 0,000132
мере 0,269690 0,000153
мерил 2,167317 0,000614
места 0,389166 0,000220
место 0,334808 0,000190
месяц 0,451314 0,000256
месяца 0,477121 0,000135
мечтала 1,690196 0,000479
мешается 2,167317 0,000614
минута 0,888564 0,000252
минуте 1,468347 0,000416
минуту 0,084532 0,000096
минуты 0,322219 0,000182
мите 0,735954 0,000833
мити 0,611015 0,000346
митю 0,623249 0,000529
митя 0,587534 0,001497
многое 0,662167 0,000375
мной 0,237898 0,000067
могли 0,374926 0,000212
могу 0,171682 0,000097
моей 0,280827 0,000159
моею 1,021189 0,000289
может 0,000000 0,000000
можете 0,504560 0,000286
можно 0,088136 0,000025
молила 1,690196 0,000479
молодому 0,963197 0,000273
молчать 1,088136 0,000308
момента 0,000000 0,000000
москве 0,690196 0,000195
московский 1,565257 0,000443
мстить 1,866287 0,000528
мутно 2,167317 0,000614
мутны 2,167317 0,000614
мучил 1,213075 0,000343
мучили 1,322219 0,000374
мщение 1,690196 0,000479
мщения 1,264227 0,000358
мягко 1,167317 0,000330
наверно 0,264227 0,000150
навострил 1,866287 0,000528
нагнулся 1,053374 0,000298
надо 0,036984 0,000021
надорванная 2,167317 0,000614
надорванною 2,167317 0,000614
назад 0,000000 0,000000
название 0,000000 0,000000
называл 0,963197 0,000273
найдут 1,866287 0,000528
найти 0,000000 0,000000
накануне 0,662167 0,000187
наконец 0,073896 0,000042
намеренно 1,565257 0,000443
написал 0,662167 0,001125
написано 0,000000 0,000000
напиться 1,866287 0,000528
например 0,298086 0,000084
напротив 0,180546 0,000051
напряжение 1,690196 0,000479
напряженного 1,866287 0,000528
нараставшим 2,167317 0,000614
народности 2,167317 0,000614
наружу 1,322219 0,000374
наследство 1,053374 0,000298
настаивал 0,845098 0,000239
настоящую 1,021189 0,000289
наука 0,000000 0,000000
научил 1,322219 0,000374
нахмуренно 1,389166 0,000393
начал 0,137934 0,000156
начала 0,381987 0,000108
началась 1,322219 0,000374
начали 0,735954 0,000208
начальству 1,167317 0,000330
нашей 0,599116 0,000170
наши 0,544068 0,000154
наэлектризованы 2,167317 0,000614
наяву 1,213075 0,000343
невозможно 0,411442 0,000116
невозможны 1,565257 0,000443
невольно 0,704919 0,000200
него 0,000000 0,000000
недели 0,565257 0,000160
неделю 0,662167 0,000187
недоверчивостью 1,565257 0,000443
нездоровы 1,690196 0,000479
нездоровым 2,167317 0,000614
нездоровью 2,167317 0,000614
незнанием 2,167317 0,000614
неистовым 1,866287 0,000528
нельзя 0,176091 0,000050
немедленно 0,554533 0,000471
нему 0,080958 0,000138
ненавидел 0,991226 0,000561
ненавидели 2,167317 0,000614
ненавидя 1,866287 0,000528
неожиданно 0,523865 0,000297
неожиданные 1,389166 0,000393
неподвижная 1,866287 0,000528
непонятны 1,866287 0,000528
непременно 0,133894 0,000038
несвязное 1,866287 0,000528
несколько 0,102859 0,000058
нетерпением 0,866287 0,000245
нехотя 1,389166 0,000393
нибудь 0,030597 0,000069
низости 1,322219 0,000374
низость 1,088136 0,000308
никому 0,504560 0,000143
никто 0,185046 0,000052
ничего 0,030597 0,000078
новый 0,648803 0,000184
ноги 0,477121 0,000135
ночь 0,248239 0,000070
нужны 0,936868 0,000265
нужным 0,936868 0,000265
обвел 1,468347 0,000416
обвинительную 1,866287 0,000528
обдумав 2,167317 0,000614
обдумал 1,322219 0,000374
обезумевшей 2,167317 0,000614
обернулся 0,824895 0,000234
обидно 1,053374 0,000298
обиженной 1,690196 0,000479
обожавший 2,167317 0,000614
образом 0,347773 0,000098
обратились 1,322219 0,000374
обратился 0,443041 0,000125
обращайте 1,690196 0,000479
обращенный 2,167317 0,000614
обстоятельствах 1,322219 0,000374
общественное 0,000000 0,000000
объявлен 2,167317 0,000614
объяснил 0,752344 0,000213
объяснить 0,623249 0,000176
овладели 1,866287 0,000528
оглядывать 1,690196 0,000479
одет 1,021189 0,000289
один 0,046743 0,000013
одна 0,185046 0,000052
однажды 0,635838 0,000180
однако 0,102859 0,000029
одно 0,099131 0,000056
одного 0,150284 0,000085
одну 0,232819 0,000132
ожидавшую 1,866287 0,000528
ожидании 0,824895 0,000234
оказать 1,565257 0,000443
опаснейшем 2,167317 0,000614
описал 1,322219 0,000374
описала 2,167317 0,000614
описано 2,167317 0,000614
описывать 1,565257 0,000443
описывая 2,167317 0,000614
опомнился 1,167317 0,000330
оправится 2,167317 0,000614
опубликовано 0,000000 0,000000
опустив 1,167317 0,000330
опять 0,027438 0,000047
освободите 2,167317 0,000614
оскорбил 1,125925 0,000319
осматривал 1,468347 0,000416
осмыслив 1,866287 0,000528
основательно 1,690196 0,000479
особенно 0,129891 0,000037
особенного 0,888564 0,000755
особенностями 1,866287 0,000528
особое 1,389166 0,000393
остались 0,735954 0,000208
остальных 1,167317 0,000330
остановился 0,419129 0,000119
ответил 0,237898 0,000135
отвечал 0,648803 0,000367
отвечать 0,824895 0,000234
отвращением 1,021189 0,000289
отговорился 2,167317 0,000614
отдавала 1,690196 0,000479
отдавая 1,690196 0,000479
отдал 0,866287 0,000491
отдать 0,752344 0,000213
открывал 1,389166 0,000393
открыл 0,963197 0,000273
отношения 1,021189 0,000289
отослать 1,565257 0,000443
отпустите 1,565257 0,000443
отца 0,222835 0,001136
отцеубийства 1,690196 0,000479
отцеубийца 1,468347 0,000416
отчаянии 0,912045 0,000258
отчего 0,554533 0,000314
оформление 0,000000 0,000000
очень 0,024303 0,000007
очутиться 1,468347 0,000416
пакете 1,213075 0,001030
пакетов 2,167317 0,000614
паневой 2,167317 0,000614
пациент 1,565257 0,000443
пачку 1,088136 0,000616
первенствовать 2,167317 0,000614
первую 0,805589 0,000228
переворот 1,322219 0,000374
передайте 1,264227 0,000358
передал 0,690196 0,000195
перейду 1,866287 0,000528
перекрестные 2,167317 0,000614
перерыв 1,866287 0,000528
перестав 1,468347 0,000416
перешло 0,000000 0,000000
писал 0,963197 0,000273
письма 0,704919 0,000399
письме 0,912045 0,000258
письмо 0,544068 0,001694
питер 1,866287 0,000528
пишет 1,053374 0,000298
плечи 0,991226 0,000281
победить 1,322219 0,000374
побудило 1,565257 0,000443
повернулся 0,587534 0,000166
поверьте 0,866287 0,000245
повесился 1,468347 0,000416
повторением 2,167317 0,000614
повторяю 0,648803 0,000367
погиб 1,389166 0,000787
погубил 1,690196 0,000479
погубила 1,690196 0,000479
погубить 1,264227 0,000358
подавил 2,167317 0,000614
подавляя 2,167317 0,000614
поданная 2,167317 0,000614
подборка 0,000000 0,000000
подлеца 1,088136 0,000308
подлом 1,690196 0,000479
подлый 1,565257 0,000443
подняв 1,264227 0,000358
поднял 0,504560 0,000143
поднялась 1,021189 0,000289
поднялся 0,635838 0,000180
подозревала 1,866287 0,000528
подозревать 1,053374 0,000298
подоспела 1,866287 0,000528
подробнее 1,167317 0,000330
подробностями 1,690196 0,000479
подсказывала 2,167317 0,000614
подсудимого 0,991226 0,000281
подсудимый 1,088136 0,000308
подтвердил 0,690196 0,000195
подтвердить 1,866287 0,000528
подтверждением 2,167317 0,000614
поехал 1,167317 0,000330
пожалуйста 0,662167 0,000375
пожертвовала 2,167317 0,001227
позволения 1,264227 0,000358
пока 0,213075 0,000121
покажу 0,991226 0,000281
показала 1,021189 0,000578
показание 0,912045 0,001291
показанием 1,565257 0,000443
показания 1,021189 0,000867
показаниями 2,167317 0,000614
показанное 2,167317 0,000614
показывать 1,021189 0,000578
поклон 0,936868 0,000265
поклона 1,690196 0,000479
поклонилась 1,322219 0,000374
полагаю 1,264227 0,000358
полетела 1,866287 0,000528
положительно 0,805589 0,000228
положить 1,167317 0,000330
получил 0,635838 0,000180
получила 1,213075 0,001374
пользоваться 1,322219 0,000374
помедлил 1,866287 0,000528
померли 1,866287 0,000528
помешанный 1,125925 0,000319
помирающего 2,167317 0,000614
помню 0,486076 0,000688
понимаем 1,213075 0,000343
понимал 0,554533 0,000471
понимаю 0,381987 0,000108
понял 0,396465 0,000786
поняли 0,769377 0,000218
понять 0,396465 0,000112
попросил 0,635838 0,000180
попросили 1,264227 0,000358
поразило 0,720159 0,000204
порвалось 1,866287 0,000528
порядке 0,936868 0,000265
посетителей 0,000000 0,000000
посетители 0,000000 0,000000
поскорее 0,486076 0,000138
послать 0,963197 0,000273
последнею 1,565257 0,000443
последние 0,533849 0,000151
последствия 1,690196 0,000479
посмертно 0,000000 0,000000
посмотрела 1,053374 0,000298
посмотрите 0,888564 0,000755
пособие 2,167317 0,000614
постановил 1,690196 0,000479
поступок 0,912045 0,000516
посылал 1,264227 0,000358
потом 0,084532 0,000048
потому 0,024303 0,000083
потрясающее 1,690196 0,000479
потрясен 1,213075 0,000343
потупился 1,565257 0,000443
походила 1,866287 0,000528
похожее 1,389166 0,000393
почему 0,099131 0,000056
почти 0,024303 0,000021
почтительно 1,053374 0,000298
почувствовав 1,322219 0,000374
почувствовала 1,468347 0,000416
почувствовалось 1,866287 0,000528
пошел 0,275223 0,000156
появился 1,021189 0,000289
появление 1,125925 0,000319
правда 0,162996 0,000092
превосходительство 1,213075 0,001374
пред 0,033778 0,000048
предала 1,866287 0,001057
предвидела 1,565257 0,000443
предвидеть 1,690196 0,000479
предлагать 1,389166 0,000787
предложила 1,690196 0,000479
предложить 1,213075 0,000343
предрек 1,565257 0,000443
председателем 1,468347 0,000416
председатель 1,167317 0,004296
председателю 1,866287 0,002642
председателя 1,389166 0,000787
предсмертную 2,167317 0,000614
представленное 1,866287 0,000528
представляется 1,213075 0,000343
предстояло 1,322219 0,000374
предъявить 2,167317 0,000614
прежде 0,077412 0,000066
прежнее 0,991226 0,000281
прежних 0,991226 0,000281
презирает 1,125925 0,000319
презирайте 1,565257 0,000886
презирал 1,125925 0,001594
презирать 1,213075 0,000343
презирая 1,690196 0,000479
презрением 0,866287 0,000245
прения 1,690196 0,000479
прервал 0,735954 0,000208
преступления 0,963197 0,000545
прибавил 0,275223 0,000156
прибавила 0,690196 0,000195
прибежала 1,213075 0,000343
приблизился 1,322219 0,000749
привязалась 2,167317 0,000614
приглашая 1,690196 0,000479
приговора 1,213075 0,000343
приезжий 1,690196 0,000957
прижизненно 0,000000 0,000000
признавался 1,167317 0,000330
признаваться 1,690196 0,000479
признаваясь 2,167317 0,000614
признает 1,322219 0,000374
признали 1,565257 0,000443
признание 1,125925 0,000319
признания 1,264227 0,000358
принесла 1,264227 0,000716
принесли 1,264227 0,000358
припадке 0,824895 0,000234
припадку 1,866287 0,000528
прислушиваясь 1,866287 0,000528
присоединено 2,167317 0,000614
пристав 1,690196 0,002871
пристава 1,866287 0,001585
приставу 1,866287 0,000528
присяги 1,690196 0,000479
присяжным 2,167317 0,000614
притворяются 2,167317 0,000614
приходил 0,720159 0,000408
приходила 1,167317 0,000330
пришел 0,322219 0,000274
пришла 0,648803 0,000184
пришлет 1,322219 0,000374
пришли 0,704919 0,000200
пробовала 1,866287 0,000528
проговорил 0,154480 0,000087
программа 1,690196 0,000479
программирование 0,000000 0,000000
продолжавшийся 2,167317 0,000614
продолжал 0,292256 0,000083
продолжала 0,720159 0,000204
продолжать 0,690196 0,000195
произведение 0,000000 0,000000
произведений 0,000000 0,000000
произведения 0,000000 0,000000
произвело 0,991226 0,000561
произнес 0,361137 0,000102
пройдя 1,468347 0,000416
прокричала 1,125925 0,000638
прокурор 0,888564 0,001258
прокурора 0,912045 0,000775
прокурору 1,264227 0,000716
прокутил 1,565257 0,000443
промелькнула 1,690196 0,000479
пропустите 2,167317 0,000614
проскрежетал 1,322219 0,000374
проскрежетала 1,565257 0,000443
простила 1,389166 0,000393
простить 0,824895 0,000234
простодушный 1,322219 0,000374
простонал 1,468347 0,000416
просьбе 1,053374 0,000298
против 0,389166 0,000110
протокол 1,468347 0,000416
протягивала 1,690196 0,000479
протянула 1,088136 0,000308
проч 0,662167 0,000375
прочесть 1,088136 0,000308
прочитано 2,167317 0,000614
прочтите 1,565257 0,001329
прошло 0,000000 0,000000
прошу 0,599116 0,000170
прямо 0,118099 0,000033
публикации 0,000000 0,000000
публике 0,936868 0,000265
публикой 1,866287 0,000528
публику 1,213075 0,000343
пустили 1,866287 0,000528
пытаю 2,167317 0,000614
пьяная 1,264227 0,000358
пьяный 0,888564 0,000755
равно 0,303994 0,000086
ради 0,752344 0,000213
радости 0,635838 0,000180
раза 0,426955 0,000121
разве 0,146128 0,000083
развратнику 2,167317 0,000614
развязки 2,167317 0,000614
раздвигаться 2,167317 0,000614
разных 0,866287 0,000245
разом 0,389166 0,000110
разошлись 1,389166 0,000393
разразилась 1,690196 0,000479
разрешения 0,000000 0,000000
разумеется 0,328468 0,000279
распорядиться 1,264227 0,000358
рассердились 1,690196 0,000479
расскажите 1,565257 0,000443
рассказав 1,565257 0,000443
рассказать 0,623249 0,000176
рассмеялся 0,805589 0,000228
рвалась 2,167317 0,001227
рванулся 1,565257 0,000443
репутацию 1,468347 0,000416
речей 1,565257 0,000443
речи 0,769377 0,000218
речь 0,704919 0,000399
ровно 0,533849 0,000151
родной 1,053374 0,000298
рожи 2,167317 0,000614
роковое 1,213075 0,000343
руки 0,167317 0,000047
руку 0,222835 0,000063
русская 0,000000 0,000000
рыдать 1,468347 0,000416
рыдая 1,690196 0,000479
сайте 0,000000 0,000000
сама 0,208276 0,000354
самая 0,599116 0,000339
самим 0,769377 0,000218
самого 0,118099 0,000067
самое 0,167317 0,000047
самой 0,258832 0,000073
самые 0,381987 0,000216
сарафаном 2,167317 0,000614
сатана 1,264227 0,000358
сведется 2,167317 0,000614
света 0,845098 0,000239
свидетелей 0,912045 0,001033
свидетели 0,991226 0,000281
свидетель 1,167317 0,001652
свидетельницу 2,167317 0,000614
свободно 0,000000 0,000000
свое 0,150284 0,000128
своего 0,091770 0,000156
своей 0,066947 0,000038
своем 0,198834 0,000056
свои 0,146128 0,000041
своим 0,208276 0,000118
своими 0,495219 0,000140
свой 0,189594 0,000107
свою 0,073896 0,000021
связно 1,866287 0,000528
сделал 0,381987 0,000108
сделалась 1,690196 0,000957
себе 0,033778 0,000010
себя 0,005949 0,000024
сегодня 0,000000 0,000000
сейчас 0,070407 0,000120
секретарем 1,690196 0,000479
секунд 0,936868 0,000265
секунды 1,088136 0,000308
семидесяти 0,000000 0,000000
сестре 1,167317 0,000330
сидеть 0,662167 0,000187
сидя 0,845098 0,000239
сказал 0,099131 0,000056
сказала 0,486076 0,000138
сказать 0,073896 0,000042
сколько 0,280827 0,000239
скоплявшееся 2,167317 0,000614
скорее 0,514105 0,000291
скорую 1,866287 0,000528
славу 1,468347 0,000416
следовало 0,805589 0,000228
следствие 1,322219 0,000749
следствия 1,322219 0,000374
слетела 1,866287 0,000528
слова 0,129891 0,000037
слово 0,232819 0,000066
словом 0,367977 0,000104
слушайте 0,912045 0,000258
слушал 0,576253 0,000326
слыхал 0,845098 0,000239
слышал 0,389166 0,000331
смеется 0,611015 0,000173
смердяков 0,587534 0,000832
смердякова 0,752344 0,000426
смердякову 1,053374 0,000298
смерти 0,468347 0,000530
смеяться 0,587534 0,000166
смотревший 1,565257 0,000443
смотрел 0,298086 0,000169
смотрела 0,769377 0,000218
смысле 0,752344 0,000213
смягчить 1,690196 0,000479
смятении 1,264227 0,000358
снести 1,125925 0,000638
снова 0,565257 0,000160
собака 1,264227 0,000358
соблазнить 1,690196 0,000479
собой 0,253503 0,000144
собою 0,347773 0,000098
собрание 0,000000 0,000000
совершенно 0,180546 0,000102
совести 0,690196 0,000391
совесть 0,805589 0,000228
совестью 1,389166 0,000393
совещании 2,167317 0,000614
совсем 0,021189 0,000030
согласия 0,000000 0,000000
содрогаясь 1,866287 0,000528
солгала 1,866287 0,000528
соображая 1,264227 0,000358
сообщение 1,468347 0,000416
сообщено 1,866287 0,000528
сообщил 0,824895 0,000234
сообщить 0,635838 0,000540
соперницы 1,690196 0,000479
состоянии 0,459747 0,000260
состояния 1,021189 0,000289
сотрясаясь 1,322219 0,000749
сочинений 0,000000 0,000000
сошел 0,787106 0,000223
спасти 0,769377 0,001089
спокойно 0,648803 0,000184
способен 0,787106 0,000223
способны 1,322219 0,000374
спрашивать 0,752344 0,000426
спросил 0,222835 0,000126
сразило 1,866287 0,000528
стал 0,125925 0,000036
стали 0,322219 0,000274
стало 0,091770 0,000052
стол 0,486076 0,000138
столичный 1,167317 0,000330
столом 0,735954 0,000208
стон 1,690196 0,000479
сторон 0,735954 0,000208
сторонам 1,565257 0,000443
стража 1,866287 0,000528
страшная 0,805589 0,000228
стремительная 2,167317 0,000614
стремительно 0,936868 0,000531
строго 0,576253 0,000163
стул 0,648803 0,000184
стула 0,735954 0,000417
стыд 0,912045 0,000516
стыда 0,805589 0,000228
стыдно 0,504560 0,000143
суда 0,787106 0,000223
судебного 2,167317 0,001227
судебное 2,167317 0,001227
судебному 1,468347 0,000416
судебные 2,167317 0,000614
судебный 1,389166 0,002360
судорожно 1,167317 0,000330
суду 1,167317 0,001983
суетливо 1,389166 0,000393
суматоха 1,866287 0,000528
суматохе 1,565257 0,000443
существует 0,866287 0,000245
схватив 1,053374 0,000298
схватил 0,533849 0,000302
схватили 1,264227 0,001074
сходил 1,167317 0,000330
сценой 2,167317 0,000614
счастье 0,787106 0,000223
счете 2,167317 0,000614
счеты 1,565257 0,000443
съедает 2,167317 0,000614
также 0,000000 0,000000
таки 0,066947 0,000133
такие 0,232819 0,000132
такого 0,243038 0,000069
такое 0,114239 0,000065
такой 0,077412 0,000044
таком 0,309985 0,000088
твари 1,690196 0,000479
тварь 0,991226 0,000281
тварью 1,322219 0,001123
твоею 1,866287 0,000528
твои 0,787106 0,000223
твоя 0,635838 0,000180
тебе 0,203530 0,000173
тебя 0,198834 0,000113
текст 0,000000 0,000000
теперь 0,015029 0,000017
тихо 0,354404 0,000100
тогда 0,050046 0,000241
того 0,005949 0,000012
тоже 0,043466 0,000025
толково 1,866287 0,000528
только 0,002964 0,000015
томах 0,000000 0,000000
тому 0,095435 0,000027
тоне 1,389166 0,000393
тонкости 1,565257 0,000443
торжествовал 1,690196 0,000479
торопясь 1,021189 0,000289
тотчас 0,046743 0,000013
точку 1,264227 0,000358
точно 0,121994 0,000104
точь 0,787106 0,000446
трактира 1,322219 0,001123
трепетать 1,690196 0,000479
третьего 0,662167 0,000375
тронутое 2,167317 0,000614
трудно 0,459747 0,000130
тысячи 0,426955 0,000363
тяжело 0,565257 0,000160
убедился 0,963197 0,000273
убеждена 1,322219 0,000374
убийца 0,991226 0,000281
убийцу 1,322219 0,000374
убийцы 1,322219 0,000749
убил 0,523865 0,001780
убили 1,088136 0,000616
убитого 1,264227 0,000358
убить 0,599116 0,000339
убьет 0,936868 0,000796
убью 0,963197 0,000273
увезти 1,565257 0,000886
уверен 0,635838 0,000360
уверяю 0,648803 0,000184
увидала 1,125925 0,000319
увидела 1,468347 0,000416
увидите 0,769377 0,000436
уводили 2,167317 0,000614
угодно 0,504560 0,000143
угрозах 2,167317 0,000614
удалился 1,322219 0,000374
ударил 0,912045 0,000258
удержать 1,213075 0,000343
удивительно 0,866287 0,000245
удивлением 0,523865 0,000148
удивлении 0,936868 0,000265
удовлетворено 1,866287 0,000528
уехал 0,752344 0,000426
ужаса 0,936868 0,000265
ужасно 0,167317 0,000142
узнал 0,381987 0,000108
узнали 0,824895 0,000234
уйти 0,787106 0,000223
указывала 1,565257 0,000443
украл 0,963197 0,000273
улицам 1,389166 0,000393
улице 0,635838 0,000180
уличить 2,167317 0,000614
уловил 1,690196 0,000479
улыбается 1,468347 0,000416
улыбкой 0,468347 0,000133
улыбку 1,213075 0,000343
уменьшить 1,866287 0,000528
умер 0,662167 0,000187
умершим 0,000000 0,000000
умолчать 1,468347 0,000416
умоляю 1,322219 0,000374
унес 1,389166 0,000787
унесли 1,565257 0,000443
уносили 1,866287 0,000528
упав 1,866287 0,000528
упал 0,675956 0,000191
упала 1,125925 0,000319
упомню 1,866287 0,000528
упор 0,963197 0,000273
усиленно 1,264227 0,000358
уследить 2,167317 0,001227
усмехнулся 0,443041 0,000251
успела 0,824895 0,000234
успели 0,912045 0,000258
успокоивали 2,167317 0,000614
успокоилась 1,866287 0,000528
успокоились 2,167317 0,000614
успокоилось 2,167317 0,000614
успокойтесь 1,468347 0,000831
утаить 1,866287 0,000528
утомление 2,167317 0,000614
утомленным 1,866287 0,000528
утром 0,411442 0,000349
уходило 1,389166 0,000393
участь 1,389166 0,000393
уязвленной 2,167317 0,000614
федор 0,000000 0,000000
федорович 0,253503 0,000574
федоровича 0,426955 0,000363
федоровичем 0,704919 0,000200
федоровичу 0,599116 0,000170
фетюкович 1,167317 0,000661
форме 1,322219 0,000374
фраза 1,468347 0,000416
франц 0,635838 0,000180
характере 1,213075 0,000343
характеристика 1,690196 0,000479
характерными 1,866287 0,000528
хвостом 1,322219 0,000374
хлеба 0,912045 0,000258
ходил 0,611015 0,000346
ходит 0,769377 0,000218
ходят 1,167317 0,000330
хорош 1,053374 0,000298
хотел 0,158717 0,000180
хотела 0,648803 0,000918
хотите 0,419129 0,000119
хоть 0,060107 0,000034
хотя 0,050046 0,000071
хочет 0,322219 0,000182
хочу 0,243038 0,000069
христа 0,912045 0,000258
целомудренная 2,167317 0,000614
часа 0,000000 0,000000
часов 0,411442 0,000116
часто 0,292256 0,000083
часть 0,002964 0,000002
чего 0,040213 0,000023
человек 0,036984 0,000010
человека 0,154480 0,000044
через 0,258832 0,000073
черт 0,477121 0,000135
черточку 1,565257 0,000443
чести 0,735954 0,000208
честь 0,554533 0,000157
четвертая 0,426955 0,000242
четыре 0,477121 0,000135
число 0,000000 0,000000
читаем 0,000000 0,000000
читала 1,213075 0,000343
читать 0,000000 0,000000
члены 1,213075 0,000343
чрез 0,275223 0,000156
чрезвычайною 0,991226 0,000281
чтоб 0,073896 0,000063
чтобы 0,030597 0,000069
чувства 0,495219 0,000140
чувствовалось 1,690196 0,000479
чувствовать 1,125925 0,000319
чувствую 0,787106 0,000223
чьего 0,000000 0,000000
шага 1,167317 0,000330
шептались 1,866287 0,000528
этим 0,189594 0,000215
этого 0,053374 0,000136
этой 0,118099 0,000033
этом 0,046743 0,000013
этот 0,011981 0,000003
этою 0,599116 0,000679
эшафот 1,468347 0,000416
явиться 0,991226 0,000281
яростно 1,468347 0,000831
яростным 2,167317 0,000614
ясностью 1,866287 0,000528
