автор 0,000000 0,000000
автором 0,000000 0,000000
авторского 0,000000 0,000000
авторы 0,000000 0,000000
аглае 0,866287 0,000836
аглаей 1,053374 0,000254
аглаю 0,912045 0,001100
аглая 0,720159 0,004518
аделаида 0,845098 0,001835
адреса 1,565257 0,000378
акционерного 2,167317 0,000523
александра 0,845098 0,001428
александровне 1,021189 0,000246
алексей 0,000000 0,000000
алексея 0,000000 0,000000
альбом 1,565257 0,001133
альбоме 2,167317 0,000523
ардалионович 0,805589 0,001166
ардалионовича 0,963197 0,000465
ардалионовичу 1,125925 0,000272
бараний 2,167317 0,000523
бегло 1,468347 0,000354
беде 1,690196 0,000408
бедненького 1,866287 0,000450
бедность 1,125925 0,000272
бедною 2,167317 0,000523
бедную 1,264227 0,000305
безвозвратно 1,389166 0,000335
белоконской 1,264227 0,000305
берегитесь 1,866287 0,000450
беспорядке 1,322219 0,000319
бесстыден 2,167317 0,000523
бесстыдный 1,866287 0,000450
бешенства 1,322219 0,000319
бешенство 1,690196 0,000816
бешеным 1,866287 0,000450
библиотека 0,000000 0,000000
благодарю 0,824895 0,000199
благородном 1,565257 0,000378
бледнел 1,866287 0,000450
бледного 1,690196 0,000408
ближе 0,752344 0,000182
бога 0,451314 0,000109
боишься 1,322219 0,000319
более 0,000000 0,000000
болтать 1,468347 0,000354
болтунишка 2,167317 0,000523
больше 0,137934 0,000033
больших 0,991226 0,000239
бормотал 0,720159 0,000348
боролся 1,690196 0,000408
борьбу 1,565257 0,000378
браво 1,167317 0,000282
брак 1,053374 0,000763
браки 2,167317 0,001046
брал 1,213075 0,000293
бранитесь 2,167317 0,000523
брачный 2,167317 0,000523
бредите 1,866287 0,000450
бродить 2,167317 0,000523
будет 0,077412 0,000037
будете 0,769377 0,000371
будто 0,099131 0,000144
буду 0,208276 0,000151
будут 0,565257 0,000136
бумаги 1,021189 0,000493
бумажка 1,264227 0,000305
была 0,046743 0,000056
были 0,099131 0,000024
было 0,000000 0,000000
быстро 0,232819 0,000169
быть 0,002964 0,000011
важно 0,675956 0,000326
ваше 0,434924 0,000210
вашего 0,443041 0,000321
вашей 0,504560 0,000122
ваши 0,434924 0,000105
вашим 0,587534 0,000425
вашу 0,504560 0,000122
вдруг 0,005949 0,000026
ведь 0,043466 0,000052
вежливо 0,936868 0,000226
вежливость 1,866287 0,000450
велела 1,125925 0,000543
велели 1,565257 0,000378
велеть 2,167317 0,000523
веру 0,845098 0,000204
верую 1,088136 0,000263
весело 0,648803 0,000157
веселого 1,322219 0,000319
вечером 0,533849 0,000129
взамен 1,690196 0,000408
взбешен 1,866287 0,000450
взгляде 0,769377 0,000371
взглядом 0,504560 0,000244
взглянув 1,213075 0,000293
взглянул 0,805589 0,000194
взглянула 1,167317 0,000282
вздор 0,599116 0,000145
взяв 1,088136 0,000525
взял 0,269690 0,000195
взяла 0,824895 0,000398
видела 0,888564 0,000214
видели 0,495219 0,000120
видеть 0,381987 0,000184
видимо 0,328468 0,000079
видимой 2,167317 0,000523
видите 0,396465 0,000287
визиты 0,000000 0,000000
виноват 0,523865 0,000253
вместе 0,208276 0,000101
внезапная 1,264227 0,000305
внимание 0,704919 0,000340
вновь 0,720159 0,000521
водится 1,565257 0,000378
воды 0,912045 0,000220
возбуждали 2,167317 0,000523
возвратилась 1,690196 0,000408
возвратите 1,866287 0,000450
возможности 0,690196 0,000167
вознаграждения 0,000000 0,000000
возражение 2,167317 0,000523
возьметесь 2,167317 0,000523
возьми 0,704919 0,000340
возьмите 1,021189 0,000739
возьму 0,936868 0,000226
войдя 0,735954 0,000178
волнения 0,991226 0,000239
вопрос 0,222835 0,000108
воротилась 1,053374 0,000254
воскликнул 0,309985 0,000150
воскликнула 0,845098 0,000408
воскресну 1,866287 0,000450
вошедшему 1,690196 0,000408
вошел 0,403889 0,000195
вошли 0,720159 0,000174
впалых 2,167317 0,000523
вперед 0,426955 0,000103
впечатление 0,544068 0,000263
вполне 0,316059 0,000076
впрочем 0,118099 0,000114
времени 0,269690 0,000130
время 0,043466 0,000031
всегда 0,129891 0,000063
всего 0,040213 0,000010
всей 0,248239 0,000060
всем 0,070407 0,000034
всех 0,060107 0,000044
вскинулась 1,322219 0,000319
вскричал 0,292256 0,000212
вскричала 0,866287 0,000836
всматриваясь 1,565257 0,000378
вспомнил 0,704919 0,000170
встречая 1,468347 0,000354
встречу 1,125925 0,000272
вступает 1,866287 0,000450
вступаете 2,167317 0,000523
вступаю 1,866287 0,000450
вступил 0,912045 0,000220
вступлю 1,866287 0,000450
всякий 0,514105 0,000124
всякого 0,514105 0,000124
всякой 0,635838 0,000153
всякую 0,866287 0,000209
входить 1,125925 0,000272
входящего 1,565257 0,000378
выберите 2,167317 0,000523
выбранили 2,167317 0,000523
вывернетесь 2,167317 0,000523
вывернулся 2,167317 0,000523
вывертывался 2,167317 0,000523
выговаривали 2,167317 0,000523
выговорил 0,824895 0,000199
выговорили 1,866287 0,000450
выдвинула 2,167317 0,000523
выздоровел 1,468347 0,000354
выйдем 1,866287 0,000450
выйдете 1,565257 0,000378
выплаты 0,000000 0,000000
выпытал 2,167317 0,000523
выражение 0,805589 0,000389
выражениях 1,565257 0,000378
выразили 1,690196 0,000408
высказал 0,912045 0,000220
высшей 0,544068 0,000131
выходившая 2,167317 0,000523
вышел 0,275223 0,000066
вышла 0,495219 0,000478
вышли 0,912045 0,000440
гаврила 0,824895 0,001194
гавриле 1,125925 0,000272
гаврилу 1,213075 0,000585
гане 1,125925 0,000272
ганей 1,322219 0,000638
гани 1,125925 0,001358
ганю 1,125925 0,000543
ганя 0,769377 0,004827
гарантии 1,866287 0,000901
гарантировать 1,866287 0,000450
гарантию 1,690196 0,000408
гарни 2,167317 0,000523
генеральша 1,021189 0,002711
главное 0,189594 0,000137
глаз 0,554533 0,000401
глаза 0,129891 0,000094
глазами 0,403889 0,000097
глупо 0,845098 0,000204
глядела 1,125925 0,000272
глядеть 0,720159 0,000174
говорил 0,095435 0,000069
говорили 0,374926 0,000090
говорит 0,189594 0,000092
говорите 0,533849 0,000258
говорить 0,162996 0,000079
говорю 0,203530 0,000049
говоря 0,434924 0,000210
говорят 0,309985 0,000224
года 0,477121 0,000115
головой 0,533849 0,000129
голову 0,227798 0,000110
голосом 0,396465 0,000096
голубчик 0,587534 0,000284
гордость 0,963197 0,000232
горевших 2,167317 0,000523
горло 1,389166 0,000335
горячечным 1,866287 0,000450
горячо 0,544068 0,000263
господином 1,322219 0,000319
гостиной 0,888564 0,000429
гостиную 0,963197 0,000465
государыни 2,167317 0,000523
готовы 1,021189 0,000246
грозил 1,866287 0,000450
грубо 1,125925 0,000272
грязная 1,565257 0,000378
губам 1,264227 0,000305
губку 1,866287 0,000450
давеча 0,232819 0,000449
давешнее 1,565257 0,000378
давно 0,158717 0,000077
дает 0,845098 0,000204
даже 0,005949 0,000017
дала 0,720159 0,000348
далась 1,866287 0,000450
дали 0,635838 0,000153
дальше 0,002964 0,000003
данные 0,000000 0,000000
даром 0,769377 0,000186
дать 0,623249 0,000150
двадцать 0,411442 0,000298
дверях 0,991226 0,000239
двух 0,264227 0,000064
действительно 0,106619 0,000051
дела 0,309985 0,000075
деле 0,162996 0,000118
держала 1,322219 0,000319
дерзок 1,866287 0,000450
дерзость 1,468347 0,000354
дней 0,514105 0,000124
доведу 1,322219 0,000319
доверенности 1,565257 0,000378
доверенность 1,468347 0,000354
доверчивое 1,866287 0,000450
довольно 0,129891 0,000157
догадаться 1,088136 0,000263
договорил 1,125925 0,000272
докончив 1,565257 0,000378
должен 0,258832 0,000250
должно 0,286504 0,000069
дома 0,298086 0,000144
доме 0,322219 0,000078
домой 0,459747 0,000111
допрашивала 1,690196 0,000408
дорогой 0,565257 0,000136
досаде 1,088136 0,000525
достоевский 0,000000 0,000000
достояние 0,000000 0,000000
доходя 1,690196 0,000408
дочек 1,690196 0,000408
дочка 1,389166 0,000335
дрожащим 0,991226 0,000239
друг 0,269690 0,000130
друга 0,419129 0,000101
другая 0,648803 0,000157
другие 0,389166 0,000188
другое 0,309985 0,000150
другом 0,477121 0,000230
другою 1,021189 0,000246
друзья 0,963197 0,000232
думавши 1,866287 0,000450
думаешь 0,752344 0,000182
думал 0,258832 0,000062
думали 0,936868 0,000226
думая 0,963197 0,000232
дура 1,088136 0,001313
дурах 1,866287 0,000450
духа 0,787106 0,000190
душа 0,565257 0,000136
едва 0,554533 0,000134
если 0,011981 0,000023
есть 0,018098 0,000022
ехать 0,866287 0,000209
жадно 1,053374 0,000254
жалованье 1,264227 0,000305
жаль 0,635838 0,000153
жаром 0,587534 0,000142
ждет 0,787106 0,000190
желали 1,468347 0,000354
желания 1,088136 0,000263
женитесь 1,866287 0,000901
женщина 0,396465 0,000096
женюсь 1,468347 0,000354
жестом 1,389166 0,000335
жизни 0,222835 0,000054
жизнь 0,162996 0,000039
жить 0,451314 0,000218
забыл 0,328468 0,000079
зависти 1,690196 0,000408
завтра 0,298086 0,000072
загадали 2,167317 0,000523
загадка 1,125925 0,000272
загадку 1,322219 0,000319
заглядывал 1,866287 0,000450
задумавшись 1,690196 0,000408
задумался 0,866287 0,000209
задумать 1,866287 0,000450
задумчиво 0,912045 0,000220
заеду 2,167317 0,000523
зайди 1,468347 0,000354
закричал 0,599116 0,000145
залила 1,389166 0,000335
заметил 0,154480 0,000037
заметили 0,611015 0,000295
заметить 0,635838 0,000153
заметна 2,167317 0,001046
заметьте 0,936868 0,000226
замечала 1,866287 0,000450
замолчал 1,021189 0,000246
занятий 1,690196 0,000408
запечатана 1,866287 0,000450
записка 1,264227 0,000915
записке 1,322219 0,000638
записки 1,389166 0,000335
запиской 1,468347 0,000354
записку 1,021189 0,002957
заскрежетал 1,866287 0,000450
заходи 1,866287 0,000450
зачем 0,146128 0,000035
здесь 0,095435 0,000023
здравствуйте 1,468347 0,000354
злоба 1,322219 0,000319
злобно 0,599116 0,000434
злобной 1,565257 0,000378
злобный 1,167317 0,000282
злых 1,468347 0,000354
знает 0,171682 0,000207
знаете 0,286504 0,000277
знакомства 0,991226 0,000239
знал 0,114239 0,000028
знала 0,635838 0,000153
знали 0,426955 0,000103
знать 0,328468 0,000079
значит 0,243038 0,000117
значительно 1,213075 0,000293
знаю 0,095435 0,000092
знают 0,720159 0,000174
зова 2,167317 0,000523
иван 0,303994 0,000220
ивановна 0,486076 0,000586
ивановне 0,720159 0,000348
ивановной 0,963197 0,000232
ивану 0,623249 0,000301
идет 0,514105 0,000124
идея 0,824895 0,000199
идиот 0,443041 0,000962
идиотом 1,264227 0,000305
избрать 2,167317 0,000523
извинений 2,167317 0,000523
извинили 2,167317 0,000523
извините 0,735954 0,000710
извинить 1,565257 0,000378
изготовлялся 2,167317 0,000523
издали 1,053374 0,000254
изредка 0,888564 0,000214
изумленный 1,690196 0,000408
имел 0,347773 0,000084
имела 0,936868 0,000226
именно 0,066947 0,000129
иметь 0,587534 0,000142
имею 0,565257 0,000136
иначе 0,367977 0,000178
иногда 0,208276 0,000050
иными 1,389166 0,000335
искривленною 1,468347 0,000354
использоваться 0,000000 0,000000
испрашиваю 2,167317 0,000523
испытующим 1,866287 0,000450
истина 1,088136 0,000263
историю 0,845098 0,000204
источник 0,000000 0,000000
ищет 0,963197 0,000232
кабинет 1,167317 0,000563
кабинета 1,389166 0,000335
кабинете 1,322219 0,001276
кабинету 2,167317 0,000523
кажется 0,118099 0,000256
казалось 0,316059 0,000229
казни 1,125925 0,000543
какая 0,194189 0,000094
каким 0,194189 0,000234
какое 0,227798 0,000055
какой 0,095435 0,000138
какую 0,419129 0,000101
каллиграф 1,690196 0,000408
каллиграфы 2,167317 0,000523
калошу 2,167317 0,000523
камину 1,690196 0,000408
капли 1,167317 0,000282
капризных 2,167317 0,001046
кивнула 1,866287 0,000450
кипело 1,866287 0,000450
клянусь 0,635838 0,000153
клят 2,167317 0,001046
клятый 2,167317 0,000523
книги 0,000000 0,000000
князем 0,704919 0,000170
князь 0,477121 0,006332
князю 0,504560 0,000852
князя 0,468347 0,000678
когда 0,015029 0,000047
комаров 0,000000 0,000000
комнат 1,053374 0,000254
комнате 0,389166 0,000094
комнату 0,468347 0,000113
компании 0,845098 0,000204
компрометировать 1,690196 0,000408
конечно 0,060107 0,000073
контраста 1,866287 0,000450
кончил 0,587534 0,000284
которая 0,361137 0,000087
которого 0,198834 0,000048
которое 0,426955 0,000309
котором 0,347773 0,000168
которые 0,189594 0,000046
который 0,110412 0,000027
крайней 0,298086 0,000144
крайнем 2,167317 0,001046
крайняя 2,167317 0,000523
красавица 1,167317 0,000282
краска 1,264227 0,000305
красота 1,167317 0,001408
красоте 1,167317 0,000282
красотой 1,322219 0,000319
красоту 1,264227 0,000610
крепко 0,443041 0,000107
кресла 1,125925 0,000272
кривился 1,866287 0,000450
кроме 0,158717 0,000038
кругом 0,419129 0,000202
кулаком 0,963197 0,000232
ласково 0,936868 0,000226
лжет 1,021189 0,000246
лжете 1,565257 0,000755
либо 0,000000 0,000000
лизавета 0,662167 0,000479
литература 0,000000 0,000000
лица 0,322219 0,000078
лицами 1,468347 0,000354
лицах 1,389166 0,000335
лице 0,403889 0,000487
лицо 0,114239 0,000193
лицом 0,000000 0,000000
лишнее 1,264227 0,000305
ловит 1,565257 0,000378
ловите 2,167317 0,000523
лучше 0,162996 0,000118
лучший 1,468347 0,000709
любите 0,845098 0,000204
любым 0,000000 0,000000
людей 0,298086 0,000072
людьми 0,623249 0,000150
малейшего 0,720159 0,000174
маленькая 0,866287 0,000209
мало 0,208276 0,000050
маску 2,167317 0,000523
маяком 2,167317 0,000523
мгновения 0,991226 0,000239
мелькать 2,167317 0,000523
мелькнула 1,088136 0,000263
мельком 0,912045 0,000220
меня 0,027438 0,000139
мере 0,269690 0,000130
месяц 0,451314 0,000109
милая 1,021189 0,000246
милостивые 1,866287 0,000450
милые 1,125925 0,000543
милый 0,477121 0,000115
мимо 0,514105 0,000124
минуту 0,084532 0,000163
мнение 0,690196 0,000167
мнения 0,936868 0,000226
много 0,080958 0,000059
многословием 2,167317 0,000523
многословия 2,167317 0,000523
многоуважаемая 2,167317 0,000523
мной 0,237898 0,000057
могла 0,286504 0,000069
могли 0,374926 0,000090
могу 0,171682 0,000124
моего 0,367977 0,000089
моей 0,280827 0,000068
моем 0,599116 0,000145
моему 0,354404 0,000086
может 0,000000 0,000000
можете 0,504560 0,000244
можно 0,088136 0,000043
моим 0,675956 0,000163
молча 0,367977 0,000266
молчал 0,565257 0,000136
мольберту 2,167317 0,000523
момента 0,000000 0,000000
мужчина 1,389166 0,000335
мучениям 2,167317 0,000523
мучительными 2,167317 0,000523
мысль 0,264227 0,000446
мыслями 1,322219 0,000319
наблюдала 1,866287 0,000450
набрасываясь 1,866287 0,000450
наверно 0,264227 0,000191
нагло 1,866287 0,000450
надежд 1,468347 0,000354
надеждой 1,389166 0,000335
надежду 1,322219 0,001276
надежды 0,912045 0,000440
надеюсь 0,912045 0,000220
надменным 1,565257 0,000378
надо 0,036984 0,000009
надобность 1,866287 0,000450
назад 0,000000 0,000000
название 0,000000 0,000000
называют 1,125925 0,000272
наиболее 1,125925 0,000272
наивно 1,322219 0,000319
найду 1,565257 0,000378
найти 0,000000 0,000000
накинулся 1,565257 0,000378
наконец 0,073896 0,000053
налево 0,824895 0,000199
намекала 2,167317 0,000523
намекали 1,866287 0,000450
намерения 1,053374 0,000254
написал 0,662167 0,000160
написали 1,167317 0,000282
написана 1,389166 0,000335
написано 0,000000 0,000000
написать 1,167317 0,000282
напишете 2,167317 0,000523
напишите 1,690196 0,000408
наплевать 1,167317 0,000282
напомнил 1,167317 0,000282
направо 0,787106 0,000190
напротив 0,180546 0,000044
нарочно 0,227798 0,000055
наскоро 0,888564 0,000214
насмешливо 0,787106 0,000190
насмешливое 1,565257 0,000378
настаивала 1,468347 0,000354
настасьи 0,845098 0,000816
настасью 0,888564 0,000214
настасья 0,805589 0,001166
настойчиво 0,787106 0,000190
настоящее 0,963197 0,000232
насчет 0,354404 0,000086
наука 0,000000 0,000000
нахмурено 2,167317 0,000523
начав 1,565257 0,000378
начал 0,137934 0,000033
начала 0,381987 0,000184
начинала 1,213075 0,000293
начинаются 1,690196 0,000408
нашего 0,396465 0,000096
нашими 1,468347 0,000354
невозможно 0,411442 0,000099
невозмутимым 2,167317 0,000523
невольно 0,704919 0,000170
невыносима 1,690196 0,000408
него 0,000000 0,000000
недоставало 1,264227 0,000305
недостоин 1,213075 0,000293
недоумение 1,167317 0,000282
недоумением 1,088136 0,000263
нездоров 1,213075 0,000293
неизвиним 2,167317 0,000523
неизмеримая 2,167317 0,000523
некоторое 0,486076 0,000352
некоторому 1,167317 0,000282
некоторые 0,533849 0,000129
некоторым 0,690196 0,000333
немного 0,426955 0,000206
немножко 1,021189 0,000493
нему 0,080958 0,000039
ненависть 1,213075 0,000293
необъятная 1,866287 0,000450
необыкновенное 0,912045 0,000220
неожиданное 1,088136 0,000263
непонимания 2,167317 0,000523
неприятно 1,213075 0,001171
неприятное 1,167317 0,000282
несколько 0,102859 0,000124
неспроста 2,167317 0,000523
несчастная 1,468347 0,000354
несчастной 1,565257 0,000378
несчастны 1,213075 0,000585
несчастный 0,824895 0,000199
нетерпением 0,866287 0,000209
нетерпении 0,963197 0,000232
нетерпения 1,264227 0,000305
неудачи 1,690196 0,000408
неумолимая 1,866287 0,000450
нечего 0,381987 0,000092
нечто 0,389166 0,000094
нибудь 0,030597 0,000052
нижнюю 1,468347 0,000354
никаких 0,565257 0,000273
никогда 0,088136 0,000043
никому 0,504560 0,000122
никто 0,185046 0,000089
нимало 0,991226 0,000239
нине 1,213075 0,000293
ничего 0,030597 0,000089
ничем 0,769377 0,000186
ничто 1,213075 0,000293
новое 0,845098 0,000204
новыми 1,213075 0,000293
ногой 1,125925 0,000543
ночь 0,248239 0,000060
нравятся 2,167317 0,001046
нужен 0,963197 0,000232
нужно 0,514105 0,000248
обозначилось 1,866287 0,000450
обоих 0,635838 0,000153
обрадованный 1,690196 0,000408
образом 0,347773 0,000420
обратил 1,088136 0,000263
обратилась 0,888564 0,000214
обратился 0,443041 0,000214
обратиться 1,213075 0,000293
обратно 0,675956 0,000326
обстоятельству 1,264227 0,000305
обутою 2,167317 0,000523
общества 0,787106 0,000190
общественное 0,000000 0,000000
объяснить 0,623249 0,000150
обяжет 2,167317 0,000523
овладела 1,468347 0,000354
оглядел 1,021189 0,000246
огляделся 1,690196 0,000408
оговоркой 2,167317 0,000523
огромная 1,389166 0,000335
одеваться 1,565257 0,000378
один 0,046743 0,000045
одна 0,185046 0,000134
одним 0,286504 0,000069
одно 0,099131 0,000167
одного 0,150284 0,000073
одной 0,243038 0,000059
одном 0,504560 0,000122
одному 0,334808 0,000323
одною 0,787106 0,000190
одну 0,232819 0,000112
одолжение 0,936868 0,000226
ожидал 0,675956 0,000163
ожидания 1,264227 0,000305
ожидая 0,936868 0,000226
озарило 1,565257 0,000755
окно 0,635838 0,000153
окну 0,963197 0,000232
опираясь 1,866287 0,000450
опомнился 1,167317 0,000282
опрокинутый 2,167317 0,000523
опубликовано 0,000000 0,000000
опять 0,027438 0,000026
осенила 1,866287 0,000450
ослеп 2,167317 0,000523
ослепляющая 2,167317 0,000523
осмелился 1,167317 0,000282
осмотрелся 1,322219 0,000319
особенно 0,129891 0,000094
особую 1,690196 0,000408
оставляло 1,690196 0,000408
оставшись 1,264227 0,000305
остальное 0,963197 0,000232
остальном 1,468347 0,000354
останавливая 1,866287 0,000450
остановилась 1,088136 0,000525
остановился 0,419129 0,000202
остановить 0,991226 0,000239
остолбенел 1,125925 0,000272
остри 2,167317 0,000523
отвел 1,264227 0,000305
ответ 0,533849 0,000902
ответа 0,720159 0,000174
ответил 0,237898 0,000172
ответила 0,824895 0,000597
ответит 1,213075 0,000293
ответить 0,735954 0,000355
отвечал 0,648803 0,000939
отвечая 1,053374 0,000254
отдайте 1,468347 0,000354
отдалив 2,167317 0,000523
отель 2,167317 0,000523
откинула 2,167317 0,000523
откровенности 1,322219 0,000319
откуда 0,523865 0,000253
относившееся 2,167317 0,000523
отношении 1,125925 0,000272
отошла 1,866287 0,000901
отпора 1,866287 0,000450
отпустить 1,389166 0,000335
отрезала 1,021189 0,000493
отрекомендовал 1,866287 0,000450
отрывая 1,866287 0,000450
оттенком 1,264227 0,000305
отчаяние 1,053374 0,000254
отчаянного 1,690196 0,000408
отчаянное 1,866287 0,000450
отчета 1,322219 0,000319
отыскивал 2,167317 0,000523
оформление 0,000000 0,000000
оцепенении 1,690196 0,000408
очевидно 0,599116 0,000145
очень 0,024303 0,000041
очутилась 1,389166 0,000670
очутился 0,912045 0,000220
ошеломленный 1,389166 0,000335
ошибаетесь 1,389166 0,000335
память 0,936868 0,000226
папа 1,021189 0,000246
пенился 2,167317 0,000523
первая 0,419129 0,000202
первого 0,411442 0,000199
первых 0,367977 0,000089
перебил 0,635838 0,000153
перевернуть 1,690196 0,000408
переглянулись 1,213075 0,000293
передавал 1,167317 0,000282
передайте 1,264227 0,000305
передал 0,690196 0,000167
передала 1,389166 0,000335
передали 1,565257 0,001511
передам 1,565257 0,000378
передать 0,690196 0,001166
передаю 1,468347 0,000354
перекрестке 1,468347 0,000354
переменила 1,690196 0,000408
переменили 1,690196 0,000408
переменяя 1,866287 0,000450
переносить 1,213075 0,000293
пересказали 1,866287 0,000901
перешло 0,000000 0,000000
перо 1,322219 0,000638
петербург 0,662167 0,000160
писать 0,912045 0,000220
письменную 2,167317 0,000523
письмо 0,544068 0,000131
пишите 1,468347 0,000354
пишут 1,053374 0,000254
плеваться 2,167317 0,000523
плеча 1,866287 0,000450
плут 1,468347 0,000354
поверенным 1,690196 0,000408
повернулся 0,587534 0,000142
поверьте 0,866287 0,000627
поводу 0,720159 0,000348
поворачиваясь 1,690196 0,000408
повторяю 0,648803 0,000157
погибели 1,565257 0,000755
поглядела 1,053374 0,000254
поговорил 2,167317 0,000523
поговорить 0,866287 0,000209
погружен 2,167317 0,000523
подавая 1,468347 0,000709
подал 0,752344 0,000363
подала 1,125925 0,000272
подарила 1,866287 0,000901
подарить 1,690196 0,001224
подборка 0,000000 0,000000
подле 0,419129 0,000101
подошел 0,514105 0,000248
подошла 1,053374 0,000254
подпишите 2,167317 0,000523
подробнее 1,167317 0,000282
подтвердила 1,322219 0,000319
подчеркнуть 2,167317 0,000523
подымаясь 1,322219 0,000319
пожала 1,866287 0,000901
пожалела 2,167317 0,000523
пожалуй 0,237898 0,000057
пожалуйста 0,662167 0,000320
позвала 1,264227 0,000305
позвать 1,322219 0,000638
позвонила 2,167317 0,000523
познакомился 1,264227 0,000305
пойдемте 0,888564 0,000429
пойдете 1,264227 0,000305
покажите 1,264227 0,000305
покажу 0,991226 0,000239
показала 1,021189 0,000493
показать 0,720159 0,000348
показывал 1,125925 0,000272
покамест 0,866287 0,000209
поклон 0,936868 0,000452
покраснел 0,675956 0,000163
полного 1,264227 0,000305
положение 0,866287 0,000209
положив 1,690196 0,000408
получить 0,752344 0,000182
полушепотом 1,389166 0,000335
польстил 2,167317 0,001046
польщена 2,167317 0,000523
помалу 0,675956 0,000163
помнить 0,991226 0,000239
понимаете 0,866287 0,000418
понимаю 0,381987 0,000184
понравились 1,322219 0,000319
понудил 2,167317 0,000523
понял 0,396465 0,000096
поняла 0,787106 0,000380
понятно 0,936868 0,000226
понять 0,396465 0,000096
поправлял 1,866287 0,000450
попросил 0,635838 0,000153
пора 0,845098 0,000204
поразившее 1,468347 0,000354
поразила 0,963197 0,000232
поразило 0,720159 0,000348
порву 2,167317 0,001046
портрет 1,088136 0,004726
портрете 1,468347 0,000354
поручение 1,213075 0,000293
порядке 0,936868 0,000226
поселянкой 2,167317 0,000523
поселянку 2,167317 0,000523
посетителей 0,000000 0,000000
посетители 0,000000 0,000000
послать 0,963197 0,000232
после 0,084532 0,000041
последнее 0,486076 0,000117
послушайте 0,787106 0,000760
посматривая 1,690196 0,000408
посмертно 0,000000 0,000000
посмотрел 0,459747 0,000444
посмотрела 1,053374 0,000254
посмотреть 0,704919 0,000170
посмотрим 1,322219 0,000319
поспешил 0,845098 0,000408
поспешила 1,866287 0,000450
поспешно 0,866287 0,000209
постойте 1,167317 0,000563
потерявшийся 1,389166 0,000335
потерял 0,866287 0,000209
потом 0,084532 0,000122
потому 0,024303 0,000035
похитрее 2,167317 0,000523
поцеловал 0,866287 0,000209
почаще 2,167317 0,000523
почему 0,099131 0,000024
почерк 1,690196 0,000408
почернело 2,167317 0,000523
почтенным 1,389166 0,000335
почти 0,024303 0,000047
пошел 0,275223 0,000133
пошла 0,845098 0,000204
прав 0,769377 0,000186
правда 0,162996 0,000039
правду 0,443041 0,000107
право 0,361137 0,000174
правою 1,264227 0,000305
превосходно 1,125925 0,000272
пред 0,033778 0,000008
предупреждаю 1,468347 0,000354
прежде 0,077412 0,000037
прежнего 0,824895 0,000199
прежним 0,963197 0,000232
презрение 1,125925 0,000272
презрения 0,963197 0,000232
пренебрежения 1,866287 0,000450
прерывающимся 1,690196 0,000408
прибавил 0,275223 0,000066
прибавила 0,690196 0,000167
приблизил 1,565257 0,000378
привел 0,991226 0,000239
приветливо 1,468347 0,000354
пригласив 1,866287 0,000450
пригласила 1,389166 0,000335
приглашения 1,565257 0,000378
приготовился 1,322219 0,000319
прижизненно 0,000000 0,000000
признак 1,264227 0,000305
признаниях 2,167317 0,000523
приказала 1,565257 0,000378
приму 1,125925 0,000272
принес 0,805589 0,000389
принесите 1,565257 0,000378
принесу 1,213075 0,000293
припомнив 1,264227 0,000305
припомнить 0,963197 0,000232
пристально 0,389166 0,000094
пристальным 1,866287 0,000450
приходит 0,824895 0,000199
приходить 0,888564 0,000214
пришлите 1,866287 0,000450
пришлось 0,769377 0,000186
прищурилась 2,167317 0,000523
приятно 0,805589 0,000194
пробормотал 0,334808 0,000162
провалиться 2,167317 0,000523
проверить 1,322219 0,000319
проглядывает 1,690196 0,000408
проглянуло 1,690196 0,000408
проговорил 0,154480 0,000037
проговорила 0,533849 0,000129
проговорился 1,322219 0,001276
программирование 0,000000 0,000000
продиктую 2,167317 0,000523
прожил 1,468347 0,000354
произведение 0,000000 0,000000
произведений 0,000000 0,000000
произведения 0,000000 0,000000
производит 1,690196 0,000408
произошло 0,495219 0,000120
прокофьевна 0,752344 0,000545
прорвалось 2,167317 0,000523
просил 0,599116 0,000145
просили 1,213075 0,000293
просит 0,866287 0,000209
просить 0,504560 0,000122
простит 0,888564 0,000214
просто 0,232819 0,000112
простоват 1,866287 0,001351
простодушное 1,213075 0,000293
простояли 1,565257 0,000378
просьба 1,565257 0,000378
просьбой 1,167317 0,000282
прося 1,389166 0,000335
протежировать 2,167317 0,000523
против 0,389166 0,000094
противоречу 1,565257 0,000378
протянула 1,088136 0,000263
протянутой 1,866287 0,000450
проходя 1,167317 0,000282
прочел 0,752344 0,000182
прочесть 1,088136 0,001050
прочли 1,125925 0,000543
прочтите 1,565257 0,000378
прочту 1,322219 0,000319
прошла 0,845098 0,000204
прошло 0,000000 0,000000
прощайте 0,845098 0,000204
прощание 1,690196 0,000408
проэкзаменовали 2,167317 0,000523
проэкзаменовать 1,866287 0,000450
публикации 0,000000 0,000000
пуще 0,599116 0,000145
пять 0,275223 0,000066
работать 1,213075 0,000293
рада 0,866287 0,000418
ради 0,752344 0,000182
радостью 0,991226 0,000239
раза 0,426955 0,000412
разболтали 2,167317 0,000523
разбросано 2,167317 0,000523
разве 0,146128 0,000106
разгадай 2,167317 0,000523
разгадать 1,690196 0,000408
разговаривая 1,389166 0,000335
раздражена 1,468347 0,000354
разинул 1,690196 0,000408
различать 1,468347 0,000354
разница 1,213075 0,000293
разойтись 1,565257 0,000378
разорвал 1,565257 0,000378
разорвали 2,167317 0,000523
разорвать 1,565257 0,000378
разорви 2,167317 0,000523
разорвите 2,167317 0,000523
разрешения 0,000000 0,000000
разрешится 1,866287 0,000450
разумеется 0,328468 0,000317
раньше 0,599116 0,000289
расположения 2,167317 0,000523
распространяться 1,468347 0,000354
рассердилась 1,021189 0,000246
рассердитесь 1,565257 0,000378
рассказал 0,587534 0,000284
рассказать 0,623249 0,000301
рассказывал 0,554533 0,000134
рассматривала 1,565257 0,000378
рассматривать 1,264227 0,000305
рассчитал 1,866287 0,000450
расчету 1,088136 0,000263
рвался 1,565257 0,000378
ребенок 0,648803 0,000157
резко 0,648803 0,000313
решается 1,213075 0,000293
решался 1,213075 0,000293
решают 2,167317 0,000523
решила 1,053374 0,000254
решится 1,322219 0,000638
решиться 0,963197 0,000232
робел 1,690196 0,000408
рублей 0,367977 0,000089
ругательный 2,167317 0,000523
ругаться 1,866287 0,000450
руках 0,396465 0,000191
руке 0,735954 0,000178
руки 0,167317 0,000040
руку 0,222835 0,000108
русская 0,000000 0,000000
садиться 1,167317 0,000282
сайте 0,000000 0,000000
сама 0,208276 0,000201
сами 0,142011 0,000103
самого 0,118099 0,000114
самое 0,167317 0,000121
самой 0,258832 0,000062
самом 0,114239 0,000083
самою 0,866287 0,000209
самую 0,459747 0,000111
самый 0,198834 0,000096
самым 0,280827 0,000068
сверкая 1,468347 0,000354
сверну 2,167317 0,000523
свету 1,167317 0,000282
свидания 0,787106 0,000760
свободно 0,000000 0,000000
свое 0,150284 0,000073
своего 0,091770 0,000022
своей 0,066947 0,000032
своему 0,367977 0,000089
свои 0,146128 0,000035
своим 0,208276 0,000101
своих 0,237898 0,000057
свой 0,189594 0,000137
свойства 1,690196 0,000408
свою 0,073896 0,000036
свысока 1,088136 0,000263
сделаете 1,389166 0,000335
сделайте 0,824895 0,000199
сделал 0,381987 0,000092
сделали 0,787106 0,000380
сделать 0,403889 0,000097
сдержанность 1,690196 0,000408
себе 0,033778 0,000024
себя 0,005949 0,000013
сегодня 0,000000 0,000000
седьмое 2,167317 0,001046
сейчас 0,070407 0,000187
секрет 0,787106 0,000190
секреты 1,866287 0,000901
секунд 0,936868 0,000226
села 1,053374 0,000254
семидесяти 0,000000 0,000000
сердца 0,334808 0,000162
сердце 0,171682 0,000083
сердцем 0,675956 0,000326
сердятся 1,690196 0,000408
серьезно 0,419129 0,000101
сестры 0,824895 0,000199
сесть 1,088136 0,000263
сидевшую 1,866287 0,000450
сидел 0,322219 0,000078
сила 0,936868 0,000678
силами 1,167317 0,000282
сильнее 0,866287 0,000209
сильнейшего 2,167317 0,000523
скажите 0,576253 0,000417
скажу 0,275223 0,000066
сказал 0,099131 0,000215
сказала 0,486076 0,001642
сказали 0,544068 0,000525
сказать 0,073896 0,000089
скверно 1,088136 0,000263
скомпрометирует 2,167317 0,000523
скоро 0,298086 0,000072
скорым 1,565257 0,000378
скрежетал 1,690196 0,000408
скрывавшееся 2,167317 0,000523
слегка 0,936868 0,000452
слишком 0,133894 0,000162
слов 0,367977 0,000089
слова 0,129891 0,000219
слове 1,125925 0,000543
словечки 1,468347 0,000354
слово 0,232819 0,000618
словом 0,367977 0,000089
слову 0,888564 0,000214
сложенная 2,167317 0,000523
сложив 1,565257 0,000378
сломя 1,125925 0,000272
слуге 1,690196 0,000408
случае 0,248239 0,000060
случай 0,443041 0,000107
слушает 1,389166 0,000335
слышала 0,845098 0,000204
слышали 0,611015 0,000442
смертной 1,322219 0,000638
смешался 1,866287 0,000450
смешнее 2,167317 0,000523
смешному 2,167317 0,000523
смешон 1,322219 0,000319
смею 1,053374 0,000508
смеялись 0,752344 0,000182
смотрел 0,298086 0,000072
смотрела 0,769377 0,000186
смотрели 0,769377 0,000186
смотреть 0,477121 0,000115
смутился 0,963197 0,000697
смущение 1,264227 0,000305
смущении 0,963197 0,000232
смущения 1,389166 0,000335
снова 0,565257 0,000273
снял 0,963197 0,000232
собиралась 1,468347 0,000354
собой 0,253503 0,000184
собою 0,347773 0,000084
собрание 0,000000 0,000000
собраться 1,866287 0,000450
совершенная 1,213075 0,000293
совершенно 0,180546 0,000392
совсем 0,021189 0,000015
согласится 1,389166 0,000335
согласия 0,000000 0,000000
сожаления 1,468347 0,000354
солгал 1,053374 0,000254
соображал 1,213075 0,000585
сообразил 0,963197 0,000232
сообразить 1,264227 0,000305
состоянии 0,459747 0,000111
сострадание 1,088136 0,000263
сострадания 1,053374 0,000508
сочинений 0,000000 0,000000
союз 1,322219 0,000319
спасен 1,690196 0,000408
спасете 1,565257 0,000378
спасти 0,769377 0,000186
спешил 1,021189 0,000246
спокойно 0,648803 0,000626
спокойное 1,690196 0,000408
спокойным 1,088136 0,000263
спохватился 1,167317 0,000282
справа 1,866287 0,000450
спрашиваю 0,845098 0,000204
спросил 0,222835 0,000161
спросила 0,845098 0,000408
среда 1,690196 0,000816
средам 2,167317 0,000523
среди 0,769377 0,000186
среду 1,565257 0,000378
стал 0,125925 0,000243
стала 0,544068 0,000263
стали 0,322219 0,000156
стало 0,091770 0,000044
стальное 1,866287 0,000450
стальными 2,167317 0,000523
стану 0,662167 0,000160
старая 0,936868 0,000226
старуха 0,845098 0,000204
старухе 1,565257 0,000755
степени 0,389166 0,000094
стоим 1,866287 0,000450
стоит 0,316059 0,000076
стол 0,486076 0,000117
стола 0,675956 0,000163
столик 1,213075 0,000293
столкнулась 2,167317 0,000523
столовую 1,565257 0,001511
стороне 0,805589 0,000389
стояла 0,623249 0,000150
стояли 0,690196 0,000167
страдаем 2,167317 0,000523
страдания 0,888564 0,000214
страницу 1,690196 0,000816
странная 0,824895 0,000398
странно 0,354404 0,000086
странному 1,389166 0,000335
страшно 0,434924 0,000105
стыда 0,805589 0,000389
судить 0,912045 0,000220
судьба 0,866287 0,000209
суетившийся 1,866287 0,000450
суетился 1,565257 0,000378
сумею 1,389166 0,000335
схватил 0,533849 0,000129
сходите 1,690196 0,000408
сходным 2,167317 0,000523
счастливы 1,213075 0,000293
считал 0,648803 0,000157
считаю 0,845098 0,000408
сюда 0,232819 0,000112
тайная 1,690196 0,000408
такая 0,309985 0,000150
также 0,000000 0,000000
таки 0,066947 0,000016
таких 0,243038 0,000059
такого 0,243038 0,000059
такое 0,114239 0,000110
такой 0,077412 0,000019
таком 0,309985 0,000075
такую 0,334808 0,000323
тебе 0,203530 0,000147
текст 0,000000 0,000000
теперь 0,015029 0,000044
тогда 0,050046 0,000036
того 0,005949 0,000007
тоже 0,043466 0,000010
только 0,002964 0,000018
томах 0,000000 0,000000
тонко 1,565257 0,000378
тоном 0,866287 0,000209
топнул 2,167317 0,001046
торги 2,167317 0,001046
торгуясь 1,866287 0,000450
торопитесь 1,866287 0,000450
тотчас 0,046743 0,000034
точно 0,121994 0,000088
точное 1,565257 0,000378
требовала 1,565257 0,000755
требуется 1,866287 0,000901
тревоге 1,088136 0,000263
третирует 1,690196 0,000408
трех 0,374926 0,000090
тротуар 1,866287 0,000450
тротуара 1,690196 0,000408
трудно 0,459747 0,000111
труните 2,167317 0,000523
трусливою 2,167317 0,000523
туда 0,495219 0,000120
тысяч 0,451314 0,000218
убытку 1,866287 0,000450
уверяет 1,322219 0,000319
уверяю 0,648803 0,000157
увидал 0,735954 0,000178
увидев 0,866287 0,000209
увидим 1,322219 0,000957
увидите 0,769377 0,000186
увлечением 1,468347 0,000354
угла 0,963197 0,000232
угол 0,735954 0,000178
угрызение 1,866287 0,000450
удалось 0,824895 0,000199
удержу 1,322219 0,000319
удивительно 0,866287 0,000418
удивление 1,021189 0,000493
удивлением 0,523865 0,000126
удивлении 0,936868 0,000226
удовлетворительно 1,690196 0,000408
удовольствием 0,704919 0,000170
удостоил 1,389166 0,000335
ужаснее 1,389166 0,000335
ужасно 0,167317 0,000202
узелком 1,690196 0,000408
узелок 1,468347 0,000354
узнали 0,824895 0,000199
узнать 0,374926 0,000090
укусила 1,565257 0,000378
улавливать 2,167317 0,000523
улицу 0,735954 0,000178
улыбкой 0,468347 0,000113
улыбнулась 1,125925 0,000815
умеет 1,021189 0,000493
умершим 0,000000 0,000000
умею 0,912045 0,000220
умираю 1,389166 0,000335
умолял 1,468347 0,000354
умом 0,752344 0,000545
упомните 2,167317 0,000523
усилие 2,167317 0,000523
усилием 1,389166 0,000335
усилиями 1,690196 0,000408
усмехайся 1,690196 0,000408
успел 0,354404 0,000086
утерпела 1,866287 0,000450
утопающего 2,167317 0,000523
утратила 2,167317 0,000523
утром 0,411442 0,000099
уходит 0,888564 0,000214
ухожу 1,264227 0,000305
участие 0,888564 0,000214
участия 1,468347 0,000354
ученых 1,264227 0,000305
федор 0,000000 0,000000
федорович 0,253503 0,000184
федоровичу 0,599116 0,000289
филипповна 0,824895 0,001393
филипповну 0,888564 0,000214
филипповны 0,845098 0,000612
характер 0,635838 0,000153
характере 1,213075 0,000293
холодно 0,991226 0,000239
хорош 1,053374 0,000254
хороша 0,963197 0,001162
хороши 1,088136 0,000263
хороших 1,213075 0,000293
хорошо 0,189594 0,000137
хотелось 0,381987 0,000092
хотите 0,419129 0,000101
хоть 0,060107 0,000044
хотя 0,050046 0,000024
хочет 0,322219 0,000078
хочется 0,704919 0,000170
хочу 0,243038 0,000293
цените 1,565257 0,000378
церемонился 1,866287 0,000450
часа 0,000000 0,000000
часть 0,002964 0,000001
чего 0,040213 0,000029
человек 0,036984 0,000009
человека 0,154480 0,000037
чему 0,341243 0,000082
через 0,258832 0,000125
черную 1,468347 0,000354
черт 0,477121 0,000461
черту 0,912045 0,000440
черты 0,963197 0,000232
честное 1,088136 0,000263
честности 1,389166 0,000335
четырех 0,888564 0,000214
число 0,000000 0,000000
читаем 0,000000 0,000000
читайте 1,468347 0,000354
читал 0,735954 0,000178
читали 1,167317 0,000563
читать 0,000000 0,000000
чрез 0,275223 0,000066
чрезвычайная 1,213075 0,000293
чрезвычайно 0,217927 0,000158
чрезвычайную 1,322219 0,000319
чтоб 0,073896 0,000036
чтобы 0,030597 0,000037
чувства 0,495219 0,000120
чувствуя 1,167317 0,000282
чудачка 1,565257 0,000378
чудесный 1,866287 0,000450
чуть 0,176091 0,000212
чьего 0,000000 0,000000
шагов 0,720159 0,000174
швейцарии 1,053374 0,000763
швейцарию 1,468347 0,000354
швырять 2,167317 0,000523
шнейдер 1,322219 0,000319
шнейдеру 1,690196 0,000408
этакая 1,468347 0,000354
этакою 2,167317 0,000523
этикет 1,866287 0,000450
этого 0,053374 0,000039
этом 0,046743 0,000102
этот 0,011981 0,000012
этою 0,599116 0,000145
эффектно 1,866287 0,000450
ясная 1,565257 0,000378
ясности 1,468347 0,000354
