автор 0,000000 0,000000
автором 0,000000 0,000000
авторского 0,000000 0,000000
авторы 0,000000 0,000000
аглая 0,720159 0,000487
аделаида 0,845098 0,000381
александра 0,845098 0,000381
алексевна 2,167317 0,000489
алексей 0,000000 0,000000
алексея 0,000000 0,000000
американскую 2,167317 0,000489
аппетита 1,468347 0,000331
ардалионовна 1,021189 0,000230
атеист 1,565257 0,000353
барыни 1,167317 0,000263
батюшка 0,675956 0,000457
бедненький 2,167317 0,000489
бедные 1,213075 0,000273
безграмотно 1,866287 0,000841
безумного 2,167317 0,000489
белого 1,690196 0,000381
белыми 1,565257 0,000706
беспокойно 1,565257 0,000353
беспокойного 1,866287 0,000421
бессонницу 2,167317 0,000489
бешеною 2,167317 0,000489
библиотека 0,000000 0,000000
бискупом 2,167317 0,000489
бишь 1,690196 0,000381
благодарности 1,167317 0,000263
благодарю 0,824895 0,000372
благодетель 1,322219 0,000298
благонадежный 2,167317 0,000489
благополучно 1,690196 0,000381
благородства 1,167317 0,000526
бледный 0,888564 0,000200
блеснула 1,690196 0,000381
блестящий 1,565257 0,000353
блогодеяний 2,167317 0,000489
бога 0,451314 0,000102
богу 0,434924 0,000196
боитесь 1,264227 0,000855
бойся 1,264227 0,000285
более 0,000000 0,000000
болезненном 1,264227 0,000285
болезни 0,565257 0,000127
болезнь 0,704919 0,000159
болен 0,704919 0,000159
больного 0,752344 0,000170
больную 1,389166 0,000313
больны 1,468347 0,000331
больше 0,137934 0,000155
большею 1,021189 0,000691
большою 1,167317 0,000263
боязливо 1,690196 0,000762
боязнь 1,690196 0,000381
боялись 1,125925 0,000254
боялся 0,587534 0,000132
брат 0,303994 0,000069
бреда 1,866287 0,000421
бредит 1,389166 0,000313
бредишь 1,565257 0,000353
бреду 0,912045 0,000206
бросать 1,690196 0,000381
бросился 0,451314 0,000102
бросите 1,866287 0,000421
брызгами 1,690196 0,000381
будет 0,077412 0,000105
будто 0,099131 0,000045
буду 0,208276 0,000094
будь 0,720159 0,000325
будьте 0,735954 0,000166
бурдовский 1,167317 0,000789
бурдовского 1,213075 0,000547
бурдовскому 1,690196 0,000762
бывает 0,599116 0,000135
бывший 0,845098 0,000191
была 0,046743 0,000053
были 0,099131 0,000045
было 0,000000 0,000000
быстро 0,232819 0,000315
быть 0,002964 0,000013
вами 0,232819 0,000367
варвара 0,963197 0,000217
ваша 0,554533 0,000125
ваше 0,434924 0,000686
вашего 0,443041 0,000100
вашему 0,576253 0,000390
вашим 0,587534 0,000265
ваших 0,554533 0,000375
вашу 0,504560 0,000114
ввернул 0,991226 0,000223
вдруг 0,005949 0,000038
ведь 0,043466 0,000088
векселя 1,565257 0,000706
векселям 1,866287 0,000421
великим 1,322219 0,000298
великолепные 1,690196 0,000381
величавое 2,167317 0,000489
верите 0,735954 0,000332
вернейший 1,468347 0,000331
верно 0,523865 0,000236
верой 1,213075 0,000273
вертелся 1,866287 0,000421
весел 0,963197 0,000434
весь 0,099131 0,000045
весьма 0,243038 0,000055
вечер 0,477121 0,000323
вечера 0,623249 0,000281
взгляд 0,396465 0,000089
взгляда 0,662167 0,000149
взгляде 0,769377 0,000173
взглядом 0,504560 0,000114
взглянуть 0,912045 0,000617
вздрагивавших 2,167317 0,000489
вздрогнул 0,565257 0,000127
вздумал 0,805589 0,000182
видеть 0,381987 0,000086
видимо 0,328468 0,000074
видно 0,504560 0,000227
видом 0,389166 0,000439
виду 0,544068 0,000123
вижу 0,286504 0,000129
визгом 1,866287 0,000421
визиты 0,000000 0,000000
виноваты 1,021189 0,000230
вместе 0,208276 0,000047
вместо 0,411442 0,000093
внезапно 0,623249 0,000140
внимание 0,704919 0,000318
внимания 0,845098 0,000191
водится 1,565257 0,000706
водиться 1,866287 0,000421
возвещения 2,167317 0,000489
воздаст 1,866287 0,000421
вознаграждения 0,000000 0,000000
возрастало 1,690196 0,000381
войну 1,866287 0,000421
волнение 0,824895 0,000372
волнении 0,675956 0,000152
волновался 1,468347 0,000331
волосы 0,991226 0,000447
вопрос 0,222835 0,000050
вопросительно 1,167317 0,000263
вопросы 0,599116 0,000135
восемнадцать 1,389166 0,000313
воскликнул 0,309985 0,000070
воскликнула 0,845098 0,000381
воспоминания 1,088136 0,000491
восстановления 2,167317 0,000489
восторг 0,888564 0,000200
восторге 0,824895 0,000186
восторженно 0,936868 0,000211
восторжествования 2,167317 0,000489
вперед 0,426955 0,000096
впечатлительность 1,866287 0,000421
вполголоса 0,888564 0,000200
вполне 0,316059 0,000071
впрочем 0,118099 0,000160
враги 1,213075 0,000273
временем 0,963197 0,000217
время 0,043466 0,000020
всегда 0,129891 0,000059
всего 0,040213 0,000082
всем 0,070407 0,000063
всех 0,060107 0,000203
всею 0,888564 0,000401
вскинул 1,021189 0,000230
вскричала 0,866287 0,000195
вслед 0,523865 0,000236
вслух 0,533849 0,000120
вспомнив 1,264227 0,000570
вставая 1,088136 0,000245
встать 1,053374 0,000237
встречу 1,125925 0,000254
всяком 0,544068 0,000491
вторая 0,514105 0,000232
вторую 1,322219 0,000298
вчера 0,341243 0,000077
вывернется 2,167317 0,000489
выдать 1,125925 0,000254
выжидая 1,468347 0,000331
выкинет 2,167317 0,000489
вылетело 1,468347 0,000331
вымолвив 1,565257 0,000353
вынести 0,888564 0,000200
выплаты 0,000000 0,000000
выпрямившись 1,565257 0,000353
выражалось 1,468347 0,000331
выражаться 1,866287 0,000421
выражаюсь 1,690196 0,000381
выражают 2,167317 0,000489
выразиться 1,021189 0,000230
вырвите 2,167317 0,000489
высказался 1,690196 0,000381
выслушал 0,805589 0,000182
выслушивать 1,866287 0,000421
выставлялся 1,866287 0,000421
выставлять 1,565257 0,000353
выхода 1,088136 0,000245
выходил 0,963197 0,000217
выходит 0,752344 0,000170
выходу 1,389166 0,000313
выходя 0,936868 0,000211
вышло 0,523865 0,000236
ганечкой 2,167317 0,000489
генерал 0,554533 0,000875
генералом 0,991226 0,000223
генералу 1,021189 0,000230
гимназиста 1,866287 0,000421
глаза 0,129891 0,000059
глазам 0,963197 0,000217
глазами 0,403889 0,000091
глазах 0,459747 0,000104
глубоко 0,611015 0,000138
глупцом 2,167317 0,000489
глядел 0,554533 0,000125
глядеть 0,720159 0,000162
глянувшем 2,167317 0,000489
гневно 1,264227 0,000855
гневом 1,264227 0,000570
говорил 0,095435 0,000215
говорила 0,587534 0,000265
говорили 0,374926 0,000085
говорит 0,189594 0,000085
говорите 0,533849 0,000120
говорить 0,162996 0,000147
говорю 0,203530 0,000046
голову 0,227798 0,000257
головы 0,787106 0,000177
голос 0,533849 0,000241
голосом 0,396465 0,000089
гордо 1,053374 0,000475
город 0,523865 0,000118
горского 2,167317 0,000489
горячий 1,167317 0,000263
господа 0,389166 0,000088
господи 0,451314 0,000305
господин 0,514105 0,000579
господину 1,053374 0,000237
государь 1,053374 0,000237
готов 0,544068 0,000245
готовы 1,021189 0,000230
грамматически 2,167317 0,000489
громко 0,504560 0,000227
громом 1,264227 0,000285
груди 0,675956 0,000152
грудь 0,752344 0,000170
группировка 2,167317 0,000489
грустным 1,866287 0,000421
грязь 1,565257 0,000353
губах 1,053374 0,000237
губы 0,599116 0,000135
давеча 0,232819 0,000420
давешней 1,565257 0,000353
давно 0,158717 0,000143
даже 0,005949 0,000021
дали 0,635838 0,000143
дальше 0,002964 0,000005
данилова 2,167317 0,000489
данные 0,000000 0,000000
дать 0,623249 0,000140
даче 1,053374 0,000237
дачи 1,264227 0,000285
двенадцать 1,021189 0,000230
движении 1,866287 0,000421
двинулась 1,866287 0,000421
двумя 0,720159 0,000162
двусмысленно 2,167317 0,000489
двух 0,264227 0,000060
двухсот 1,690196 0,000381
девиц 1,167317 0,000263
действительно 0,106619 0,000144
дела 0,309985 0,000070
делать 0,426955 0,000289
деле 0,162996 0,000037
дело 0,063514 0,000029
денег 0,309985 0,000070
день 0,162996 0,000073
деревья 1,322219 0,000894
дерзкую 2,167317 0,000489
десяти 0,704919 0,000159
дети 0,662167 0,000149
детскою 1,468347 0,000331
деятелем 1,690196 0,000381
дитя 0,912045 0,000206
добрый 0,824895 0,000186
добрым 1,213075 0,000273
довели 1,389166 0,000626
довольно 0,129891 0,000176
договорил 1,125925 0,000254
доктор 0,735954 0,000166
докторенко 1,565257 0,000706
докторенку 2,167317 0,000489
долгие 2,167317 0,000489
долго 0,222835 0,000201
должен 0,258832 0,000058
должно 0,286504 0,000258
дома 0,298086 0,000202
дополнить 2,167317 0,000489
допустили 1,213075 0,000273
дорогой 0,565257 0,000127
дорогу 0,599116 0,000135
досаде 1,088136 0,000245
досадливо 1,389166 0,000313
досады 1,264227 0,000285
доставили 1,866287 0,000421
достоевский 0,000000 0,000000
достоинством 0,866287 0,000195
достояние 0,000000 0,000000
дотронулся 1,866287 0,000421
доходившего 2,167317 0,000489
дочь 0,587534 0,000132
дрожки 1,866287 0,000841
друг 0,269690 0,000365
друга 0,419129 0,000189
другая 0,648803 0,000146
другим 0,533849 0,000120
другое 0,309985 0,000070
другой 0,146128 0,000033
другом 0,477121 0,000108
дружбу 1,125925 0,000254
дружественных 2,167317 0,000489
дрянью 1,866287 0,000421
думает 0,824895 0,000186
думаете 0,504560 0,000227
думал 0,258832 0,000117
дурак 0,769377 0,000173
дурачествам 1,866287 0,000421
душа 0,565257 0,000127
души 0,523865 0,000118
душонка 1,690196 0,000381
евгений 0,866287 0,002929
евгению 1,213075 0,000820
евгения 0,963197 0,000869
едва 0,554533 0,000250
едем 1,690196 0,000381
едет 1,167317 0,000263
единичного 2,167317 0,000489
единственно 0,477121 0,000215
единственное 1,565257 0,000353
если 0,011981 0,000054
есть 0,018098 0,000008
ехать 0,866287 0,000195
жалких 1,690196 0,000381
жаль 0,635838 0,000143
жаром 0,587534 0,000132
ждал 0,495219 0,000112
желаю 0,735954 0,000166
желая 0,662167 0,000149
жена 0,912045 0,000411
жених 1,213075 0,000273
женой 1,167317 0,000263
жертвовать 1,690196 0,000381
жестоки 1,690196 0,000381
жестокие 1,322219 0,000298
жизни 0,222835 0,000050
жизнь 0,162996 0,000073
жить 0,451314 0,000203
забормотал 1,468347 0,000331
забота 1,167317 0,000263
забранит 2,167317 0,000489
забудьте 1,565257 0,001059
забыл 0,328468 0,000148
завопил 0,787106 0,000177
завтра 0,298086 0,000202
заговорил 0,599116 0,000540
задержал 1,468347 0,000331
задохся 1,322219 0,000894
задумался 0,866287 0,000391
задумчиво 0,912045 0,000206
задумчивости 0,991226 0,000223
задыхался 0,912045 0,000206
закашлялся 1,690196 0,000762
закинув 1,565257 0,000353
заклад 0,845098 0,000381
заключил 0,523865 0,000236
законфузился 1,565257 0,000353
закончил 1,125925 0,000254
закрыл 0,991226 0,000447
заложив 1,565257 0,000353
заметил 0,154480 0,000070
заметить 0,635838 0,000573
замешательстве 1,690196 0,000381
замолчал 1,021189 0,000230
запертые 1,565257 0,000353
заплакал 0,866287 0,000195
запряженная 2,167317 0,000489
запутавшийся 2,167317 0,000489
засмеялся 0,495219 0,000223
застыдился 1,690196 0,000381
застыл 1,866287 0,000421
затем 0,237898 0,000054
заторопился 1,690196 0,000381
заученными 2,167317 0,000489
захихикал 1,690196 0,000381
захлебнулись 2,167317 0,000489
захотения 2,167317 0,000489
зачем 0,146128 0,000099
защитить 1,565257 0,000353
звала 1,322219 0,000298
звонкий 1,690196 0,000762
звонко 1,565257 0,000353
звука 1,866287 0,000421
здесь 0,095435 0,000151
здоровья 1,322219 0,000298
зевнул 2,167317 0,000489
земле 0,648803 0,000146
злобных 1,690196 0,000381
злобой 0,963197 0,000217
знаете 0,286504 0,000646
знайте 0,866287 0,000391
знакомого 1,088136 0,000245
знакомству 1,468347 0,000331
знал 0,114239 0,000026
знать 0,328468 0,000074
значению 1,690196 0,000381
значит 0,243038 0,000110
знаю 0,095435 0,000129
зная 0,623249 0,000140
иван 0,303994 0,000411
идиот 0,443041 0,000499
идти 0,434924 0,000098
иезуитская 1,866287 0,000421
известно 0,334808 0,000075
извинение 1,690196 0,000381
извините 0,735954 0,000166
извозчика 1,264227 0,000285
извозчичьи 2,167317 0,000489
изволили 0,845098 0,000191
изложили 2,167317 0,000489
изящество 1,866287 0,000421
имевшая 1,866287 0,000421
имел 0,347773 0,000157
имели 1,088136 0,000245
имени 0,912045 0,000206
именно 0,066947 0,000015
иметь 0,587534 0,000132
имею 0,565257 0,000127
иногда 0,208276 0,000047
ипполит 0,675956 0,002743
ипполита 0,888564 0,000401
ипполитом 1,213075 0,000273
ипполиту 1,053374 0,000237
искаженном 1,866287 0,000421
искал 1,021189 0,000460
искать 0,769377 0,000173
исключением 2,167317 0,000489
искренно 0,523865 0,000236
искренности 1,125925 0,000254
искривленной 2,167317 0,000489
использоваться 0,000000 0,000000
испуганно 1,021189 0,000230
испугом 1,468347 0,000331
исследования 2,167317 0,000489
исступлении 0,735954 0,000166
исступленным 1,690196 0,000381
истерически 1,125925 0,000508
истинная 1,322219 0,000298
истины 1,125925 0,000761
источник 0,000000 0,000000
исчезла 1,167317 0,000263
ищут 1,322219 0,000596
каждая 1,213075 0,000273
каждом 1,053374 0,000237
каждым 0,769377 0,000347
кажется 0,118099 0,000133
казалось 0,316059 0,000142
какая 0,194189 0,000044
какие 0,232819 0,000052
каким 0,194189 0,000044
какого 0,347773 0,000078
каком 0,381987 0,000086
какою 0,599116 0,000135
какую 0,419129 0,000189
капитал 1,088136 0,000245
качествам 1,866287 0,000421
келлер 0,991226 0,000670
келлеру 2,167317 0,000489
кирпичная 2,167317 0,000489
книги 0,000000 0,000000
княгиня 1,322219 0,000298
князем 0,704919 0,000318
князь 0,477121 0,003012
князю 0,504560 0,000796
князя 0,468347 0,000528
когда 0,015029 0,000027
кого 0,222835 0,000151
колю 0,805589 0,000182
коля 0,565257 0,000255
коляска 1,322219 0,000894
коляске 1,468347 0,000331
комаров 0,000000 0,000000
компании 0,845098 0,000191
компетентному 2,167317 0,000489
кому 0,341243 0,000077
конвульсивно 1,565257 0,000353
конечно 0,060107 0,000041
консеквентны 2,167317 0,000489
кончай 2,167317 0,000489
кончалось 2,167317 0,000489
кончил 0,587534 0,000265
кончились 1,468347 0,000331
конями 2,167317 0,000489
которая 0,361137 0,000081
которого 0,198834 0,000045
которое 0,426955 0,000096
которому 0,468347 0,000106
которые 0,189594 0,000128
который 0,110412 0,000075
которым 0,389166 0,000088
которыми 0,888564 0,000200
красавица 1,167317 0,000263
красивость 1,866287 0,000421
красная 1,866287 0,000421
крепко 0,443041 0,000100
кресла 1,125925 0,000508
кривляка 2,167317 0,000489
криво 1,322219 0,000298
крикнул 0,381987 0,000172
крикнула 0,824895 0,000186
критикует 2,167317 0,000489
кровати 1,213075 0,000273
крови 0,662167 0,000149
крокодилов 2,167317 0,000489
кроме 0,158717 0,000072
кругом 0,419129 0,000661
круто 1,322219 0,000298
кулака 2,167317 0,000489
купферовы 2,167317 0,000489
ласково 0,936868 0,000211
лебедев 0,735954 0,000995
лебедева 0,752344 0,001018
лебедевой 1,468347 0,000331
лебедеву 1,213075 0,000273
легко 0,752344 0,000170
лестницы 0,991226 0,000670
либерал 1,468347 0,000331
либералы 1,690196 0,000381
либо 0,000000 0,000000
лизавета 0,662167 0,004180
лизавете 0,963197 0,000651
лизаветой 1,264227 0,000570
лизавету 0,866287 0,000195
лизаветы 1,053374 0,000475
литература 0,000000 0,000000
лихорадка 1,468347 0,000662
лихорадке 0,991226 0,000223
лихорадочного 2,167317 0,000489
лихорадочным 1,690196 0,000381
лице 0,403889 0,000364
лицо 0,114239 0,000052
лицом 0,000000 0,000000
лицу 0,587534 0,000265
личного 1,125925 0,000254
ложь 0,866287 0,000195
лучшие 1,322219 0,000298
льва 1,125925 0,000254
любил 0,374926 0,000085
любите 0,845098 0,000191
люблю 0,347773 0,000078
любопытно 0,845098 0,000191
любопытства 0,912045 0,000411
любопытством 0,459747 0,000415
любым 0,000000 0,000000
людей 0,298086 0,000202
люди 0,269690 0,000122
людишек 2,167317 0,000977
людишками 2,167317 0,000489
людишки 1,866287 0,000421
людьми 0,623249 0,000140
людям 0,720159 0,000162
маленькие 1,021189 0,000230
маленькое 1,053374 0,000237
малодушии 2,167317 0,000489
мальчик 0,495219 0,000223
мальчика 0,648803 0,000293
мальчишек 1,866287 0,000421
манкировал 1,866287 0,000421
мантилью 1,565257 0,000353
марья 1,125925 0,000254
матери 0,451314 0,000305
мать 0,389166 0,000175
мгновение 0,396465 0,000089
мгновений 1,264227 0,000285
мейерова 1,866287 0,000421
мейерову 1,866287 0,000421
меня 0,027438 0,000074
мерзких 2,167317 0,000489
мертвецом 2,167317 0,000489
мертвого 1,565257 0,000353
мертвому 1,866287 0,000421
мертвый 1,565257 0,000353
месте 0,286504 0,000129
место 0,334808 0,000075
месяца 0,477121 0,000108
мешайте 1,866287 0,000421
милая 1,021189 0,000230
миллионер 1,866287 0,000421
милостивый 1,088136 0,000245
милою 1,565257 0,000353
милый 0,477121 0,000430
мимо 0,514105 0,000348
минут 0,486076 0,000110
минуту 0,084532 0,000038
минуты 0,322219 0,000145
мнение 0,690196 0,000156
мнению 0,845098 0,000191
мнения 0,936868 0,000211
мнительно 2,167317 0,000489
многие 0,468347 0,000106
много 0,080958 0,000091
многочисленным 1,690196 0,000381
мною 0,635838 0,000287
могу 0,171682 0,000039
моей 0,280827 0,000063
моем 0,599116 0,000270
моему 0,354404 0,000160
может 0,000000 0,000000
можешь 0,704919 0,000159
можно 0,088136 0,000099
моим 0,675956 0,000305
молодой 0,381987 0,000172
молодых 0,912045 0,000206
молчавшая 1,565257 0,000353
молчание 0,912045 0,000206
молчанием 1,866287 0,000421
молчишь 1,866287 0,000421
момента 0,000000 0,000000
мужествен 2,167317 0,000489
мучилась 1,690196 0,000381
мыслей 0,735954 0,000166
мысли 0,316059 0,000071
мысль 0,264227 0,000060
наблюдениям 1,866287 0,000421
наверно 0,264227 0,000179
навсегда 0,735954 0,000166
надо 0,036984 0,000033
надоели 1,565257 0,000353
надуманными 2,167317 0,000489
назад 0,000000 0,000000
назвал 1,167317 0,000263
название 0,000000 0,000000
найдя 1,389166 0,000313
найти 0,000000 0,000000
наказана 2,167317 0,000489
наклоняя 2,167317 0,000489
наконец 0,073896 0,000117
накрепко 1,690196 0,000381
нами 0,648803 0,000146
написано 0,000000 0,000000
направилась 1,565257 0,000353
направо 0,787106 0,000177
например 0,298086 0,000067
напротив 0,180546 0,000041
напряжении 1,690196 0,000381
народом 1,264227 0,000285
нарочно 0,227798 0,000051
нарочного 1,866287 0,000421
наружному 2,167317 0,000489
насквозь 1,167317 0,000263
насмешки 1,053374 0,000237
насмешлива 1,866287 0,000841
насмеяться 1,866287 0,000421
настоящего 1,167317 0,000263
настоящие 1,468347 0,000331
насчет 0,354404 0,000240
наука 0,000000 0,000000
научился 1,322219 0,000298
начиная 0,991226 0,000223
наша 0,787106 0,000177
наше 0,662167 0,000149
нашего 0,396465 0,000179
нашей 0,599116 0,000270
нашел 0,648803 0,000146
нашелся 1,213075 0,000273
нашим 0,936868 0,000211
небось 0,912045 0,000206
невежеству 2,167317 0,000489
невинные 1,468347 0,000331
невольно 0,704919 0,000159
него 0,000000 0,000000
негодованием 0,787106 0,000355
негодования 0,845098 0,000191
негры 2,167317 0,000977
недавняя 1,866287 0,000421
недалеко 0,912045 0,000411
неделе 1,088136 0,000245
неделикатности 1,866287 0,000421
недоверчиво 1,264227 0,000285
недоумении 0,805589 0,000182
нежную 1,866287 0,000421
нездоров 1,213075 0,000273
неизвестных 1,866287 0,000421
неизящно 2,167317 0,000489
некого 1,565257 0,000353
некрасиво 2,167317 0,000489
неловкий 2,167317 0,000489
нельзя 0,176091 0,000040
немедленно 0,554533 0,000125
немедленного 1,565257 0,000353
немного 0,426955 0,000096
нему 0,080958 0,000128
ненавидел 0,991226 0,000447
ненавидеть 1,264227 0,000285
ненавидите 1,690196 0,000381
ненавижу 1,088136 0,000491
ненавистно 1,213075 0,000273
ненавистью 1,088136 0,000245
необходимого 1,690196 0,000381
необыкновенным 0,845098 0,000191
неожиданно 0,523865 0,000354
неожиданную 1,565257 0,000353
непоколебимо 1,690196 0,000381
непременно 0,133894 0,000060
неприличной 1,866287 0,000421
неприятно 1,213075 0,000273
несколько 0,102859 0,000023
несмотря 0,275223 0,000062
несомненным 1,565257 0,000353
несоразмерно 1,690196 0,000381
нетерпеливо 0,936868 0,000634
нетерпеливом 1,690196 0,000381
нетерпением 0,866287 0,000195
неуважении 2,167317 0,000489
нечего 0,381987 0,000172
нибудь 0,030597 0,000048
ниже 0,912045 0,000617
низок 1,213075 0,001094
никакая 1,690196 0,000381
никаких 0,565257 0,000127
никакого 0,403889 0,000091
никогда 0,088136 0,000099
никого 0,411442 0,000278
николаевич 0,805589 0,000182
николаевича 1,389166 0,000313
никто 0,185046 0,000083
ними 0,275223 0,000124
нисколько 0,662167 0,000149
ничего 0,030597 0,000076
новость 1,565257 0,000353
новый 0,648803 0,000146
ногах 0,866287 0,000391
ногой 1,125925 0,000254
ночевать 1,213075 0,000547
ночь 0,248239 0,000112
ночью 0,587534 0,000265
нужен 0,963197 0,000217
нужна 1,213075 0,000273
обвел 1,468347 0,000331
обвинит 1,690196 0,000381
обеих 0,866287 0,000195
обернулась 1,167317 0,001053
обернулся 0,824895 0,000186
обещанием 1,866287 0,000421
обморок 1,088136 0,000245
оборотилась 2,167317 0,000489
обрадовался 0,888564 0,000601
образованием 1,389166 0,000313
обратилась 0,888564 0,000601
обратился 0,443041 0,000399
обратно 0,675956 0,000152
обращаясь 0,675956 0,000152
общего 1,167317 0,000263
обществе 0,675956 0,000152
общественное 0,000000 0,000000
объявила 0,963197 0,000217
объявили 1,322219 0,000298
объявлял 1,468347 0,000331
огибающую 2,167317 0,000489
оглядела 1,565257 0,000353
оглядывался 1,866287 0,000421
оглядывая 1,389166 0,000313
оглядываясь 1,322219 0,000298
огорчительнее 2,167317 0,000489
один 0,046743 0,000032
одна 0,185046 0,000083
однако 0,102859 0,000023
одним 0,286504 0,000065
одно 0,099131 0,000022
одного 0,150284 0,000102
одному 0,334808 0,000075
одну 0,232819 0,000210
одолжение 0,936868 0,000211
одре 1,389166 0,000313
ожег 2,167317 0,000489
оживлялся 1,690196 0,000381
оживляясь 1,322219 0,000298
ожидал 0,675956 0,000152
ожидала 1,053374 0,000237
ожидании 0,824895 0,000186
ожидая 0,936868 0,000211
озабоченно 1,088136 0,000245
окно 0,635838 0,000573
окошко 1,322219 0,000298
опасливо 1,264227 0,000285
опасно 1,389166 0,000313
оппоненту 2,167317 0,000489
оправлять 1,690196 0,000381
опубликовано 0,000000 0,000000
опустил 1,088136 0,000245
опять 0,027438 0,000043
осмотрелся 1,322219 0,000298
особое 1,389166 0,000313
оставили 0,888564 0,000200
оставить 0,690196 0,000467
оставляю 1,125925 0,000254
остается 0,787106 0,000177
осталась 0,866287 0,000391
остались 0,735954 0,000166
остался 0,523865 0,000236
останавливаюсь 2,167317 0,000489
останется 0,704919 0,000159
остановилась 1,088136 0,000245
остановился 0,419129 0,000283
останьтесь 1,690196 0,000381
остаться 0,912045 0,000206
остаюсь 1,690196 0,000381
отвернулась 1,866287 0,000421
отвернулся 1,088136 0,000245
ответа 0,720159 0,000162
ответил 0,237898 0,000215
ответить 0,735954 0,000166
отвечают 1,565257 0,000353
отвращения 1,322219 0,000298
открытия 1,866287 0,000421
относится 1,690196 0,000381
отнюдь 0,824895 0,000186
отправятся 2,167317 0,000489
отрапортовал 1,565257 0,000353
отрекомендуйся 2,167317 0,000489
отретировался 1,866287 0,000421
отрицаете 1,866287 0,000421
отрывками 1,866287 0,000421
оттенком 1,264227 0,000285
отчаянием 1,322219 0,000298
отчаяния 0,963197 0,000217
отчета 1,322219 0,000298
отъехали 2,167317 0,000489
оформление 0,000000 0,000000
оцепенении 1,690196 0,000381
очень 0,024303 0,000033
ошибаетесь 1,389166 0,000313
ошибаюсь 1,389166 0,000313
ошибся 0,963197 0,000217
павлищева 1,264227 0,000285
павлович 0,419129 0,001323
павловича 0,451314 0,000407
павловичу 0,805589 0,000545
павлыч 1,053374 0,000237
падаете 2,167317 0,000489
парк 1,213075 0,000273
парка 1,866287 0,000421
пассивным 2,167317 0,000489
паточная 2,167317 0,000489
первого 0,411442 0,000093
первую 0,805589 0,000182
перебил 0,635838 0,000143
перебила 1,088136 0,000245
переведу 1,866287 0,000421
перевела 1,690196 0,000381
перед 0,554533 0,000125
передовые 2,167317 0,000489
перескочить 1,565257 0,000353
перешло 0,000000 0,000000
перлы 1,866287 0,000841
петербург 0,662167 0,000149
плантаторов 2,167317 0,000489
плачь 1,167317 0,000263
племени 1,690196 0,000381
племянник 1,264227 0,000285
плечами 0,787106 0,000177
побежал 0,623249 0,000140
побрел 1,866287 0,000421
побьюсь 1,468347 0,000662
поверит 1,125925 0,000254
поговорить 0,866287 0,000195
погребение 1,690196 0,000381
подал 0,752344 0,000170
подала 1,125925 0,000254
поданной 2,167317 0,000489
подаются 2,167317 0,000489
подборка 0,000000 0,000000
подвел 1,167317 0,000263
подвела 1,866287 0,000421
подвели 1,866287 0,000421
подвернулась 2,167317 0,000489
подействует 1,866287 0,000421
поди 1,125925 0,000254
подкатили 2,167317 0,000489
подлом 1,690196 0,000381
поднял 0,504560 0,000227
поднялся 0,635838 0,000287
подобных 1,021189 0,000230
подозревал 1,053374 0,000237
подошла 1,053374 0,000237
подсказал 1,088136 0,000245
подскочивший 2,167317 0,000489
подскочил 1,125925 0,000254
подскочила 1,690196 0,000381
подумал 0,334808 0,000226
подушке 1,690196 0,001143
подхватил 0,533849 0,000120
подыскал 2,167317 0,000489
пожалуй 0,237898 0,000215
пожалуйста 0,662167 0,000149
пожать 1,690196 0,000381
позволить 1,322219 0,000298
позволишь 1,690196 0,000381
позвольте 0,523865 0,000236
пойдемте 0,888564 0,000200
пойдет 0,720159 0,000162
показав 1,565257 0,000353
покой 1,322219 0,000298
покраснев 1,125925 0,000254
ползал 1,866287 0,000421
ползучей 2,167317 0,000489
ползучим 2,167317 0,000489
полным 1,088136 0,000245
половину 0,888564 0,000401
пользу 0,824895 0,000186
помешанная 1,468347 0,000331
помогите 1,866287 0,000841
помочил 2,167317 0,000489
помочь 0,912045 0,000206
понимаю 0,381987 0,000086
понял 0,396465 0,000089
понятного 1,866287 0,000421
понять 0,396465 0,000089
поодаль 1,565257 0,000353
поправила 1,565257 0,000353
поправках 2,167317 0,000489
поправлял 1,866287 0,001683
поправляли 2,167317 0,000977
поправлять 1,866287 0,000421
поправь 2,167317 0,000489
попробуй 1,690196 0,000381
пора 0,845098 0,000762
поражает 1,468347 0,000331
пораженный 0,888564 0,000401
порывами 1,866287 0,000421
посетителей 0,000000 0,000000
посетители 0,000000 0,000000
послала 1,322219 0,000298
послали 1,389166 0,000313
послать 0,963197 0,000217
после 0,084532 0,000057
последнее 0,486076 0,000110
последний 0,403889 0,000091
посмертно 0,000000 0,000000
посмотрев 1,690196 0,000381
посмотрел 0,459747 0,000207
посмотрела 1,053374 0,000237
посмотреть 0,704919 0,000159
посмотрите 0,888564 0,000200
поссорились 1,389166 0,000313
поставил 0,845098 0,000191
пострадали 1,690196 0,000381
поступках 1,866287 0,000421
потерявший 1,690196 0,000381
потерянной 1,690196 0,000381
потерянным 1,565257 0,000353
потихоньку 0,912045 0,000206
потом 0,084532 0,000038
потому 0,024303 0,000022
похвалить 1,468347 0,000331
поцеловала 0,991226 0,000223
почти 0,024303 0,000038
почтительным 1,565257 0,000353
пошатываясь 2,167317 0,000489
права 0,554533 0,000500
правда 0,162996 0,000184
правде 0,991226 0,000223
правду 0,443041 0,000100
праве 1,125925 0,000254
право 0,361137 0,000407
превосходительства 1,322219 0,000298
превосходительство 1,213075 0,001641
превосходно 1,125925 0,000254
превосходного 1,690196 0,000381
пред 0,033778 0,000015
преданности 1,389166 0,000313
предлагает 1,322219 0,000298
предлагал 1,468347 0,000331
предназначила 2,167317 0,000489
прежде 0,077412 0,000070
презираете 1,389166 0,000626
презрением 0,866287 0,000195
презрительным 1,468347 0,000331
преимущественно 1,053374 0,000237
прекрасный 1,088136 0,000245
прервал 0,735954 0,000166
прервите 2,167317 0,000489
преувеличила 1,690196 0,000381
прибавил 0,275223 0,000124
прибавить 1,088136 0,000736
привлекать 1,690196 0,000381
привскочила 1,866287 0,000421
привычке 1,264227 0,000285
приданое 1,322219 0,000298
приедет 1,167317 0,000263
приехал 0,554533 0,000125
прижала 1,866287 0,000421
прижизненно 0,000000 0,000000
признак 1,264227 0,000285
признали 1,565257 0,000353
признаюсь 0,769377 0,000347
прикажете 2,167317 0,000489
приключения 1,213075 0,000273
прикоснулся 1,565257 0,000353
приложив 1,690196 0,000381
приму 1,125925 0,000254
принадлежит 1,389166 0,000313
принимать 0,936868 0,000211
принимая 1,167317 0,000263
принять 0,523865 0,000236
припадка 1,389166 0,000313
приписывать 1,866287 0,000421
приподнять 2,167317 0,000489
припоминал 0,936868 0,000211
припоминая 1,125925 0,000254
природа 1,125925 0,001015
пристально 0,389166 0,000088
пристальный 1,866287 0,000421
пристать 1,866287 0,000421
присутствующие 2,167317 0,000489
присутствующих 1,468347 0,000331
приходило 1,213075 0,000273
прицепить 1,690196 0,000381
причины 0,752344 0,000170
пришлось 0,769377 0,000173
приятеля 1,389166 0,000313
приятный 1,866287 0,000421
пробормотал 0,334808 0,000151
провести 1,468347 0,000331
проговорил 0,154480 0,000104
проговорила 0,533849 0,000120
программирование 0,000000 0,000000
продолжал 0,292256 0,000329
продолжала 0,720159 0,000162
продолжало 1,690196 0,000381
продолжался 1,264227 0,000285
продолжать 0,690196 0,000156
продолжаться 1,866287 0,000421
продолжая 1,021189 0,000230
продумал 1,866287 0,000421
проехав 2,167317 0,000489
произведение 0,000000 0,000000
произведений 0,000000 0,000000
произведения 0,000000 0,000000
произнес 0,361137 0,000081
произнесла 0,936868 0,000422
проклинаю 1,690196 0,000381
прокофьевна 0,752344 0,004749
прокофьевне 0,963197 0,000651
прокофьевной 1,322219 0,000596
прокофьевну 0,936868 0,000211
прокофьевны 1,088136 0,000491
пролежал 1,213075 0,000273
пролилась 1,690196 0,000381
пролилось 2,167317 0,000489
промчалась 2,167317 0,000489
просидеть 1,565257 0,000353
просить 0,504560 0,000114
просмотрел 1,690196 0,000381
проснулся 0,963197 0,000217
простившись 1,565257 0,000353
простил 1,167317 0,000263
простились 1,866287 0,000421
простимся 1,866287 0,000421
простит 0,888564 0,000601
просто 0,232819 0,000052
просьбе 1,053374 0,000237
протянул 0,675956 0,000457
протянутой 1,866287 0,000421
профессора 1,468347 0,000331
прочего 1,690196 0,000381
прочитал 1,565257 0,000353
прочитали 1,565257 0,000353
прочли 1,125925 0,000254
прочь 0,866287 0,000195
прошептал 0,675956 0,000305
прошептала 1,125925 0,000254
прошло 0,000000 0,000000
прошлой 1,088136 0,000245
прощайте 0,845098 0,000381
прощались 1,866287 0,000421
прощение 1,468347 0,000331
прощу 1,264227 0,000285
прудон 1,866287 0,000421
прямо 0,118099 0,000053
публикации 0,000000 0,000000
пусть 0,253503 0,000114
путался 1,866287 0,000421
пушкина 1,322219 0,000298
пятидесяти 0,936868 0,000422
пять 0,275223 0,000062
равно 0,303994 0,000069
рада 0,866287 0,000195
ради 0,752344 0,000339
радостию 1,389166 0,000313
радостно 0,888564 0,000200
радуется 1,690196 0,000381
развитию 1,690196 0,000381
развратит 1,866287 0,000421
развращал 2,167317 0,001466
разглядеть 1,021189 0,000230
разговорах 1,866287 0,000421
раздался 0,805589 0,000182
раздражаясь 1,866287 0,000421
раздражило 1,690196 0,000381
раздражительно 0,752344 0,001018
раздражительные 2,167317 0,000489
разозлясь 2,167317 0,000489
разом 0,389166 0,000088
разрешения 0,000000 0,000000
разу 0,704919 0,000159
разумеется 0,328468 0,000148
разыскала 1,866287 0,000421
раскрасневшийся 1,866287 0,000421
распорядился 1,264227 0,000285
распространил 2,167317 0,000489
распространявшемся 2,167317 0,000489
рассеянно 0,991226 0,000223
рассматривала 1,565257 0,000353
рассматривать 1,264227 0,000285
рассматривая 1,389166 0,000313
ребенком 0,936868 0,000211
ребенок 0,648803 0,000146
редкость 1,468347 0,000662
резко 0,648803 0,000293
решите 1,565257 0,000353
ровно 0,533849 0,000241
рогожин 0,704919 0,000159
роде 0,504560 0,000114
романах 1,866287 0,000421
ропот 1,468347 0,000331
рублей 0,367977 0,000083
ругательством 2,167317 0,000489
руками 0,280827 0,000127
руке 0,735954 0,000166
руки 0,167317 0,000038
руку 0,222835 0,000301
русская 0,000000 0,000000
рыдал 1,468347 0,000331
садись 1,021189 0,000230
сайте 0,000000 0,000000
сама 0,208276 0,000047
сами 0,142011 0,000096
самовластьем 2,167317 0,000489
самом 0,114239 0,000052
самою 0,866287 0,000586
самые 0,381987 0,000172
самым 0,280827 0,000063
самыми 1,053374 0,000237
сбиваюсь 1,565257 0,000353
сбылось 1,690196 0,000381
сведению 2,167317 0,000489
сверкающим 1,468347 0,000331
света 0,845098 0,000191
свете 0,426955 0,000192
свидание 0,936868 0,000211
свободно 0,000000 0,000000
сводившая 2,167317 0,000489
сводится 2,167317 0,000489
свое 0,150284 0,000102
своего 0,091770 0,000021
своей 0,066947 0,000075
своем 0,198834 0,000045
своему 0,367977 0,000166
свои 0,146128 0,000099
своих 0,237898 0,000054
свой 0,189594 0,000085
свою 0,073896 0,000083
святая 1,468347 0,000331
сделайте 0,824895 0,000186
сделала 0,963197 0,000434
себе 0,033778 0,000023
себя 0,005949 0,000007
сегодня 0,000000 0,000000
сейчас 0,070407 0,000063
секрет 0,787106 0,000177
секунды 1,088136 0,000245
семидесяти 0,000000 0,000000
сердито 1,389166 0,000313
сердца 0,334808 0,000075
сердце 0,171682 0,000039
сердцу 0,769377 0,000173
сержусь 1,213075 0,000273
серьезно 0,419129 0,000189
серьезным 1,088136 0,000491
сестры 0,824895 0,000186
сидевшая 1,690196 0,000381
сидели 0,963197 0,000217
сиделка 2,167317 0,000489
силы 0,514105 0,000579
сильно 0,292256 0,000066
силясь 1,565257 0,000353
скажет 0,587534 0,000132
скажи 0,662167 0,000448
сказал 0,099131 0,000112
сказали 0,544068 0,000123
сказать 0,073896 0,000150
скандальное 2,167317 0,000489
скомпрометированного 2,167317 0,000489
сконфузился 1,213075 0,000273
скорее 0,514105 0,000232
скорей 0,845098 0,000191
скорый 1,866287 0,000421
скупил 2,167317 0,000489
скучаете 2,167317 0,000489
скучнейшим 2,167317 0,000489
скучные 1,866287 0,000421
сладимся 2,167317 0,000489
следа 1,565257 0,000353
слез 0,787106 0,000177
слезинка 2,167317 0,000489
слезинки 1,565257 0,000353
слов 0,367977 0,000083
слова 0,129891 0,000059
словами 0,805589 0,000182
слове 1,125925 0,000254
слово 0,232819 0,000052
словом 0,367977 0,000249
слову 0,888564 0,000200
словцо 1,125925 0,000254
слог 1,468347 0,000331
слога 1,565257 0,000353
случае 0,248239 0,000280
случай 0,443041 0,000200
случаях 0,599116 0,000135
слушавшая 1,866287 0,000421
слушал 0,576253 0,000130
слышал 0,389166 0,000263
слышать 0,888564 0,000200
слышите 0,769377 0,000173
слышишь 0,866287 0,000391
смеете 1,468347 0,000331
смеетесь 1,021189 0,001151
смеется 0,611015 0,000138
смейтесь 1,213075 0,000273
смертном 1,565257 0,000353
смех 0,704919 0,000318
смехе 1,565257 0,000353
смехом 0,805589 0,000182
смешно 0,824895 0,000186
смешного 1,468347 0,000331
смеющемуся 2,167317 0,000489
смеялись 0,752344 0,000339
смеялся 0,576253 0,000390
смеяться 0,587534 0,000132
смотрел 0,298086 0,000202
смотря 0,322219 0,000145
смущении 0,963197 0,000217
смысле 0,752344 0,000170
сначала 0,434924 0,000098
сношений 1,690196 0,000762
собрание 0,000000 0,000000
собственно 0,565257 0,000255
совершенно 0,180546 0,000122
совершенством 1,866287 0,000421
современного 1,565257 0,000353
совсем 0,021189 0,000019
согласен 0,648803 0,000146
согласится 1,389166 0,000313
согласия 0,000000 0,000000
создает 1,866287 0,000421
сознавая 1,125925 0,000254
сознанием 1,468347 0,000331
сознаюсь 1,167317 0,000526
сойти 1,389166 0,000313
сопровождавшие 1,866287 0,000421
соседа 1,690196 0,000381
состоит 1,088136 0,000245
состоянии 0,459747 0,000104
состояния 1,021189 0,000460
сострадания 1,053374 0,000237
сохрани 1,021189 0,000230
сохранить 1,213075 0,000273
сочинений 0,000000 0,000000
сошелся 1,213075 0,000273
сошлись 1,021189 0,000230
спасибо 0,866287 0,000391
спасите 1,565257 0,000353
спать 0,635838 0,000287
спину 1,213075 0,000273
спишь 1,866287 0,000421
спокоен 1,213075 0,000273
способною 2,167317 0,000489
спрашивала 1,088136 0,000245
спрашивая 1,389166 0,000313
спросил 0,222835 0,000050
спросить 0,495219 0,000447
спустить 1,690196 0,000381
спустя 0,533849 0,000120
спутавшись 2,167317 0,000489
сравнении 1,565257 0,000353
срамит 1,690196 0,000381
средине 1,690196 0,000381
стал 0,125925 0,000028
стала 0,544068 0,000245
стало 0,091770 0,000103
старой 1,167317 0,000263
статьи 1,264227 0,000285
статью 1,264227 0,000570
стеклом 1,690196 0,000381
стена 1,690196 0,000381
стену 1,125925 0,000254
стоит 0,316059 0,000142
стоите 1,213075 0,000273
стоишь 1,322219 0,000298
столик 1,213075 0,000273
столько 0,477121 0,000430
сторицею 2,167317 0,000489
сторон 0,735954 0,000166
стороны 0,185046 0,000042
стоял 0,309985 0,000140
стояла 0,623249 0,000140
стояли 0,690196 0,000156
стоят 0,912045 0,000411
странно 0,354404 0,000080
странное 0,690196 0,000156
странным 0,752344 0,000170
странных 1,389166 0,000313
страшного 1,213075 0,000273
строгим 1,167317 0,000263
стула 0,735954 0,000166
стуле 0,805589 0,000182
ступеньках 1,690196 0,000381
стыд 0,912045 0,000206
стыда 0,805589 0,000363
стыдно 0,504560 0,000341
сударыня 1,213075 0,000273
сударь 1,053374 0,000475
судить 0,912045 0,000206
судя 1,021189 0,000230
суетливо 1,389166 0,000313
сумел 0,936868 0,000211
супруга 0,787106 0,000177
супругой 1,213075 0,000273
супругу 1,088136 0,000245
суть 1,322219 0,000298
существа 1,021189 0,000230
существо 0,690196 0,000156
схватила 0,912045 0,000411
сходила 1,565257 0,000353
счастья 0,888564 0,000200
счет 0,690196 0,000156
считал 0,648803 0,000146
считаю 0,845098 0,000191
сына 0,576253 0,000130
сыном 0,963197 0,000217
сыплются 2,167317 0,000489
сюда 0,232819 0,000105
такая 0,309985 0,000140
также 0,000000 0,000000
таки 0,066947 0,000030
такие 0,232819 0,000052
таким 0,243038 0,000110
такими 0,690196 0,000156
такое 0,114239 0,000026
такой 0,077412 0,000017
таком 0,309985 0,000070
такую 0,334808 0,000075
талантом 1,690196 0,000381
тащить 1,565257 0,000353
твердо 0,419129 0,000189
твоего 0,787106 0,000177
твоему 0,912045 0,000206
твой 0,735954 0,000332
твоя 0,635838 0,000143
тебе 0,203530 0,000184
тебя 0,198834 0,000269
текст 0,000000 0,000000
теории 2,167317 0,000489
теперешний 1,167317 0,000263
теперь 0,015029 0,000044
терентьев 1,389166 0,001253
терпение 1,322219 0,000298
терпеть 1,088136 0,000245
террасу 1,125925 0,000254
террасы 1,167317 0,000789
терялся 2,167317 0,000489
тигров 2,167317 0,000489
тиранили 2,167317 0,000489
тобой 0,419129 0,000189
тобою 0,845098 0,000191
товарищей 1,125925 0,000254
тогда 0,050046 0,000011
того 0,005949 0,000008
тоже 0,043466 0,000069
толпе 0,991226 0,000223
только 0,002964 0,000012
томах 0,000000 0,000000
тому 0,095435 0,000065
тоном 0,866287 0,000391
тону 1,866287 0,000421
топнула 1,468347 0,000331
торжествовать 2,167317 0,000489
тотчас 0,046743 0,000074
точно 0,121994 0,000138
требуется 1,866287 0,000421
трезвый 2,167317 0,000489
трепетала 1,389166 0,000313
тридцать 0,769377 0,000173
тронулась 1,565257 0,000353
трудно 0,459747 0,000104
тяжелые 1,468347 0,000331
убедить 1,565257 0,000353
убеждена 1,322219 0,000298
убеждение 0,824895 0,000186
убеждением 1,213075 0,000273
убеждения 0,991226 0,000223
убежденным 1,690196 0,000381
убил 0,523865 0,000236
уважать 0,963197 0,000217
уважаю 1,125925 0,000254
уверился 1,866287 0,000421
уверял 1,021189 0,000230
уверяю 0,648803 0,000146
углу 0,599116 0,000135
уговорила 1,866287 0,000421
удается 1,565257 0,000353
удалось 0,824895 0,000186
ударять 2,167317 0,000489
удивился 0,635838 0,000287
удивительнее 1,690196 0,000381
удивится 2,167317 0,000489
удивлением 0,523865 0,000118
удивления 0,963197 0,000217
удивляясь 1,565257 0,000353
удовлетворительность 2,167317 0,000489
удовлетворительный 2,167317 0,000489
удостоила 1,866287 0,000421
удостоите 1,866287 0,000421
уединении 1,389166 0,000313
уезжал 1,866287 0,000421
ужасе 1,167317 0,000263
ужасно 0,167317 0,000113
ужасной 1,213075 0,000273
ужасную 1,213075 0,000273
узнания 2,167317 0,000489
указал 0,866287 0,000195
улице 0,635838 0,000143
улыбался 1,213075 0,000273
улыбаясь 0,805589 0,000363
улыбкой 0,468347 0,000211
улыбнулся 0,533849 0,000241
умеешь 1,468347 0,000331
умели 1,322219 0,000298
умершим 0,000000 0,000000
умилением 1,167317 0,000263
умираете 1,866287 0,000421
умираю 1,389166 0,000313
умирающего 1,565257 0,000353
урок 1,389166 0,000313
усадить 2,167317 0,000489
усаживая 1,468347 0,000331
усвоенной 2,167317 0,000489
усидит 2,167317 0,000489
услышал 0,824895 0,000186
усмехнулся 0,443041 0,000100
усмешке 1,690196 0,000381
усмешкой 0,963197 0,000217
усмотрев 2,167317 0,000489
успел 0,354404 0,000160
успела 0,824895 0,000186
успели 0,912045 0,000206
успокойся 1,565257 0,000353
усталость 1,565257 0,000353
утаил 1,565257 0,000353
утра 0,576253 0,000130
утром 0,411442 0,000093
уходить 0,845098 0,000191
участие 0,888564 0,000401
ушла 0,991226 0,000223
ушли 1,021189 0,000230
фактов 0,991226 0,000223
фамилию 1,690196 0,000381
фантазия 1,053374 0,000237
фарфора 2,167317 0,000489
фарфоровые 1,866287 0,000421
федор 0,000000 0,000000
федорович 0,253503 0,000343
форм 2,167317 0,000977
франц 0,635838 0,000143
хвалится 1,690196 0,000381
хвалю 1,866287 0,000421
хлопотала 1,866287 0,000421
хлопотливого 2,167317 0,000489
хлопочет 1,690196 0,000381
хозяин 1,125925 0,000254
холодно 0,991226 0,000223
холодным 1,468347 0,000331
хорошенько 1,264227 0,000285
хорошо 0,189594 0,000085
хотел 0,158717 0,000608
хотела 0,648803 0,000146
хотеть 1,866287 0,000841
хотите 0,419129 0,000094
хоть 0,060107 0,000054
хотя 0,050046 0,000023
хохотал 1,167317 0,000263
хочет 0,322219 0,000145
хочется 0,704919 0,000159
хочешь 0,544068 0,000245
хочу 0,243038 0,000164
хрипом 1,866287 0,000421
христа 0,912045 0,000206
хуже 0,635838 0,000143
целковых 1,213075 0,000547
целый 0,486076 0,000110
часа 0,000000 0,000000
часов 0,411442 0,000093
частию 1,264227 0,000285
часто 0,292256 0,000066
часть 0,002964 0,000001
частью 1,264227 0,000570
часы 0,805589 0,000182
чахотка 1,264227 0,000285
чахоточным 1,866287 0,000421
чашке 1,866287 0,000421
чашки 1,565257 0,000706
чашку 1,468347 0,000331
чего 0,040213 0,000036
человек 0,036984 0,000033
через 0,258832 0,000058
черточка 1,322219 0,000298
чести 0,735954 0,000166
честного 1,264227 0,000285
честному 1,866287 0,000421
честь 0,554533 0,000250
четверть 0,888564 0,000801
числе 0,912045 0,000411
число 0,000000 0,000000
чистого 1,322219 0,000298
читаем 0,000000 0,000000
читать 0,000000 0,000000
чрез 0,275223 0,000062
чрезвычайная 1,213075 0,000273
чрезвычайно 0,217927 0,000098
чрезвычайном 0,824895 0,000372
чтоб 0,073896 0,000033
чтобы 0,030597 0,000041
чувствует 0,866287 0,000195
чуть 0,176091 0,000119
чьего 0,000000 0,000000
шагов 0,720159 0,000162
швейцарского 1,866287 0,000421
шепнул 1,167317 0,000263
шепот 1,690196 0,000381
шесть 0,611015 0,000275
шифоньерке 2,167317 0,000489
штиблетов 2,167317 0,000489
шумом 1,389166 0,000313
щеке 1,322219 0,000298
экипаж 1,389166 0,000313
эксцентрический 1,690196 0,000381
эксцентричности 2,167317 0,000489
эксцентричность 2,167317 0,000977
энтузиазмом 1,866287 0,000421
этим 0,189594 0,000043
этими 0,635838 0,000143
этих 0,213075 0,000192
этого 0,053374 0,000060
этой 0,118099 0,000080
этом 0,046743 0,000032
этот 0,011981 0,000003
этою 0,599116 0,000135
явился 0,623249 0,000140
являлась 1,565257 0,000353
