авраам 2,167317 0,000410
авраамово 2,167317 0,000410
авраамом 2,167317 0,000410
автор 0,000000 0,000000
автором 0,000000 0,000000
авторского 0,000000 0,000000
авторы 0,000000 0,000000
адском 1,866287 0,000706
алексеем 1,213075 0,000229
алексей 0,000000 0,000000
алексея 0,000000 0,000000
алмаз 1,866287 0,000353
ангелы 1,565257 0,000296
анфим 1,866287 0,000353
апостолов 2,167317 0,000410
атеиста 1,690196 0,000320
афанасий 1,264227 0,000239
афанасия 1,322219 0,000250
базаре 1,468347 0,000278
барин 1,053374 0,000398
батюшка 0,675956 0,000383
бегите 1,690196 0,000320
бедная 1,125925 0,000213
беднее 2,167317 0,000410
бедный 0,824895 0,000156
бедным 1,389166 0,000263
бедных 1,389166 0,000525
безгрешны 2,167317 0,000820
безгрешный 1,866287 0,000353
бездна 1,866287 0,000353
беззащитном 2,167317 0,000410
безмятежную 2,167317 0,000410
безо 0,599116 0,000227
безумие 1,690196 0,000320
безумно 1,389166 0,000263
берегите 2,167317 0,000820
бесед 1,565257 0,000592
беседует 2,167317 0,000410
беседы 1,565257 0,000296
бесконечно 1,088136 0,000412
бесконечном 2,167317 0,000410
бесполезные 1,866287 0,000353
бессилие 1,565257 0,000296
бессильны 1,866287 0,000353
бессмысленно 1,322219 0,000250
бессмысленным 1,866287 0,000353
бессмысленных 2,167317 0,000410
бесспорное 1,866287 0,000353
бесстыдные 2,167317 0,000410
бесценный 1,866287 0,000353
бесчисленные 1,866287 0,000353
бесчувственные 2,167317 0,000410
бесчувственный 2,167317 0,000410
бесчувственным 1,468347 0,000278
библиотека 0,000000 0,000000
биографические 1,690196 0,000320
бичую 2,167317 0,000410
благодарной 2,167317 0,000410
благолепен 2,167317 0,000820
благолепнее 1,866287 0,000353
благолепно 1,866287 0,000353
благолепное 1,866287 0,000353
благолепной 2,167317 0,000410
благолепный 1,866287 0,000353
благому 2,167317 0,000410
благослови 1,213075 0,000229
благословите 1,468347 0,000278
благословлять 1,565257 0,000296
ближайшие 1,866287 0,000353
близка 1,565257 0,000296
близки 2,167317 0,000410
близко 0,888564 0,000168
блуде 2,167317 0,000410
блуждаем 2,167317 0,000410
бога 0,451314 0,001024
богат 1,690196 0,000320
богатейших 1,866287 0,000353
богатом 1,866287 0,000353
богатства 1,468347 0,000278
богатство 1,565257 0,000296
богатые 1,866287 0,000353
богатых 1,468347 0,000555
богач 1,565257 0,000592
богом 0,866287 0,000164
богоносец 2,167317 0,000410
богу 0,434924 0,000082
бодрым 1,866287 0,000353
боже 0,459747 0,000174
божеской 1,866287 0,000353
божие 1,468347 0,000278
божией 1,565257 0,000592
божиим 1,322219 0,000250
божий 0,936868 0,000709
божию 1,389166 0,000263
божьей 1,690196 0,000320
бозе 1,565257 0,000296
бойся 1,264227 0,000478
бойтесь 1,264227 0,000478
более 0,000000 0,000000
боль 1,125925 0,000213
больше 0,137934 0,000130
бороться 1,322219 0,000250
борца 2,167317 0,000410
бранное 2,167317 0,000410
брат 0,303994 0,000057
брата 0,389166 0,000074
братия 1,690196 0,000320
братолюбию 2,167317 0,000820
братское 1,866287 0,000706
братства 1,866287 0,000353
братстве 2,167317 0,000410
братство 1,866287 0,000353
братья 0,176091 0,000266
братьями 1,468347 0,000278
бродяг 2,167317 0,000410
бросил 0,554533 0,000105
будет 0,077412 0,000176
будешь 0,648803 0,000245
будут 0,565257 0,000107
будущему 1,866287 0,000353
будь 0,720159 0,000272
будьте 0,735954 0,000139
бывало 0,554533 0,000105
бывшего 1,088136 0,000206
была 0,046743 0,000027
были 0,099131 0,000056
было 0,000000 0,000000
быти 1,866287 0,000353
бытием 2,167317 0,000410
бытии 1,866287 0,000353
быть 0,002964 0,000006
ваше 0,434924 0,000164
вашем 0,690196 0,000131
вдруг 0,005949 0,000005
ведомо 2,167317 0,000410
ведут 1,565257 0,000592
ведь 0,043466 0,000041
веки 1,322219 0,000250
веков 1,125925 0,000426
велика 1,565257 0,000592
великая 0,912045 0,000172
великий 0,845098 0,000160
великое 0,888564 0,000840
великолепному 1,866287 0,000353
великом 1,389166 0,000263
великую 1,167317 0,000221
величием 1,690196 0,000320
вера 0,769377 0,000145
вере 1,021189 0,000193
верен 1,389166 0,000263
верит 0,991226 0,000187
верите 0,735954 0,000139
веру 0,845098 0,000160
верует 1,322219 0,000250
верую 1,088136 0,000412
веруют 1,264227 0,000239
верх 1,088136 0,000206
веры 0,845098 0,000320
верь 1,125925 0,000852
верьте 0,824895 0,000312
веселии 1,690196 0,000320
веселы 1,866287 0,000353
веселья 1,866287 0,000706
весть 1,389166 0,000263
весь 0,099131 0,000150
вечер 0,477121 0,000090
вечно 0,824895 0,000156
вечный 1,468347 0,000278
вещах 1,322219 0,000250
вещей 0,936868 0,000532
вещь 0,720159 0,000272
взаимно 1,468347 0,000278
взамен 1,690196 0,000320
взглянуло 2,167317 0,000410
взирая 1,565257 0,000296
взойдет 1,866287 0,000353
взойти 2,167317 0,000410
взошло 1,468347 0,000278
взрастил 2,167317 0,000410
взращенное 2,167317 0,000820
взял 0,269690 0,000051
взять 0,533849 0,000101
видал 0,623249 0,000354
виде 0,434924 0,000082
видел 0,248239 0,000282
видеть 0,381987 0,000072
видим 1,264227 0,000478
видимо 0,328468 0,000062
видит 0,690196 0,000131
видом 0,389166 0,000074
видя 0,690196 0,000392
видят 1,264227 0,000478
вижу 0,286504 0,000108
визиты 0,000000 0,000000
вина 0,963197 0,000182
вино 1,021189 0,000386
виноват 0,523865 0,000297
виновен 0,912045 0,000345
вместе 0,208276 0,000039
вместо 0,411442 0,000233
внезапно 0,623249 0,000118
внезапном 1,690196 0,000320
внешнее 2,167317 0,000410
вновь 0,720159 0,000272
внутренно 1,322219 0,000250
внутри 1,053374 0,000199
вовсе 0,150284 0,000114
воды 0,912045 0,000172
вожаки 2,167317 0,000410
возбудили 2,167317 0,000410
воздать 2,167317 0,000410
воздвигнете 2,167317 0,000410
воздуху 1,565257 0,000296
возжаждал 2,167317 0,000410
воззрит 2,167317 0,000410
возлюбило 2,167317 0,000410
возможет 1,866287 0,000353
возможешь 2,167317 0,000820
возможно 0,735954 0,000557
возможном 2,167317 0,000410
возмутит 2,167317 0,000410
возмущайте 2,167317 0,000410
вознаграждения 0,000000 0,000000
возненавидишь 2,167317 0,000410
вознесется 2,167317 0,000410
вознести 2,167317 0,000410
возносись 2,167317 0,000410
возрадуйся 2,167317 0,001230
возрадуюсь 2,167317 0,000410
возрастет 2,167317 0,000410
возропщешь 1,866287 0,000353
возьми 0,704919 0,000133
возьму 0,936868 0,000177
воистину 0,912045 0,001552
волю 1,264227 0,000239
воочию 1,866287 0,000353
вопрос 0,222835 0,000042
вопросить 2,167317 0,000410
восемь 0,824895 0,000156
вослед 1,565257 0,000296
воспитайте 2,167317 0,000410
воспитал 1,565257 0,000296
воспитание 1,088136 0,000206
восполнена 2,167317 0,000410
восполнилась 2,167317 0,000410
воспоминание 0,963197 0,000182
воссияет 1,690196 0,000959
восстает 1,866287 0,000353
восстанут 2,167317 0,000410
восстань 2,167317 0,000410
восстаньте 2,167317 0,000410
востока 1,690196 0,000320
восторга 0,720159 0,000136
восторге 0,824895 0,000312
восторгом 1,053374 0,000199
восхвали 2,167317 0,000410
восхвалите 2,167317 0,000410
восходить 2,167317 0,000410
впали 1,565257 0,000592
впасть 1,690196 0,000320
вперед 0,426955 0,000081
впечатлению 1,468347 0,000278
вполне 0,316059 0,000060
вправду 0,888564 0,000168
времена 1,322219 0,000250
временем 0,963197 0,000182
времени 0,269690 0,000051
время 0,043466 0,000041
всегда 0,129891 0,000098
всего 0,040213 0,000015
всей 0,248239 0,000047
всем 0,070407 0,000027
всемирною 2,167317 0,000410
всему 0,486076 0,000092
всех 0,060107 0,000091
всецело 2,167317 0,000410
всецелою 2,167317 0,000820
вскоре 0,991226 0,000187
вследствие 0,888564 0,000168
вспоминая 1,322219 0,000250
вспомнишь 2,167317 0,000410
встали 1,167317 0,000221
встретил 0,769377 0,000145
встретит 1,468347 0,000278
встретиться 1,167317 0,000221
встречается 1,322219 0,000250
всюду 1,468347 0,000278
всяк 1,322219 0,001500
всякой 0,635838 0,000240
всякому 1,021189 0,000193
всякую 0,866287 0,000491
вторая 0,514105 0,000194
выдумок 2,167317 0,000410
выезды 2,167317 0,000410
выйдет 0,587534 0,000222
вынес 1,053374 0,000199
выплаты 0,000000 0,000000
высшая 1,690196 0,000320
высшим 1,389166 0,000263
высших 1,264227 0,000239
вытерпи 2,167317 0,000410
вытерпит 2,167317 0,000410
выходили 1,167317 0,000221
выходит 0,752344 0,000142
вычистил 1,866287 0,000353
выше 0,720159 0,000136
вышло 0,523865 0,000198
гениален 2,167317 0,000410
главою 1,866287 0,000353
глупых 1,866287 0,000353
гнев 0,936868 0,000354
гнева 0,912045 0,000172
гневливою 2,167317 0,000410
гноишь 2,167317 0,000410
гнойный 2,167317 0,000410
гнусно 1,690196 0,000320
говорил 0,095435 0,000054
говорит 0,189594 0,000179
говорите 0,533849 0,000101
говорить 0,162996 0,000062
говорю 0,203530 0,000115
говорят 0,309985 0,000234
головой 0,533849 0,000202
голодный 1,468347 0,000278
гордому 2,167317 0,000410
гордости 0,805589 0,000609
гордостью 1,468347 0,000278
гордую 2,167317 0,000410
гордыми 1,866287 0,000353
горе 0,769377 0,000436
гореть 1,866287 0,000353
горним 2,167317 0,000410
город 0,523865 0,000099
города 0,704919 0,000133
городе 0,565257 0,000321
горше 2,167317 0,000820
горячо 0,544068 0,000103
господа 0,389166 0,000074
господам 1,690196 0,000320
господах 1,866287 0,000353
господи 0,451314 0,000085
господин 0,514105 0,000097
господом 1,565257 0,000592
господу 1,389166 0,000788
господь 0,888564 0,000168
гость 1,053374 0,000199
граждан 2,167317 0,000410
грех 0,888564 0,001344
греха 1,213075 0,000459
грехах 2,167317 0,000410
грехе 1,690196 0,000959
грехов 1,690196 0,000320
греша 2,167317 0,000410
грошики 2,167317 0,000410
груди 0,675956 0,000128
грусти 1,690196 0,000320
грядущего 2,167317 0,000410
грядущее 2,167317 0,000410
губернском 1,866287 0,000353
дается 1,866287 0,000353
даже 0,005949 0,000035
далее 0,648803 0,000245
дали 0,635838 0,000240
дальше 0,002964 0,000001
дана 1,866287 0,000706
данные 0,000000 0,000000
дано 1,389166 0,000525
даровано 2,167317 0,000410
даром 0,769377 0,000145
даст 0,963197 0,000546
движений 1,468347 0,000278
двое 0,963197 0,000182
двоих 1,866287 0,000353
двух 0,264227 0,000150
действие 1,167317 0,000221
действии 2,167317 0,000410
делаем 1,690196 0,000320
делаешь 1,468347 0,000278
делай 1,690196 0,000320
делании 2,167317 0,000410
деланию 2,167317 0,000410
деле 0,162996 0,000031
дело 0,063514 0,000084
денщик 1,866287 0,000353
денщика 1,866287 0,000353
день 0,162996 0,000247
дескать 0,419129 0,000079
десятилетних 2,167317 0,000410
десять 0,374926 0,000071
детей 0,576253 0,000327
дети 0,662167 0,000250
деток 1,468347 0,001111
детские 1,565257 0,000296
детстве 1,053374 0,000199
детям 1,322219 0,000250
деятели 2,167317 0,000410
деятель 1,866287 0,000353
деятельной 1,690196 0,001598
диван 0,888564 0,000168
дивились 1,389166 0,000263
дивно 1,565257 0,000296
дитятей 2,167317 0,000410
дитяти 1,866287 0,000353
днесь 1,866287 0,000353
добровольный 2,167317 0,000410
доброхотные 2,167317 0,000410
долгий 1,565257 0,000296
долго 0,222835 0,000042
долгою 2,167317 0,000410
должно 0,286504 0,000054
дорого 1,021189 0,000193
дорогой 0,565257 0,000107
дорожи 2,167317 0,000820
достигаю 2,167317 0,000410
достигла 1,866287 0,000353
достигли 1,690196 0,000320
достигло 1,389166 0,000263
достоевский 0,000000 0,000000
достоинстве 2,167317 0,000410
достоинство 1,322219 0,000500
достояние 0,000000 0,000000
драгоценного 1,468347 0,000278
драгоценный 1,690196 0,000320
древлему 1,866287 0,000353
древнейших 1,690196 0,000320
древним 2,167317 0,000410
друг 0,269690 0,000255
друга 0,419129 0,000238
други 1,690196 0,000639
другим 0,533849 0,000202
других 0,459747 0,000087
другого 0,396465 0,000150
другое 0,309985 0,000059
другой 0,146128 0,000055
другом 0,477121 0,000090
другу 0,752344 0,000142
другую 0,495219 0,000094
друзья 0,963197 0,000182
думай 1,468347 0,000278
думал 0,258832 0,000049
думаю 0,328468 0,000062
дурное 1,264227 0,000239
духа 0,787106 0,000149
духе 1,322219 0,000500
духовная 1,690196 0,000639
духовного 1,389166 0,000263
духовное 1,565257 0,000296
духовной 1,866287 0,000353
духовном 1,866287 0,000706
духовному 1,565257 0,000296
духовную 1,690196 0,000320
духовный 1,690196 0,000320
духом 0,866287 0,000164
духу 1,264227 0,000478
душе 0,514105 0,000194
душевного 1,389166 0,000263
души 0,523865 0,000198
душная 2,167317 0,000410
душой 0,824895 0,000312
душу 0,451314 0,000085
евангелию 1,866287 0,000353
европе 1,322219 0,000250
единая 2,167317 0,000410
единение 2,167317 0,000820
единению 1,866287 0,001412
единится 2,167317 0,000410
единое 2,167317 0,000410
единый 1,264227 0,000717
ежечасно 1,565257 0,000296
ездит 1,565257 0,000296
если 0,011981 0,000075
есмь 1,213075 0,000229
есть 0,018098 0,000041
жаждать 2,167317 0,000410
жаждущих 1,690196 0,000639
жажды 1,389166 0,000525
желает 1,021189 0,000193
желаний 1,389166 0,000263
желания 1,088136 0,000206
жене 1,167317 0,000221
женился 0,888564 0,000168
женой 1,167317 0,000221
жертву 1,167317 0,000662
жертвуют 2,167317 0,000410
жертвы 1,213075 0,000229
жесток 1,468347 0,000278
жестоких 1,866287 0,000353
жестокости 1,866287 0,000353
живаго 1,866287 0,000353
живем 2,167317 0,000410
живет 0,662167 0,000125
живете 1,690196 0,000320
живо 1,389166 0,000263
живое 1,866287 0,000353
живой 1,468347 0,001111
животному 1,866287 0,000353
животными 2,167317 0,000410
животных 1,866287 0,000706
живут 1,088136 0,000412
жизни 0,222835 0,000211
жизнь 0,162996 0,000247
жизнью 1,167317 0,000441
жили 1,167317 0,000221
жития 1,690196 0,000320
заблудились 2,167317 0,000410
забывай 1,690196 0,000320
забыл 0,328468 0,000062
зависти 1,690196 0,000639
завистлив 2,167317 0,000410
завистливом 2,167317 0,000410
зависть 1,866287 0,000706
заглушаются 2,167317 0,000410
загноился 2,167317 0,000410
заключается 0,963197 0,000182
закон 1,125925 0,000213
зальют 1,866287 0,000353
заметил 0,154480 0,000029
заметно 1,264227 0,000239
заметное 2,167317 0,000410
замучили 2,167317 0,000410
заплакал 0,866287 0,000164
запомни 1,322219 0,000250
зарождают 2,167317 0,000410
засмеялись 1,213075 0,000229
затем 0,237898 0,000045
зато 0,468347 0,000089
затрет 2,167317 0,000820
захотят 1,389166 0,000263
звезда 1,468347 0,000278
здание 1,565257 0,000296
здесь 0,095435 0,000036
здоровье 0,824895 0,000156
земле 0,648803 0,002454
землею 1,468347 0,000278
земли 0,769377 0,000436
землю 0,565257 0,000641
земля 1,322219 0,000250
земная 1,565257 0,000592
земной 1,088136 0,000206
зиждущие 2,167317 0,000410
злобною 1,264227 0,000239
злобные 1,690196 0,000320
злобный 1,167317 0,000221
злодей 1,389166 0,000263
злодействе 1,866287 0,000353
злодейство 1,565257 0,000592
злодеям 2,167317 0,000820
знает 0,171682 0,000065
знай 0,888564 0,000336
знал 0,114239 0,000086
знание 1,468347 0,000555
знатен 2,167317 0,000410
знатнейших 2,167317 0,000410
знатных 1,866287 0,000353
значении 1,866287 0,000353
значит 0,243038 0,000046
знаю 0,095435 0,000018
зовет 1,021189 0,000193
зовущего 2,167317 0,000410
зосимы 1,088136 0,000617
зрит 1,690196 0,000320
игры 1,167317 0,000221
идей 1,213075 0,000229
идет 0,514105 0,000194
идею 0,963197 0,000364
идут 1,322219 0,000250
идущий 1,866287 0,000353
иеросхимонаха 1,565257 0,000296
избивает 2,167317 0,000410
избранным 1,866287 0,000353
известие 0,662167 0,000125
извлекший 2,167317 0,000410
изгнана 2,167317 0,000410
изгонят 1,866287 0,000353
издревле 1,690196 0,000320
измеримом 2,167317 0,000410
измучен 1,690196 0,000320
изречено 2,167317 0,000410
имеешь 1,264227 0,000478
именно 0,066947 0,000013
иметь 0,587534 0,000111
имею 0,565257 0,000107
имея 0,752344 0,000142
иногда 0,208276 0,000039
инок 1,389166 0,000525
инока 1,866287 0,000353
иноке 2,167317 0,000820
иноки 1,565257 0,000296
иноческий 1,866287 0,000706
иною 2,167317 0,000410
иным 1,389166 0,000788
иных 0,704919 0,000400
искажают 2,167317 0,000410
исказился 2,167317 0,000410
искать 0,769377 0,000145
искони 2,167317 0,000410
искренен 1,389166 0,000263
искренна 1,565257 0,000296
искренно 0,523865 0,000099
исповедуюсь 2,167317 0,000410
исполни 2,167317 0,000410
исполнил 1,088136 0,000206
исполнимо 2,167317 0,000410
использоваться 0,000000 0,000000
испытывал 1,468347 0,000278
исследую 1,866287 0,000353
исступления 1,322219 0,000500
истинное 1,468347 0,000278
истинной 1,690196 0,000320
истории 0,752344 0,000142
источник 0,000000 0,000000
истребившим 2,167317 0,000410
истребил 1,866287 0,000353
истребили 1,866287 0,000353
истязания 1,565257 0,000296
ихней 1,389166 0,000263
ихнему 1,468347 0,000278
каждое 0,963197 0,000182
каждую 0,936868 0,000177
каждый 0,367977 0,000348
казалось 0,316059 0,000060
казался 0,963197 0,000182
какое 0,227798 0,000086
какой 0,095435 0,000018
каком 0,381987 0,000072
камень 1,167317 0,000221
каплею 2,167317 0,000410
каплю 1,690196 0,000639
карамазова 0,912045 0,000172
карамазовы 0,180546 0,000137
карамазовым 1,125925 0,000213
качал 1,389166 0,000263
кинулся 1,213075 0,000229
книга 0,176091 0,000067
книге 1,322219 0,000250
книги 0,000000 0,000000
князьям 2,167317 0,000410
когда 0,015029 0,000023
коих 1,866287 0,000353
колени 0,888564 0,000168
кольми 1,866287 0,000353
комаров 0,000000 0,000000
комнатка 1,468347 0,000278
кому 0,341243 0,000065
конец 0,495219 0,000094
конца 0,704919 0,000400
конце 0,611015 0,000116
кончат 1,690196 0,000320
кончена 1,690196 0,000320
кончина 1,866287 0,000353
кончине 1,565257 0,000296
кончины 1,565257 0,000296
кончит 1,322219 0,000250
кончится 0,963197 0,000182
кончишь 1,866287 0,000353
корни 2,167317 0,000410
корят 2,167317 0,000410
которая 0,361137 0,000137
которой 0,213075 0,000081
которою 0,805589 0,000305
которую 0,292256 0,000221
которые 0,189594 0,000143
который 0,110412 0,000063
крепко 0,443041 0,000084
кресел 1,088136 0,000206
крови 0,662167 0,000125
кровь 0,662167 0,000376
кровью 0,845098 0,000320
кроткие 1,690196 0,000320
кротких 2,167317 0,001230
кругом 0,419129 0,000079
куда 0,248239 0,000094
кулаки 1,690196 0,000639
купец 1,213075 0,000229
купит 2,167317 0,000410
кухарка 1,322219 0,000250
лазаре 2,167317 0,000410
лаской 1,690196 0,000320
легко 0,752344 0,000142
легкомысленный 1,565257 0,000296
легче 0,787106 0,000149
леденцу 2,167317 0,000410
лежит 0,648803 0,000123
лентяи 2,167317 0,000410
лень 1,866287 0,000353
либо 0,000000 0,000000
листик 1,690196 0,000320
литература 0,000000 0,000000
лицом 0,000000 0,000000
лишением 2,167317 0,000410
лишили 2,167317 0,000410
лишние 2,167317 0,000410
лишь 0,185046 0,000665
лобызать 1,866287 0,000353
ложно 1,690196 0,000320
лоно 2,167317 0,000410
лотка 1,866287 0,000353
лучше 0,162996 0,000031
любви 0,504560 0,001145
люби 1,213075 0,001147
любивший 1,866287 0,000353
любившими 2,167317 0,000410
любите 0,845098 0,001279
любить 0,523865 0,000495
люблю 0,347773 0,000066
любовию 1,690196 0,000320
любовно 1,565257 0,000296
любовное 1,690196 0,000320
любовный 1,866287 0,000353
любовь 0,523865 0,000297
любовью 0,824895 0,000624
любым 0,000000 0,000000
любя 1,213075 0,000229
любят 0,752344 0,000142
любящее 2,167317 0,000410
людей 0,298086 0,000789
люди 0,269690 0,000255
людской 1,565257 0,000592
людям 0,720159 0,000136
малого 1,167317 0,000441
малое 1,213075 0,000229
материальном 2,167317 0,000820
материальный 2,167317 0,000410
машина 1,468347 0,000278
мгновение 0,396465 0,000225
между 0,129891 0,000074
мелким 1,565257 0,000296
мелькнет 1,690196 0,000320
меньше 0,787106 0,000298
меня 0,027438 0,000052
меру 1,125925 0,000213
мест 1,088136 0,000206
месте 0,286504 0,000054
месяц 0,451314 0,000085
мечом 1,690196 0,000320
мечта 0,963197 0,000546
мечтательной 2,167317 0,000410
мечтаю 1,690196 0,000639
милого 1,389166 0,000263
милосердия 1,690196 0,000320
милосердный 1,866287 0,000353
милостивее 2,167317 0,000410
милый 0,477121 0,000180
мимо 0,514105 0,000194
минут 0,486076 0,000092
минуту 0,084532 0,000016
мира 1,125925 0,000639
мирам 1,866287 0,000706
мирах 2,167317 0,000410
мире 0,704919 0,000400
миров 1,866287 0,000353
мироеды 2,167317 0,000820
миром 1,690196 0,000639
мирских 1,690196 0,000320
миру 1,053374 0,000598
мистическое 1,565257 0,000296
младенца 1,053374 0,000199
младенцев 1,389166 0,000263
мнений 1,322219 0,000250
многие 0,468347 0,000089
многим 0,912045 0,000172
многих 0,704919 0,000133
много 0,080958 0,000122
многого 0,991226 0,000187
многое 0,662167 0,000250
множестве 1,690196 0,000320
множество 0,936868 0,000177
мною 0,635838 0,000240
могло 0,403889 0,000153
могу 0,171682 0,000065
могут 0,495219 0,000187
моего 0,367977 0,000278
моей 0,280827 0,000212
моем 0,599116 0,000113
моему 0,354404 0,000134
можем 1,053374 0,000199
может 0,000000 0,000000
можешь 0,704919 0,000400
можно 0,088136 0,000050
молельщик 2,167317 0,000410
молился 1,322219 0,000250
молись 1,690196 0,000320
молитва 1,468347 0,000555
молитве 1,213075 0,000459
молитвой 1,565257 0,000296
молитвы 1,866287 0,001059
молить 1,264227 0,000478
молиться 1,167317 0,000221
молодость 1,322219 0,000250
молча 0,367977 0,000070
молчальники 2,167317 0,000410
молчанием 1,866287 0,000353
молчащий 2,167317 0,000410
молю 1,866287 0,000353
молюсь 1,565257 0,000296
молясь 1,866287 0,000353
момента 0,000000 0,000000
монастырских 1,690196 0,000320
монастырь 0,720159 0,000545
монастыря 0,912045 0,000345
монашестве 2,167317 0,000820
мстителен 2,167317 0,000410
мужик 0,888564 0,000168
мука 1,213075 0,000229
муки 0,991226 0,000375
муку 1,213075 0,000229
мундире 1,690196 0,000320
мучается 1,690196 0,000320
мучение 1,690196 0,000320
мучении 1,866287 0,000353
мученики 1,866287 0,000353
мучеников 1,690196 0,000639
мучимый 1,866287 0,000353
мучьте 1,866287 0,000353
мыслей 0,735954 0,000139
мысли 0,316059 0,000239
мысль 0,264227 0,000300
мыслью 1,125925 0,000213
мыслю 1,322219 0,003000
мыслят 1,866287 0,000353
навсегда 0,735954 0,000139
навыдумал 1,866287 0,000353
наглых 2,167317 0,000410
награда 1,690196 0,000320
награды 1,690196 0,000320
надежды 0,912045 0,000172
надменно 1,468347 0,000278
надо 0,036984 0,000035
назад 0,000000 0,000000
название 0,000000 0,000000
найти 0,000000 0,000000
наконец 0,073896 0,000056
накопили 1,866287 0,000353
нами 0,648803 0,000245
написано 0,000000 0,000000
например 0,298086 0,000056
напротив 0,180546 0,000137
народ 0,735954 0,001253
народа 1,053374 0,000797
народе 1,264227 0,000717
народные 1,866287 0,000706
народом 1,264227 0,000478
наружно 1,389166 0,000263
насмешкой 1,264227 0,000478
насмешливо 0,787106 0,000149
насмешников 1,866287 0,000353
настоящей 1,167317 0,000221
наступает 1,690196 0,000320
наступит 1,389166 0,000788
насытить 2,167317 0,000410
насыщай 2,167317 0,000410
насыщать 2,167317 0,000410
наука 0,000000 0,000000
науке 1,468347 0,000555
научись 2,167317 0,000410
находил 1,088136 0,000206
начал 0,137934 0,000026
начало 1,053374 0,000199
начинаются 1,690196 0,000320
начнешь 1,866287 0,000353
наше 0,662167 0,000125
нашего 0,396465 0,000300
нашей 0,599116 0,000227
нашем 0,662167 0,000376
нашему 0,888564 0,000168
наши 0,544068 0,000103
наших 0,690196 0,000522
небесного 1,468347 0,000278
небесные 2,167317 0,000410
небогаты 2,167317 0,000410
небытия 1,866287 0,000353
неверия 1,690196 0,000320
неверующий 1,866287 0,000353
невозможна 1,866287 0,000353
невозможно 0,411442 0,000156
невозможности 1,690196 0,000320
невозможностью 2,167317 0,000410
невольник 1,866287 0,000353
него 0,000000 0,000000
негодованием 0,787106 0,000149
недоступно 1,866287 0,000353
недоумении 0,805589 0,000152
незабвенный 2,167317 0,000410
неискаженно 2,167317 0,000410
некая 1,690196 0,000320
некиим 2,167317 0,000410
некий 1,866287 0,000353
некое 1,690196 0,000639
некоему 1,866287 0,000353
некоторых 0,824895 0,000156
нелепейших 2,167317 0,000410
нельзя 0,176091 0,000167
немедленно 0,554533 0,000315
нему 0,080958 0,000046
немыслимы 1,690196 0,000320
ненависти 0,912045 0,000172
ненавистью 1,088136 0,000206
ненасытимо 2,167317 0,000410
ненасытимы 2,167317 0,000410
ненасытимый 2,167317 0,000410
ненужные 2,167317 0,000410
необоримою 2,167317 0,000410
необходимость 1,264227 0,000239
необходимостью 2,167317 0,000410
неожиданно 0,523865 0,000099
неожиданное 1,088136 0,000206
неотразимой 2,167317 0,000410
неприглядный 1,866287 0,000353
нерадения 2,167317 0,000410
несмотрения 2,167317 0,000410
несмотря 0,275223 0,000104
несомненно 0,704919 0,000133
несчастнее 1,322219 0,000250
несчастными 1,690196 0,000320
неужели 0,389166 0,000294
неужто 0,599116 0,000113
неустанно 1,167317 0,000883
неутоление 2,167317 0,000410
нечаянно 0,752344 0,000142
нечестивый 1,866287 0,000353
нечестие 2,167317 0,000410
нечто 0,389166 0,000294
неясный 1,690196 0,000320
ниже 0,912045 0,000172
никогда 0,088136 0,000067
никого 0,411442 0,000078
никому 0,504560 0,000095
никто 0,185046 0,000070
нимало 0,991226 0,000187
ними 0,275223 0,000104
ничего 0,030597 0,000017
ничьим 2,167317 0,000410
нищету 1,866287 0,000353
нищие 1,690196 0,000320
нищий 1,264227 0,000239
новая 0,787106 0,000149
новое 0,845098 0,000160
новопреставленном 2,167317 0,000410
новопреставленному 2,167317 0,000410
ночь 0,248239 0,000047
нощи 1,866287 0,000353
нужно 0,514105 0,000097
ныне 1,021189 0,000772
нынешнее 2,167317 0,000410
обвинит 1,690196 0,000320
обеды 1,866287 0,000353
оберегайте 2,167317 0,000410
обетование 1,565257 0,000592
обиды 1,088136 0,000206
облегчению 1,866287 0,000353
облобызались 2,167317 0,000410
обнимают 1,866287 0,000353
обнимите 2,167317 0,000410
ободрит 2,167317 0,000410
обоих 0,635838 0,000120
обрадовались 1,565257 0,000296
обрадовался 0,888564 0,000168
обрадованный 1,690196 0,000320
образ 0,888564 0,000840
образа 1,389166 0,000263
образования 1,264227 0,000239
образованные 1,866287 0,000353
образованным 1,565257 0,000296
обращать 1,690196 0,000320
обращением 2,167317 0,000410
обретает 2,167317 0,000410
обряду 2,167317 0,000410
обрящут 1,866287 0,000353
обходят 2,167317 0,000410
общежитии 2,167317 0,000410
общение 1,690196 0,000320
общества 0,787106 0,000149
обществе 0,675956 0,000128
общественное 0,000000 0,000000
объядении 2,167317 0,000410
объяснил 0,752344 0,000142
обычаем 2,167317 0,000410
огне 2,167317 0,000820
одежде 1,468347 0,000278
один 0,046743 0,000009
одиноки 1,866287 0,000353
однажды 0,635838 0,000240
однако 0,102859 0,000019
одним 0,286504 0,000054
одно 0,099131 0,000037
одного 0,150284 0,000057
одном 0,504560 0,000095
одну 0,232819 0,000044
озарил 1,690196 0,000320
озарила 1,866287 0,000353
озлобленными 1,866287 0,000353
оканчивается 2,167317 0,000410
океан 2,167317 0,000820
около 0,443041 0,000168
омочи 2,167317 0,000820
оправданием 2,167317 0,000410
определено 2,167317 0,000410
опубликовано 0,000000 0,000000
опустился 1,167317 0,000221
освобожденный 2,167317 0,000410
осердится 1,690196 0,000320
оскорбившему 2,167317 0,000410
ослабевает 2,167317 0,000410
осмотрительной 2,167317 0,000410
основанием 1,690196 0,000320
особенно 0,129891 0,000098
оставаясь 1,565257 0,000296
оставляешь 2,167317 0,000410
оставшийся 1,690196 0,000320
оставшись 1,264227 0,000239
оставят 1,866287 0,000353
остается 0,787106 0,000149
осталось 0,769377 0,000291
остался 0,523865 0,000198
осудит 1,690196 0,000639
отвергает 1,690196 0,000320
отвергают 1,866287 0,000353
отвергли 1,565257 0,000296
отвергло 1,866287 0,000353
отвергнув 2,167317 0,000410
отвергнута 2,167317 0,000410
ответ 0,533849 0,000202
ответит 1,213075 0,000229
ответной 2,167317 0,000410
ответчиком 1,866287 0,000706
отвечаю 1,213075 0,000459
отдается 2,167317 0,000410
отдал 0,866287 0,000328
отдать 0,752344 0,000142
отец 0,316059 0,000060
отказать 1,167317 0,000221
отнимайте 2,167317 0,000410
отнять 1,468347 0,000555
отойдет 1,866287 0,000353
отомщения 2,167317 0,000410
отпусти 1,866287 0,000353
отпустили 1,565257 0,000296
отрывочна 2,167317 0,000410
отсекаю 2,167317 0,000410
отставке 1,322219 0,000250
отстать 1,468347 0,000555
оттого 0,675956 0,000128
отходит 1,468347 0,000278
отходя 1,468347 0,000278
отцов 1,125925 0,000426
отцы 1,021189 0,000966
отчего 0,554533 0,000105
отшедший 1,866287 0,000353
отъединение 1,866287 0,000353
отъединенно 2,167317 0,000410
офицер 1,125925 0,000213
офицерском 1,565257 0,000296
оформление 0,000000 0,000000
охаем 2,167317 0,000410
охал 1,866287 0,000353
оценило 2,167317 0,000410
очевидно 0,599116 0,000113
очищения 1,690196 0,000320
ошибку 1,565257 0,000296
ощущение 1,088136 0,000206
павлович 0,419129 0,000079
пади 2,167317 0,000820
палата 1,690196 0,000320
паче 1,322219 0,000250
первую 0,805589 0,000152
передавали 1,264227 0,000239
передавалось 2,167317 0,000410
передает 1,690196 0,000320
перешло 0,000000 0,000000
песчинку 2,167317 0,000410
питаются 2,167317 0,000410
пламенею 2,167317 0,000410
пламени 2,167317 0,000410
пламенной 1,690196 0,000320
пламень 1,866287 0,001412
платье 0,704919 0,000133
плачет 0,824895 0,000156
плачешь 1,565257 0,000296
плод 1,866287 0,000353
плотоугодия 2,167317 0,000410
плотоугодников 2,167317 0,000410
побледнел 0,704919 0,000133
поборет 2,167317 0,000410
побуждений 2,167317 0,000410
повел 1,213075 0,000229
повергаться 2,167317 0,000410
повеселись 2,167317 0,000410
повсеместно 1,088136 0,000412
повторяю 0,648803 0,000123
погибли 2,167317 0,000410
погибнет 1,322219 0,000250
подала 1,125925 0,000213
подаянные 2,167317 0,000410
подбежал 1,565257 0,000296
подборка 0,000000 0,000000
подвел 1,167317 0,000221
подвержено 1,866287 0,000353
подвиг 1,167317 0,000221
подвига 1,389166 0,000263
подвигах 1,690196 0,000320
подивились 1,690196 0,000320
подивился 1,264227 0,000239
подносить 2,167317 0,000410
подобие 1,565257 0,000296
подобной 1,565257 0,000296
подобных 1,021189 0,000386
поединка 1,866287 0,000353
пожалеет 1,690196 0,000639
пожалел 1,565257 0,000296
пожалуй 0,237898 0,000045
пожелает 1,565257 0,000592
позабылась 2,167317 0,000410
поздно 0,735954 0,000139
познавать 1,866287 0,000353
познает 1,866287 0,000706
пойдет 0,720159 0,000272
пойдут 1,125925 0,000213
поймет 1,167317 0,000221
поймешь 1,565257 0,000592
поймут 1,322219 0,000250
пойти 0,675956 0,000128
пока 0,213075 0,000121
показать 0,720159 0,000136
покивая 1,866287 0,000353
покидают 2,167317 0,000410
поклонился 0,912045 0,000172
поколебавшейся 2,167317 0,000410
покорить 1,866287 0,000353
покорности 2,167317 0,000410
покупается 1,866287 0,000353
полагая 1,690196 0,000320
полна 1,389166 0,000263
половина 0,866287 0,000164
полтину 2,167317 0,001230
получат 2,167317 0,000410
полюбит 1,690196 0,000320
полюбить 1,264227 0,000239
полюбишь 1,690196 0,000320
помилуй 1,389166 0,000263
помни 1,264227 0,000239
помните 0,690196 0,000131
помню 0,486076 0,000092
помолиться 1,866287 0,000353
помолю 2,167317 0,000410
помощию 1,690196 0,000320
помыкал 2,167317 0,000410
понимали 1,264227 0,000239
понимая 0,787106 0,000149
понятие 1,053374 0,000199
поражало 1,264227 0,000239
порченый 2,167317 0,000410
посадить 1,264227 0,000239
посетителей 0,000000 0,000000
посетители 0,000000 0,000000
посеял 2,167317 0,000410
послал 0,720159 0,000136
после 0,084532 0,000080
последнее 0,486076 0,000092
последние 0,533849 0,000202
последний 0,403889 0,000153
последних 0,866287 0,000164
послужило 2,167317 0,000410
послужит 1,468347 0,000278
послушанием 1,866287 0,000706
посмертно 0,000000 0,000000
посмотрим 1,322219 0,000250
посмотрите 0,888564 0,000168
поставил 0,845098 0,000320
постигнет 2,167317 0,000410
постигнешь 2,167317 0,000820
постичь 1,866287 0,001412
постники 1,866287 0,000353
постом 1,690196 0,000320
пострадает 2,167317 0,000410
пострадай 2,167317 0,000410
поступает 1,866287 0,000353
поступают 2,167317 0,000410
поступок 0,912045 0,000172
потекло 2,167317 0,000410
потом 0,084532 0,000080
потому 0,024303 0,000023
потопом 2,167317 0,000410
потребностей 2,167317 0,001230
потребности 1,264227 0,000956
поусердствует 2,167317 0,000410
поучений 1,690196 0,001279
похоже 0,845098 0,000160
почему 0,099131 0,000075
почестей 1,690196 0,000320
почти 0,024303 0,000005
почувствовал 0,623249 0,000118
почувствовать 1,264227 0,000239
пошел 0,275223 0,000052
появившись 2,167317 0,000410
появлением 1,468347 0,000555
появлялись 2,167317 0,000410
появляются 1,866287 0,000353
прав 0,769377 0,000145
права 0,554533 0,000315
правда 0,162996 0,000247
правде 0,991226 0,000187
правду 0,443041 0,000084
правды 0,963197 0,000546
праведен 1,690196 0,000639
праведник 2,167317 0,000410
праведного 1,468347 0,000278
праведные 1,866287 0,000353
праведный 2,167317 0,000410
праведных 1,690196 0,000320
правильно 1,167317 0,000441
православная 2,167317 0,000410
праздник 1,468347 0,000278
пребудь 2,167317 0,000410
пребывшие 2,167317 0,000410
превозносящемся 2,167317 0,000410
превышении 2,167317 0,000410
пред 0,033778 0,000089
предал 1,866287 0,000353
предвидеть 1,690196 0,000320
предо 0,769377 0,000145
предпоследнего 2,167317 0,000410
представить 0,576253 0,000218
представших 2,167317 0,000410
прежде 0,077412 0,000073
прежней 0,936868 0,000177
прежний 1,021189 0,000193
прежних 0,991226 0,000187
прекрасное 0,991226 0,000187
премудр 2,167317 0,000410
пренебрегает 2,167317 0,000410
пренебрегли 2,167317 0,000410
пренебрегши 2,167317 0,000410
пренебрегший 2,167317 0,000410
преставившегося 1,690196 0,000320
преступление 0,845098 0,000479
преступления 0,963197 0,000182
преступник 1,053374 0,000199
преступника 1,021189 0,000579
прибавим 1,690196 0,000320
прибавлю 1,389166 0,000263
приведено 2,167317 0,000410
привел 0,991226 0,000187
привык 1,468347 0,000278
привычек 1,690196 0,000959
пригодится 1,866287 0,000353
приготовлены 1,866287 0,000353
придет 0,514105 0,000292
прижал 1,468347 0,000278
прижизненно 0,000000 0,000000
прижил 2,167317 0,000410
призвали 1,866287 0,000353
признает 1,322219 0,000250
приими 2,167317 0,000820
пример 1,125925 0,000213
приметил 1,565257 0,000296
приму 1,125925 0,000213
принеси 1,468347 0,000278
принесть 1,866287 0,000353
принимает 0,912045 0,000172
приняв 1,322219 0,000250
принял 0,565257 0,000107
принять 0,523865 0,000099
приобрести 1,690196 0,000320
приобретается 1,866287 0,000353
приобщившиеся 2,167317 0,000410
приобщиться 2,167317 0,000410
приобщишься 2,167317 0,000410
природу 1,322219 0,000250
природы 1,021189 0,000193
прислужников 2,167317 0,000410
притче 2,167317 0,000410
приумножай 2,167317 0,000410
приумножение 2,167317 0,000820
приумножили 2,167317 0,000410
приходил 0,720159 0,000136
пришел 0,322219 0,000061
провозгласил 0,991226 0,000187
провозгласили 2,167317 0,000410
программирование 0,000000 0,000000
проживал 1,213075 0,000229
произведение 0,000000 0,000000
произведений 0,000000 0,000000
произведения 0,000000 0,000000
произведенному 1,866287 0,000353
произносится 2,167317 0,000410
произойдет 0,963197 0,000182
произойти 0,963197 0,000182
произошла 0,991226 0,000187
произошло 0,495219 0,000281
проклинают 2,167317 0,000410
прокляв 2,167317 0,000410
прокляли 2,167317 0,000410
проклят 1,565257 0,000592
пронеслось 1,213075 0,000229
проносились 2,167317 0,000410
проповедуйте 2,167317 0,000410
пророков 1,866287 0,000353
просвещения 1,468347 0,000278
просвещенном 2,167317 0,000410
проси 1,690196 0,000320
просил 0,599116 0,000113
просите 1,565257 0,000296
просить 0,504560 0,000095
простили 1,690196 0,000320
простит 0,888564 0,000168
простодушию 1,690196 0,000320
простодушное 1,213075 0,000229
простодушные 1,866287 0,000353
простой 1,088136 0,000206
простолюдин 1,866287 0,000353
пространством 2,167317 0,000410
простые 1,690196 0,000320
противьтесь 2,167317 0,000410
прохладить 2,167317 0,000410
проходить 1,167317 0,000221
прошел 0,662167 0,000376
прошла 0,845098 0,000160
прошло 0,000000 0,000000
прощаться 1,565257 0,000296
прощение 1,468347 0,000278
прощения 0,690196 0,000392
пряничков 1,866287 0,000353
птичек 1,690196 0,000639
птичкам 2,167317 0,000820
птички 1,468347 0,000278
публикации 0,000000 0,000000
пустыне 1,468347 0,000278
пусть 0,253503 0,000096
путешествующему 2,167317 0,000410
путь 0,912045 0,000690
пьянства 1,565257 0,000592
пьянством 1,690196 0,000320
пять 0,275223 0,000052
рабов 1,866287 0,000353
раболепен 2,167317 0,000410
работаешь 2,167317 0,000410
работой 1,565257 0,000296
работы 1,322219 0,000250
рабства 1,690196 0,000320
рабство 1,866287 0,000706
равенство 1,866287 0,000353
равно 0,303994 0,000057
равнодушен 1,866287 0,000353
ради 0,752344 0,000285
радостен 1,866287 0,000353
радости 0,635838 0,000481
радостная 1,866287 0,000353
радостно 0,888564 0,000336
радостном 1,866287 0,000353
радость 0,805589 0,000305
радостью 0,991226 0,000187
радостях 2,167317 0,000410
разве 0,146128 0,000028
развратен 2,167317 0,000410
развратные 1,866287 0,000353
развратных 2,167317 0,000410
развращенный 2,167317 0,000410
развращены 2,167317 0,000410
раздаст 2,167317 0,000410
разделятся 2,167317 0,000410
различных 2,167317 0,000410
разные 0,912045 0,000172
разрешения 0,000000 0,000000
раньше 0,599116 0,000113
распростер 2,167317 0,000410
рассвета 1,322219 0,000250
рассказывал 0,554533 0,000105
расстались 1,322219 0,000250
расстался 1,468347 0,000278
расстояния 1,389166 0,000263
рассуждаю 1,866287 0,000353
рассуждение 1,322219 0,000250
растения 2,167317 0,000410
растления 2,167317 0,000410
ребенка 0,787106 0,000298
ребенку 1,167317 0,000221
рекут 1,866287 0,000353
решай 1,866287 0,000353
решим 1,690196 0,000320
решишься 1,866287 0,000353
робости 1,565257 0,000296
родным 1,468347 0,000278
россии 0,623249 0,000118
россию 0,866287 0,000328
россия 1,389166 0,000263
руки 0,167317 0,000063
рукописи 1,690196 0,000320
рукопись 1,690196 0,000320
руку 0,222835 0,000042
руси 1,264227 0,000239
русская 0,000000 0,000000
русский 0,752344 0,000285
русских 1,053374 0,000199
русской 1,088136 0,000206
русском 1,389166 0,000263
русь 2,167317 0,000410
рынке 1,690196 0,000320
сайте 0,000000 0,000000
сами 0,142011 0,000054
самим 0,769377 0,000145
самих 1,264227 0,000239
самовар 1,264227 0,000239
самого 0,118099 0,000045
самое 0,167317 0,000095
самолюбивую 1,866287 0,000353
самом 0,114239 0,000043
самоубийство 1,322219 0,000500
самоубийцам 2,167317 0,000410
самые 0,381987 0,000144
самый 0,198834 0,000075
самым 0,280827 0,000053
самых 0,468347 0,000089
сатане 2,167317 0,000410
сатанинской 1,866287 0,000706
сбивчивое 2,167317 0,000410
сбылось 1,690196 0,000320
сведения 1,021189 0,000193
сведено 2,167317 0,000410
сверху 0,936868 0,000177
свет 0,468347 0,000177
света 0,845098 0,000160
свете 0,426955 0,000161
светел 1,866287 0,000353
светил 1,866287 0,001059
светить 2,167317 0,000410
светлый 1,264227 0,000239
светом 1,322219 0,000250
светские 1,690196 0,000320
свидетельствовать 2,167317 0,000410
свирепыми 2,167317 0,000410
свободе 1,468347 0,000555
свободен 1,690196 0,000639
свободнее 1,866287 0,000353
свободно 0,000000 0,000000
свободу 1,264227 0,000717
свободы 1,389166 0,000525
свое 0,150284 0,000114
своего 0,091770 0,000069
своей 0,066947 0,000013
своем 0,198834 0,000038
своею 0,443041 0,000168
свои 0,146128 0,000083
своим 0,208276 0,000236
своих 0,237898 0,000225
свой 0,189594 0,000108
свою 0,073896 0,000098
связи 1,167317 0,000221
святых 1,167317 0,000221
сделает 0,963197 0,000182
сделаешь 1,565257 0,000296
сделай 1,389166 0,000525
сделал 0,381987 0,000072
себе 0,033778 0,000077
себя 0,005949 0,000021
сего 0,611015 0,001618
сегодня 0,000000 0,000000
семена 1,468347 0,000278
семидесяти 0,000000 0,000000
сему 1,264227 0,000956
семье 1,565257 0,000296
семью 1,264227 0,000239
семя 1,690196 0,000320
сердец 1,468347 0,000278
сердечке 1,690196 0,000320
сердился 1,322219 0,000250
сердца 0,334808 0,000127
сердце 0,171682 0,000065
сердцем 0,675956 0,000256
сердцу 0,769377 0,000145
сила 0,936868 0,000177
силе 1,213075 0,000229
силен 1,322219 0,000250
силой 0,675956 0,000383
сильна 2,167317 0,000410
сильнее 0,866287 0,000164
сильнейшая 1,866287 0,000353
сильнейшую 1,866287 0,000353
сильно 0,292256 0,000055
сильных 1,322219 0,000500
скажем 1,389166 0,000263
скажу 0,275223 0,000052
скажут 0,963197 0,000182
сказанное 1,866287 0,000353
сказать 0,073896 0,000042
скверная 1,565257 0,000592
скверным 1,866287 0,000353
скидывая 2,167317 0,000410
ските 1,565257 0,000296
склонился 1,322219 0,000250
сколь 1,389166 0,002102
сколько 0,280827 0,000106
скорбен 2,167317 0,000410
скорбью 1,565257 0,000296
скорее 0,514105 0,000194
скорое 1,690196 0,000320
скорый 1,866287 0,000353
скрыто 2,167317 0,000410
слагается 2,167317 0,000410
сластолюбцев 2,167317 0,000410
след 1,690196 0,000320
следовало 0,805589 0,000152
следующее 1,690196 0,000320
следующей 1,690196 0,000320
слез 0,787106 0,000149
слезами 0,554533 0,000210
слезы 0,554533 0,000105
слов 0,367977 0,000070
слова 0,129891 0,000025
слово 0,232819 0,000044
словом 0,367977 0,000070
словоохотливым 2,167317 0,000410
слуг 1,389166 0,001576
слуга 0,888564 0,000336
слугам 1,468347 0,000278
слугах 2,167317 0,000410
слуге 1,690196 0,000639
слугой 1,322219 0,000500
слугою 2,167317 0,000410
слугу 1,389166 0,000263
служение 1,866287 0,000353
служении 1,866287 0,000353
служения 1,565257 0,000296
служи 1,866287 0,000353
служил 1,021189 0,000193
служить 1,053374 0,000398
слухам 1,389166 0,000263
случайно 0,866287 0,000164
случайное 2,167317 0,000410
случилось 0,403889 0,000076
слушать 0,735954 0,000278
слыхал 0,845098 0,000160
слышал 0,389166 0,000074
смерти 0,468347 0,000354
смерть 0,805589 0,000152
смеются 1,021189 0,000386
смеясь 0,787106 0,000149
смирение 1,468347 0,000555
смирением 1,690196 0,000320
смирения 1,468347 0,000555
смиренною 1,866287 0,000706
смиренные 2,167317 0,000410
смиренный 1,468347 0,000278
смиренных 1,690196 0,000639
смиряю 2,167317 0,000410
смотри 1,053374 0,000199
смотрит 0,690196 0,000131
смотрю 0,866287 0,000164
смрад 2,167317 0,000410
смрадном 2,167317 0,000410
смрадный 1,866287 0,000353
смущает 1,690196 0,000320
соблазняйся 2,167317 0,000820
собой 0,253503 0,000048
соборную 2,167317 0,000410
собравшиеся 1,866287 0,000353
собралась 1,389166 0,000263
собрание 0,000000 0,000000
собственно 0,565257 0,000107
собственную 1,213075 0,000229
собственных 0,991226 0,000187
событии 1,565257 0,000296
совершил 1,213075 0,000459
совершилось 1,088136 0,000206
совершиться 1,213075 0,000459
совратились 2,167317 0,000410
совсем 0,021189 0,000008
согбенных 2,167317 0,000410
согласия 0,000000 0,000000
согрешил 1,565257 0,000592
согрешишь 2,167317 0,000410
сожалею 1,389166 0,000263
создание 1,468347 0,000555
созерцает 1,866287 0,000353
созерцание 1,690196 0,000320
созерцать 1,264227 0,000239
созерцая 2,167317 0,000410
сознание 1,021189 0,000193
сойдутся 1,565257 0,000296
сократится 2,167317 0,000410
сокращает 2,167317 0,000410
сокровенное 2,167317 0,000410
солнце 0,845098 0,000160
сопоставить 2,167317 0,000410
соприкасается 1,866287 0,000353
соприкоснется 2,167317 0,000410
соприкосновении 2,167317 0,000410
соприкосновения 2,167317 0,000410
сосать 1,866287 0,000353
составлено 1,690196 0,000320
сотвори 2,167317 0,000410
сотрясения 1,565257 0,000296
сохраняется 1,690196 0,000320
сочинений 0,000000 0,000000
спасал 2,167317 0,000410
спасаются 1,690196 0,000639
спасающего 1,866287 0,000353
спасение 1,389166 0,001051
спасет 1,322219 0,000750
спаслись 2,167317 0,000410
спасти 0,769377 0,000145
спасутся 2,167317 0,001230
спорить 1,167317 0,000221
способен 0,787106 0,000149
способнее 1,866287 0,000353
способность 1,565257 0,000296
справедливо 0,805589 0,000457
спрашивает 1,125925 0,000213
спрашиваю 0,845098 0,000160
спрашивают 1,088136 0,000206
спросит 1,264227 0,000239
спросишь 2,167317 0,000410
среда 1,690196 0,000639
среде 2,167317 0,000410
средств 1,565257 0,000296
срок 0,888564 0,000840
сроки 1,690196 0,001279
ставшей 2,167317 0,000410
стал 0,125925 0,000119
стали 0,322219 0,000122
стало 0,091770 0,000017
станет 0,623249 0,000118
станешь 1,322219 0,000750
становятся 1,690196 0,000320
старца 0,735954 0,000696
старцем 1,167317 0,000221
стать 0,845098 0,000479
стенах 1,468347 0,000278
столь 0,434924 0,000411
стольких 1,468347 0,000278
стороны 0,185046 0,000035
стою 0,866287 0,000164
стоящего 1,690196 0,000959
стоящий 2,167317 0,000410
страдание 0,936868 0,000177
страдающий 1,690196 0,000320
странное 0,690196 0,000131
странному 1,389166 0,000263
странствиях 1,690196 0,000320
странствуя 2,167317 0,000410
страхе 0,991226 0,000187
страшись 1,866287 0,000353
страшная 0,805589 0,000152
страшнейшая 2,167317 0,000410
страшные 1,053374 0,000199
страшусь 2,167317 0,000410
стремится 1,389166 0,000263
стучащая 2,167317 0,000410
стыд 0,912045 0,000172
стыдись 1,690196 0,000320
стыдится 1,389166 0,000263
суда 0,787106 0,000149
судиею 2,167317 0,001639
судимого 1,866287 0,000353
судия 1,866287 0,000353
судья 1,264227 0,000478
сует 2,167317 0,000410
сумели 1,468347 0,000278
супруге 1,213075 0,000229
супругой 1,213075 0,000229
существа 1,021189 0,000193
существо 0,690196 0,000261
существу 1,565257 0,000296
сущности 0,752344 0,000142
сходное 2,167317 0,000410
счастливое 1,468347 0,000278
считается 1,389166 0,000263
сыны 2,167317 0,000410
табаку 2,167317 0,000820
таинственный 1,565257 0,000592
таинственным 1,389166 0,000263
тайне 1,264227 0,000239
тайное 1,690196 0,000320
тайну 0,991226 0,000375
также 0,000000 0,000000
такие 0,232819 0,000044
таких 0,243038 0,000046
таков 0,787106 0,000149
таковой 1,264227 0,000239
таковому 2,167317 0,000410
таковых 1,389166 0,000263
такого 0,243038 0,000046
такой 0,077412 0,000059
таком 0,309985 0,000059
такою 0,690196 0,000131
талантлив 2,167317 0,000410
тверд 1,322219 0,000250
тверди 2,167317 0,000410
твердо 0,419129 0,000079
твое 0,845098 0,000160
твоего 0,787106 0,000149
твоей 0,888564 0,000168
твоем 1,322219 0,001000
твоея 1,866287 0,000353
твои 0,787106 0,000149
твоим 1,088136 0,000412
твоими 1,565257 0,000296
твоих 0,963197 0,000364
твой 0,735954 0,000696
твоя 0,635838 0,000240
тебе 0,203530 0,000269
тебя 0,198834 0,000752
текст 0,000000 0,000000
тела 1,264227 0,000239
тело 1,125925 0,000213
темноту 1,468347 0,000278
теперь 0,015029 0,000031
теряя 1,468347 0,000278
течет 1,565257 0,000296
тиранства 2,167317 0,000410
тихо 0,354404 0,000134
тишине 1,468347 0,000833
тобой 0,419129 0,000079
тобою 0,845098 0,000479
тогда 0,050046 0,000123
того 0,005949 0,000010
тоже 0,043466 0,000008
только 0,002964 0,000002
томах 0,000000 0,000000
тому 0,095435 0,000054
торгом 2,167317 0,000410
торжеством 1,213075 0,000229
торопится 2,167317 0,000410
тоске 1,053374 0,000199
тотчас 0,046743 0,000018
точно 0,121994 0,000046
точности 0,866287 0,000164
требуют 1,565257 0,000296
тревожное 1,866287 0,000353
тревожном 1,866287 0,000353
третья 0,486076 0,000092
тронешь 2,167317 0,000410
трудно 0,459747 0,000174
трудом 0,991226 0,000187
тунеядцев 1,690196 0,000320
тысячи 0,426955 0,000081
тюрьме 1,389166 0,000263
убедишься 2,167317 0,000410
убеждены 1,468347 0,000278
уберегся 2,167317 0,000410
убивают 1,468347 0,000278
убийство 0,936868 0,000177
убирать 2,167317 0,000410
уверяют 1,565257 0,000296
увидел 0,648803 0,000123
увидишь 1,125925 0,000426
угасает 2,167317 0,000410
угла 0,963197 0,000182
удержать 1,213075 0,000229
удивиться 2,167317 0,000410
удивлением 0,523865 0,000099
удивлялся 1,125925 0,000213
уединение 1,565257 0,001184
уединением 1,866287 0,000353
уединении 1,389166 0,001576
уединения 1,690196 0,000320
уединенной 1,866287 0,000353
уединенный 1,866287 0,000353
уединился 2,167317 0,000410
узнал 0,381987 0,000072
узришь 1,866287 0,000353
уйдет 1,088136 0,000206
указали 1,468347 0,000278
указание 1,322219 0,000250
указано 1,690196 0,000320
указывают 2,167317 0,000820
укора 2,167317 0,000410
улучшение 1,866287 0,000353
улыбкой 0,468347 0,000089
умел 0,866287 0,000164
умен 1,389166 0,000263
умер 0,662167 0,000125
умершим 0,000000 0,000000
уметь 1,322219 0,000250
умею 0,912045 0,000172
умеют 1,167317 0,000221
умилении 1,468347 0,000555
умиления 1,088136 0,000206
умиленно 1,213075 0,000229
умилительно 1,468347 0,000555
умилительное 1,866287 0,000353
умирает 1,053374 0,000199
умножается 2,167317 0,000410
умом 0,752344 0,000427
умрет 0,824895 0,000156
уничижении 2,167317 0,000410
уничтожается 1,866287 0,000353
уничтожил 2,167317 0,000410
уныния 2,167317 0,000410
упование 1,690196 0,000320
упокой 1,468347 0,000278
упьются 2,167317 0,000410
усадил 1,565257 0,000296
усмехаемся 2,167317 0,000410
усомнись 2,167317 0,000410
устремились 1,866287 0,000353
устроитесь 2,167317 0,000410
устроиться 1,389166 0,000525
уступит 1,866287 0,000353
устыдится 2,167317 0,000410
утверждают 1,322219 0,000250
утоление 1,866287 0,000353
утолится 2,167317 0,000410
утолить 1,389166 0,000525
утолять 2,167317 0,000410
утру 1,322219 0,000250
учат 1,866287 0,000353
учение 1,690196 0,000320
учил 1,322219 0,000500
учители 1,690196 0,001598
учитель 1,213075 0,000229
учительница 2,167317 0,000410
ушел 0,599116 0,000113
фабриках 2,167317 0,000410
фантазии 1,389166 0,000263
федор 0,000000 0,000000
федоровича 0,426955 0,000161
федоровичем 0,704919 0,000133
философы 1,690196 0,000320
характере 1,213075 0,000229
хвастовстве 2,167317 0,000410
хилых 2,167317 0,000410
ходи 1,389166 0,000263
хоть 0,060107 0,000091
хотя 0,050046 0,000085
хотят 0,735954 0,000278
храним 2,167317 0,000410
хранят 1,866287 0,000353
христа 0,912045 0,000517
христов 1,690196 0,000639
христова 1,264227 0,000239
христово 1,690196 0,000639
христом 1,389166 0,000263
христос 0,936868 0,000177
худо 1,125925 0,000213
целованием 2,167317 0,000410
целого 1,125925 0,000426
целое 1,053374 0,000398
целостности 1,866287 0,000353
целуй 1,690196 0,000639
целуя 1,565257 0,000296
церковь 0,912045 0,000345
часа 0,000000 0,000000
часть 0,002964 0,000002
часы 0,805589 0,000152
чахлых 2,167317 0,000410
чванства 1,866287 0,000353
чванстве 2,167317 0,000410
чего 0,040213 0,000015
человек 0,036984 0,000070
человека 0,154480 0,000029
человеколюбием 2,167317 0,000410
человеческий 1,468347 0,000278
человеческого 1,125925 0,000213
человеческое 1,264227 0,000717
человеческой 1,125925 0,000213
человеческом 1,690196 0,000320
человеческому 1,690196 0,000320
человечество 1,088136 0,000206
человечеству 1,264227 0,000478
через 0,258832 0,000049
честью 1,389166 0,000263
чину 1,690196 0,000320
чины 1,866287 0,000353
число 0,000000 0,000000
чистенькая 1,866287 0,000353
чистоте 1,866287 0,000353
читаем 0,000000 0,000000
читать 0,000000 0,000000
члены 1,213075 0,000229
чтоб 0,073896 0,000070
чтобы 0,030597 0,000041
чтят 2,167317 0,000410
чувств 0,704919 0,000267
чувства 0,495219 0,000094
чувствам 1,389166 0,000263
чувство 0,611015 0,000231
чувством 0,704919 0,000133
чужим 1,690196 0,000320
чуть 0,176091 0,000100
чьего 0,000000 0,000000
шестая 1,565257 0,000592
экипажи 1,690196 0,000320
этакой 1,053374 0,000199
этой 0,118099 0,000022
этом 0,046743 0,000009
юности 1,088136 0,000206
юноша 1,021189 0,000386
юношею 2,167317 0,000410
являю 2,167317 0,000410
явят 2,167317 0,000410
ясно 0,354404 0,000201
ясные 1,866287 0,000353
