автор 0,000000 0,000000
автором 0,000000 0,000000
авторского 0,000000 0,000000
авторы 0,000000 0,000000
адвокатским 2,167317 0,000437
адвокатских 1,866287 0,000376
адвокатстве 2,167317 0,000437
азартный 2,167317 0,000437
азартом 1,389166 0,000280
алексей 0,000000 0,000000
алексея 0,000000 0,000000
английские 2,167317 0,000437
анекдот 0,991226 0,000400
анекдоте 2,167317 0,000437
антропофагии 1,690196 0,000341
апокалипсиса 1,690196 0,000341
апокалипсисе 1,565257 0,000316
ардалионович 0,805589 0,000325
артист 1,565257 0,000316
ассоциации 2,167317 0,000437
ассоциаций 2,167317 0,000437
атеистов 1,690196 0,000341
атеисты 1,565257 0,000316
беда 0,866287 0,000175
бедные 1,213075 0,000245
безо 0,599116 0,000121
беру 1,125925 0,000227
бесконечно 1,088136 0,000220
бесконечным 1,565257 0,000316
бесподобнейший 2,167317 0,000437
беспокоен 1,690196 0,000341
беспокоиться 1,322219 0,000267
беспокойства 1,565257 0,000316
беспрепятственно 1,690196 0,000341
беспрерывно 0,623249 0,000251
бессвязен 1,866287 0,000376
бессмысленно 1,322219 0,000267
бессовестно 1,690196 0,000341
бесчисленных 1,690196 0,000341
библиотека 0,000000 0,000000
благодарю 0,824895 0,000166
благородный 1,088136 0,000659
благосостоянием 2,167317 0,000437
блуждающего 2,167317 0,000437
богатства 1,468347 0,000296
богатствами 2,167317 0,000437
бокал 1,322219 0,000800
бокала 1,468347 0,000592
более 0,000000 0,000000
болтовни 2,167317 0,000437
болтовню 1,866287 0,000376
большая 0,936868 0,000189
больше 0,137934 0,000028
большое 0,963197 0,000194
большую 0,866287 0,000175
борода 1,565257 0,000316
боюсь 0,504560 0,000102
брата 0,389166 0,000079
бросал 1,565257 0,000316
бросить 0,963197 0,000194
будет 0,077412 0,000062
будто 0,099131 0,000060
буду 0,208276 0,000126
будущих 2,167317 0,000437
буквально 0,805589 0,000163
бурдовский 1,167317 0,000471
бурдовского 1,213075 0,000245
бурмистрова 2,167317 0,000437
бутылки 1,167317 0,000235
бывали 0,824895 0,000166
была 0,046743 0,000028
были 0,099131 0,000100
было 0,000000 0,000000
быстро 0,232819 0,000047
быстротой 1,264227 0,000255
быть 0,002964 0,000014
бьюсь 1,167317 0,000235
важно 0,675956 0,000136
важного 1,468347 0,000296
важное 0,845098 0,000170
важному 1,088136 0,000220
важным 1,264227 0,000255
вами 0,232819 0,000188
вариации 2,167317 0,000437
вассалы 2,167317 0,000437
ваша 0,554533 0,000112
ваше 0,434924 0,000175
вашего 0,443041 0,000179
вашей 0,504560 0,000102
вашем 0,690196 0,000139
вашему 0,576253 0,000116
вашим 0,587534 0,000119
вашими 1,322219 0,000267
ввязывался 1,690196 0,000341
вдруг 0,005949 0,000016
ведете 2,167317 0,000437
веду 1,690196 0,000341
ведут 1,565257 0,000316
ведь 0,043466 0,000088
веков 1,125925 0,000909
великий 0,845098 0,000170
великолепнейшая 1,866287 0,000376
великосветский 1,690196 0,000341
велите 1,690196 0,000341
величайших 1,866287 0,000376
верите 0,735954 0,000148
верить 0,635838 0,000128
верная 1,690196 0,000682
вернейшая 2,167317 0,000437
верно 0,523865 0,000106
верст 1,125925 0,000227
веры 0,845098 0,000341
верю 0,623249 0,000126
весел 0,963197 0,000194
веселая 1,468347 0,000296
весело 0,648803 0,000131
веселом 1,565257 0,000316
веселый 1,167317 0,000235
весь 0,099131 0,000100
весьма 0,243038 0,000098
вечер 0,477121 0,000674
вечерам 1,389166 0,000560
вечернем 1,866287 0,000376
вечером 0,533849 0,000108
вещах 1,322219 0,000267
вещей 0,936868 0,000189
взбешен 1,866287 0,000376
взволнован 1,690196 0,000341
взгляд 0,396465 0,000240
взгляда 0,662167 0,000134
вздор 0,599116 0,000363
вздором 1,565257 0,000316
вздумал 0,805589 0,000163
взрослых 1,565257 0,000316
взрывами 2,167317 0,000437
взъерошенную 2,167317 0,000437
взявшегося 2,167317 0,000437
взял 0,269690 0,000054
взяла 0,824895 0,000166
взялись 1,866287 0,000376
взяться 1,690196 0,000341
виде 0,434924 0,000175
видел 0,248239 0,000050
видим 1,264227 0,000510
видите 0,396465 0,000160
видно 0,504560 0,000305
видом 0,389166 0,000079
вижу 0,286504 0,000116
визиты 0,000000 0,000000
виконт 2,167317 0,000437
вина 0,963197 0,000389
виноват 0,523865 0,000106
виноватым 1,389166 0,000280
владычествует 2,167317 0,000437
вначале 0,936868 0,000189
вниманием 1,167317 0,000235
внимательным 1,866287 0,000376
возбужден 1,866287 0,000753
возбужденном 1,468347 0,000296
возводится 1,866287 0,000376
возможному 2,167317 0,000437
возможности 0,690196 0,000139
вознаграждения 0,000000 0,000000
возражал 1,468347 0,000296
возражают 1,866287 0,000376
возьму 0,936868 0,000189
воксале 1,264227 0,000255
волнении 0,675956 0,000136
вольтерову 2,167317 0,000437
вопрос 0,222835 0,000090
вопроса 0,704919 0,000142
вопросами 1,264227 0,000255
вопросов 0,866287 0,000175
вопросы 0,599116 0,000121
ворочаясь 2,167317 0,000437
воссоздается 2,167317 0,000437
восторженный 1,468347 0,000296
вполголоса 0,888564 0,000179
вполовину 2,167317 0,000437
впрочем 0,118099 0,000024
впятеро 1,866287 0,000376
времен 1,264227 0,000255
временем 0,963197 0,000194
времени 0,269690 0,000326
время 0,043466 0,000044
всегда 0,129891 0,000052
всего 0,040213 0,000081
всей 0,248239 0,000050
всем 0,070407 0,000028
всему 0,486076 0,000098
всеобщая 1,866287 0,000376
всеобщее 1,322219 0,000267
всеобщей 1,565257 0,000632
всеобщем 1,866287 0,000376
всеобщие 2,167317 0,000874
всеобщий 1,565257 0,000632
всеобщими 2,167317 0,000437
всех 0,060107 0,000146
вскакивая 1,565257 0,000316
вскочил 0,587534 0,000119
вскрикнул 0,936868 0,000189
вскричал 0,292256 0,000118
вслед 0,523865 0,000211
вслух 0,533849 0,000108
вслушиваясь 1,866287 0,000376
вспомни 1,468347 0,000296
вспомнил 0,704919 0,000284
вспыхнула 1,125925 0,000227
встали 1,167317 0,000706
встрепенулся 1,389166 0,000280
встретил 0,769377 0,000466
встретили 1,565257 0,000316
всходя 1,690196 0,000341
всякая 1,167317 0,000235
всякие 1,213075 0,000245
всякий 0,514105 0,000207
всякого 0,514105 0,000207
всякой 0,635838 0,000257
всяком 0,544068 0,000110
вторых 0,720159 0,000145
втрое 1,565257 0,000316
выводу 2,167317 0,000437
вызываю 2,167317 0,000437
вынесло 1,866287 0,000376
вынести 0,888564 0,000179
выпил 0,991226 0,000400
выпить 1,167317 0,000235
выплаты 0,000000 0,000000
выпрямившись 1,565257 0,000316
выпытать 1,866287 0,000753
выпьем 1,389166 0,000280
выпью 1,565257 0,000316
выражением 1,125925 0,000227
выраженьица 2,167317 0,000437
выразить 0,936868 0,000189
высказанная 2,167317 0,000437
высказывалось 2,167317 0,000437
высокой 1,565257 0,000316
высоты 2,167317 0,000437
выставишь 2,167317 0,000437
выставляет 1,866287 0,000376
выступал 1,866287 0,000376
высшей 0,544068 0,000220
выходивший 2,167317 0,000437
выходит 0,752344 0,000152
выходить 0,963197 0,000194
вышесказанному 2,167317 0,000437
вянут 2,167317 0,000437
гаврила 0,824895 0,000333
газетах 1,088136 0,000220
гамлета 1,866287 0,000376
ганя 0,769377 0,000621
гастрономической 2,167317 0,000437
генерал 0,554533 0,000671
генерала 0,662167 0,000267
генералы 1,866287 0,000376
гибель 1,264227 0,000255
глаза 0,129891 0,000026
глазах 0,459747 0,000093
глотнул 1,866287 0,000753
глубине 1,167317 0,000235
глубокая 1,389166 0,000280
глубокой 1,565257 0,000316
глубочайшем 1,690196 0,000341
гнуснейший 2,167317 0,000437
гнусный 1,690196 0,000341
говорил 0,095435 0,000058
говорит 0,189594 0,000038
говорите 0,533849 0,000323
говорить 0,162996 0,000033
говорю 0,203530 0,000041
говоря 0,434924 0,000175
говорят 0,309985 0,000063
года 0,477121 0,000193
голая 1,866287 0,000376
головой 0,533849 0,000108
голову 0,227798 0,000092
голода 2,167317 0,001749
голодному 2,167317 0,000437
голоду 1,322219 0,000267
голос 0,533849 0,000108
голоса 1,021189 0,000206
голосила 2,167317 0,000437
голосом 0,396465 0,000080
гора 1,468347 0,000296
гораздо 0,443041 0,000358
горы 0,963197 0,000194
горячечным 1,866287 0,000376
горячие 1,690196 0,000341
горячился 1,468347 0,000296
господа 0,389166 0,000785
господами 2,167317 0,000874
господин 0,514105 0,000207
гостей 0,752344 0,000152
гости 0,769377 0,000310
гостями 1,389166 0,000280
государь 1,053374 0,000213
готов 0,544068 0,000439
готовила 1,866287 0,000376
готовностью 1,322219 0,000267
граф 1,468347 0,000296
гремел 1,690196 0,000341
гремят 2,167317 0,000437
грех 0,888564 0,000359
григория 0,845098 0,000170
грозный 1,565257 0,000316
громадному 2,167317 0,000437
грош 1,468347 0,000296
давеча 0,232819 0,000094
давно 0,158717 0,000032
даже 0,005949 0,000023
дали 0,635838 0,000128
дальше 0,002964 0,000002
дамы 0,648803 0,000131
данные 0,000000 0,000000
даче 1,053374 0,000213
двадцатилетней 1,866287 0,000376
двадцатипятилетие 2,167317 0,000437
двадцать 0,411442 0,000166
двенадцатого 1,322219 0,000533
двенадцатом 1,322219 0,000267
двенадцатым 2,167317 0,000437
дворе 0,787106 0,000159
двух 0,264227 0,000053
деваться 1,866287 0,000376
девятнадцатого 1,866287 0,000376
действительнее 1,866287 0,000376
действительно 0,106619 0,000043
действительность 1,264227 0,000255
дела 0,309985 0,000188
деле 0,162996 0,000066
дело 0,063514 0,000115
делу 0,468347 0,000094
день 0,162996 0,000066
держать 0,963197 0,000194
дернув 2,167317 0,000437
десять 0,374926 0,000076
диване 0,845098 0,000511
дивился 1,468347 0,000296
диким 1,322219 0,000267
добрее 1,389166 0,000280
доброе 1,088136 0,000220
доведший 2,167317 0,000437
доволен 0,735954 0,000148
довольно 0,129891 0,000079
договаривал 1,565257 0,000316
договорив 2,167317 0,000437
докажу 1,322219 0,000267
долгим 2,167317 0,000437
долгой 1,866287 0,000376
должно 0,286504 0,000116
должны 0,576253 0,000116
доносит 2,167317 0,000437
доносить 1,690196 0,000341
дорог 1,088136 0,001098
дороги 0,704919 0,000569
дорогу 0,599116 0,000121
досадой 0,991226 0,000200
достаточно 1,264227 0,000510
достоевский 0,000000 0,000000
достопочтенный 2,167317 0,000437
достояние 0,000000 0,000000
дотрагивался 2,167317 0,000437
дочери 0,787106 0,000159
дочь 0,587534 0,000119
драку 1,866287 0,000376
дров 1,690196 0,000341
друг 0,269690 0,000163
другая 0,648803 0,000131
другие 0,389166 0,000079
другим 0,533849 0,000108
другими 0,991226 0,000200
другое 0,309985 0,000188
другой 0,146128 0,000147
другом 0,477121 0,000289
дружбы 1,468347 0,000296
дружелюбнейших 2,167317 0,000437
дружески 0,991226 0,000200
дружеских 1,565257 0,000316
друзей 0,991226 0,000400
думаете 0,504560 0,000102
думал 0,258832 0,000052
думаю 0,328468 0,000066
духовенства 2,167317 0,000874
духовенство 2,167317 0,001312
духовенству 2,167317 0,000437
духовного 1,389166 0,000560
духовных 1,866287 0,000376
души 0,523865 0,000211
дьявол 1,468347 0,000592
дьявола 1,690196 0,000682
дяде 1,322219 0,000267
евгений 0,866287 0,002621
евгению 1,213075 0,000979
евгения 0,963197 0,000777
европе 1,322219 0,000533
европу 1,565257 0,000316
единого 0,787106 0,000159
епанчиным 1,088136 0,000220
если 0,011981 0,000019
есть 0,018098 0,000084
жадно 1,053374 0,000213
жадностью 1,389166 0,000280
жалуется 1,565257 0,000316
жаль 0,635838 0,000128
жаром 0,587534 0,000237
ждал 0,495219 0,000500
ждали 0,720159 0,000291
ждет 0,787106 0,000159
желание 0,888564 0,000179
желая 0,662167 0,000134
железные 1,866287 0,001506
железных 1,322219 0,001600
жизни 0,222835 0,000494
жило 1,866287 0,000376
жирнее 2,167317 0,000437
жирны 2,167317 0,000437
жить 0,451314 0,000273
забыв 0,991226 0,000400
забывал 1,125925 0,000227
завтра 0,298086 0,000180
заговаривайтесь 2,167317 0,000437
заговорил 0,599116 0,000121
заговорить 1,021189 0,000206
задумался 0,866287 0,000175
задуматься 2,167317 0,000437
задумчив 1,167317 0,000235
задушевнее 2,167317 0,000437
зажечь 1,866287 0,000376
зазвучало 1,866287 0,000376
зазвучит 1,866287 0,000376
заинтересовало 1,389166 0,000280
зайти 0,936868 0,000189
закинул 2,167317 0,000437
заклад 0,845098 0,000170
заключает 1,565257 0,000316
заключается 0,963197 0,000194
заключение 0,991226 0,000400
заключением 2,167317 0,000437
заключил 0,523865 0,000106
закон 1,125925 0,001363
законы 1,389166 0,000280
закричал 0,599116 0,000121
закуска 1,690196 0,000341
закуской 2,167317 0,000437
закуску 1,468347 0,000296
закусочки 2,167317 0,000874
заманить 1,866287 0,000376
заманчиво 1,690196 0,000341
заметил 0,154480 0,000405
заметить 0,635838 0,000128
заметлив 1,690196 0,000341
замечал 1,021189 0,000412
замечание 1,088136 0,000220
замечу 1,088136 0,000220
замешал 2,167317 0,000437
замков 2,167317 0,000437
замок 1,088136 0,000220
замутить 2,167317 0,000437
замутят 2,167317 0,000437
занимательно 2,167317 0,000437
занимая 2,167317 0,000437
заподозрили 1,468347 0,000296
запомнить 1,322219 0,000267
заработной 2,167317 0,000437
засмеялся 0,495219 0,000300
заснула 1,322219 0,000267
затем 0,237898 0,000240
затесался 2,167317 0,000437
зато 0,468347 0,000189
захохотал 1,021189 0,000206
захромали 2,167317 0,000437
зачем 0,146128 0,000118
зашел 0,912045 0,000368
зашли 1,322219 0,000267
звал 1,213075 0,000245
звезда 1,468347 0,000296
звезде 1,866287 0,000376
звездой 1,866287 0,000376
звезду 1,690196 0,000341
здесь 0,095435 0,000116
здоровье 0,824895 0,000333
землю 0,565257 0,000228
злобой 0,963197 0,000389
знаем 1,088136 0,000220
знает 0,171682 0,000069
знаете 0,286504 0,000578
знакомые 1,322219 0,000267
знал 0,114239 0,000023
знали 0,426955 0,000086
знаменательная 2,167317 0,000437
знать 0,328468 0,000066
значат 1,866287 0,000376
значит 0,243038 0,000049
значительно 1,213075 0,000245
значительную 1,866287 0,000376
знаю 0,095435 0,000039
знают 0,720159 0,000145
зная 0,623249 0,000126
зову 1,690196 0,000341
зубы 1,053374 0,000213
иволгин 0,991226 0,000400
идее 1,468347 0,000592
идет 0,514105 0,000104
идиот 0,443041 0,000358
идти 0,434924 0,000088
иждивение 1,690196 0,000341
известно 0,334808 0,000068
известное 1,468347 0,000296
известных 1,213075 0,000245
извините 0,735954 0,000148
извинюсь 2,167317 0,000437
издыхания 2,167317 0,000437
излить 1,690196 0,000341
изобретенными 2,167317 0,000874
изредка 0,888564 0,000179
изуверство 2,167317 0,000437
имеет 0,623249 0,000126
имени 0,912045 0,000184
именно 0,066947 0,000027
иметь 0,587534 0,000119
имею 0,565257 0,000228
иначе 0,367977 0,000074
иногда 0,208276 0,000084
интересов 1,565257 0,000632
интересует 1,866287 0,000376
интересуется 1,565257 0,000316
интересуются 1,866287 0,000376
иные 0,599116 0,000121
ипполит 0,675956 0,001364
ипполита 0,888564 0,000359
ипполитом 1,213075 0,000489
искать 0,769377 0,000155
исключить 1,866287 0,000753
использоваться 0,000000 0,000000
испугался 0,704919 0,000142
истина 1,088136 0,000220
историческая 2,167317 0,000874
историю 0,845098 0,000170
история 0,845098 0,000170
источник 0,000000 0,000000
источники 1,690196 0,001705
источников 2,167317 0,000437
источником 2,167317 0,000437
истязаний 1,866287 0,000376
исчислению 2,167317 0,000437
кавалерист 1,866287 0,000376
каждого 0,888564 0,000359
каждое 0,963197 0,000194
каждом 1,053374 0,000213
кажется 0,118099 0,000143
какая 0,194189 0,000039
какие 0,232819 0,000094
каким 0,194189 0,000039
какого 0,347773 0,000070
какое 0,227798 0,000138
какой 0,095435 0,000039
камней 1,690196 0,000341
капли 1,167317 0,000235
карса 1,690196 0,000341
картиной 1,690196 0,000341
карьеры 1,167317 0,000235
касается 0,769377 0,000155
католический 1,690196 0,000341
качеством 1,389166 0,000280
келлер 0,991226 0,000800
кивнул 1,053374 0,000213
клиент 1,690196 0,000682
клянусь 0,635838 0,000128
книги 0,000000 0,000000
книгу 0,936868 0,000189
князем 0,704919 0,000142
князь 0,477121 0,003465
князю 0,504560 0,000305
князя 0,468347 0,000945
коварная 2,167317 0,000437
когда 0,015029 0,000021
кожаном 1,690196 0,000341
колеса 2,167317 0,000437
коли 0,269690 0,000109
количество 2,167317 0,000437
количеством 1,866287 0,000753
колю 0,805589 0,000163
коля 0,565257 0,000228
командовал 1,690196 0,000341
комаров 0,000000 0,000000
комическим 2,167317 0,000437
комнате 0,389166 0,000079
компании 0,845098 0,000341
компания 1,021189 0,000412
кому 0,341243 0,000069
конечно 0,060107 0,000049
конце 0,611015 0,000123
концов 0,912045 0,000368
кончает 1,565257 0,000316
кончилось 0,845098 0,000170
кончим 1,264227 0,000255
копытами 2,167317 0,000874
костров 2,167317 0,000437
костры 1,866287 0,000376
которого 0,198834 0,000201
которое 0,426955 0,000086
которой 0,213075 0,000043
котором 0,347773 0,000070
которому 0,468347 0,000094
которые 0,189594 0,000038
который 0,110412 0,000045
которым 0,389166 0,000079
кощунства 2,167317 0,000437
краешек 2,167317 0,000437
крайней 0,298086 0,000301
красивое 2,167317 0,000437
кредит 1,690196 0,000682
кредитом 2,167317 0,000437
крепкая 2,167317 0,000437
крепко 0,443041 0,000089
кривляется 1,690196 0,000341
криками 1,565257 0,000316
крикнул 0,381987 0,000462
крику 1,264227 0,000255
кровь 0,662167 0,000134
кроме 0,158717 0,000160
кругом 0,419129 0,000169
крупен 2,167317 0,000437
крутым 1,866287 0,000376
курмышевым 2,167317 0,000874
кухню 1,213075 0,000245
ласковый 1,565257 0,000316
лгущий 1,866287 0,000376
лебедев 0,735954 0,003118
лебедева 0,752344 0,000455
лебедевой 1,468347 0,000296
лебедевым 1,213075 0,000489
легкая 1,565257 0,000316
легко 0,752344 0,000152
легкою 2,167317 0,000437
лепетал 1,322219 0,000267
либо 0,000000 0,000000
литература 0,000000 0,000000
лихорадочно 1,468347 0,000296
лихорадочное 2,167317 0,000437
лица 0,322219 0,000130
лицо 0,114239 0,000023
лицом 0,000000 0,000000
лицу 0,587534 0,000237
лично 0,720159 0,000145
личного 1,125925 0,000227
личному 1,690196 0,000341
ловкая 1,866287 0,000376
ловким 1,866287 0,000376
лучше 0,162996 0,000164
любезнейший 1,866287 0,000376
любите 0,845098 0,000170
люблю 0,347773 0,000140
любопытен 1,565257 0,000316
любопытной 1,866287 0,000376
любопытство 0,866287 0,000175
любопытством 0,459747 0,000185
любым 0,000000 0,000000
людей 0,298086 0,000120
люди 0,269690 0,000218
людоед 2,167317 0,000437
людоеды 2,167317 0,000437
лягу 1,565257 0,000316
мало 0,208276 0,000168
мальтус 2,167317 0,000437
мальчик 0,495219 0,000100
мальчишка 0,963197 0,000194
материальной 2,167317 0,000437
махая 1,468347 0,000296
медали 1,866287 0,000376
между 0,129891 0,000157
мелкого 1,690196 0,000341
меньше 0,787106 0,000159
меня 0,027438 0,000033
мере 0,269690 0,000272
месте 0,286504 0,000058
место 0,334808 0,000135
милости 1,167317 0,000235
милостивый 1,088136 0,000220
милый 0,477121 0,000385
мимо 0,514105 0,000207
мимоходом 1,264227 0,000255
минут 0,486076 0,000098
минуту 0,084532 0,000136
младенец 1,264227 0,000510
младенцев 1,389166 0,000841
младшая 1,468347 0,000296
мнение 0,690196 0,000139
мнению 0,845098 0,000341
многие 0,468347 0,000094
много 0,080958 0,000049
многочисленное 1,690196 0,000341
мной 0,237898 0,000048
могла 0,286504 0,000058
могли 0,374926 0,000076
могу 0,171682 0,000104
могут 0,495219 0,000300
моему 0,354404 0,000286
может 0,000000 0,000000
можно 0,088136 0,000124
моих 0,554533 0,000224
молодой 0,381987 0,000077
молчании 1,565257 0,000316
момента 0,000000 0,000000
монах 0,991226 0,000200
монахи 1,125925 0,000227
монахов 1,468347 0,001185
монашескую 2,167317 0,000437
монашество 2,167317 0,000874
мрачное 1,167317 0,000235
муки 0,991226 0,000200
мучимый 1,866287 0,000376
мщения 1,264227 0,000255
мысли 0,316059 0,000128
мыслитель 1,565257 0,000632
мысль 0,264227 0,001013
мыслях 1,125925 0,000227
наблюдал 1,125925 0,000227
наверно 0,264227 0,000213
нагнулся 1,053374 0,000213
надевал 1,690196 0,000341
надеюсь 0,912045 0,000184
надо 0,036984 0,000022
надоел 1,389166 0,000280
надуть 1,565257 0,000316
нажил 1,565257 0,000316
назад 0,000000 0,000000
название 0,000000 0,000000
называл 0,963197 0,000194
найти 0,000000 0,000000
наконец 0,073896 0,000119
намекающая 2,167317 0,000437
намерении 1,565257 0,000316
нападает 1,690196 0,000341
напирая 1,866287 0,000376
написал 0,662167 0,000134
написано 0,000000 0,000000
наплевать 1,167317 0,000235
направления 1,866287 0,000376
направляющей 2,167317 0,000437
например 0,298086 0,000060
напротив 0,180546 0,000036
народ 0,735954 0,000445
народа 1,053374 0,000213
наслаждаясь 2,167317 0,000437
наслаждение 1,264227 0,000255
наслаждения 1,690196 0,000341
насмешки 1,053374 0,000213
насмешлив 2,167317 0,000437
насмешливая 1,565257 0,000316
настаивал 0,845098 0,000170
настоящего 1,167317 0,000471
настоящее 0,963197 0,000194
настоящую 1,021189 0,000206
настроение 1,468347 0,000296
настроении 0,991226 0,000400
насчет 0,354404 0,000143
натурально 0,991226 0,000800
натуре 1,389166 0,000280
наука 0,000000 0,000000
науки 1,322219 0,000267
научное 2,167317 0,000437
научном 2,167317 0,000437
начинавшийся 1,866287 0,000376
начинал 0,662167 0,000267
наше 0,662167 0,000134
нашего 0,396465 0,000160
нашем 0,662167 0,000267
нашими 1,468347 0,000296
наших 0,690196 0,000139
небе 1,125925 0,000454
небрежно 1,468347 0,000296
неверие 1,866287 0,000376
невероятна 2,167317 0,000437
невинности 1,088136 0,000220
невнимателен 2,167317 0,000437
невоздержности 2,167317 0,000437
невозможная 1,690196 0,000341
невозможность 1,264227 0,000255
невольно 0,704919 0,000142
него 0,000000 0,000000
негодования 0,845098 0,000170
недавнее 1,866287 0,000753
недавно 0,576253 0,000116
недоброе 1,866287 0,000376
недоволен 1,167317 0,000235
нежели 1,866287 0,000376
неизвестного 1,565257 0,000316
некоторых 0,824895 0,000333
некуда 1,389166 0,000280
нелепости 1,322219 0,000267
нельзя 0,176091 0,000036
немного 0,426955 0,000086
немножко 1,021189 0,000206
нему 0,080958 0,000082
необходимости 1,322219 0,001067
необходимость 1,264227 0,000510
необыкновенно 0,805589 0,000163
неожиданно 0,523865 0,000106
неожиданным 0,963197 0,000194
неопределенное 1,389166 0,000280
непитателен 2,167317 0,000437
неподвижно 0,936868 0,000189
непомерное 2,167317 0,000437
непорядочно 1,866287 0,000376
неправдоподобна 2,167317 0,000437
неправдоподобнее 1,866287 0,000376
непреложные 2,167317 0,000437
неприлично 0,824895 0,000166
несколько 0,102859 0,000083
несмотря 0,275223 0,000056
несомненно 0,704919 0,000142
несчастий 1,690196 0,000341
несчастному 1,389166 0,000280
несчастных 1,389166 0,000280
нетерпение 1,389166 0,000280
нетерпении 0,963197 0,000194
неурожаев 2,167317 0,000437
нечаянно 0,752344 0,000304
нечего 0,381987 0,000231
нечистый 1,565257 0,000316
нечто 0,389166 0,000079
нибудь 0,030597 0,000043
никак 0,396465 0,000080
никакого 0,403889 0,000081
никогда 0,088136 0,000036
никого 0,411442 0,000083
николаевич 0,805589 0,000163
никто 0,185046 0,000037
ними 0,275223 0,000056
ничего 0,030597 0,000006
ничтожная 1,468347 0,000296
ничтожною 1,866287 0,000376
нормальную 2,167317 0,000437
нормальный 2,167317 0,001312
нравственного 1,213075 0,000489
нравственных 1,322219 0,000267
нужен 0,963197 0,000194
нужно 0,514105 0,000104
нумеров 1,866287 0,000753
нянька 1,565257 0,000316
обернулся 0,824895 0,000333
обиженным 1,213075 0,000245
обмануть 1,468347 0,000296
обморок 1,088136 0,000220
обнаруживает 2,167317 0,000437
оборотом 2,167317 0,000437
оборотясь 1,866287 0,000376
обработывать 2,167317 0,000437
образом 0,347773 0,000070
обратились 1,322219 0,000267
обратился 0,443041 0,000089
обращаясь 0,675956 0,000136
обстоятельствах 1,322219 0,000267
обстоятельству 1,264227 0,000255
общего 1,167317 0,000235
общем 1,264227 0,000255
общественное 0,000000 0,000000
общество 0,991226 0,000200
объявил 0,599116 0,000363
объяснении 1,468347 0,000296
объяснений 1,389166 0,000280
объяснениями 2,167317 0,000874
объясниться 1,125925 0,000227
объясняются 2,167317 0,000437
обыкновенном 1,389166 0,000280
оглядел 1,021189 0,000206
оглядывал 1,468347 0,000296
оглядывая 1,389166 0,000280
огней 2,167317 0,000437
огни 2,167317 0,000437
один 0,046743 0,000047
одинаково 1,690196 0,001023
однажды 0,635838 0,000128
одни 0,459747 0,000278
одним 0,286504 0,000058
одно 0,099131 0,000040
одного 0,150284 0,000121
одной 0,243038 0,000098
одном 0,504560 0,000305
одушевиться 2,167317 0,000437
одушевление 1,565257 0,000316
одушевленного 2,167317 0,000437
оживились 1,866287 0,000376
оживился 1,690196 0,000341
ожидали 1,021189 0,000206
оказалось 0,486076 0,000294
окружили 1,690196 0,000341
оплодотворяющей 2,167317 0,000437
опорною 2,167317 0,000437
оппонент 2,167317 0,000437
оппонентам 2,167317 0,000437
определительнее 2,167317 0,000437
опубликовано 0,000000 0,000000
опутавшею 2,167317 0,000437
опять 0,027438 0,000039
осаду 1,565257 0,000316
осведомился 0,888564 0,000179
освещенной 2,167317 0,000437
оскорбите 2,167317 0,000437
оскорбления 1,322219 0,000267
ослабели 1,690196 0,000682
осмельтесь 1,866287 0,000376
оснований 1,690196 0,000341
основания 1,264227 0,000510
особенно 0,129891 0,000079
оспариваю 2,167317 0,000437
оставляет 1,322219 0,000267
осталось 0,769377 0,000155
остался 0,523865 0,000106
остального 1,565257 0,000316
остальное 0,963197 0,000194
останавливая 1,866287 0,000376
остановился 0,419129 0,000085
остановить 0,991226 0,000200
остановиться 1,322219 0,000267
отвесной 1,866287 0,000376
ответил 0,237898 0,000048
ответы 1,690196 0,000341
отвечает 1,021189 0,000206
отвечал 0,648803 0,000131
отвечая 1,053374 0,000213
отвлеченных 2,167317 0,000437
отгрызался 2,167317 0,000437
отделался 1,690196 0,000341
отечестве 1,866287 0,000753
отклоняет 2,167317 0,000437
откровеннее 1,690196 0,000682
откровеннейшим 1,866287 0,000376
откровенным 1,565257 0,000316
откуда 0,523865 0,000211
откупориваться 2,167317 0,000437
относился 1,468347 0,000296
отношении 1,125925 0,000227
отношениями 2,167317 0,000437
отношениях 0,963197 0,000583
отодвинул 1,690196 0,000341
отойдемте 2,167317 0,000437
оторваться 1,167317 0,000471
отсутствием 1,866287 0,000376
отчаяния 0,963197 0,000194
отчего 0,554533 0,000112
отъезда 1,264227 0,000255
отыскали 1,565257 0,000316
оформление 0,000000 0,000000
очевидно 0,599116 0,000121
очень 0,024303 0,000064
очереди 1,565257 0,000316
очки 1,468347 0,000296
очутился 0,912045 0,000184
ощущавший 2,167317 0,000437
павлович 0,419129 0,001015
павловича 0,451314 0,000364
павловичу 0,805589 0,000650
павлыч 1,053374 0,000638
падали 2,167317 0,000437
парадокс 1,866287 0,000376
парадоксален 2,167317 0,000437
парк 1,213075 0,000245
парламентаризм 2,167317 0,000437
парламенты 2,167317 0,000437
пародии 2,167317 0,000437
пароходов 1,690196 0,000341
педантским 1,866287 0,000376
первого 0,411442 0,000083
первой 0,720159 0,000145
первый 0,248239 0,000100
первых 0,367977 0,000223
перед 0,554533 0,000224
переехал 1,322219 0,000267
переменял 2,167317 0,000437
переплете 2,167317 0,000437
пересмешник 2,167317 0,000437
переставали 2,167317 0,000437
перестал 0,675956 0,000136
переходил 1,565257 0,000316
перешло 0,000000 0,000000
петербург 0,662167 0,000134
петербурге 0,690196 0,000139
пили 1,565257 0,000632
пирующих 2,167317 0,000437
писатели 1,866287 0,000376
письме 0,912045 0,000184
пить 0,888564 0,000717
пишут 1,053374 0,000213
пищу 2,167317 0,000874
платить 1,389166 0,000280
платы 1,866287 0,000376
пленяюсь 2,167317 0,000437
плохо 0,912045 0,000184
победительно 1,866287 0,000376
побежала 1,053374 0,000213
повадлив 1,866287 0,000376
поверите 1,264227 0,000255
повредило 2,167317 0,000437
повредит 1,866287 0,000376
повсеместно 1,088136 0,000220
повсеместные 2,167317 0,000437
поглядывал 1,565257 0,000316
подал 0,752344 0,000152
подарком 1,866287 0,000753
подати 2,167317 0,000437
подбежавший 1,866287 0,000376
подбежал 1,565257 0,000316
подборка 0,000000 0,000000
подвозимым 2,167317 0,000437
подвозящие 2,167317 0,000437
подвозящим 2,167317 0,000437
подвозящих 2,167317 0,000437
поджигая 2,167317 0,000437
подзадорить 2,167317 0,000437
подле 0,419129 0,000085
подмигивающую 2,167317 0,000437
поднимал 1,866287 0,000376
поднявшись 2,167317 0,000437
поднялся 0,635838 0,000128
подобное 1,213075 0,000245
подобных 1,021189 0,000206
подождать 1,167317 0,000471
подожду 1,468347 0,000296
подождут 1,866287 0,000376
подозреваете 1,468347 0,000592
подозревалось 1,866287 0,000376
подошел 0,514105 0,000311
подошли 1,053374 0,000213
подпившими 2,167317 0,000437
подросток 1,866287 0,000376
подсмеиваться 2,167317 0,000437
подставляю 2,167317 0,000437
подтвердил 0,690196 0,000278
подумать 0,704919 0,000284
подхватил 0,533849 0,000215
подходя 1,088136 0,000220
пожалуй 0,237898 0,000144
пожалуйте 1,264227 0,000255
пожать 1,690196 0,000341
пожелал 1,322219 0,000267
пожелала 1,213075 0,000245
пожеланиями 1,866287 0,000376
пожертвования 1,866287 0,000376
позволили 1,322219 0,000267
позвольте 0,523865 0,000317
поздно 0,735954 0,000148
поздоровайтесь 2,167317 0,000437
поздравить 1,690196 0,000682
пойдемте 0,888564 0,000179
пока 0,213075 0,000086
покажется 1,213075 0,000245
покажите 1,264227 0,000510
показал 0,769377 0,000155
показалось 0,495219 0,000200
показывал 1,125925 0,000227
покамест 0,866287 0,000175
покаянии 1,866287 0,000376
покойного 0,936868 0,000189
полверсте 1,690196 0,000341
политик 2,167317 0,000437
политики 1,866287 0,000376
политические 1,866287 0,000376
полминуты 1,322219 0,000267
полнейшее 1,565257 0,000316
полноте 0,866287 0,000175
полные 1,468347 0,000296
половину 0,888564 0,000359
положении 0,704919 0,000142
полчаса 0,824895 0,000832
полынь 1,866287 0,001129
помешался 1,565257 0,000316
помешанный 1,125925 0,000227
помните 0,690196 0,000278
помутились 1,866287 0,000376
понимаете 0,866287 0,000350
понимаю 0,381987 0,000077
понравились 1,322219 0,000267
понятия 1,125925 0,000227
понятно 0,936868 0,000189
понятною 1,866287 0,000376
попал 0,824895 0,000166
поразило 0,720159 0,000145
пороков 1,690196 0,000682
порядочный 1,264227 0,000255
посадили 1,468347 0,000296
посетителей 0,000000 0,000000
посетители 0,000000 0,000000
посещали 1,866287 0,000376
посещают 1,866287 0,000376
посижу 2,167317 0,000437
поскорее 0,486076 0,000098
после 0,084532 0,000051
последнего 0,635838 0,000128
последней 0,623249 0,000126
последних 0,866287 0,000175
послужить 1,167317 0,000471
посмертно 0,000000 0,000000
посмотрев 1,690196 0,000341
посмотрел 0,459747 0,000093
поспел 1,866287 0,000376
постоянного 1,866287 0,000376
построенных 2,167317 0,000437
построили 2,167317 0,000437
постукал 2,167317 0,000437
поступить 1,053374 0,000425
поступку 2,167317 0,000437
потихоньку 0,912045 0,000184
потолок 1,690196 0,000341
потом 0,084532 0,000051
потому 0,024303 0,000029
потребности 1,264227 0,000255
потребовал 1,264227 0,000255
потребовалось 1,690196 0,000341
потупив 1,468347 0,000296
похвалил 1,322219 0,000267
похоже 0,845098 0,000170
початый 2,167317 0,000437
почему 0,099131 0,000160
почтеннее 1,866287 0,000376
почти 0,024303 0,000029
появление 1,125925 0,000227
прав 0,769377 0,000155
правда 0,162996 0,000099
правдоподобия 1,866287 0,000376
правительству 2,167317 0,000437
право 0,361137 0,000073
праздник 1,468347 0,000296
практическом 1,866287 0,000376
превосходный 1,565257 0,000316
пред 0,033778 0,000014
предает 2,167317 0,000437
предела 1,565257 0,000316
предложением 1,389166 0,000280
предмет 0,936868 0,000189
предмета 1,690196 0,000341
председателем 1,468347 0,000296
председатель 1,167317 0,000235
председателя 1,389166 0,000280
представьте 0,720159 0,000145
предстоящем 1,690196 0,000341
предшествовавшим 2,167317 0,000437
прежде 0,077412 0,000047
презрением 0,866287 0,000175
премило 1,690196 0,000341
препровождение 2,167317 0,000437
прерывать 1,565257 0,000316
пресекся 1,389166 0,000280
преследовать 1,565257 0,000316
преступник 1,053374 0,000425
преступника 1,021189 0,000412
преувеличенье 2,167317 0,000874
прехладнокровно 2,167317 0,000874
прибавил 0,275223 0,000111
прибавьте 1,389166 0,000280
прибегал 1,866287 0,000376
приближаясь 1,866287 0,000376
приближьтесь 2,167317 0,000437
приведет 1,565257 0,000632
привел 0,991226 0,000200
приветливо 1,468347 0,000296
привольнее 2,167317 0,000437
привстав 1,468347 0,000296
привычки 1,690196 0,000341
приготовленной 2,167317 0,000437
приду 0,675956 0,000136
приехал 0,554533 0,000447
прижизненно 0,000000 0,000000
признает 1,322219 0,000267
прикоснулся 1,565257 0,000316
примеру 1,565257 0,000316
примирил 2,167317 0,000437
принесу 1,213075 0,000245
принимал 1,088136 0,000220
принимая 1,167317 0,000235
принуждения 2,167317 0,000437
принял 0,565257 0,000114
припадке 0,824895 0,000166
припоминая 1,125925 0,000227
прислать 1,389166 0,000280
пристал 1,389166 0,000280
пристально 0,389166 0,000079
присутствие 1,322219 0,000267
присядьте 1,690196 0,000341
притом 0,769377 0,000310
приторен 2,167317 0,000437
притянул 1,866287 0,000376
прихода 1,213075 0,000245
причины 0,752344 0,000152
пришел 0,322219 0,000130
пришли 0,704919 0,000427
приятельских 2,167317 0,000437
приятно 0,805589 0,000163
проб 1,866287 0,000376
проба 2,167317 0,000437
пробормотал 0,334808 0,000270
пробраться 2,167317 0,000437
пробы 1,690196 0,001023
пробыл 1,088136 0,000220
проговорил 0,154480 0,000031
программирование 0,000000 0,000000
продолжал 0,292256 0,000118
продолжение 0,912045 0,000368
прождал 2,167317 0,000437
прожигал 2,167317 0,000437
произведение 0,000000 0,000000
произведений 0,000000 0,000000
произведения 0,000000 0,000000
происшествием 2,167317 0,000437
пройтись 1,690196 0,000341
проказы 2,167317 0,000437
проклято 2,167317 0,002623
прокляты 1,690196 0,000341
прокричал 0,720159 0,000145
промышленно 2,167317 0,000437
промышленности 1,866287 0,000376
пропитать 2,167317 0,000437
проповедует 1,866287 0,000376
пропуская 2,167317 0,000437
просвещение 1,866287 0,000376
просим 1,322219 0,000267
прославить 2,167317 0,000437
прослышав 2,167317 0,000437
просто 0,232819 0,000188
простодушнее 1,690196 0,000341
простоять 1,690196 0,000341
противников 1,866287 0,000753
противной 2,167317 0,000437
протянувшись 1,565257 0,000316
протянул 0,675956 0,000136
протянулся 1,690196 0,000341
проходя 1,167317 0,000235
прочего 1,690196 0,000341
прочим 0,662167 0,000134
прочь 0,866287 0,000175
прошедших 2,167317 0,000874
прошептал 0,675956 0,000273
прошло 0,000000 0,000000
прошлое 1,690196 0,000341
прямо 0,118099 0,000048
прямой 1,125925 0,000227
психологическое 1,690196 0,000341
птицын 0,824895 0,000832
птицыну 1,468347 0,000296
публикации 0,000000 0,000000
пугайте 1,690196 0,000341
пуговицу 2,167317 0,000437
пункт 1,264227 0,000255
пунктах 1,565257 0,000316
пустынником 2,167317 0,000437
пусть 0,253503 0,000102
путей 2,167317 0,000874
пьют 1,866287 0,000376
пьян 0,824895 0,000166
пятнадцать 0,936868 0,000189
пять 0,275223 0,000056
работа 1,565257 0,000316
равно 0,303994 0,000123
равновесию 2,167317 0,000437
радостное 1,322219 0,000267
раза 0,426955 0,000086
разберем 2,167317 0,000437
развалинам 2,167317 0,000437
разве 0,146128 0,000118
развертывал 1,468347 0,000296
разгадка 1,690196 0,000682
разговаривали 1,690196 0,000341
разговор 0,434924 0,000088
разговоре 0,963197 0,000389
разговору 1,125925 0,000227
разгорячившегося 2,167317 0,000437
разгорячившийся 1,866287 0,000376
разгорячился 1,468347 0,000296
раздались 1,167317 0,000235
разделяющий 2,167317 0,000437
раздражен 1,125925 0,000227
раздражения 1,468347 0,000296
разевавшая 1,866287 0,000376
размягчилось 2,167317 0,000437
разойдется 2,167317 0,000437
разойдутся 1,690196 0,000682
разом 0,389166 0,000079
разрешения 0,000000 0,000000
разрушения 1,866287 0,000376
разумеется 0,328468 0,000199
разъезжающий 2,167317 0,000437
раскаивается 1,690196 0,001023
раскаяться 1,690196 0,000341
раскрасневшийся 1,866287 0,000376
раскрасневшуюся 2,167317 0,000437
расположился 1,468347 0,000296
распорядиться 1,264227 0,000255
расправить 2,167317 0,000437
распространившихся 1,866287 0,000376
рассвет 2,167317 0,000437
рассвета 1,322219 0,000267
рассеян 1,125925 0,000227
рассказать 0,623249 0,000126
рассмеялся 0,805589 0,000163
рассудил 1,125925 0,000454
рассудительно 1,690196 0,000341
рассуждаю 1,866287 0,000376
рассуждают 1,690196 0,000341
рассуждая 1,565257 0,000316
рассчитывал 0,963197 0,000194
расчет 0,991226 0,000200
редкий 1,866287 0,000376
редко 0,690196 0,000139
редкостью 2,167317 0,000437
резко 0,648803 0,000131
религиозный 2,167317 0,000437
речах 1,565257 0,000316
речи 0,769377 0,000155
речью 1,565257 0,000316
решался 1,213075 0,000245
решили 1,053374 0,000213
решился 0,554533 0,000112
решите 1,565257 0,000316
решительно 0,341243 0,000069
решительном 1,213075 0,000245
рогами 2,167317 0,000874
рогожин 0,704919 0,000284
рогожину 1,053374 0,000213
рогожиным 0,936868 0,000189
рождении 2,167317 0,000437
рождения 0,888564 0,000717
рука 1,053374 0,000213
руками 0,280827 0,000057
руки 0,167317 0,000101
руку 0,222835 0,000270
русская 0,000000 0,000000
рыцарских 1,866287 0,000376
рядом 0,690196 0,000418
садитесь 1,088136 0,000220
сайте 0,000000 0,000000
сами 0,142011 0,000029
самого 0,118099 0,000024
самое 0,167317 0,000034
самой 0,258832 0,000052
самом 0,114239 0,000023
самому 0,426955 0,000172
саморазрушения 2,167317 0,000874
самосохранении 2,167317 0,000437
самосохранения 1,690196 0,001364
самую 0,459747 0,000093
самых 0,468347 0,000283
сбежались 1,866287 0,000376
сбивает 2,167317 0,000437
сбить 1,565257 0,000316
сверкавших 1,690196 0,000341
свет 0,468347 0,000094
света 0,845098 0,000170
светский 1,468347 0,000296
светских 1,322219 0,001067
светского 1,468347 0,000296
светскую 1,866287 0,000376
свистни 2,167317 0,000437
свободно 0,000000 0,000000
свободного 1,468347 0,000296
свое 0,150284 0,000061
своего 0,091770 0,000074
своей 0,066947 0,000095
своем 0,198834 0,000080
свои 0,146128 0,000059
своим 0,208276 0,000084
свой 0,189594 0,000038
связующей 2,167317 0,000874
связующую 2,167317 0,000437
себе 0,033778 0,000034
себя 0,005949 0,000016
сегодня 0,000000 0,000000
седая 1,690196 0,000341
сейчас 0,070407 0,000043
секрет 0,787106 0,000318
секрете 1,213075 0,000245
семейство 0,936868 0,000189
семеновича 1,690196 0,000341
семидесяти 0,000000 0,000000
сердечной 1,866287 0,000376
сердца 0,334808 0,000068
сердце 0,171682 0,000069
серебряные 1,389166 0,000280
серьезно 0,419129 0,000085
серьезностию 1,866287 0,000753
сестра 0,824895 0,000166
сетью 2,167317 0,000874
сжал 1,167317 0,000235
сидевшему 1,690196 0,000341
сидел 0,322219 0,000130
сидеть 0,662167 0,000134
сидящий 2,167317 0,000437
силе 1,213075 0,000245
силы 0,514105 0,000207
сильнейшая 1,866287 0,000376
сильнейшее 1,389166 0,000280
сильно 0,292256 0,000059
сильны 1,565257 0,000316
скажите 0,576253 0,000116
скажу 0,275223 0,000056
сказал 0,099131 0,000100
сказали 0,544068 0,000110
сказать 0,073896 0,000119
скалам 1,866287 0,000376
скалить 2,167317 0,000437
сквозь 0,936868 0,000189
склонах 2,167317 0,000437
склонялись 2,167317 0,000437
сколько 0,280827 0,000113
скорее 0,514105 0,000207
скоро 0,298086 0,000060
скудной 2,167317 0,000437
славной 1,866287 0,000376
сладок 2,167317 0,000437
следующей 1,690196 0,000341
следующем 2,167317 0,000437
слишком 0,133894 0,000270
слова 0,129891 0,000079
словами 0,805589 0,000163
слово 0,232819 0,000047
словом 0,367977 0,000074
случае 0,248239 0,000100
случаях 0,599116 0,000121
случилось 0,403889 0,000081
слушавший 1,565257 0,000316
слушал 0,576253 0,000116
слушала 1,213075 0,000245
слушателей 1,264227 0,000255
слушателям 1,690196 0,000341
слушая 0,991226 0,000200
слыхали 1,322219 0,000267
слышал 0,389166 0,000157
смеетесь 1,021189 0,000412
смеется 0,611015 0,000123
смех 0,704919 0,000427
смеха 1,088136 0,000220
смешлив 1,866287 0,000376
смею 1,053374 0,000213
смеющуюся 2,167317 0,000437
смеялись 0,752344 0,000304
смеялся 0,576253 0,000116
смотреть 0,477121 0,000096
смотрите 0,805589 0,000163
смысле 0,752344 0,000152
снисхожу 2,167317 0,000437
собирался 1,264227 0,000510
собой 0,253503 0,000102
собою 0,347773 0,000070
собрались 1,125925 0,000454
собралось 1,389166 0,000280
собрался 1,565257 0,000316
собрание 0,000000 0,000000
собственно 0,565257 0,000342
собственное 0,888564 0,000179
собственных 0,991226 0,000200
совершенно 0,180546 0,000073
совести 0,690196 0,000278
совестливый 2,167317 0,000437
советник 1,565257 0,000316
совпадало 1,866287 0,000376
современная 1,866287 0,000753
совсем 0,021189 0,000013
согласен 0,648803 0,000131
согласия 0,000000 0,000000
содержать 1,322219 0,000267
сожалением 1,322219 0,000267
сойдемся 1,866287 0,000376
сойти 1,389166 0,000280
солидарности 2,167317 0,000874
солнца 0,936868 0,000378
солнце 0,845098 0,000511
сомнения 0,523865 0,000211
сообщения 1,565257 0,000632
сопровождал 1,866287 0,000376
сопровождая 1,690196 0,000341
соседними 2,167317 0,000437
составился 1,866287 0,000376
состояние 0,805589 0,000163
состоянии 0,459747 0,000093
сохраняя 1,690196 0,000682
сочинений 0,000000 0,000000
сошел 0,787106 0,000159
спал 0,690196 0,000139
спанье 2,167317 0,000437
спасете 1,565257 0,000316
спать 0,635838 0,000385
спешат 1,866287 0,000376
спокойнее 1,389166 0,000280
спокойствия 1,264227 0,000510
спор 1,213075 0,000245
споривших 2,167317 0,000437
спорила 1,866287 0,000376
спором 2,167317 0,000437
споры 1,690196 0,000682
спорю 1,468347 0,000592
способностей 1,167317 0,000235
справедлив 1,690196 0,000341
справедливости 1,389166 0,000280
справился 1,866287 0,000376
спрашивается 1,866287 0,000376
спрашивал 0,769377 0,000155
спрашивать 0,752344 0,000152
спросил 0,222835 0,000090
спросить 0,495219 0,000200
спрятался 1,322219 0,000533
сравнительно 1,088136 0,000878
среди 0,769377 0,000310
сряду 0,991226 0,000200
стал 0,125925 0,000025
стали 0,322219 0,000065
стало 0,091770 0,000056
становился 0,824895 0,000166
становится 0,991226 0,000400
старинную 2,167317 0,000437
старости 1,322219 0,000267
старых 1,322219 0,000267
статистическая 2,167317 0,000437
степени 0,389166 0,000314
стихах 1,125925 0,000227
стола 0,675956 0,000545
столетием 2,167317 0,000437
столетии 1,468347 0,000296
столетия 1,264227 0,001020
столетиями 2,167317 0,000437
столетиях 2,167317 0,000437
столом 0,735954 0,000148
столу 0,752344 0,000304
столько 0,477121 0,000096
стороне 0,805589 0,000163
стороны 0,185046 0,000149
стоявший 1,088136 0,000220
стоял 0,309985 0,000063
стоящего 1,690196 0,000341
странно 0,354404 0,000071
странных 1,389166 0,000280
страхом 0,912045 0,000184
страшная 0,805589 0,000163
страшно 0,434924 0,000088
страшными 1,468347 0,000296
стрелку 1,866287 0,000376
стремглав 1,213075 0,000245
строго 0,576253 0,000116
стук 1,322219 0,000267
стул 0,648803 0,000131
стуле 0,805589 0,000163
ступайте 1,213075 0,000245
стучат 1,690196 0,000341
сундуке 1,565257 0,000316
сурово 1,088136 0,000220
схватили 1,264227 0,000255
счастия 1,088136 0,000220
счастливее 1,468347 0,000296
счастливого 1,468347 0,000296
счастливой 1,468347 0,000296
счастливый 1,866287 0,000753
счастье 0,787106 0,000159
съеденного 2,167317 0,000437
съеденных 2,167317 0,000437
съедобное 2,167317 0,000437
съел 1,322219 0,000800
съесть 1,690196 0,000341
сюда 0,232819 0,000047
такая 0,309985 0,000063
также 0,000000 0,000000
таки 0,066947 0,000054
такие 0,232819 0,000094
таким 0,243038 0,000049
такими 0,690196 0,000139
таких 0,243038 0,000147
такое 0,114239 0,000046
такой 0,077412 0,000062
таком 0,309985 0,000063
такою 0,690196 0,000278
текст 0,000000 0,000000
телег 2,167317 0,000437
телегам 2,167317 0,000437
телеги 1,565257 0,000632
тема 1,264227 0,000510
теперь 0,015029 0,000042
терентьев 1,389166 0,000280
террасе 1,213075 0,000734
террасу 1,125925 0,000681
тогда 0,050046 0,000050
тогдашнего 1,322219 0,000267
тогдашнее 1,565257 0,000316
тогдашнему 1,866287 0,000376
того 0,005949 0,000007
тоже 0,043466 0,000044
толкал 1,866287 0,000376
толкнул 1,389166 0,000280
толкователя 2,167317 0,000437
толпу 1,468347 0,000296
только 0,002964 0,000015
томах 0,000000 0,000000
тому 0,095435 0,000096
тона 1,213075 0,000245
торжествующем 2,167317 0,000437
торопившейся 2,167317 0,000437
торопились 1,866287 0,000376
торопитесь 1,866287 0,000376
торопясь 1,021189 0,000206
торопятся 2,167317 0,000437
тотчас 0,046743 0,000038
точкой 2,167317 0,000437
точно 0,121994 0,000123
точности 0,866287 0,000175
точную 2,167317 0,000437
третий 0,544068 0,000110
третья 0,486076 0,000196
тридцать 0,769377 0,000155
тропинками 2,167317 0,000437
туда 0,495219 0,000200
тунеядцев 1,690196 0,000341
тщеславие 1,565257 0,000316
тщеславием 1,690196 0,000341
тщеславии 2,167317 0,000437
убегу 1,468347 0,000296
убежден 0,752344 0,000152
убеждение 0,824895 0,000166
уведомляю 2,167317 0,000437
увеличивался 2,167317 0,000437
увидев 0,866287 0,000350
увидел 0,648803 0,000131
увидеть 1,125925 0,000227
увидите 0,769377 0,000155
увидят 1,264227 0,000255
углу 0,599116 0,000363
уговор 1,866287 0,000376
угощение 1,690196 0,000341
угрызения 1,264227 0,000255
угрызениям 2,167317 0,000437
угрызениями 1,690196 0,000341
удается 1,565257 0,000316
удалившийся 1,866287 0,000376
удачными 2,167317 0,000437
удививший 2,167317 0,000437
удивился 0,635838 0,000128
удивительнее 1,690196 0,000341
удивительно 0,866287 0,000175
удивлением 0,523865 0,000423
удивляется 1,690196 0,000341
удивляюсь 0,912045 0,000184
удовлетворения 1,389166 0,000280
удовлетворите 1,866287 0,000376
удовлетворить 1,565257 0,000316
удовлетворяя 2,167317 0,000437
удовольствием 0,704919 0,000142
удовольствия 0,991226 0,000200
удостоивая 1,565257 0,000316
ужасная 1,088136 0,000220
ужасно 0,167317 0,000236
ужасные 1,468347 0,000296
узнайте 1,690196 0,000341
узнал 0,381987 0,000231
уйти 0,787106 0,000159
укромное 1,866287 0,000376
улыбался 1,213075 0,000245
улыбаясь 0,805589 0,000163
улыбнулся 0,533849 0,000108
уменьшался 2,167317 0,000437
уменьшить 1,866287 0,000376
умереть 0,936868 0,000189
умертвил 2,167317 0,000437
умершим 0,000000 0,000000
умеющего 2,167317 0,000437
умирали 1,565257 0,000316
умолкавшие 2,167317 0,000437
умрет 0,824895 0,000166
упавшая 2,167317 0,000437
упоении 1,264227 0,000255
упоминается 2,167317 0,000437
упорством 1,565257 0,000316
упрели 2,167317 0,000874
упрело 2,167317 0,000437
усаживайтесь 2,167317 0,000437
усилением 1,690196 0,000341
усилился 1,565257 0,000316
усмехаться 1,690196 0,000341
усмешкой 0,963197 0,000194
успели 0,912045 0,000184
успокоить 1,264227 0,000255
успокоиться 1,053374 0,000213
устоять 1,690196 0,000341
устроил 1,389166 0,000280
устроить 1,053374 0,000213
утверждают 1,322219 0,000267
утрам 1,690196 0,000341
ухватил 1,866287 0,000376
уходит 0,888564 0,000179
уходить 0,845098 0,000341
участие 0,888564 0,000179
ученые 1,690196 0,000682
ученым 1,690196 0,000341
фактов 0,991226 0,000400
федор 0,000000 0,000000
фердыщенка 1,322219 0,000533
фигуру 1,866287 0,000376
физиономии 1,322219 0,000267
финал 1,468347 0,000592
формой 2,167317 0,000437
французская 1,690196 0,000341
хвостом 1,322219 0,000267
хлеб 1,389166 0,000841
хлопочет 1,690196 0,000341
ходу 1,468347 0,000296
хорошо 0,189594 0,000038
хотел 0,158717 0,000160
хотите 0,419129 0,000085
хоть 0,060107 0,000073
хотя 0,050046 0,000081
хотят 0,735954 0,000148
хохотала 1,468347 0,000296
хохотали 1,565257 0,000316
хохотать 1,866287 0,000376
хочет 0,322219 0,000195
художественным 2,167317 0,000437
целая 0,845098 0,000170
цели 0,662167 0,000134
целом 0,866287 0,000350
целый 0,486076 0,000098
целью 0,824895 0,000499
церемонии 1,125925 0,000454
церковного 1,866287 0,000376
цифирной 2,167317 0,000437
цифра 2,167317 0,001749
цифре 2,167317 0,000437
цифру 2,167317 0,000437
часа 0,000000 0,000000
часов 0,411442 0,000166
часто 0,292256 0,000118
частые 1,690196 0,000341
часть 0,002964 0,000002
часы 0,805589 0,000325
чаще 0,866287 0,000350
чего 0,040213 0,000008
человек 0,036984 0,000037
человека 0,154480 0,000062
человечества 1,264227 0,002550
человечестве 1,322219 0,000800
человечество 1,088136 0,000878
человечеством 2,167317 0,000437
человечеству 1,264227 0,001020
чему 0,341243 0,000138
через 0,258832 0,000052
черном 1,167317 0,000235
честнее 1,468347 0,000296
четверть 0,888564 0,000179
четырех 0,888564 0,000179
числа 1,389166 0,000280
число 0,000000 0,000000
читаем 0,000000 0,000000
читать 0,000000 0,000000
члены 1,213075 0,000245
чрез 0,275223 0,000056
чрезвычайно 0,217927 0,000088
чрезвычайное 0,735954 0,000148
чрезвычайном 0,824895 0,000166
чрезвычайною 0,991226 0,000200
чрезвычайным 0,720159 0,000145
чтоб 0,073896 0,000060
чтобы 0,030597 0,000043
чувства 0,495219 0,000100
чувство 0,611015 0,000247
чувствовал 0,635838 0,000128
чувствует 0,866287 0,000175
чувствуя 1,167317 0,000235
чумы 1,866287 0,000376
чуть 0,176091 0,000142
чьего 0,000000 0,000000
шагу 1,021189 0,000206
шампанского 0,991226 0,000800
шампанское 1,264227 0,000255
шампанском 2,167317 0,000437
шатостию 2,167317 0,000437
швейцарские 2,167317 0,000437
шенапан 2,167317 0,000437
шесть 0,611015 0,000863
шестьдесят 1,167317 0,001413
шляпу 0,912045 0,000184
шпигующая 2,167317 0,000437
штук 1,468347 0,000296
шумно 1,565257 0,000632
шумное 2,167317 0,000437
шумном 2,167317 0,000437
шумны 2,167317 0,000437
шутил 1,690196 0,000341
шутки 1,053374 0,000213
эгоизма 1,565257 0,000316
экзамен 1,565257 0,000316
экстренном 2,167317 0,000437
экстренных 2,167317 0,000437
этак 0,690196 0,000139
этим 0,189594 0,000076
этими 0,635838 0,000128
этого 0,053374 0,000054
этой 0,118099 0,000071
этом 0,046743 0,000047
этому 0,322219 0,000065
этот 0,011981 0,000027
этою 0,599116 0,000363
эфтот 2,167317 0,000437
юридическое 1,866287 0,000376
явился 0,623249 0,000126
являлась 1,565257 0,000316
явною 1,565257 0,000316
язва 2,167317 0,000437
ярко 1,125925 0,000227
ясно 0,354404 0,000071
