автор 0,000000 0,000000
авторитетом 1,866287 0,000612
автором 0,000000 0,000000
авторского 0,000000 0,000000
авторы 0,000000 0,000000
аглае 0,866287 0,000284
аглаей 1,053374 0,000346
аглаи 0,991226 0,000325
аглаю 0,912045 0,000299
аглая 0,720159 0,001654
аделаида 0,845098 0,001109
александра 0,845098 0,000555
алексей 0,000000 0,000000
алексея 0,000000 0,000000
анненкова 2,167317 0,000711
антип 1,565257 0,000514
антипом 2,167317 0,000711
ардалионович 0,805589 0,001057
ардалионовича 0,963197 0,000316
ардалионовичу 1,125925 0,000369
аффектацией 2,167317 0,000711
аффектацию 2,167317 0,000711
аффектированную 2,167317 0,000711
балладе 2,167317 0,000711
балладу 1,866287 0,000612
баллады 1,866287 0,000612
батюшка 0,675956 0,000222
бедно 1,389166 0,000456
бедного 0,845098 0,000277
бедном 1,468347 0,000963
бедный 0,824895 0,000541
безграничность 2,167317 0,000711
безмолвный 1,866287 0,000612
безумец 1,866287 0,000612
белокурый 1,690196 0,000555
бельем 1,565257 0,000514
беспокоила 2,167317 0,000711
беспокоилась 1,866287 0,000612
беспокоить 1,167317 0,000383
беспокойство 0,936868 0,000307
беспокойством 0,888564 0,000292
бесполезных 2,167317 0,000711
беспрерывно 0,623249 0,000204
беспрерывной 1,690196 0,000555
бессмысленности 2,167317 0,000711
библиотека 0,000000 0,000000
битву 2,167317 0,000711
благоговением 1,468347 0,000963
благороднейших 1,866287 0,000612
благородное 1,213075 0,000398
бледно 1,125925 0,000369
бледный 0,888564 0,000292
блестящим 1,866287 0,000612
ближайшей 1,866287 0,000612
блистали 1,468347 0,000482
бодрости 1,866287 0,000612
боже 0,459747 0,000151
боксер 1,565257 0,000514
более 0,000000 0,000000
болезнь 0,704919 0,000231
большее 1,690196 0,000555
большим 0,704919 0,000231
больших 0,991226 0,000325
большого 0,769377 0,000252
боялись 1,125925 0,000369
бранятся 1,565257 0,000514
брат 0,303994 0,000100
бродила 1,690196 0,000555
буде 1,866287 0,000612
будет 0,077412 0,000025
будто 0,099131 0,000098
букв 1,866287 0,000612
буквы 1,468347 0,002409
бурдовский 1,167317 0,000383
бурдовским 1,565257 0,000514
бывшим 1,468347 0,000482
была 0,046743 0,000061
были 0,099131 0,000130
было 0,000000 0,000000
быстро 0,232819 0,000076
быть 0,002964 0,000009
важно 0,675956 0,000222
важное 0,845098 0,000277
важности 1,264227 0,000415
важность 1,565257 0,000514
валяются 2,167317 0,000711
вами 0,232819 0,000076
ваше 0,434924 0,000143
вашего 0,443041 0,000291
вашей 0,504560 0,000166
ваши 0,434924 0,000143
вашим 0,587534 0,000193
вашими 1,322219 0,000434
ввернула 2,167317 0,000711
вдохновения 1,565257 0,000514
вдруг 0,005949 0,000002
ведь 0,043466 0,000057
вежливости 1,322219 0,000434
велел 0,752344 0,000247
великосветским 2,167317 0,000711
вера 0,769377 0,000505
вере 1,021189 0,000335
верен 1,389166 0,000456
верить 0,635838 0,000209
веру 0,845098 0,000277
верьте 0,824895 0,000271
весело 0,648803 0,000213
весьма 0,243038 0,000080
вещах 1,322219 0,000434
взаимные 2,167317 0,000711
взглядом 0,504560 0,000331
взял 0,269690 0,000088
взяла 0,824895 0,000271
вида 1,213075 0,000398
виденье 2,167317 0,000711
видеть 0,381987 0,000125
видимо 0,328468 0,000108
видна 1,690196 0,000555
видом 0,389166 0,000255
виду 0,544068 0,000357
визгливым 1,690196 0,000555
визиты 0,000000 0,000000
владимир 2,167317 0,000711
вместе 0,208276 0,000137
вместо 0,411442 0,000135
внимание 0,704919 0,000231
военное 2,167317 0,000711
военный 1,213075 0,000398
возбуждение 1,866287 0,000612
возвещал 2,167317 0,000711
возвратясь 1,322219 0,000434
вознаграждения 0,000000 0,000000
вознегодовал 1,866287 0,000612
войдут 1,690196 0,001109
волнением 1,088136 0,000714
волнении 0,675956 0,000222
волнения 0,991226 0,000325
вопроса 0,704919 0,000231
вопросительно 1,167317 0,000383
вопросом 1,053374 0,000346
вопросы 0,599116 0,000197
восемнадцати 1,468347 0,000482
восемь 0,824895 0,000271
воскликнула 0,845098 0,000555
восклицал 0,845098 0,000277
восторга 0,720159 0,000236
восьми 1,125925 0,000369
вошедшего 1,322219 0,000434
вошли 0,720159 0,000236
вошло 1,468347 0,000482
вперед 0,426955 0,000140
впечатления 1,021189 0,000335
впечатленье 2,167317 0,000711
впоследствии 0,662167 0,000217
впрочем 0,118099 0,000155
врезалось 2,167317 0,000711
времен 1,264227 0,000415
времени 0,269690 0,000177
время 0,043466 0,000071
врешь 1,167317 0,000383
всегда 0,129891 0,000043
всего 0,040213 0,000026
всей 0,248239 0,000081
всем 0,070407 0,000023
всеми 0,434924 0,000143
всеобщее 1,322219 0,001301
всех 0,060107 0,000118
вскричал 0,292256 0,000096
вскричала 0,866287 0,000284
вслед 0,523865 0,000172
вслух 0,533849 0,000175
встретил 0,769377 0,000252
всякого 0,514105 0,000169
всяком 0,544068 0,000536
вторая 0,514105 0,000337
вторых 0,720159 0,000236
входе 1,322219 0,000434
входившим 2,167317 0,000711
выбиваясь 2,167317 0,000711
выговаривая 1,264227 0,000415
выдать 1,125925 0,000369
выдумал 0,888564 0,000292
выжидая 1,468347 0,000482
вызывающим 1,866287 0,000612
вынимая 2,167317 0,000711
выплаты 0,000000 0,000000
выражается 1,389166 0,000456
выражалось 1,468347 0,000482
выражением 1,125925 0,000369
выразиться 1,021189 0,000335
выскочил 1,125925 0,000369
высокий 0,991226 0,000325
высокого 0,991226 0,000325
выступила 1,866287 0,000612
высшею 1,468347 0,000482
выхватывая 1,866287 0,000612
выходило 0,991226 0,000650
выходка 1,468347 0,000482
выходки 1,167317 0,000383
вышел 0,275223 0,000090
вышла 0,495219 0,000162
гаврила 0,824895 0,000812
гавриле 1,125925 0,000369
гармонировало 2,167317 0,000711
генерал 0,554533 0,001092
генерала 0,662167 0,000869
генералом 0,991226 0,000325
генералу 1,021189 0,000335
генеральша 1,021189 0,000670
глаз 0,554533 0,000182
глаза 0,129891 0,000128
глубоко 0,611015 0,000401
глядела 1,125925 0,000369
гнусная 2,167317 0,000711
говорил 0,095435 0,000282
говорили 0,374926 0,000123
говорит 0,189594 0,000187
говорить 0,162996 0,000053
говорю 0,203530 0,000067
говорят 0,309985 0,000203
головой 0,533849 0,000175
голос 0,533849 0,000175
голосов 1,322219 0,000434
голосом 0,396465 0,000130
гораздо 0,443041 0,000145
горели 1,389166 0,000456
город 0,523865 0,000516
горские 2,167317 0,000711
горько 0,690196 0,000226
горячился 1,468347 0,000482
горячность 2,167317 0,000711
горячо 0,544068 0,000179
господа 0,389166 0,000128
гостей 0,752344 0,000494
гостем 1,389166 0,000456
гости 0,769377 0,000757
гостя 1,021189 0,000335
гостям 1,264227 0,000415
готов 0,544068 0,000357
границу 0,991226 0,000325
гроба 1,322219 0,000434
гром 1,213075 0,000398
громкий 1,565257 0,000514
громко 0,504560 0,000166
грустно 0,735954 0,000241
губах 1,053374 0,000346
дававший 1,866287 0,000612
давеча 0,232819 0,000076
давно 0,158717 0,000208
давным 1,565257 0,000514
даже 0,005949 0,000031
дальний 1,690196 0,000555
дальше 0,002964 0,000003
даниловы 2,167317 0,000711
данные 0,000000 0,000000
дать 0,623249 0,000204
двадцати 0,675956 0,000444
дверь 0,367977 0,000121
двух 0,264227 0,000173
девятый 2,167317 0,000711
действительно 0,106619 0,000035
декламировали 2,167317 0,000711
дела 0,309985 0,000102
делает 0,805589 0,000264
деле 0,162996 0,000160
дело 0,063514 0,000125
деловые 1,866287 0,000612
делом 0,845098 0,000555
делу 0,468347 0,000154
держит 1,468347 0,000482
доброте 1,167317 0,000383
доверху 2,167317 0,000711
довольный 1,565257 0,000514
доказано 1,690196 0,000555
докторенко 1,565257 0,001027
долго 0,222835 0,000073
долой 1,213075 0,000398
донельзя 1,866287 0,000612
допускает 1,690196 0,000555
допущу 2,167317 0,000711
дороге 0,611015 0,000200
дорогой 0,565257 0,000185
достоевский 0,000000 0,000000
достоинство 1,322219 0,000434
достояние 0,000000 0,000000
доходившее 2,167317 0,000711
дочери 0,787106 0,000775
дочь 0,587534 0,000193
друг 0,269690 0,000265
друга 0,419129 0,000275
другая 0,648803 0,000213
другие 0,389166 0,000128
другое 0,309985 0,000102
другу 0,752344 0,000494
другую 0,495219 0,000162
дружбы 1,468347 0,000482
дружески 0,991226 0,000325
думаете 0,504560 0,000166
думал 0,258832 0,000085
думаю 0,328468 0,000108
дурой 1,866287 0,000612
духа 0,787106 0,000258
духом 0,866287 0,000284
душою 1,690196 0,000555
дыхание 1,565257 0,000514
евгений 0,866287 0,002558
евгения 0,963197 0,001896
едва 0,554533 0,000182
епанчин 1,167317 0,000383
если 0,011981 0,000031
есть 0,018098 0,000006
жадно 1,053374 0,000346
жалею 1,264227 0,000415
жгут 1,866287 0,000612
ждали 0,720159 0,000236
ждут 0,936868 0,000307
желавшего 2,167317 0,000711
желая 0,662167 0,000434
желт 1,866287 0,000612
желтый 1,866287 0,000612
желтым 1,866287 0,000612
женщин 0,888564 0,000292
жестом 1,389166 0,000456
жилеткой 2,167317 0,000711
жирною 2,167317 0,000711
жить 0,451314 0,000148
журнальной 2,167317 0,000711
забылись 2,167317 0,000711
завидев 1,322219 0,000434
завтра 0,298086 0,000098
заглянули 1,866287 0,000612
заговорят 1,468347 0,000482
задача 1,088136 0,000357
задиравшим 2,167317 0,000711
заинтересовать 1,690196 0,000555
заклад 0,845098 0,000277
заключалось 1,264227 0,000415
заключен 1,690196 0,000555
замарать 1,866287 0,000612
замасленным 2,167317 0,000711
заметил 0,154480 0,000101
заметила 0,787106 0,000516
заметная 2,167317 0,000711
замечал 1,021189 0,000335
замечая 1,213075 0,000398
замок 1,088136 0,000357
занимал 1,213075 0,000398
заперты 1,322219 0,000434
запинаясь 1,690196 0,001109
заранее 0,576253 0,000378
засаленными 2,167317 0,000711
засиделись 2,167317 0,000711
заслышался 2,167317 0,000711
застегнутою 2,167317 0,000711
затаенный 2,167317 0,000711
захватил 0,936868 0,000307
захотела 1,021189 0,000335
захочет 0,888564 0,000292
захочется 1,389166 0,000456
зацеремонились 2,167317 0,000711
зачем 0,146128 0,000048
заявляют 2,167317 0,000711
здесь 0,095435 0,000063
здоров 1,167317 0,000383
здоровался 1,866287 0,000612
зеркального 2,167317 0,000711
злобною 1,264227 0,000415
злобную 1,866287 0,000612
знавший 1,565257 0,000514
знает 0,171682 0,000056
знак 1,167317 0,000383
знакомства 0,991226 0,000325
знать 0,328468 0,000216
значит 0,243038 0,000080
знаю 0,095435 0,000063
иван 0,303994 0,000399
иваном 0,845098 0,000277
иволгин 0,991226 0,000325
иволгина 1,213075 0,000796
идет 0,514105 0,000169
идиот 0,443041 0,000581
известный 1,053374 0,000346
извините 0,735954 0,000241
изгладились 2,167317 0,000711
издали 1,053374 0,000691
издание 2,167317 0,000711
изумил 1,866287 0,000612
изумлению 1,565257 0,000514
имел 0,347773 0,000228
именно 0,066947 0,000044
именуя 2,167317 0,000711
имею 0,565257 0,000185
иначе 0,367977 0,000121
иногда 0,208276 0,000068
иностранец 1,565257 0,000514
интересам 1,866287 0,000612
интересно 1,213075 0,000398
интересов 1,565257 0,000514
интересовался 1,264227 0,000415
интересоваться 1,468347 0,000482
ипполит 0,675956 0,000887
ипполитом 1,213075 0,000398
иронии 1,690196 0,000555
искать 0,769377 0,000252
искреннего 1,468347 0,000482
искренно 0,523865 0,000344
использоваться 0,000000 0,000000
испортила 1,866287 0,000612
истинное 1,468347 0,000482
истинном 1,866287 0,000612
история 0,845098 0,000277
источник 0,000000 0,000000
исчезнувшим 2,167317 0,000711
каждое 0,963197 0,000948
каждый 0,367977 0,000121
кажется 0,118099 0,000077
казалось 0,316059 0,000104
какая 0,194189 0,000064
какие 0,232819 0,000229
каким 0,194189 0,000064
какими 0,888564 0,000292
какого 0,347773 0,000228
какое 0,227798 0,000075
какой 0,095435 0,000125
какою 0,599116 0,000197
качестве 1,088136 0,000357
кашлял 2,167317 0,000711
келлер 0,991226 0,000325
кивнул 1,053374 0,000346
клевещете 2,167317 0,000711
книгами 1,565257 0,000514
книге 1,322219 0,000434
книги 0,000000 0,000000
книжек 2,167317 0,000711
книжки 1,565257 0,001027
князем 0,704919 0,000231
князь 0,477121 0,003444
князю 0,504560 0,000828
князя 0,468347 0,000922
когда 0,015029 0,000010
колесами 2,167317 0,001422
коли 0,269690 0,000088
коля 0,565257 0,000927
комаров 0,000000 0,000000
комнат 1,053374 0,000346
комнате 0,389166 0,000128
компании 0,845098 0,000277
кому 0,341243 0,000112
конечно 0,060107 0,000059
конце 0,611015 0,000200
кончилась 1,264227 0,000415
кончилось 0,845098 0,000277
косвенно 1,322219 0,000434
косноязычный 1,866287 0,000612
костюма 2,167317 0,000711
которая 0,361137 0,000118
которое 0,426955 0,000140
котором 0,347773 0,000342
которою 0,805589 0,000529
которые 0,189594 0,000062
который 0,110412 0,000072
которым 0,389166 0,000128
крайней 0,298086 0,000196
красноречия 1,690196 0,000555
красными 1,565257 0,001027
красных 1,565257 0,000514
кресла 1,125925 0,000369
креслах 1,125925 0,000369
кривляйся 2,167317 0,000711
кривлялся 2,167317 0,000711
критических 2,167317 0,000711
кричит 0,805589 0,000264
крови 0,662167 0,000217
кровью 0,845098 0,000277
кроме 0,158717 0,000052
кругом 0,419129 0,000138
куда 0,248239 0,000081
купить 1,021189 0,000335
куража 2,167317 0,000711
лавки 1,264227 0,000415
лебедев 0,735954 0,001207
лебедева 0,752344 0,000740
левою 1,565257 0,000514
легкая 1,565257 0,000514
легкомысленная 1,866287 0,000612
либо 0,000000 0,000000
лизавета 0,662167 0,001738
лизаветой 1,264227 0,000415
литература 0,000000 0,000000
литературных 1,866287 0,000612
литературой 2,167317 0,000711
лица 0,322219 0,000317
лице 0,403889 0,000133
лицом 0,000000 0,000000
лицу 0,587534 0,000386
личное 1,167317 0,000383
ломать 1,468347 0,000482
лоску 1,866287 0,000612
лучше 0,162996 0,000160
любезно 1,088136 0,000357
любовью 0,824895 0,000271
любопытно 0,845098 0,000555
любопытства 0,912045 0,000299
любопытством 0,459747 0,000151
любым 0,000000 0,000000
людей 0,298086 0,000098
людям 0,720159 0,000236
малейшей 1,021189 0,000670
махал 1,468347 0,000482
махнула 1,690196 0,000555
между 0,129891 0,000256
мелочей 1,866287 0,000612
меня 0,027438 0,000018
мере 0,269690 0,000177
мерещилось 1,167317 0,000383
мерки 1,866287 0,000612
место 0,334808 0,000110
месяц 0,451314 0,000148
месяцев 0,866287 0,000284
мечте 1,468347 0,000482
милости 1,167317 0,000383
минуту 0,084532 0,000111
мнению 0,845098 0,000277
мнительность 1,866287 0,000612
многие 0,468347 0,000154
много 0,080958 0,000080
могло 0,403889 0,000133
может 0,000000 0,000000
можно 0,088136 0,000231
молвить 1,690196 0,000555
молоденький 1,468347 0,000482
молоденьких 2,167317 0,000711
молодой 0,381987 0,000376
молодых 0,912045 0,000299
молчали 1,088136 0,000357
молчаливый 1,213075 0,000398
молчать 1,088136 0,000357
момента 0,000000 0,000000
мусульман 2,167317 0,000711
мучился 1,053374 0,000346
мучительная 1,866287 0,000612
мчались 2,167317 0,000711
мысль 0,264227 0,000173
наблюдавшего 2,167317 0,000711
наверно 0,264227 0,000173
навязал 1,690196 0,000555
надеясь 1,322219 0,000434
надо 0,036984 0,000024
надобности 1,264227 0,000415
надобность 1,866287 0,000612
надуешь 2,167317 0,000711
назад 0,000000 0,000000
название 0,000000 0,000000
наивность 1,468347 0,000482
наивною 2,167317 0,000711
найти 0,000000 0,000000
наконец 0,073896 0,000048
намека 1,322219 0,000434
намекает 1,468347 0,000482
намерена 1,125925 0,000369
намерению 2,167317 0,000711
напечатано 1,690196 0,000555
напирания 2,167317 0,000711
написано 0,000000 0,000000
напрасно 0,805589 0,000264
например 0,298086 0,000293
напротив 0,180546 0,000178
напыщенность 2,167317 0,000711
народ 0,735954 0,000483
насмешка 1,389166 0,000456
насмешки 1,053374 0,000346
насмешкой 1,264227 0,000415
насмешку 1,213075 0,000398
насмешливая 1,565257 0,000514
насмешливо 0,787106 0,000258
насчет 0,354404 0,000116
наука 0,000000 0,000000
нахальным 1,866287 0,000612
нахмурились 1,866287 0,000612
нахмурился 0,991226 0,000325
начали 0,735954 0,000241
началу 1,690196 0,000555
начертал 1,690196 0,000555
наши 0,544068 0,000179
небес 1,565257 0,000514
небось 0,912045 0,000299
невинно 1,468347 0,000482
невинною 1,468347 0,000482
него 0,000000 0,000000
негодование 1,021189 0,000335
недель 0,991226 0,000325
недоумением 1,088136 0,000714
недоумении 0,805589 0,000264
незапамятных 2,167317 0,000711
нездоровы 1,690196 0,000555
неизвестна 2,167317 0,000711
неизменною 2,167317 0,000711
некоторое 0,486076 0,000159
неловкое 2,167317 0,000711
нельзя 0,176091 0,000173
нему 0,080958 0,000027
немытыми 2,167317 0,000711
необходимости 1,322219 0,000434
необыкновенно 0,805589 0,000529
неожиданно 0,523865 0,000172
непостижное 2,167317 0,000711
непременно 0,133894 0,000088
неприлично 0,824895 0,000541
неприятное 1,167317 0,000383
неразрешимым 2,167317 0,000711
неряшливо 2,167317 0,000711
несерьезно 1,565257 0,000514
несколькими 1,690196 0,000555
несколько 0,102859 0,000169
несовершеннолетний 1,866287 0,000612
нетерпеливо 0,936868 0,000307
нетерпение 1,389166 0,000456
нечто 0,389166 0,000128
нибудь 0,030597 0,000110
нигилизма 1,866287 0,000612
нигилистов 1,866287 0,000612
нигилисты 2,167317 0,002133
низкого 1,468347 0,000482
никак 0,396465 0,000130
никакой 0,635838 0,000209
николаевич 0,805589 0,000793
николай 0,845098 0,000277
николая 1,088136 0,000357
ними 0,275223 0,000181
ничего 0,030597 0,000010
новая 0,787106 0,000258
нового 0,735954 0,000241
новом 1,213075 0,000398
новые 1,088136 0,000714
новым 0,991226 0,000325
новыми 1,213075 0,000398
новых 0,963197 0,000316
нравится 0,991226 0,000325
нравственном 1,866287 0,000612
обиженным 1,213075 0,000398
облокотясь 2,167317 0,000711
обозрений 2,167317 0,000711
обратилась 0,888564 0,001166
обращаясь 0,675956 0,000222
общественное 0,000000 0,000000
общим 1,468347 0,000482
объехать 2,167317 0,000711
оглядела 1,565257 0,000514
оглядывая 1,389166 0,000912
оглянулась 1,866287 0,000612
огорчил 2,167317 0,000711
одетый 1,264227 0,000415
один 0,046743 0,000031
одна 0,185046 0,000061
однако 0,102859 0,000067
одним 0,286504 0,000094
одно 0,099131 0,000098
одного 0,150284 0,000049
одной 0,243038 0,000080
одному 0,334808 0,000220
одною 0,787106 0,000258
одобряю 1,565257 0,000514
ожидаемого 1,866287 0,000612
ожидание 1,264227 0,000415
окажется 1,125925 0,000369
оказалось 0,486076 0,000159
окончите 2,167317 0,000711
опоздали 1,322219 0,000434
оправдала 2,167317 0,000711
оправдать 1,088136 0,000357
опубликовано 0,000000 0,000000
опустился 1,167317 0,000383
опять 0,027438 0,000018
ослышка 2,167317 0,000711
особенно 0,129891 0,000170
особенное 0,888564 0,000583
особенною 1,264227 0,000415
особенные 1,389166 0,000456
особенным 0,912045 0,000299
оставалось 0,991226 0,000325
оставляя 1,565257 0,000514
остался 0,523865 0,000172
остальные 0,704919 0,000463
остальными 1,866287 0,000612
остальных 1,167317 0,000766
останавливаться 1,468347 0,000482
остановила 1,322219 0,000434
остановились 1,053374 0,000346
остановят 1,866287 0,000612
остроумия 1,690196 0,000555
ответ 0,533849 0,000175
ответил 0,237898 0,000156
отворотилась 2,167317 0,000711
отворять 1,565257 0,000514
отношении 1,125925 0,000369
отозвалась 1,468347 0,000482
отрекомендовавшись 2,167317 0,000711
отрекомендовался 1,565257 0,000514
отретироваться 1,690196 0,000555
отрицателей 2,167317 0,000711
отставке 1,322219 0,000868
отставной 1,088136 0,000714
отцу 0,565257 0,000185
отчасти 0,611015 0,000601
отчетливо 1,690196 0,000555
оформление 0,000000 0,000000
очень 0,024303 0,000080
ошибаются 1,565257 0,000514
ошибка 1,021189 0,000335
павлищева 1,264227 0,002903
павлович 0,419129 0,001238
павловича 0,451314 0,000740
павлыча 1,468347 0,000482
паладины 2,167317 0,000711
палестины 2,167317 0,000711
папаша 1,088136 0,000714
партикулярным 2,167317 0,000711
первое 0,565257 0,000371
первоначальную 2,167317 0,000711
первую 0,805589 0,000264
первым 0,769377 0,000505
первых 0,367977 0,000121
перебивая 2,167317 0,000711
перебил 0,635838 0,000209
перегоняя 2,167317 0,000711
передать 0,690196 0,000226
передачей 2,167317 0,000711
перекричать 1,565257 0,000514
переложили 1,866287 0,000612
перемене 2,167317 0,000711
переменился 1,468347 0,000482
переменить 1,264227 0,000415
переплетенными 2,167317 0,000711
перетерпеть 2,167317 0,000711
перешло 0,000000 0,000000
персон 1,866287 0,000612
петербурге 0,690196 0,000453
печальный 1,565257 0,000514
платье 0,704919 0,000694
племянник 1,264227 0,001659
плеч 1,389166 0,000456
плеча 1,866287 0,000612
побежал 0,623249 0,000204
побиться 1,866287 0,000612
повелительным 1,690196 0,000555
поверить 0,824895 0,000271
поглядела 1,053374 0,000346
поглядеть 1,088136 0,000714
поговорю 2,167317 0,000711
подавая 1,468347 0,000482
подайте 2,167317 0,000711
подал 0,752344 0,000247
подарок 1,322219 0,000868
подборка 0,000000 0,000000
подведено 2,167317 0,000711
подвернулся 1,690196 0,000555
поддержки 1,389166 0,000456
поди 1,125925 0,000369
подивиться 1,690196 0,000555
подмены 2,167317 0,000711
поднести 2,167317 0,000711
подношу 2,167317 0,000711
поднявшихся 2,167317 0,000711
подтвердил 0,690196 0,000226
подумал 0,334808 0,000330
подумать 0,704919 0,000463
подхватил 0,533849 0,000175
подходя 1,088136 0,000714
подымал 1,322219 0,000434
поездом 1,322219 0,000868
пожали 1,690196 0,000555
пожалуй 0,237898 0,000078
пожалуйста 0,662167 0,000217
пожалуйте 1,264227 0,000415
позволила 1,468347 0,000482
позволите 1,213075 0,000398
поздно 0,735954 0,001207
позови 1,866287 0,000612
покажу 0,991226 0,000325
показалось 0,495219 0,000325
показать 0,720159 0,000236
показывать 1,021189 0,000335
поклон 0,936868 0,000307
полное 0,845098 0,000277
полным 1,088136 0,000357
положение 0,866287 0,000284
положении 0,704919 0,000231
положила 1,468347 0,000482
полон 1,690196 0,000555
поместья 2,167317 0,000711
помочь 0,912045 0,000299
понаслышке 1,468347 0,000482
понимавший 1,866287 0,000612
понимает 0,720159 0,000236
понимаешь 0,769377 0,000252
понравилось 0,936868 0,000307
понял 0,396465 0,000520
поняла 0,787106 0,000258
поняли 0,769377 0,000252
поправили 2,167317 0,000711
поражала 1,565257 0,000514
порога 1,690196 0,000555
поручик 1,213075 0,000796
поручил 1,389166 0,000456
поры 1,468347 0,000482
посетителей 0,000000 0,000000
посетители 0,000000 0,000000
поскорее 0,486076 0,000159
послать 0,963197 0,000316
последний 0,403889 0,000133
последним 1,053374 0,000346
последних 0,866287 0,000284
последствие 1,690196 0,000555
посмел 1,125925 0,000369
посмертно 0,000000 0,000000
постоянно 0,824895 0,000541
посылать 1,565257 0,001027
потеряешь 2,167317 0,000711
потолкуем 2,167317 0,000711
потом 0,084532 0,000111
потому 0,024303 0,000008
потребности 1,264227 0,000415
поцелуй 1,264227 0,000415
почти 0,024303 0,000032
почтительности 1,389166 0,000456
почтительностью 2,167317 0,000711
пошли 0,735954 0,000241
поэтического 2,167317 0,000711
право 0,361137 0,000118
правом 1,389166 0,000456
превосходительства 1,322219 0,000434
превосходительство 1,213075 0,000398
превосходно 1,125925 0,000369
преградами 2,167317 0,000711
пред 0,033778 0,000033
преднамеренная 2,167317 0,000711
предположил 1,565257 0,000514
предрассудков 1,468347 0,000482
представлял 1,389166 0,000456
прежде 0,077412 0,000051
прекрасно 0,735954 0,000483
прекрасное 0,991226 0,000325
прекрасному 1,866287 0,000612
прекрасным 1,690196 0,000555
прелесть 1,322219 0,000434
преначитанный 1,866287 0,000612
прерывали 1,866287 0,000612
претензия 1,866287 0,000612
прибавил 0,275223 0,000090
прибавила 0,690196 0,000679
привел 0,991226 0,000325
привстал 1,264227 0,000415
пригодиться 1,565257 0,000514
приготовились 1,866287 0,000612
придем 1,866287 0,000612
придумала 1,866287 0,000612
прижизненно 0,000000 0,000000
прикрыла 1,866287 0,000612
приличнее 1,264227 0,000415
принять 0,523865 0,000172
припадке 0,824895 0,000271
припоминал 0,936868 0,000307
припоминая 1,125925 0,000369
прислушивался 1,264227 0,000415
пристально 0,389166 0,000255
присылай 1,866287 0,000612
причины 0,752344 0,000247
пришли 0,704919 0,000231
пришлось 0,769377 0,000252
пробормотал 0,334808 0,000110
пробуду 1,866287 0,000612
провизжал 1,866287 0,000612
провозгласил 0,991226 0,000325
проговаривала 2,167317 0,000711
проговорил 0,154480 0,000051
программирование 0,000000 0,000000
продаешь 2,167317 0,000711
продать 1,389166 0,000456
продолжавшееся 1,866287 0,000612
продолжал 0,292256 0,000096
продолжала 0,720159 0,000236
продолжая 1,021189 0,000335
прожужжали 2,167317 0,000711
произведение 0,000000 0,000000
произведений 0,000000 0,000000
произведения 0,000000 0,000000
производило 1,866287 0,000612
произнесены 2,167317 0,000711
произнесла 0,936868 0,000307
произнести 1,322219 0,000434
произносила 2,167317 0,000711
происхождения 1,565257 0,000514
происшедшей 2,167317 0,000711
прокофьевна 0,752344 0,001975
прокофьевной 1,322219 0,000434
променял 1,866287 0,000612
проникновением 1,866287 0,000612
просителям 1,866287 0,000612
проскользнул 1,565257 0,000514
простой 1,088136 0,000357
простотой 1,866287 0,001225
протестовал 1,690196 0,000555
прочим 0,662167 0,000217
прочла 1,125925 0,001478
прошла 0,845098 0,000277
прошло 0,000000 0,000000
прямо 0,118099 0,000077
прямой 1,125925 0,000369
прямым 1,690196 0,000555
птицын 0,824895 0,000541
публикации 0,000000 0,000000
пустить 1,468347 0,000963
пустынях 2,167317 0,000711
путем 1,565257 0,000514
пушкин 1,565257 0,001541
пушкина 1,322219 0,001735
пушкиным 2,167317 0,000711
пятна 1,389166 0,000456
пятнадцати 1,167317 0,000383
пятый 1,213075 0,000398
пять 0,275223 0,000090
равенством 1,866287 0,000612
рада 0,866287 0,000284
радомский 1,866287 0,001225
радомского 1,866287 0,001225
раза 0,426955 0,000280
разговор 0,434924 0,000428
разговоров 1,264227 0,000415
разгоряченный 1,866287 0,000612
раздраженным 1,866287 0,000612
разобрали 1,866287 0,000612
разобрать 1,264227 0,000415
разрешения 0,000000 0,000000
распадения 2,167317 0,000711
рассадил 2,167317 0,000711
расселись 1,866287 0,000612
расспрашивали 1,690196 0,000555
растеряй 2,167317 0,000711
растрепанные 2,167317 0,000711
расчетом 1,565257 0,000514
резкая 1,866287 0,000612
рекомендовался 2,167317 0,000711
рельефнее 2,167317 0,000711
репутацией 1,690196 0,000555
рефлексии 2,167317 0,000711
речи 0,769377 0,000252
решетки 1,866287 0,000612
решился 0,554533 0,000182
рогожинской 1,565257 0,000514
родственник 1,125925 0,000369
роза 1,690196 0,000555
роль 1,125925 0,000369
россии 0,623249 0,000204
роста 0,936868 0,000307
рукавами 1,866287 0,000612
руками 0,280827 0,000184
руках 0,396465 0,000130
руки 0,167317 0,000055
рукой 0,486076 0,000159
руку 0,222835 0,000146
русская 0,000000 0,000000
русского 0,936868 0,000307
рыцаре 1,866287 0,001225
рыцарь 1,213075 0,000796
рыцаря 1,468347 0,000482
рьян 2,167317 0,000711
сайте 0,000000 0,000000
сами 0,142011 0,000140
самое 0,167317 0,000055
самом 0,114239 0,000037
самые 0,381987 0,000251
сбивало 2,167317 0,000711
сведущий 2,167317 0,000711
сверкали 1,167317 0,000383
свет 0,468347 0,000154
свете 0,426955 0,000280
светских 1,322219 0,000434
свидетельством 1,690196 0,000555
свидетелям 1,690196 0,000555
свидетелями 1,565257 0,000514
свободно 0,000000 0,000000
своего 0,091770 0,000030
своей 0,066947 0,000022
своею 0,443041 0,000145
свои 0,146128 0,000048
своим 0,208276 0,000068
свой 0,189594 0,000062
свою 0,073896 0,000097
святая 1,468347 0,000482
сгорев 2,167317 0,000711
сделаешься 1,866287 0,000612
сделался 1,389166 0,000456
себе 0,033778 0,000033
себя 0,005949 0,000016
сегодня 0,000000 0,000000
сейчас 0,070407 0,000115
семейный 1,322219 0,000434
семидесяти 0,000000 0,000000
семнадцати 1,322219 0,000434
сердца 0,334808 0,000110
сердце 0,171682 0,000056
серьезностию 1,866287 0,000612
серьезностью 1,866287 0,001225
серьезных 1,690196 0,000555
сидя 0,845098 0,000277
сильнейшем 1,468347 0,000482
сильно 0,292256 0,000096
сильное 0,991226 0,000325
сильной 1,468347 0,000482
сиятельнейший 1,389166 0,000456
скажете 1,088136 0,000357
сказала 0,486076 0,000319
сказать 0,073896 0,000024
скалам 1,866287 0,000612
скатанным 2,167317 0,000711
скелет 1,866287 0,000612
сколько 0,280827 0,000092
сконфузились 1,565257 0,000514
сконфузить 1,690196 0,000555
сконфузятся 2,167317 0,000711
скорее 0,514105 0,000169
скоро 0,298086 0,000098
скромно 1,053374 0,000346
сладостной 2,167317 0,000711
следовал 1,468347 0,000482
следы 1,322219 0,000434
слишком 0,133894 0,000220
слова 0,129891 0,000085
слово 0,232819 0,000229
случае 0,248239 0,000244
случаи 1,125925 0,000369
случаю 0,936868 0,000307
слушал 0,576253 0,000189
слушателей 1,264227 0,000415
слушать 0,735954 0,000483
слушаются 2,167317 0,000711
слышал 0,389166 0,000638
слышала 0,845098 0,000277
слышали 0,611015 0,000200
смелости 1,565257 0,000514
смелый 1,690196 0,000555
смешном 1,866287 0,000612
смеялись 0,752344 0,000247
смеялся 0,576253 0,000189
смолчали 2,167317 0,000711
смотрел 0,298086 0,000098
смотрели 0,769377 0,000252
смотреть 0,477121 0,000157
смотря 0,322219 0,000106
смущении 0,963197 0,000632
смысл 0,991226 0,000650
смыслом 1,690196 0,000555
снесешь 2,167317 0,000711
снеси 1,565257 0,000514
снова 0,565257 0,000185
собрание 0,000000 0,000000
собственно 0,565257 0,000185
собственный 1,167317 0,000383
собственным 0,963197 0,000316
собственных 0,991226 0,000325
совершенно 0,180546 0,000178
совершенным 1,389166 0,000456
совестно 1,167317 0,000383
советовал 1,468347 0,000482
советовали 1,866287 0,000612
совсем 0,021189 0,000042
согласия 0,000000 0,000000
соединить 1,468347 0,000482
сомневался 1,264227 0,000415
сомневаться 1,389166 0,000456
сопровождавший 2,167317 0,000711
сопровождавшим 2,167317 0,000711
сопровождает 1,690196 0,000555
сопровождал 1,866287 0,000612
сопровождалось 2,167317 0,000711
сочинений 0,000000 0,000000
спасибо 0,866287 0,000284
спинку 1,690196 0,000555
спокойно 0,648803 0,000213
спорил 1,389166 0,000456
спрашивал 0,769377 0,000252
спрашивать 0,752344 0,000247
спросил 0,222835 0,000146
спросите 1,125925 0,000369
сравнить 1,866287 0,000612
срам 1,213075 0,000398
срама 1,866287 0,000612
средину 1,468347 0,000482
стало 0,091770 0,000060
стальной 1,866287 0,000612
старались 1,866287 0,000612
старался 1,125925 0,000369
статейке 2,167317 0,000711
степени 0,389166 0,000128
стихи 1,125925 0,001108
стихов 1,264227 0,001244
стоит 0,316059 0,000415
столько 0,477121 0,000157
стороны 0,185046 0,000121
стояла 0,623249 0,000204
стоят 0,912045 0,000299
странная 0,824895 0,000271
странно 0,354404 0,000116
странной 1,322219 0,000434
строго 0,576253 0,000189
стройный 1,866287 0,000612
стул 0,648803 0,000213
стулья 1,565257 0,000514
стульях 1,389166 0,000456
ступай 0,735954 0,000241
стыдите 1,866287 0,000612
сударыня 1,213075 0,000398
судорога 1,565257 0,000514
сумрачный 2,167317 0,000711
супруги 1,021189 0,000335
сцене 1,213075 0,000398
считается 1,389166 0,000456
считать 0,720159 0,000236
сына 0,576253 0,000189
сюда 0,232819 0,000153
сюртуке 1,167317 0,000383
сядем 1,866287 0,000612
такая 0,309985 0,000102
также 0,000000 0,000000
таки 0,066947 0,000066
такие 0,232819 0,000076
таким 0,243038 0,000319
такое 0,114239 0,000075
такой 0,077412 0,000076
таком 0,309985 0,000102
такою 0,690196 0,001132
такую 0,334808 0,000110
твердил 1,565257 0,000514
твои 0,787106 0,000258
тебе 0,203530 0,000134
тебя 0,198834 0,000130
текст 0,000000 0,000000
теперь 0,015029 0,000039
терентьев 1,389166 0,000456
террасу 1,125925 0,000369
террасы 1,167317 0,000383
терять 1,125925 0,000369
тобой 0,419129 0,000138
того 0,005949 0,000004
тоже 0,043466 0,000043
только 0,002964 0,000024
тома 2,167317 0,000711
томах 0,000000 0,000000
тому 0,095435 0,000094
торжества 1,389166 0,000456
торжественно 0,888564 0,000583
торопясь 1,021189 0,000670
тотчас 0,046743 0,000061
точно 0,121994 0,000080
трех 0,374926 0,000123
тридцати 1,021189 0,000335
трясся 1,690196 0,000555
тупое 2,167317 0,000711
тысячи 0,426955 0,000140
тяжелое 1,389166 0,000456
уважения 0,963197 0,000316
уведу 1,866287 0,000612
уверяю 0,648803 0,000213
увлекла 2,167317 0,000711
угадал 1,125925 0,000369
угадывалось 2,167317 0,000711
уговаривают 2,167317 0,000711
уговором 2,167317 0,000711
угреватым 1,866287 0,000612
угроза 2,167317 0,000711
удивил 1,264227 0,000415
удивилась 1,264227 0,000415
удивились 1,690196 0,000555
удивился 0,635838 0,000209
удивление 1,021189 0,000335
удивлением 0,523865 0,000172
удобном 1,690196 0,000555
удовольствие 0,866287 0,000284
ужасно 0,167317 0,000055
ужасные 1,468347 0,000482
узнал 0,381987 0,000501
узнать 0,374926 0,000123
укокошить 1,690196 0,000555
улыбаясь 0,805589 0,000264
улыбка 0,936868 0,000307
улыбкой 0,468347 0,000154
улыбнулся 0,533849 0,000175
умер 0,662167 0,000434
умершим 0,000000 0,000000
умным 1,021189 0,000670
упоение 2,167317 0,000711
упоении 1,264227 0,000415
упорно 0,866287 0,000284
уронить 2,167317 0,000711
усиленную 2,167317 0,000711
усмехался 1,690196 0,000555
усмешки 1,565257 0,000514
успел 0,354404 0,000116
успело 1,866287 0,000612
устал 1,322219 0,000434
утолить 1,389166 0,000456
ученый 1,088136 0,000357
ушли 1,021189 0,000335
уязвило 2,167317 0,000711
фамильный 2,167317 0,000711
федор 0,000000 0,000000
федора 0,554533 0,000182
федорович 0,253503 0,000333
федоровичем 0,704919 0,000231
формата 1,468347 0,000482
фразами 2,167317 0,000711
фуражки 1,565257 0,000514
хвалясь 2,167317 0,000711
хватились 1,866287 0,000612
хорошенько 1,264227 0,000415
хорошо 0,189594 0,000124
хотел 0,158717 0,000156
хотела 0,648803 0,000213
хотелось 0,381987 0,000125
хоть 0,060107 0,000079
хотя 0,050046 0,000049
хотят 0,735954 0,000241
хочется 0,704919 0,000231
хочу 0,243038 0,000159
хрипом 1,866287 0,000612
худощавый 1,866287 0,000612
целковых 1,213075 0,000398
целыми 2,167317 0,000711
цену 1,468347 0,000963
церемонии 1,125925 0,000369
часа 0,000000 0,000000
части 1,389166 0,000456
часть 0,002964 0,000002
часу 0,720159 0,000236
часы 0,805589 0,000264
чахотка 1,264227 0,000415
чего 0,040213 0,000040
человек 0,036984 0,000049
человека 0,154480 0,000101
черным 1,389166 0,000456
черных 1,213075 0,000398
четки 1,866287 0,000612
четыре 0,477121 0,000313
четырех 0,888564 0,000292
числе 0,912045 0,000598
числилось 1,866287 0,000612
число 0,000000 0,000000
чистою 1,866287 0,000612
читаем 0,000000 0,000000
читалось 1,690196 0,000555
читателям 1,866287 0,000612
читать 0,000000 0,000000
чрез 0,275223 0,000090
чрезвычайно 0,217927 0,000071
чрезвычайном 0,824895 0,000541
чтение 1,389166 0,000912
чтения 1,468347 0,001927
чтоб 0,073896 0,000024
чтобы 0,030597 0,000050
чувств 0,704919 0,000231
чувства 0,495219 0,000162
чувство 0,611015 0,000200
чувствовалось 1,690196 0,000555
чувствовать 1,125925 0,000369
чудовищную 2,167317 0,000711
чуть 0,176091 0,000173
чьего 0,000000 0,000000
шагнул 1,125925 0,000369
шарабан 2,167317 0,000711
шарабаном 2,167317 0,000711
шарфа 1,565257 0,000514
шарфом 2,167317 0,000711
шелковым 1,565257 0,000514
шепотом 0,675956 0,000222
шляпу 0,912045 0,000299
штатское 2,167317 0,002133
шуметь 2,167317 0,000711
шутка 1,053374 0,000346
шутки 1,053374 0,000346
шутливым 2,167317 0,000711
щади 1,866287 0,000612
щеках 1,167317 0,000383
щите 1,866287 0,000612
экая 1,468347 0,000482
этим 0,189594 0,000124
этих 0,213075 0,000070
этой 0,118099 0,000116
этом 0,046743 0,000046
этому 0,322219 0,000106
этот 0,011981 0,000008
юность 1,468347 0,000482
явно 1,088136 0,000714
явною 1,565257 0,000514
ясно 0,354404 0,000349
