автор 0,000000 0,000000
автором 0,000000 0,000000
авторского 0,000000 0,000000
авторы 0,000000 0,000000
алексей 0,000000 0,000000
алексея 0,000000 0,000000
арестуйте 2,167317 0,000780
безмерному 1,690196 0,000608
безмолвно 1,322219 0,000476
белье 1,021189 0,001102
беспокойтесь 0,805589 0,000580
бессвязно 1,167317 0,000420
бессилии 1,213075 0,000436
библиотека 0,000000 0,000000
благородным 1,565257 0,000563
ближе 0,752344 0,000271
богаче 1,866287 0,000671
бока 1,866287 0,000671
более 0,000000 0,000000
больше 0,137934 0,000149
большие 0,720159 0,000259
больших 0,991226 0,000357
большой 0,495219 0,000178
борисовичем 1,565257 0,000563
бормотал 0,720159 0,000259
братья 0,176091 0,000253
бредит 1,389166 0,000500
бреду 0,912045 0,000328
бросив 1,264227 0,000455
будет 0,077412 0,000028
бумаги 1,021189 0,000367
была 0,046743 0,000017
были 0,099131 0,000143
было 0,000000 0,000000
быть 0,002964 0,000004
важно 0,675956 0,000486
важное 0,845098 0,000304
валялся 1,468347 0,000528
вами 0,232819 0,000167
васильев 2,167317 0,000780
васильева 1,690196 0,000608
ваше 0,434924 0,000313
вашего 0,443041 0,000637
вашей 0,504560 0,000544
вашему 0,576253 0,000207
ваши 0,434924 0,000156
ваших 0,554533 0,000598
вашу 0,504560 0,000181
ввернул 0,991226 0,000357
ввернуто 2,167317 0,000780
ввернутый 2,167317 0,000780
ввиду 1,088136 0,000391
вдруг 0,005949 0,000028
вдумчиво 1,389166 0,000500
ведь 0,043466 0,000047
вежливости 1,322219 0,000476
велел 0,752344 0,000271
великая 0,912045 0,000328
верить 0,635838 0,000457
верно 0,523865 0,000188
вернувшись 2,167317 0,000780
верящим 2,167317 0,000780
весь 0,099131 0,000036
вещественных 1,866287 0,001343
вещи 0,735954 0,000265
вещь 0,720159 0,000259
взгляд 0,396465 0,000143
вздор 0,599116 0,000431
взял 0,269690 0,000097
взять 0,533849 0,000384
видал 0,623249 0,000224
видах 1,167317 0,000420
виде 0,434924 0,000156
видел 0,248239 0,000089
видели 0,495219 0,000178
видеть 0,381987 0,000275
видим 1,264227 0,000455
видимому 0,648803 0,000233
видите 0,396465 0,000285
виднелись 1,468347 0,000528
видно 0,504560 0,000181
видом 0,389166 0,000140
видывал 1,213075 0,000436
видящим 2,167317 0,000780
вижу 0,286504 0,000103
визиты 0,000000 0,000000
вилять 1,690196 0,000608
винить 1,468347 0,000528
виноватым 1,389166 0,000500
виновен 0,912045 0,000328
вместе 0,208276 0,000075
внезапный 1,690196 0,000608
вниз 0,752344 0,000271
вникните 1,866287 0,000671
внимание 0,704919 0,000254
внутрь 1,866287 0,002014
внушили 2,167317 0,001559
внушительно 0,963197 0,000346
вовремя 1,167317 0,000420
вовсе 0,150284 0,000108
возвращался 1,565257 0,000563
вознаграждения 0,000000 0,000000
возьми 0,704919 0,000254
возясь 1,866287 0,000671
войдя 0,735954 0,000265
войти 0,675956 0,000243
волнении 0,675956 0,000243
вопрос 0,222835 0,000080
вором 1,264227 0,000455
воротился 0,599116 0,000216
воротнику 2,167317 0,000780
воскликнул 0,309985 0,000223
восклицал 0,845098 0,000304
восхода 2,167317 0,000780
вошел 0,403889 0,000145
вошли 0,720159 0,000259
вполголоса 0,888564 0,000320
вполне 0,316059 0,000114
впоследствии 0,662167 0,000238
впредь 0,752344 0,000271
время 0,043466 0,000063
всего 0,040213 0,000014
всей 0,248239 0,000089
всем 0,070407 0,000076
всех 0,060107 0,000022
вскипел 1,389166 0,000500
вскочил 0,587534 0,000211
вскрикнул 0,936868 0,000337
вскричал 0,292256 0,000105
всякое 0,912045 0,000328
второй 0,704919 0,000254
входил 1,053374 0,000379
выбегал 1,866287 0,000671
выбегали 2,167317 0,000780
выбежали 1,690196 0,000608
выбежать 2,167317 0,000780
выворотить 2,167317 0,000780
выйдут 1,468347 0,000528
выйдя 0,963197 0,000346
выйти 0,587534 0,000211
выложил 1,690196 0,000608
вынес 1,053374 0,000379
вынесли 1,468347 0,000528
выплаты 0,000000 0,000000
выпучил 1,690196 0,000608
высокомерное 1,565257 0,000563
выставить 1,088136 0,000391
высшей 0,544068 0,000196
выходя 0,936868 0,000337
выше 0,720159 0,000259
вышел 0,275223 0,000297
гадко 1,468347 0,000528
галлюцинация 1,866287 0,000671
главное 0,189594 0,000341
глаз 0,554533 0,000199
глаза 0,129891 0,000047
глазами 0,403889 0,000291
глядеть 0,720159 0,000259
глядя 0,611015 0,000220
говорил 0,095435 0,000034
говорит 0,189594 0,000136
говорить 0,162996 0,000059
голого 2,167317 0,000780
голоском 1,213075 0,000436
голые 1,690196 0,000608
голым 2,167317 0,001559
гораздо 0,443041 0,000159
гордости 0,805589 0,000290
горохового 2,167317 0,000780
горячась 1,468347 0,000528
господа 0,389166 0,000280
господин 0,514105 0,000370
господину 1,053374 0,000379
григорием 1,468347 0,000528
григорий 0,720159 0,000518
григория 0,845098 0,000608
гриденкой 2,167317 0,000780
гриденку 2,167317 0,000780
грозно 0,888564 0,000320
груб 1,468347 0,000528
грубый 1,866287 0,000671
грязное 2,167317 0,000780
давайте 1,167317 0,000840
давало 2,167317 0,000780
давеча 0,232819 0,000084
даже 0,005949 0,000017
далее 0,648803 0,000233
дальше 0,002964 0,000001
данную 1,866287 0,000671
данные 0,000000 0,000000
двадцать 0,411442 0,000148
двери 0,599116 0,000862
дверь 0,367977 0,001059
дверью 1,167317 0,000420
дверях 0,991226 0,000357
двигался 1,690196 0,000608
девятая 1,167317 0,000840
действительно 0,106619 0,000153
деле 0,162996 0,000117
дело 0,063514 0,000023
денег 0,309985 0,000335
деньги 0,280827 0,000202
десять 0,374926 0,000135
длинноваты 2,167317 0,000780
дмитрий 0,468347 0,000842
дмитрия 0,599116 0,000216
довольно 0,129891 0,000047
довольный 1,565257 0,000563
дожидаясь 1,866287 0,000671
доказательств 1,866287 0,001343
долго 0,222835 0,000240
долгом 1,565257 0,000563
должен 0,258832 0,000093
должно 0,286504 0,000103
должны 0,576253 0,000207
допросу 1,565257 0,000563
достоевский 0,000000 0,000000
достояние 0,000000 0,000000
друг 0,269690 0,000097
другим 0,533849 0,000192
другой 0,146128 0,000053
другу 0,752344 0,000271
дрянь 1,264227 0,000455
думавши 1,866287 0,000671
думаете 0,504560 0,000181
души 0,523865 0,000188
душу 0,451314 0,000162
дымчатый 2,167317 0,000780
ездил 0,866287 0,000312
если 0,011981 0,000030
есть 0,018098 0,000013
жалованье 1,264227 0,000455
жаром 0,587534 0,000211
ждал 0,495219 0,000178
жертвует 2,167317 0,000780
жизни 0,222835 0,000080
жизнь 0,162996 0,000059
жилета 1,866287 0,000671
жилочками 2,167317 0,000780
забора 1,264227 0,000455
забормотал 1,468347 0,000528
заботливое 2,167317 0,000780
забываете 2,167317 0,000780
завернулся 2,167317 0,000780
завернуться 2,167317 0,000780
завопил 0,787106 0,000283
заворчал 2,167317 0,000780
заглянуть 1,322219 0,000476
загнувшийся 2,167317 0,000780
задумчивости 0,991226 0,000357
задыхался 0,912045 0,000656
заинтересовались 1,690196 0,000608
заключает 1,565257 0,000563
закричал 0,599116 0,000431
закрыть 1,690196 0,000608
залитый 2,167317 0,000780
заложили 1,866287 0,000671
заметив 0,936868 0,000674
заметил 0,154480 0,000333
замолчал 1,021189 0,001102
замолчали 1,468347 0,000528
замолчать 1,690196 0,000608
занавеской 1,565257 0,000563
занавеску 1,690196 0,000608
запачкал 2,167317 0,000780
запачканное 1,866287 0,000671
заперта 1,565257 0,000563
запертою 1,866287 0,000671
записали 1,565257 0,000563
заприметив 2,167317 0,000780
запросто 1,125925 0,000405
заскорузлые 2,167317 0,000780
заскрежетал 1,866287 0,000671
заслышав 1,389166 0,000500
засохшие 2,167317 0,000780
застегнуться 2,167317 0,000780
зачем 0,146128 0,000053
зашиты 1,690196 0,000608
зашить 1,690196 0,000608
заявил 0,912045 0,000328
заявили 1,565257 0,000563
здесь 0,095435 0,000069
злобы 0,824895 0,000593
знаете 0,286504 0,000103
знайте 0,866287 0,000312
знаки 1,125925 0,000810
знаков 1,565257 0,001126
знаком 0,936868 0,000337
знал 0,114239 0,000288
знали 0,426955 0,000307
зовите 2,167317 0,000780
зубами 1,125925 0,000405
извольте 0,963197 0,000346
именно 0,066947 0,000144
имеют 1,389166 0,000999
иногда 0,208276 0,000075
интересах 1,565257 0,000563
ипполит 0,675956 0,000243
искреннее 1,125925 0,000405
использоваться 0,000000 0,000000
исступлении 0,735954 0,000529
источник 0,000000 0,000000
истребил 1,866287 0,000671
истязательно 2,167317 0,000780
исчезло 1,389166 0,000500
казалось 0,316059 0,000114
казните 1,690196 0,000608
какая 0,194189 0,000070
каким 0,194189 0,000070
каково 0,991226 0,000357
какое 0,227798 0,000082
какой 0,095435 0,000069
калганов 1,053374 0,000758
калганова 1,322219 0,000476
калганову 1,690196 0,000608
калитку 1,322219 0,000476
камень 1,167317 0,000420
кантиках 2,167317 0,000780
кантики 2,167317 0,000780
канцелярию 2,167317 0,000780
канцелярского 1,866287 0,000671
карамазов 0,587534 0,000423
карамазовы 0,180546 0,000260
карамазовым 1,125925 0,000405
каторгу 0,991226 0,000357
кириллович 1,088136 0,000391
клевета 1,322219 0,000476
клевещет 1,690196 0,000608
клянусь 0,635838 0,000229
книга 0,176091 0,000127
книги 0,000000 0,000000
когда 0,015029 0,000054
кого 0,222835 0,000080
колеблется 1,690196 0,000608
коли 0,269690 0,000097
комаров 0,000000 0,000000
комнату 0,468347 0,000168
конверт 1,213075 0,002618
конечно 0,060107 0,000065
конфузно 2,167317 0,000780
которого 0,198834 0,000072
которое 0,426955 0,000154
которой 0,213075 0,000153
котором 0,347773 0,000375
которую 0,292256 0,000210
которые 0,189594 0,000068
который 0,110412 0,000040
кошмарное 2,167317 0,000780
крайней 0,298086 0,000107
крикнул 0,381987 0,000275
кричать 1,125925 0,000405
кровати 1,213075 0,000873
кровать 1,264227 0,000455
крови 0,662167 0,000476
кровь 0,662167 0,000476
кровью 0,845098 0,000608
кроме 0,158717 0,000228
кротам 2,167317 0,000780
крыльцо 1,167317 0,000420
кстати 0,468347 0,000168
куда 0,248239 0,000089
лгать 1,125925 0,000405
левой 1,088136 0,000391
лежал 0,648803 0,001167
лежали 1,021189 0,000367
лежит 0,648803 0,000467
летом 1,264227 0,000455
лжет 1,021189 0,000367
либо 0,000000 0,000000
литература 0,000000 0,000000
лицо 0,114239 0,000041
лицом 0,000000 0,000000
лишь 0,185046 0,000067
лучше 0,162996 0,000059
любил 0,374926 0,000135
любопытное 1,322219 0,000476
любопытный 1,264227 0,000455
любым 0,000000 0,000000
люди 0,269690 0,000097
между 0,129891 0,000093
мелькало 1,866287 0,000671
мелькнуло 0,805589 0,000580
меня 0,027438 0,000099
мере 0,269690 0,000097
мерещилось 1,167317 0,000420
минуту 0,084532 0,000122
мите 0,735954 0,000265
митей 1,053374 0,000758
мити 0,611015 0,001099
митину 1,866287 0,000671
митю 0,623249 0,000448
митя 0,587534 0,005918
могли 0,374926 0,000135
могу 0,171682 0,000062
можем 1,053374 0,000379
может 0,000000 0,000000
можете 0,504560 0,000363
молча 0,367977 0,000132
момент 0,720159 0,000259
момента 0,000000 0,000000
монолог 2,167317 0,000780
мрачно 0,866287 0,000312
мужик 0,888564 0,000320
мужиками 1,468347 0,000528
мужики 1,322219 0,000476
мужиков 1,213075 0,000436
мучаюсь 1,565257 0,000563
мучительно 1,021189 0,000367
мысли 0,316059 0,000227
мытарство 1,468347 0,000528
наблюдают 1,866287 0,000671
наглый 1,690196 0,000608
надевая 1,565257 0,000563
надо 0,036984 0,000080
надпись 1,690196 0,000608
назад 0,000000 0,000000
название 0,000000 0,000000
найти 0,000000 0,000000
наказания 1,690196 0,000608
наконец 0,073896 0,000053
налгал 1,565257 0,000563
налево 0,824895 0,000297
намеревался 1,468347 0,000528
наобум 1,866287 0,000671
написано 0,000000 0,000000
наплевать 1,167317 0,000420
например 0,298086 0,000107
напротив 0,180546 0,000065
напялить 2,167317 0,000780
нарочно 0,227798 0,000246
наружу 1,322219 0,000476
наслаждению 2,167317 0,000780
насмешливые 1,690196 0,000608
насмешникам 2,167317 0,001559
настаивал 0,845098 0,000304
настежь 1,468347 0,000528
настойчиво 0,787106 0,000283
насчет 0,354404 0,000255
наука 0,000000 0,000000
научился 1,322219 0,000476
находившейся 2,167317 0,000780
находил 1,088136 0,000391
находились 1,264227 0,000455
начал 0,137934 0,000050
началось 1,053374 0,000379
начальственно 2,167317 0,000780
начнете 1,565257 0,000563
наше 0,662167 0,000238
наши 0,544068 0,000196
нашли 0,805589 0,000580
невозможно 0,411442 0,000148
невообразимом 1,866287 0,000671
него 0,000000 0,000000
негодование 1,021189 0,000367
некотором 1,021189 0,000367
некоторый 1,264227 0,000455
нелепое 1,213075 0,000436
нелепость 1,088136 0,000391
немного 0,426955 0,000154
нему 0,080958 0,000029
необходимо 0,963197 0,000693
необходимой 2,167317 0,000780
неожиданное 1,088136 0,000391
непонятное 1,468347 0,000528
неправда 0,845098 0,001216
несколько 0,102859 0,000148
несомненно 0,704919 0,000254
нестерпимо 1,389166 0,000500
нестерпимого 1,866287 0,000671
неужели 0,389166 0,000280
нечаянное 1,866287 0,000671
нечто 0,389166 0,000280
нибудь 0,030597 0,000033
ниже 0,912045 0,000328
нижнее 2,167317 0,001559
никак 0,396465 0,000143
никогда 0,088136 0,000063
николай 0,845098 0,005168
николаю 1,264227 0,000910
николая 1,088136 0,001174
никому 0,504560 0,000181
никто 0,185046 0,000067
ними 0,275223 0,000099
ничего 0,030597 0,000033
ничему 1,053374 0,000379
новую 0,752344 0,000271
новый 0,648803 0,000233
ногах 0,866287 0,000312
ноге 1,322219 0,000476
ноги 0,477121 0,000343
ноготь 2,167317 0,000780
носки 2,167317 0,003898
ночь 0,248239 0,000268
обвинения 1,021189 0,000367
обеих 0,866287 0,000312
облегчению 1,866287 0,000671
обман 1,125925 0,000405
обойтись 1,125925 0,000405
обокрал 1,690196 0,000608
обратил 1,088136 0,000391
обратно 0,675956 0,000243
обращаясь 0,675956 0,000243
обстоятельство 0,787106 0,000283
обшлаг 1,866287 0,001343
обшлагам 2,167317 0,000780
общественное 0,000000 0,000000
обыкновенную 1,389166 0,000500
огадили 2,167317 0,000780
ограбил 1,213075 0,000436
огромные 1,565257 0,000563
одеваться 1,565257 0,000563
одеты 1,468347 0,000528
одеяло 1,866287 0,002014
один 0,046743 0,000135
однако 0,102859 0,000074
одни 0,459747 0,000165
одно 0,099131 0,000036
одного 0,150284 0,000108
одной 0,243038 0,000087
одолжение 0,936868 0,000337
ожесточаясь 2,167317 0,000780
ожесточенное 1,866287 0,000671
озлившись 1,866287 0,000671
оказались 1,021189 0,000367
оказалось 0,486076 0,000175
оказался 0,824895 0,000297
окончательно 0,565257 0,000203
окончиться 2,167317 0,000780
окошка 1,468347 0,000528
окошко 1,322219 0,000476
опозоренным 1,866287 0,000671
опомнившись 1,389166 0,000500
опубликовано 0,000000 0,000000
опустился 1,167317 0,000420
опять 0,027438 0,000059
освистали 1,690196 0,000608
осматривал 1,468347 0,000528
осмотра 1,690196 0,000608
осмотром 2,167317 0,000780
осмотрят 2,167317 0,000780
особенно 0,129891 0,000093
оставалась 1,213075 0,000436
оставаться 0,769377 0,000554
оставить 0,690196 0,000248
остались 0,735954 0,000265
осталось 0,769377 0,000277
остановиться 1,322219 0,000951
ответ 0,533849 0,000192
ответил 0,237898 0,000171
отворенного 1,866287 0,000671
отворенное 1,565257 0,000563
отворенной 1,468347 0,001056
отворенную 1,866287 0,001343
отдалении 1,866287 0,000671
отец 0,316059 0,000227
отказ 1,468347 0,000528
откровенно 0,824895 0,000297
открою 1,389166 0,001499
открывать 1,866287 0,000671
открыл 0,963197 0,000346
откуда 0,523865 0,000188
отлично 0,805589 0,000290
отложили 2,167317 0,000780
отпарировал 1,565257 0,000563
отпер 1,690196 0,001824
отпертою 1,565257 0,001126
отпертую 1,690196 0,000608
отрезал 0,824895 0,000297
отца 0,222835 0,000080
отцеубийцей 2,167317 0,000780
отцовский 2,167317 0,000780
отцу 0,565257 0,000203
отыскивая 1,565257 0,000563
офицером 1,468347 0,000528
оформление 0,000000 0,000000
очевидно 0,599116 0,000216
очень 0,024303 0,000061
очнувшись 1,468347 0,000528
очнулся 0,912045 0,000656
очутившийся 1,690196 0,000608
ошеломленный 1,389166 0,000500
ощупали 2,167317 0,000780
пальцами 0,866287 0,000312
пальце 1,389166 0,000500
пальцем 1,021189 0,000367
пальцы 1,322219 0,000476
панталон 1,690196 0,001216
панталонах 2,167317 0,000780
панталоны 1,468347 0,000528
парфенович 1,213075 0,007418
парфеновича 1,322219 0,001427
парфеновичу 1,690196 0,001216
первый 0,248239 0,000179
перебил 0,635838 0,000229
передал 0,690196 0,000248
передать 0,690196 0,000248
перейти 1,322219 0,000476
перерядили 2,167317 0,000780
пересмотреть 2,167317 0,000780
переспрашивал 1,866287 0,000671
переспрашивали 2,167317 0,000780
переспросил 1,167317 0,000420
перешло 0,000000 0,000000
перстень 1,565257 0,001126
перстней 1,866287 0,000671
перхотина 1,213075 0,000436
печати 1,690196 0,000608
писаря 2,167317 0,000780
пистолеты 1,322219 0,000476
письмоводитель 1,866287 0,001343
платье 0,704919 0,002536
платьем 1,468347 0,000528
платья 1,213075 0,001309
плечах 1,866287 0,000671
плоский 1,866287 0,000671
побледнел 0,704919 0,000254
повернулся 0,587534 0,000211
повернуться 1,690196 0,000608
поверьте 0,866287 0,000312
повлиять 1,866287 0,000671
поводу 0,720159 0,000259
повторить 1,468347 0,000528
повторяясь 1,866287 0,000671
подавать 1,468347 0,000528
подавляющее 2,167317 0,000780
подал 0,752344 0,000271
подборка 0,000000 0,000000
подлец 0,662167 0,000238
подлость 1,264227 0,000455
подозрений 1,565257 0,000563
подтвердил 0,690196 0,000497
подумал 0,334808 0,000241
подушкой 1,213075 0,003055
подхватил 0,533849 0,000192
подчинился 1,690196 0,000608
позвольте 0,523865 0,000565
позор 0,824895 0,001187
позоры 2,167317 0,000780
поискать 1,690196 0,000608
поймал 1,088136 0,000783
поймите 1,322219 0,000476
пока 0,213075 0,000307
показали 1,125925 0,000810
показалось 0,495219 0,000178
показание 0,912045 0,000984
показанию 1,468347 0,000528
покойного 0,936868 0,000337
покоя 1,468347 0,000528
покраснел 0,675956 0,000243
полагал 1,565257 0,000563
поле 1,125925 0,000405
полное 0,845098 0,000608
половины 0,936868 0,000337
положение 0,866287 0,000312
полу 0,735954 0,000265
получать 1,389166 0,000500
получив 1,322219 0,000476
получить 0,752344 0,000271
пользоваться 1,322219 0,000476
померещилось 1,322219 0,000476
помнили 1,468347 0,000528
помните 0,690196 0,000248
понимает 0,720159 0,000259
понял 0,396465 0,000285
понятым 2,167317 0,000780
понятых 1,690196 0,000608
поправим 2,167317 0,000780
попросили 1,264227 0,001364
пороть 1,565257 0,000563
порывам 1,866287 0,000671
посетителей 0,000000 0,000000
посетители 0,000000 0,000000
посмертно 0,000000 0,000000
посмотреть 0,704919 0,000254
посудите 1,866287 0,000671
потерял 0,866287 0,000312
потом 0,084532 0,000061
потому 0,024303 0,000026
потрудитесь 1,690196 0,001216
почему 0,099131 0,000071
почитает 1,468347 0,000528
почти 0,024303 0,000017
почувствовал 0,623249 0,000224
появившихся 2,167317 0,000780
права 0,554533 0,000199
правда 0,162996 0,000059
право 0,361137 0,000130
правого 1,866287 0,000671
правой 0,912045 0,000328
правую 0,936868 0,000337
правый 1,690196 0,000608
пред 0,033778 0,000049
предмет 0,936868 0,000337
предположить 1,053374 0,000379
предъявите 2,167317 0,000780
прежде 0,077412 0,000139
прежнем 0,991226 0,000357
презирать 1,213075 0,000436
презрения 0,963197 0,000693
презрительное 1,690196 0,000608
претендуйте 1,866287 0,000671
преувеличивает 1,866287 0,000671
прибавил 0,275223 0,000099
прибытия 1,322219 0,000476
придется 0,991226 0,000713
прижизненно 0,000000 0,000000
приказали 1,866287 0,000671
примкнуть 1,690196 0,000608
принесут 1,565257 0,000563
присесть 1,866287 0,000671
прислуживавший 2,167317 0,000780
приставайте 1,866287 0,000671
пристально 0,389166 0,000140
присутствии 1,264227 0,000455
присутствовали 1,690196 0,000608
приходил 0,720159 0,000259
пробормотал 0,334808 0,000120
проворчал 1,389166 0,000500
проговорил 0,154480 0,000389
программирование 0,000000 0,000000
продолжал 0,292256 0,000210
произведение 0,000000 0,000000
произведений 0,000000 0,000000
произведения 0,000000 0,000000
произнес 0,361137 0,000130
происхождения 1,565257 0,001126
проклятую 1,565257 0,000563
прокурор 0,888564 0,003516
прокурора 0,912045 0,000328
прокурором 1,322219 0,000951
прокурору 1,264227 0,000455
промямлил 1,389166 0,000500
просил 0,599116 0,000216
просто 0,232819 0,000084
против 0,389166 0,000140
прошел 0,662167 0,000238
прошло 0,000000 0,000000
прямо 0,118099 0,000042
прятаться 1,468347 0,000528
публикации 0,000000 0,000000
пуст 1,565257 0,000563
пустой 1,264227 0,000455
пьяном 1,213075 0,000436
пятна 1,389166 0,000500
равно 0,303994 0,000109
радикальный 2,167317 0,000780
радостным 1,565257 0,000563
разве 0,146128 0,000053
развязно 1,565257 0,000563
раздет 2,167317 0,001559
раздеты 2,167317 0,000780
раздетый 2,167317 0,000780
раздеться 1,866287 0,000671
раздражайте 1,690196 0,000608
раздражительнее 2,167317 0,000780
раздражительно 0,752344 0,000271
размера 1,468347 0,000528
размятые 2,167317 0,000780
разорван 1,866287 0,000671
разрешения 0,000000 0,000000
разъяснить 0,936868 0,000337
разыгрывать 1,690196 0,000608
раненного 2,167317 0,000780
раны 1,468347 0,001056
рассвета 1,322219 0,000476
рассвирепел 1,866287 0,000671
рассказал 0,587534 0,000211
рассказывать 0,704919 0,000254
рассматривание 2,167317 0,000780
расспросы 1,213075 0,000436
ребенок 0,648803 0,000233
резко 0,648803 0,000233
резче 1,866287 0,000671
речи 0,769377 0,000277
решившись 1,690196 0,000608
решили 1,053374 0,000379
решился 0,554533 0,000199
решите 1,565257 0,000563
родителя 0,936868 0,000674
розгами 1,565257 0,000563
ростом 1,213075 0,000436
рубашки 1,565257 0,000563
рубашку 1,690196 0,003040
рублей 0,367977 0,000132
рукава 1,690196 0,001216
руках 0,396465 0,000143
руки 0,167317 0,000060
русская 0,000000 0,000000
ручку 0,888564 0,000320
ряженого 2,167317 0,000780
сада 1,167317 0,000420
саду 0,936868 0,001011
сайте 0,000000 0,000000
сами 0,142011 0,000153
самого 0,118099 0,000127
самом 0,114239 0,000082
самую 0,459747 0,000165
самый 0,198834 0,000143
самым 0,280827 0,000202
самых 0,468347 0,000168
сверкнул 2,167317 0,000780
свернуты 2,167317 0,000780
свет 0,468347 0,000168
свидетелей 0,912045 0,000656
свидетельствует 1,322219 0,000476
свирепо 1,322219 0,000951
свободно 0,000000 0,000000
своего 0,091770 0,000033
своем 0,198834 0,000215
свои 0,146128 0,000210
своими 0,495219 0,000178
свой 0,189594 0,000068
сделайте 0,824895 0,000297
сделали 0,787106 0,000283
сделанное 2,167317 0,000780
сдержанно 1,021189 0,000367
себе 0,033778 0,000024
себя 0,005949 0,000019
сегодня 0,000000 0,000000
сейчас 0,070407 0,000025
секунд 0,936868 0,000337
семидесяти 0,000000 0,000000
серьезно 0,419129 0,000151
сзади 0,824895 0,000297
сидеть 0,662167 0,000238
сидя 0,845098 0,000304
силы 0,514105 0,000370
сказал 0,099131 0,000036
сказали 0,544068 0,000196
сказать 0,073896 0,000027
сколько 0,280827 0,000101
скорее 0,514105 0,000185
скорей 0,845098 0,000304
скрежетал 1,690196 0,000608
скрою 1,690196 0,000608
скрывали 1,690196 0,000608
скрывать 1,264227 0,000455
слегка 0,936868 0,000337
следил 1,167317 0,000420
следователем 1,866287 0,000671
следователь 1,213075 0,000436
слепым 1,866287 0,000671
слишком 0,133894 0,000048
слов 0,367977 0,000132
словно 0,866287 0,000312
случае 0,248239 0,000089
случай 0,443041 0,000159
слушал 0,576253 0,000207
слышал 0,389166 0,000140
смердяков 0,587534 0,001057
смердякова 0,752344 0,000271
смотрел 0,298086 0,000107
смотреть 0,477121 0,000172
смотрят 1,125925 0,000405
сначала 0,434924 0,000156
снимайте 2,167317 0,001559
снимать 1,690196 0,001824
сниму 1,468347 0,000528
снова 0,565257 0,000203
снять 1,264227 0,001364
собою 0,347773 0,000250
собрание 0,000000 0,000000
собранию 2,167317 0,000780
собственно 0,565257 0,000203
собственному 1,167317 0,000420
собственноручно 2,167317 0,000780
совещание 2,167317 0,000780
соврал 1,167317 0,000420
соврешь 2,167317 0,000780
совсем 0,021189 0,000061
согласен 0,648803 0,000233
согласия 0,000000 0,000000
сожалеет 2,167317 0,001559
сожаление 1,866287 0,000671
сознание 1,021189 0,000367
солнца 0,936868 0,000337
соображая 1,264227 0,000455
сообщали 2,167317 0,000780
сообщили 1,322219 0,000476
сообщить 0,635838 0,000229
сорвал 1,389166 0,000500
сорвется 2,167317 0,000780
составили 1,866287 0,000671
состоянии 0,459747 0,000165
сохранившиеся 2,167317 0,000780
сохранить 1,213075 0,000436
сочинений 0,000000 0,000000
спасло 1,866287 0,000671
спеша 0,866287 0,000312
спокойным 1,088136 0,000391
способен 0,787106 0,000283
спрашивали 0,963197 0,000346
спрашиваю 0,845098 0,000304
спросил 0,222835 0,000080
спрятан 1,565257 0,000563
спрятано 1,866287 0,000671
спуская 1,468347 0,000528
среди 0,769377 0,000277
среднем 1,866287 0,000671
ссылайте 2,167317 0,000780
стал 0,125925 0,000226
стало 0,091770 0,000132
стараясь 1,021189 0,000367
старика 0,587534 0,000634
старого 0,991226 0,000357
степени 0,389166 0,000140
стоит 0,316059 0,000114
стол 0,486076 0,000175
столом 0,735954 0,000265
столь 0,434924 0,000156
столькому 2,167317 0,000780
стороне 0,805589 0,000290
стороны 0,185046 0,000266
сторублевые 1,690196 0,000608
стоявшую 1,690196 0,000608
стоял 0,309985 0,000112
стояла 0,623249 0,000224
стояли 0,690196 0,000248
странно 0,354404 0,000127
странности 1,125925 0,000405
страха 0,824895 0,000593
страшно 0,434924 0,000156
строго 0,576253 0,000207
стул 0,648803 0,000233
стула 0,735954 0,000265
стуле 0,805589 0,000290
стыда 0,805589 0,000290
стыдно 0,504560 0,000363
суетившийся 1,866287 0,000671
сумасшедшего 2,167317 0,000780
суммы 1,053374 0,000758
сущности 0,752344 0,000271
счастию 1,264227 0,000455
считаю 0,845098 0,000304
сюда 0,232819 0,000084
сюртук 1,264227 0,000910
сюртука 1,468347 0,001056
сюртуке 1,167317 0,000420
тайна 0,963197 0,000346
тайну 0,991226 0,000357
также 0,000000 0,000000
таки 0,066947 0,000024
такие 0,232819 0,000084
таким 0,243038 0,000087
таков 0,787106 0,000849
твердо 0,419129 0,000151
твердое 1,322219 0,000476
текст 0,000000 0,000000
темноте 0,912045 0,000328
теперешнюю 1,389166 0,000500
теперь 0,015029 0,000086
теряюсь 2,167317 0,000780
тогда 0,050046 0,000036
того 0,005949 0,000011
тоже 0,043466 0,000125
толкнул 1,389166 0,000500
толстой 1,690196 0,000608
только 0,002964 0,000011
томах 0,000000 0,000000
топаз 2,167317 0,000780
торжествуя 1,690196 0,000608
торчали 1,690196 0,000608
точно 0,121994 0,000088
третье 1,125925 0,000405
третья 0,486076 0,000350
трех 0,374926 0,000135
трифоном 1,389166 0,000500
трубочками 2,167317 0,000780
трудно 0,459747 0,000165
тысячи 0,426955 0,000461
убегающего 1,866287 0,001343
убежал 0,888564 0,000320
убийство 0,936868 0,000337
убил 0,523865 0,000942
уведомим 2,167317 0,000780
увидали 1,389166 0,000500
увидят 1,264227 0,000455
углублен 2,167317 0,000780
уговаривали 1,866287 0,000671
удивительное 1,322219 0,000476
удивлением 0,523865 0,000188
удостоивая 1,565257 0,000563
узко 2,167317 0,000780
узнал 0,381987 0,000137
узок 1,866287 0,000671
указывая 0,963197 0,000346
украшавших 2,167317 0,000780
улажу 2,167317 0,000780
улыбнулся 0,533849 0,000192
умершим 0,000000 0,000000
умиленно 1,213075 0,000436
умолчание 1,690196 0,000608
унизительно 1,468347 0,000528
унизительное 1,866287 0,000671
упомянули 1,468347 0,000528
упорное 1,866287 0,000671
упрямый 1,565257 0,000563
уродливыми 2,167317 0,000780
уселся 0,866287 0,000312
успел 0,354404 0,000127
успехом 1,690196 0,000608
успокоили 1,866287 0,000671
уставился 1,264227 0,000455
участи 1,468347 0,000528
ушел 0,599116 0,000216
факт 0,675956 0,000243
фантом 1,866287 0,000671
федор 0,000000 0,000000
федорович 0,253503 0,000274
федоровича 0,426955 0,000154
флигеля 1,690196 0,000608
фуражке 1,866287 0,000671
фуражки 1,565257 0,000563
фуражку 1,468347 0,001056
хмурый 1,866287 0,000671
хождения 2,167317 0,000780
холодно 0,991226 0,000357
холодные 2,167317 0,000780
холодным 1,468347 0,000528
хорошо 0,189594 0,000136
хотел 0,158717 0,000114
хотите 0,419129 0,000452
хоть 0,060107 0,000022
хотя 0,050046 0,000036
хочу 0,243038 0,000087
церемонятся 2,167317 0,000780
циники 2,167317 0,000780
цыпленочку 1,690196 0,000608
часа 0,000000 0,000000
часть 0,002964 0,000002
чего 0,040213 0,000043
чемодане 1,866287 0,000671
чему 0,341243 0,000123
черт 0,477121 0,000343
черту 0,912045 0,000328
число 0,000000 0,000000
чистую 1,213075 0,000436
чисты 1,866287 0,000671
читаем 0,000000 0,000000
читать 0,000000 0,000000
чрез 0,275223 0,000099
чрезвычайно 0,217927 0,000078
чтоб 0,073896 0,000053
чтобы 0,030597 0,000044
чувств 0,704919 0,000254
чувствовал 0,635838 0,000229
чувствую 0,787106 0,000283
чужого 1,322219 0,000476
чужом 1,690196 0,000608
чьего 0,000000 0,000000
швам 1,690196 0,000608
ширмами 1,389166 0,000500
шута 1,167317 0,000840
шутите 1,690196 0,000608
шуток 1,866287 0,000671
щенка 1,690196 0,000608
этими 0,635838 0,000229
этих 0,213075 0,000077
этого 0,053374 0,000038
этой 0,118099 0,000085
этом 0,046743 0,000017
этот 0,011981 0,000009
этою 0,599116 0,000216
явилось 1,167317 0,000420
языка 1,322219 0,000476
ясно 0,354404 0,000510
