автор 0,000000 0,000000
автором 0,000000 0,000000
авторского 0,000000 0,000000
авторы 0,000000 0,000000
алексей 0,000000 0,000000
алексея 0,000000 0,000000
ардалионовна 1,021189 0,000737
бабье 2,167317 0,000782
батюшка 0,675956 0,000244
беда 0,866287 0,000312
бедный 0,824895 0,000297
берегись 1,866287 0,000673
берет 1,021189 0,000737
беру 1,125925 0,000406
бесит 2,167317 0,000782
беспокоится 2,167317 0,000782
библиотека 0,000000 0,000000
благородная 1,389166 0,000501
благородные 1,468347 0,000530
благородных 1,213075 0,000437
благородство 1,389166 0,000501
богу 0,434924 0,000314
более 0,000000 0,000000
болтун 1,866287 0,000673
боль 1,125925 0,000406
больше 0,137934 0,000149
большой 0,495219 0,000179
брат 0,303994 0,000219
брошу 1,167317 0,000842
бубнового 2,167317 0,000782
будем 0,648803 0,000234
будет 0,077412 0,000140
буду 0,208276 0,000300
будут 0,565257 0,000204
будьте 0,735954 0,000796
бутылкой 1,565257 0,000564
была 0,046743 0,000067
было 0,000000 0,000000
быстро 0,232819 0,000168
быть 0,002964 0,000013
валета 2,167317 0,000782
вами 0,232819 0,000420
варвара 0,963197 0,000695
варей 1,690196 0,001219
вари 1,468347 0,000530
варька 1,565257 0,000564
варю 1,213075 0,000875
варя 1,053374 0,001519
ваша 0,554533 0,000400
ваше 0,434924 0,000157
вашего 0,443041 0,000160
вашу 0,504560 0,000182
вдруг 0,005949 0,000017
ведь 0,043466 0,000188
верить 0,635838 0,000229
веселее 1,565257 0,000564
весь 0,099131 0,000036
вечером 0,533849 0,000193
вещи 0,735954 0,000265
взбунтуется 2,167317 0,000782
взволнованная 2,167317 0,000782
взял 0,269690 0,000195
виде 0,434924 0,000157
видел 0,248239 0,000090
видела 0,888564 0,000320
видеть 0,381987 0,000138
видимо 0,328468 0,000118
видишь 0,599116 0,000216
видно 0,504560 0,000364
видывал 1,213075 0,000437
вижу 0,286504 0,000103
визит 1,088136 0,000392
визиты 0,000000 0,000000
вилять 1,690196 0,000610
вино 1,021189 0,000368
виновато 2,167317 0,000782
виноваты 1,021189 0,000368
властвовать 1,866287 0,000673
влечению 1,690196 0,000610
влили 2,167317 0,000782
влияние 1,167317 0,000421
влюблены 1,565257 0,000564
вначале 0,936868 0,000338
возможность 1,053374 0,000380
вознаграждения 0,000000 0,000000
возобновлялось 2,167317 0,000782
вопросов 0,866287 0,000312
восторженный 1,468347 0,000530
вошел 0,403889 0,000291
вошли 0,720159 0,000260
впоследствии 0,662167 0,000239
впрочем 0,118099 0,000128
враг 1,322219 0,000477
врагами 1,468347 0,000530
враги 1,213075 0,000437
врагом 1,565257 0,000564
времени 0,269690 0,000097
время 0,043466 0,000016
всего 0,040213 0,000058
всем 0,070407 0,000025
вслед 0,523865 0,000378
встал 0,403889 0,000146
вторых 0,720159 0,000260
выбрали 1,690196 0,000610
выгоду 1,468347 0,000530
выдавайте 1,690196 0,000610
выдержали 1,690196 0,000610
выдержать 1,213075 0,000437
выдерживающих 2,167317 0,000782
выдержу 1,866287 0,000673
выдумаете 2,167317 0,000782
вызывался 2,167317 0,000782
выйдет 0,587534 0,000212
выйти 0,587534 0,000212
выплаты 0,000000 0,000000
выражали 1,866287 0,000673
вырвалось 0,704919 0,000254
выставлял 1,690196 0,000610
высшей 0,544068 0,000196
вытаскивать 2,167317 0,000782
выходя 0,936868 0,000338
вышел 0,275223 0,000099
вышла 0,495219 0,000357
ганечка 1,322219 0,000477
гани 1,125925 0,000406
ганьке 2,167317 0,001563
ганю 1,125925 0,000406
ганя 0,769377 0,003884
генерала 0,662167 0,000239
гимнастики 2,167317 0,000782
гимнастику 2,167317 0,000782
главное 0,189594 0,000068
глаза 0,129891 0,000047
глупо 0,845098 0,000305
говорила 0,587534 0,000212
говорит 0,189594 0,000137
говорите 0,533849 0,000770
говорить 0,162996 0,000118
говорю 0,203530 0,000294
года 0,477121 0,000172
годятся 2,167317 0,000782
головой 0,533849 0,000193
голову 0,227798 0,000082
голубчик 0,587534 0,000636
гораздо 0,443041 0,000320
гордость 0,963197 0,000347
горячо 0,544068 0,000392
гостиной 0,888564 0,000320
готовлю 1,866287 0,000673
давайте 1,167317 0,000421
давать 1,213075 0,000437
давеча 0,232819 0,000924
давешнее 1,565257 0,000564
давешняя 1,565257 0,000564
давно 0,158717 0,000114
даже 0,005949 0,000013
дайте 0,735954 0,000265
дальше 0,002964 0,000001
данные 0,000000 0,000000
даст 0,963197 0,000347
дают 1,088136 0,000392
дверь 0,367977 0,000398
движениям 2,167317 0,000782
двора 0,912045 0,000329
действительно 0,106619 0,000038
делает 0,805589 0,000291
делаю 1,125925 0,000406
деле 0,162996 0,000176
дело 0,063514 0,000046
денег 0,309985 0,000224
день 0,162996 0,000059
деньгах 0,866287 0,000625
деньги 0,280827 0,000608
деспотизм 2,167317 0,000782
десять 0,374926 0,000135
дети 0,662167 0,000239
детски 1,565257 0,000564
детский 1,468347 0,000530
детстве 1,053374 0,000380
диван 0,888564 0,000320
добродетельная 1,690196 0,000610
доведу 1,322219 0,000477
доверяюсь 2,167317 0,000782
довести 1,565257 0,000564
довольно 0,129891 0,000141
долготерпения 2,167317 0,000782
должно 0,286504 0,000103
доме 0,322219 0,000116
донашивать 2,167317 0,000782
достанутся 2,167317 0,000782
достоевский 0,000000 0,000000
достояние 0,000000 0,000000
доходит 1,264227 0,000456
драма 1,866287 0,000673
друг 0,269690 0,000097
другие 0,389166 0,000140
другого 0,396465 0,000143
друзьями 1,389166 0,000501
думаете 0,504560 0,001092
думал 0,258832 0,000373
думают 1,213075 0,000437
дурак 0,769377 0,000277
дураки 1,167317 0,000421
дурно 0,888564 0,000320
дуру 1,468347 0,000530
духа 0,787106 0,000284
души 0,523865 0,000189
езди 2,167317 0,000782
епанчин 1,167317 0,000421
епанчина 1,125925 0,000406
епанчиных 0,936868 0,000338
если 0,011981 0,000039
есть 0,018098 0,000072
ехать 0,866287 0,000312
жалко 0,912045 0,000329
желая 0,662167 0,000239
женился 0,888564 0,000320
жениться 0,912045 0,000329
женских 1,389166 0,000501
жену 0,991226 0,000357
женщина 0,396465 0,000429
женщины 0,576253 0,000208
жены 1,053374 0,000380
женюсь 1,468347 0,000530
женятся 1,690196 0,000610
живет 0,662167 0,000239
жизнь 0,162996 0,000118
жить 0,451314 0,000326
забреду 2,167317 0,000782
забыл 0,328468 0,000118
заварилось 2,167317 0,000782
завел 1,264227 0,000456
загадки 1,213075 0,000437
загадывает 1,690196 0,000610
заговорила 1,088136 0,000392
задача 1,088136 0,000392
задумчив 1,167317 0,000421
задумчивости 0,991226 0,000357
заключаете 1,866287 0,000673
заключить 0,824895 0,000297
законфузился 1,565257 0,000564
заметил 0,154480 0,000111
заметили 0,611015 0,000220
заметьте 0,936868 0,000676
заметят 2,167317 0,000782
замечаете 1,690196 0,000610
замолчал 1,021189 0,000368
западню 2,167317 0,000782
запечатана 1,866287 0,000673
записку 1,021189 0,000737
записок 1,866287 0,000673
засмеявшись 1,468347 0,000530
засмеялись 1,213075 0,000437
засмеялся 0,495219 0,000179
затворился 1,866287 0,000673
затевает 2,167317 0,000782
захвачу 2,167317 0,000782
захочет 0,888564 0,000320
зачем 0,146128 0,000053
звать 0,991226 0,000357
здесь 0,095435 0,000103
злобе 1,322219 0,000477
злобно 0,599116 0,000216
злодей 1,389166 0,000501
злодея 1,389166 0,001002
знавали 1,866287 0,000673
знает 0,171682 0,000248
знаете 0,286504 0,001033
знайте 0,866287 0,000625
знакомства 0,991226 0,000357
знал 0,114239 0,000082
знали 0,426955 0,000154
знать 0,328468 0,000118
значит 0,243038 0,000088
знаю 0,095435 0,000241
знают 0,720159 0,000260
зная 0,623249 0,000225
зовет 1,021189 0,000368
иволгин 0,991226 0,000357
игольное 2,167317 0,000782
игры 1,167317 0,000421
идиот 0,443041 0,000799
идти 0,434924 0,000157
известно 0,334808 0,000121
изменилась 1,468347 0,000530
изменились 1,468347 0,000530
изумлением 1,167317 0,000421
имеете 1,053374 0,000380
именно 0,066947 0,000048
имея 0,752344 0,000271
иначе 0,367977 0,000133
иногда 0,208276 0,000075
иной 0,587534 0,000212
иные 0,599116 0,000216
искренно 0,523865 0,000756
использоваться 0,000000 0,000000
испорченного 2,167317 0,000782
источник 0,000000 0,000000
иудейский 2,167317 0,000782
кается 1,866287 0,000673
каждый 0,367977 0,000133
кажется 0,118099 0,000213
казалось 0,316059 0,000114
какая 0,194189 0,000140
какие 0,232819 0,000252
какими 0,888564 0,000320
каков 0,888564 0,000320
какой 0,095435 0,000138
какую 0,419129 0,000151
каламбур 1,690196 0,000610
капитала 1,690196 0,000610
капитальная 2,167317 0,000782
карету 1,468347 0,000530
карман 0,888564 0,000320
карса 1,690196 0,000610
касается 0,769377 0,000277
клубные 2,167317 0,000782
клялся 1,389166 0,000501
клянусь 0,635838 0,000229
книги 0,000000 0,000000
князь 0,477121 0,004301
князю 0,504560 0,000364
князя 0,468347 0,000338
кого 0,222835 0,000161
колебался 1,690196 0,000610
коленках 1,213075 0,000437
коли 0,269690 0,000097
коля 0,565257 0,001835
комаров 0,000000 0,000000
комнате 0,389166 0,000140
комнаты 0,443041 0,000160
конечно 0,060107 0,000087
конфузилась 2,167317 0,000782
конца 0,704919 0,000254
концом 1,468347 0,000530
кончаются 2,167317 0,000782
кончено 1,021189 0,000368
копейки 1,125925 0,000406
король 1,690196 0,000610
которые 0,189594 0,000068
который 0,110412 0,000040
кредит 1,690196 0,000610
крепко 0,443041 0,000160
крепок 1,866287 0,000673
кровью 0,845098 0,000305
кроме 0,158717 0,000114
кстати 0,468347 0,000676
куплю 1,468347 0,000530
кутерьма 2,167317 0,000782
лгал 1,389166 0,000501
лгунишка 2,167317 0,000782
легка 2,167317 0,000782
легко 0,752344 0,000271
легкомысленно 1,565257 0,000564
лекцию 2,167317 0,000782
лермонтова 2,167317 0,000782
либерально 2,167317 0,000782
либо 0,000000 0,000000
литература 0,000000 0,000000
лица 0,322219 0,000116
лицом 0,000000 0,000000
лицу 0,587534 0,000212
лучше 0,162996 0,000118
любви 0,504560 0,000182
любил 0,374926 0,000135
любили 0,866287 0,000312
любит 0,389166 0,000140
любить 0,523865 0,000189
люблю 0,347773 0,000251
любовницей 2,167317 0,000782
любовницу 1,565257 0,001129
любовницы 1,690196 0,000610
любым 0,000000 0,000000
любят 0,752344 0,000543
людей 0,298086 0,000430
люди 0,269690 0,000097
людям 0,720159 0,000260
мало 0,208276 0,000150
мальчик 0,495219 0,000179
мальчишка 0,963197 0,000347
мамаше 1,389166 0,000501
мамашей 1,690196 0,000610
маменька 0,936868 0,000338
маменьку 1,468347 0,000530
маскарад 1,866287 0,000673
матерью 0,787106 0,000284
матушки 1,468347 0,000530
махнул 1,213075 0,000437
мелочь 1,565257 0,000564
меня 0,027438 0,000188
милый 0,477121 0,000172
минут 0,486076 0,000175
мира 1,125925 0,000406
мирились 2,167317 0,000782
мириться 1,565257 0,000564
мнение 0,690196 0,000249
мнений 1,322219 0,000477
мнительная 2,167317 0,000782
много 0,080958 0,000088
многого 0,991226 0,000357
могла 0,286504 0,000103
могу 0,171682 0,000186
моей 0,280827 0,000101
моему 0,354404 0,000511
моею 1,021189 0,000368
может 0,000000 0,000000
можете 0,504560 0,000182
можно 0,088136 0,000032
молодой 0,381987 0,000138
молча 0,367977 0,000133
момента 0,000000 0,000000
мрак 1,021189 0,000368
мраке 1,264227 0,000456
мука 1,213075 0,000437
муку 1,213075 0,000875
мщение 1,690196 0,000610
мысль 0,264227 0,000095
наболело 2,167317 0,001563
наверно 0,264227 0,000191
навсегда 0,735954 0,000265
надо 0,036984 0,000053
надоедает 2,167317 0,000782
надул 1,322219 0,000477
нажив 2,167317 0,000782
назад 0,000000 0,000000
название 0,000000 0,000000
называю 1,468347 0,000530
называют 1,125925 0,000406
найти 0,000000 0,000000
накинулась 1,565257 0,000564
накинулся 1,565257 0,001129
наконец 0,073896 0,000027
написано 0,000000 0,000000
напротив 0,180546 0,000065
наросло 2,167317 0,000782
настаивал 0,845098 0,000305
настасье 0,936868 0,000338
настасью 0,888564 0,000641
настасья 0,805589 0,001162
наука 0,000000 0,000000
начал 0,137934 0,000099
начала 0,381987 0,000138
начинаете 1,468347 0,000530
начну 0,991226 0,000357
нашего 0,396465 0,000143
нашим 0,936868 0,000338
невинный 1,264227 0,000456
него 0,000000 0,000000
недостатка 1,866287 0,000673
недостатки 1,866287 0,000673
недурно 1,468347 0,000530
нелепо 1,167317 0,000842
неловка 2,167317 0,000782
нельзя 0,176091 0,000127
нему 0,080958 0,000029
ненавистнее 2,167317 0,000782
ненатурально 2,167317 0,000782
неожиданно 0,523865 0,000189
неподвижен 1,866287 0,000673
непременно 0,133894 0,000145
несчастнее 1,322219 0,000477
несчастья 2,167317 0,000782
нетерпеливо 0,936868 0,000338
неужели 0,389166 0,000281
нечаянно 0,752344 0,000271
нечего 0,381987 0,000276
нибудь 0,030597 0,000033
никак 0,396465 0,000286
никогда 0,088136 0,000127
ними 0,275223 0,000099
нисколько 0,662167 0,000239
нитка 2,167317 0,000782
ничего 0,030597 0,000088
ничтожен 1,565257 0,000564
ножичками 2,167317 0,000782
нравится 0,991226 0,001072
нравлюсь 2,167317 0,000782
нравственность 1,690196 0,000610
обедать 1,125925 0,000812
обеими 0,787106 0,000284
обесчещен 1,866287 0,000673
обиднее 1,866287 0,000673
обижает 1,866287 0,000673
обнял 1,088136 0,000392
обойденный 2,167317 0,000782
обошлась 2,167317 0,000782
обрадовали 2,167317 0,000782
обстоятельства 0,912045 0,000658
обузу 2,167317 0,000782
обходиться 1,866287 0,000673
общественное 0,000000 0,000000
обыкновенный 1,322219 0,000954
один 0,046743 0,000017
однако 0,102859 0,000037
одним 0,286504 0,000103
одно 0,099131 0,000036
одному 0,334808 0,000121
оказалось 0,486076 0,000175
опубликовано 0,000000 0,000000
опыта 1,690196 0,000610
опять 0,027438 0,000010
оригинален 2,167317 0,000782
оригинальный 1,565257 0,001693
осаду 1,565257 0,000564
оскорбили 1,690196 0,000610
оскорбить 1,322219 0,000477
ослепила 2,167317 0,000782
осмотреться 1,866287 0,000673
основана 1,866287 0,000673
особенных 1,468347 0,000530
оставался 0,963197 0,000347
осторожнее 1,690196 0,000610
осторожно 0,912045 0,000329
ответа 0,720159 0,000260
ответил 0,237898 0,000086
отворилась 1,088136 0,000392
отвязаться 1,565257 0,000564
отец 0,316059 0,000228
отзыв 1,565257 0,000564
откажет 1,565257 0,000564
откровенно 0,824895 0,000297
отлично 0,805589 0,000291
отрицаю 1,866287 0,000673
оттого 0,675956 0,000244
отцом 0,599116 0,000216
отцу 0,565257 0,000204
оформление 0,000000 0,000000
очень 0,024303 0,000070
ошибся 0,963197 0,000347
папашу 1,565257 0,000564
первая 0,419129 0,000302
первый 0,248239 0,000179
перебил 0,635838 0,000229
переводя 1,565257 0,000564
передавать 1,322219 0,000954
передал 0,690196 0,000249
перескочу 2,167317 0,000782
перешло 0,000000 0,000000
перочинными 2,167317 0,000782
писал 0,963197 0,000347
племени 1,690196 0,000610
плюнула 1,690196 0,000610
плюнули 2,167317 0,000782
поблагодарить 1,690196 0,000610
побоялся 1,264227 0,000456
повернулся 0,587534 0,000212
повинитесь 2,167317 0,000782
повиниться 1,690196 0,000610
поговорить 0,866287 0,000312
поговорку 1,866287 0,000673
подал 0,752344 0,000271
подборка 0,000000 0,000000
подлее 1,565257 0,001129
подлец 0,662167 0,000239
подлецом 1,389166 0,002505
подлецы 1,389166 0,000501
подло 1,264227 0,001368
подозреваете 1,468347 0,000530
подозреваю 1,213075 0,000437
подумав 1,389166 0,000501
поедешь 1,565257 0,000564
поеду 1,053374 0,000380
пожалуй 0,237898 0,000172
пожалуйста 0,662167 0,000478
позавтракал 2,167317 0,000782
познакомлю 2,167317 0,000782
пойдемте 0,888564 0,000320
пойдет 0,720159 0,000519
показалось 0,495219 0,000179
показать 0,720159 0,000260
показываю 1,866287 0,000673
покатился 1,690196 0,000610
поколебался 1,866287 0,000673
покраснел 0,675956 0,000244
получу 1,690196 0,000610
помине 1,866287 0,000673
помню 0,486076 0,000175
понравилась 0,991226 0,000357
понравился 1,053374 0,000380
понять 0,396465 0,000286
попались 1,866287 0,000673
пора 0,845098 0,000305
поражен 0,866287 0,000312
пороге 1,053374 0,000380
порох 1,389166 0,000501
посетителей 0,000000 0,000000
посетители 0,000000 0,000000
после 0,084532 0,000091
последним 1,053374 0,000380
послушалась 1,690196 0,001219
посмертно 0,000000 0,000000
посмотреть 0,704919 0,000254
постоял 1,167317 0,000421
поступаете 2,167317 0,000782
посуди 1,866287 0,000673
потом 0,084532 0,000091
потому 0,024303 0,000053
поцеловал 0,866287 0,000312
поцеловала 0,991226 0,000357
поцеловались 1,866287 0,000673
поцелую 1,389166 0,001002
почему 0,099131 0,000036
почитает 1,468347 0,000530
почитал 1,565257 0,000564
почти 0,024303 0,000018
пошевелился 1,565257 0,000564
пошла 0,845098 0,000305
пощечину 1,167317 0,000421
поэзия 1,866287 0,000673
правда 0,162996 0,000118
правду 0,443041 0,000160
право 0,361137 0,000391
пред 0,033778 0,000012
предчувствуя 1,213075 0,000437
прежде 0,077412 0,000167
прежнего 0,824895 0,000297
презирает 1,125925 0,000406
пренебрежение 1,866287 0,000673
прибавил 0,275223 0,000199
прибавила 0,690196 0,000249
прибежал 1,264227 0,000456
приблизился 1,322219 0,000477
приверженности 2,167317 0,000782
приготовляется 1,866287 0,000673
придет 0,514105 0,000185
приехала 1,125925 0,000406
прижизненно 0,000000 0,000000
прикажешь 1,690196 0,000610
приличные 2,167317 0,000782
приличный 1,468347 0,000530
примите 1,389166 0,000501
примут 1,167317 0,000421
принимать 0,936868 0,000338
приобрел 1,264227 0,000456
пристал 1,389166 0,000501
пристяжная 2,167317 0,000782
пришла 0,648803 0,000234
проб 1,866287 0,000673
пробормотал 0,334808 0,000241
проговариваясь 2,167317 0,000782
программирование 0,000000 0,000000
прогрессивные 2,167317 0,000782
продать 1,389166 0,000501
продолжал 0,292256 0,000105
продолжить 2,167317 0,000782
произведение 0,000000 0,000000
произведений 0,000000 0,000000
произведения 0,000000 0,000000
просил 0,599116 0,000216
просили 1,213075 0,000437
простил 1,167317 0,000421
простили 1,690196 0,000610
простите 0,648803 0,000702
просто 0,232819 0,000336
простоте 1,389166 0,000501
просунул 2,167317 0,000782
прочел 0,752344 0,000271
прошел 0,662167 0,000239
прошла 0,845098 0,000305
прошло 0,000000 0,000000
прощайте 0,845098 0,000305
прощают 1,565257 0,000564
прощенья 1,389166 0,000501
прощу 1,264227 0,000456
прямо 0,118099 0,000170
птицын 0,824895 0,000595
птицына 1,167317 0,000421
публикации 0,000000 0,000000
пускали 1,690196 0,000610
пусть 0,253503 0,000183
пуще 0,599116 0,000432
пяти 0,662167 0,000955
пятнадцать 0,936868 0,000338
пять 0,275223 0,000199
раза 0,426955 0,000154
разберу 1,866287 0,000673
разве 0,146128 0,000053
развязнее 1,866287 0,000673
разглядел 0,991226 0,000715
разговаривать 1,264227 0,000456
разговор 0,434924 0,000157
разговоров 1,264227 0,000456
раздражительная 2,167317 0,000782
разного 2,167317 0,000782
разных 0,866287 0,000625
разорву 1,690196 0,000610
разрешения 0,000000 0,000000
разрешилось 1,690196 0,000610
разъясню 1,690196 0,000610
расположении 1,264227 0,000456
рассказывал 0,554533 0,000200
рассыпать 2,167317 0,000782
расчет 0,991226 0,000357
расчету 1,088136 0,000785
решил 0,514105 0,000185
решимостью 1,565257 0,000564
робко 0,787106 0,000284
рогожиным 0,936868 0,001014
родню 1,690196 0,000610
рожу 2,167317 0,000782
ростовщики 1,690196 0,000610
руками 0,280827 0,000101
рукой 0,486076 0,000175
руку 0,222835 0,000321
русская 0,000000 0,000000
рядом 0,690196 0,000249
сайте 0,000000 0,000000
сама 0,208276 0,000376
сами 0,142011 0,000102
самого 0,118099 0,000043
самое 0,167317 0,000060
самолюбивая 1,866287 0,000673
самолюбивую 1,866287 0,000673
самолюбие 1,167317 0,000421
самолюбии 2,167317 0,000782
самом 0,114239 0,000124
самый 0,198834 0,000072
свиданья 1,125925 0,000406
свободно 0,000000 0,000000
свое 0,150284 0,000054
своего 0,091770 0,000033
своей 0,066947 0,000024
своем 0,198834 0,000072
своему 0,367977 0,000265
свой 0,189594 0,000068
связи 1,167317 0,000421
сгорел 1,690196 0,000610
сдаюсь 2,167317 0,000782
сделается 1,866287 0,000673
сделал 0,381987 0,000138
себе 0,033778 0,000024
себя 0,005949 0,000009
сегодня 0,000000 0,000000
сейчас 0,070407 0,000076
секунды 1,088136 0,000392
семидесяти 0,000000 0,000000
семнадцати 1,322219 0,000477
семьдесят 1,213075 0,000875
серая 1,866287 0,000673
сердитесь 0,936868 0,000338
сердца 0,334808 0,000121
сердцу 0,769377 0,000277
сестра 0,824895 0,000297
сидит 0,565257 0,000204
сильно 0,292256 0,000105
сильную 1,866287 0,000673
сильным 1,322219 0,000477
скажете 1,088136 0,000392
скажите 0,576253 0,000416
скажу 0,275223 0,000099
скажут 0,963197 0,000347
сказав 1,125925 0,000812
сказал 0,099131 0,000286
сказала 0,486076 0,000175
сказали 0,544068 0,000392
сказать 0,073896 0,000107
скверно 1,088136 0,000392
сконфужен 1,866287 0,000673
сконфузился 1,213075 0,000437
скончания 1,866287 0,000673
скоро 0,298086 0,000107
слаб 1,213075 0,000437
слабый 1,021189 0,000368
слава 0,769377 0,000277
слишком 0,133894 0,000241
словам 0,888564 0,000320
сложена 1,866287 0,000673
случается 1,264227 0,000456
случаю 0,936868 0,000338
случилась 1,565257 0,000564
слышала 0,845098 0,000305
смеетесь 1,021189 0,000368
смеется 0,611015 0,000441
смелая 1,690196 0,000610
смелости 1,565257 0,000564
смех 0,704919 0,000254
смеху 0,991226 0,000357
смешным 1,322219 0,000954
смеялась 0,805589 0,000581
смеяться 0,587534 0,000212
смирно 1,690196 0,001219
смолчал 1,866287 0,000673
смотрел 0,298086 0,000107
смотри 1,053374 0,000380
смотрите 0,805589 0,000581
смыть 2,167317 0,000782
соблазнов 1,866287 0,000673
собой 0,253503 0,000091
собрание 0,000000 0,000000
совершенно 0,180546 0,000065
совести 0,690196 0,000249
совсем 0,021189 0,000023
согласия 0,000000 0,000000
содержит 1,690196 0,000610
сомнений 1,021189 0,000368
сочинений 0,000000 0,000000
спал 0,690196 0,000249
сплошь 1,125925 0,000406
способен 0,787106 0,000284
способно 2,167317 0,000782
способны 1,322219 0,000954
способным 1,866287 0,000673
спросил 0,222835 0,000241
спросить 0,495219 0,000357
стал 0,125925 0,000136
стали 0,322219 0,000116
стало 0,091770 0,000033
стану 0,662167 0,000239
старался 1,125925 0,000406
старинное 1,690196 0,000610
старшая 1,088136 0,000392
старые 1,125925 0,000406
старый 0,824895 0,000297
стати 1,213075 0,000437
степени 0,389166 0,000140
стоит 0,316059 0,000570
сторону 0,611015 0,000441
страдает 1,468347 0,000530
странного 1,213075 0,000437
страсти 0,866287 0,000312
страшно 0,434924 0,000157
ступай 0,735954 0,000265
стыдно 0,504560 0,000546
судить 0,912045 0,000329
сумасшедшем 2,167317 0,000782
сумасшедший 0,805589 0,000291
сумасшествия 1,389166 0,000501
сцена 1,167317 0,000421
счесть 1,866287 0,000673
считает 1,088136 0,000785
считать 0,720159 0,000779
съесть 1,690196 0,000610
сюрприз 1,690196 0,000610
сюртук 1,264227 0,000456
такая 0,309985 0,000447
также 0,000000 0,000000
таки 0,066947 0,000121
таким 0,243038 0,000088
такой 0,077412 0,000112
такую 0,334808 0,000121
талантов 1,866287 0,000673
таланты 1,690196 0,000610
тебе 0,203530 0,000147
тебя 0,198834 0,000072
текст 0,000000 0,000000
теперь 0,015029 0,000076
терпеть 1,088136 0,000392
тобой 0,419129 0,000151
товарищ 1,213075 0,000875
тогда 0,050046 0,000036
того 0,005949 0,000006
тоже 0,043466 0,000047
только 0,002964 0,000011
томах 0,000000 0,000000
тому 0,095435 0,000034
торговал 1,690196 0,000610
тотчас 0,046743 0,000051
тоцким 1,468347 0,000530
точно 0,121994 0,000132
тревожной 1,690196 0,000610
третьегодний 2,167317 0,000782
трудом 0,991226 0,000357
тысяч 0,451314 0,000977
тысячах 1,021189 0,000368
тысячу 0,769377 0,000277
тяжело 0,565257 0,000204
убедилась 1,866287 0,000673
убеждена 1,322219 0,000477
уважаешь 2,167317 0,000782
увела 2,167317 0,000782
уверен 0,635838 0,000229
уверенность 1,389166 0,001002
уверены 0,805589 0,000872
уверил 1,389166 0,000501
уверяю 0,648803 0,000234
увидал 0,735954 0,000265
увидим 1,322219 0,000477
увидя 1,264227 0,000456
угадали 1,389166 0,000501
угадать 1,021189 0,000368
удивительно 0,866287 0,000312
удивляет 1,565257 0,000564
удивляюсь 0,912045 0,000329
удостоили 2,167317 0,000782
уедет 1,213075 0,000437
ужасно 0,167317 0,000181
указывая 0,963197 0,000347
уладиться 2,167317 0,000782
улице 0,635838 0,000229
уложила 1,866287 0,000673
умершим 0,000000 0,000000
умна 1,468347 0,000530
урок 1,389166 0,001002
уселся 0,866287 0,000312
усмехаясь 1,389166 0,000501
усмехнувшись 1,264227 0,000456
усмехнулся 0,443041 0,000160
утешать 1,565257 0,000564
ушел 0,599116 0,000216
ушко 2,167317 0,000782
ушли 1,021189 0,000368
уязвленный 2,167317 0,000782
федор 0,000000 0,000000
филипповна 0,824895 0,001190
филипповне 0,936868 0,000338
филипповну 0,888564 0,000641
фокусами 2,167317 0,000782
фокусы 2,167317 0,002345
франц 0,635838 0,000229
характер 0,635838 0,000229
характером 0,866287 0,000625
хороша 0,963197 0,000347
хорошем 1,322219 0,000477
хорошим 1,264227 0,000912
хорошо 0,189594 0,000273
хотел 0,158717 0,000057
хотелось 0,381987 0,000138
хотите 0,419129 0,000756
хоть 0,060107 0,000087
хочу 0,243038 0,000789
целую 0,735954 0,000265
целые 0,787106 0,000284
цель 0,769377 0,000555
церемоньтесь 2,167317 0,000782
часа 0,000000 0,000000
часть 0,002964 0,000002
чего 0,040213 0,000073
человек 0,036984 0,000107
человека 0,154480 0,000056
человеку 0,459747 0,000166
человеческое 1,264227 0,000456
чему 0,341243 0,000123
через 0,258832 0,000093
черт 0,477121 0,000172
черты 0,963197 0,000347
честнее 1,468347 0,000530
честных 1,389166 0,001002
чиновник 0,963197 0,000347
чином 1,866287 0,000673
число 0,000000 0,000000
читаем 0,000000 0,000000
читать 0,000000 0,000000
чрез 0,275223 0,000099
чрезвычайная 1,213075 0,000437
чрезвычайно 0,217927 0,000157
чтоб 0,073896 0,000027
чувства 0,495219 0,000179
чувством 0,704919 0,000254
чужую 1,866287 0,000673
чуть 0,176091 0,000191
чьего 0,000000 0,000000
шага 1,167317 0,000421
шестьдесят 1,167317 0,000421
шляпу 0,912045 0,000329
этакие 1,167317 0,000421
этаком 2,167317 0,000782
этакую 1,167317 0,000421
этих 0,213075 0,000231
этого 0,053374 0,000115
этом 0,046743 0,000017
этому 0,322219 0,000116
этот 0,011981 0,000009
язвительно 1,389166 0,000501
ясно 0,354404 0,000128
