автор 0,000000 0,000000
автора 1,468347 0,001852
автором 0,000000 0,000000
авторского 0,000000 0,000000
авторы 0,000000 0,000000
аккуратность 2,167317 0,002733
алексей 0,000000 0,000000
алексея 0,000000 0,000000
анне 2,167317 0,002733
беда 0,866287 0,001092
безо 0,599116 0,000756
бесплодные 2,167317 0,005466
беспристрастном 2,167317 0,002733
бестолочи 2,167317 0,002733
библиотека 0,000000 0,000000
биограф 2,167317 0,002733
более 0,000000 0,000000
большинстве 1,468347 0,001852
братья 0,176091 0,001110
бросить 0,963197 0,002429
бывает 0,599116 0,000756
было 0,000000 0,000000
быть 0,002964 0,000007
ведь 0,043466 0,000055
вежливости 1,322219 0,001667
великий 0,845098 0,001066
весьма 0,243038 0,000306
ветром 1,866287 0,002353
визиты 0,000000 0,000000
внимание 0,704919 0,000889
вознаграждения 0,000000 0,000000
вопрос 0,222835 0,000281
вопросов 0,866287 0,001092
вопросы 0,599116 0,000756
впрочем 0,118099 0,000447
вредят 2,167317 0,002733
время 0,043466 0,000329
вроде 0,662167 0,000835
всегда 0,129891 0,000328
всеобщей 1,565257 0,001974
всякого 0,514105 0,000648
второй 0,704919 0,001778
втором 1,213075 0,001530
вторых 0,720159 0,000908
выбрали 1,690196 0,002131
выплаты 0,000000 0,000000
героем 2,167317 0,005466
героя 1,167317 0,007360
главный 0,963197 0,001215
говорю 0,203530 0,000513
григорьевне 2,167317 0,002733
давно 0,158717 0,000200
даже 0,005949 0,000023
дальше 0,002964 0,000004
данные 0,000000 0,000000
даром 0,769377 0,000970
дают 1,088136 0,001372
двумя 0,720159 0,000908
двух 0,264227 0,000333
деликатные 2,167317 0,002733
дело 0,063514 0,000080
делу 0,468347 0,000591
дескать 0,419129 0,000529
деятель 1,866287 0,004707
деятельность 1,389166 0,001752
добросовестность 2,167317 0,002733
довольно 0,129891 0,000164
доказать 0,936868 0,001181
должен 0,258832 0,000326
досадовал 1,690196 0,002131
достоевский 0,000000 0,000000
достоевской 2,167317 0,002733
достояние 0,000000 0,000000
дочитать 2,167317 0,002733
драгоценное 1,468347 0,003703
духом 0,866287 0,001092
евангелие 1,213075 0,001530
единстве 2,167317 0,002733
если 0,011981 0,000060
есть 0,018098 0,000068
жизнеописание 1,866287 0,004707
жизни 0,222835 0,000281
законный 1,565257 0,001974
замечателен 1,690196 0,002131
заносчивость 2,167317 0,002733
запросто 1,125925 0,001420
заране 1,690196 0,002131
затруднение 2,167317 0,002733
захотят 1,389166 0,001752
зачем 0,146128 0,000184
землю 0,565257 0,000713
зерно 1,468347 0,001852
значения 1,565257 0,001974
знаю 0,095435 0,000120
известен 1,053374 0,001328
излишне 1,866287 0,002353
изучение 1,565257 0,001974
именно 0,066947 0,000169
иной 0,587534 0,000741
иоанна 1,690196 0,002131
использоваться 0,000000 0,000000
истинно 1,125925 0,002840
источник 0,000000 0,000000
каким 0,194189 0,000245
каково 0,991226 0,001250
какой 0,095435 0,000120
карамазова 0,912045 0,001150
карамазовы 0,180546 0,001138
клонил 2,167317 0,002733
книги 0,000000 0,000000
книгу 0,936868 0,001181
когда 0,015029 0,000019
коль 0,720159 0,000908
комаров 0,000000 0,000000
кому 0,341243 0,000430
конечно 0,060107 0,000076
конца 0,704919 0,000889
которые 0,189594 0,000239
критики 1,389166 0,001752
легче 0,787106 0,000993
либо 0,000000 0,000000
литература 0,000000 0,000000
лицом 0,000000 0,000000
лишнее 1,264227 0,001594
лишь 0,185046 0,000467
любым 0,000000 0,000000
людей 0,298086 0,000376
люди 0,269690 0,000340
меня 0,027438 0,000104
много 0,080958 0,000102
многое 0,662167 0,000835
могу 0,171682 0,000216
моего 0,367977 0,002320
моей 0,280827 0,000354
может 0,000000 0,000000
можно 0,088136 0,000111
моим 0,675956 0,000852
момент 0,720159 0,001816
момента 0,000000 0,000000
назад 0,000000 0,000000
название 0,000000 0,000000
называю 1,468347 0,001852
найти 0,000000 0,000000
написано 0,000000 0,000000
наплывным 2,167317 0,002733
например 0,298086 0,000376
напротив 0,180546 0,000228
насчет 0,354404 0,000447
наука 0,000000 0,000000
нахожу 1,565257 0,001974
нахожусь 1,866287 0,002353
начал 0,137934 0,000174
начала 0,381987 0,000482
начиная 0,991226 0,001250
наше 0,662167 0,001670
невозможно 0,411442 0,000519
невыяснившийся 2,167317 0,002733
него 0,000000 0,000000
недоумении 0,805589 0,001016
неизбежные 2,167317 0,002733
некотором 1,021189 0,001288
нелюбопытные 2,167317 0,002733
неопределенного 1,866287 0,002353
неопределенный 1,866287 0,002353
непонятным 1,565257 0,001974
непременно 0,133894 0,000169
несмотря 0,275223 0,000347
несомненно 0,704919 0,000889
нибудь 0,030597 0,000077
никто 0,185046 0,000233
ничем 0,769377 0,000970
носит 1,322219 0,001667
ободрюсь 2,167317 0,002733
обойти 1,565257 0,001974
обойтись 1,125925 0,001420
обособление 2,167317 0,005466
образом 0,347773 0,000439
общественное 0,000000 0,000000
общий 1,167317 0,001472
объединить 2,167317 0,002733
объяснения 1,088136 0,001372
объяснить 0,623249 0,000786
один 0,046743 0,000059
однако 0,102859 0,000130
одно 0,099131 0,000375
одного 0,150284 0,000190
определит 2,167317 0,002733
опубликовано 0,000000 0,000000
особенно 0,129891 0,000164
остальные 0,704919 0,000889
останется 0,704919 0,001778
ответите 1,690196 0,002131
ответить 0,735954 0,000928
отвечу 1,468347 0,001852
отнюдь 0,824895 0,001040
оторвались 2,167317 0,002733
оформление 0,000000 0,000000
ошибиться 1,565257 0,001974
падши 1,690196 0,002131
первая 0,419129 0,000529
первого 0,411442 0,001038
первой 0,720159 0,000908
первом 0,805589 0,001016
первоначальное 2,167317 0,002733
первый 0,248239 0,000313
первым 0,769377 0,000970
первых 0,367977 0,000464
перед 0,554533 0,000699
перешло 0,000000 0,000000
плода 1,690196 0,002131
подборка 0,000000 0,000000
пожалуй 0,237898 0,001200
познакомившись 1,866287 0,002353
понравится 1,866287 0,002353
посвящается 2,167317 0,002733
посему 1,690196 0,002131
посетителей 0,000000 0,000000
посетители 0,000000 0,000000
последний 0,403889 0,000509
последним 1,053374 0,001328
посмертно 0,000000 0,000000
потому 0,024303 0,000061
почему 0,099131 0,000250
почти 0,024303 0,000031
право 0,361137 0,000455
предвижу 2,167317 0,005466
предисловие 1,866287 0,002353
предисловия 1,690196 0,002131
предлог 1,565257 0,001974
предупредил 1,322219 0,001667
прижизненно 0,000000 0,000000
примечателен 2,167317 0,002733
примечательностью 2,167317 0,002733
принесет 1,468347 0,001852
приниматься 2,167317 0,002733
прискорбием 2,167317 0,002733
программирование 0,000000 0,000000
прозорливый 2,167317 0,002733
произведение 0,000000 0,000000
произведений 0,000000 0,000000
произведения 0,000000 0,000000
произошел 0,888564 0,001121
просто 0,232819 0,000294
прочтут 2,167317 0,005466
прошло 0,000000 0,000000
публикации 0,000000 0,000000
пускался 2,167317 0,002733
пусть 0,253503 0,000320
пшеничное 1,690196 0,002131
разбился 1,690196 0,002131
разрешении 1,866287 0,002353
разрешения 0,000000 0,000000
разумеется 0,328468 0,000414
раскрывать 2,167317 0,002733
рассказ 0,866287 0,001092
рассказа 0,845098 0,002131
рассказом 1,167317 0,001472
решаюсь 1,690196 0,002131
решительно 0,341243 0,000430
роковой 1,167317 0,001472
роман 1,125925 0,008519
романа 1,264227 0,006377
романе 1,565257 0,001974
романов 1,565257 0,001974
русская 0,000000 0,000000
русские 1,088136 0,001372
сайте 0,000000 0,000000
сами 0,142011 0,000179
самого 0,118099 0,000149
самый 0,198834 0,000501
свободно 0,000000 0,000000
своим 0,208276 0,000263
связан 1,565257 0,001974
сделал 0,381987 0,000482
себе 0,033778 0,000043
сегодня 0,000000 0,000000
семидесяти 0,000000 0,000000
сердцевину 2,167317 0,002733
сердцу 0,769377 0,000970
скорее 0,514105 0,000648
скромного 1,565257 0,001974
слова 0,129891 0,000328
случаев 1,468347 0,001852
смутные 2,167317 0,002733
собою 0,347773 0,000439
собрание 0,000000 0,000000
совершенно 0,180546 0,000228
согласен 0,648803 0,000818
согласитесь 0,845098 0,001066
согласия 0,000000 0,000000
согласятся 2,167317 0,002733
сомневаюсь 1,468347 0,001852
сочинений 0,000000 0,000000
стало 0,091770 0,000116
стоит 0,316059 0,000399
стороны 0,185046 0,000233
страниц 1,866287 0,002353
странно 0,354404 0,000447
странность 1,468347 0,001852
странный 0,787106 0,000993
стремятся 1,866287 0,002353
суждении 2,167317 0,002733
существенном 1,866287 0,002353
также 0,000000 0,000000
таки 0,066947 0,000253
такие 0,232819 0,000294
таким 0,243038 0,000306
такими 0,690196 0,000870
таковы 1,167317 0,001472
таковых 1,389166 0,001752
такого 0,243038 0,000613
такое 0,114239 0,000144
такую 0,334808 0,000422
тезисом 2,167317 0,002733
текст 0,000000 0,000000
текущий 1,866287 0,002353
теперешний 1,167317 0,001472
теперь 0,015029 0,000019
теряясь 2,167317 0,002733
толк 1,690196 0,002131
только 0,002964 0,000007
томах 0,000000 0,000000
тому 0,095435 0,000361
точности 0,866287 0,001092
тратил 2,167317 0,002733
тратить 1,565257 0,001974
трачу 2,167317 0,002733
требовать 1,213075 0,001530
тринадцать 1,389166 0,001752
увидите 0,769377 0,000970
увидят 1,264227 0,001594
угадал 1,125925 0,001420
умершим 0,000000 0,000000
умрет 0,824895 0,002080
усложняется 1,866287 0,002353
успею 1,565257 0,001974
фактов 0,991226 0,001250
федор 0,000000 0,000000
федорович 0,253503 0,000320
федоровича 0,426955 0,002154
хитрости 1,468347 0,001852
хоть 0,060107 0,000076
хотя 0,050046 0,000063
целого 1,125925 0,002840
часа 0,000000 0,000000
частности 1,565257 0,001974
частность 1,866287 0,004707
часть 0,002964 0,000004
частях 1,866287 0,002353
человек 0,036984 0,000093
четырех 0,888564 0,001121
число 0,000000 0,000000
читаем 0,000000 0,000000
читатели 1,866287 0,002353
читатель 1,322219 0,005002
читателю 1,264227 0,001594
читать 0,000000 0,000000
чтоб 0,073896 0,000186
чтобы 0,030597 0,000039
чудак 1,866287 0,007060
чудачество 2,167317 0,002733
чьего 0,000000 0,000000
эпизоде 1,690196 0,002131
эпилогом 2,167317 0,002733
эпохи 1,565257 0,001974
этим 0,189594 0,000239
этого 0,053374 0,000067
юности 1,088136 0,001372
являться 1,322219 0,001667
ясности 1,468347 0,001852
