автор 0,000000 0,000000
автором 0,000000 0,000000
авторского 0,000000 0,000000
авторы 0,000000 0,000000
алексей 0,000000 0,000000
алексея 0,000000 0,000000
алеша 0,381987 0,001634
алеше 0,523865 0,000747
алешу 0,565257 0,001209
атра 2,167317 0,001545
батюшка 0,675956 0,000482
бедным 1,389166 0,000990
бедняка 1,866287 0,001330
безмолвных 2,167317 0,001545
беспокоиться 1,322219 0,000942
беспокойный 1,468347 0,001047
беспокойтесь 0,805589 0,001148
бессилии 1,213075 0,000865
библии 2,167317 0,001545
библиотека 0,000000 0,000000
более 0,000000 0,000000
большими 1,088136 0,000776
большого 0,769377 0,000548
боялся 0,587534 0,000419
брат 0,303994 0,000217
братья 0,176091 0,000502
бревенчатые 2,167317 0,001545
брезгливое 2,167317 0,001545
бросил 0,554533 0,000395
бросился 0,451314 0,000643
будем 0,648803 0,000462
будет 0,077412 0,000166
будешь 0,648803 0,000462
будто 0,099131 0,000141
буду 0,208276 0,000297
было 0,000000 0,000000
быстро 0,232819 0,000332
быть 0,002964 0,000004
вами 0,232819 0,000166
ваше 0,434924 0,002170
вашего 0,443041 0,000316
вашу 0,504560 0,000360
вверх 0,866287 0,000617
ввиду 1,088136 0,000776
вдруг 0,005949 0,000051
ведь 0,043466 0,000155
весной 1,322219 0,000942
весь 0,099131 0,000212
вечер 0,477121 0,000340
вечером 0,533849 0,000761
взбесившийся 2,167317 0,001545
взвизгивая 1,690196 0,001205
взвизгов 2,167317 0,001545
взгляд 0,396465 0,000565
вздрогнул 0,565257 0,000403
взор 1,468347 0,001047
видел 0,248239 0,000177
видели 0,495219 0,000353
видимо 0,328468 0,000234
видите 0,396465 0,000283
визиты 0,000000 0,000000
вить 2,167317 0,003090
властно 1,565257 0,001116
вместо 0,411442 0,000587
внимания 0,845098 0,001205
внушительным 2,167317 0,001545
возбуждении 1,088136 0,000776
вознаграждения 0,000000 0,000000
возьми 0,704919 0,000502
вопрос 0,222835 0,000159
воротился 0,599116 0,000427
воскликнул 0,309985 0,000221
восклицала 1,167317 0,000832
вперед 0,426955 0,000304
всей 0,248239 0,000354
всему 0,486076 0,000346
всех 0,060107 0,000086
вскинул 1,021189 0,001456
вскричал 0,292256 0,000208
вслед 0,523865 0,000747
вследствие 0,888564 0,000633
всплеснул 1,167317 0,000832
выбежал 1,053374 0,000751
выбери 2,167317 0,001545
выздоровеешь 2,167317 0,001545
выплаты 0,000000 0,000000
высвободился 2,167317 0,001545
выскочил 1,125925 0,002408
выть 2,167317 0,001545
выходил 0,963197 0,000687
выходным 1,866287 0,001330
глазами 0,403889 0,000576
глянул 1,389166 0,000990
гневная 2,167317 0,001545
гневно 1,264227 0,000901
голове 0,554533 0,000395
головой 0,533849 0,000381
голову 0,227798 0,000162
голос 0,533849 0,000381
голосе 0,963197 0,000687
голоском 1,213075 0,000865
голосом 0,396465 0,000283
голубчик 0,587534 0,000419
голые 1,690196 0,001205
горе 0,769377 0,000548
горько 0,690196 0,000492
громко 0,504560 0,001079
губы 0,599116 0,000854
гулять 1,088136 0,000776
даже 0,005949 0,000004
дальше 0,002964 0,000002
данные 0,000000 0,000000
дать 0,623249 0,000444
дверей 1,053374 0,000751
дверь 0,367977 0,000525
дверям 1,125925 0,000803
делать 0,426955 0,000304
деле 0,162996 0,000116
дело 0,063514 0,000045
день 0,162996 0,000116
деревянною 2,167317 0,001545
держал 0,866287 0,000617
десятая 1,167317 0,001664
диким 1,322219 0,000942
довольно 0,129891 0,000093
договорил 1,125925 0,001605
доктор 0,735954 0,011016
доктора 0,936868 0,003339
доктором 1,167317 0,000832
должны 0,576253 0,000411
домой 0,459747 0,000328
достоевский 0,000000 0,000000
достояние 0,000000 0,000000
дочь 0,587534 0,000419
драгоценного 1,468347 0,001047
дрожали 1,322219 0,000942
другого 0,396465 0,000565
если 0,011981 0,000034
есть 0,018098 0,000039
жалко 0,912045 0,000650
жаль 0,635838 0,000453
ждать 0,554533 0,000395
ждет 0,787106 0,000561
забуду 1,088136 0,002327
забывай 1,690196 0,001205
заговорил 0,599116 0,000427
задрожавшим 2,167317 0,001545
задрожали 1,322219 0,000942
закипятился 1,866287 0,001330
закутанный 2,167317 0,001545
залилась 1,264227 0,000901
заметив 0,936868 0,000668
запачкаться 2,167317 0,001545
записку 1,021189 0,000728
заплакал 0,866287 0,000617
затворил 1,468347 0,001047
затопал 1,565257 0,001116
затрясся 1,125925 0,000803
захлебнувшись 2,167317 0,001545
зашагал 1,389166 0,000990
звал 1,213075 0,000865
звон 1,690196 0,001205
здешний 1,053374 0,000751
здоров 1,167317 0,000832
знает 0,171682 0,000122
знаете 0,286504 0,000204
знаю 0,095435 0,000136
зубами 1,125925 0,000803
иван 0,303994 0,000217
иерусалим 1,690196 0,001205
иерусалиме 2,167317 0,003090
избе 1,088136 0,000776
избы 1,264227 0,000901
извиваясь 1,866287 0,001330
измениться 1,468347 0,001047
илюша 1,213075 0,006052
илюшей 1,468347 0,001047
илюшечка 1,389166 0,002970
илюши 1,565257 0,002231
использоваться 0,000000 0,000000
испуганно 1,021189 0,000728
испуганный 1,322219 0,000942
исступленное 1,565257 0,001116
источник 0,000000 0,000000
исхудалые 2,167317 0,001545
кавказ 1,866287 0,002660
каждому 0,912045 0,000650
камня 1,322219 0,000942
капитан 0,991226 0,007772
карамазов 0,587534 0,000419
карамазовы 0,180546 0,000515
карета 1,690196 0,001205
карете 1,565257 0,002231
кляну 2,167317 0,001545
книга 0,176091 0,000377
книги 0,000000 0,000000
колей 1,322219 0,000942
колени 0,888564 0,000633
коли 0,269690 0,000384
колю 0,805589 0,001723
коля 0,565257 0,004029
комаров 0,000000 0,000000
комнату 0,468347 0,000668
комнаты 0,443041 0,000316
конфузясь 1,866287 0,001330
которое 0,426955 0,000304
которому 0,468347 0,000334
красоткин 1,213075 0,001729
красоткину 1,389166 0,001980
красоткиным 1,690196 0,001205
крепко 0,443041 0,000632
крепясь 1,690196 0,001205
кресле 1,088136 0,000776
крикнул 0,381987 0,001089
кругом 0,419129 0,000299
кулаками 1,565257 0,001116
курс 1,322219 0,000942
кусается 2,167317 0,001545
кучеру 1,565257 0,001116
лавкой 1,690196 0,001205
лекарь 1,866287 0,007981
летье 2,167317 0,001545
лечебницу 2,167317 0,001545
либо 0,000000 0,000000
литература 0,000000 0,000000
лицо 0,114239 0,000326
лицом 0,000000 0,000000
личности 1,322219 0,000942
лишь 0,185046 0,000264
люби 1,213075 0,000865
любым 0,000000 0,000000
людьми 0,623249 0,000444
мальчика 0,648803 0,001387
мальчиком 1,389166 0,000990
мамаша 1,021189 0,000728
маменька 0,936868 0,000668
мать 0,389166 0,000277
махнул 1,213075 0,000865
медля 1,565257 0,002231
мельком 0,912045 0,000650
меня 0,027438 0,000196
места 0,389166 0,000277
мешать 1,389166 0,000990
минуту 0,084532 0,000121
мире 0,704919 0,000502
могилку 1,468347 0,001047
могла 0,286504 0,000204
могли 0,374926 0,000267
могло 0,403889 0,000576
моей 0,280827 0,000200
моему 0,354404 0,000253
может 0,000000 0,000000
молодыми 1,866287 0,001330
молчали 1,088136 0,000776
молчи 0,912045 0,000650
молчите 1,213075 0,000865
мольбой 1,690196 0,001205
момента 0,000000 0,000000
навеки 0,648803 0,000462
надо 0,036984 0,000053
назад 0,000000 0,000000
название 0,000000 0,000000
назови 2,167317 0,001545
найти 0,000000 0,000000
написано 0,000000 0,000000
например 0,298086 0,000212
нарочно 0,227798 0,000162
настойчиво 0,787106 0,000561
наука 0,000000 0,000000
нахмурившись 1,213075 0,000865
начал 0,137934 0,000197
начнет 0,963197 0,000687
нашего 0,396465 0,000283
нашел 0,648803 0,000462
небрежным 1,866287 0,001330
него 0,000000 0,000000
нелепо 1,167317 0,000832
немедленно 0,554533 0,000395
нему 0,080958 0,000058
непременно 0,133894 0,000286
несколько 0,102859 0,000147
нетерпеливее 1,866287 0,001330
нетерпеливо 0,936868 0,000668
неужели 0,389166 0,000555
никогда 0,088136 0,000063
николаю 1,264227 0,000901
нимало 0,991226 0,001413
ниночка 1,468347 0,001047
ничего 0,030597 0,000087
новый 0,648803 0,000462
новых 0,963197 0,000687
ногами 0,912045 0,000650
нотка 1,389166 0,000990
обвел 1,468347 0,001047
обеда 0,912045 0,000650
обеду 1,389166 0,000990
обеими 0,787106 0,000561
обнявшись 1,866287 0,001330
обнял 1,088136 0,000776
обоими 1,264227 0,001802
обоих 0,635838 0,000906
обратился 0,443041 0,000316
обращайте 1,690196 0,001205
обращать 1,690196 0,001205
обстановку 1,565257 0,001116
общественное 0,000000 0,000000
объявил 0,599116 0,000427
объятие 1,866287 0,001330
объятий 1,690196 0,001205
одиннадцатая 1,088136 0,000776
однако 0,102859 0,000147
одно 0,099131 0,000212
окинул 1,866287 0,001330
опубликовано 0,000000 0,000000
опустился 1,167317 0,000832
опять 0,027438 0,000078
осердившись 1,866287 0,001330
оскорбления 1,322219 0,000942
остальное 0,963197 0,000687
остановил 0,991226 0,001413
ответил 0,237898 0,000170
отворив 1,389166 0,000990
отрезал 0,824895 0,001176
отчаянии 0,912045 0,001300
отчеканил 1,468347 0,002093
отчета 1,322219 0,000942
оформление 0,000000 0,000000
очень 0,024303 0,000017
папа 1,021189 0,008006
папу 2,167317 0,003090
папы 1,866287 0,001330
париж 1,264227 0,000901
пациента 1,690196 0,001205
пель 2,167317 0,001545
переговорил 1,389166 0,000990
перезвон 1,468347 0,006279
перезвона 1,565257 0,003347
перешло 0,000000 0,000000
плакала 0,866287 0,000617
плача 1,264227 0,000901
плачет 0,824895 0,000588
плачущими 1,866287 0,001330
плачь 1,167317 0,000832
плече 2,167317 0,001545
плюнул 1,213075 0,000865
побледнев 1,389166 0,000990
повинуюсь 2,167317 0,001545
повторил 0,752344 0,000536
повторяя 1,866287 0,001330
поглядел 0,554533 0,000395
подборка 0,000000 0,000000
подбородок 2,167317 0,001545
поди 1,125925 0,000803
подсаживать 2,167317 0,001545
подъехала 1,866287 0,001330
пожалуй 0,237898 0,000170
понимаю 0,381987 0,000272
понимая 0,787106 0,000561
поняв 1,053374 0,000751
поразит 1,866287 0,001330
порог 1,389166 0,000990
пороге 1,053374 0,000751
посетителей 0,000000 0,000000
посетители 0,000000 0,000000
после 0,084532 0,000121
последнего 0,635838 0,000453
последнею 1,565257 0,001116
последних 0,866287 0,000617
посмертно 0,000000 0,000000
постельки 1,565257 0,001116
постоял 1,167317 0,000832
потерялся 1,213075 0,000865
потом 0,084532 0,000121
потому 0,024303 0,000017
похорони 2,167317 0,001545
почему 0,099131 0,000071
почти 0,024303 0,000052
пошел 0,275223 0,000196
пояснения 1,866287 0,001330
превосходительство 1,213075 0,005188
пред 0,033778 0,000072
предуведомил 2,167317 0,001545
пресекся 1,389166 0,000990
приведу 1,468347 0,001047
привезшая 2,167317 0,001545
привычно 2,167317 0,001545
приговор 1,125925 0,000803
приготовился 1,322219 0,000942
придете 1,322219 0,000942
прижавшись 1,866287 0,001330
прижал 1,468347 0,001047
прижизненно 0,000000 0,000000
прийти 0,662167 0,000472
приказывать 1,866287 0,001330
прильпнет 2,167317 0,001545
приостановился 1,213075 0,000865
приходил 0,720159 0,000513
приходите 1,565257 0,001116
пробормотал 0,334808 0,000239
проговорил 0,154480 0,000551
программирование 0,000000 0,000000
продержав 2,167317 0,001545
продолжал 0,292256 0,000208
продолжать 0,690196 0,000492
прозвенела 1,866287 0,001330
произведение 0,000000 0,000000
произведений 0,000000 0,000000
произведения 0,000000 0,000000
произнес 0,361137 0,000257
произойти 0,963197 0,001373
прокричал 0,720159 0,000513
пролепетал 1,053374 0,000751
променяю 1,866287 0,001330
простонал 1,468347 0,001047
прошел 0,662167 0,000944
прошептал 0,675956 0,000482
прошло 0,000000 0,000000
прощай 0,805589 0,000574
прощайте 0,845098 0,001807
публикации 0,000000 0,000000
пять 0,275223 0,000196
ради 0,752344 0,000536
разве 0,146128 0,000104
развитие 1,264227 0,000901
размахнул 2,167317 0,001545
разом 0,389166 0,000277
разорву 1,690196 0,001205
разрешения 0,000000 0,000000
раннее 1,468347 0,001047
раннею 2,167317 0,001545
раньше 0,599116 0,000427
расплакаться 1,866287 0,001330
расскажу 0,912045 0,001300
ревматизмов 2,167317 0,001545
резко 0,648803 0,000462
руками 0,280827 0,000600
руки 0,167317 0,000119
руку 0,222835 0,000159
русская 0,000000 0,000000
ручки 1,213075 0,000865
рыданий 1,468347 0,001047
рыдать 1,468347 0,001047
сайте 0,000000 0,000000
сами 0,142011 0,000202
самого 0,118099 0,000084
самом 0,114239 0,000081
сверкнув 1,690196 0,001205
свиданья 1,125925 0,000803
свирепо 1,322219 0,000942
свободно 0,000000 0,000000
свое 0,150284 0,000107
своем 0,198834 0,000142
свои 0,146128 0,000104
свою 0,073896 0,000105
сдержать 1,088136 0,000776
себе 0,033778 0,000024
себя 0,005949 0,000004
сегодня 0,000000 0,000000
сейчас 0,070407 0,000100
секунд 0,936868 0,000668
семейство 0,936868 0,002003
семидесяти 0,000000 0,000000
сеней 1,565257 0,001116
сени 1,125925 0,001605
сенях 1,088136 0,000776
сердито 1,389166 0,000990
сердитое 2,167317 0,001545
сечь 1,565257 0,003347
силах 0,623249 0,000444
силы 0,514105 0,000733
сиракузах 2,167317 0,001545
сиракузы 2,167317 0,003090
сицилии 2,167317 0,001545
сицилию 2,167317 0,003090
скажете 1,088136 0,000776
сказал 0,099131 0,000353
сказать 0,073896 0,000053
склонив 1,565257 0,001116
скоро 0,298086 0,000425
скороговоркой 1,264227 0,001802
скорыми 1,468347 0,001047
скрежеща 1,565257 0,001116
слезами 0,554533 0,000395
слишком 0,133894 0,000095
слова 0,129891 0,000278
словно 0,866287 0,000617
слово 0,232819 0,000498
слогу 2,167317 0,001545
смотря 0,322219 0,000459
собака 1,264227 0,000901
собаке 1,322219 0,000942
собой 0,253503 0,000181
собою 0,347773 0,000248
собрание 0,000000 0,000000
совсем 0,021189 0,000030
согласия 0,000000 0,000000
согнувшись 1,866287 0,001330
соединив 2,167317 0,001545
сожалению 1,690196 0,001205
сорвался 1,389166 0,000990
состоянии 0,459747 0,000328
сочинений 0,000000 0,000000
спасет 1,322219 0,000942
спрашивая 1,389166 0,000990
спрятав 2,167317 0,001545
средствах 1,565257 0,001116
ставшего 1,866287 0,001330
стал 0,125925 0,000090
старик 0,434924 0,000620
стены 0,963197 0,000687
стиснув 1,690196 0,001205
столбняке 1,866287 0,001330
столько 0,477121 0,000680
стоял 0,309985 0,000221
стояли 0,690196 0,000492
страшном 0,991226 0,000707
стремительно 0,936868 0,000668
строго 0,576253 0,000821
супругу 1,088136 0,000776
существо 0,690196 0,000492
счастливы 1,213075 0,000865
сюда 0,232819 0,000166
также 0,000000 0,000000
таки 0,066947 0,000048
такое 0,114239 0,000244
тебе 0,203530 0,000870
тебя 0,198834 0,000142
текст 0,000000 0,000000
теперешнего 1,322219 0,000942
теперь 0,015029 0,000032
тесь 2,167317 0,001545
тихо 0,354404 0,000253
тобой 0,419129 0,000299
товь 2,167317 0,001545
тогда 0,050046 0,000036
того 0,005949 0,000008
тоже 0,043466 0,000031
только 0,002964 0,000006
томах 0,000000 0,000000
тотчас 0,046743 0,000067
точно 0,121994 0,000174
трое 0,824895 0,000588
туда 0,495219 0,000353
убитое 1,866287 0,001330
уведу 1,866287 0,001330
увидав 0,888564 0,000633
увидимся 1,565257 0,001116
ударяя 1,468347 0,001047
удивленно 1,565257 0,001116
ужасно 0,167317 0,000119
указал 0,866287 0,000617
указывая 0,963197 0,001373
укусит 1,866287 0,001330
улицу 0,735954 0,000525
умершим 0,000000 0,000000
умру 0,805589 0,000574
условий 1,565257 0,001116
услышали 1,213075 0,000865
усмехнулся 0,443041 0,000316
уставившись 2,167317 0,001545
федор 0,000000 0,000000
федорович 0,253503 0,000181
фуражкой 1,866287 0,001330
ходи 1,389166 0,001980
ходили 1,125925 0,000803
хозяин 1,125925 0,000803
хорошего 0,991226 0,002120
хотелось 0,381987 0,000272
хотя 0,050046 0,000071
хочу 0,243038 0,000346
христа 0,912045 0,000650
целом 0,866287 0,000617
часа 0,000000 0,000000
часть 0,002964 0,000004
человек 0,036984 0,000026
ческих 2,167317 0,001545
четвертая 0,426955 0,000609
число 0,000000 0,000000
читаем 0,000000 0,000000
читать 0,000000 0,000000
чрез 0,275223 0,000196
чрезвычайном 0,824895 0,000588
чтобы 0,030597 0,000022
чьего 0,000000 0,000000
шагами 0,963197 0,000687
шагнуть 2,167317 0,001545
шалун 1,866287 0,001330
шепотом 0,675956 0,000482
школьник 1,264227 0,000901
штабс 1,021189 0,008006
шубу 1,322219 0,000942
этом 0,046743 0,000067
этот 0,011981 0,000009
этта 1,690196 0,004819
ятных 2,167317 0,001545
