автор 0,000000 0,000000
автором 0,000000 0,000000
авторского 0,000000 0,000000
авторы 0,000000 0,000000
алексей 0,000000 0,000000
алексея 0,000000 0,000000
алеша 0,381987 0,002633
алеше 0,523865 0,000451
алешей 0,752344 0,000324
алеши 0,544068 0,001172
алешка 1,088136 0,001406
алешу 0,565257 0,001461
ангелов 1,690196 0,000728
антидорцу 2,167317 0,000934
баррикады 2,167317 0,000934
бездарный 1,866287 0,000804
безжалостным 2,167317 0,000934
безрассуден 2,167317 0,000934
безучастно 1,690196 0,000728
белиберда 2,167317 0,000934
берет 1,021189 0,000440
бесславие 2,167317 0,000934
бесспорный 1,213075 0,000523
бесчестен 1,213075 0,000523
библиотека 0,000000 0,000000
благоглупости 1,866287 0,000804
бога 0,451314 0,000583
более 0,000000 0,000000
больше 0,137934 0,000059
боялся 0,587534 0,000253
боясь 0,963197 0,000415
брат 0,303994 0,000393
брата 0,389166 0,000168
брате 1,167317 0,000503
братец 1,264227 0,001089
братом 0,769377 0,000663
братья 0,176091 0,000303
будет 0,077412 0,000067
буду 0,208276 0,000090
бунт 1,322219 0,000570
бунтуюсь 2,167317 0,000934
бывшего 1,088136 0,000469
была 0,046743 0,000060
было 0,000000 0,000000
быстро 0,232819 0,000100
быть 0,002964 0,000009
ванечка 1,866287 0,001608
вашу 0,504560 0,000217
вдруг 0,005949 0,000028
ведь 0,043466 0,000150
великой 1,322219 0,000570
верил 0,752344 0,000648
верит 0,991226 0,000427
верным 1,468347 0,000633
веровал 1,213075 0,002091
верований 2,167317 0,000934
верованию 2,167317 0,000934
веровать 1,565257 0,002023
вероятное 2,167317 0,000934
веру 0,845098 0,000364
верую 1,088136 0,000469
верх 1,088136 0,000469
верят 1,468347 0,000633
весело 0,648803 0,000280
весь 0,099131 0,000128
весьма 0,243038 0,000209
взбунтовался 1,866287 0,000804
взгляни 1,565257 0,000674
взглянул 0,805589 0,000347
взоре 1,866287 0,000804
взяло 1,468347 0,000633
видел 0,248239 0,000214
видимо 0,328468 0,000142
видите 0,396465 0,000171
виднелось 2,167317 0,000934
виду 0,544068 0,000234
вижу 0,286504 0,000123
визиты 0,000000 0,000000
влек 2,167317 0,000934
вместе 0,208276 0,000090
вместо 0,411442 0,000355
внезапно 0,623249 0,000806
внезапной 1,468347 0,000633
внезапную 1,389166 0,000599
вовсе 0,150284 0,000259
водка 2,167317 0,000934
водки 1,322219 0,001139
водочки 2,167317 0,000934
возлюбленного 2,167317 0,000934
возлюбленное 2,167317 0,000934
возлюбленном 2,167317 0,000934
вознаграждения 0,000000 0,000000
вознесен 2,167317 0,000934
возня 1,866287 0,000804
возрастом 1,690196 0,000728
возрасту 1,866287 0,000804
возроптал 2,167317 0,000934
вообрази 1,468347 0,000633
вопрос 0,222835 0,000096
вопросы 0,599116 0,000258
воротится 1,213075 0,000523
воскликнул 0,309985 0,000134
воскликнут 1,690196 0,000728
воспоминание 0,963197 0,000415
восторжествовала 2,167317 0,000934
вперед 0,426955 0,000184
впечатление 0,544068 0,000234
впечатлением 1,213075 0,000523
впечатлении 1,690196 0,000728
впечатления 1,021189 0,000880
вполне 0,316059 0,000136
впрочем 0,118099 0,000102
временами 1,264227 0,000545
время 0,043466 0,000037
всегда 0,129891 0,000056
всего 0,040213 0,000087
всем 0,070407 0,000091
всех 0,060107 0,000052
вслух 0,533849 0,000230
вспоминал 0,963197 0,000830
всякий 0,514105 0,000222
всякому 1,021189 0,000440
вторых 0,720159 0,000310
вчерашнего 0,866287 0,000746
выводить 1,565257 0,000674
выводят 1,690196 0,000728
выговорил 0,824895 0,000355
выговорить 0,963197 0,000415
выгодная 2,167317 0,000934
выгодной 2,167317 0,000934
выйти 0,587534 0,000253
вылетело 1,468347 0,000633
вынести 0,888564 0,000383
выплаты 0,000000 0,000000
выпьешь 1,565257 0,000674
выражало 1,468347 0,000633
выражение 0,805589 0,000347
высшей 0,544068 0,000234
выше 0,720159 0,000310
вышла 0,495219 0,000213
героя 1,167317 0,001006
глаза 0,129891 0,000112
глазах 0,459747 0,000198
глумление 2,167317 0,000934
глядел 0,554533 0,000239
глядя 0,611015 0,000527
говорили 0,374926 0,000162
говорю 0,203530 0,000175
годом 1,565257 0,000674
голову 0,227798 0,000098
голубчик 0,587534 0,000253
горестный 2,167317 0,001868
город 0,523865 0,000226
города 0,704919 0,000304
горячо 0,544068 0,000234
грешники 1,690196 0,000728
громко 0,504560 0,000217
грушеньке 0,824895 0,000711
грушенькиной 2,167317 0,000934
давай 1,053374 0,000908
давеча 0,232819 0,000100
давно 0,158717 0,000137
даже 0,005949 0,000031
дали 0,635838 0,000274
дальнейшего 1,213075 0,000523
дальше 0,002964 0,000001
дама 0,735954 0,000317
данные 0,000000 0,000000
даровитость 2,167317 0,000934
двести 0,991226 0,000427
движению 1,690196 0,000728
двоякая 2,167317 0,000934
двух 0,264227 0,000114
девственное 2,167317 0,000934
действительно 0,106619 0,000046
дела 0,309985 0,000134
делаешь 1,468347 0,000633
дело 0,063514 0,000055
делом 0,845098 0,000364
делу 0,468347 0,000202
день 0,162996 0,000140
деревом 1,690196 0,000728
дереву 2,167317 0,000934
дескать 0,419129 0,000181
дешева 2,167317 0,000934
дешевым 2,167317 0,000934
дико 1,167317 0,000503
длинно 1,322219 0,000570
дмитрии 1,468347 0,000633
дмитрия 0,599116 0,000258
дней 0,514105 0,000222
довольно 0,129891 0,000056
догадался 0,752344 0,000324
докончив 1,565257 0,000674
долг 0,888564 0,000383
долго 0,222835 0,000288
должен 0,258832 0,000112
достигло 1,389166 0,000599
достоевский 0,000000 0,000000
достояние 0,000000 0,000000
дошел 0,787106 0,000339
дрожа 1,021189 0,000440
другою 1,021189 0,000440
думал 0,258832 0,000223
душе 0,514105 0,000443
душевного 1,389166 0,000599
единожды 2,167317 0,000934
если 0,011981 0,000010
естественным 1,565257 0,000674
естество 1,866287 0,000804
есть 0,018098 0,000031
жаждал 1,213075 0,000523
жаром 0,587534 0,000253
жестоко 1,088136 0,000469
жизни 0,222835 0,000288
забвения 1,690196 0,000728
заботился 1,322219 0,000570
забыл 0,328468 0,000283
забылось 1,866287 0,000804
заговорил 0,599116 0,000258
заговорить 1,021189 0,000440
зайдем 1,690196 0,000728
зайти 0,936868 0,000404
законам 1,866287 0,000804
заметил 0,154480 0,000067
записки 1,389166 0,000599
запиской 1,468347 0,000633
заранее 0,576253 0,000248
заседание 1,565257 0,000674
захватил 0,936868 0,000404
захотело 2,167317 0,000934
захочу 0,936868 0,000404
зачем 0,146128 0,000315
зашевелилось 1,866287 0,000804
заявил 0,912045 0,000393
заявлю 2,167317 0,000934
здесь 0,095435 0,000082
земле 0,648803 0,000280
земли 0,769377 0,000331
злобно 0,599116 0,000258
злобное 1,322219 0,000570
злобные 1,690196 0,000728
злое 1,322219 0,000570
знаешь 0,533849 0,001150
значит 0,243038 0,000209
знаю 0,095435 0,000041
зосима 1,021189 0,000440
иван 0,303994 0,000131
иваном 0,845098 0,000728
идеал 1,213075 0,000523
идеалу 2,167317 0,000934
идеи 0,866287 0,000373
идем 0,963197 0,000415
избег 2,167317 0,000934
извинять 2,167317 0,000934
извиняться 1,866287 0,000804
изловим 2,167317 0,000934
излюбленного 2,167317 0,000934
измучили 1,866287 0,000804
изрек 1,213075 0,001045
изумился 1,468347 0,000633
изумление 1,690196 0,000728
изумлении 1,167317 0,000503
илюшечки 1,468347 0,000633
именно 0,066947 0,000058
иной 0,587534 0,000253
иному 1,565257 0,000674
иных 0,704919 0,000304
искательно 2,167317 0,000934
исключительно 1,565257 0,000674
исключительную 2,167317 0,000934
искреннее 1,125925 0,000970
искренно 0,523865 0,000226
исполнить 1,167317 0,000503
использоваться 0,000000 0,000000
истинный 1,264227 0,000545
источник 0,000000 0,000000
исцеления 1,565257 0,000674
исчезнет 1,565257 0,000674
кажется 0,118099 0,000051
какие 0,232819 0,000100
каких 0,468347 0,000202
какое 0,227798 0,000196
какой 0,095435 0,000082
какую 0,419129 0,000181
капельку 0,963197 0,000415
карамазовы 0,180546 0,000311
карандашом 1,468347 0,000633
кармане 0,805589 0,000347
книга 0,176091 0,000152
книги 0,000000 0,000000
когда 0,015029 0,000013
кого 0,222835 0,000096
колбаса 2,167317 0,001868
колбасы 1,866287 0,001608
комаров 0,000000 0,000000
конечно 0,060107 0,000078
которая 0,361137 0,000311
которого 0,198834 0,000171
которое 0,426955 0,000184
которой 0,213075 0,000092
котором 0,347773 0,000300
которые 0,189594 0,000082
который 0,110412 0,000048
которых 0,426955 0,000184
крайней 0,298086 0,000128
крепко 0,443041 0,000191
криво 1,322219 0,000570
кровью 0,845098 0,000364
кротости 2,167317 0,000934
кстати 0,468347 0,000404
куда 0,248239 0,000321
кусочек 1,690196 0,000728
легкомыслен 1,565257 0,000674
легкомысленное 1,565257 0,000674
легкомысленной 1,866287 0,000804
легкомыслием 2,167317 0,000934
лежавшего 1,389166 0,000599
либеральный 1,690196 0,000728
либо 0,000000 0,000000
литература 0,000000 0,000000
лихое 2,167317 0,000934
лице 0,403889 0,000348
лицо 0,114239 0,000295
лицом 0,000000 0,000000
лицу 0,587534 0,000253
лишь 0,185046 0,000399
луковка 1,690196 0,000728
лучше 0,162996 0,000070
любви 0,504560 0,000435
любил 0,374926 0,000162
любит 0,389166 0,000168
любить 0,523865 0,000226
любовь 0,523865 0,000226
любым 0,000000 0,000000
люди 0,269690 0,000116
мазня 1,866287 0,000804
мало 0,208276 0,000179
маловерными 1,866287 0,001608
малыми 1,468347 0,000633
мальчик 0,495219 0,000213
материальная 2,167317 0,000934
махнув 1,264227 0,000545
мгновенно 0,888564 0,000383
мелькнувшее 2,167317 0,000934
мелькнул 1,322219 0,001139
менее 0,635838 0,000274
меня 0,027438 0,000047
мере 0,269690 0,000116
месте 0,286504 0,000123
мечты 1,264227 0,000545
мешок 1,565257 0,000674
мигом 0,504560 0,000217
милый 0,477121 0,000206
минуем 2,167317 0,000934
минутами 1,021189 0,000440
минутка 1,565257 0,002023
минутку 0,704919 0,000304
минуту 0,084532 0,000182
минуты 0,322219 0,000139
мира 1,125925 0,000970
мире 0,704919 0,000607
мнение 0,690196 0,000297
много 0,080958 0,000035
мною 0,635838 0,000274
могли 0,374926 0,000323
моего 0,367977 0,000793
может 0,000000 0,000000
моим 0,675956 0,000291
молодом 1,322219 0,000570
молча 0,367977 0,000317
момента 0,000000 0,000000
монастыре 0,936868 0,000404
монастырской 1,866287 0,000804
монастырь 0,720159 0,000310
монастырю 1,213075 0,000523
монахи 1,125925 0,000485
москву 0,845098 0,000364
мстительная 1,866287 0,000804
мучительно 1,021189 0,000440
мучительное 1,389166 0,000599
мучительном 1,468347 0,000633
мысли 0,316059 0,000136
мыслили 1,866287 0,000804
мысль 0,264227 0,000114
надо 0,036984 0,000048
назад 0,000000 0,000000
название 0,000000 0,000000
найти 0,000000 0,000000
накануне 0,662167 0,000571
наконец 0,073896 0,000096
намеревался 1,468347 0,000633
намерен 0,787106 0,000339
написала 1,167317 0,000503
написано 0,000000 0,000000
напомнил 1,167317 0,000503
направиться 2,167317 0,000934
направляясь 1,866287 0,000804
например 0,298086 0,000257
напротив 0,180546 0,000156
наружно 1,389166 0,000599
нарушена 1,866287 0,000804
насмешливое 1,565257 0,001349
настроению 1,866287 0,000804
настроения 1,389166 0,000599
наука 0,000000 0,000000
науках 1,690196 0,000728
начало 1,053374 0,000454
начать 0,720159 0,000310
начнет 0,963197 0,000415
неблагонадежен 2,167317 0,000934
небось 0,912045 0,000393
невозможно 0,411442 0,000177
неглупого 2,167317 0,000934
него 0,000000 0,000000
недвижимого 1,866287 0,000804
незыблемо 1,468347 0,000633
некоторая 1,053374 0,000454
некотором 1,021189 0,000880
некоторому 1,167317 0,000503
нельзя 0,176091 0,000152
немедленно 0,554533 0,000717
немым 2,167317 0,000934
необходимо 0,963197 0,000415
неожиданно 0,523865 0,000226
неожиданному 1,866287 0,000804
неопределенной 2,167317 0,000934
неопытное 2,167317 0,000934
неправильно 1,690196 0,000728
неразумному 2,167317 0,000934
нерушимо 1,565257 0,000674
нетерпении 0,963197 0,000415
неужели 0,389166 0,000335
неужель 2,167317 0,000934
неужто 0,599116 0,000516
неустанно 1,167317 0,000503
нечего 0,381987 0,000165
нечто 0,389166 0,000335
нибудь 0,030597 0,000013
ниже 0,912045 0,000786
низвержен 2,167317 0,000934
никак 0,396465 0,000342
никакими 1,866287 0,000804
никакого 0,403889 0,000174
никакой 0,635838 0,000274
ничего 0,030597 0,000040
ничему 1,053374 0,000454
новое 0,845098 0,000364
новой 0,936868 0,000404
новую 0,752344 0,000324
ночь 0,248239 0,000107
нужно 0,514105 0,000222
нужную 2,167317 0,000934
обесславленное 2,167317 0,000934
обидели 1,690196 0,000728
обинуясь 1,866287 0,000804
облек 2,167317 0,000934
облекли 2,167317 0,000934
обнаружившемся 2,167317 0,000934
обожаемого 2,167317 0,000934
обожания 1,866287 0,000804
обошли 2,167317 0,000934
образ 0,888564 0,000383
образованного 1,565257 0,000674
общественное 0,000000 0,000000
объявившееся 2,167317 0,000934
объявилось 2,167317 0,001868
объясняться 1,690196 0,000728
обязанность 1,565257 0,000674
один 0,046743 0,000020
однако 0,102859 0,000044
одним 0,286504 0,000123
одном 0,504560 0,000217
ожидаемое 1,690196 0,000728
ожидаемых 1,690196 0,000728
ожидала 1,053374 0,000454
ожидали 1,021189 0,000440
ожидание 1,264227 0,000545
ожидания 1,264227 0,000545
ожиданиях 1,690196 0,000728
ожидать 1,125925 0,000485
озлилась 1,690196 0,000728
озлобление 1,866287 0,000804
озлобления 1,468347 0,000633
окажется 1,125925 0,000485
оказался 0,824895 0,000355
окликнул 2,167317 0,000934
окончил 1,565257 0,000674
опасаясь 1,468347 0,000633
опозорен 2,167317 0,000934
опозоренное 2,167317 0,000934
оправдалось 1,690196 0,000728
оправдывать 1,866287 0,001608
опубликовано 0,000000 0,000000
опять 0,027438 0,000071
ордена 1,866287 0,000804
осердился 1,690196 0,000728
осиявшей 2,167317 0,000934
оскорбления 1,322219 0,000570
основных 1,690196 0,000728
остальным 1,565257 0,000674
остановил 0,991226 0,000427
остановился 0,419129 0,000361
осторожно 0,912045 0,000393
ответил 0,237898 0,000205
ответить 0,735954 0,000317
ответом 1,389166 0,000599
отвечает 1,021189 0,000440
отвечу 1,468347 0,001265
отец 0,316059 0,000409
откладывать 1,690196 0,000728
откровенно 0,824895 0,000355
отмачивать 2,167317 0,000934
отписал 1,468347 0,000633
отпрыгнул 2,167317 0,000934
отстань 2,167317 0,000934
оттого 0,675956 0,000582
оттудова 1,690196 0,000728
отца 0,222835 0,000096
отцом 0,599116 0,000258
отцу 0,565257 0,000244
отчего 0,554533 0,000239
оформление 0,000000 0,000000
очень 0,024303 0,000010
ошибся 0,963197 0,000415
падение 1,389166 0,000599
паисий 1,088136 0,000938
паисия 1,389166 0,000599
памяти 0,752344 0,000324
паче 1,322219 0,000570
первом 0,805589 0,000347
первых 0,367977 0,000159
передать 0,690196 0,000297
переменился 1,468347 0,000633
переходя 1,690196 0,000728
перешло 0,000000 0,000000
перст 1,322219 0,001139
писать 0,912045 0,000393
плакал 0,824895 0,000355
плечо 0,866287 0,000373
поверить 0,824895 0,000355
повлек 2,167317 0,000934
повторяю 0,648803 0,000280
поглядел 0,554533 0,000239
подборка 0,000000 0,000000
подверглось 1,866287 0,000804
поддаться 1,690196 0,001456
подкрепиться 2,167317 0,000934
поднял 0,504560 0,000217
поднялся 0,635838 0,000274
подобавшей 2,167317 0,000934
подобающая 2,167317 0,000934
подошел 0,514105 0,000222
подумал 0,334808 0,000144
подхватив 1,866287 0,000804
подчинить 2,167317 0,000934
пожалуй 0,237898 0,000102
пожевал 2,167317 0,000934
позор 0,824895 0,000711
пойдем 0,912045 0,001179
пойдешь 1,213075 0,000523
поколеблено 2,167317 0,000934
покрикивать 2,167317 0,000934
получили 1,322219 0,000570
помню 0,486076 0,000209
понадобились 2,167317 0,000934
понимает 0,720159 0,000310
понимания 2,167317 0,000934
понимая 0,787106 0,000339
понять 0,396465 0,000171
попросил 0,635838 0,000274
попустился 2,167317 0,000934
поранено 2,167317 0,000934
порывах 2,167317 0,000934
посетителей 0,000000 0,000000
посетители 0,000000 0,000000
поскорей 0,769377 0,000331
послушай 1,468347 0,000633
посмертно 0,000000 0,000000
посмотрел 0,459747 0,000396
посмотрю 1,264227 0,000545
поспешно 0,866287 0,000373
поспешное 2,167317 0,000934
постой 0,991226 0,000427
постоянно 0,824895 0,000355
поступка 1,389166 0,001197
потом 0,084532 0,000146
потому 0,024303 0,000021
почившем 2,167317 0,000934
почитал 1,565257 0,000674
почтеннее 1,866287 0,000804
почтенного 1,565257 0,000674
пошел 0,275223 0,000119
пошли 0,735954 0,000317
правда 0,162996 0,000070
праведнейший 2,167317 0,000934
праведника 1,389166 0,000599
праведного 1,468347 0,000633
праведных 1,690196 0,000728
право 0,361137 0,000311
празднику 2,167317 0,000934
праха 2,167317 0,000934
превыше 2,167317 0,000934
пред 0,033778 0,000044
предан 1,565257 0,000674
предвзятой 2,167317 0,000934
предпринимал 1,866287 0,000804
предрассудок 1,389166 0,000599
представь 1,167317 0,000503
предупредившее 2,167317 0,000934
предшествовавший 2,167317 0,000934
прежде 0,077412 0,000100
прежней 0,936868 0,000807
прежнему 0,587534 0,000253
преимущественно 1,053374 0,000454
преклонялся 2,167317 0,000934
пренебрегать 1,866287 0,000804
пресловутой 1,866287 0,000804
привычку 1,468347 0,000633
придержав 2,167317 0,000934
придет 0,514105 0,000443
прижизненно 0,000000 0,000000
признаюсь 0,769377 0,000331
приключившемся 1,866287 0,000804
примолк 1,468347 0,000633
принимавшею 2,167317 0,000934
принимаешь 1,389166 0,000599
принимаю 1,021189 0,000440
принимающий 2,167317 0,000934
приняла 1,125925 0,000485
припоминавшегося 2,167317 0,000934
припоминания 2,167317 0,000934
природе 1,125925 0,000485
прислонился 1,866287 0,000804
прищурив 2,167317 0,000934
пробормотал 0,334808 0,000144
провидение 1,322219 0,000570
провонял 1,866287 0,000804
проговорил 0,154480 0,000067
программирование 0,000000 0,000000
продолжал 0,292256 0,000126
прозорливо 2,167317 0,000934
произведение 0,000000 0,000000
произведений 0,000000 0,000000
произведения 0,000000 0,000000
произвело 0,991226 0,000427
производить 1,866287 0,000804
произнес 0,361137 0,000311
произойти 0,963197 0,000415
произошло 0,495219 0,000427
происшедшему 2,167317 0,000934
пройденных 2,167317 0,000934
прокричал 0,720159 0,000931
проник 1,565257 0,000674
пропал 1,167317 0,000503
просилось 2,167317 0,000934
просить 0,504560 0,000217
простодушную 2,167317 0,000934
против 0,389166 0,000168
противоположное 2,167317 0,000934
проходивший 1,866287 0,000804
проч 0,662167 0,000571
прочие 1,322219 0,000570
прошло 0,000000 0,000000
прошу 0,599116 0,000258
прощения 0,690196 0,000297
прощенья 1,389166 0,000599
прямо 0,118099 0,000102
публикации 0,000000 0,000000
пусть 0,253503 0,000437
пустяках 1,389166 0,000599
пытливо 1,213075 0,000523
равно 0,303994 0,000131
рада 0,866287 0,000746
радости 0,635838 0,000274
разговора 0,805589 0,000694
раздражение 1,468347 0,000633
раздражительно 0,752344 0,000324
разик 1,866287 0,000804
разрешения 0,000000 0,000000
разумные 1,866287 0,000804
ракитин 0,963197 0,003320
ракитина 0,991226 0,001708
ракитиным 1,468347 0,000633
раннему 1,866287 0,000804
рассердился 1,021189 0,000440
рассеянно 0,991226 0,000427
рассказа 0,845098 0,000728
рассудительный 1,866287 0,000804
рассудительным 2,167317 0,001868
рассудить 1,264227 0,000545
рассудку 1,866287 0,000804
решив 1,866287 0,000804
решимость 1,088136 0,000469
решишься 1,866287 0,000804
робко 0,787106 0,000339
робкого 1,866287 0,000804
ровно 0,533849 0,000230
роковую 1,468347 0,000633
роковых 1,866287 0,000804
ропот 1,468347 0,000633
рощей 2,167317 0,000934
рублей 0,367977 0,000159
руководителя 1,866287 0,000804
рукой 0,486076 0,000209
руку 0,222835 0,000096
русская 0,000000 0,000000
сайте 0,000000 0,000000
самим 0,769377 0,000331
само 0,888564 0,000383
самое 0,167317 0,000072
самому 0,426955 0,000184
самую 0,459747 0,000198
самый 0,198834 0,000086
самых 0,468347 0,000202
сбивчивую 2,167317 0,000934
сверкнуло 1,866287 0,000804
свободно 0,000000 0,000000
своего 0,091770 0,000079
своей 0,066947 0,000029
своем 0,198834 0,000086
свои 0,146128 0,000063
свой 0,189594 0,000082
свою 0,073896 0,000032
свято 1,389166 0,000599
святых 1,167317 0,000503
сделаю 0,845098 0,000364
себя 0,005949 0,000013
сегодня 0,000000 0,000000
седьмая 1,565257 0,001349
сейчас 0,070407 0,000030
семидесяти 0,000000 0,000000
сердечного 1,690196 0,000728
сердечные 2,167317 0,000934
сердца 0,334808 0,000433
сердце 0,171682 0,000518
сердцем 0,675956 0,000291
серьезно 0,419129 0,000181
серьезный 1,125925 0,000485
силы 0,514105 0,000222
сильнейших 2,167317 0,000934
сильно 0,292256 0,000126
скажу 0,275223 0,000119
сказал 0,099131 0,000043
сказано 0,662167 0,000285
сказать 0,073896 0,000064
скита 1,322219 0,000570
скорое 1,690196 0,000728
славы 1,322219 0,000570
слепым 1,866287 0,000804
слишком 0,133894 0,000231
случае 0,248239 0,000107
случай 0,443041 0,000191
случаях 0,599116 0,000258
случилось 0,403889 0,000174
слушай 0,635838 0,000274
слышал 0,389166 0,000168
слышит 1,389166 0,000599
сменяться 1,866287 0,000804
смеркаться 1,690196 0,000728
смертные 2,167317 0,000934
смерть 0,805589 0,000347
смеялся 0,576253 0,000248
смеяться 0,587534 0,000253
смотрел 0,298086 0,000128
смутное 1,866287 0,000804
смущение 1,264227 0,001089
смысл 0,991226 0,000854
снести 1,125925 0,000485
снова 0,565257 0,000731
собой 0,253503 0,000109
собрание 0,000000 0,000000
совсем 0,021189 0,000055
согласен 0,648803 0,000280
согласие 1,021189 0,000440
согласия 0,000000 0,000000
сокрыло 2,167317 0,000934
сомнения 0,523865 0,000226
сомнениями 2,167317 0,000934
сосновою 2,167317 0,000934
сосредоточивалась 2,167317 0,000934
состояло 1,213075 0,000523
сострадание 1,088136 0,000469
сочинений 0,000000 0,000000
спал 0,690196 0,000297
спешить 1,468347 0,000633
спешное 2,167317 0,000934
спиной 1,213075 0,000523
спокойно 0,648803 0,000280
спокойное 1,690196 0,000728
справедливости 1,389166 0,001796
справедливость 1,213075 0,000523
спросят 1,866287 0,000804
спустя 0,533849 0,000230
спящего 1,866287 0,000804
стали 0,322219 0,000139
стало 0,091770 0,000079
станешь 1,322219 0,000570
стану 0,662167 0,000285
старик 0,434924 0,000187
старца 0,735954 0,000951
старце 1,264227 0,000545
стихийных 2,167317 0,000934
столь 0,434924 0,001312
сторону 0,611015 0,000263
стоявшей 1,690196 0,000728
стояло 1,213075 0,001568
страдание 0,936868 0,000404
странной 1,322219 0,000570
странном 1,213075 0,000523
страшную 1,125925 0,000485
стремление 1,690196 0,000728
судил 1,322219 0,000570
судя 1,021189 0,000880
существе 1,565257 0,000674
существо 0,690196 0,000297
считал 0,648803 0,000280
сюда 0,232819 0,000100
таившаяся 1,866287 0,000804
такая 0,309985 0,000534
также 0,000000 0,000000
таки 0,066947 0,000115
таким 0,243038 0,000209
такого 0,243038 0,000314
такое 0,114239 0,000098
такой 0,077412 0,000067
такую 0,334808 0,000289
твердо 0,419129 0,000181
твердостью 1,690196 0,000728
твоей 0,888564 0,000383
твой 0,735954 0,000951
тебе 0,203530 0,000175
тебя 0,198834 0,000257
текст 0,000000 0,000000
тело 1,125925 0,000485
теперь 0,015029 0,000091
тепло 1,690196 0,000728
тление 1,866287 0,000804
тлению 2,167317 0,000934
тлетворный 1,866287 0,000804
тобой 0,419129 0,000361
тогда 0,050046 0,000022
того 0,005949 0,000021
тоже 0,043466 0,000094
токмо 1,565257 0,000674
толпе 0,991226 0,000427
только 0,002964 0,000009
томах 0,000000 0,000000
тому 0,095435 0,000041
торжества 1,389166 0,000599
торжеством 1,213075 0,000523
тоска 1,088136 0,000469
тосковал 1,866287 0,000804
тотчас 0,046743 0,000040
точилось 1,866287 0,000804
точно 0,121994 0,000053
точный 1,866287 0,000804
тревога 1,264227 0,000545
тревожа 2,167317 0,000934
третий 0,544068 0,000234
третья 0,486076 0,000419
тринадцатилетний 1,866287 0,000804
тропинке 1,690196 0,001456
трудно 0,459747 0,000198
тьфу 1,213075 0,000523
тягостных 2,167317 0,000934
тяжелый 1,468347 0,000633
тяпнул 1,866287 0,000804
убеждений 1,389166 0,000599
уважение 1,021189 0,000440
увидеть 1,125925 0,000485
увлечению 1,866287 0,000804
удивил 1,264227 0,000545
удивление 1,021189 0,000440
удивленный 1,213075 0,000523
удивляться 1,468347 0,000633
удивляюсь 0,912045 0,000393
ужасно 0,167317 0,000144
указ 2,167317 0,000934
указание 1,322219 0,000570
укатил 1,690196 0,000728
улыбкой 0,468347 0,000202
умершим 0,000000 0,000000
умеющий 1,690196 0,000728
умолчать 1,468347 0,000633
умом 0,752344 0,000648
упивался 1,866287 0,000804
упованиям 2,167317 0,000934
упускать 1,866287 0,000804
усмехнулся 0,443041 0,000191
успехами 1,866287 0,000804
устал 1,322219 0,000570
устало 1,866287 0,000804
устремленный 2,167317 0,000934
устроилось 1,690196 0,000728
утерпел 1,389166 0,000599
утром 0,411442 0,000177
уяснить 1,866287 0,000804
федор 0,000000 0,000000
федорович 0,253503 0,000109
ферапонтом 1,866287 0,000804
форму 1,866287 0,001608
ходом 1,565257 0,000674
хорошее 1,125925 0,000485
хотел 0,158717 0,000068
хоть 0,060107 0,000104
хотя 0,050046 0,000108
хохлаковой 0,787106 0,000339
хочешь 0,544068 0,000234
хочу 0,243038 0,000105
цели 0,662167 0,000285
целом 0,866287 0,000373
целым 1,167317 0,000503
цель 0,769377 0,000663
цена 1,866287 0,000804
часа 0,000000 0,000000
часов 0,411442 0,000177
часть 0,002964 0,000003
чего 0,040213 0,000017
человек 0,036984 0,000016
человека 0,154480 0,000133
чему 0,341243 0,000147
черт 0,477121 0,000411
честность 1,690196 0,000728
чином 1,866287 0,000804
число 0,000000 0,000000
чистом 1,264227 0,000545
чистым 2,167317 0,000934
читаем 0,000000 0,000000
читателя 1,565257 0,000674
читать 0,000000 0,000000
чтил 1,690196 0,000728
чтобы 0,030597 0,000040
чувствую 0,787106 0,000339
чудес 1,565257 0,003372
чудеса 1,322219 0,001709
чудно 1,322219 0,000570
чудного 1,866287 0,000804
чудному 2,167317 0,000934
чуть 0,176091 0,000076
чьего 0,000000 0,000000
шепотом 0,675956 0,000291
шиворот 1,866287 0,000804
школьник 1,264227 0,000545
эвона 1,565257 0,000674
этак 0,690196 0,000297
этим 0,189594 0,000082
этой 0,118099 0,000102
этом 0,046743 0,000040
этому 0,322219 0,000278
этот 0,011981 0,000015
юного 1,866287 0,000804
юности 1,088136 0,000469
юноша 1,021189 0,002640
юноше 1,468347 0,000633
юношей 1,468347 0,000633
юноши 1,322219 0,001709
юные 1,866287 0,000804
юным 1,690196 0,000728
явлении 2,167317 0,000934
ясно 0,354404 0,000153
