автор 0,000000 0,000000
автором 0,000000 0,000000
авторского 0,000000 0,000000
авторы 0,000000 0,000000
алексей 0,000000 0,000000
алексея 0,000000 0,000000
алеша 0,381987 0,002971
алеше 0,523865 0,000582
алешу 0,565257 0,000628
багровые 2,167317 0,001204
барышни 1,389166 0,001544
батюшка 0,675956 0,000376
башку 1,866287 0,001037
белом 1,468347 0,000816
бессилии 1,213075 0,000674
библиотека 0,000000 0,000000
бить 1,088136 0,000605
благодарю 0,824895 0,000458
бледные 1,866287 0,001037
богатую 1,690196 0,000939
бодрился 2,167317 0,001204
боится 0,690196 0,000383
более 0,000000 0,000000
больницу 1,690196 0,000939
больше 0,137934 0,000077
большого 0,769377 0,000427
боюсь 0,504560 0,000280
боялся 0,587534 0,000326
брат 0,303994 0,000507
брата 0,389166 0,000216
братья 0,176091 0,000391
бросит 1,389166 0,000772
будет 0,077412 0,000129
будто 0,099131 0,000055
буду 0,208276 0,000231
булку 1,866287 0,001037
бывали 0,824895 0,000458
были 0,099131 0,000055
было 0,000000 0,000000
быть 0,002964 0,000005
ванька 1,565257 0,000870
вашем 0,690196 0,000383
вглядываясь 1,125925 0,000626
вдруг 0,005949 0,000010
ведь 0,043466 0,000169
велел 0,752344 0,000836
верно 0,523865 0,000291
ветер 1,167317 0,000649
вздор 0,599116 0,000333
взяв 1,088136 0,000605
визиты 0,000000 0,000000
вкуса 1,690196 0,000939
влезла 2,167317 0,001204
внимания 0,845098 0,000469
вознаграждения 0,000000 0,000000
возьмет 0,888564 0,000494
возьми 0,704919 0,000392
возьму 0,936868 0,000520
волей 1,213075 0,000674
волнении 0,675956 0,000376
волосы 0,991226 0,000551
вопрос 0,222835 0,000248
восемь 0,824895 0,000458
вошел 0,403889 0,000449
вошло 1,468347 0,000816
впрочем 0,118099 0,000066
временем 0,963197 0,000535
время 0,043466 0,000072
врешь 1,167317 0,000649
всего 0,040213 0,000045
всем 0,070407 0,000039
всему 0,486076 0,000270
всех 0,060107 0,000033
вслед 0,523865 0,000291
вспомнил 0,704919 0,000392
встал 0,403889 0,000673
вторая 0,514105 0,000571
входившего 1,866287 0,001037
входить 1,125925 0,000626
вчера 0,341243 0,001137
вчерашнего 0,866287 0,000481
вчерашнее 1,389166 0,000772
выезжает 1,866287 0,001037
выпил 0,991226 0,000551
выплаты 0,000000 0,000000
выпьешь 1,565257 0,000870
вышел 0,275223 0,000306
глупость 0,912045 0,001013
глядел 0,554533 0,000308
говори 0,769377 0,000427
говорил 0,095435 0,000053
говорит 0,189594 0,000211
говорите 0,533849 0,000297
говоришь 0,752344 0,000836
голову 0,227798 0,000253
григорий 0,720159 0,000400
грушеньке 0,824895 0,000458
грушеньку 0,845098 0,000469
грушке 2,167317 0,004816
грушки 2,167317 0,002408
грязь 1,565257 0,000870
давлю 2,167317 0,001204
давно 0,158717 0,000088
дадите 1,565257 0,000870
дает 0,845098 0,000469
даже 0,005949 0,000010
дальше 0,002964 0,000002
данные 0,000000 0,000000
двадцать 0,411442 0,000457
дверь 0,367977 0,000204
делать 0,426955 0,000712
дело 0,063514 0,000035
денег 0,309985 0,000344
денежки 1,322219 0,001469
деньгами 0,675956 0,000376
держа 1,125925 0,000626
дери 1,213075 0,000674
добрее 1,389166 0,000772
добренькие 2,167317 0,001204
доброю 1,690196 0,000939
довольно 0,129891 0,000072
дольше 1,322219 0,001469
доме 0,322219 0,000358
достоевский 0,000000 0,000000
достояние 0,000000 0,000000
другое 0,309985 0,000172
другой 0,146128 0,000081
другую 0,495219 0,000275
дрянь 1,264227 0,000702
думаешь 0,752344 0,000836
душа 0,565257 0,000314
едет 1,167317 0,000649
если 0,011981 0,000060
есть 0,018098 0,000010
жаловаться 1,053374 0,000585
желтой 1,866287 0,001037
женился 0,888564 0,000987
женится 1,167317 0,000649
женюсь 1,468347 0,001631
живет 0,662167 0,000368
живут 1,088136 0,000605
жить 0,451314 0,000251
забыл 0,328468 0,000182
завещания 1,565257 0,000870
завтра 0,298086 0,000331
законам 1,866287 0,001037
замахал 1,264227 0,000702
заметил 0,154480 0,000172
занимали 2,167317 0,001204
запер 1,264227 0,001405
зарезать 1,565257 0,000870
засади 2,167317 0,001204
засадил 2,167317 0,001204
засадить 1,866287 0,002074
засаленного 2,167317 0,001204
заснул 0,963197 0,001070
затем 0,237898 0,000132
захотел 0,787106 0,000437
захотеть 1,690196 0,000939
захочу 0,936868 0,000520
зачем 0,146128 0,000244
здесь 0,095435 0,000106
здоровье 0,824895 0,000458
зеркало 1,468347 0,000816
злобно 0,599116 0,000333
злобный 1,167317 0,000649
злой 1,167317 0,001297
знал 0,114239 0,000127
знаю 0,095435 0,000159
иван 0,303994 0,002196
ивана 0,504560 0,001121
ивановна 0,486076 0,000270
игнатьевна 1,125925 0,001251
идет 0,514105 0,000286
избил 0,963197 0,000535
известно 0,334808 0,000930
изволил 1,565257 0,000870
имел 0,347773 0,000193
исковерканный 2,167317 0,001204
использоваться 0,000000 0,000000
источник 0,000000 0,000000
каблуками 2,167317 0,001204
кабы 1,125925 0,001251
каждая 1,213075 0,000674
кажется 0,118099 0,000131
какие 0,232819 0,000129
какими 0,888564 0,000494
какой 0,095435 0,000106
калитку 1,322219 0,000735
каналья 1,565257 0,000870
карамазовы 0,180546 0,000401
карман 0,888564 0,001481
карманам 1,468347 0,000816
катерина 0,735954 0,000409
ключ 1,213075 0,001348
ключом 1,690196 0,000939
книга 0,176091 0,000196
книги 0,000000 0,000000
когда 0,015029 0,000025
коли 0,269690 0,000449
коломянки 2,167317 0,001204
комаров 0,000000 0,000000
комнате 0,389166 0,000216
конечно 0,060107 0,000033
конфиденциальным 2,167317 0,001204
конца 0,704919 0,000392
коньяку 1,565257 0,001739
коньячку 1,322219 0,000735
копейка 2,167317 0,001204
котором 0,347773 0,000193
которую 0,292256 0,000162
кофе 1,468347 0,001631
кофейку 1,690196 0,000939
красный 1,565257 0,001739
красным 1,565257 0,000870
крикнул 0,381987 0,000424
кроме 0,158717 0,000088
крякнув 2,167317 0,001204
кутил 1,389166 0,000772
кушает 2,167317 0,001204
легли 1,468347 0,000816
лежал 0,648803 0,000360
летней 2,167317 0,001204
либо 0,000000 0,000000
линии 1,468347 0,000816
литература 0,000000 0,000000
лицо 0,114239 0,000127
лицом 0,000000 0,000000
лицу 0,587534 0,000326
ломается 2,167317 0,001204
лучше 0,162996 0,000272
любил 0,374926 0,000208
любит 0,389166 0,000432
любишь 0,888564 0,001481
люблю 0,347773 0,000193
любым 0,000000 0,000000
любят 0,752344 0,000418
люди 0,269690 0,000300
марфа 0,991226 0,001101
матерей 1,690196 0,000939
менее 0,635838 0,000353
меня 0,027438 0,000168
мерзавец 1,565257 0,000870
места 0,389166 0,000216
милейший 1,690196 0,000939
милый 0,477121 0,000265
минутки 1,866287 0,001037
митька 1,389166 0,002315
митьки 2,167317 0,002408
митьку 2,167317 0,003612
много 0,080958 0,000045
мной 0,237898 0,000132
модное 2,167317 0,001204
моей 0,280827 0,000156
моему 0,354404 0,000197
может 0,000000 0,000000
можно 0,088136 0,000049
молодость 1,322219 0,000735
молча 0,367977 0,000204
молчал 0,565257 0,000314
молчит 0,991226 0,000551
момента 0,000000 0,000000
мужчина 1,389166 0,000772
мужчины 1,322219 0,000735
навестить 1,213075 0,000674
нагнувшись 1,468347 0,000816
надеяться 1,389166 0,000772
надо 0,036984 0,000082
назад 0,000000 0,000000
название 0,000000 0,000000
найти 0,000000 0,000000
накануне 0,662167 0,000368
накинулись 1,690196 0,000939
налил 1,565257 0,000870
намерен 0,787106 0,000437
написано 0,000000 0,000000
наплевал 2,167317 0,001204
напрасно 0,805589 0,000448
насквозь 1,167317 0,000649
настаивал 0,845098 0,000469
наступишь 2,167317 0,001204
насупротив 1,866287 0,001037
насчет 0,354404 0,000197
наталкивает 2,167317 0,001204
наука 0,000000 0,000000
начал 0,137934 0,000077
наша 0,787106 0,000437
наше 0,662167 0,000368
наши 0,544068 0,000302
невеста 1,264227 0,000702
невесту 1,125925 0,001251
него 0,000000 0,000000
недели 0,565257 0,000314
недружелюбно 2,167317 0,001204
нежные 1,690196 0,000939
незначительных 2,167317 0,001204
немного 0,426955 0,000237
нему 0,080958 0,000045
непременно 0,133894 0,000074
неприлично 0,824895 0,000458
неприязненным 2,167317 0,001204
несколько 0,102859 0,000057
неужто 0,599116 0,000333
нечаянно 0,752344 0,000418
нечего 0,381987 0,000424
нибудь 0,030597 0,000068
никакого 0,403889 0,000224
никакой 0,635838 0,000353
никого 0,411442 0,000457
ничего 0,030597 0,000085
ничегошеньки 1,866287 0,001037
нищий 1,264227 0,000702
ночь 0,248239 0,000276
ночью 0,587534 0,000326
нужна 1,213075 0,000674
нужнее 1,468347 0,000816
нужны 0,936868 0,000520
обвязан 1,690196 0,000939
обеду 1,389166 0,000772
образовалось 2,167317 0,001204
образования 1,264227 0,000702
образом 0,347773 0,000193
обращу 2,167317 0,001204
общественное 0,000000 0,000000
огромные 1,565257 0,000870
одарены 2,167317 0,001204
один 0,046743 0,000078
однако 0,102859 0,000057
одним 0,286504 0,000159
одного 0,150284 0,000083
одной 0,243038 0,000135
одному 0,334808 0,000186
одну 0,232819 0,000259
озабоченно 1,088136 0,000605
оказалось 0,486076 0,000270
околею 2,167317 0,001204
опасливо 1,264227 0,000702
опубликовано 0,000000 0,000000
опять 0,027438 0,000061
особенно 0,129891 0,000072
особенного 0,888564 0,000494
особенную 1,565257 0,000870
оставить 0,690196 0,000383
оставлю 1,053374 0,001756
отбивает 1,690196 0,000939
ответил 0,237898 0,000132
ответила 0,824895 0,000458
отворившая 1,866287 0,001037
отворил 0,824895 0,000458
отговорил 2,167317 0,001204
отец 0,316059 0,000702
отказаться 1,167317 0,000649
открыто 1,213075 0,000674
откуда 0,523865 0,000291
отрезал 0,824895 0,000458
отселева 1,389166 0,000772
отсчитал 1,866287 0,001037
отца 0,222835 0,000248
отцов 1,125925 0,001251
отцу 0,565257 0,000314
оформление 0,000000 0,000000
очень 0,024303 0,000041
пальтишке 1,690196 0,000939
пальто 0,936868 0,000520
первый 0,248239 0,000138
передумал 1,468347 0,000816
перешло 0,000000 0,000000
пить 0,888564 0,000494
платком 1,125925 0,000626
платок 0,787106 0,000437
плечо 0,866287 0,000481
побеждал 1,866287 0,001037
побежит 1,690196 0,000939
побольше 1,322219 0,001469
поган 1,866287 0,001037
поглядел 0,554533 0,000308
подборка 0,000000 0,000000
подкапливаю 2,167317 0,001204
подлец 0,662167 0,001104
подлеца 1,088136 0,000605
подлецами 2,167317 0,001204
подлецов 2,167317 0,001204
подлецы 1,389166 0,000772
поднявшаяся 2,167317 0,001204
подошел 0,514105 0,000571
подрясника 2,167317 0,001204
подтеки 2,167317 0,001204
подтеков 2,167317 0,001204
подует 2,167317 0,001204
подумалось 1,213075 0,000674
подходя 1,088136 0,000605
пожаловал 1,125925 0,000626
пожалуй 0,237898 0,000132
позволено 1,053374 0,000585
пойдут 1,125925 0,000626
пока 0,213075 0,000118
покрасивее 2,167317 0,001204
положил 0,599116 0,000999
полрюмочки 1,866287 0,001037
полу 0,735954 0,000409
полусмерти 2,167317 0,001204
получит 1,565257 0,002609
полушепотом 1,389166 0,000772
поминайте 1,690196 0,000939
понадобятся 1,866287 0,001037
порядочному 1,690196 0,000939
посетителей 0,000000 0,000000
посетители 0,000000 0,000000
поскорей 0,769377 0,000427
последних 0,866287 0,000481
посмертно 0,000000 0,000000
посмотрел 0,459747 0,000511
посоветовал 1,264227 0,000702
постели 0,787106 0,000437
постель 0,936868 0,000520
постной 2,167317 0,001204
потихоньку 0,912045 0,001520
потом 0,084532 0,000047
потому 0,024303 0,000068
потревожиться 2,167317 0,001204
потчую 2,167317 0,001204
поутру 0,845098 0,000469
похаживая 2,167317 0,001204
похваляться 2,167317 0,001204
похоже 0,845098 0,000469
поцеловал 0,866287 0,000481
почему 0,099131 0,000110
пошел 0,275223 0,000306
пошли 0,735954 0,000409
появился 1,021189 0,000567
правда 0,162996 0,000181
предрассудок 1,389166 0,000772
прежде 0,077412 0,000043
прибавил 0,275223 0,000153
приглашаю 1,565257 0,000870
придававших 2,167317 0,001204
придавлю 2,167317 0,001204
придет 0,514105 0,000571
приехал 0,554533 0,000616
прижизненно 0,000000 0,000000
признаю 1,389166 0,000772
прийти 0,662167 0,000736
прилаживать 2,167317 0,001204
прилег 1,690196 0,000939
прилью 2,167317 0,001204
принято 1,125925 0,000626
припух 2,167317 0,001204
притащишься 2,167317 0,001204
приходи 1,322219 0,002204
приходить 0,888564 0,000494
пришла 0,648803 0,000360
пробормотал 0,334808 0,000372
провизией 2,167317 0,001204
проговорил 0,154480 0,000172
программирование 0,000000 0,000000
продолжал 0,292256 0,000325
прожить 1,167317 0,001297
произведение 0,000000 0,000000
произведений 0,000000 0,000000
произведения 0,000000 0,000000
пройдет 1,021189 0,000567
просит 0,866287 0,000481
просматривал 2,167317 0,001204
проснулся 0,963197 0,000535
проститься 1,125925 0,000626
простодушие 1,389166 0,000772
прошло 0,000000 0,000000
прятал 1,866287 0,001037
публикации 0,000000 0,000000
пыль 2,167317 0,002408
пьяны 1,866287 0,001037
пятнами 1,866287 0,001037
пять 0,275223 0,000459
пятьдесят 0,888564 0,000494
разбойника 1,565257 0,000870
развлечения 2,167317 0,001204
раздавлю 2,167317 0,001204
раздражает 1,690196 0,000939
раздраженный 1,468347 0,000816
раздражительны 1,690196 0,000939
разрешения 0,000000 0,000000
разрослись 2,167317 0,001204
рано 0,787106 0,000437
рассвирепел 1,866287 0,001037
рассердился 1,021189 0,000567
расслышал 1,322219 0,000735
расхворался 1,866287 0,001037
расчет 0,991226 0,000551
резко 0,648803 0,000721
решил 0,514105 0,000286
решительно 0,341243 0,000190
решу 1,565257 0,000870
роже 2,167317 0,001204
ругают 2,167317 0,001204
руки 0,167317 0,000093
рукою 1,866287 0,001037
русская 0,000000 0,000000
рюмки 1,468347 0,000816
рюмочки 2,167317 0,001204
рюмочку 1,565257 0,001739
сайте 0,000000 0,000000
самого 0,118099 0,000066
самое 0,167317 0,000093
самому 0,426955 0,000237
самым 0,280827 0,000156
сварю 2,167317 0,001204
свете 0,426955 0,000237
свидетелях 1,264227 0,000702
свободно 0,000000 0,000000
своего 0,091770 0,000051
свой 0,189594 0,000316
связался 1,468347 0,000816
сглупу 2,167317 0,001204
себе 0,033778 0,000019
себя 0,005949 0,000007
сегодня 0,000000 0,000000
сегодняшнюю 2,167317 0,001204
сейчас 0,070407 0,000078
семидесяти 0,000000 0,000000
сентенциозно 1,322219 0,000735
сержусь 1,213075 0,000674
сидел 0,322219 0,000179
сижу 0,824895 0,000458
сильно 0,292256 0,000162
скажу 0,275223 0,000153
сказал 0,099131 0,000386
сказать 0,073896 0,000082
сквернавцы 2,167317 0,001204
скверне 2,167317 0,002408
скривив 1,690196 0,000939
скрючил 2,167317 0,001204
слабого 1,389166 0,000772
слабый 1,021189 0,000567
слаще 1,866287 0,001037
слов 0,367977 0,000204
слушай 0,635838 0,000353
слушал 0,576253 0,000320
слышишь 0,866287 0,000481
слышь 1,866287 0,002074
смердяков 0,587534 0,000326
смутился 0,963197 0,000535
снова 0,565257 0,000314
собой 0,253503 0,000282
собрание 0,000000 0,000000
собственном 1,389166 0,000772
совсем 0,021189 0,000094
согласился 0,735954 0,000409
согласия 0,000000 0,000000
сообщила 1,264227 0,000702
сороковой 2,167317 0,001204
состареюсь 2,167317 0,001204
состоять 1,690196 0,000939
сочинений 0,000000 0,000000
спальню 1,213075 0,000674
спокою 2,167317 0,001204
спрашивать 0,752344 0,000418
спросил 0,222835 0,000124
спрошу 1,125925 0,000626
стали 0,322219 0,000179
стану 0,662167 0,000368
старец 0,787106 0,000437
старик 0,434924 0,001450
старика 0,587534 0,000653
стариков 1,866287 0,001037
старом 1,690196 0,000939
стоит 0,316059 0,000176
столом 0,735954 0,000409
сторожит 1,565257 0,000870
стороны 0,185046 0,000103
ступай 0,735954 0,000818
сухо 0,991226 0,000551
счеты 1,565257 0,001739
считать 0,720159 0,000400
сюда 0,232819 0,000129
тайком 1,468347 0,001631
также 0,000000 0,000000
таки 0,066947 0,000112
таким 0,243038 0,000135
таких 0,243038 0,000135
такой 0,077412 0,000086
таракана 1,565257 0,001739
тараканов 2,167317 0,001204
таскать 2,167317 0,001204
твой 0,735954 0,002862
твоя 0,635838 0,000353
тебе 0,203530 0,000792
тебя 0,198834 0,000552
текст 0,000000 0,000000
теперешнее 1,322219 0,000735
теперь 0,015029 0,000058
тобой 0,419129 0,000233
тогда 0,050046 0,000028
тогдашнее 1,565257 0,000870
того 0,005949 0,000017
тоже 0,043466 0,000121
только 0,002964 0,000018
томах 0,000000 0,000000
тотчас 0,046743 0,000078
точно 0,121994 0,000203
трехкопеечную 2,167317 0,001204
тридцать 0,769377 0,000427
туфлей 2,167317 0,001204
туфлях 1,565257 0,000870
тщательно 1,322219 0,000735
тысячи 0,426955 0,000237
тысячку 1,690196 0,000939
уберечь 1,866287 0,001037
убить 0,599116 0,000333
убраться 1,866287 0,001037
увидимся 1,565257 0,001739
угла 0,963197 0,000535
угол 0,735954 0,000409
удивился 0,635838 0,000353
ужасно 0,167317 0,000093
узнать 0,374926 0,000417
улыбнулся 0,533849 0,000593
умершим 0,000000 0,000000
умрет 0,824895 0,000458
услышит 1,322219 0,001469
усмехается 1,690196 0,000939
успел 0,354404 0,000197
усталый 1,389166 0,000772
утра 0,576253 0,000320
учености 1,690196 0,000939
ушел 0,599116 0,000666
федор 0,000000 0,000000
федорович 0,253503 0,000704
ферапонт 1,690196 0,000939
философия 1,565257 0,000870
флигеле 1,167317 0,000649
французскую 1,690196 0,000939
характерами 2,167317 0,001204
хвастун 2,167317 0,001204
хлебец 2,167317 0,001204
хлопнул 1,690196 0,000939
ходил 0,611015 0,000339
холодненького 2,167317 0,001204
холодный 1,322219 0,000735
хорошо 0,189594 0,000211
хотел 0,158717 0,000265
хотите 0,419129 0,000699
хоть 0,060107 0,000100
хочет 0,322219 0,000537
хочу 0,243038 0,000405
худо 1,125925 0,000626
часа 0,000000 0,000000
часть 0,002964 0,000003
чего 0,040213 0,000067
человек 0,036984 0,000062
человеку 0,459747 0,000255
через 0,258832 0,000144
чермашню 1,167317 0,000649
черных 1,213075 0,000674
черт 0,477121 0,000265
четвертая 0,426955 0,000474
четверть 0,888564 0,000494
число 0,000000 0,000000
читаем 0,000000 0,000000
читать 0,000000 0,000000
чтоб 0,073896 0,000082
чтобы 0,030597 0,000034
чувством 0,704919 0,000392
чьего 0,000000 0,000000
широкого 2,167317 0,001204
шиша 2,167317 0,001204
шкапик 2,167317 0,003612
шкапика 2,167317 0,001204
шкапику 2,167317 0,001204
школьниками 1,468347 0,000816
шпионить 1,565257 0,000870
штуку 1,322219 0,000735
щелкнет 2,167317 0,002408
этого 0,053374 0,000030
этот 0,011981 0,000007
