автор 0,000000 0,000000
автором 0,000000 0,000000
авторского 0,000000 0,000000
авторы 0,000000 0,000000
александрович 0,991226 0,002524
александровиче 2,167317 0,001380
александровичем 1,866287 0,001188
александровичу 1,690196 0,000538
алексей 0,000000 0,000000
алексея 0,000000 0,000000
алеша 0,381987 0,000365
алеше 0,523865 0,000333
алешку 1,389166 0,000442
алешу 0,565257 0,000180
архиерея 1,690196 0,000538
багажном 2,167317 0,000690
бежал 0,963197 0,000307
бежать 0,769377 0,000245
беру 1,125925 0,000358
беспокойное 1,690196 0,000538
бессовестнейшую 2,167317 0,000690
бесстыдства 2,167317 0,001380
бесчестен 1,213075 0,000386
бесчестие 1,866287 0,000594
бесчестящего 2,167317 0,000690
библиотека 0,000000 0,000000
благие 2,167317 0,000690
благоговения 1,565257 0,000498
благоговею 1,690196 0,000538
благодарим 2,167317 0,000690
благодушного 1,866287 0,000594
благородства 1,167317 0,000743
благородство 1,389166 0,000442
благословение 1,389166 0,000442
благословения 1,468347 0,000467
благословились 2,167317 0,000690
блаженством 2,167317 0,000690
бланманже 2,167317 0,000690
блестящая 2,167317 0,000690
блистало 2,167317 0,000690
блудилище 2,167317 0,000690
блудные 2,167317 0,000690
блюд 2,167317 0,000690
более 0,000000 0,000000
больше 0,137934 0,000219
большой 0,495219 0,000158
брат 0,303994 0,000097
братьев 1,088136 0,000346
братья 0,176091 0,000224
бросилась 0,648803 0,000206
бросился 0,451314 0,000144
будет 0,077412 0,000148
будете 0,769377 0,000245
будто 0,099131 0,000095
буду 0,208276 0,000199
будущим 1,690196 0,000538
будь 0,720159 0,000229
бутылки 1,167317 0,000743
бутылочек 2,167317 0,000690
бывало 0,554533 0,000176
бывшее 1,389166 0,000442
была 0,046743 0,000045
были 0,099131 0,000095
было 0,000000 0,000000
быстро 0,232819 0,000074
быть 0,002964 0,000006
вагоне 1,167317 0,000372
важностью 1,468347 0,000467
важным 1,264227 0,000805
вами 0,232819 0,000370
ваня 2,167317 0,000690
ваша 0,554533 0,000176
ваше 0,434924 0,000415
вашего 0,443041 0,000141
вашей 0,504560 0,000321
вашему 0,576253 0,000183
ваши 0,434924 0,000138
вдруг 0,005949 0,000021
ведь 0,043466 0,000166
вежливым 1,565257 0,000498
везде 0,866287 0,000551
велел 0,752344 0,000239
великое 0,888564 0,000283
великолепного 1,866287 0,000594
верстушка 2,167317 0,000690
весело 0,648803 0,000413
веселым 1,167317 0,000372
весь 0,099131 0,000032
весьма 0,243038 0,000077
вещей 0,936868 0,000298
взглянул 0,805589 0,000256
вздор 0,599116 0,000572
вздору 1,866287 0,000594
видели 0,495219 0,000158
видеть 0,381987 0,000122
визгливо 1,866287 0,000594
визиты 0,000000 0,000000
вина 0,963197 0,000307
виноваты 1,021189 0,000325
виновным 1,322219 0,000421
вколотили 2,167317 0,000690
вкопанный 1,565257 0,000498
владеет 2,167317 0,000690
властию 2,167317 0,000690
влез 1,565257 0,000498
влезать 2,167317 0,000690
влезая 1,866287 0,000594
вместо 0,411442 0,000131
внимательно 0,845098 0,000269
внушительно 0,963197 0,000307
вовеки 1,565257 0,000498
вовремя 1,167317 0,000372
вовсе 0,150284 0,000096
водки 1,322219 0,000421
возмущен 2,167317 0,000690
вознаградить 1,690196 0,000538
вознаграждения 0,000000 0,000000
возненавидел 1,389166 0,000442
возненавидиши 2,167317 0,000690
вознепщеваху 2,167317 0,000690
возьмите 1,021189 0,000325
возьму 0,936868 0,000596
воротился 0,599116 0,000191
воскрес 1,468347 0,000467
воскресло 1,866287 0,000594
воскресший 1,866287 0,000594
восполнившая 2,167317 0,000690
восставляли 2,167317 0,000690
восторженно 0,936868 0,000298
вперед 0,426955 0,000272
вполне 0,316059 0,000201
впросак 1,866287 0,000594
впрочем 0,118099 0,000113
врачество 2,167317 0,000690
время 0,043466 0,000014
вроде 0,662167 0,000211
всегда 0,129891 0,000041
всего 0,040213 0,000051
всей 0,248239 0,000158
всем 0,070407 0,000067
всех 0,060107 0,000038
вскинул 1,021189 0,000325
вскинулся 1,053374 0,000335
вскричал 0,292256 0,000279
вслух 0,533849 0,000680
вспомнил 0,704919 0,000224
вспомнились 1,866287 0,000594
встать 1,053374 0,000335
встретить 0,866287 0,000276
вступили 1,389166 0,000884
всюду 1,468347 0,000467
вторая 0,514105 0,000327
втянешься 2,167317 0,000690
входили 1,264227 0,000402
входить 1,125925 0,000358
вхожу 1,468347 0,000467
выделанного 1,866287 0,000594
выделанными 2,167317 0,000690
выйдет 0,587534 0,000187
выкинул 1,866287 0,000594
выкрикивал 1,322219 0,000421
вынести 0,888564 0,000283
выпеченный 2,167317 0,000690
выплаты 0,000000 0,000000
выпьешь 1,565257 0,000498
выразить 0,936868 0,000298
вырвался 1,468347 0,000467
высказав 2,167317 0,000690
высказать 0,866287 0,000827
выслушав 0,805589 0,000256
высокий 0,991226 0,000315
высокопреподобие 2,167317 0,000690
высокопреподобию 1,866287 0,000594
выставился 1,866287 0,000594
выступил 1,565257 0,000498
высшей 0,544068 0,000173
выходки 1,167317 0,000372
выходящего 1,866287 0,000594
вышел 0,275223 0,000088
вышло 0,523865 0,000167
галиматья 1,690196 0,000538
главную 1,468347 0,000467
глаголати 2,167317 0,000690
глаголах 2,167317 0,000690
глаза 0,129891 0,000083
глазки 1,167317 0,000372
глубину 1,565257 0,000498
глупее 1,468347 0,000467
глупость 0,912045 0,000290
глупый 1,021189 0,000325
глядя 0,611015 0,000194
говорил 0,095435 0,000061
говорили 0,374926 0,000119
говоря 0,434924 0,000138
годов 1,389166 0,000442
голову 0,227798 0,000218
головы 0,787106 0,000251
голоса 1,021189 0,000325
гораздо 0,443041 0,000141
город 0,523865 0,000167
горы 0,963197 0,000307
горьких 1,866287 0,001188
господа 0,389166 0,000248
господу 1,389166 0,000442
гостей 0,752344 0,000239
гостиницы 1,565257 0,000498
гость 1,053374 0,000335
гостями 1,389166 0,000442
государственных 1,866287 0,000594
готов 0,544068 0,000173
готовые 1,866287 0,000594
готовый 1,468347 0,000467
грамотно 2,167317 0,000690
грош 1,468347 0,000467
грудь 0,752344 0,000239
группе 1,565257 0,000498
губы 0,599116 0,000381
гуслях 2,167317 0,000690
давай 1,053374 0,000671
давеча 0,232819 0,000074
даже 0,005949 0,000025
дальше 0,002964 0,000003
данные 0,000000 0,000000
двадцатых 1,565257 0,000498
двинулись 1,866287 0,000594
дворян 1,468347 0,000467
действительно 0,106619 0,000068
деле 0,162996 0,000052
деликатном 2,167317 0,000690
деликатный 1,866287 0,000594
денег 0,309985 0,000099
дерева 1,125925 0,000358
дескать 0,419129 0,000133
деятелем 1,690196 0,000538
дивился 1,468347 0,000467
длинным 1,322219 0,000842
добродетелен 1,866287 0,000594
добывал 1,565257 0,000498
довершить 2,167317 0,000690
доволен 0,735954 0,000234
довольно 0,129891 0,000041
доедем 1,866287 0,000594
дожидался 1,565257 0,000498
дойдет 1,389166 0,000442
докажу 1,322219 0,000421
доказать 0,936868 0,000298
должен 0,258832 0,000165
должны 0,576253 0,000183
дома 0,298086 0,000095
домой 0,459747 0,000146
дорог 1,088136 0,000346
дорогих 1,565257 0,000498
дорогу 0,599116 0,000191
доставлял 2,167317 0,000690
достигшие 2,167317 0,000690
достоевский 0,000000 0,000000
достояние 0,000000 0,000000
драгоценный 1,690196 0,000538
дребезжащую 2,167317 0,000690
друг 0,269690 0,000086
других 0,459747 0,000146
дрянного 1,866287 0,000594
думали 0,936868 0,000298
духу 1,264227 0,000402
душе 0,514105 0,000164
души 0,523865 0,000167
душу 0,451314 0,000144
дьявол 1,468347 0,000467
единого 0,787106 0,000251
елисеевых 1,866287 0,000594
если 0,011981 0,000008
естественно 0,888564 0,000283
есть 0,018098 0,000040
ждете 2,167317 0,000690
желаю 0,735954 0,000234
железных 1,322219 0,000421
жену 0,991226 0,000315
жестикулируя 2,167317 0,000690
жесты 1,468347 0,000467
жизни 0,222835 0,000213
заботиться 1,690196 0,000538
забочусь 2,167317 0,000690
забыть 0,623249 0,000198
завидев 1,322219 0,000421
завистливое 1,866287 0,000594
завлеку 2,167317 0,000690
заглянув 1,866287 0,000594
заключаясь 2,167317 0,000690
заколачивали 2,167317 0,000690
закупорили 2,167317 0,000690
залу 0,735954 0,000234
заметил 0,154480 0,000049
заметить 0,635838 0,000202
занес 2,167317 0,000690
заплакал 0,866287 0,000276
запыхавшись 1,690196 0,000538
заработанный 2,167317 0,000690
засмеялся 0,495219 0,000158
застучал 1,866287 0,000594
затем 0,237898 0,000227
затеял 1,866287 0,000594
затихло 1,264227 0,000402
зато 0,468347 0,000596
затряслись 1,866287 0,000594
захотелось 0,787106 0,000501
зачем 0,146128 0,000140
заявить 1,125925 0,000358
звонят 1,866287 0,000594
здесь 0,095435 0,000091
здравствуй 1,468347 0,000467
земных 1,690196 0,000538
злобно 0,599116 0,000381
злобную 1,866287 0,000594
злоупотребляют 2,167317 0,000690
злые 1,690196 0,000538
злым 1,690196 0,000538
знаем 1,088136 0,000346
знаете 0,286504 0,000091
знал 0,114239 0,000182
значил 1,866287 0,001188
значительные 1,690196 0,000538
зная 0,623249 0,000198
зоном 2,167317 0,000690
зосимы 1,088136 0,000346
иван 0,303994 0,001161
ивана 0,504560 0,000321
играли 1,125925 0,000358
игумен 1,468347 0,004673
игумена 1,264227 0,001609
игуменскому 2,167317 0,000690
игуменскую 2,167317 0,000690
игумену 1,468347 0,001869
идем 0,963197 0,000307
идти 0,434924 0,000138
иеромонах 1,322219 0,000421
иеромонахов 1,866287 0,001188
известно 0,334808 0,000107
извиниться 1,565257 0,000996
издали 1,053374 0,000335
издревле 1,690196 0,001076
изумленный 1,690196 0,000538
иисусово 2,167317 0,000690
имел 0,347773 0,000332
именно 0,066947 0,000021
именуются 2,167317 0,000690
иметь 0,587534 0,000187
иногда 0,208276 0,000066
иных 0,704919 0,000224
иосиф 1,389166 0,000884
иски 2,167317 0,000690
искреннее 1,125925 0,000358
искренно 0,523865 0,000500
искренности 1,125925 0,000717
исповедание 2,167317 0,000690
исповеди 1,167317 0,000372
исповедовался 2,167317 0,000690
исповедоваться 1,866287 0,000594
исповедуются 2,167317 0,000690
исповедь 1,021189 0,000650
использоваться 0,000000 0,000000
испрашивая 2,167317 0,000690
истина 1,088136 0,000346
истины 1,125925 0,000358
источник 0,000000 0,000000
исцелити 2,167317 0,000690
каждым 0,769377 0,000245
кажется 0,118099 0,000150
казенщина 1,866287 0,000594
какая 0,194189 0,000124
какого 0,347773 0,000111
какой 0,095435 0,000030
калганов 1,053374 0,001006
калганову 1,690196 0,000538
карамазовы 0,180546 0,000230
карл 1,690196 0,000538
карьерист 1,565257 0,000498
кашей 2,167317 0,000690
квасом 1,866287 0,000594
келье 1,125925 0,002150
кинжал 1,690196 0,000538
киселек 2,167317 0,000690
кликушу 1,468347 0,000467
книга 0,176091 0,000168
книги 0,000000 0,000000
когда 0,015029 0,000038
кожаная 2,167317 0,000690
коленках 1,213075 0,000386
колено 2,167317 0,000690
коленях 0,912045 0,000581
коли 0,269690 0,000086
колокола 1,866287 0,000594
коль 0,720159 0,000229
кольнули 2,167317 0,000690
коляска 1,322219 0,000421
коляски 1,322219 0,000421
коляску 1,468347 0,001402
комаров 0,000000 0,000000
комнат 1,053374 0,000335
комнату 0,468347 0,000149
комнаты 0,443041 0,000423
компанию 1,167317 0,000372
компания 1,021189 0,000325
компот 1,866287 0,000594
кому 0,341243 0,000109
комфортом 1,690196 0,000538
конечно 0,060107 0,000019
кончилась 1,264227 0,000402
кончить 1,053374 0,000335
коньячку 1,322219 0,000842
копеек 1,125925 0,000358
косясь 2,167317 0,000690
котлеты 2,167317 0,000690
которой 0,213075 0,000068
котором 0,347773 0,000111
которою 0,805589 0,000256
которую 0,292256 0,000093
которые 0,189594 0,000121
который 0,110412 0,000070
которым 0,389166 0,000124
крайней 0,298086 0,000095
красного 1,322219 0,000421
красной 1,565257 0,000498
крикнул 0,381987 0,000973
крича 1,389166 0,000442
кровь 0,662167 0,000211
крыльце 1,690196 0,000538
крыльцу 1,690196 0,000538
кстати 0,468347 0,000149
кувшин 1,690196 0,000538
куда 0,248239 0,000158
кузов 2,167317 0,000690
кулаком 0,963197 0,000307
кухню 1,213075 0,000386
кучером 2,167317 0,000690
кучеру 1,565257 0,000996
ладошками 2,167317 0,000690
левая 2,167317 0,000690
лежи 1,565257 0,000498
лежит 0,648803 0,000206
лесу 1,264227 0,000402
лета 1,264227 0,000402
либеральный 1,690196 0,000538
либо 0,000000 0,000000
ликерцу 1,690196 0,000538
литература 0,000000 0,000000
лице 0,403889 0,000129
лицо 0,114239 0,000036
лицом 0,000000 0,000000
лишь 0,185046 0,000059
ловлю 2,167317 0,000690
ложь 0,866287 0,000551
любви 0,504560 0,000161
любезностью 1,690196 0,001076
любезным 1,690196 0,000538
любил 0,374926 0,000119
любит 0,389166 0,000124
люблю 0,347773 0,000221
любым 0,000000 0,000000
максимов 1,125925 0,001792
максимова 1,565257 0,000498
мамуровка 2,167317 0,000690
масла 1,690196 0,000538
мгновение 0,396465 0,000379
мебель 1,322219 0,000421
медный 1,167317 0,000372
медок 2,167317 0,000690
меду 1,866287 0,000594
между 0,129891 0,000083
мелким 1,565257 0,000498
мелкое 1,866287 0,000594
меня 0,027438 0,000096
мере 0,269690 0,000086
мерзости 1,468347 0,000935
мертвых 1,389166 0,000884
места 0,389166 0,000124
место 0,334808 0,000107
мигом 0,504560 0,000161
милости 1,167317 0,000743
милым 1,167317 0,000372
минутном 2,167317 0,000690
минуту 0,084532 0,000027
минуты 0,322219 0,000308
миусов 1,088136 0,001732
многая 2,167317 0,000690
много 0,080958 0,000077
мною 0,635838 0,000202
могу 0,171682 0,000164
могши 2,167317 0,000690
моды 1,866287 0,000594
моего 0,367977 0,000117
моей 0,280827 0,000179
моею 1,021189 0,000325
может 0,000000 0,000000
можно 0,088136 0,000028
мозольными 2,167317 0,000690
молитва 1,468347 0,000467
молитвой 1,565257 0,000498
молитву 1,213075 0,000386
молодость 1,322219 0,000421
молча 0,367977 0,000468
молчал 0,565257 0,000360
молчали 1,088136 0,000346
момента 0,000000 0,000000
монастыре 0,936868 0,000298
монастырек 1,690196 0,000538
монастырским 2,167317 0,000690
монастырского 1,690196 0,000538
монастырь 0,720159 0,000688
монастыря 0,912045 0,000581
монастырях 1,690196 0,000538
монах 0,991226 0,000315
монахи 1,125925 0,000717
мороженое 2,167317 0,000690
москву 0,845098 0,000269
мужик 0,888564 0,000283
мучило 1,125925 0,000358
наблюдая 1,565257 0,000498
наверно 0,264227 0,000084
наверху 1,264227 0,000402
навострили 2,167317 0,000690
навсегда 0,735954 0,000468
наглым 1,565257 0,000498
наготовлено 2,167317 0,000690
награды 1,690196 0,001614
надеется 1,264227 0,000402
надо 0,036984 0,000024
назад 0,000000 0,000000
название 0,000000 0,000000
наипаче 1,866287 0,000594
найти 0,000000 0,000000
наказать 1,468347 0,000467
наклонил 1,690196 0,001076
наконец 0,073896 0,000047
намерения 1,053374 0,000335
написано 0,000000 0,000000
напишу 1,264227 0,000402
наплевать 1,167317 0,000372
наплюю 2,167317 0,000690
например 0,298086 0,000095
напротив 0,180546 0,000115
народ 0,735954 0,000468
нарочно 0,227798 0,000073
наставили 2,167317 0,000690
настоящему 0,991226 0,000315
настоящий 1,021189 0,000325
настроения 1,389166 0,000442
насчет 0,354404 0,000113
наука 0,000000 0,000000
нафонзонил 2,167317 0,000690
находящее 2,167317 0,000690
начал 0,137934 0,000132
начат 1,866287 0,000594
нашего 0,396465 0,000126
нашей 0,599116 0,000191
нашему 0,888564 0,000283
нашею 1,690196 0,000538
небеси 1,565257 0,000498
невероятная 2,167317 0,000690
невозможно 0,411442 0,000393
невозможность 1,264227 0,000402
невольно 0,704919 0,000224
него 0,000000 0,000000
недавнего 1,389166 0,000442
недостойно 2,167317 0,000690
некая 1,690196 0,000538
некиих 1,866287 0,000594
некрашеные 2,167317 0,000690
некстати 1,468347 0,000467
нелепее 1,690196 0,000538
нелепое 1,213075 0,000386
нелепые 1,866287 0,000594
нелепый 1,866287 0,000594
немедленно 0,554533 0,000176
немного 0,426955 0,000136
немногого 2,167317 0,000690
нему 0,080958 0,000026
ненавидите 1,690196 0,000538
непочтительно 1,866287 0,000594
неприлично 0,824895 0,000525
неприличных 2,167317 0,000690
неприятно 1,213075 0,000386
непщуйте 2,167317 0,000690
нервах 1,866287 0,000594
нервно 0,936868 0,000298
несет 1,565257 0,000498
несколько 0,102859 0,000033
несмотря 0,275223 0,000175
несомненным 1,565257 0,000498
несчастною 1,866287 0,000594
нетерпении 0,963197 0,000307
нибудь 0,030597 0,000058
ниже 0,912045 0,000290
никак 0,396465 0,000252
никаких 0,565257 0,000180
никогда 0,088136 0,000028
николай 0,845098 0,000269
никто 0,185046 0,000118
ними 0,275223 0,000175
ничего 0,030597 0,000058
нога 1,213075 0,000386
ногах 0,866287 0,000276
ногу 0,805589 0,000256
нотабене 2,167317 0,001380
нужд 2,167317 0,000690
нумером 2,167317 0,000690
нынче 1,389166 0,000442
обвинение 1,053374 0,000335
обвинения 1,021189 0,000325
обвинял 1,389166 0,000442
обед 1,322219 0,000842
обеда 0,912045 0,000290
обедать 1,125925 0,000358
обеду 1,389166 0,000442
облучок 2,167317 0,001380
оборотившись 2,167317 0,000690
образом 0,347773 0,000111
обратно 0,675956 0,000215
обращаясь 0,675956 0,000215
обширнейшие 2,167317 0,000690
общественное 0,000000 0,000000
обществу 1,322219 0,000421
объясню 1,264227 0,000402
оглобли 1,866287 0,000594
оглядел 1,021189 0,000325
ограбили 2,167317 0,000690
один 0,046743 0,000030
одна 0,185046 0,000059
одни 0,459747 0,000146
одним 0,286504 0,000091
одно 0,099131 0,000063
одну 0,232819 0,000074
одобрял 1,866287 0,000594
ожидали 1,021189 0,000325
ожидая 0,936868 0,000298
окнах 1,690196 0,000538
околотке 2,167317 0,000690
околотку 2,167317 0,000690
окончательно 0,565257 0,000360
опоздать 1,565257 0,000498
опубликовано 0,000000 0,000000
опять 0,027438 0,000052
осклабляясь 1,866287 0,000594
ославили 1,866287 0,000594
особенно 0,129891 0,000083
особенного 0,888564 0,000283
особого 1,322219 0,000421
особым 1,213075 0,000386
оставаться 0,769377 0,000245
оставив 0,991226 0,000315
осталось 0,769377 0,000245
остался 0,523865 0,000167
останетесь 1,389166 0,000442
остановившись 1,690196 0,000538
остановился 0,419129 0,000133
останусь 1,125925 0,000717
отважно 2,167317 0,000690
ответ 0,533849 0,000170
ответил 0,237898 0,000303
отворотясь 2,167317 0,000690
отвратительное 2,167317 0,000690
отдернул 1,866287 0,000594
отдохните 1,866287 0,000594
отец 0,316059 0,001107
откушать 1,565257 0,000498
отлетел 1,690196 0,000538
отличалось 1,866287 0,000594
отлично 0,805589 0,000256
отлучившемся 2,167317 0,000690
отменно 1,565257 0,000498
относительно 1,167317 0,000372
отнюдь 0,824895 0,000263
отомстить 1,565257 0,000498
отослали 2,167317 0,000690
отпихнул 2,167317 0,000690
отрезал 0,824895 0,000263
отрывая 1,866287 0,000594
отселе 1,690196 0,000538
оттуда 0,888564 0,000283
отца 0,222835 0,000142
отцами 1,690196 0,000538
отцу 0,565257 0,000180
отцы 1,021189 0,003250
оформление 0,000000 0,000000
очень 0,024303 0,000031
ощущение 1,088136 0,000346
павлович 0,419129 0,001734
павловича 0,451314 0,000431
павловичу 0,805589 0,000256
падает 1,213075 0,000386
паисий 1,088136 0,000693
пакости 1,468347 0,000467
пакость 2,167317 0,000690
пали 1,565257 0,000498
пароходов 1,690196 0,000538
пахло 1,690196 0,000538
паясническая 2,167317 0,000690
пели 1,866287 0,000594
первая 0,419129 0,000267
первого 0,411442 0,000131
первом 0,805589 0,000256
перебил 0,635838 0,000202
перед 0,554533 0,000353
переезжай 2,167317 0,000690
перешел 0,936868 0,000298
перешло 0,000000 0,000000
пескариках 2,167317 0,000690
пескариков 1,866287 0,001188
песни 1,264227 0,000402
петербурга 0,866287 0,000276
петр 0,936868 0,002385
петре 1,866287 0,001188
петром 1,468347 0,000935
петру 1,389166 0,000442
пирожками 2,167317 0,000690
плечами 0,787106 0,000251
плясавицы 2,167317 0,000690
поведения 1,690196 0,000538
повергнуться 1,866287 0,000594
поверил 0,787106 0,000251
повествовал 1,866287 0,000594
поворачивать 2,167317 0,000690
повсеместно 1,088136 0,000346
подали 1,322219 0,000421
подам 1,468347 0,000467
подборка 0,000000 0,000000
поддакивать 2,167317 0,000690
подлее 1,565257 0,000996
подлость 1,264227 0,000402
подножки 2,167317 0,000690
поднялось 1,690196 0,000538
подобного 1,264227 0,000402
подождал 1,264227 0,000402
подождать 1,167317 0,000372
подошел 0,514105 0,000164
подошли 1,053374 0,000335
подпрыгивать 1,866287 0,000594
подпрыгивая 2,167317 0,000690
подсказал 1,088136 0,000346
подстрекал 1,866287 0,000594
подушку 0,912045 0,000290
подхватил 0,533849 0,000170
поехала 1,389166 0,000442
пожалуй 0,237898 0,000076
позволено 1,053374 0,000335
позвольте 0,523865 0,000667
позволю 1,053374 0,000335
позорного 1,565257 0,000498
позорную 1,866287 0,000594
пойду 0,623249 0,000595
показался 1,125925 0,000358
покаяние 1,389166 0,000442
поклонился 0,912045 0,000290
поклонов 2,167317 0,000690
поклоны 1,866287 0,000594
покорностью 2,167317 0,000690
полежит 2,167317 0,000690
полежишь 2,167317 0,000690
полетел 1,322219 0,000421
полно 1,053374 0,000335
получите 1,690196 0,000538
полы 1,866287 0,000594
пользу 0,824895 0,000263
полюбил 0,888564 0,000283
помещении 1,565257 0,000498
помещик 1,053374 0,001341
помолчав 0,936868 0,000298
помолчал 0,991226 0,000315
понимаете 0,866287 0,000276
понимал 0,554533 0,000176
пообедаем 2,167317 0,000690
попался 1,389166 0,000442
пора 0,845098 0,000269
пороге 1,053374 0,000335
поросенка 2,167317 0,000690
портвейн 2,167317 0,000690
порубки 2,167317 0,000690
порядочном 1,565257 0,000498
порядочный 1,264227 0,000402
посетителей 0,000000 0,000000
посетители 0,000000 0,000000
послал 0,720159 0,000229
после 0,084532 0,000027
последнего 0,635838 0,000202
последнее 0,486076 0,000155
последнем 1,264227 0,000402
последние 0,533849 0,000170
последний 0,403889 0,000129
послышались 1,264227 0,000402
посмертно 0,000000 0,000000
посмотреть 0,704919 0,000224
поставлю 2,167317 0,000690
поститесь 2,167317 0,000690
поститься 1,690196 0,000538
постного 2,167317 0,000690
постным 2,167317 0,000690
поступим 1,866287 0,000594
посуда 2,167317 0,000690
потеряться 1,690196 0,000538
потихоньку 0,912045 0,000290
потом 0,084532 0,000081
потому 0,024303 0,000031
потруднее 1,866287 0,000594
похоже 0,845098 0,000269
поцеловать 1,125925 0,000358
поцелуй 1,264227 0,000805
почему 0,099131 0,000032
почтенные 1,866287 0,000594
почти 0,024303 0,000008
почтительнейший 1,866287 0,001188
почтительно 1,053374 0,000335
почтительным 1,565257 0,000498
почувствовал 0,623249 0,000992
почувствовали 1,264227 0,000402
пошел 0,275223 0,000088
появился 1,021189 0,000325
пояс 1,690196 0,000538
правда 0,162996 0,000104
превосходно 1,125925 0,000358
пред 0,033778 0,000022
предела 1,565257 0,000498
представления 1,468347 0,000467
представлялся 1,264227 0,000402
представляюсь 2,167317 0,000690
прежде 0,077412 0,000025
презрительно 0,866287 0,000276
преклонили 2,167317 0,000690
прекратить 1,866287 0,000594
преодолеть 1,866287 0,000594
преподобие 1,565257 0,000996
преподобного 2,167317 0,000690
преступления 0,963197 0,000307
претерпи 2,167317 0,000690
преувеличивал 1,866287 0,000594
прибавил 0,275223 0,000088
прибавлю 1,389166 0,000442
прибавлять 1,866287 0,000594
прибежал 1,264227 0,000402
привязан 2,167317 0,000690
приглашен 1,468347 0,000467
приглашенного 2,167317 0,000690
приглашены 1,690196 0,000538
приготовлен 1,322219 0,000421
приготовленная 1,866287 0,000594
приду 0,675956 0,000430
приехал 0,554533 0,000176
прижизненно 0,000000 0,000000
признает 1,322219 0,000421
приказать 1,866287 0,000594
примостить 2,167317 0,000690
принеси 1,468347 0,000467
принимаете 1,167317 0,000372
принимают 1,389166 0,000442
принужден 0,991226 0,000315
приостановился 1,213075 0,000386
припадке 0,824895 0,000525
припомнив 1,264227 0,000402
припомнил 0,888564 0,000283
прислал 1,053374 0,000335
приходи 1,322219 0,000421
причины 0,752344 0,000239
прищемленное 2,167317 0,000690
пробормотал 0,334808 0,000107
провозгласил 0,991226 0,000315
проговорил 0,154480 0,000098
программирование 0,000000 0,000000
проделать 2,167317 0,000690
произведение 0,000000 0,000000
произведений 0,000000 0,000000
произведения 0,000000 0,000000
произнес 0,361137 0,000345
произнеся 1,690196 0,000538
произошел 0,888564 0,000283
произошла 0,991226 0,000315
проклинали 2,167317 0,000690
проливал 2,167317 0,000690
пролил 1,468347 0,000467
пронюхал 1,866287 0,000594
проседью 1,389166 0,000442
просил 0,599116 0,000191
просим 1,322219 0,000842
просит 0,866287 0,000276
просить 0,504560 0,000321
простите 0,648803 0,000206
проститься 1,125925 0,000358
простодушным 1,690196 0,000538
простонародным 2,167317 0,000690
против 0,389166 0,000248
процесс 1,389166 0,000884
проч 0,662167 0,000421
прочая 2,167317 0,000690
прочим 0,662167 0,000211
прошедшую 1,866287 0,000594
прошло 0,000000 0,000000
прыгай 1,866287 0,001782
прямо 0,118099 0,000038
публикации 0,000000 0,000000
пусти 1,866287 0,000594
пуще 0,599116 0,000191
пьеро 1,866287 0,000594
пяти 0,662167 0,000211
равно 0,303994 0,000097
радостию 1,389166 0,000442
разбойниках 2,167317 0,000690
разварная 2,167317 0,000690
разве 0,146128 0,000047
раздражения 1,468347 0,000467
раздумье 1,125925 0,000358
разлива 1,866287 0,000594
разнесли 2,167317 0,000690
разом 0,389166 0,000124
разрешения 0,000000 0,000000
ракитин 0,963197 0,001839
раскаиваясь 1,690196 0,000538
раскланялся 1,690196 0,000538
распрей 2,167317 0,000690
распри 2,167317 0,000690
реабилитируешь 2,167317 0,000690
речи 0,769377 0,000490
решил 0,514105 0,000491
решительно 0,341243 0,000109
рискнул 1,468347 0,000467
ровно 0,533849 0,000170
роде 0,504560 0,000321
родительскою 2,167317 0,000690
родственник 1,125925 0,000358
родственником 1,389166 0,000442
родственном 2,167317 0,000690
родственною 2,167317 0,000690
родственным 2,167317 0,000690
роскошно 1,866287 0,000594
роскошь 1,866287 0,000594
рублей 0,367977 0,000117
рубликов 1,565257 0,000498
руками 0,280827 0,000089
руки 0,167317 0,000053
руку 0,222835 0,000071
русская 0,000000 0,000000
русский 0,752344 0,000239
ручку 0,888564 0,000283
рыба 1,690196 0,000538
рыбой 2,167317 0,000690
рыбы 1,866287 0,001188
рыцарь 1,213075 0,000772
сажень 2,167317 0,000690
сайте 0,000000 0,000000
сами 0,142011 0,000045
самого 0,118099 0,000075
самое 0,167317 0,000053
самолюбие 1,167317 0,000372
самом 0,114239 0,000036
самомнении 2,167317 0,000690
самому 0,426955 0,000272
самый 0,198834 0,000063
самым 0,280827 0,000089
сану 2,167317 0,000690
сверкнули 1,053374 0,000335
свирепое 1,866287 0,000594
свободно 0,000000 0,000000
свое 0,150284 0,000191
своего 0,091770 0,000146
своей 0,066947 0,000021
своем 0,198834 0,000190
своею 0,443041 0,000141
свои 0,146128 0,000140
своими 0,495219 0,000315
свою 0,073896 0,000047
связи 1,167317 0,000743
святой 0,912045 0,000290
святые 1,264227 0,000805
святыми 1,690196 0,000538
сделает 0,963197 0,000307
сделал 0,381987 0,000365
сделать 0,403889 0,000129
сдержать 1,088136 0,000346
сдерживать 1,468347 0,000467
себе 0,033778 0,000086
себя 0,005949 0,000019
сегодня 0,000000 0,000000
сейчас 0,070407 0,000045
семейства 0,690196 0,000220
семи 0,991226 0,000315
семидесяти 0,000000 0,000000
семинарист 1,468347 0,000467
сентенциозно 1,322219 0,000421
сервированный 2,167317 0,000690
сердиться 1,468347 0,000467
сердишься 1,322219 0,000421
сердца 0,334808 0,000107
сердце 0,171682 0,000164
силы 0,514105 0,000164
сильно 0,292256 0,000093
сильною 1,565257 0,000498
сильный 0,991226 0,000315
синод 2,167317 0,000690
сказал 0,099131 0,000063
сказанному 2,167317 0,000690
сказано 0,662167 0,000421
сказать 0,073896 0,000071
скандал 1,053374 0,001006
скандалом 1,690196 0,000538
скатерть 1,690196 0,000538
скверных 1,565257 0,000498
складно 1,690196 0,000538
скорей 0,845098 0,000269
скорыми 1,468347 0,000467
славившимся 2,167317 0,000690
сладострастники 1,389166 0,000442
слегка 0,936868 0,000298
следов 1,690196 0,000538
следовало 0,805589 0,000256
следовать 2,167317 0,000690
слез 0,787106 0,000501
слезами 0,554533 0,000176
слишком 0,133894 0,000043
слов 0,367977 0,000117
слова 0,129891 0,000124
словами 0,805589 0,000256
словом 0,367977 0,000351
слога 1,565257 0,000498
сложив 1,565257 0,000498
слухам 1,389166 0,000442
случае 0,248239 0,000158
случайно 0,866287 0,000276
случайные 2,167317 0,000690
случаях 0,599116 0,000191
случившемся 2,167317 0,000690
слушал 0,576253 0,000183
слушателям 1,690196 0,000538
слышав 2,167317 0,000690
слышал 0,389166 0,000124
смешком 1,322219 0,000842
смеясь 0,787106 0,000251
смиренною 1,866287 0,000594
сморозил 1,866287 0,000594
смотрел 0,298086 0,000095
смотрели 0,769377 0,000245
смотреть 0,477121 0,000152
смотрительне 2,167317 0,000690
смутишися 2,167317 0,000690
снова 0,565257 0,000180
собой 0,253503 0,000161
соборах 2,167317 0,000690
собою 0,347773 0,000221
собрание 0,000000 0,000000
собственные 1,088136 0,000693
собственных 0,991226 0,000315
совершенно 0,180546 0,000230
совсем 0,021189 0,000027
согласием 1,690196 0,000538
согласии 1,565257 0,000498
согласия 0,000000 0,000000
сожаление 1,866287 0,000594
сожалею 1,389166 0,000442
сознавал 1,213075 0,000386
сознавая 1,125925 0,000358
сознает 1,565257 0,000498
сойтись 1,264227 0,000402
сокровеннейшее 2,167317 0,000690
сокрушение 2,167317 0,000690
сопутника 2,167317 0,000690
сортов 2,167317 0,000690
сосете 2,167317 0,000690
составлял 1,866287 0,000594
состоялся 1,866287 0,000594
сотрапезника 2,167317 0,000690
сочинений 0,000000 0,000000
спасается 1,690196 0,000538
спешил 1,021189 0,000325
сплетни 1,690196 0,000538
сплетням 2,167317 0,000690
спорить 1,167317 0,000372
спорные 2,167317 0,000690
способности 1,322219 0,000421
спросили 1,213075 0,000386
спутался 2,167317 0,000690
средину 1,468347 0,000467
стал 0,125925 0,000160
стало 0,091770 0,000029
старая 0,936868 0,000298
старик 0,434924 0,000138
старой 1,167317 0,000372
старца 0,735954 0,001171
старцы 1,389166 0,000884
старчество 1,565257 0,000498
старые 1,125925 0,001075
старый 0,824895 0,000263
старым 1,468347 0,000467
стеклянный 2,167317 0,000690
стерлядью 2,167317 0,000690
стоило 1,021189 0,000325
стоит 0,316059 0,000101
стол 0,486076 0,000155
стола 0,675956 0,000215
столовой 1,690196 0,001614
столовую 1,565257 0,000498
столу 0,752344 0,000718
сторонке 2,167317 0,000690
стороны 0,185046 0,000059
стоял 0,309985 0,000099
стояла 0,623249 0,000198
ступеньку 1,690196 0,000538
стыд 0,912045 0,000290
стыдился 1,167317 0,000372
стыдно 0,504560 0,000161
стыжусь 1,468347 0,000467
сумел 0,936868 0,000298
сурово 1,088136 0,000346
сущности 0,752344 0,000239
схватившись 1,690196 0,000538
схватил 0,533849 0,000170
сцена 1,167317 0,000372
сцену 0,845098 0,000269
счастия 1,088136 0,000346
считал 0,648803 0,000206
сыграю 1,866287 0,000594
сына 0,576253 0,000550
сынка 1,690196 0,000538
сыном 0,963197 0,000307
сюда 0,232819 0,000222
таинство 1,866287 0,000594
таинством 1,866287 0,001188
также 0,000000 0,000000
таки 0,066947 0,000021
такими 0,690196 0,000220
такого 0,243038 0,000387
такое 0,114239 0,000073
такой 0,077412 0,000049
тащи 1,866287 0,000594
твоего 0,787106 0,000251
твоему 0,912045 0,000290
тебе 0,203530 0,000130
текст 0,000000 0,000000
теперь 0,015029 0,000048
терять 1,125925 0,000358
тирады 1,866287 0,000594
тихо 0,354404 0,000113
тогда 0,050046 0,000032
того 0,005949 0,000009
тоже 0,043466 0,000042
толочь 2,167317 0,000690
толчок 1,565257 0,000498
только 0,002964 0,000008
томах 0,000000 0,000000
тоном 0,866287 0,000276
тотчас 0,046743 0,000030
точно 0,121994 0,000039
трапезой 2,167317 0,000690
трапезою 2,167317 0,000690
трапезы 1,690196 0,000538
третья 0,486076 0,000155
трех 0,374926 0,000119
труженик 2,167317 0,000690
тщеславную 2,167317 0,000690
тысячи 0,426955 0,000136
тысячу 0,769377 0,000245
тюфяк 1,690196 0,000538
убили 1,088136 0,000693
убранство 1,866287 0,000594
уважать 0,963197 0,000307
уважаются 2,167317 0,000690
увидел 0,648803 0,000206
увлекся 1,322219 0,000421
увлекшись 1,690196 0,000538
угасло 1,690196 0,000538
уголовный 2,167317 0,000690
угрюмо 1,322219 0,000421
удивляюсь 0,912045 0,000290
удобнейшие 2,167317 0,000690
уехал 0,752344 0,000239
уехать 1,167317 0,000372
уйдете 1,690196 0,000538
уйти 0,787106 0,000251
указал 0,866287 0,000276
уклониться 1,866287 0,000594
украдет 1,468347 0,000467
укрепились 2,167317 0,000690
умел 0,866287 0,000276
умершим 0,000000 0,000000
умею 0,912045 0,000290
умиления 1,088136 0,000346
умолк 1,322219 0,000421
унижение 1,322219 0,000421
упал 0,675956 0,000215
упало 1,565257 0,000498
упор 0,963197 0,000307
упорно 0,866287 0,000276
упускай 2,167317 0,000690
усевшийся 1,866287 0,000594
усмехнулся 0,443041 0,000141
установилось 1,866287 0,000594
установлено 2,167317 0,000690
уступить 1,565257 0,000498
утерпев 2,167317 0,000690
участи 1,468347 0,000467
ущерб 1,690196 0,000538
фактори 2,167317 0,000690
фальши 2,167317 0,000690
федор 0,000000 0,000000
федора 0,554533 0,000529
федорович 0,253503 0,000968
федоровича 0,426955 0,000272
федору 0,936868 0,000298
фортоплясах 2,167317 0,000690
фразы 1,322219 0,000842
франц 0,635838 0,000607
ханжество 2,167317 0,000690
хладнокровие 1,690196 0,000538
хлеб 1,389166 0,000442
хлеба 0,912045 0,000290
хлыстовщину 1,690196 0,000538
хорошо 0,189594 0,000121
хотел 0,158717 0,000051
хоть 0,060107 0,000038
хотя 0,050046 0,000032
хочет 0,322219 0,000103
хочу 0,243038 0,000232
худощавый 1,866287 0,000594
цветов 1,264227 0,000402
часа 0,000000 0,000000
часть 0,002964 0,000002
чего 0,040213 0,000064
человеке 1,167317 0,000372
человеком 0,504560 0,000161
человечество 1,088136 0,000346
черноволосый 1,866287 0,000594
чести 0,735954 0,000468
честности 1,389166 0,000442
число 0,000000 0,000000
чистая 1,565257 0,000498
чистотой 2,167317 0,000690
читаем 0,000000 0,000000
читать 0,000000 0,000000
чмоком 2,167317 0,000690
чтоб 0,073896 0,000024
чтобы 0,030597 0,000058
чувства 0,495219 0,000158
чувствительно 1,565257 0,000498
чувствовал 0,635838 0,000202
чуть 0,176091 0,000112
чьего 0,000000 0,000000
шагами 0,963197 0,000307
шагнув 1,565257 0,000498
шиллера 1,389166 0,000442
шляпу 0,912045 0,000290
шута 1,167317 0,000743
шутовского 2,167317 0,000690
шутом 1,690196 0,000538
шуту 2,167317 0,000690
эзопу 2,167317 0,000690
эпизод 1,167317 0,000372
этакой 1,053374 0,000335
этого 0,053374 0,000034
этому 0,322219 0,000308
этот 0,011981 0,000031
являемся 2,167317 0,000690
языка 1,322219 0,000421
ящик 1,167317 0,000372
