автор 0,000000 0,000000
автором 0,000000 0,000000
авторского 0,000000 0,000000
авторы 0,000000 0,000000
акта 1,468347 0,000570
алексей 0,000000 0,000000
алексея 0,000000 0,000000
аршинными 1,690196 0,000657
базаре 1,468347 0,000570
барина 0,936868 0,000364
батюшка 0,675956 0,003939
батюшки 1,468347 0,001141
батюшкой 1,565257 0,000608
бедный 0,824895 0,000320
беспокойство 0,936868 0,000364
бесполезность 2,167317 0,000842
беспрерывная 1,468347 0,000570
бессильном 2,167317 0,000842
бессмысленно 1,322219 0,000514
бессмыслица 2,167317 0,000842
бессознательно 1,125925 0,000437
бесчестно 1,468347 0,000570
библиотека 0,000000 0,000000
благодетеля 1,322219 0,000514
благосостояния 2,167317 0,000842
боже 0,459747 0,000357
более 0,000000 0,000000
болело 1,690196 0,000657
болеть 1,565257 0,000608
боли 0,963197 0,000374
больше 0,137934 0,000214
большой 0,495219 0,000192
бородкой 1,389166 0,000540
бороду 1,322219 0,001027
братья 0,176091 0,000274
бросив 1,264227 0,000491
бросился 0,451314 0,000701
бросить 0,963197 0,000374
будет 0,077412 0,000090
будешь 0,648803 0,000252
будил 1,690196 0,000657
будить 1,468347 0,002282
буду 0,208276 0,000081
будучи 1,088136 0,000423
будущие 1,690196 0,000657
будь 0,720159 0,000280
бутылка 1,866287 0,000725
бывало 0,554533 0,000215
была 0,046743 0,000036
были 0,099131 0,000077
было 0,000000 0,000000
быть 0,002964 0,000007
важно 0,675956 0,000263
важное 0,845098 0,000657
вами 0,232819 0,000090
вдруг 0,005949 0,000028
ведро 2,167317 0,000842
ведь 0,043466 0,000017
вернее 1,053374 0,000409
вернуться 1,690196 0,000657
вероятно 0,623249 0,000242
верст 1,125925 0,000437
верста 2,167317 0,000842
версту 1,866287 0,000725
верхнею 2,167317 0,000842
весел 0,963197 0,000374
весь 0,099131 0,000193
весьма 0,243038 0,000378
вечера 0,623249 0,000242
вечеру 0,936868 0,000364
взаймы 1,167317 0,000454
взяв 1,088136 0,000423
взял 0,269690 0,000105
видимо 0,328468 0,000255
видимому 0,648803 0,000252
видите 0,396465 0,000154
визиты 0,000000 0,000000
висках 1,322219 0,000514
вместо 0,411442 0,000160
вначале 0,936868 0,000364
внимательно 0,845098 0,000328
водки 1,322219 0,001027
водой 1,021189 0,000397
воду 1,125925 0,000437
возиться 1,468347 0,000570
вознаграждения 0,000000 0,000000
войти 0,675956 0,000263
воловьей 1,690196 0,001970
воловью 1,690196 0,001313
вонзалась 2,167317 0,000842
вопросы 0,599116 0,000233
воротился 0,599116 0,000233
воротиться 1,053374 0,000409
ворочая 1,866287 0,000725
восемнадцать 1,389166 0,000540
воскликнул 0,309985 0,000241
восклицал 0,845098 0,000657
воспользовавшись 1,690196 0,000657
восторженном 2,167317 0,000842
восхищении 1,389166 0,000540
восхищенный 2,167317 0,000842
восьмая 1,167317 0,000907
вошли 0,720159 0,000560
вперед 0,426955 0,000332
впрочем 0,118099 0,000046
впрягали 2,167317 0,000842
впрямь 0,769377 0,000299
врешь 1,167317 0,000907
всего 0,040213 0,000016
всему 0,486076 0,000189
вскочил 0,587534 0,000457
вскрикивал 1,690196 0,000657
вскричал 0,292256 0,000114
встречный 2,167317 0,000842
вступили 1,389166 0,000540
вторых 0,720159 0,000280
втюриться 2,167317 0,000842
вчера 0,341243 0,000133
вчерашний 1,264227 0,000982
выбрался 2,167317 0,000842
выглядывала 1,468347 0,000570
выговаривая 1,264227 0,000491
выгодное 1,866287 0,001450
выйдя 0,963197 0,000374
вынул 0,599116 0,000233
выпил 0,991226 0,000385
выплаты 0,000000 0,000000
выпучив 1,565257 0,000608
выразился 0,752344 0,000585
высказывая 2,167317 0,000842
высокомерием 1,690196 0,000657
вышел 0,275223 0,000214
главное 0,189594 0,000074
гладил 1,565257 0,000608
глаза 0,129891 0,000151
глубокая 1,389166 0,001079
глубоко 0,611015 0,000237
глупо 0,845098 0,000657
глупость 0,912045 0,000354
глядел 0,554533 0,000431
говорить 0,162996 0,000063
голова 0,787106 0,000612
головами 1,565257 0,000608
голове 0,554533 0,000215
головной 1,690196 0,000657
головой 0,533849 0,000207
голову 0,227798 0,000442
голоден 1,866287 0,000725
гордого 1,565257 0,000608
город 0,523865 0,000204
горсткин 1,866287 0,000725
горсткина 1,866287 0,000725
горсткиным 2,167317 0,000842
горячо 0,544068 0,000211
господи 0,451314 0,000175
готова 1,088136 0,000423
грех 0,888564 0,000345
грузно 1,866287 0,001450
грушенька 0,675956 0,000263
грушеньке 0,824895 0,000641
грушенькой 1,088136 0,000423
давно 0,158717 0,000062
даже 0,005949 0,000014
дали 0,635838 0,000247
дальше 0,002964 0,000001
данные 0,000000 0,000000
двенадцать 1,021189 0,000397
двери 0,599116 0,000233
дверь 0,367977 0,000286
двугривенных 1,690196 0,000657
девять 1,088136 0,000845
дела 0,309985 0,000120
делать 0,426955 0,000332
делаю 1,125925 0,000437
дело 0,063514 0,000049
делом 0,845098 0,000328
делся 2,167317 0,000842
денег 0,309985 0,000241
день 0,162996 0,000063
деньги 0,280827 0,000218
дергать 1,866287 0,000725
деревню 1,389166 0,001079
длинною 1,866287 0,000725
дмитрий 0,468347 0,000364
дмитрию 0,936868 0,000364
дмитрия 0,599116 0,000233
добившись 2,167317 0,000842
добился 1,389166 0,000540
догадался 0,752344 0,001169
догадку 1,389166 0,000540
доеду 2,167317 0,000842
доехали 2,167317 0,000842
дойти 1,389166 0,000540
долгих 1,690196 0,000657
долго 0,222835 0,000087
дома 0,298086 0,000347
доме 0,322219 0,000125
домой 0,459747 0,000179
допит 2,167317 0,000842
допитая 2,167317 0,000842
допитый 2,167317 0,000842
дополнил 2,167317 0,000842
допрежь 1,690196 0,000657
дороге 0,611015 0,000237
дороги 0,704919 0,000274
дорогу 0,599116 0,000466
дорожке 1,690196 0,000657
достать 0,936868 0,000728
достоевский 0,000000 0,000000
достояние 0,000000 0,000000
другой 0,146128 0,000284
думал 0,258832 0,000101
дурака 1,690196 0,000657
душе 0,514105 0,000399
душно 1,468347 0,000570
душой 0,824895 0,000320
душою 1,690196 0,000657
душу 0,451314 0,000351
еврею 2,167317 0,000842
едут 1,866287 0,000725
если 0,011981 0,000033
есть 0,018098 0,000007
ждать 0,554533 0,000215
желаю 0,735954 0,000286
железный 1,866287 0,000725
жестоко 1,088136 0,000423
жилете 1,565257 0,000608
заблаговременно 1,565257 0,000608
заботясь 1,690196 0,000657
зависимых 2,167317 0,000842
зависит 1,021189 0,000397
завтра 0,298086 0,000116
заговорил 0,599116 0,000466
загорелся 1,565257 0,000608
задремал 1,866287 0,000725
задыхался 0,912045 0,000354
зажженный 2,167317 0,000842
заказав 2,167317 0,000842
заказал 1,468347 0,000570
заключил 0,523865 0,000204
заколебался 1,690196 0,000657
закон 1,125925 0,000437
закричал 0,599116 0,000233
закрыл 0,991226 0,000385
заметил 0,154480 0,000060
замирая 1,167317 0,000454
замял 2,167317 0,000842
занял 1,468347 0,000570
заплачу 2,167317 0,000842
запоем 1,866287 0,000725
запомнился 2,167317 0,000842
заранее 0,576253 0,000224
засветили 2,167317 0,000842
засим 1,866287 0,000725
заснул 0,963197 0,000748
заспанный 2,167317 0,000842
застал 0,866287 0,000337
затем 0,237898 0,000277
затревожился 1,690196 0,000657
затрещал 1,866287 0,000725
зачем 0,146128 0,000057
зашагал 1,389166 0,000540
здесь 0,095435 0,000037
здешнего 1,322219 0,000514
злости 1,053374 0,000409
знакомый 0,936868 0,000364
знали 0,426955 0,000166
знать 0,328468 0,000383
знаю 0,095435 0,000111
золотые 1,088136 0,000423
зубами 1,125925 0,000437
идеей 1,322219 0,000514
идет 0,514105 0,000200
изба 1,690196 0,000657
избе 1,088136 0,001691
избу 1,125925 0,001750
избушки 2,167317 0,000842
избы 1,264227 0,001965
извозчик 1,690196 0,000657
изволите 1,088136 0,000845
изволю 2,167317 0,000842
излишком 1,866287 0,000725
изложил 1,167317 0,000454
измученный 1,468347 0,000570
измученных 2,167317 0,000842
измучившись 2,167317 0,000842
изрек 1,213075 0,000471
ильинский 1,866287 0,000725
ильинского 1,866287 0,000725
именем 1,389166 0,000540
именно 0,066947 0,000026
имею 0,565257 0,000220
иначе 0,367977 0,000429
ирония 1,866287 0,000725
использоваться 0,000000 0,000000
испугался 0,704919 0,000274
исступлении 0,735954 0,000286
источник 0,000000 0,000000
итак 0,805589 0,000313
какая 0,194189 0,000151
какие 0,232819 0,000090
каким 0,194189 0,000226
каких 0,468347 0,000182
какого 0,347773 0,000135
какое 0,227798 0,000177
каком 0,381987 0,000148
какому 0,805589 0,000313
какую 0,419129 0,000163
карамазов 0,587534 0,000685
карамазова 0,912045 0,000709
карамазовы 0,180546 0,000281
кармана 0,720159 0,000560
книга 0,176091 0,000137
книги 0,000000 0,000000
кобылке 2,167317 0,001684
когда 0,015029 0,000012
колбасу 1,866287 0,000725
комаров 0,000000 0,000000
комнате 0,389166 0,000302
кому 0,341243 0,000133
конечно 0,060107 0,000023
контрах 1,866287 0,000725
кончит 1,322219 0,000514
копеек 1,125925 0,000437
копейки 1,125925 0,000875
которого 0,198834 0,000232
которые 0,189594 0,000074
который 0,110412 0,000043
красильщик 2,167317 0,000842
крепко 0,443041 0,000172
крестьянина 1,866287 0,000725
крику 1,264227 0,000491
кругом 0,419129 0,000326
куда 0,248239 0,000289
кудрявый 2,167317 0,000842
кудрях 1,866287 0,001450
кузьма 1,565257 0,000608
купца 1,053374 0,000409
лавке 1,125925 0,001312
лавки 1,264227 0,000491
лавку 1,213075 0,001414
лавчонке 2,167317 0,000842
ладно 1,690196 0,000657
ласковый 1,565257 0,000608
лежал 0,648803 0,000504
лежали 1,021189 0,000397
лесник 2,167317 0,000842
лесного 2,167317 0,000842
лесной 1,866287 0,000725
лесу 1,264227 0,000491
летел 1,264227 0,000491
либо 0,000000 0,000000
лился 2,167317 0,000842
литература 0,000000 0,000000
лица 0,322219 0,000125
лицо 0,114239 0,000044
лицом 0,000000 0,000000
лишь 0,185046 0,000072
ловить 1,389166 0,001079
ломал 1,565257 0,000608
ломоть 1,565257 0,000608
лошадей 1,088136 0,000845
лошадьми 1,866287 0,000725
лошадях 1,866287 0,000725
лукаво 1,088136 0,000845
лучше 0,162996 0,000127
любили 0,866287 0,000337
любопытном 2,167317 0,000842
любопытство 0,866287 0,000337
любым 0,000000 0,000000
людьми 0,623249 0,000242
лягавого 1,866287 0,002175
лягавому 1,565257 0,001216
лягавый 1,565257 0,003649
лягавым 1,866287 0,001450
ляжете 1,866287 0,000725
мало 0,208276 0,000081
машинально 1,053374 0,000409
мгновение 0,396465 0,000308
мгновенно 0,888564 0,000345
мелочах 1,690196 0,000657
мелочью 1,565257 0,000608
мелькнуло 0,805589 0,000313
менее 0,635838 0,000247
меня 0,027438 0,000032
мести 1,866287 0,000725
мечтал 1,125925 0,000437
мечтаниям 2,167317 0,000842
мигом 0,504560 0,000392
милости 1,167317 0,000454
минут 0,486076 0,000189
минутку 0,704919 0,000274
минутой 1,213075 0,000471
минуту 0,084532 0,000033
мите 0,735954 0,001144
мити 0,611015 0,000950
митю 0,623249 0,000484
митя 0,587534 0,007761
мнения 0,936868 0,000364
многие 0,468347 0,000182
может 0,000000 0,000000
можете 0,504560 0,000196
молча 0,367977 0,000572
молчал 0,565257 0,000220
момента 0,000000 0,000000
мочить 1,866287 0,000725
мрачен 1,468347 0,000570
мрачно 0,866287 0,000337
мужик 0,888564 0,003452
мужика 1,322219 0,000514
мужичку 2,167317 0,000842
мысль 0,264227 0,000205
мычать 2,167317 0,000842
наверное 1,468347 0,000570
нагорала 2,167317 0,000842
надежды 0,912045 0,000354
надел 1,264227 0,000491
наделал 1,389166 0,000540
надо 0,036984 0,000072
назад 0,000000 0,000000
название 0,000000 0,000000
называет 1,389166 0,000540
называл 0,963197 0,000374
называть 1,389166 0,000540
найдя 1,389166 0,000540
найти 0,000000 0,000000
накануне 0,662167 0,000257
наконец 0,073896 0,000201
налево 0,824895 0,000320
намачивая 2,167317 0,000842
намеревался 1,468347 0,000570
намочил 1,690196 0,000657
написано 0,000000 0,000000
наполовину 1,468347 0,000570
направо 0,787106 0,000306
нарочно 0,227798 0,000265
наскоро 0,888564 0,000345
наследства 1,322219 0,000514
наступила 1,565257 0,000608
насчет 0,354404 0,000275
натоплена 1,866287 0,000725
натопленной 2,167317 0,001684
наугад 1,866287 0,000725
наука 0,000000 0,000000
находится 1,167317 0,000454
начал 0,137934 0,000054
начала 0,381987 0,000148
начну 0,991226 0,000385
нашедшуюся 2,167317 0,000842
нашел 0,648803 0,000252
небольшим 1,565257 0,000608
невозвратимо 2,167317 0,000842
невозможно 0,411442 0,000160
невозможности 1,690196 0,000657
него 0,000000 0,000000
неделю 0,662167 0,000257
недоумевая 1,690196 0,000657
недоумении 0,805589 0,000313
некогда 0,912045 0,000354
некоторого 0,752344 0,000292
неладного 2,167317 0,000842
нелепо 1,167317 0,000454
немедленно 0,554533 0,000215
нему 0,080958 0,000063
ненавистно 1,213075 0,000471
ненавистью 1,088136 0,000423
необозримом 2,167317 0,000842
необходимо 0,963197 0,000374
неотложным 2,167317 0,000842
неподвижно 0,936868 0,000364
непреложный 1,866287 0,000725
непременно 0,133894 0,000156
нервно 0,936868 0,000364
неровен 1,866287 0,000725
несколько 0,102859 0,000040
несмотря 0,275223 0,000107
нестерпимо 1,389166 0,001079
нестерпимой 2,167317 0,001684
нетерпении 0,963197 0,000374
неясно 1,088136 0,000423
нибудь 0,030597 0,000024
никакого 0,403889 0,000157
никакой 0,635838 0,000247
никого 0,411442 0,000160
ничего 0,030597 0,000059
ничтожных 1,866287 0,000725
новый 0,648803 0,001008
ноги 0,477121 0,000371
ночлег 2,167317 0,000842
ночует 1,690196 0,000657
ночь 0,248239 0,000193
ночью 0,587534 0,000228
обдумать 1,690196 0,000657
обессилел 1,866287 0,000725
обидно 1,053374 0,000818
обидным 2,167317 0,000842
обижается 1,565257 0,000608
облегла 1,866287 0,000725
обнаженные 1,866287 0,000725
ободрился 1,468347 0,000570
обозначился 2,167317 0,000842
обрадованный 1,690196 0,000657
образом 0,347773 0,000270
обратился 0,443041 0,000172
обстоятельство 0,787106 0,000306
общественное 0,000000 0,000000
объедки 1,866287 0,000725
объяснил 0,752344 0,000292
обязательно 2,167317 0,000842
одежонкой 2,167317 0,000842
одетый 1,264227 0,000491
один 0,046743 0,000018
однако 0,102859 0,000120
одной 0,243038 0,000094
одну 0,232819 0,000090
ожидал 0,675956 0,000263
озарение 1,866287 0,000725
оказалось 0,486076 0,000189
оказался 0,824895 0,000320
окно 0,635838 0,000494
оконца 2,167317 0,000842
окунул 2,167317 0,000842
оплыла 2,167317 0,000842
опоздал 1,322219 0,000514
опомнитесь 1,690196 0,000657
опорожнен 2,167317 0,000842
опубликовано 0,000000 0,000000
опять 0,027438 0,000085
осведомился 0,888564 0,000345
осердится 1,690196 0,000657
ослабел 1,565257 0,000608
осмыслить 1,389166 0,000540
особенно 0,129891 0,000050
оставалось 0,991226 0,000385
оставив 0,991226 0,000385
оставил 0,648803 0,000252
оставить 0,690196 0,000268
останавливаться 1,468347 0,000570
остановился 0,419129 0,000163
останусь 1,125925 0,000875
остервенением 1,468347 0,000570
остолбенении 2,167317 0,000842
осторожный 1,389166 0,000540
острый 1,468347 0,000570
отвечал 0,648803 0,000252
отворив 1,389166 0,000540
отворили 1,264227 0,000491
отворяется 1,565257 0,000608
отвязался 1,866287 0,000725
отдавали 2,167317 0,000842
отец 0,316059 0,000123
открывать 1,866287 0,000725
открыл 0,963197 0,000374
открыли 1,468347 0,000570
откуда 0,523865 0,000204
отлучился 1,468347 0,000570
отмечаю 1,690196 0,000657
относиться 1,468347 0,000570
отношениях 0,963197 0,000374
отнюдь 0,824895 0,000320
отозвался 1,088136 0,000423
отправившись 2,167317 0,001684
отправился 0,936868 0,000728
отступил 1,565257 0,000608
отсутствие 1,565257 0,000608
отсюда 0,805589 0,000313
отца 0,222835 0,000087
отцом 0,599116 0,000233
отчаяние 1,053374 0,000409
отчаянии 0,912045 0,001772
отчеканил 1,468347 0,001141
оформление 0,000000 0,000000
очень 0,024303 0,000009
очнувшись 1,468347 0,000570
очнулся 0,912045 0,000354
ошибаетесь 1,389166 0,000540
павел 1,690196 0,000657
павловича 0,451314 0,000526
павловичем 0,866287 0,000337
павловичу 0,805589 0,000313
пакости 1,468347 0,000570
пальто 0,936868 0,000364
первых 0,367977 0,000143
перевести 1,468347 0,000570
переговоры 1,866287 0,000725
переставшие 2,167317 0,000842
перешло 0,000000 0,000000
пешечком 1,866287 0,000725
писали 1,389166 0,000540
пить 0,888564 0,000345
план 1,053374 0,000818
планах 2,167317 0,000842
планеты 2,167317 0,000842
плану 1,866287 0,000725
побежал 0,623249 0,000726
побороть 1,690196 0,000657
поводу 0,720159 0,000280
поворотить 1,866287 0,000725
повремените 1,468347 0,000570
повременить 2,167317 0,000842
повторил 0,752344 0,000292
повторял 0,912045 0,000709
погаснуть 2,167317 0,000842
поглаживал 2,167317 0,000842
поглядывал 1,565257 0,000608
погонял 1,866287 0,000725
подборка 0,000000 0,000000
поддаться 1,690196 0,000657
поддевку 2,167317 0,000842
подкрепившись 2,167317 0,000842
подлец 0,662167 0,000772
поднос 1,690196 0,000657
подошел 0,514105 0,000599
подряд 2,167317 0,000842
подумать 0,704919 0,000548
подушки 1,264227 0,000491
пожалуй 0,237898 0,000092
пожертвовав 2,167317 0,000842
позволено 1,053374 0,000409
позвольте 0,523865 0,000204
поздно 0,735954 0,000286
пойти 0,675956 0,000263
пока 0,213075 0,000166
показал 0,769377 0,000299
показалось 0,495219 0,000192
покачивая 1,866287 0,000725
полдень 1,565257 0,000608
полное 0,845098 0,000328
половине 0,936868 0,000728
положил 0,599116 0,000233
полторы 1,021189 0,000397
получить 0,752344 0,000292
полчаса 0,824895 0,000320
поля 1,389166 0,000540
помещавшемуся 2,167317 0,000842
помещался 1,690196 0,000657
помилосердуйте 1,565257 0,001824
поминутно 0,635838 0,000247
помнил 0,845098 0,000328
помнить 0,991226 0,000385
помня 1,021189 0,000397
понимаешь 0,769377 0,000299
понимать 0,690196 0,000268
понимаю 0,381987 0,000148
поняв 1,053374 0,000409
попутчиком 2,167317 0,000842
порешили 1,690196 0,000657
порешу 1,866287 0,000725
поровнялись 2,167317 0,000842
поручик 1,213075 0,000471
посадили 1,468347 0,000570
посвящены 2,167317 0,000842
поселке 2,167317 0,000842
поселок 2,167317 0,001684
посетителей 0,000000 0,000000
посетители 0,000000 0,000000
поскакав 2,167317 0,000842
послал 0,720159 0,000560
после 0,084532 0,000066
последние 0,533849 0,000207
посмеивался 2,167317 0,000842
посмертно 0,000000 0,000000
посоветовал 1,264227 0,000982
постиг 1,389166 0,000540
постой 0,991226 0,000385
потеряв 1,322219 0,000514
потерянно 1,565257 0,000608
потерянною 2,167317 0,000842
потом 0,084532 0,000066
потому 0,024303 0,000047
потухший 1,866287 0,000725
похолодели 2,167317 0,000842
почему 0,099131 0,000193
почесавшись 2,167317 0,000842
почти 0,024303 0,000038
почтовыми 2,167317 0,000842
почтовых 1,866287 0,000725
почувствовав 1,322219 0,000514
пошел 0,275223 0,000321
пред 0,033778 0,000026
предложение 0,963197 0,000748
представил 1,125925 0,000437
представился 1,866287 0,000725
предстали 2,167317 0,000842
предчувствия 1,322219 0,000514
прежнего 0,824895 0,000320
презрительно 0,866287 0,000673
презрительным 1,468347 0,000570
прекратит 2,167317 0,000842
прибавил 0,275223 0,000107
придут 1,125925 0,000437
придя 1,565257 0,000608
приезжий 1,690196 0,000657
приехал 0,554533 0,000215
приехали 0,963197 0,000374
прижизненно 0,000000 0,000000
прииски 1,322219 0,000514
приключение 1,322219 0,000514
приложил 1,322219 0,000514
примерно 0,963197 0,000374
принял 0,565257 0,000220
принялся 1,167317 0,001361
приподымать 2,167317 0,000842
присел 1,389166 0,000540
прислал 1,053374 0,000818
притащил 1,565257 0,000608
притащить 2,167317 0,000842
прищурил 2,167317 0,000842
пробегает 2,167317 0,000842
пробудится 2,167317 0,000842
пробуждался 2,167317 0,000842
проводил 1,264227 0,000491
проводить 1,389166 0,000540
провозившись 2,167317 0,000842
провозился 1,690196 0,000657
проговорил 0,154480 0,000240
программирование 0,000000 0,000000
продал 1,213075 0,000471
продолговатым 1,866287 0,000725
продолжал 0,292256 0,000227
продолжать 0,690196 0,000268
проезжие 1,866287 0,000725
произведение 0,000000 0,000000
произведений 0,000000 0,000000
произведения 0,000000 0,000000
произнес 0,361137 0,000140
произошло 0,495219 0,000385
проклятые 1,690196 0,000657
проклятый 1,021189 0,000397
пропадает 1,565257 0,000608
проселком 1,866287 0,000725
проселку 2,167317 0,000842
проселок 2,167317 0,000842
проснитесь 2,167317 0,000842
проснулся 0,963197 0,000748
пространстве 1,690196 0,000657
просьбы 1,322219 0,000514
протянувшись 1,565257 0,000608
протянулся 1,690196 0,000657
проч 0,662167 0,000515
прошли 1,213075 0,000471
прошло 0,000000 0,000000
прощайте 0,845098 0,000328
прояснело 1,866287 0,000725
публикации 0,000000 0,000000
пшеничного 1,866287 0,000725
пьян 0,824895 0,001602
пьяницей 2,167317 0,000842
пьяницу 1,866287 0,000725
пьяного 1,264227 0,000491
пьяный 0,888564 0,000345
пьяным 1,322219 0,000514
пять 0,275223 0,000107
пятьдесят 0,888564 0,000345
равнодушно 1,866287 0,000725
радостного 1,690196 0,000657
разбаливалась 2,167317 0,000842
разбудить 1,322219 0,000514
разве 0,146128 0,000057
развел 1,866287 0,000725
развяжет 2,167317 0,000842
разговор 0,434924 0,000169
разговору 1,125925 0,000437
раздосадовало 1,866287 0,000725
раздумывая 1,565257 0,000608
разрешения 0,000000 0,000000
разумеется 0,328468 0,000255
разъяснил 1,264227 0,001473
разъяснится 2,167317 0,000842
разыскал 1,565257 0,000608
раскачивать 2,167317 0,000842
расположился 1,468347 0,000570
распорядиться 1,264227 0,000491
рассказал 0,587534 0,000228
рассматривал 1,389166 0,000540
растворили 2,167317 0,000842
рвал 1,866287 0,000725
реализм 1,322219 0,000514
ребенок 0,648803 0,000504
резонно 1,690196 0,000657
решается 1,213075 0,000471
решение 0,735954 0,000286
решил 0,514105 0,000200
решится 1,322219 0,000514
робкий 1,866287 0,000725
рому 2,167317 0,000842
рощи 1,866287 0,000725
рощу 1,468347 0,001711
рубахе 1,866287 0,000725
рублей 0,367977 0,000429
рубля 1,213075 0,000943
ругаться 1,866287 0,000725
руками 0,280827 0,000109
руки 0,167317 0,000130
русская 0,000000 0,000000
русых 1,866287 0,000725
рыжеватою 1,866287 0,000725
рюмки 1,468347 0,000570
садить 2,167317 0,000842
садом 1,690196 0,000657
сайте 0,000000 0,000000
сальную 2,167317 0,000842
самовар 1,264227 0,000982
самсонов 1,468347 0,002282
самсонова 1,213075 0,000471
самсонову 1,264227 0,001473
сверчок 2,167317 0,000842
светоч 2,167317 0,000842
свечка 1,468347 0,001141
свечку 1,322219 0,001541
свечой 1,866287 0,000725
свидетелях 1,264227 0,000491
свободно 0,000000 0,000000
сводить 1,690196 0,000657
свое 0,150284 0,000058
своего 0,091770 0,000071
своей 0,066947 0,000026
своем 0,198834 0,000077
свои 0,146128 0,000170
своим 0,208276 0,000081
своими 0,495219 0,000192
своих 0,237898 0,000185
свой 0,189594 0,000074
свою 0,073896 0,000086
сделал 0,381987 0,000297
себе 0,033778 0,000026
себя 0,005949 0,000002
сего 0,611015 0,000475
сегодня 0,000000 0,000000
сейчас 0,070407 0,000027
семидесяти 0,000000 0,000000
сеней 1,565257 0,000608
сени 1,125925 0,000875
серебряные 1,389166 0,000540
серебряных 2,167317 0,000842
серьезно 0,419129 0,000163
сжатые 1,866287 0,000725
сидел 0,322219 0,000501
сидя 0,845098 0,000328
сильно 0,292256 0,000114
ситцевой 2,167317 0,000842
сиял 1,565257 0,000608
сияло 1,866287 0,000725
сказавшись 1,866287 0,000725
сказать 0,073896 0,000029
скакать 1,866287 0,000725
скамье 1,468347 0,000570
скомканною 2,167317 0,000842
скоро 0,298086 0,000116
скрежеща 1,565257 0,000608
слишком 0,133894 0,000104
случае 0,248239 0,000096
случай 0,443041 0,000172
случилось 0,403889 0,000157
слушал 0,576253 0,000224
слушать 0,735954 0,000286
слышали 0,611015 0,000237
слышишь 0,866287 0,000337
смастерили 1,866287 0,000725
смерть 0,805589 0,000313
смех 0,704919 0,000274
смотрели 0,769377 0,000299
смотреть 0,477121 0,000185
смятенно 2,167317 0,000842
снес 1,565257 0,000608
снимал 1,690196 0,000657
собрание 0,000000 0,000000
событию 1,866287 0,000725
события 1,264227 0,000491
совершения 1,690196 0,000657
совершенно 0,180546 0,000070
совершенном 1,213075 0,000471
совершите 2,167317 0,000842
совершиться 1,213075 0,000471
советов 1,468347 0,000570
совокупив 2,167317 0,000842
совсем 0,021189 0,000049
согласился 0,735954 0,000858
согласия 0,000000 0,000000
солнце 0,845098 0,000328
соседнюю 1,565257 0,001216
сосновом 2,167317 0,000842
составил 1,565257 0,000608
состоял 1,088136 0,000423
состоянии 0,459747 0,000357
сочинений 0,000000 0,000000
спал 0,690196 0,000268
спасли 1,322219 0,000514
спасти 0,769377 0,000299
спать 0,635838 0,000494
сперва 0,735954 0,000286
спервоначалу 2,167317 0,000842
спеша 0,866287 0,000673
спешил 1,021189 0,000793
спешу 1,264227 0,000491
спокойно 0,648803 0,000252
спокойствием 1,468347 0,000570
способен 0,787106 0,000306
спрашивать 0,752344 0,000292
спросил 0,222835 0,000087
спящего 1,866287 0,001450
спящему 1,866287 0,000725
спящий 1,690196 0,000657
стал 0,125925 0,000147
станет 0,623249 0,000242
станется 1,389166 0,000540
становилось 0,963197 0,000374
станции 1,322219 0,001541
станцию 1,690196 0,000657
старика 0,587534 0,000228
старичка 1,322219 0,000514
старые 1,125925 0,000437
старый 0,824895 0,000961
стерпел 2,167317 0,000842
стоит 0,316059 0,000123
стол 0,486076 0,000189
столе 0,824895 0,000320
стольких 1,468347 0,000570
столько 0,477121 0,000371
сторож 1,565257 0,003041
сторожа 1,565257 0,003041
сторожу 1,690196 0,000657
стоял 0,309985 0,000361
стояли 0,690196 0,000268
странности 1,125925 0,000437
страху 0,845098 0,000328
страшная 0,805589 0,000313
страшно 0,434924 0,000169
страшном 0,991226 0,000385
страшною 1,468347 0,000570
страшные 1,053374 0,000409
страшный 0,845098 0,000328
строить 1,389166 0,000540
стучало 1,565257 0,000608
судьба 0,866287 0,001010
судьбы 0,991226 0,000385
суждено 1,468347 0,000570
сумму 0,912045 0,000354
сутки 1,213075 0,000471
сухой 1,468347 0,001141
сухом 2,167317 0,000842
сухопарый 2,167317 0,000842
схватил 0,533849 0,000415
съел 1,322219 0,001541
сюда 0,232819 0,000362
таинственно 1,213075 0,000471
тайны 1,389166 0,000540
также 0,000000 0,000000
таки 0,066947 0,000052
таким 0,243038 0,000189
таких 0,243038 0,000094
такое 0,114239 0,000044
такой 0,077412 0,000030
такую 0,334808 0,000130
твердо 0,419129 0,000163
твоего 0,787106 0,000306
тебе 0,203530 0,000079
текст 0,000000 0,000000
телеге 1,389166 0,000540
телом 1,053374 0,000409
темя 1,565257 0,000608
теперь 0,015029 0,000041
тихо 0,354404 0,000138
тогда 0,050046 0,000078
того 0,005949 0,000012
тоже 0,043466 0,000051
толкал 1,866287 0,000725
только 0,002964 0,000008
томах 0,000000 0,000000
тоненькою 1,866287 0,000725
торговать 1,690196 0,000657
торгует 1,690196 0,000657
торгуете 2,167317 0,000842
торгующего 2,167317 0,000842
тоска 1,088136 0,000845
тотчас 0,046743 0,000109
точно 0,121994 0,000047
трагедии 1,565257 0,000608
трагедия 1,213075 0,000471
требовал 1,690196 0,000657
трепетал 1,213075 0,000471
третья 0,486076 0,000378
трех 0,374926 0,000146
трубу 1,690196 0,000657
тряпку 1,565257 0,000608
трясясь 1,690196 0,000657
туман 1,866287 0,000725
тунеядец 1,866287 0,000725
тысяч 0,451314 0,000175
тяжелый 1,468347 0,000570
убил 0,523865 0,000204
убитый 1,322219 0,000514
уведомить 1,389166 0,000540
уверяю 0,648803 0,000252
увидал 0,735954 0,000286
угар 2,167317 0,001684
угоревшим 2,167317 0,000842
угрюмо 1,322219 0,000514
удалось 0,824895 0,000320
ударило 1,690196 0,000657
удивило 1,264227 0,000491
удивился 0,635838 0,000247
удивлением 0,523865 0,000204
удовольствие 0,866287 0,000337
удовольствием 0,704919 0,000274
уедешь 2,167317 0,000842
уехал 0,752344 0,000292
уехать 1,167317 0,000907
ужасно 0,167317 0,000130
узенькой 2,167317 0,000842
узнает 0,912045 0,000354
укажи 2,167317 0,001684
уклончиво 1,690196 0,000657
умер 0,662167 0,000515
умереть 0,936868 0,000364
умершим 0,000000 0,000000
умный 0,936868 0,000364
усиленные 1,866287 0,000725
усилий 1,468347 0,001141
услыхав 1,690196 0,000657
услышав 1,125925 0,000437
устраивает 2,167317 0,000842
утра 0,576253 0,000895
утреца 2,167317 0,000842
факт 0,675956 0,000788
федор 0,000000 0,000000
федора 0,554533 0,000646
федоровичу 0,599116 0,000233
федором 1,021189 0,000397
федору 0,936868 0,000364
физиономию 1,389166 0,000540
фонарь 1,866287 0,000725
хлеба 0,912045 0,000709
хмельны 2,167317 0,000842
ходить 0,576253 0,000224
хозяев 1,866287 0,001450
хозяева 1,468347 0,000570
хозяевам 1,690196 0,000657
хорошо 0,189594 0,000074
хоть 0,060107 0,000093
хотя 0,050046 0,000078
храпел 2,167317 0,001684
храпит 1,866287 0,000725
целые 0,787106 0,000306
цепочка 1,866287 0,000725
часа 0,000000 0,000000
часов 0,411442 0,000320
часовщику 2,167317 0,000842
часть 0,002964 0,000002
часы 0,805589 0,000626
чашками 1,866287 0,000725
чего 0,040213 0,000062
человек 0,036984 0,000029
человека 0,154480 0,000060
человечек 1,167317 0,000907
человеческая 1,322219 0,000514
через 0,258832 0,000302
черном 1,167317 0,000454
чертиков 2,167317 0,000842
число 0,000000 0,000000
чистой 1,389166 0,000540
чистую 1,213075 0,000471
читаем 0,000000 0,000000
читать 0,000000 0,000000
чтобы 0,030597 0,000036
чуть 0,176091 0,000068
чьего 0,000000 0,000000
шагал 1,213075 0,000943
шагами 0,963197 0,000374
шагая 1,565257 0,000608
шатаясь 1,690196 0,000657
шесть 0,611015 0,000475
штоф 2,167317 0,001684
шутка 1,053374 0,000409
энергически 1,389166 0,000540
этакое 1,565257 0,000608
этим 0,189594 0,000147
этих 0,213075 0,000083
этого 0,053374 0,000083
этому 0,322219 0,000125
этот 0,011981 0,000019
языком 0,991226 0,000385
яичницу 1,866287 0,000725
ямщика 1,866287 0,000725
ярко 1,125925 0,000437
