автор 0,000000 0,000000
автором 0,000000 0,000000
авторского 0,000000 0,000000
авторы 0,000000 0,000000
аглае 0,866287 0,000180
аглаю 0,912045 0,000570
аглая 0,720159 0,000300
александровна 0,787106 0,000164
александровны 1,167317 0,000243
алексеевна 1,565257 0,001304
алексеевне 1,389166 0,000289
алексеевной 1,866287 0,000389
алексеевны 1,264227 0,001053
алексей 0,000000 0,000000
алексея 0,000000 0,000000
алтаре 2,167317 0,000451
анекдот 0,991226 0,000206
анной 1,866287 0,000777
аплодисменты 2,167317 0,000451
ардалионович 0,805589 0,000168
барышом 1,866287 0,000389
бедная 1,125925 0,000469
бежала 1,167317 0,000243
бежать 0,769377 0,000160
бездны 1,389166 0,000579
безмерной 1,866287 0,000389
безумная 1,167317 0,000243
безумца 1,866287 0,000389
беречься 1,866287 0,000389
беспокоить 1,167317 0,000243
беспрерывном 1,565257 0,000326
беспримерною 2,167317 0,000451
библиотека 0,000000 0,000000
бильярдами 2,167317 0,000451
бильярдом 2,167317 0,000451
битве 2,167317 0,000451
благодетелем 1,565257 0,000326
благороднее 1,468347 0,000306
благородных 1,213075 0,000253
бледна 1,322219 0,000275
бледная 1,565257 0,000326
блеск 1,690196 0,000352
блестящему 1,866287 0,000389
ближайшие 1,866287 0,000389
ближайший 2,167317 0,000451
богатство 1,565257 0,000326
богатством 1,690196 0,000352
богу 0,434924 0,000091
бодрый 2,167317 0,000903
боится 0,690196 0,000144
более 0,000000 0,000000
болезненное 1,322219 0,000275
болезни 0,565257 0,000118
болела 1,565257 0,000326
болен 0,704919 0,000147
больная 1,053374 0,000219
больного 0,752344 0,000157
больной 0,611015 0,000127
больном 1,565257 0,000652
больному 1,213075 0,000253
больше 0,137934 0,000057
большие 0,720159 0,000150
большим 0,704919 0,000147
большого 0,769377 0,000160
большое 0,963197 0,000201
большой 0,495219 0,000103
большом 0,888564 0,000370
боюсь 0,504560 0,000105
боялась 1,213075 0,000253
боялся 0,587534 0,000122
брак 1,053374 0,000439
брака 1,088136 0,000227
браком 1,690196 0,000352
бракосочетании 2,167317 0,000451
брат 0,303994 0,000063
брать 1,389166 0,000289
бриллиантами 2,167317 0,000451
бриллиантов 2,167317 0,000451
бросавшего 1,866287 0,000389
бросались 1,690196 0,000352
бросался 1,213075 0,000253
бросилась 0,648803 0,000135
бросился 0,451314 0,000094
будет 0,077412 0,000113
будто 0,099131 0,000083
буквально 0,805589 0,000168
бурдовский 1,167317 0,000729
бурдовским 1,565257 0,000652
бурдовского 1,213075 0,000505
бывал 0,936868 0,000195
бывало 0,554533 0,000231
бывшая 1,264227 0,000263
была 0,046743 0,000068
были 0,099131 0,000186
было 0,000000 0,000000
быстро 0,232819 0,000048
быстротой 1,264227 0,000263
быть 0,002964 0,000007
бьющей 2,167317 0,000451
вагоне 1,167317 0,000243
вами 0,232819 0,000048
ваша 0,554533 0,000115
вашу 0,504560 0,000105
вдвое 1,264227 0,000263
вдохновению 1,565257 0,000326
вдруг 0,005949 0,000009
ведь 0,043466 0,000045
вежливо 0,936868 0,000195
везде 0,866287 0,000180
великолепный 1,468347 0,000306
венца 1,389166 0,000289
венцом 1,565257 0,000978
венчальное 2,167317 0,000451
венчание 2,167317 0,000451
вера 0,769377 0,000961
вере 1,021189 0,000213
верил 0,752344 0,000157
верно 0,523865 0,000109
верой 1,213075 0,000253
весела 1,468347 0,000917
веселом 1,565257 0,000326
вести 1,125925 0,000234
весь 0,099131 0,000083
вечер 0,477121 0,000298
вечера 0,623249 0,000130
вещей 0,936868 0,000195
взгляд 0,396465 0,000248
взгляда 0,662167 0,000138
взгляды 1,322219 0,000275
взглянула 1,167317 0,000243
вздохнул 1,125925 0,000234
вздумал 0,805589 0,000168
взял 0,269690 0,000056
взятые 1,690196 0,000352
взять 0,533849 0,000111
вида 1,213075 0,000253
видал 0,623249 0,000130
виде 0,434924 0,000091
видел 0,248239 0,000103
видела 0,888564 0,000370
виделся 1,468347 0,000306
видеть 0,381987 0,000239
видимому 0,648803 0,000135
видит 0,690196 0,000144
видно 0,504560 0,000105
видом 0,389166 0,000081
виду 0,544068 0,000113
видя 0,690196 0,000287
визите 1,866287 0,000389
визиты 0,000000 0,000000
виновны 1,565257 0,000326
вкусом 1,322219 0,000275
влечение 2,167317 0,000451
вместе 0,208276 0,000130
вначале 0,936868 0,000390
внимание 0,704919 0,000294
внимания 0,845098 0,000176
вовремя 1,167317 0,000486
вовсе 0,150284 0,000031
возбудил 1,468347 0,000306
возбуждена 1,468347 0,000306
возвестила 1,690196 0,000352
возвратившаяся 2,167317 0,000451
возвратиться 1,690196 0,000352
возможное 1,866287 0,000389
возможным 1,322219 0,000275
вознаграждения 0,000000 0,000000
возражений 1,690196 0,000352
возрастали 1,866287 0,000389
возродившаяся 2,167317 0,000451
войти 0,675956 0,000282
воле 1,389166 0,000289
волей 1,213075 0,000253
волнение 0,824895 0,000172
волнения 0,991226 0,000206
волю 1,264227 0,000263
вообще 0,459747 0,000096
вопрос 0,222835 0,000093
вопросов 0,866287 0,000180
вопросы 0,599116 0,000250
воротишь 1,690196 0,000352
восемь 0,824895 0,000515
восклицала 1,167317 0,000243
восклицания 1,167317 0,000243
восклицаниях 2,167317 0,000451
воскреснуть 1,866287 0,000389
воспротивился 2,167317 0,000451
восстали 2,167317 0,000451
восторг 0,888564 0,000185
восторженные 1,866287 0,000389
восьмого 1,565257 0,000326
восьмом 1,565257 0,000326
вошедших 1,389166 0,000579
вошли 0,720159 0,000300
впечатление 0,544068 0,000227
впечатлений 1,322219 0,000275
вполне 0,316059 0,000197
впрочем 0,118099 0,000123
впустила 1,866287 0,000389
враг 1,322219 0,000275
враждебно 1,565257 0,000326
времени 0,269690 0,000056
время 0,043466 0,000091
вроде 0,662167 0,000276
всегда 0,129891 0,000108
всего 0,040213 0,000017
всей 0,248239 0,000103
всем 0,070407 0,000073
всему 0,486076 0,000101
всех 0,060107 0,000025
вскоре 0,991226 0,000206
вскорости 1,167317 0,000243
вскрикивала 1,690196 0,000352
вскрикнула 0,866287 0,000180
вслед 0,523865 0,000109
вслух 0,533849 0,000111
встретить 0,866287 0,000180
встречал 1,322219 0,000275
встречала 1,866287 0,000777
встречаю 1,565257 0,000326
вступили 1,389166 0,000289
всунул 2,167317 0,000451
всякая 1,167317 0,000243
всякие 1,213075 0,000253
всякий 0,514105 0,000107
всякого 0,514105 0,000107
всяком 0,544068 0,000113
второго 1,264227 0,000263
втрое 1,565257 0,000652
вчерашнего 0,866287 0,000180
выбежавшею 2,167317 0,000451
выбор 1,690196 0,000352
вывел 1,053374 0,000219
выговорил 0,824895 0,000172
выделанного 1,866287 0,000389
выдержать 1,213075 0,000253
выехали 1,690196 0,000352
выждет 2,167317 0,000451
выжить 1,866287 0,000389
выискалось 2,167317 0,000451
выйдя 0,963197 0,000401
выйти 0,587534 0,000122
выказать 1,690196 0,000352
вынесла 1,565257 0,000652
вынул 0,599116 0,000125
выплаты 0,000000 0,000000
выражает 1,866287 0,000389
высказывала 1,866287 0,000389
выскочек 2,167317 0,000451
высок 1,690196 0,000352
высоких 1,389166 0,000868
высокою 2,167317 0,000451
выстрелов 1,866287 0,000389
выходе 1,565257 0,000326
выходил 0,963197 0,000201
выходило 0,991226 0,000206
вышел 0,275223 0,000057
вышла 0,495219 0,000206
гаврила 0,824895 0,000172
ганя 0,769377 0,000160
генерал 0,554533 0,000231
генералу 1,021189 0,000213
главе 1,213075 0,000253
главное 0,189594 0,000039
глаза 0,129891 0,000135
гласно 1,690196 0,000352
глубже 2,167317 0,000451
глубокое 1,322219 0,000275
глупости 0,912045 0,000190
глядя 0,611015 0,000127
говор 1,690196 0,000704
говорил 0,095435 0,000020
говорила 0,587534 0,000122
говорили 0,374926 0,000156
говорит 0,189594 0,000039
говорить 0,162996 0,000068
говоря 0,434924 0,000181
голова 0,787106 0,000164
головами 1,565257 0,000326
головной 1,690196 0,000352
головой 0,533849 0,000111
голову 0,227798 0,000190
голоса 1,021189 0,000213
голосов 1,322219 0,000275
гордиться 1,690196 0,000352
горе 0,769377 0,000160
горевать 1,690196 0,000352
город 0,523865 0,000109
города 0,704919 0,000147
городе 0,565257 0,000235
горячею 1,468347 0,000306
горячо 0,544068 0,000113
господин 0,514105 0,000321
господина 0,824895 0,000344
господину 1,053374 0,000219
гостей 0,752344 0,000313
гостям 1,264227 0,000263
государь 1,053374 0,000219
готов 0,544068 0,000227
готова 1,088136 0,000227
границу 0,991226 0,000206
гробе 1,389166 0,000289
грозные 1,866287 0,000389
громкий 1,565257 0,000326
грохот 2,167317 0,000451
грустного 1,866287 0,000389
грусть 1,264227 0,000527
давно 0,158717 0,000033
даже 0,005949 0,000022
дали 0,635838 0,000265
дальше 0,002964 0,000001
данные 0,000000 0,000000
дарье 1,468347 0,000306
дарьей 2,167317 0,000451
дарьи 1,468347 0,001223
дарья 1,565257 0,001304
дать 0,623249 0,000130
дачам 2,167317 0,000451
дачах 2,167317 0,000451
даче 1,053374 0,000219
дачи 1,264227 0,000527
дачника 2,167317 0,000451
дачный 1,866287 0,000389
двенадцать 1,021189 0,000213
дверцы 2,167317 0,000903
дверь 0,367977 0,000307
дверях 0,991226 0,000206
двора 0,912045 0,000190
дворе 0,787106 0,000164
двумя 0,720159 0,000150
девушка 0,805589 0,000168
девушке 1,389166 0,000289
девушку 1,053374 0,000219
действительно 0,106619 0,000089
действовать 1,322219 0,000275
дела 0,309985 0,000065
делал 0,963197 0,000201
делалось 1,866287 0,000389
делать 0,426955 0,000089
делаю 1,125925 0,000703
деле 0,162996 0,000102
деликатно 1,389166 0,000289
делить 1,866287 0,000389
делишкам 1,690196 0,000352
дело 0,063514 0,000053
денег 0,309985 0,000065
день 0,162996 0,000136
деньгами 0,675956 0,000141
деньги 0,280827 0,000058
деревенской 2,167317 0,000451
дети 0,662167 0,000138
детстве 1,053374 0,000219
дешево 1,322219 0,000275
дней 0,514105 0,000321
днем 1,264227 0,000263
добежала 2,167317 0,000451
добиться 1,468347 0,000306
добра 1,322219 0,000275
добраться 1,866287 0,000389
доброте 1,167317 0,000243
добрым 1,213075 0,000253
доверителей 2,167317 0,000451
доверчивостью 1,565257 0,000326
довольно 0,129891 0,000027
довольным 1,690196 0,000352
доктор 0,735954 0,001226
доктора 0,936868 0,000975
доктором 1,167317 0,000243
долго 0,222835 0,000046
должен 0,258832 0,000054
должны 0,576253 0,000240
дольше 1,322219 0,000275
дома 0,298086 0,000310
домах 1,322219 0,000275
домашнее 2,167317 0,000451
доме 0,322219 0,000134
домике 1,690196 0,000352
дому 0,675956 0,000282
доподлинно 1,690196 0,000352
допустил 1,264227 0,000263
дорогого 1,565257 0,000326
дорогой 0,565257 0,000118
дорогу 0,599116 0,000125
доскакали 1,866287 0,000389
достиг 1,167317 0,000486
достоевский 0,000000 0,000000
достоинством 0,866287 0,000180
достояние 0,000000 0,000000
дрогнет 2,167317 0,000451
дрожала 1,167317 0,000243
друга 0,419129 0,000087
другие 0,389166 0,000081
других 0,459747 0,000191
другое 0,309985 0,000129
другой 0,146128 0,000061
другому 0,845098 0,000176
дружески 0,991226 0,000206
друзей 0,991226 0,000206
друзья 0,963197 0,000201
друзьями 1,389166 0,000289
думал 0,258832 0,000108
думали 0,936868 0,000195
думать 0,486076 0,000101
дураки 1,167317 0,000243
дурно 0,888564 0,000185
дурные 1,322219 0,000275
духом 0,866287 0,000180
душа 0,565257 0,000118
душевное 1,565257 0,000326
душу 0,451314 0,000094
евгением 1,322219 0,000275
евгений 0,866287 0,000180
евгению 1,213075 0,000505
евгения 0,963197 0,000401
едва 0,554533 0,000115
единственно 0,477121 0,000099
ежедневно 1,021189 0,000425
ездила 2,167317 0,000451
епанчины 1,167317 0,000243
епанчиным 1,088136 0,000227
епанчиных 0,936868 0,000195
если 0,011981 0,000022
есть 0,018098 0,000011
жаждущих 1,690196 0,000352
жалкого 1,866287 0,000389
жалкому 1,866287 0,000389
жаром 0,587534 0,000489
жару 1,167317 0,000243
ждал 0,495219 0,000103
ждали 0,720159 0,000150
ждать 0,554533 0,000115
желавшими 2,167317 0,000451
желает 1,021189 0,000213
желал 0,611015 0,000382
желание 0,888564 0,000185
желании 1,389166 0,000289
желающих 1,866287 0,000389
железную 1,468347 0,000306
жемчугами 2,167317 0,000451
женатый 1,866287 0,000389
женится 1,167317 0,000243
жених 1,213075 0,000253
женщина 0,396465 0,000083
жертвой 1,690196 0,000352
жестокий 1,565257 0,000326
жизни 0,222835 0,000093
жили 1,167317 0,000243
забыл 0,328468 0,000068
завтра 0,298086 0,000186
завтрашние 2,167317 0,000451
загадочным 1,866287 0,000389
заглядывала 1,690196 0,000352
заглянула 1,866287 0,000389
заговаривала 1,690196 0,000352
заговорили 1,167317 0,000243
задумчивости 0,991226 0,000206
задумчивость 1,690196 0,000352
задумчивым 2,167317 0,000451
задумывался 1,213075 0,000253
задумываться 1,565257 0,000326
задыхающихся 2,167317 0,000451
заинтересовал 1,468347 0,000612
заключалось 1,264227 0,000263
заключение 0,991226 0,000206
заключению 1,690196 0,000352
заключил 0,523865 0,000218
законфузился 1,565257 0,000326
закричал 0,599116 0,000125
закрыв 1,167317 0,000243
заметил 0,154480 0,000064
заметила 0,787106 0,000164
заметили 0,611015 0,000254
заметим 1,167317 0,000243
замечали 1,866287 0,000389
замечаний 2,167317 0,000451
занята 1,690196 0,000704
занятая 2,167317 0,000451
заперла 1,866287 0,000389
запертою 1,866287 0,000389
запертую 2,167317 0,000451
заплакал 0,866287 0,000180
запомнить 1,322219 0,000275
зарежет 1,322219 0,000275
зарождались 1,866287 0,000389
засвидетельствовал 1,690196 0,000352
заснула 1,322219 0,000275
заставала 2,167317 0,000451
застал 0,866287 0,000180
затворил 1,468347 0,000306
затем 0,237898 0,000149
затеяли 1,866287 0,000389
затихли 1,565257 0,000326
затмить 2,167317 0,000451
заходил 1,125925 0,000469
захотела 1,021189 0,000213
захотелось 0,787106 0,000164
захочет 0,888564 0,000370
зачем 0,146128 0,000091
зашел 0,912045 0,000190
здесь 0,095435 0,000079
зевак 2,167317 0,000903
зеркало 1,468347 0,000306
злобу 1,322219 0,000275
знаем 1,088136 0,000227
знает 0,171682 0,000036
знакомый 0,936868 0,000195
знал 0,114239 0,000024
знала 0,635838 0,000132
значила 1,690196 0,000352
знаю 0,095435 0,000020
знающими 2,167317 0,000451
иван 0,303994 0,000127
ивановну 0,805589 0,000336
ивану 0,623249 0,000130
игру 1,322219 0,000275
идет 0,514105 0,000107
идиот 0,443041 0,000369
избавлял 2,167317 0,000451
избавляло 2,167317 0,000451
известие 0,662167 0,000276
известны 1,264227 0,000263
излишнего 2,167317 0,000451
изложение 1,468347 0,000306
изложением 1,468347 0,000306
изумились 2,167317 0,000451
изумиться 2,167317 0,000451
изумления 1,389166 0,000289
имеет 0,623249 0,000130
имел 0,347773 0,000072
имения 1,468347 0,000612
именно 0,066947 0,000070
иметь 0,587534 0,000122
иначе 0,367977 0,000153
иная 1,565257 0,000326
инкогнито 2,167317 0,000451
иногда 0,208276 0,000217
интриговал 2,167317 0,000451
интригует 2,167317 0,000451
ипполит 0,675956 0,000563
ипполита 0,888564 0,000370
ипполите 1,690196 0,000352
ипполиту 1,053374 0,000439
искали 1,468347 0,000306
искать 0,769377 0,000160
искренно 0,523865 0,000218
использоваться 0,000000 0,000000
истерике 0,991226 0,000206
истина 1,088136 0,000227
истинная 1,322219 0,000275
источник 0,000000 0,000000
ищете 2,167317 0,000451
каждого 0,888564 0,000185
каждым 0,769377 0,000160
кажется 0,118099 0,000074
казалось 0,316059 0,000066
казался 0,963197 0,000201
казенную 1,690196 0,000352
каким 0,194189 0,000121
какими 0,888564 0,000185
каких 0,468347 0,000195
какой 0,095435 0,000079
какому 0,805589 0,000168
какую 0,419129 0,000175
канцелярист 2,167317 0,000451
капиталами 2,167317 0,000451
капитанша 1,690196 0,001408
капитанше 1,690196 0,000352
капитанши 1,565257 0,000326
карете 1,565257 0,000652
карету 1,468347 0,000306
кареты 1,690196 0,000704
касается 0,769377 0,000160
качал 1,389166 0,000289
каяться 1,866287 0,000777
квартиру 0,805589 0,000168
кверху 1,468347 0,000306
келлер 0,991226 0,002683
келлера 1,167317 0,000972
климате 2,167317 0,000451
клонились 2,167317 0,000451
клятвы 1,866287 0,000389
книги 0,000000 0,000000
княгиню 1,690196 0,000352
княгиня 1,322219 0,000275
князем 0,704919 0,000587
князь 0,477121 0,004571
князю 0,504560 0,001471
князя 0,468347 0,002828
коварно 1,690196 0,000352
когда 0,015029 0,000050
кого 0,222835 0,000139
кола 2,167317 0,000451
колени 0,888564 0,000185
колю 0,805589 0,000168
коля 0,565257 0,000589
коляска 1,322219 0,000275
коляску 1,468347 0,000306
комаров 0,000000 0,000000
комнатах 1,167317 0,000486
комнату 0,468347 0,000195
комнаты 0,443041 0,000092
компетентные 1,690196 0,000352
комплименты 2,167317 0,000451
конгресс 2,167317 0,000451
конечно 0,060107 0,000050
кончала 2,167317 0,000451
кончил 0,587534 0,000367
коротко 1,468347 0,000306
которого 0,198834 0,000083
которому 0,468347 0,000098
которую 0,292256 0,000122
которые 0,189594 0,000039
который 0,110412 0,000092
которым 0,389166 0,000081
которых 0,426955 0,000089
крайней 0,298086 0,000497
красавица 1,167317 0,000486
красоты 1,125925 0,000234
крепко 0,443041 0,000092
кривою 1,866287 0,000389
крик 0,769377 0,000160
крики 1,125925 0,000234
крику 1,264227 0,000263
кричала 1,088136 0,000227
кричали 0,991226 0,000413
кричат 1,213075 0,000253
крови 0,662167 0,000138
кроме 0,158717 0,000198
кругом 0,419129 0,000087
крыльца 1,088136 0,001133
крыльцо 1,167317 0,000486
кстати 0,468347 0,000098
куда 0,248239 0,000155
купили 1,690196 0,000352
курил 1,690196 0,000352
кучер 2,167317 0,000451
кучеру 1,565257 0,000326
лебедев 0,735954 0,002146
лебедева 0,752344 0,001567
лебедеву 1,213075 0,000758
лебедевым 1,213075 0,000505
лежит 0,648803 0,000135
лечения 1,468347 0,000306
либо 0,000000 0,000000
лизавета 0,662167 0,000276
литература 0,000000 0,000000
лихих 2,167317 0,000451
лицо 0,114239 0,000024
лицом 0,000000 0,000000
личных 1,866287 0,000389
лишь 0,185046 0,000116
ложа 2,167317 0,000451
локтями 1,468347 0,000306
лошадям 2,167317 0,000451
лукаво 1,088136 0,000227
лучше 0,162996 0,000068
лучшему 1,322219 0,000275
лучшие 1,322219 0,000275
любви 0,504560 0,000105
любил 0,374926 0,000078
любит 0,389166 0,000081
любите 0,845098 0,000176
любовалась 2,167317 0,000451
любовь 0,523865 0,000218
любопытно 0,845098 0,000176
любым 0,000000 0,000000
людей 0,298086 0,000062
людьми 0,623249 0,000389
маленькие 1,021189 0,000213
маленьком 1,125925 0,000234
мало 0,208276 0,000173
мантильке 2,167317 0,000451
мантилью 1,565257 0,000652
матерью 0,787106 0,000164
машина 1,468347 0,000306
машине 1,565257 0,000326
машиной 2,167317 0,000451
машину 1,866287 0,000389
мгновение 0,396465 0,000165
мебелями 2,167317 0,000451
медицины 1,866287 0,000389
медового 1,866287 0,000389
между 0,129891 0,000027
меньше 0,787106 0,000164
меня 0,027438 0,000017
мере 0,269690 0,000449
мертвец 1,866287 0,000389
местность 1,866287 0,000389
месяца 0,477121 0,000099
мечта 0,963197 0,000201
мечталось 1,866287 0,000389
милостивый 1,088136 0,000227
мимо 0,514105 0,000214
миновать 1,389166 0,000289
минуту 0,084532 0,000070
минуты 0,322219 0,000067
миражем 2,167317 0,000451
мирить 2,167317 0,000451
младенца 1,053374 0,000219
младенцам 2,167317 0,000451
младших 2,167317 0,000451
мнению 0,845098 0,000176
мнения 0,936868 0,000390
многие 0,468347 0,000195
многих 0,704919 0,000147
много 0,080958 0,000017
множество 0,936868 0,000195
могла 0,286504 0,000239
могли 0,374926 0,000234
могло 0,403889 0,000084
модистки 2,167317 0,000451
модисток 2,167317 0,000451
модный 1,866287 0,000389
может 0,000000 0,000000
можете 0,504560 0,000210
можно 0,088136 0,000037
молодому 0,963197 0,000201
момента 0,000000 0,000000
музыке 1,565257 0,000326
музыкой 1,866287 0,000389
мысли 0,316059 0,000066
мыслит 2,167317 0,000451
мысль 0,264227 0,000110
мыслью 1,125925 0,000234
мыслями 1,322219 0,000275
набожно 1,389166 0,000289
навести 1,389166 0,000289
нагнулся 1,053374 0,000219
надеть 1,389166 0,000579
надлежащую 2,167317 0,000903
надобности 1,264227 0,000263
наедине 0,936868 0,000195
назавтра 1,264227 0,000263
назад 0,000000 0,000000
назвала 1,468347 0,000306
название 0,000000 0,000000
назначено 1,565257 0,000326
называл 0,963197 0,000201
называли 1,866287 0,000389
называть 1,389166 0,000289
найдите 1,690196 0,000352
найти 0,000000 0,000000
накануне 0,662167 0,000414
накинул 2,167317 0,000451
накинутом 2,167317 0,000451
наклонностями 1,565257 0,000326
наконец 0,073896 0,000154
налево 0,824895 0,000172
наливка 2,167317 0,000451
намерением 1,088136 0,000227
намерения 1,053374 0,000219
написано 0,000000 0,000000
наполняться 2,167317 0,000451
направо 0,787106 0,000164
например 0,298086 0,000062
напротив 0,180546 0,000075
напугал 1,690196 0,000352
народ 0,735954 0,000153
нарочно 0,227798 0,000142
наряд 1,690196 0,000352
наряда 2,167317 0,000451
нарядами 2,167317 0,000451
нарядом 1,866287 0,000389
наряды 2,167317 0,000451
наскоро 0,888564 0,000185
насмешек 1,565257 0,000326
настаивает 1,866287 0,000389
настасье 0,936868 0,000390
настасьей 1,021189 0,001276
настасьи 0,845098 0,000704
настасью 0,888564 0,000370
настасья 0,805589 0,002684
насущное 1,690196 0,000352
натурально 0,991226 0,000206
натуральною 2,167317 0,000451
наука 0,000000 0,000000
наутро 0,991226 0,000206
начал 0,137934 0,000086
начала 0,381987 0,000080
начали 0,735954 0,000153
начался 1,088136 0,000227
начинала 1,213075 0,000253
нашел 0,648803 0,000405
нашелся 1,213075 0,000253
наяву 1,213075 0,000253
неважную 2,167317 0,000451
невесте 1,468347 0,000306
невестой 1,389166 0,000289
невесту 1,125925 0,000234
невозможно 0,411442 0,000086
невольным 1,866287 0,000389
него 0,000000 0,000000
негодование 1,021189 0,000638
негодовании 0,912045 0,000190
недавно 0,576253 0,000240
недалеко 0,912045 0,000190
недели 0,565257 0,000118
неделю 0,662167 0,000138
недогадлив 2,167317 0,000451
недоумении 0,805589 0,000336
недоумений 1,866287 0,000777
незаметлив 2,167317 0,000451
нездоров 1,213075 0,000253
незнакомого 1,468347 0,000306
незнакомых 2,167317 0,000451
неизвестно 0,936868 0,000195
неизвестными 2,167317 0,000451
некомпетентным 2,167317 0,000451
некоторое 0,486076 0,000202
некоторому 1,167317 0,000243
некоторые 0,533849 0,000222
некоторыми 1,322219 0,000551
нельзя 0,176091 0,000073
немедля 2,167317 0,000451
немного 0,426955 0,000178
нему 0,080958 0,000101
ненависти 0,912045 0,000190
необходимых 1,565257 0,000326
необыкновенно 0,805589 0,000168
необыкновенною 0,912045 0,000190
необыкновенным 0,845098 0,000176
неотлагательное 2,167317 0,000451
непомерной 1,866287 0,000389
непонятным 1,565257 0,000326
непременная 1,690196 0,000352
непременное 1,690196 0,000352
неприлично 0,824895 0,000172
нескольких 1,088136 0,000227
несколько 0,102859 0,000129
нескольку 1,264227 0,000263
нескромные 2,167317 0,000451
нескромных 2,167317 0,000451
несмотря 0,275223 0,000057
несчастного 0,824895 0,000172
несчастье 1,264227 0,000263
нетерпением 0,866287 0,000180
нехорошо 0,963197 0,000201
нечаянность 2,167317 0,000451
нечего 0,381987 0,000159
нибудь 0,030597 0,000025
никаких 0,565257 0,000118
никакого 0,403889 0,000252
никогда 0,088136 0,000055
никого 0,411442 0,000086
никому 0,504560 0,000210
никто 0,185046 0,000039
ними 0,275223 0,000115
нина 0,963197 0,000201
нины 1,468347 0,000306
ничего 0,030597 0,000038
новых 0,963197 0,000201
ноги 0,477121 0,000099
ночь 0,248239 0,000155
ночью 0,587534 0,000245
нужен 0,963197 0,000201
нужны 0,936868 0,000195
нужным 0,936868 0,000195
нянькой 2,167317 0,000451
обвенчаться 1,690196 0,000352
обещалась 1,565257 0,000326
обещался 1,468347 0,000306
обладает 1,866287 0,000389
обменять 2,167317 0,000451
обнаружил 1,690196 0,000352
обнимая 1,690196 0,000352
ободрилась 2,167317 0,000451
обоими 1,264227 0,000263
обольстительная 2,167317 0,000451
образованием 1,389166 0,000289
образом 0,347773 0,000145
образу 1,690196 0,000352
обратил 1,088136 0,000227
обратилось 1,389166 0,000289
обратился 0,443041 0,000185
обращался 1,088136 0,000227
общественное 0,000000 0,000000
обществом 1,565257 0,000326
объявил 0,599116 0,000374
объяснением 1,866287 0,000389
объяснял 1,468347 0,000612
объяснялось 1,690196 0,000352
обыкновений 2,167317 0,000451
обыкновению 0,936868 0,000195
обыкновенном 1,389166 0,000289
обыкновенный 1,322219 0,000275
обычаев 1,866287 0,000389
овдовевшею 2,167317 0,000451
ограничилась 2,167317 0,000451
ограничиться 1,690196 0,000352
одеяние 1,866287 0,000389
один 0,046743 0,000029
одиннадцатого 1,565257 0,000326
одиннадцать 1,167317 0,000243
одна 0,185046 0,000154
однажды 0,635838 0,000265
однако 0,102859 0,000086
одним 0,286504 0,000119
одними 1,264227 0,000263
одних 0,888564 0,000185
одно 0,099131 0,000021
одного 0,150284 0,000094
одной 0,243038 0,000202
одному 0,334808 0,000139
одною 0,787106 0,000164
одну 0,232819 0,000048
одобряется 2,167317 0,000451
одушевлении 1,866287 0,000389
оживленном 2,167317 0,000451
ожидал 0,675956 0,000141
озлобился 1,866287 0,000389
ознакомиться 1,866287 0,000389
оказалось 0,486076 0,000101
окнами 1,565257 0,000326
около 0,443041 0,000369
окон 1,468347 0,000612
окружавшие 1,866287 0,000389
опасении 2,167317 0,000451
опеку 1,866287 0,000777
опекунами 2,167317 0,000451
опереться 1,866287 0,000389
опершись 1,690196 0,000352
опубликовано 0,000000 0,000000
опыта 1,690196 0,000352
опять 0,027438 0,000017
орден 1,866287 0,000389
осажден 2,167317 0,000451
осведомился 0,888564 0,000185
осведомиться 1,565257 0,000326
оскорбил 1,125925 0,000234
осмелятся 2,167317 0,000451
осмотреть 1,866287 0,000389
особ 1,690196 0,001056
особа 1,021189 0,000213
особенно 0,129891 0,000054
особенной 1,264227 0,000263
особенные 1,389166 0,000289
особой 1,468347 0,000306
особые 1,690196 0,000352
осрамились 1,866287 0,000389
оставалась 1,213075 0,000505
оставаясь 1,565257 0,000326
оставил 0,648803 0,000135
оставили 0,888564 0,000185
оставить 0,690196 0,000144
осталось 0,769377 0,000160
остался 0,523865 0,000218
остальным 1,565257 0,000326
остановил 0,991226 0,000413
остановили 1,565257 0,000326
остановился 0,419129 0,000087
остановить 0,991226 0,000413
остановлен 2,167317 0,000451
остаться 0,912045 0,000190
осуждать 1,690196 0,000352
ответ 0,533849 0,000111
ответил 0,237898 0,000050
ответить 0,735954 0,000153
отвечал 0,648803 0,000270
отвечать 0,824895 0,000172
отворил 0,824895 0,000172
отворила 1,322219 0,000551
отворились 1,866287 0,000389
отдыха 1,866287 0,000389
отзыв 1,565257 0,000326
отказался 1,213075 0,000253
откровенными 1,866287 0,000389
открыл 0,963197 0,000201
открыто 1,213075 0,000253
открыть 1,021189 0,000213
отличающими 2,167317 0,000451
отмахивались 2,167317 0,000451
отняли 1,866287 0,000389
отпевание 2,167317 0,000903
отпевании 1,866287 0,000389
отпили 1,866287 0,000389
отправились 1,468347 0,000306
отправился 0,936868 0,000390
отправляется 1,690196 0,000352
отстранив 2,167317 0,000451
отца 0,222835 0,000093
отцом 0,599116 0,000125
отчасти 0,611015 0,000509
отчаянии 0,912045 0,000190
официально 2,167317 0,000451
оформление 0,000000 0,000000
охотников 1,866287 0,000389
оцепенели 2,167317 0,000451
очень 0,024303 0,000051
ощущений 1,322219 0,000275
павлович 0,419129 0,000087
павловича 0,451314 0,000188
павловичем 0,866287 0,000180
павловичу 0,805589 0,000336
павловска 1,565257 0,000326
павловске 1,053374 0,000658
пала 1,565257 0,000326
пальцем 1,021189 0,000213
парикмахеров 2,167317 0,000451
первая 0,419129 0,000087
первого 0,411442 0,000086
первое 0,565257 0,000118
первой 0,720159 0,000150
первоначального 2,167317 0,000451
первую 0,805589 0,000168
первые 0,787106 0,000164
первый 0,248239 0,000052
перед 0,554533 0,000231
передавал 1,167317 0,000243
передавала 1,866287 0,000777
передать 0,690196 0,000144
переменить 1,264227 0,000263
перестал 0,675956 0,000141
перешло 0,000000 0,000000
перчатках 1,565257 0,000326
петербург 0,662167 0,000138
петербурга 0,866287 0,000361
петербурге 0,690196 0,000287
петербургском 1,866287 0,000389
петь 1,565257 0,000326
пистолет 1,053374 0,000219
платком 1,125925 0,000234
платок 0,787106 0,000164
платочке 1,866287 0,000389
платье 0,704919 0,000294
плечи 0,991226 0,000206
плечо 0,866287 0,000180
плотному 2,167317 0,000451
плох 1,690196 0,000352
побеждала 2,167317 0,000451
побледнел 0,704919 0,000147
повесами 2,167317 0,000451
повещенный 2,167317 0,000451
повторяла 1,866287 0,000389
погоню 2,167317 0,000451
погуще 2,167317 0,000451
подавать 1,468347 0,000306
подал 0,752344 0,000157
подборка 0,000000 0,000000
подвенечное 2,167317 0,000451
подвеселить 2,167317 0,000451
подглядеть 2,167317 0,000451
поддержан 2,167317 0,000451
поднес 1,468347 0,000306
подниметесь 2,167317 0,000451
поднял 0,504560 0,000105
поднялась 1,021189 0,000213
поднять 1,264227 0,000263
подозревает 1,866287 0,000389
подошел 0,514105 0,000214
подошла 1,053374 0,000219
подрались 1,866287 0,000389
подробнее 1,167317 0,000729
подхватил 0,533849 0,000111
подхватили 1,468347 0,000306
подымаясь 1,322219 0,000275
пожаловать 1,213075 0,000253
пожарной 2,167317 0,000451
пожарную 2,167317 0,000451
пожелания 2,167317 0,000451
пожелать 1,565257 0,000326
позвать 1,322219 0,000275
поздно 0,735954 0,000153
позже 1,389166 0,000289
поймала 1,866287 0,000389
пока 0,213075 0,000044
показались 1,690196 0,000352
показалось 0,495219 0,000309
показался 1,125925 0,000234
покамест 0,866287 0,000361
покачиванья 2,167317 0,000451
поклонилась 1,322219 0,000275
поклялся 1,389166 0,000289
покровительства 2,167317 0,000451
покровительство 1,468347 0,000306
полдюжины 1,690196 0,000352
полицию 1,690196 0,000352
половине 0,936868 0,000195
половины 0,936868 0,000195
положение 0,866287 0,000180
полуночи 1,690196 0,000352
полюбопытствовал 1,565257 0,000326
помалу 0,675956 0,000282
помешательства 1,565257 0,000326
помешательство 1,866287 0,000389
помирившийся 2,167317 0,000451
помириться 1,264227 0,000263
помнил 0,845098 0,000352
помнит 1,389166 0,000289
помните 0,690196 0,000144
помогший 2,167317 0,000451
помолчав 0,936868 0,000195
понимала 1,213075 0,000253
поняла 0,787106 0,000164
понять 0,396465 0,000083
пообещалась 2,167317 0,000451
пополудни 1,213075 0,000253
поправить 1,322219 0,000275
попросил 0,635838 0,000132
попытки 1,565257 0,000326
попыткой 1,690196 0,000352
попыток 1,690196 0,000352
поразвязнее 2,167317 0,000451
поразила 0,963197 0,000201
пораньше 1,866287 0,000389
портмоне 1,565257 0,000326
поручено 1,690196 0,000352
порядке 0,936868 0,000195
порядочности 1,866287 0,000389
посадив 2,167317 0,000451
посадили 1,468347 0,000306
посетителей 0,000000 0,000000
посетители 0,000000 0,000000
посещать 1,565257 0,000326
посещение 1,468347 0,000306
посещением 1,690196 0,000352
посещения 1,088136 0,000227
поскорей 0,769377 0,000160
посланному 2,167317 0,000451
посланные 2,167317 0,000451
посланных 2,167317 0,000451
после 0,084532 0,000106
последнее 0,486076 0,000202
последние 0,533849 0,000222
последний 0,403889 0,000084
последнюю 0,888564 0,000185
последняя 1,088136 0,000227
последующий 2,167317 0,000451
послышался 1,264227 0,000263
посмертно 0,000000 0,000000
посмотрел 0,459747 0,000096
поспеешь 1,690196 0,000352
поспешности 1,690196 0,000352
поставил 0,845098 0,000176
постучалась 2,167317 0,000451
постучались 1,866287 0,000389
потом 0,084532 0,000229
потому 0,024303 0,000020
потряс 2,167317 0,000451
потрясенный 1,565257 0,000326
поутру 0,845098 0,000352
похвал 1,866287 0,000389
похвалил 1,322219 0,000551
похожем 1,565257 0,000326
похоронах 1,866287 0,001555
поцеловал 0,866287 0,000361
почему 0,099131 0,000083
почесть 1,866287 0,000389
почтенного 1,565257 0,000326
почтенный 1,213075 0,000253
почтенным 1,389166 0,000289
почти 0,024303 0,000076
пошел 0,275223 0,000115
появление 1,125925 0,000234
правда 0,162996 0,000136
православном 1,866287 0,000389
правую 0,936868 0,000195
праздничного 2,167317 0,000451
праздною 2,167317 0,000451
превкусная 2,167317 0,000451
превосходные 1,866287 0,000389
пред 0,033778 0,000049
преданности 1,389166 0,000289
предлогом 1,264227 0,000263
предложил 0,888564 0,000185
предметами 2,167317 0,000451
предостережения 2,167317 0,000451
предполагалось 1,866287 0,000389
предприятия 1,468347 0,000306
председателем 1,468347 0,000306
предсказал 1,866287 0,000389
представить 0,576253 0,000120
предстоящего 1,565257 0,000326
предстоящем 1,690196 0,000352
предстоящий 1,866287 0,000389
предупредил 1,322219 0,000275
прежде 0,077412 0,000097
презирать 1,213075 0,000253
премудрых 1,690196 0,000352
претензии 1,565257 0,000326
прибавил 0,275223 0,000115
прибавила 0,690196 0,000144
прибавляю 2,167317 0,000451
прибежали 1,690196 0,000352
прибыли 1,389166 0,000289
привел 0,991226 0,000206
приветствовал 1,866287 0,000389
приводя 2,167317 0,000451
привычка 1,468347 0,000306
привязавшись 2,167317 0,000451
пригласил 1,213075 0,000253
пригласить 1,565257 0,000326
приглашен 1,468347 0,000306
приглашенных 1,866287 0,000389
приглашены 1,690196 0,000352
пригодится 1,866287 0,000389
приготовить 1,866287 0,000389
приготовлялась 2,167317 0,000451
приемом 2,167317 0,000451
прижизненно 0,000000 0,000000
прийти 0,662167 0,000138
приключение 1,322219 0,000275
приключении 2,167317 0,000451
прикрывается 2,167317 0,000451
прилива 2,167317 0,000451
прилично 1,213075 0,000758
приличной 1,690196 0,000352
примет 1,088136 0,000227
примиренно 2,167317 0,000451
примирителя 1,866287 0,000389
принесла 1,264227 0,000263
принцессу 2,167317 0,000451
принял 0,565257 0,000353
принялся 1,167317 0,000243
принятых 1,690196 0,000352
приобрел 1,264227 0,000263
приплелась 2,167317 0,000451
припоминал 0,936868 0,000195
припомнив 1,264227 0,000263
припомнил 0,888564 0,000185
прислали 1,565257 0,000326
приставал 1,565257 0,000326
присутствует 1,866287 0,000389
присутствующих 1,468347 0,000306
присылал 1,866287 0,000777
притянули 1,690196 0,000352
приходила 1,167317 0,000243
приходилось 1,264227 0,000263
приходить 0,888564 0,000185
причем 0,912045 0,000380
причины 0,752344 0,000157
пришел 0,322219 0,000134
пришлась 1,866287 0,000389
пришлись 1,866287 0,000389
приятелем 1,565257 0,000326
приятному 2,167317 0,000451
пробило 1,468347 0,000306
пробовала 1,866287 0,000389
пробормотал 0,334808 0,000139
пробуждения 1,690196 0,000352
проводил 1,264227 0,000263
провожавшие 2,167317 0,000451
провожала 1,866287 0,000389
провозгласил 0,991226 0,000206
проговорив 1,053374 0,000219
проговорилась 1,866287 0,000389
программирование 0,000000 0,000000
продал 1,213075 0,000253
продаст 1,866287 0,000389
продолжал 0,292256 0,000061
проезжал 2,167317 0,000451
проезжала 2,167317 0,000451
проехать 1,866287 0,000389
произведение 0,000000 0,000000
произведений 0,000000 0,000000
произведения 0,000000 0,000000
произведенное 1,866287 0,000389
произвело 0,991226 0,000206
произнес 0,361137 0,000075
произнесено 1,213075 0,000253
произнести 1,322219 0,000275
произносились 2,167317 0,000451
произойти 0,963197 0,000201
пройдя 1,468347 0,000306
проклятиями 2,167317 0,000451
прокофьевна 0,752344 0,000313
прокричал 0,720159 0,000150
пролития 2,167317 0,000451
пропустить 1,322219 0,000275
просидел 1,021189 0,000425
просила 1,053374 0,000219
просить 0,504560 0,000105
просияла 2,167317 0,000451
простились 1,866287 0,000389
просто 0,232819 0,000097
простым 1,690196 0,000352
просьб 1,690196 0,000352
просьбой 1,167317 0,000243
против 0,389166 0,000243
противоположному 2,167317 0,000451
протянул 0,675956 0,000282
проходившую 2,167317 0,000451
проходил 1,125925 0,000469
прочил 1,866287 0,000389
прочим 0,662167 0,000138
прочими 1,264227 0,000263
прошел 0,662167 0,000138
прошло 0,000000 0,000000
прощались 1,866287 0,000389
прощанье 1,866287 0,000389
прыгнул 2,167317 0,000451
прямо 0,118099 0,000025
птицын 0,824895 0,000172
птицыны 1,866287 0,000389
публика 1,322219 0,000551
публикации 0,000000 0,000000
публике 0,936868 0,000195
публики 1,213075 0,000253
публикой 1,866287 0,000389
публично 1,213075 0,000253
пункта 1,468347 0,000306
пустился 0,936868 0,000195
пусть 0,253503 0,000106
пуще 0,599116 0,000125
пяти 0,662167 0,000138
пятидесятирублевую 1,866287 0,000389
пять 0,275223 0,000057
пятьдесят 0,888564 0,000185
радовалась 1,690196 0,000352
радушием 1,866287 0,000389
радушно 1,565257 0,000326
рады 1,125925 0,000234
раза 0,426955 0,000089
разве 0,146128 0,000030
развеселить 2,167317 0,000451
разветвлялись 2,167317 0,000451
развлекал 1,866287 0,000389
развязнее 1,866287 0,000389
разговор 0,434924 0,000272
разговора 0,805589 0,000503
разговоре 0,963197 0,000201
разговорились 1,690196 0,000352
разговоров 1,264227 0,000263
раздавался 1,690196 0,000352
раздались 1,167317 0,000243
раздвинулась 1,866287 0,000389
раздевался 2,167317 0,000451
раздражен 1,125925 0,000234
раздражить 1,690196 0,000352
раздумал 1,565257 0,000326
разнесут 1,866287 0,000389
разогнутым 2,167317 0,000451
разочароваться 2,167317 0,000451
разошлись 1,389166 0,000289
разрешения 0,000000 0,000000
разрешилось 1,690196 0,000352
разу 0,704919 0,000294
разумеется 0,328468 0,000205
разумных 1,690196 0,000352
раскаленные 2,167317 0,000451
раскрасавицу 1,866287 0,000389
распивочных 2,167317 0,000451
располагал 2,167317 0,000451
расположение 1,565257 0,000326
распорядилась 1,565257 0,000326
распоряжались 2,167317 0,000451
распространялся 1,866287 0,000389
рассказала 1,088136 0,000227
рассказами 2,167317 0,000451
рассказать 0,623249 0,000130
рассказом 1,167317 0,000243
рассказывала 1,322219 0,001101
рассказывали 0,936868 0,000195
рассказывался 2,167317 0,000451
рассказывая 1,264227 0,000263
рассмешил 2,167317 0,000451
рассмеялся 0,805589 0,000168
расспрашивал 1,088136 0,000227
расспрашивать 1,213075 0,000505
рассталась 2,167317 0,000451
расстались 1,322219 0,000826
расстройства 1,468347 0,000306
рассуждали 1,565257 0,000326
расчета 1,565257 0,000326
расчеты 1,468347 0,000306
ребенку 1,167317 0,000243
речь 0,704919 0,000147
решена 1,690196 0,000352
решил 0,514105 0,000107
решительно 0,341243 0,000142
решится 1,322219 0,000275
роган 2,167317 0,000451
рогожин 0,704919 0,001321
рогожина 0,866287 0,000722
рогожине 1,389166 0,000579
рогожиным 0,936868 0,000195
роде 0,504560 0,000315
роль 1,125925 0,000234
рублев 2,167317 0,000451
руками 0,280827 0,000117
руки 0,167317 0,000139
руководством 1,690196 0,000352
руку 0,222835 0,000139
русская 0,000000 0,000000
русские 1,088136 0,000227
рухлядь 1,866287 0,000389
ручался 2,167317 0,000451
саду 0,936868 0,000585
садясь 1,264227 0,000263
сайте 0,000000 0,000000
сама 0,208276 0,000087
сами 0,142011 0,000030
самого 0,118099 0,000049
самодовольно 1,690196 0,000352
самое 0,167317 0,000035
самом 0,114239 0,000071
самоубийства 1,690196 0,000352
самою 0,866287 0,000361
самую 0,459747 0,000096
самые 0,381987 0,000080
самый 0,198834 0,000083
самых 0,468347 0,000195
свадьба 1,264227 0,000263
свадьбе 1,389166 0,000868
свадьбой 1,866287 0,000777
свадьбы 1,213075 0,001263
сваливал 2,167317 0,000451
сверкали 1,167317 0,000486
светлому 2,167317 0,000451
светского 1,468347 0,000306
свиданиях 2,167317 0,000451
свидетели 0,991226 0,000206
свидетельствует 1,322219 0,000275
свистки 2,167317 0,000451
свистят 2,167317 0,000451
свободно 0,000000 0,000000
свободною 2,167317 0,000451
свое 0,150284 0,000063
своего 0,091770 0,000076
своей 0,066947 0,000014
своем 0,198834 0,000083
своему 0,367977 0,000153
своею 0,443041 0,000092
свои 0,146128 0,000030
своим 0,208276 0,000217
своих 0,237898 0,000248
свой 0,189594 0,000039
сволочь 1,866287 0,000389
свою 0,073896 0,000062
святые 1,264227 0,000263
священники 2,167317 0,000451
сгложет 2,167317 0,000451
сделано 1,021189 0,000213
сделать 0,403889 0,000168
себе 0,033778 0,000035
себя 0,005949 0,000006
сегодня 0,000000 0,000000
седой 1,565257 0,000326
седому 2,167317 0,000451
сезон 1,866287 0,000389
сейчас 0,070407 0,000044
секрет 0,787106 0,000164
секрета 1,565257 0,000326
секунда 1,565257 0,000326
семейный 1,322219 0,000275
семейства 0,690196 0,000144
семи 0,991226 0,000206
семидесяти 0,000000 0,000000
семь 0,787106 0,000492
сердечное 1,690196 0,000352
сердца 0,334808 0,000070
серьезным 1,088136 0,000453
сестра 0,824895 0,000172
сжал 1,167317 0,000243
сигары 1,690196 0,000352
сидел 0,322219 0,000067
сидела 0,824895 0,000172
сидеть 0,662167 0,000138
сидя 0,845098 0,000176
силой 0,675956 0,000282
сильно 0,292256 0,000061
сильное 0,991226 0,000206
сильной 1,468347 0,000306
симпатии 1,866287 0,000389
система 1,690196 0,000352
системы 1,866287 0,000389
сказал 0,099131 0,000041
сказать 0,073896 0,000077
скандал 1,053374 0,000219
сквозь 0,936868 0,000390
сколько 0,280827 0,000058
скорее 0,514105 0,000214
скоро 0,298086 0,000124
скромно 1,053374 0,000219
скромный 1,690196 0,000352
скрывал 1,088136 0,000227
скрылся 1,690196 0,000352
слабою 1,690196 0,000352
следу 2,167317 0,000451
следует 0,936868 0,000195
следующею 2,167317 0,000451
следующим 1,690196 0,000352
слез 0,787106 0,000164
слезами 0,554533 0,000231
слезах 1,021189 0,000425
слишком 0,133894 0,000195
словам 0,888564 0,000185
слово 0,232819 0,000048
словом 0,367977 0,000077
слову 0,888564 0,000185
слухи 1,322219 0,000275
случае 0,248239 0,000155
случившийся 1,690196 0,000352
случилось 0,403889 0,000084
слыхала 1,389166 0,000289
слышал 0,389166 0,000405
слышала 0,845098 0,000176
слышалось 1,322219 0,000275
слышать 0,888564 0,000185
слышно 0,912045 0,000190
смеется 0,611015 0,000127
смерти 0,468347 0,000098
смех 0,704919 0,000440
смешного 1,468347 0,000306
смея 1,565257 0,000326
смеялся 0,576253 0,000120
смотрел 0,298086 0,000124
смотрели 0,769377 0,000160
смотреть 0,477121 0,000099
смущал 1,690196 0,000352
смущение 1,264227 0,000263
смущении 0,963197 0,000201
сначала 0,434924 0,000091
снял 0,963197 0,000201
собиравшихся 2,167317 0,000451
собиралась 1,468347 0,000306
собираться 1,866287 0,000389
собирающимся 2,167317 0,000451
собой 0,253503 0,000106
собрание 0,000000 0,000000
собрания 1,690196 0,000352
собраниях 2,167317 0,000451
собственную 1,213075 0,000253
событии 1,565257 0,000652
события 1,264227 0,000527
совершенно 0,180546 0,000376
совершенного 2,167317 0,000451
совершенное 1,125925 0,000234
совестно 1,167317 0,000243
советовал 1,468347 0,000306
советовался 1,690196 0,000352
советы 1,690196 0,000352
совсем 0,021189 0,000013
согласия 0,000000 0,000000
сократить 1,468347 0,000306
сомневался 1,264227 0,000263
сообразив 1,264227 0,000263
сообщала 1,866287 0,000389
сообщать 1,322219 0,000275
сообщил 0,824895 0,000344
сообщить 0,635838 0,000397
соответствовать 2,167317 0,000451
соперницу 1,866287 0,000389
составит 1,866287 0,000389
состоит 1,088136 0,000227
состояние 0,805589 0,000168
состоянием 1,264227 0,000263
состоянии 0,459747 0,000287
сохранил 1,565257 0,000326
сочинений 0,000000 0,000000
сочиненными 2,167317 0,000451
спал 0,690196 0,000287
спальне 1,322219 0,000275
спас 1,264227 0,000263
спасались 2,167317 0,000451
спаси 1,389166 0,000289
спасти 0,769377 0,000481
сперва 0,735954 0,000153
спешили 1,565257 0,000326
спокойный 1,565257 0,000326
спокойствия 1,264227 0,000263
спор 1,213075 0,000253
спорившим 2,167317 0,000451
способствует 1,866287 0,000389
спохватился 1,167317 0,000243
справедливо 0,805589 0,000168
справиться 1,167317 0,000243
спросить 0,495219 0,000103
спрятан 1,565257 0,000326
спустя 0,533849 0,000222
сряду 0,991226 0,000206
стал 0,125925 0,000026
стала 0,544068 0,000227
стали 0,322219 0,000134
стало 0,091770 0,000115
становилась 1,213075 0,000505
становиться 1,690196 0,000352
станции 1,322219 0,000275
старался 1,125925 0,000234
стараясь 1,021189 0,000213
старенькой 1,866287 0,000389
старик 0,434924 0,000091
старичка 1,322219 0,000275
старичком 1,690196 0,000352
старую 1,389166 0,000289
старшие 1,468347 0,000306
степени 0,389166 0,000081
стихами 2,167317 0,000451
стоившую 2,167317 0,000451
столом 0,735954 0,000153
стороны 0,185046 0,000154
сторублевую 1,565257 0,000652
стоявшему 1,468347 0,000306
страхе 0,991226 0,000413
страхи 2,167317 0,000451
страху 0,845098 0,000176
ступеньках 1,690196 0,000352
судорожно 1,167317 0,000243
судьбу 0,912045 0,000190
судят 1,389166 0,000289
сумасброда 2,167317 0,000451
супруга 0,787106 0,000164
схватил 0,533849 0,000111
схватила 0,912045 0,000190
сцену 0,845098 0,000176
счастию 1,264227 0,000263
счастливее 1,468347 0,000306
счастливо 1,213075 0,000505
сюрпризом 1,690196 0,000352
тайная 1,690196 0,000352
такая 0,309985 0,000129
также 0,000000 0,000000
таки 0,066947 0,000056
такие 0,232819 0,000048
таким 0,243038 0,000101
таких 0,243038 0,000051
таково 1,264227 0,000263
таковых 1,389166 0,000289
такое 0,114239 0,000024
такой 0,077412 0,000064
такою 0,690196 0,000144
такую 0,334808 0,000139
талейраном 2,167317 0,000451
текст 0,000000 0,000000
темной 1,565257 0,000326
тему 0,963197 0,000201
теперь 0,015029 0,000053
терентьева 1,866287 0,000389
террасу 1,125925 0,000234
террасы 1,167317 0,000243
тихий 1,125925 0,000234
тихо 0,354404 0,000148
тише 1,690196 0,000352
тобой 0,419129 0,000175
тогда 0,050046 0,000021
тогдашнюю 2,167317 0,000451
того 0,005949 0,000009
тоже 0,043466 0,000045
толку 0,912045 0,000190
толпа 0,991226 0,000413
толпе 0,991226 0,000826
толпу 1,468347 0,000917
толпы 1,167317 0,000486
только 0,002964 0,000013
томах 0,000000 0,000000
тонким 1,690196 0,000352
тонкого 1,389166 0,000289
торопился 1,125925 0,000234
тотчас 0,046743 0,000010
тоцкого 1,322219 0,000275
точно 0,121994 0,000076
трагическое 2,167317 0,000451
третий 0,544068 0,000227
третьему 1,565257 0,000326
тронула 1,690196 0,000352
трубу 1,690196 0,000352
трубы 2,167317 0,000451
трудно 0,459747 0,000191
трусил 2,167317 0,000451
тяжело 0,565257 0,000118
убор 2,167317 0,000451
убьет 0,936868 0,000390
увези 1,690196 0,000352
увели 1,565257 0,000326
уверенность 1,389166 0,000579
увидел 0,648803 0,000135
увидите 0,769377 0,000160
увлек 1,468347 0,000306
увлекалась 2,167317 0,000903
увлечь 2,167317 0,000451
угли 1,866287 0,000389
уговору 2,167317 0,000451
угодно 0,504560 0,000105
угощением 2,167317 0,000451
удавалось 1,468347 0,000612
удалялись 2,167317 0,000451
удалялся 1,866287 0,000389
удара 1,468347 0,000306
ударил 0,912045 0,000190
удвоил 2,167317 0,000451
удивлению 1,053374 0,000219
удовлетворению 2,167317 0,000451
удостоить 2,167317 0,000451
ужаснейшем 1,690196 0,000352
ужасно 0,167317 0,000070
ужасным 1,213075 0,000253
узнать 0,374926 0,000078
уйдет 1,088136 0,000227
указательным 1,866287 0,000389
указывали 1,866287 0,000389
улицах 1,468347 0,000306
улыбался 1,213075 0,000253
улыбкой 0,468347 0,000195
умела 1,389166 0,000289
умер 0,662167 0,000276
умершим 0,000000 0,000000
умиравшим 2,167317 0,000451
умрет 0,824895 0,000172
умственного 2,167317 0,000451
умственное 1,565257 0,000326
уныл 2,167317 0,000451
упал 0,675956 0,000141
упоминали 1,866287 0,000389
употребляла 2,167317 0,000451
упреками 2,167317 0,000451
усадили 1,565257 0,000326
усиливала 1,690196 0,000352
усилия 1,264227 0,000263
усилиям 2,167317 0,000451
усилиях 2,167317 0,000451
усложнялись 2,167317 0,000451
услыхал 1,565257 0,000326
услышал 0,824895 0,000344
успевшая 1,565257 0,000326
успел 0,354404 0,000148
успела 0,824895 0,000172
успокоился 1,322219 0,000275
успокоить 1,264227 0,000263
успокоиться 1,053374 0,000219
установлены 2,167317 0,000451
устраивается 1,866287 0,000389
устроить 1,053374 0,000219
уступит 1,866287 0,000389
утаил 1,565257 0,000326
утешена 2,167317 0,000451
утро 0,662167 0,000138
утром 0,411442 0,000086
уходить 0,845098 0,000176
уходя 1,125925 0,000234
участвовать 2,167317 0,000451
участие 0,888564 0,000370
участью 1,690196 0,000352
ушел 0,599116 0,000374
ушла 0,991226 0,000206
фактов 0,991226 0,000413
федор 0,000000 0,000000
федорович 0,253503 0,000106
федоровичу 0,599116 0,000125
филипповна 0,824895 0,002749
филипповне 0,936868 0,000390
филипповной 1,021189 0,001276
филипповну 0,888564 0,000370
филипповны 0,845098 0,000704
философией 2,167317 0,000451
формальность 2,167317 0,000451
фраках 1,866287 0,000389
фуляровом 2,167317 0,000451
хвалил 1,866287 0,000389
хитрости 1,468347 0,000306
хлопот 1,264227 0,000263
хлопотал 1,565257 0,000326
ходил 0,611015 0,000254
ходила 1,125925 0,000234
ходили 1,125925 0,000234
хоронил 1,866287 0,000389
хорошо 0,189594 0,000039
хотел 0,158717 0,000066
хотелось 0,381987 0,000080
хоть 0,060107 0,000038
хотя 0,050046 0,000010
хотят 0,735954 0,000307
хочешь 0,544068 0,000113
худо 1,125925 0,000469
цели 0,662167 0,000138
целый 0,486076 0,000304
целью 0,824895 0,000172
ценил 1,389166 0,000289
ценою 2,167317 0,000451
церкви 1,088136 0,002266
церковь 0,912045 0,000570
часа 0,000000 0,000000
часов 0,411442 0,000514
часом 1,322219 0,000275
часто 0,292256 0,000183
часть 0,002964 0,000001
часу 0,720159 0,000150
чаще 0,866287 0,000180
чего 0,040213 0,000025
человек 0,036984 0,000046
человека 0,154480 0,000097
человеку 0,459747 0,000096
чему 0,341243 0,000071
через 0,258832 0,000216
черные 1,213075 0,000253
честного 1,264227 0,000263
честь 0,554533 0,000115
чета 1,866287 0,000389
четвероногого 2,167317 0,000451
четвертая 0,426955 0,000178
четверть 0,888564 0,000185
четыре 0,477121 0,000099
чиновными 2,167317 0,000451
число 0,000000 0,000000
читаем 0,000000 0,000000
читать 0,000000 0,000000
чрезвычайно 0,217927 0,000136
чрезвычайное 0,735954 0,000153
чрезвычайной 1,213075 0,000253
чрезвычайном 0,824895 0,000172
чрезвычайному 1,389166 0,000289
чрезвычайною 0,991226 0,000206
чрезвычайный 1,088136 0,000227
чрезвычайным 0,720159 0,000150
чрезвычайных 1,690196 0,000352
чтоб 0,073896 0,000031
чтобы 0,030597 0,000045
чувств 0,704919 0,000147
чувстве 1,322219 0,000275
чувствовал 0,635838 0,000132
чувствовать 1,125925 0,000234
чувству 1,468347 0,000306
чуть 0,176091 0,000147
чьего 0,000000 0,000000
шагах 0,866287 0,000180
шалями 2,167317 0,000451
шампанского 0,991226 0,000206
шаривари 2,167317 0,000903
шафер 2,167317 0,000451
шафера 1,866287 0,000389
швейцарии 1,053374 0,000219
шепнул 1,167317 0,000486
шепоте 2,167317 0,000451
шепотом 0,675956 0,000141
шептал 1,389166 0,000289
шести 0,963197 0,000401
шнейдера 1,565257 0,000326
шнейдере 2,167317 0,000451
шумно 1,565257 0,000326
шумом 1,389166 0,000289
шушера 1,866287 0,000389
щепки 1,866287 0,000389
экая 1,468347 0,000306
экипаж 1,389166 0,000289
экономическая 2,167317 0,000451
этак 0,690196 0,000144
этими 0,635838 0,000132
этого 0,053374 0,000056
этой 0,118099 0,000025
этом 0,046743 0,000078
этот 0,011981 0,000012
этою 0,599116 0,000125
юристом 2,167317 0,000451
явилась 1,021189 0,000213
явился 0,623249 0,000389
являлись 1,690196 0,000352
явно 1,088136 0,000227
яснее 1,213075 0,000253
ясно 0,354404 0,000074
