автор 0,000000 0,000000
автором 0,000000 0,000000
авторского 0,000000 0,000000
авторы 0,000000 0,000000
аксиома 1,468347 0,000675
актрису 2,167317 0,000997
алексей 0,000000 0,000000
алексея 0,000000 0,000000
анализом 2,167317 0,000997
байроновского 2,167317 0,000997
байроновском 2,167317 0,000997
безменами 2,167317 0,000997
беречься 1,866287 0,000858
беспристрастны 2,167317 0,000997
беспутен 2,167317 0,000997
беспутному 2,167317 0,000997
библиотека 0,000000 0,000000
бледен 1,264227 0,000582
блеснуть 1,866287 0,000858
бога 0,451314 0,000415
богом 0,866287 0,001195
богу 0,434924 0,000200
боже 0,459747 0,000211
божию 1,389166 0,000639
более 0,000000 0,000000
больше 0,137934 0,000063
болят 1,690196 0,000777
братья 0,176091 0,000405
бросает 1,322219 0,000608
будет 0,077412 0,000107
будто 0,099131 0,000137
будущности 2,167317 0,000997
будьте 0,735954 0,000677
буквально 0,805589 0,000371
бунт 1,322219 0,000608
буря 1,866287 0,000858
буфете 2,167317 0,000997
была 0,046743 0,000065
были 0,099131 0,000274
было 0,000000 0,000000
быть 0,002964 0,000004
важному 1,088136 0,000501
вами 0,232819 0,000214
ввернул 0,991226 0,000456
вдруг 0,005949 0,000008
ведь 0,043466 0,000180
великая 0,912045 0,000420
великим 1,322219 0,000608
великолепно 1,125925 0,001036
велит 1,053374 0,000485
верили 1,468347 0,000675
верно 0,523865 0,000241
верноподданного 2,167317 0,000997
верьте 0,824895 0,000379
весь 0,099131 0,000091
взвесьте 2,167317 0,000997
взошел 1,690196 0,000777
взывающей 2,167317 0,000997
видите 0,396465 0,000182
визиты 0,000000 0,000000
виновен 0,912045 0,002517
вкусе 1,690196 0,000777
вломившийся 2,167317 0,000997
вникните 1,866287 0,000858
вновь 0,720159 0,000331
внушайтесь 2,167317 0,000997
вовсе 0,150284 0,000069
возвещают 2,167317 0,000997
воздвигают 2,167317 0,000997
возмерится 1,690196 0,000777
вознаграждения 0,000000 0,000000
возражал 1,468347 0,000675
возражать 1,322219 0,001216
возражениями 2,167317 0,000997
возропщу 2,167317 0,000997
волнения 0,991226 0,000456
воплем 1,565257 0,000720
вопль 1,264227 0,000582
вопрос 0,222835 0,000102
вопросов 0,866287 0,000797
восклицает 1,264227 0,001163
восклицал 0,845098 0,000389
восклицала 1,167317 0,000537
восклицаний 1,866287 0,000858
восклицания 1,167317 0,000537
восторг 0,888564 0,000409
воцарилось 1,866287 0,000858
впечатлениями 1,565257 0,000720
впрочем 0,118099 0,000109
вразумившее 2,167317 0,000997
время 0,043466 0,000040
всей 0,248239 0,000114
всем 0,070407 0,000032
всеобщим 1,565257 0,000720
всех 0,060107 0,000028
вскричал 0,292256 0,000134
вспомните 1,053374 0,000485
встал 0,403889 0,000186
встали 1,167317 0,000537
встать 1,053374 0,000485
вступили 1,389166 0,000639
вступился 1,389166 0,000639
второй 0,704919 0,000324
выводит 1,866287 0,000858
выговаривал 1,565257 0,000720
выговоренные 2,167317 0,000997
выговорил 0,824895 0,000379
вызвал 1,322219 0,000608
вынул 0,599116 0,000276
выплаты 0,000000 0,000000
высказано 1,468347 0,000675
выходе 1,565257 0,000720
выцарапает 2,167317 0,000997
выцарапала 2,167317 0,000997
героя 1,167317 0,000537
главе 1,213075 0,000558
главный 0,963197 0,000443
глаза 0,129891 0,000060
глубоким 1,167317 0,000537
глубокое 1,322219 0,000608
говорил 0,095435 0,000088
говором 1,866287 0,000858
говорю 0,203530 0,000094
говорят 0,309985 0,000143
головой 0,533849 0,000246
головы 0,787106 0,000362
голос 0,533849 0,000982
голосок 1,468347 0,000675
голосом 0,396465 0,000365
горло 1,389166 0,000639
город 0,523865 0,000241
господ 1,264227 0,000582
господа 0,389166 0,000895
господин 0,514105 0,000236
готовились 1,565257 0,000720
грабежа 1,264227 0,000582
гражданина 1,565257 0,000720
границах 1,866287 0,000858
громко 0,504560 0,000232
группе 1,565257 0,002880
грушенька 0,675956 0,000311
давеча 0,232819 0,000214
даже 0,005949 0,000025
дальше 0,002964 0,000001
дамами 2,167317 0,000997
дамы 0,648803 0,001194
данные 0,000000 0,000000
двадцать 0,411442 0,000189
двенадцатая 0,936868 0,000862
двенадцать 1,021189 0,000470
действительно 0,106619 0,000049
делает 0,805589 0,000371
делать 0,426955 0,000393
дело 0,063514 0,000029
денется 2,167317 0,000997
день 0,162996 0,000150
деньги 0,280827 0,000129
дескать 0,419129 0,000193
десницу 2,167317 0,000997
десять 0,374926 0,000172
детей 0,576253 0,000530
детям 1,322219 0,000608
дикому 1,866287 0,000858
дней 0,514105 0,000236
добиться 1,468347 0,001351
добро 1,125925 0,000518
доброго 1,088136 0,000501
довольно 0,129891 0,000060
довольных 2,167317 0,000997
договорил 1,125925 0,000518
дойдем 2,167317 0,000997
доказательство 1,088136 0,000501
докторам 2,167317 0,000997
должен 0,258832 0,000119
должны 0,576253 0,000265
должных 1,565257 0,000720
дома 0,298086 0,000137
допрашивать 1,565257 0,000720
дорезала 2,167317 0,000997
доставало 2,167317 0,000997
достоевский 0,000000 0,000000
достоинства 1,088136 0,000501
достоинством 0,866287 0,000398
достояние 0,000000 0,000000
драгоценные 1,690196 0,000777
други 1,690196 0,000777
другие 0,389166 0,000179
другой 0,146128 0,000067
другую 0,495219 0,000228
думал 0,258832 0,000119
духовно 1,866287 0,000858
душе 0,514105 0,000473
евангелие 1,213075 0,001674
едва 0,554533 0,000255
если 0,011981 0,000017
есть 0,018098 0,000067
жаждавшие 1,866287 0,001717
ждал 0,495219 0,000228
ждали 0,720159 0,000331
жене 1,167317 0,000537
женский 1,053374 0,000485
женщины 0,576253 0,000265
жизнь 0,162996 0,000075
жупел 2,167317 0,000997
забыл 0,328468 0,000151
заветы 2,167317 0,000997
завидели 2,167317 0,000997
завтра 0,298086 0,000548
завтрашний 1,468347 0,000675
завязываются 2,167317 0,000997
загадки 1,213075 0,000558
заглядываем 2,167317 0,000997
задающий 2,167317 0,000997
заднем 1,565257 0,000720
задыхался 0,912045 0,000420
зазвонил 1,690196 0,000777
заискивали 2,167317 0,000997
заключений 1,866287 0,000858
законной 2,167317 0,000997
закончил 1,125925 0,000518
закусить 1,866287 0,000858
зала 1,125925 0,001036
залепетали 2,167317 0,001994
залу 0,735954 0,001693
залы 1,213075 0,002232
замерло 1,389166 0,000639
заметил 0,154480 0,000071
замирали 2,167317 0,000997
замирая 1,167317 0,000537
заповедал 2,167317 0,000997
запомнил 1,053374 0,000485
запрещать 1,866287 0,000858
зарыдал 1,389166 0,000639
заседания 1,866287 0,000858
затем 0,237898 0,000547
зачем 0,146128 0,000067
защитник 1,125925 0,002072
защитника 1,125925 0,001554
защитнику 1,389166 0,000639
защиты 1,322219 0,000608
зверю 1,866287 0,000858
звонить 1,690196 0,000777
здесь 0,095435 0,000176
здешняя 2,167317 0,000997
здравых 1,866287 0,005151
земской 1,866287 0,000858
злобный 1,167317 0,000537
знает 0,171682 0,000079
знаете 0,286504 0,000132
знакомством 1,866287 0,000858
знал 0,114239 0,000053
значило 1,322219 0,000608
знаю 0,095435 0,000044
зубы 1,053374 0,000485
ивановича 1,213075 0,000558
идиот 0,443041 0,000204
извращенно 2,167317 0,000997
имени 0,912045 0,000420
именно 0,066947 0,000062
иначе 0,367977 0,000169
инсинуацию 2,167317 0,000997
иные 0,599116 0,000827
ипполит 0,675956 0,000933
ипполита 0,888564 0,000817
искренно 0,523865 0,000241
исповедуясь 2,167317 0,000997
использоваться 0,000000 0,000000
исправиться 1,565257 0,000720
исправляются 2,167317 0,000997
исступлении 0,735954 0,000339
истерическом 1,468347 0,000675
истины 1,125925 0,002072
источник 0,000000 0,000000
исчез 1,125925 0,000518
каждый 0,367977 0,000339
казалось 0,316059 0,000145
каким 0,194189 0,000268
какого 0,347773 0,000160
карамазовы 0,180546 0,000332
катя 1,053374 0,000485
кафедры 2,167317 0,000997
кириллович 1,088136 0,001502
кирилловича 1,389166 0,000639
клянусь 0,635838 0,000292
клятвою 1,866287 0,000858
книга 0,176091 0,000162
книги 0,000000 0,000000
кого 0,222835 0,000102
колесница 1,690196 0,001555
колесницу 2,167317 0,000997
колесницы 2,167317 0,000997
коли 0,269690 0,000248
колокольчик 1,167317 0,001074
коль 0,720159 0,000994
комаров 0,000000 0,000000
конверт 1,213075 0,000558
конец 0,495219 0,000456
конечно 0,060107 0,000028
кончил 0,587534 0,000270
коснулся 1,468347 0,000675
которая 0,361137 0,000166
которого 0,198834 0,000091
которое 0,426955 0,000196
которую 0,292256 0,000269
которые 0,189594 0,000087
который 0,110412 0,000102
которым 0,389166 0,000179
крайней 0,298086 0,000274
красноречивыми 2,167317 0,000997
красноречие 1,565257 0,000720
кричал 0,824895 0,000759
кричали 0,991226 0,000456
крови 0,662167 0,000609
крыльце 1,690196 0,000777
куда 0,248239 0,000114
купец 1,213075 0,000558
купчихи 1,565257 0,000720
лакея 1,167317 0,000537
ланиту 2,167317 0,000997
легкомысленно 1,565257 0,000720
лежит 0,648803 0,000298
лжеподобие 2,167317 0,000997
лжеподобия 2,167317 0,000997
либо 0,000000 0,000000
литература 0,000000 0,000000
лицом 0,000000 0,000000
личности 1,322219 0,000608
лишите 1,866287 0,000858
лишь 0,185046 0,000766
ловкий 1,565257 0,000720
ломать 1,468347 0,000675
лучше 0,162996 0,000075
лучшим 1,690196 0,000777
любил 0,374926 0,000172
любить 0,523865 0,000241
любовника 2,167317 0,000997
любовницы 1,690196 0,000777
любым 0,000000 0,000000
малейшего 0,720159 0,000331
махнуть 2,167317 0,000997
мгновение 0,396465 0,000365
медалью 2,167317 0,000997
меньше 0,787106 0,000724
меня 0,027438 0,000013
мере 0,269690 0,000620
мерите 1,866287 0,000858
мерить 1,866287 0,000858
мертвая 1,468347 0,000675
мертвенной 2,167317 0,000997
меру 1,125925 0,001554
мерят 2,167317 0,000997
мест 1,088136 0,000501
месте 0,286504 0,000264
место 0,334808 0,000154
милосердием 1,866287 0,000858
минуте 1,468347 0,000675
минуту 0,084532 0,000039
минуты 0,322219 0,000148
мира 1,125925 0,000518
мистика 2,167317 0,000997
мистике 2,167317 0,000997
мистику 1,866287 0,001717
митеньку 1,468347 0,002026
митю 0,623249 0,000287
митя 0,587534 0,000541
михаил 1,088136 0,000501
мнению 0,845098 0,000389
многие 0,468347 0,000215
много 0,080958 0,000074
многое 0,662167 0,000305
многочисленный 2,167317 0,000997
могло 0,403889 0,000186
моего 0,367977 0,000508
моей 0,280827 0,000517
может 0,000000 0,000000
можно 0,088136 0,000081
молодом 1,322219 0,000608
молодому 0,963197 0,000443
молодых 0,912045 0,000420
моложе 1,690196 0,000777
молчание 0,912045 0,000420
молчит 0,991226 0,001368
момента 0,000000 0,000000
московской 1,690196 0,000777
мстящего 2,167317 0,000997
мужички 1,690196 0,003887
мужской 1,565257 0,001440
мужчин 1,389166 0,000639
мысли 0,316059 0,000145
навеки 0,648803 0,000298
наверно 0,264227 0,000122
наверху 1,264227 0,000582
надо 0,036984 0,000034
надобности 1,264227 0,002326
назад 0,000000 0,000000
назарьева 2,167317 0,000997
назвал 1,167317 0,000537
название 0,000000 0,000000
назвать 1,088136 0,001001
назначении 1,866287 0,000858
называть 1,389166 0,000639
найти 0,000000 0,000000
накануне 0,662167 0,000305
наконец 0,073896 0,000102
накопившимися 2,167317 0,000997
намекнул 1,565257 0,000720
нами 0,648803 0,000597
написано 0,000000 0,000000
напряжены 2,167317 0,000997
напутственное 1,866287 0,000858
народ 0,735954 0,000339
насмешливо 0,787106 0,000362
насоздавали 2,167317 0,000997
настоящее 0,963197 0,000443
настроены 2,167317 0,000997
наступил 1,322219 0,000608
насчет 0,354404 0,000163
наука 0,000000 0,000000
научившее 2,167317 0,000997
научит 1,866287 0,000858
нахмуренный 1,866287 0,000858
начал 0,137934 0,000063
начала 0,381987 0,000176
началом 1,565257 0,000720
наша 0,787106 0,000362
наше 0,662167 0,000305
нашего 0,396465 0,000365
наши 0,544068 0,000751
нашими 1,468347 0,000675
наших 0,690196 0,000952
невидимые 2,167317 0,000997
него 0,000000 0,000000
негодовании 0,912045 0,000420
недовольные 2,167317 0,000997
независимости 2,167317 0,000997
незаконнорожденность 2,167317 0,000997
некоторого 0,752344 0,000346
нельзя 0,176091 0,000243
неминуемое 1,690196 0,000777
неминуемом 2,167317 0,000997
немного 0,426955 0,000196
нему 0,080958 0,000037
немыслимо 1,866287 0,000858
ненавистью 1,088136 0,000501
неожиданным 0,963197 0,000443
непонятны 1,866287 0,000858
неправда 0,845098 0,000777
несколько 0,102859 0,000142
неспокойна 2,167317 0,000997
нетерпении 0,963197 0,000443
неудержим 2,167317 0,000997
неужто 0,599116 0,000276
никто 0,185046 0,000170
нити 1,866287 0,000858
новое 0,845098 0,000389
новым 0,991226 0,000456
носы 1,866287 0,000858
обвинение 1,053374 0,000485
обвинений 1,866287 0,000858
обеспечена 1,866287 0,000858
обидчики 2,167317 0,000997
обиженным 1,213075 0,000558
обломки 1,866287 0,000858
обменяться 2,167317 0,001994
обошлось 1,565257 0,000720
общего 1,167317 0,000537
общества 0,787106 0,000362
общественное 0,000000 0,000000
обществу 1,322219 0,000608
обыкновенно 0,720159 0,000331
обязанность 1,565257 0,000720
один 0,046743 0,000065
однако 0,102859 0,000047
одни 0,459747 0,000211
одной 0,243038 0,000224
одном 0,504560 0,000232
одобрительный 2,167317 0,000997
одобрительным 2,167317 0,000997
ожидал 0,675956 0,000311
ожидании 0,824895 0,000379
оказалось 0,486076 0,000224
окаменели 2,167317 0,000997
около 0,443041 0,000204
окружен 2,167317 0,000997
опасных 2,167317 0,000997
описываю 1,866287 0,000858
оправдали 1,866287 0,000858
оправдание 1,213075 0,000558
оправдании 2,167317 0,000997
оправдания 1,690196 0,003110
оправдать 1,088136 0,001001
оправдают 1,690196 0,002332
опубликовано 0,000000 0,000000
опять 0,027438 0,000025
оратор 1,468347 0,000675
оригинальным 1,468347 0,000675
осадил 1,565257 0,001440
ослабел 1,565257 0,000720
основами 2,167317 0,000997
оставаться 0,769377 0,000354
осудите 1,866287 0,000858
осуждения 1,468347 0,000675
ответ 0,533849 0,000491
отец 0,316059 0,000436
откуда 0,523865 0,000241
отложено 1,866287 0,000858
отмеривать 2,167317 0,000997
отмеряют 2,167317 0,000997
отпустите 1,565257 0,000720
отселева 1,389166 0,000639
отца 0,222835 0,000615
отцам 1,866287 0,000858
отцеубийство 1,866287 0,001717
отцеубийством 1,866287 0,000858
отцеубийцы 2,167317 0,000997
отцов 1,125925 0,001036
отцу 0,565257 0,000260
отчего 0,554533 0,000255
оформление 0,000000 0,000000
очень 0,024303 0,000056
ошибся 0,963197 0,000443
ощутил 1,468347 0,000675
павлович 0,419129 0,000193
палата 1,690196 0,000777
первые 0,787106 0,001086
первый 0,248239 0,000114
перед 0,554533 0,000510
передавали 1,264227 0,000582
переделать 1,690196 0,000777
пережил 2,167317 0,000997
переменить 1,264227 0,000582
перерезала 1,866287 0,000858
перерыв 1,866287 0,000858
перешло 0,000000 0,000000
пестом 1,565257 0,000720
петербург 0,662167 0,000305
петербургскому 2,167317 0,000997
плакал 0,824895 0,000379
плакали 1,389166 0,001278
плечами 0,787106 0,000362
плохо 0,912045 0,000839
побежденное 1,866287 0,000858
повалился 1,690196 0,000777
повесили 2,167317 0,000997
повскакали 1,866287 0,000858
повторяю 0,648803 0,000298
подавите 1,866287 0,000858
подавлен 2,167317 0,000997
подавлены 2,167317 0,000997
подборка 0,000000 0,000000
подвига 1,389166 0,000639
подгородный 1,866287 0,000858
поднялась 1,021189 0,000470
поднялся 0,635838 0,000877
подобен 1,866287 0,000858
подробности 0,648803 0,000298
подставлять 2,167317 0,000997
подсудимого 0,991226 0,000456
подсудимому 1,167317 0,000537
подумайте 1,213075 0,000558
подхватил 0,533849 0,000246
подходя 1,088136 0,001001
пожалуй 0,237898 0,000109
пожимали 2,167317 0,000997
поздно 0,735954 0,000339
поздравления 2,167317 0,000997
позорно 1,389166 0,000639
поймет 1,167317 0,000537
поклонясь 2,167317 0,000997
поколении 1,866287 0,000858
поколению 1,866287 0,000858
покончили 2,167317 0,000997
покорился 1,866287 0,000858
покоя 1,468347 0,000675
полном 1,125925 0,000518
полноте 0,866287 0,000398
полных 2,167317 0,000997
половине 0,936868 0,000431
положим 0,720159 0,000331
помедлил 1,866287 0,000858
помещик 1,053374 0,000485
помилуйте 0,824895 0,000759
помните 0,690196 0,000317
помню 0,486076 0,000671
помолюсь 2,167317 0,000997
понимал 0,554533 0,000255
понюхает 2,167317 0,000997
понятий 1,565257 0,004320
пополуночи 1,866287 0,000858
поправился 1,565257 0,000720
поправлять 1,866287 0,000858
попросив 2,167317 0,000997
посетителей 0,000000 0,000000
посетители 0,000000 0,000000
последней 0,623249 0,000287
последний 0,403889 0,000186
последнюю 0,888564 0,000409
послужить 1,167317 0,000537
послышались 1,264227 0,000582
послышалось 1,213075 0,000558
послышался 1,264227 0,000582
посмертно 0,000000 0,000000
постановке 2,167317 0,000997
постом 1,690196 0,000777
постояли 1,690196 0,002332
посягать 2,167317 0,001994
потирали 2,167317 0,000997
потом 0,084532 0,000117
потомстве 2,167317 0,000997
потому 0,024303 0,000022
потребовать 1,690196 0,000777
похож 1,167317 0,000537
поцелую 1,389166 0,000639
почти 0,024303 0,000045
пошел 0,275223 0,000127
пошло 1,088136 0,000501
пощадите 1,690196 0,003110
поэма 1,468347 0,002026
появился 1,021189 0,000470
прав 0,769377 0,000354
правда 0,162996 0,000075
православию 2,167317 0,000997
православной 2,167317 0,000997
пред 0,033778 0,000047
преднамеренно 1,565257 0,000720
предоставлено 2,167317 0,000997
предполагать 1,468347 0,000675
предрассудок 1,389166 0,001917
председатели 2,167317 0,000997
председатель 1,167317 0,002148
председателя 1,389166 0,000639
представляются 1,565257 0,000720
предчувствуются 2,167317 0,000997
прежде 0,077412 0,000036
прелюбодей 1,690196 0,000777
прений 1,866287 0,000858
преображенный 2,167317 0,000997
прерывалась 1,866287 0,000858
пресекся 1,389166 0,000639
преступнику 1,389166 0,000639
преувеличивать 1,866287 0,000858
приведу 1,468347 0,000675
приводится 2,167317 0,000997
привожу 1,866287 0,000858
приговора 1,213075 0,000558
пригодиться 1,565257 0,000720
прижизненно 0,000000 0,000000
признаюсь 0,769377 0,000354
приложив 1,690196 0,000777
приникшее 2,167317 0,000997
принимал 1,088136 0,000501
приступил 1,389166 0,000639
присяжные 1,125925 0,002590
присяжный 2,167317 0,000997
присяжными 1,866287 0,000858
присяжных 1,565257 0,000720
притянули 1,690196 0,000777
пришел 0,322219 0,000148
проверенное 2,167317 0,000997
провожаемый 2,167317 0,000997
провозгласил 0,991226 0,000456
проговорил 0,154480 0,000142
проговорить 1,389166 0,000639
программирование 0,000000 0,000000
произведение 0,000000 0,000000
произведений 0,000000 0,000000
произведения 0,000000 0,000000
произнесение 2,167317 0,000997
пройтись 1,690196 0,000777
прокричал 0,720159 0,000331
прокурор 0,888564 0,000409
прокурору 1,264227 0,000582
прокурорша 1,866287 0,001717
пролили 2,167317 0,000997
пронзительный 1,866287 0,000858
пропустили 1,690196 0,000777
простирая 1,389166 0,000639
просто 0,232819 0,000214
противно 1,468347 0,000675
противоположность 1,322219 0,000608
прохора 2,167317 0,000997
проч 0,662167 0,001218
прошло 0,000000 0,000000
прощать 1,322219 0,000608
прощаю 1,389166 0,000639
прямо 0,118099 0,000054
психологии 1,322219 0,000608
публика 1,322219 0,001216
публикации 0,000000 0,000000
публике 0,936868 0,000431
публики 1,213075 0,000558
пунктам 2,167317 0,001994
пусть 0,253503 0,000117
пьянствовать 1,866287 0,000858
равно 0,303994 0,000280
радовались 1,866287 0,000858
радости 0,635838 0,000292
разве 0,146128 0,000134
разговаривавших 2,167317 0,000997
раздавлен 1,690196 0,000777
раздается 1,690196 0,000777
раздался 0,805589 0,000371
раздирающим 1,690196 0,000777
размеру 1,866287 0,000858
разнесет 2,167317 0,000997
разразившийся 2,167317 0,000997
разрешает 2,167317 0,000997
разрешения 0,000000 0,000000
разрешит 2,167317 0,000997
разрывает 1,866287 0,000858
разъезжался 2,167317 0,000997
распятым 2,167317 0,001994
рассудка 1,690196 0,000777
рассчитывал 0,963197 0,000443
растроган 1,866287 0,000858
ребенок 0,648803 0,000298
резать 2,167317 0,000997
религия 1,468347 0,000675
речей 1,565257 0,000720
речи 0,769377 0,000708
решительный 1,264227 0,000582
ровно 0,533849 0,000246
роман 1,125925 0,001036
романе 1,565257 0,000720
романов 1,565257 0,001440
россии 0,623249 0,000287
рудничков 2,167317 0,000997
руки 0,167317 0,000154
руку 0,222835 0,000102
руси 1,264227 0,000582
русская 0,000000 0,000000
русского 0,936868 0,000431
рябой 2,167317 0,000997
сайте 0,000000 0,000000
сама 0,208276 0,000096
самом 0,114239 0,000053
самому 0,426955 0,000196
самые 0,381987 0,000351
сановника 1,690196 0,000777
сбивался 1,690196 0,000777
свободно 0,000000 0,000000
свое 0,150284 0,000069
своего 0,091770 0,000084
своей 0,066947 0,000031
своим 0,208276 0,000192
своих 0,237898 0,000109
свой 0,189594 0,000087
свою 0,073896 0,000068
связующие 2,167317 0,000997
святыню 1,565257 0,000720
священные 1,866287 0,000858
сделал 0,381987 0,000351
сделают 1,690196 0,000777
сдержать 1,088136 0,000501
себе 0,033778 0,000016
себя 0,005949 0,000011
сегодня 0,000000 0,000000
сейчас 0,070407 0,000032
семеныч 1,565257 0,000720
семидесяти 0,000000 0,000000
семья 1,690196 0,000777
сердишься 1,322219 0,000608
сердцами 1,690196 0,000777
сердцем 0,675956 0,000622
сердцу 0,769377 0,000354
сидит 0,565257 0,000260
силы 0,514105 0,000236
скажут 0,963197 0,000443
сказал 0,099131 0,000319
сказать 0,073896 0,000034
скоро 0,298086 0,000137
скромен 1,690196 0,000777
скрывая 1,322219 0,000608
слабое 1,866287 0,000858
слабоумный 2,167317 0,000997
слегка 0,936868 0,000431
слезы 0,554533 0,000255
слишком 0,133894 0,000062
слов 0,367977 0,000169
слова 0,129891 0,000060
словами 0,805589 0,000371
словах 0,635838 0,000585
слово 0,232819 0,000321
слову 0,888564 0,000409
сломав 2,167317 0,000997
сломаю 1,866287 0,000858
случае 0,248239 0,000114
случаях 0,599116 0,000276
слушал 0,576253 0,000265
слушателей 1,264227 0,000582
слушая 0,991226 0,000456
слышал 0,389166 0,000179
слышу 0,991226 0,000456
смеет 1,053374 0,000485
смердяков 0,587534 0,000270
смешной 0,991226 0,000456
смешок 1,565257 0,000720
смирившееся 2,167317 0,000997
сначала 0,434924 0,000200
снисхождении 2,167317 0,000997
снисхождения 1,866287 0,000858
снова 0,565257 0,000260
собираясь 1,264227 0,000582
собой 0,253503 0,000117
собрание 0,000000 0,000000
совещались 1,866287 0,000858
совещаний 2,167317 0,000997
совсем 0,021189 0,000010
согласия 0,000000 0,000000
сообразившись 2,167317 0,000997
сотрясался 1,866287 0,000858
сочинением 1,866287 0,000858
сочинений 0,000000 0,000000
спасибо 0,866287 0,000797
спокойны 1,389166 0,001278
спрашивать 0,752344 0,000346
стало 0,091770 0,000042
сталось 2,167317 0,000997
станем 1,264227 0,000582
станет 0,623249 0,000287
станется 1,389166 0,001278
стану 0,662167 0,000305
старшина 2,167317 0,000997
стипендии 2,167317 0,000997
стихов 1,264227 0,000582
столичный 1,167317 0,000537
сторон 0,735954 0,000339
страшно 0,434924 0,000400
страшный 0,845098 0,000389
страшным 1,213075 0,000558
стремился 1,565257 0,000720
стыдно 0,504560 0,000232
суда 0,787106 0,000362
судебных 1,866287 0,000858
судом 1,213075 0,000558
судьбу 0,912045 0,000420
суматохе 1,565257 0,000720
супруга 0,787106 0,000362
существуют 1,389166 0,000639
сфинкс 1,690196 0,000777
сюда 0,232819 0,000107
также 0,000000 0,000000
таки 0,066947 0,000031
таких 0,243038 0,000112
такое 0,114239 0,000105
такой 0,077412 0,000036
таком 0,309985 0,000143
такую 0,334808 0,000154
твердо 0,419129 0,000193
тебе 0,203530 0,000094
тебя 0,198834 0,000091
текст 0,000000 0,000000
текста 2,167317 0,000997
телеги 1,565257 0,000720
телегу 1,565257 0,000720
телесно 1,866287 0,000858
теперь 0,015029 0,000007
тишина 1,125925 0,000518
тишине 1,468347 0,000675
тогда 0,050046 0,000023
того 0,005949 0,000011
толстый 1,468347 0,000675
только 0,002964 0,000018
томах 0,000000 0,000000
тому 0,095435 0,000044
требуя 1,866287 0,000858
третий 0,544068 0,000250
третьей 1,322219 0,000608
трибуна 1,866287 0,002575
трибуны 2,167317 0,002991
тяжело 0,565257 0,000520
убежденных 1,866287 0,000858
убивать 1,264227 0,001163
убивший 1,866287 0,001717
убийство 0,936868 0,000431
убил 0,523865 0,002410
увековечения 2,167317 0,000997
увели 1,565257 0,000720
уверен 0,635838 0,000292
уверены 0,805589 0,000371
увидят 1,264227 0,000582
увлекшегося 1,866287 0,000858
углу 0,599116 0,000276
удалились 1,322219 0,000608
удалиться 1,866287 0,000858
удержать 1,213075 0,000558
удивительном 1,866287 0,000858
удостоивает 1,866287 0,000858
удостоил 1,389166 0,000639
умершим 0,000000 0,000000
умолила 1,866287 0,000858
упал 0,675956 0,000311
управы 1,866287 0,000858
упрекают 2,167317 0,000997
уселась 1,565257 0,000720
успехе 1,866287 0,000858
утомлен 1,866287 0,001717
утром 0,411442 0,000189
учил 1,322219 0,000608
учить 1,088136 0,000501
учреждения 2,167317 0,000997
ушам 1,565257 0,000720
федор 0,000000 0,000000
фетюкович 1,167317 0,003222
фраз 1,468347 0,000675
фразу 1,468347 0,000675
фразы 1,322219 0,000608
хаос 1,468347 0,000675
хмурились 1,690196 0,000777
хорах 1,866287 0,000858
хотелось 0,381987 0,000176
хотя 0,050046 0,000023
христа 0,912045 0,000839
христианство 1,866287 0,000858
христова 1,264227 0,000582
христос 0,936868 0,000862
цели 0,662167 0,000305
целого 1,125925 0,000518
целью 0,824895 0,000379
часа 0,000000 0,000000
части 1,389166 0,000639
часть 0,002964 0,000003
часу 0,720159 0,000331
чего 0,040213 0,000092
человек 0,036984 0,000017
человеколюбцем 2,167317 0,001994
человеку 0,459747 0,000211
чему 0,341243 0,000314
черт 0,477121 0,001097
черта 0,845098 0,000389
четвертая 0,426955 0,000393
четвертой 1,866287 0,000858
четыре 0,477121 0,000219
чиновник 0,963197 0,000886
чиновника 1,021189 0,000470
чиновники 1,866287 0,000858
чиновников 1,690196 0,000777
число 0,000000 0,000000
читаем 0,000000 0,000000
читать 0,000000 0,000000
член 1,565257 0,000720
чрезвычайно 0,217927 0,000100
чтоб 0,073896 0,000034
чтобы 0,030597 0,000042
чьего 0,000000 0,000000
шевелилась 1,690196 0,000777
шептались 1,866287 0,000858
шпагу 1,690196 0,000777
энтузиазм 2,167317 0,000997
энтузиазма 2,167317 0,000997
эпизод 1,167317 0,000537
эпилог 1,690196 0,000777
этих 0,213075 0,000098
этого 0,053374 0,000025
этой 0,118099 0,000109
этом 0,046743 0,000022
этот 0,011981 0,000017
эффекта 1,565257 0,000720
эффектной 2,167317 0,000997
юпитер 2,167317 0,000997
юпитера 2,167317 0,000997
явился 0,623249 0,000287
ясно 0,354404 0,000163
