автор 0,000000 0,000000
автором 0,000000 0,000000
авторского 0,000000 0,000000
авторы 0,000000 0,000000
агафье 1,866287 0,001243
адрес 1,213075 0,000404
алексей 0,000000 0,000000
алексея 0,000000 0,000000
алеша 0,381987 0,001399
ангела 1,264227 0,000421
ангелу 1,565257 0,000521
анекдотах 1,565257 0,000521
арабских 2,167317 0,000722
бегать 1,565257 0,000521
безумно 1,389166 0,000463
беспокойством 0,888564 0,000296
бессловесный 1,866287 0,000621
бесстыжую 1,565257 0,000521
библиотека 0,000000 0,000000
билета 1,565257 0,001042
бить 1,088136 0,001812
благодарности 1,167317 0,000389
благополучно 1,690196 0,000563
благородно 1,167317 0,000389
благословила 1,866287 0,000621
благословленный 2,167317 0,000722
ближайших 1,866287 0,001243
богатая 1,690196 0,000563
богу 0,434924 0,000145
божьего 1,565257 0,000521
более 0,000000 0,000000
болен 0,704919 0,000235
больше 0,137934 0,000092
большой 0,495219 0,000165
боюсь 0,504560 0,000336
брат 0,303994 0,000304
братом 0,769377 0,000256
братья 0,176091 0,000235
бред 1,053374 0,000702
будет 0,077412 0,000052
будешь 0,648803 0,000432
буду 0,208276 0,000624
будучи 1,088136 0,000362
будущем 1,021189 0,000340
будьте 0,735954 0,000245
бумажка 1,264227 0,000421
бурбон 1,866287 0,000621
бывший 0,845098 0,000281
были 0,099131 0,000066
было 0,000000 0,000000
быстротою 2,167317 0,000722
быть 0,002964 0,000012
ваша 0,554533 0,000185
вашему 0,576253 0,000192
ваши 0,434924 0,000290
вверх 0,866287 0,000577
вдобавок 1,213075 0,001212
вдруг 0,005949 0,000028
ведь 0,043466 0,000203
вексель 2,167317 0,000722
велел 0,752344 0,000752
великое 0,888564 0,000592
величайший 1,565257 0,000521
верит 0,991226 0,000330
веришь 0,912045 0,000607
верст 1,125925 0,000375
верь 1,125925 0,000750
верю 0,623249 0,000623
весь 0,099131 0,000033
вечно 0,824895 0,000549
взыскала 2,167317 0,000722
взять 0,533849 0,000178
видал 0,623249 0,000415
виде 0,434924 0,000145
видел 0,248239 0,000083
видит 0,690196 0,000460
видишь 0,599116 0,000599
видно 0,504560 0,000168
вижу 0,286504 0,000095
визиты 0,000000 0,000000
влюбился 1,213075 0,000404
влюблен 1,053374 0,000351
вместо 0,411442 0,000137
вовсе 0,150284 0,000050
возлюбленный 1,690196 0,000563
возможно 0,735954 0,000490
возможности 0,690196 0,000230
вознаграждения 0,000000 0,000000
возьми 0,704919 0,000235
воинскими 2,167317 0,000722
вони 2,167317 0,000722
ворвусь 2,167317 0,000722
воришка 1,866287 0,000621
воришкой 2,167317 0,000722
вором 1,264227 0,000842
восемь 0,824895 0,000275
восемьдесят 1,866287 0,000621
воскликнул 0,309985 0,000310
восьми 1,125925 0,000750
вправду 0,888564 0,000296
времен 1,264227 0,000421
всегда 0,129891 0,000043
всегдашним 1,866287 0,000621
всего 0,040213 0,000107
всем 0,070407 0,000070
всех 0,060107 0,000060
вскакивая 1,565257 0,000521
вскрываю 2,167317 0,000722
всматриваясь 1,565257 0,000521
всплеснув 1,322219 0,000440
вторая 0,514105 0,000171
второй 0,704919 0,000235
вчера 0,341243 0,000114
выбрал 1,322219 0,000440
выбрала 1,866287 0,000621
выговор 1,866287 0,000621
выйдет 0,587534 0,000196
выйду 0,936868 0,000936
вынудила 2,167317 0,000722
вынуты 2,167317 0,000722
выплаты 0,000000 0,000000
вырвалось 0,704919 0,000235
выслушала 1,213075 0,000404
высший 1,264227 0,000421
высшим 1,389166 0,000463
генеральша 1,021189 0,000680
главная 1,213075 0,000404
главное 0,189594 0,000063
глаза 0,129891 0,000130
глазах 0,459747 0,000153
глубину 1,565257 0,000521
глупость 0,912045 0,000607
глядели 1,213075 0,000404
глядишь 1,389166 0,000463
гневом 1,264227 0,000421
говорил 0,095435 0,000032
говорит 0,189594 0,000126
говоришь 0,752344 0,000251
говорю 0,203530 0,000136
говоря 0,434924 0,000145
гордые 1,389166 0,000463
горе 0,769377 0,000256
горестно 1,125925 0,000375
горничная 1,264227 0,000421
город 0,523865 0,000523
городе 0,565257 0,000188
горячего 1,322219 0,001321
господь 0,888564 0,000296
грехи 1,468347 0,000489
гроза 1,468347 0,000489
грушенька 0,675956 0,000900
грушеньке 0,824895 0,001373
грушеньки 0,787106 0,000524
грушеньку 0,845098 0,001126
грязи 1,389166 0,000463
грязные 1,690196 0,000563
грязный 1,866287 0,000621
грянула 2,167317 0,000722
губернский 1,565257 0,000521
дает 0,845098 0,000281
даже 0,005949 0,000014
дала 0,720159 0,000480
дальше 0,002964 0,000002
данные 0,000000 0,000000
даст 0,963197 0,002566
двадцати 0,675956 0,000450
двадцать 0,411442 0,000137
двести 0,991226 0,000660
двинул 1,866287 0,000621
двинулись 1,866287 0,000621
двинулся 1,389166 0,000463
дворе 0,787106 0,000262
дворником 2,167317 0,000722
двух 0,264227 0,000264
дебоширства 2,167317 0,000722
девица 1,213075 0,000404
девок 1,322219 0,000440
декламирует 2,167317 0,000722
декламирую 2,167317 0,000722
дела 0,309985 0,000206
делай 1,690196 0,000563
делать 0,426955 0,000142
деле 0,162996 0,000163
дело 0,063514 0,000085
денег 0,309985 0,000310
день 0,162996 0,000217
деньгами 0,675956 0,000450
деньгах 0,866287 0,000288
деньги 0,280827 0,000655
деньгу 1,866287 0,000621
денька 2,167317 0,000722
дескать 0,419129 0,000558
десять 0,374926 0,000125
дмитрий 0,468347 0,000624
дмитрия 0,599116 0,000399
дней 0,514105 0,000514
днем 1,264227 0,000421
днях 1,125925 0,000375
добровольно 1,322219 0,000440
добродетель 1,322219 0,000440
добыл 1,866287 0,000621
должен 0,258832 0,000345
доселе 0,912045 0,000304
достану 1,468347 0,000489
достиг 1,167317 0,000389
достоверно 1,690196 0,000563
достоевский 0,000000 0,000000
достойный 1,565257 0,000521
достояние 0,000000 0,000000
дочери 0,787106 0,000262
драма 1,866287 0,000621
другого 0,396465 0,000132
другой 0,146128 0,000097
другую 0,495219 0,000165
думаешь 0,752344 0,000752
думал 0,258832 0,000259
душой 0,824895 0,000275
душу 0,451314 0,000150
если 0,011981 0,000020
есть 0,018098 0,000054
жалости 1,053374 0,000351
ждать 0,554533 0,000554
ждет 0,787106 0,000524
ждите 1,690196 0,000563
жениться 0,912045 0,000607
жених 1,213075 0,002020
женихом 1,565257 0,001564
жениху 1,690196 0,000563
женщина 0,396465 0,000132
женщине 0,991226 0,000330
живет 0,662167 0,000221
животное 1,565257 0,000521
жизнь 0,162996 0,000054
забыл 0,328468 0,000109
завещание 1,690196 0,000563
заврался 2,167317 0,000722
завтра 0,298086 0,000199
задумчивый 1,389166 0,000463
закутил 2,167317 0,000722
замуж 0,735954 0,000490
записки 1,389166 0,000463
запомни 1,322219 0,000440
заражен 1,866287 0,000621
заразился 2,167317 0,000722
засел 1,565257 0,000521
засмеялся 0,495219 0,000165
застрелюсь 1,690196 0,001126
затем 0,237898 0,000079
зато 0,468347 0,000156
захворал 1,866287 0,000621
захочет 0,888564 0,001184
захочу 0,936868 0,000312
зачем 0,146128 0,000049
зачтется 2,167317 0,000722
звезде 1,866287 0,000621
здесь 0,095435 0,000222
здешних 1,213075 0,000404
злобно 0,599116 0,000200
злые 1,690196 0,000563
знает 0,171682 0,000343
знаешь 0,533849 0,000533
знай 0,888564 0,000296
знака 1,866287 0,000621
знал 0,114239 0,000114
знали 0,426955 0,000142
знатный 1,565257 0,000521
знать 0,328468 0,000438
значит 0,243038 0,000243
знаю 0,095435 0,000572
иван 0,303994 0,000405
ивана 0,504560 0,001008
ивановна 0,486076 0,000486
ивановне 0,720159 0,000959
иваном 0,845098 0,000281
ивану 0,623249 0,000415
извергу 2,167317 0,000722
известен 1,053374 0,000351
известно 0,334808 0,000111
извлечет 2,167317 0,000722
изгиб 1,866287 0,001243
издали 1,053374 0,000351
изнасиловать 2,167317 0,000722
износились 2,167317 0,000722
именно 0,066947 0,000045
искал 1,021189 0,000340
искренен 1,389166 0,000925
искренни 1,565257 0,000521
искренним 1,264227 0,000421
искренности 1,125925 0,000375
исповедь 1,021189 0,001020
использоваться 0,000000 0,000000
исправиться 1,565257 0,001042
испугать 1,322219 0,000440
исступленного 1,690196 0,000563
истерическая 2,167317 0,000722
источник 0,000000 0,000000
исчерпан 2,167317 0,000722
кадык 1,690196 0,000563
кажется 0,118099 0,000039
казалось 0,316059 0,000105
казенную 1,690196 0,000563
каким 0,194189 0,000065
какого 0,347773 0,000116
какою 0,599116 0,000200
калоши 2,167317 0,000722
каморку 1,690196 0,000563
капельку 0,963197 0,000321
капитаном 1,322219 0,000440
карамазов 0,587534 0,000196
карамазовы 0,180546 0,000240
карандашом 1,468347 0,000978
карманам 1,468347 0,000489
кармане 0,805589 0,000537
карманным 2,167317 0,000722
картину 1,053374 0,000351
касается 0,769377 0,000256
кате 1,468347 0,000489
катей 1,690196 0,000563
катерина 0,735954 0,000735
катерине 0,912045 0,000607
катю 1,322219 0,000440
кланяться 1,322219 0,002201
кликнул 1,468347 0,000489
клянусь 0,635838 0,000635
книга 0,176091 0,000117
книги 0,000000 0,000000
ковер 1,866287 0,000621
когда 0,015029 0,000015
кого 0,222835 0,000074
коли 0,269690 0,000090
коль 0,720159 0,000959
комаров 0,000000 0,000000
комнату 0,468347 0,000156
кому 0,341243 0,000114
кончен 2,167317 0,000722
кончено 1,021189 0,000340
кончил 0,587534 0,000391
которого 0,198834 0,000132
которому 0,468347 0,000156
который 0,110412 0,000074
кошку 2,167317 0,000722
красною 1,389166 0,000463
кредитки 1,389166 0,000463
крикнул 0,381987 0,000127
кровью 0,845098 0,000281
кроме 0,158717 0,000106
крошечный 1,565257 0,000521
кружевная 1,866287 0,000621
куда 0,248239 0,000083
кулаком 0,963197 0,000321
купца 1,053374 0,000351
лакея 1,167317 0,000389
левой 1,088136 0,000362
легко 0,752344 0,000501
лежал 0,648803 0,000216
лежат 0,991226 0,000330
лежит 0,648803 0,000216
либо 0,000000 0,000000
листов 1,866287 0,000621
литература 0,000000 0,000000
лицом 0,000000 0,000000
личное 1,167317 0,000389
лишается 1,866287 0,000621
лишком 1,125925 0,000375
лишь 0,185046 0,000062
лучше 0,162996 0,000109
лучшем 1,565257 0,000521
лучшие 1,322219 0,000440
любит 0,389166 0,000389
любите 0,845098 0,000281
любить 0,523865 0,000349
люблю 0,347773 0,000116
любовник 2,167317 0,000722
любым 0,000000 0,000000
людей 0,298086 0,000099
майор 1,866287 0,000621
малейшего 0,720159 0,000240
мало 0,208276 0,000139
мальчик 0,495219 0,000165
материных 2,167317 0,000722
мгновение 0,396465 0,000132
мебель 1,322219 0,000440
мельком 0,912045 0,000304
меня 0,027438 0,000128
мест 1,088136 0,000362
места 0,389166 0,000259
место 0,334808 0,000111
месяца 0,477121 0,000159
мизинчике 2,167317 0,000722
миллион 1,264227 0,000421
милое 1,264227 0,000421
милый 0,477121 0,000159
минуту 0,084532 0,000028
митя 0,587534 0,001565
многие 0,468347 0,000156
много 0,080958 0,000027
мной 0,237898 0,000079
могу 0,171682 0,000229
моем 0,599116 0,000200
моему 0,354404 0,000118
может 0,000000 0,000000
мозгу 1,167317 0,000389
моим 0,675956 0,000675
моими 0,991226 0,000330
мокрое 1,053374 0,000702
молнии 1,866287 0,000621
момента 0,000000 0,000000
москве 0,690196 0,000919
москву 0,845098 0,001126
мужем 1,468347 0,000978
мужиков 1,213075 0,000404
наблюдал 1,125925 0,000375
навеки 0,648803 0,000216
наверно 0,264227 0,000176
надеется 1,264227 0,000421
надо 0,036984 0,000025
наживает 2,167317 0,000722
нажил 1,565257 0,000521
нажить 1,565257 0,000521
назад 0,000000 0,000000
название 0,000000 0,000000
найти 0,000000 0,000000
накинулась 1,565257 0,000521
наконец 0,073896 0,000025
накрест 1,468347 0,000489
налились 2,167317 0,000722
намека 1,322219 0,000440
нанимает 1,866287 0,000621
наобум 1,866287 0,000621
написал 0,662167 0,000441
написано 0,000000 0,000000
напишу 1,264227 0,000421
направился 0,912045 0,000304
нарочно 0,227798 0,000076
насквозь 1,167317 0,000389
наслаждением 1,088136 0,000362
наследниц 2,167317 0,000722
насмешку 1,213075 0,000404
наука 0,000000 0,000000
нацарапал 2,167317 0,000722
наших 0,690196 0,000230
небесного 1,468347 0,000489
небось 0,912045 0,000607
невеста 1,264227 0,000421
невесте 1,468347 0,001467
невесты 1,213075 0,000404
невзлюбила 2,167317 0,000722
невинный 1,264227 0,000421
невозможно 0,411442 0,000137
невольно 0,704919 0,000235
него 0,000000 0,000000
неделе 1,088136 0,000362
недели 0,565257 0,000188
недель 0,991226 0,000330
недостоин 1,213075 0,000404
недостойный 1,866287 0,000621
недоумеваю 1,866287 0,000621
нежные 1,690196 0,000563
нелепость 1,088136 0,000362
нельзя 0,176091 0,000176
немыслимый 1,866287 0,000621
ненавижу 1,088136 0,000362
ненавистен 1,565257 0,000521
неожиданностью 1,690196 0,000563
непременно 0,133894 0,000134
нескоро 2,167317 0,000722
несовершеннолетний 1,866287 0,000621
несу 1,690196 0,000563
несчастен 1,322219 0,000440
несчастнее 1,322219 0,000440
неудержимыми 1,866287 0,000621
неужели 0,389166 0,000130
неужто 0,599116 0,000399
нечто 0,389166 0,000130
нибудь 0,030597 0,000010
низкий 1,389166 0,000463
низким 1,690196 0,000563
низкими 2,167317 0,000722
низостью 1,468347 0,000489
никак 0,396465 0,000132
никакой 0,635838 0,000212
никогда 0,088136 0,000176
никто 0,185046 0,000185
ничего 0,030597 0,000061
ничтожнее 1,866287 0,000621
нищего 2,167317 0,000722
нищий 1,264227 0,000842
новый 0,648803 0,000216
ножке 1,866287 0,001243
ночью 0,587534 0,000196
нравственно 1,213075 0,000404
нужно 0,514105 0,000171
обернулись 2,167317 0,000722
обещание 1,167317 0,000777
обещанное 2,167317 0,000722
обоих 0,635838 0,000212
обрадовалась 1,565257 0,000521
образами 1,565257 0,000521
обратно 0,675956 0,000225
обчищать 2,167317 0,000722
общественное 0,000000 0,000000
объявился 1,690196 0,000563
объяснения 1,088136 0,000362
объяснил 0,752344 0,000251
один 0,046743 0,000047
одна 0,185046 0,000123
одни 0,459747 0,000153
одно 0,099131 0,000099
одного 0,150284 0,000100
одной 0,243038 0,000081
омерзение 1,866287 0,000621
определил 1,389166 0,000463
опубликовано 0,000000 0,000000
опять 0,027438 0,000018
осклабился 1,125925 0,000375
особенно 0,129891 0,000043
оспы 2,167317 0,000722
оставит 1,468347 0,000489
остался 0,523865 0,000174
остальные 0,704919 0,000235
остановился 0,419129 0,000140
останусь 1,125925 0,000375
отвергается 2,167317 0,000722
ответ 0,533849 0,000178
отдай 1,389166 0,000463
отдано 1,866287 0,001243
отдать 0,752344 0,000501
отец 0,316059 0,000105
откланялся 1,866287 0,000621
отозвался 1,088136 0,000362
отразился 2,167317 0,000722
отставку 1,468347 0,000489
отсюда 0,805589 0,000537
отца 0,222835 0,000074
отцовским 1,866287 0,000621
отцом 0,599116 0,000200
отцу 0,565257 0,000941
отчаяние 1,053374 0,000702
отчаянием 1,322219 0,000440
отъездом 1,565257 0,000521
оформление 0,000000 0,000000
очутились 1,389166 0,000463
очутился 0,912045 0,000304
пакет 1,053374 0,001052
пакете 1,213075 0,001212
пакетик 1,866287 0,000621
пакетом 1,866287 0,000621
пальчике 1,866287 0,000621
памяти 0,752344 0,000251
парадом 2,167317 0,000722
пера 2,167317 0,000722
первая 0,419129 0,000279
первую 0,805589 0,000537
первый 0,248239 0,000083
перевязаны 1,866287 0,000621
переговорил 1,389166 0,000463
передала 1,389166 0,000463
передан 1,866287 0,000621
переделала 1,866287 0,000621
передним 2,167317 0,001443
переживу 1,866287 0,000621
перенести 1,053374 0,000351
перепоил 2,167317 0,000722
пересказывать 1,690196 0,000563
перестал 0,675956 0,000225
перетащил 2,167317 0,000722
переулке 1,866287 0,000621
переулок 1,322219 0,001761
перешло 0,000000 0,000000
печатями 1,866287 0,000621
писал 0,963197 0,000321
письме 0,912045 0,000304
письмо 0,544068 0,000544
племянниц 2,167317 0,000722
плечи 0,991226 0,000330
поверенным 1,690196 0,000563
погибнет 1,322219 0,000440
погибшими 2,167317 0,000722
подборка 0,000000 0,000000
подлое 1,468347 0,000489
подлым 1,690196 0,001126
подлыми 2,167317 0,000722
поднялся 0,635838 0,000212
подполковник 1,565257 0,000521
подробно 1,053374 0,000351
подсмотрю 2,167317 0,000722
подчеркни 2,167317 0,000722
позволишь 1,690196 0,000563
поздно 0,735954 0,000490
поздравила 2,167317 0,001443
пойдешь 1,213075 0,000808
пойду 0,623249 0,000623
поймет 1,167317 0,000777
пока 0,213075 0,000142
покажу 0,991226 0,000330
показала 1,021189 0,000340
покамест 0,866287 0,000288
покончу 1,690196 0,000563
покраснел 0,675956 0,000225
покупщик 1,866287 0,000621
полагает 1,565257 0,000521
полночь 1,389166 0,000463
половина 0,866287 0,000288
половину 0,888564 0,000592
половины 0,936868 0,000312
полслова 1,468347 0,000489
получаю 2,167317 0,001443
получить 0,752344 0,000251
пользу 0,824895 0,000275
помешался 1,565257 0,000521
помешан 1,866287 0,000621
помешаю 1,690196 0,000563
помирают 2,167317 0,000722
помирится 2,167317 0,000722
помню 0,486076 0,000162
помоги 1,866287 0,000621
понимаешь 0,769377 0,000512
понимаю 0,381987 0,000636
попустит 2,167317 0,000722
поражает 1,468347 0,000489
порвать 1,565257 0,000521
посетителей 0,000000 0,000000
посетители 0,000000 0,000000
посещения 1,088136 0,000362
послал 0,720159 0,000719
послать 0,963197 0,000641
после 0,084532 0,000084
последний 0,403889 0,000134
послезавтра 1,322219 0,000440
посмертно 0,000000 0,000000
постой 0,991226 0,000660
посылает 1,389166 0,001388
посылаю 1,468347 0,000978
посылках 1,866287 0,000621
потеря 1,866287 0,000621
потом 0,084532 0,000113
потому 0,024303 0,000049
потону 2,167317 0,000722
потрясенная 1,690196 0,000563
походил 1,690196 0,000563
похоронив 2,167317 0,000722
похоронили 1,690196 0,000563
почестями 1,866287 0,000621
почитает 1,468347 0,000489
почте 1,866287 0,001243
почти 0,024303 0,000016
почтовой 1,690196 0,000563
пошел 0,275223 0,000367
пошлите 1,690196 0,000563
пошлю 1,468347 0,000489
поясню 2,167317 0,000722
правду 0,443041 0,000148
пред 0,033778 0,000034
предлагает 1,322219 0,000440
предлагается 1,866287 0,000621
предложением 1,389166 0,000463
предполагал 1,322219 0,000440
предпочтен 2,167317 0,000722
предпочтение 1,866287 0,000621
представил 1,125925 0,000375
прежде 0,077412 0,000052
прервал 0,735954 0,000245
прибавить 1,088136 0,000362
прибудут 1,468347 0,000489
привесть 1,690196 0,000563
приданое 1,322219 0,000440
приданым 1,690196 0,000563
придет 0,514105 0,001198
приду 0,675956 0,000450
приезде 1,264227 0,000421
приехать 1,389166 0,000463
прижизненно 0,000000 0,000000
призывает 1,690196 0,000563
прийти 0,662167 0,000662
приказал 1,213075 0,000404
приказали 1,866287 0,000621
приметы 1,690196 0,000563
примирится 2,167317 0,000722
примириться 1,468347 0,000489
принесу 1,213075 0,000404
принужден 0,991226 0,000330
природу 1,322219 0,000440
прислала 1,389166 0,000463
прислуживает 2,167317 0,000722
пристально 0,389166 0,000130
приходит 0,824895 0,000275
пришла 0,648803 0,000216
приятелей 1,690196 0,000563
провожал 1,565257 0,000521
проговорил 0,154480 0,000051
программирование 0,000000 0,000000
продаже 2,167317 0,000722
продолжения 2,167317 0,000722
прожила 1,565257 0,000521
произведение 0,000000 0,000000
произведений 0,000000 0,000000
произведения 0,000000 0,000000
произнес 0,361137 0,000120
произойдет 0,963197 0,000321
произошла 0,991226 0,000660
произошло 0,495219 0,000495
пройдоха 2,167317 0,000722
прокатиться 2,167317 0,000722
проклятием 1,690196 0,000563
промысла 2,167317 0,000722
пронзило 1,690196 0,000563
пропадай 2,167317 0,000722
просит 0,866287 0,000288
проценты 1,468347 0,000489
прочти 1,468347 0,000489
прошло 0,000000 0,000000
прошмыгнула 2,167317 0,000722
прыгнуть 2,167317 0,000722
прямо 0,118099 0,000079
публикации 0,000000 0,000000
пугайтесь 1,866287 0,000621
пусть 0,253503 0,000169
пьян 0,824895 0,000275
пьянствует 1,866287 0,000621
пьяный 0,888564 0,000296
пятами 1,565257 0,001042
пятитысячного 2,167317 0,000722
пять 0,275223 0,000458
пятьсот 1,088136 0,000725
пятью 1,866287 0,000621
равно 0,303994 0,000101
разве 0,146128 0,000438
раздувать 2,167317 0,000722
разменены 2,167317 0,000722
размягчение 2,167317 0,000722
разом 0,389166 0,000130
разрешения 0,000000 0,000000
разумеется 0,328468 0,000219
разъяснил 1,264227 0,000421
ракитин 0,963197 0,000321
расписал 2,167317 0,000722
расписки 1,690196 0,000563
расписку 1,866287 0,000621
расслаблен 2,167317 0,000722
растратил 1,866287 0,000621
родной 1,053374 0,000351
родственница 1,690196 0,000563
рощу 1,468347 0,000489
рублей 0,367977 0,000368
рубли 1,866287 0,000621
рубликов 1,565257 0,000521
руками 0,280827 0,000094
руки 0,167317 0,000111
русская 0,000000 0,000000
сайте 0,000000 0,000000
сало 2,167317 0,000722
сама 0,208276 0,000139
сами 0,142011 0,000047
самовар 1,264227 0,000421
самого 0,118099 0,000079
самое 0,167317 0,000056
самом 0,114239 0,000114
самую 0,459747 0,000153
самый 0,198834 0,000066
сверкнули 1,053374 0,000351
сверху 0,936868 0,000312
свершится 2,167317 0,001443
светскому 1,690196 0,000563
свободно 0,000000 0,000000
своей 0,066947 0,000022
свои 0,146128 0,000049
своим 0,208276 0,000069
своих 0,237898 0,000158
свой 0,189594 0,000063
свойственный 2,167317 0,000722
свою 0,073896 0,000049
свят 1,690196 0,000563
сдал 1,866287 0,001243
сдача 1,866287 0,000621
сделал 0,381987 0,000254
сделать 0,403889 0,000269
себе 0,033778 0,000022
себя 0,005949 0,000014
сегодня 0,000000 0,000000
сегодняшнего 1,866287 0,000621
сейчас 0,070407 0,000047
секрет 0,787106 0,000524
секрете 1,213075 0,000808
секунду 0,824895 0,000275
семидесяти 0,000000 0,000000
семь 0,787106 0,000262
сердца 0,334808 0,000334
сердце 0,171682 0,000057
серьезно 0,419129 0,000279
сестра 0,824895 0,000275
сидеть 0,662167 0,000221
сидит 0,565257 0,000188
сижу 0,824895 0,000275
силах 0,623249 0,000208
силой 0,675956 0,000225
силою 1,690196 0,000563
синенький 2,167317 0,000722
скажешь 1,322219 0,000881
скажи 0,662167 0,000882
скажу 0,275223 0,000092
сказал 0,099131 0,000231
сказать 0,073896 0,000049
сказок 1,866287 0,000621
сколько 0,280827 0,000094
скончался 1,565257 0,000521
скроется 2,167317 0,000722
сладострастник 1,565257 0,000521
слег 1,565257 0,000521
слезами 0,554533 0,000185
слетал 1,690196 0,000563
слова 0,129891 0,000173
словами 0,805589 0,000268
словах 0,635838 0,000212
словечка 1,322219 0,000440
словечком 1,690196 0,000563
слово 0,232819 0,000155
случай 0,443041 0,000443
случаю 0,936868 0,000312
случая 1,053374 0,000351
случилось 0,403889 0,000134
слушай 0,635838 0,000423
смеется 0,611015 0,000407
смердяков 0,587534 0,000587
смердякова 0,752344 0,000251
смотреть 0,477121 0,000159
смотришь 1,021189 0,000680
смотря 0,322219 0,000107
смущенье 1,866287 0,000621
смысле 0,752344 0,000251
собрание 0,000000 0,000000
совершен 1,690196 0,000563
совершенстве 2,167317 0,000722
совершиться 1,213075 0,000404
согласия 0,000000 0,000000
сокол 1,690196 0,001126
солдат 1,125925 0,000375
сорвалось 1,389166 0,000463
сотенные 2,167317 0,000722
сочинений 0,000000 0,000000
спасения 1,322219 0,000440
спасет 1,322219 0,000440
спасти 0,769377 0,000256
сперва 0,735954 0,000245
способствовать 1,213075 0,000404
спроси 1,389166 0,000925
спустя 0,533849 0,000356
сравнив 2,167317 0,000722
срубить 2,167317 0,000722
ставлю 1,565257 0,000521
стал 0,125925 0,000168
стало 0,091770 0,000061
станет 0,623249 0,000415
старик 0,434924 0,000290
старика 0,587534 0,000391
старику 1,053374 0,000702
старуха 0,845098 0,000281
стеснять 1,866287 0,000621
стих 1,468347 0,000489
столом 0,735954 0,000245
столу 0,752344 0,000251
столько 0,477121 0,000159
сторожит 1,565257 0,000521
сторожу 1,690196 0,001126
стороны 0,185046 0,000062
страстями 1,565257 0,000521
страшным 1,213075 0,000404
стрелять 1,468347 0,000489
строки 1,468347 0,000489
строчка 2,167317 0,000722
стыжусь 1,468347 0,000489
судьба 0,866287 0,000288
судьбу 0,912045 0,000304
сумму 0,912045 0,000304
супруги 1,021189 0,000340
существо 0,690196 0,000230
схватив 1,053374 0,000351
сходи 1,389166 0,000463
съезди 2,167317 0,000722
съездили 2,167317 0,000722
съездить 1,468347 0,000489
сюда 0,232819 0,000078
тайне 1,264227 0,000421
также 0,000000 0,000000
таки 0,066947 0,000111
такого 0,243038 0,000243
такой 0,077412 0,000103
такому 0,752344 0,000251
твои 0,787106 0,000262
тебе 0,203530 0,000474
тебя 0,198834 0,000397
текст 0,000000 0,000000
тела 1,264227 0,000421
теперь 0,015029 0,000115
тесемочкой 2,167317 0,000722
тетеревей 2,167317 0,000722
тетка 1,389166 0,000463
тишине 1,468347 0,000489
тобой 0,419129 0,000140
тогда 0,050046 0,000183
тогдашнего 1,322219 0,000440
того 0,005949 0,000006
тоже 0,043466 0,000043
только 0,002964 0,000014
томах 0,000000 0,000000
тому 0,095435 0,000032
тоном 0,866287 0,000577
торжественно 0,888564 0,000592
тотчас 0,046743 0,000078
точке 1,389166 0,000463
точно 0,121994 0,000041
точности 0,866287 0,000288
трагедия 1,213075 0,001212
тремя 0,963197 0,000321
третий 0,544068 0,000181
третья 0,486076 0,000324
трех 0,374926 0,000250
трясти 2,167317 0,000722
туда 0,495219 0,000165
тысяч 0,451314 0,000902
тысячами 1,053374 0,000702
тысячах 1,021189 0,000340
тысячи 0,426955 0,001706
тысячу 0,769377 0,000256
тянуть 1,389166 0,000463
убивай 1,690196 0,001126
убьешь 1,468347 0,000489
убью 0,963197 0,001283
уважает 1,565257 0,000521
уверен 0,635838 0,000212
увидит 1,053374 0,000351
ударил 0,912045 0,000304
ударила 1,565257 0,000521
удержать 1,213075 0,000404
удержаться 1,565257 0,000521
удержусь 1,565257 0,000521
удивлен 1,167317 0,000389
удивленье 2,167317 0,000722
удостоюсь 2,167317 0,000722
уехали 1,468347 0,000489
ужаса 0,936868 0,000312
ужасном 1,053374 0,000351
ужасу 1,690196 0,000563
узнай 1,690196 0,001126
узнал 0,381987 0,000254
умершим 0,000000 0,000000
умру 0,805589 0,000268
унялся 2,167317 0,000722
упакованы 2,167317 0,000722
упомянул 1,053374 0,000702
упрашивает 2,167317 0,000722
услышит 1,322219 0,000440
усмехнулся 0,443041 0,000148
успел 0,354404 0,000118
устроит 1,565257 0,000521
утро 0,662167 0,000221
федор 0,000000 0,000000
федорович 0,253503 0,000169
федоровича 0,426955 0,000284
фома 1,468347 0,000978
формальный 1,389166 0,000463
характер 0,635838 0,000212
ходит 0,769377 0,000256
ходите 1,468347 0,000489
ходить 0,576253 0,000384
хозяек 2,167317 0,000722
хозяйкам 1,866287 0,000621
хорошенько 1,264227 0,000421
хорошо 0,189594 0,000063
хотели 0,690196 0,000230
хоть 0,060107 0,000020
хотя 0,050046 0,000017
хочет 0,322219 0,000322
хочешь 0,544068 0,000906
хочу 0,243038 0,000243
христос 0,936868 0,000312
целовал 1,088136 0,000362
целости 1,468347 0,000489
цикл 2,167317 0,000722
цыган 1,565257 0,000521
цыганок 1,690196 0,000563
часа 0,000000 0,000000
часть 0,002964 0,000002
чего 0,040213 0,000040
человек 0,036984 0,000012
человеком 0,504560 0,000336
чему 0,341243 0,000114
через 0,258832 0,000259
чермашню 1,167317 0,000389
честность 1,690196 0,000563
честным 1,322219 0,000440
честь 0,554533 0,000185
четвертый 0,991226 0,000330
четыре 0,477121 0,000477
числа 1,389166 0,000463
число 0,000000 0,000000
читаем 0,000000 0,000000
читать 0,000000 0,000000
чрезвычайным 0,720159 0,000240
чтоб 0,073896 0,000049
чтобы 0,030597 0,000082
чувства 0,495219 0,000165
чувствам 1,389166 0,000463
чувствами 1,690196 0,000563
чувствую 0,787106 0,000262
чуда 1,565257 0,000521
чуду 1,690196 0,002251
чума 2,167317 0,000722
чьего 0,000000 0,000000
шампанским 1,468347 0,000489
шампанского 0,991226 0,000330
шельма 1,322219 0,000440
шельмы 1,565257 0,000521
шесть 0,611015 0,000610
шестьдесят 1,167317 0,000389
шлюх 2,167317 0,000722
штабс 1,021189 0,000340
шутит 1,565257 0,000521
этак 0,690196 0,000230
этакому 1,690196 0,000563
этим 0,189594 0,000063
этими 0,635838 0,000212
этих 0,213075 0,000142
этого 0,053374 0,000053
этой 0,118099 0,000039
этом 0,046743 0,000047
этот 0,011981 0,000012
юридически 1,690196 0,000563
явишься 2,167317 0,000722
яростью 1,690196 0,000563
