автор 0,000000 0,000000
автором 0,000000 0,000000
авторского 0,000000 0,000000
авторы 0,000000 0,000000
адрес 1,213075 0,000478
адреса 1,565257 0,000617
алексеевне 1,389166 0,000274
алексей 0,000000 0,000000
алексея 0,000000 0,000000
альков 2,167317 0,000427
американскою 2,167317 0,000427
бабушка 1,565257 0,000309
безотрадное 2,167317 0,000427
белевших 2,167317 0,000427
белое 2,167317 0,000427
белою 1,690196 0,000333
белые 1,213075 0,000957
бесился 1,866287 0,000368
бесконечною 1,468347 0,000290
беспамятстве 1,389166 0,000274
беспорядке 1,322219 0,000261
бессвязно 1,167317 0,000230
бессилии 1,213075 0,000239
библиотека 0,000000 0,000000
библиотеки 1,866287 0,000736
биения 1,690196 0,000333
билось 1,322219 0,000261
благообразная 2,167317 0,000427
бледно 1,125925 0,000222
бледному 1,866287 0,000368
блеском 1,690196 0,000333
ближе 0,752344 0,000297
блистали 1,468347 0,000579
богатое 1,690196 0,000333
боится 0,690196 0,000136
более 0,000000 0,000000
болезнь 0,704919 0,000139
болтлив 1,866287 0,000368
больно 0,787106 0,000155
больного 0,752344 0,000148
больше 0,137934 0,000190
большие 0,720159 0,000142
большими 1,088136 0,000215
бормотать 2,167317 0,000427
бормоча 2,167317 0,000427
боюсь 0,504560 0,000199
боязливым 1,866287 0,000368
боялся 0,587534 0,000116
боясь 0,963197 0,000190
брат 0,303994 0,000180
бреда 1,866287 0,000368
бриллианты 1,866287 0,000368
бросился 0,451314 0,000089
будем 0,648803 0,000256
будет 0,077412 0,000092
будто 0,099131 0,000059
буду 0,208276 0,000082
бумажку 1,088136 0,000215
бывает 0,599116 0,000236
бывал 0,936868 0,000185
бывшего 1,088136 0,000215
бывшей 1,565257 0,000309
бывшую 1,565257 0,000309
была 0,046743 0,000074
были 0,099131 0,000176
было 0,000000 0,000000
быстро 0,232819 0,000092
быть 0,002964 0,000008
бьющимся 1,690196 0,000333
ввечеру 1,389166 0,000274
вдовы 1,264227 0,000249
вдруг 0,005949 0,000028
ведь 0,043466 0,000043
везде 0,866287 0,000171
везти 1,264227 0,000249
венцом 1,565257 0,000309
вера 0,769377 0,000152
вероятнее 0,912045 0,000180
вероятно 0,623249 0,000123
вершка 1,565257 0,000309
весьма 0,243038 0,000096
вечер 0,477121 0,000282
вечера 0,623249 0,000492
вечером 0,533849 0,000105
вечеру 0,936868 0,000185
вещь 0,720159 0,000142
взволнованным 1,690196 0,000333
взгляда 0,662167 0,000131
взглядом 0,504560 0,000099
взглядывая 2,167317 0,000427
взглянуть 0,912045 0,000540
вздрогнул 0,565257 0,000223
взрывах 2,167317 0,000427
взяв 1,088136 0,000215
взял 0,269690 0,000160
взять 0,533849 0,000105
видал 0,623249 0,000123
видать 1,389166 0,000274
видимо 0,328468 0,000065
видно 0,504560 0,000298
видом 0,389166 0,000077
видя 0,690196 0,000272
вижу 0,286504 0,000056
визиты 0,000000 0,000000
вист 2,167317 0,000427
вместе 0,208276 0,000246
внутреннее 1,389166 0,000274
внутренней 1,565257 0,000309
возвестила 1,690196 0,000333
возвращался 1,565257 0,000309
возвышению 2,167317 0,000427
возможною 1,866287 0,000368
вознаграждения 0,000000 0,000000
возражения 1,690196 0,000333
войдем 1,690196 0,000333
войдут 1,690196 0,000667
войти 0,675956 0,000133
волнении 0,675956 0,000267
волновавшихся 1,866287 0,000368
волос 1,565257 0,000309
волосам 1,866287 0,000368
вопрос 0,222835 0,000088
вопроса 0,704919 0,000139
вопросительного 2,167317 0,000427
ворота 0,963197 0,000190
воротился 0,599116 0,000236
воротится 1,213075 0,000239
восторженно 0,936868 0,000185
вошедших 1,389166 0,000274
вошел 0,403889 0,000239
вошла 0,912045 0,000180
вошли 0,720159 0,000568
вперед 0,426955 0,000084
впереди 0,912045 0,000180
вплоть 0,866287 0,000171
вполголоса 0,888564 0,000175
впустил 1,690196 0,000333
времени 0,269690 0,000053
время 0,043466 0,000051
всегда 0,129891 0,000051
всего 0,040213 0,000032
всем 0,070407 0,000042
всеми 0,434924 0,000172
всему 0,486076 0,000096
всех 0,060107 0,000024
вскочил 0,587534 0,000232
вскрикивания 2,167317 0,000427
вскрикивать 2,167317 0,000427
вслед 0,523865 0,000103
вслушивался 1,690196 0,000333
всматривался 1,389166 0,000548
всплеснул 1,167317 0,000230
вспоминались 2,167317 0,000427
вспомнил 0,704919 0,000139
вспомнился 1,866287 0,000736
встал 0,403889 0,000239
встать 1,053374 0,000208
встречных 2,167317 0,000427
всяком 0,544068 0,000107
входа 1,167317 0,000230
входами 2,167317 0,000427
входи 1,866287 0,000368
входит 1,264227 0,000249
входить 1,125925 0,000222
входу 1,866287 0,000368
входы 2,167317 0,000427
вчера 0,341243 0,000673
выбежали 1,690196 0,000333
выглядывает 2,167317 0,000427
выглядывая 1,866287 0,000368
выговорил 0,824895 0,000651
выговорили 1,866287 0,000368
выговорить 0,963197 0,000190
выдержал 0,888564 0,000175
выждав 1,866287 0,000368
вызвалась 2,167317 0,000427
выйдем 1,866287 0,000368
выйдет 0,587534 0,000116
выйти 0,587534 0,000116
вынести 0,888564 0,000175
вынесут 2,167317 0,000427
вынимает 1,565257 0,000309
выносить 1,213075 0,000239
вынул 0,599116 0,000118
выплаты 0,000000 0,000000
высказать 0,866287 0,000171
выслушав 0,805589 0,000159
выслушал 0,805589 0,000159
высмотреть 2,167317 0,000427
высокие 1,690196 0,000333
высыпавшего 2,167317 0,000427
высыпало 2,167317 0,000427
вытекло 2,167317 0,000427
выточенным 2,167317 0,000427
вышел 0,275223 0,000488
вышла 0,495219 0,000195
вышли 0,912045 0,000180
гардину 2,167317 0,000427
гардины 2,167317 0,000427
главное 0,189594 0,000037
главному 1,866287 0,000368
главных 1,690196 0,000333
гладил 1,565257 0,000617
глаз 0,554533 0,000109
глаза 0,129891 0,000179
глубокой 1,565257 0,000309
глядел 0,554533 0,000219
глядит 0,866287 0,000171
глядь 2,167317 0,000427
говорил 0,095435 0,000019
говорила 0,587534 0,000116
говорит 0,189594 0,000075
говорить 0,162996 0,000129
говорю 0,203530 0,000040
говорят 0,309985 0,000122
голова 0,787106 0,000155
головой 0,533849 0,000316
голову 0,227798 0,000314
головы 0,787106 0,000310
голосов 1,322219 0,000261
гораздо 0,443041 0,000087
городской 1,468347 0,000290
гороховой 1,866287 0,000736
гороховую 2,167317 0,000427
горшки 2,167317 0,000427
горячке 1,167317 0,000230
гостинице 1,468347 0,000290
гостиницы 1,565257 0,000309
грозит 1,690196 0,000333
громко 0,504560 0,000199
грудь 0,752344 0,000148
грустное 1,690196 0,000333
густой 1,866287 0,000368
давала 1,389166 0,000274
давать 1,213075 0,000239
давая 1,213075 0,000239
давеча 0,232819 0,000413
давешняя 1,565257 0,000309
давил 1,866287 0,000368
давно 0,158717 0,000063
даже 0,005949 0,000020
дальше 0,002964 0,000001
даме 1,213075 0,000239
дамы 0,648803 0,000384
данные 0,000000 0,000000
дарье 1,468347 0,000290
двери 0,599116 0,000236
дверь 0,367977 0,000508
дверям 1,125925 0,000222
движения 0,912045 0,000180
двоим 2,167317 0,000427
двор 1,053374 0,000208
двора 0,912045 0,000360
дворе 0,787106 0,000155
дворник 1,866287 0,001472
дворника 1,690196 0,001333
дворнику 1,690196 0,000333
двумя 0,720159 0,000142
двух 0,264227 0,000052
девочки 1,264227 0,000249
действительно 0,106619 0,000021
действовать 1,322219 0,000261
делает 0,805589 0,000159
делать 0,426955 0,000168
деле 0,162996 0,000064
деликатятся 2,167317 0,000427
дело 0,063514 0,000025
делу 0,468347 0,000092
день 0,162996 0,000129
держит 1,468347 0,000290
десяти 0,704919 0,000139
десятом 1,690196 0,000333
десять 0,374926 0,000148
дешево 1,322219 0,000261
диван 0,888564 0,000350
диване 0,845098 0,000333
диванов 1,866287 0,000736
диким 1,322219 0,000521
доброй 1,565257 0,000309
добрым 1,213075 0,000239
довольною 1,866287 0,000368
догадается 1,690196 0,000333
догадались 1,468347 0,000290
догадался 0,752344 0,000445
догадаться 1,088136 0,000429
догадаются 1,866287 0,000368
договаривая 2,167317 0,000427
долго 0,222835 0,000088
должна 0,824895 0,000325
дома 0,298086 0,000705
домой 0,459747 0,000181
дому 0,675956 0,000533
дороге 0,611015 0,000120
дорогой 0,565257 0,000223
дорогу 0,599116 0,000118
доставил 1,565257 0,000309
достал 1,167317 0,000230
достоевский 0,000000 0,000000
достояние 0,000000 0,000000
достучаться 2,167317 0,000427
дотрогивался 1,866287 0,000368
дошел 0,787106 0,000155
дрожа 1,021189 0,000201
дрожал 1,053374 0,000208
дрожать 1,690196 0,001000
дрожащею 1,866287 0,000368
дрожащую 2,167317 0,000427
дрожит 1,468347 0,000290
дрожишь 1,866287 0,000736
друг 0,269690 0,000053
другого 0,396465 0,000156
другое 0,309985 0,000061
другой 0,146128 0,000086
думал 0,258832 0,000204
думать 0,486076 0,000096
думаю 0,328468 0,000194
думают 1,213075 0,000239
дураки 1,167317 0,000230
дурным 1,565257 0,000309
духу 1,264227 0,000249
душно 1,468347 0,000290
душном 2,167317 0,000427
душный 2,167317 0,000427
душой 0,824895 0,000163
дыхания 1,866287 0,000368
дыша 1,389166 0,000274
едва 0,554533 0,000328
ездил 0,866287 0,000171
если 0,011981 0,000043
есть 0,018098 0,000011
ехать 0,866287 0,000171
жалко 0,912045 0,000180
жаловалась 1,866287 0,000368
жаловать 1,866287 0,000736
жаркий 2,167317 0,000427
жарко 1,565257 0,000309
жаром 0,587534 0,000116
ждал 0,495219 0,000293
ждали 0,720159 0,000142
ждановской 2,167317 0,000427
ждать 0,554533 0,000109
ждет 0,787106 0,000155
желает 1,021189 0,000403
желания 1,088136 0,000215
желая 0,662167 0,000131
желтая 1,866287 0,000368
живет 0,662167 0,000131
жидкости 2,167317 0,000427
жила 1,125925 0,000222
забыв 0,991226 0,000195
забывая 1,866287 0,000368
забыл 0,328468 0,000065
заведение 1,565257 0,000309
завелись 1,866287 0,000368
завернутую 2,167317 0,000427
завтра 0,298086 0,000059
завтрашний 1,468347 0,000290
заглянув 1,866287 0,000368
загнул 2,167317 0,000427
заговорил 0,599116 0,000236
задержала 1,565257 0,000309
задумался 0,866287 0,000171
задумчиво 0,912045 0,000180
задумчивости 0,991226 0,000195
задыхаясь 1,021189 0,000201
заезжала 2,167317 0,000427
заехала 2,167317 0,000427
зажег 1,866287 0,000736
зажужжала 2,167317 0,000427
зазвонил 1,690196 0,000333
зайдет 1,565257 0,000309
зайти 0,936868 0,000370
заказал 1,468347 0,000290
закатом 1,690196 0,000333
закинув 1,565257 0,000309
заключение 0,991226 0,000195
закричал 0,599116 0,000118
закрыт 2,167317 0,000427
закрыты 2,167317 0,000427
закусить 1,866287 0,000368
закуска 1,690196 0,000333
закуску 1,468347 0,000290
закусывать 2,167317 0,000427
зале 0,936868 0,000185
заложен 2,167317 0,000427
залу 0,735954 0,000145
заметил 0,154480 0,000030
заметлив 1,690196 0,000333
заметнее 2,167317 0,000427
замечаю 1,088136 0,000215
занавеска 1,866287 0,000736
занавески 1,565257 0,000309
занавеску 1,690196 0,000667
занимаемых 2,167317 0,000427
заночевала 2,167317 0,000427
заночевать 2,167317 0,000427
заночуем 2,167317 0,000855
занят 1,088136 0,000215
занятой 1,866287 0,000368
запер 1,264227 0,000249
запертого 1,690196 0,000333
заперты 1,322219 0,000521
запертые 1,565257 0,000617
запутываясь 2,167317 0,000427
заранее 0,576253 0,000227
застали 1,565257 0,000309
затворили 1,866287 0,000368
затворились 1,866287 0,000368
затворить 2,167317 0,000855
затем 0,237898 0,000047
затих 1,389166 0,000548
затихла 1,690196 0,000333
захохотал 1,021189 0,000201
захочет 0,888564 0,000350
зачем 0,146128 0,000058
зашел 0,912045 0,000180
зашептал 1,389166 0,000274
заявляло 2,167317 0,000427
звон 1,690196 0,000333
звонил 1,866287 0,000736
звонить 1,690196 0,000333
здесь 0,095435 0,000151
зеленая 1,468347 0,000290
знаем 1,088136 0,000429
знает 0,171682 0,000271
знаешь 0,533849 0,000211
знакомой 1,690196 0,000667
знакомому 2,167317 0,000427
знакомы 1,468347 0,000290
знал 0,114239 0,000113
знамо 1,866287 0,000368
знать 0,328468 0,000130
значит 0,243038 0,000096
знаю 0,095435 0,000151
знают 0,720159 0,000568
зное 2,167317 0,000427
играл 1,088136 0,000644
играла 2,167317 0,000427
играли 1,125925 0,000222
игранную 2,167317 0,000427
играть 0,936868 0,000185
игры 1,167317 0,000230
идет 0,514105 0,000101
идиот 0,443041 0,000437
идти 0,434924 0,000343
известно 0,334808 0,000198
извозчика 1,264227 0,000249
изволила 2,167317 0,000427
изволит 1,690196 0,000333
изволите 1,088136 0,000215
изголовья 1,690196 0,000667
излияние 2,167317 0,000427
измайловский 1,866287 0,001104
измайловском 2,167317 0,000427
изредка 0,888564 0,000175
именно 0,066947 0,000013
иначе 0,367977 0,000073
иногда 0,208276 0,000123
иной 0,587534 0,000232
инструкции 1,468347 0,000290
интересуется 1,565257 0,000309
ипполит 0,675956 0,000133
ипполиту 1,053374 0,000208
искать 0,769377 0,000152
исписанный 1,866287 0,000368
исполнил 1,088136 0,000215
использоваться 0,000000 0,000000
испугался 0,704919 0,000139
испуганно 1,021189 0,000403
испуге 0,690196 0,000136
источник 0,000000 0,000000
исчезло 1,389166 0,000274
ихней 1,389166 0,000274
кабинет 1,167317 0,000230
кабинета 1,389166 0,000274
кабинетом 2,167317 0,000427
кабы 1,125925 0,000222
кадет 2,167317 0,001282
каждую 0,936868 0,000185
каждый 0,367977 0,000218
кажись 1,389166 0,000274
казалась 1,389166 0,000274
казалось 0,316059 0,000062
казался 0,963197 0,000190
какие 0,232819 0,000092
каким 0,194189 0,000038
какое 0,227798 0,000045
какой 0,095435 0,000038
какую 0,419129 0,000083
каникулярное 2,167317 0,000427
капельку 0,963197 0,000190
капли 1,167317 0,000230
карман 0,888564 0,000350
кармана 0,720159 0,000284
кармане 0,805589 0,000159
карт 1,690196 0,000333
карты 1,264227 0,002493
квартире 1,167317 0,000460
квартиру 0,805589 0,000794
квартиры 1,088136 0,000215
кивал 2,167317 0,000427
кивнув 1,690196 0,000667
клеенки 2,167317 0,000427
клеенкой 1,866287 0,000736
ключ 1,213075 0,000718
ключи 1,866287 0,000368
книга 0,176091 0,000069
книге 1,322219 0,000261
книги 0,000000 0,000000
книгу 0,936868 0,000185
князей 1,690196 0,000333
князем 0,704919 0,000139
князь 0,477121 0,005457
князю 0,504560 0,000597
князя 0,468347 0,001201
когда 0,015029 0,000036
кого 0,222835 0,000176
козыри 2,167317 0,000427
коленями 2,167317 0,000427
коли 0,269690 0,000106
колоде 2,167317 0,000427
колоду 1,866287 0,000368
коль 0,720159 0,000142
комаров 0,000000 0,000000
комнат 1,053374 0,000208
комнатах 1,167317 0,000460
комнате 0,389166 0,000307
комнату 0,468347 0,000277
комнаты 0,443041 0,000437
комок 1,866287 0,000368
конечно 0,060107 0,000024
концам 2,167317 0,000427
кончик 1,690196 0,000333
кончит 1,322219 0,000261
коридор 1,690196 0,000667
коридоре 1,690196 0,001333
коридорный 2,167317 0,000427
которая 0,361137 0,000214
которой 0,213075 0,000042
котором 0,347773 0,000137
которые 0,189594 0,000075
которым 0,389166 0,000077
край 1,167317 0,000230
крайней 0,298086 0,000411
красавица 1,167317 0,000230
кратких 2,167317 0,000427
креслах 1,125925 0,000222
крик 0,769377 0,000152
крика 1,690196 0,000333
кровати 1,213075 0,000478
кровать 1,264227 0,000249
кроватью 1,468347 0,000290
крови 0,662167 0,000131
круглый 1,565257 0,000309
кругом 0,419129 0,000083
кружева 2,167317 0,000427
кружевах 1,690196 0,000333
кружилась 1,690196 0,000333
крыльцо 1,167317 0,000460
куда 0,248239 0,000147
куды 1,565257 0,000617
купить 1,021189 0,000201
лаская 2,167317 0,000427
лебедев 0,735954 0,000145
лебедева 0,752344 0,000148
левую 1,213075 0,000478
легче 0,787106 0,000155
лежал 0,648803 0,000256
лежит 0,648803 0,000384
ленты 2,167317 0,000427
лепеча 1,866287 0,000368
лестнице 1,088136 0,000429
лестницы 0,991226 0,000195
летние 2,167317 0,000427
летний 1,690196 0,000333
лечения 1,468347 0,000290
лечь 1,322219 0,000261
либо 0,000000 0,000000
литейной 1,322219 0,000261
литейную 1,866287 0,000368
литература 0,000000 0,000000
лица 0,322219 0,000191
лицо 0,114239 0,000045
лицом 0,000000 0,000000
лицу 0,587534 0,000116
лишних 1,468347 0,000290
ложилась 1,690196 0,000333
ложился 1,389166 0,000274
ложки 2,167317 0,000427
локоть 1,389166 0,000274
локтями 1,468347 0,000290
ломберный 2,167317 0,000427
луна 1,690196 0,000333
лучше 0,162996 0,000064
лучшую 1,866287 0,000368
любопытная 2,167317 0,000855
любопытство 0,866287 0,000171
любопытством 0,459747 0,000181
любым 0,000000 0,000000
людей 0,298086 0,000059
люди 0,269690 0,000106
ляжешь 2,167317 0,000427
малейшего 0,720159 0,000284
маленький 0,662167 0,000131
маленьком 1,125925 0,000222
матери 0,451314 0,000089
матерью 0,787106 0,000466
матушки 1,468347 0,000579
махал 1,468347 0,000290
махнул 1,213075 0,000478
машинальною 2,167317 0,000427
машине 1,565257 0,000309
мгновение 0,396465 0,000078
меблированную 1,866287 0,000368
меблированные 1,468347 0,000290
медленно 0,805589 0,000318
между 0,129891 0,000128
мелом 2,167317 0,000427
мелькнуло 0,805589 0,000477
мельники 2,167317 0,000427
меня 0,027438 0,000097
мере 0,269690 0,000372
мертв 1,690196 0,000333
мертвее 2,167317 0,000427
мертвом 2,167317 0,000427
местах 1,213075 0,000239
месту 1,125925 0,000222
минут 0,486076 0,000192
минуту 0,084532 0,000083
минуты 0,322219 0,000064
мире 0,704919 0,000139
многих 0,704919 0,000139
много 0,080958 0,000032
многого 0,991226 0,000195
многочисленное 1,690196 0,000333
мной 0,237898 0,000047
могло 0,403889 0,000080
могу 0,171682 0,000034
моей 0,280827 0,000055
может 0,000000 0,000000
можешь 0,704919 0,000139
можно 0,088136 0,000017
молча 0,367977 0,000073
молчал 0,565257 0,000111
молчали 1,088136 0,000429
молчании 1,565257 0,000309
молчания 1,088136 0,000215
молчит 0,991226 0,000195
момента 0,000000 0,000000
москве 0,690196 0,000272
москву 0,845098 0,000333
мрамора 1,866287 0,000368
музыке 1,565257 0,000309
муха 1,468347 0,000290
мучительно 1,021189 0,000403
мучительном 1,468347 0,000290
мысли 0,316059 0,000125
мысль 0,264227 0,000417
мыты 2,167317 0,000427
мышкин 0,991226 0,000195
наверно 0,264227 0,000261
нагнул 1,866287 0,000368
нагнулся 1,053374 0,000208
надежда 1,088136 0,000215
надо 0,036984 0,000066
надоть 1,389166 0,000274
назад 0,000000 0,000000
название 0,000000 0,000000
называется 1,053374 0,000208
найти 0,000000 0,000000
наконец 0,073896 0,000175
накрыл 1,690196 0,000333
намерением 1,088136 0,000215
написано 0,000000 0,000000
направлению 1,468347 0,000290
напрашивавшаяся 2,167317 0,000427
напрашивающаяся 2,167317 0,000427
например 0,298086 0,000059
напротив 0,180546 0,000036
напрягая 1,866287 0,000368
народа 1,053374 0,000208
народом 1,264227 0,000249
наружное 1,866287 0,000368
насилу 1,565257 0,000309
настасье 0,936868 0,000185
настасьей 1,021189 0,000201
настасьи 0,845098 0,001000
настасья 0,805589 0,001747
насчет 0,354404 0,000070
наука 0,000000 0,000000
начал 0,137934 0,000136
начала 0,381987 0,000075
начались 1,167317 0,000230
начать 0,720159 0,000142
начинал 0,662167 0,000261
начинали 1,389166 0,000274
начинало 1,690196 0,000333
начинают 1,167317 0,000230
начиная 0,991226 0,000195
начнет 0,963197 0,000190
нашел 0,648803 0,000128
невероятно 1,213075 0,000239
невозможности 1,690196 0,000333
невыразимой 1,866287 0,000368
него 0,000000 0,000000
недавно 0,576253 0,000227
недели 0,565257 0,000223
недель 0,991226 0,000195
неделю 0,662167 0,000131
недоумением 1,088136 0,000215
нежно 1,167317 0,000230
нейдут 1,690196 0,000333
некоторая 1,053374 0,000208
некоторого 0,752344 0,000148
некоторое 0,486076 0,000096
некоторым 0,690196 0,000136
некуда 1,389166 0,000274
нельзя 0,176091 0,000035
немка 1,690196 0,000333
немке 2,167317 0,000427
немки 1,866287 0,000736
немного 0,426955 0,000084
нему 0,080958 0,000112
неожиданно 0,523865 0,000103
неотчетливо 2,167317 0,000427
неподвижен 1,866287 0,000368
неподвижно 0,936868 0,000554
неподвижному 2,167317 0,000427
неподвижны 1,866287 0,000736
неподвижным 1,565257 0,000309
непременно 0,133894 0,000079
несет 1,565257 0,000309
несколько 0,102859 0,000041
несмотря 0,275223 0,000163
нету 1,565257 0,000309
нехорошо 0,963197 0,000380
нечисто 2,167317 0,000427
неясно 1,088136 0,000215
неясные 2,167317 0,000427
нибудь 0,030597 0,000036
никогда 0,088136 0,000035
николаевич 0,805589 0,000794
никому 0,504560 0,000099
никто 0,185046 0,000182
ними 0,275223 0,000109
ничего 0,030597 0,000042
ничему 1,053374 0,000415
ничто 1,213075 0,000239
новая 0,787106 0,000155
новое 0,845098 0,000333
новой 0,936868 0,000370
новом 1,213075 0,000239
новые 1,088136 0,000215
ногах 0,866287 0,000342
ноги 0,477121 0,000470
ножа 1,565257 0,000309
ножом 1,322219 0,000782
ноне 1,565257 0,000617
ночевал 1,389166 0,001096
ночевала 1,866287 0,001104
ночевать 1,213075 0,000239
ночи 0,675956 0,000133
ночуют 2,167317 0,000427
ночь 0,248239 0,000147
ночью 0,587534 0,000232
нужно 0,514105 0,000101
нумер 1,866287 0,000736
нумере 2,167317 0,000855
обернулся 0,824895 0,000163
обложить 2,167317 0,000427
облокотился 1,213075 0,000239
обнадеживания 2,167317 0,000427
обнаженной 2,167317 0,000427
обобрала 2,167317 0,000427
ободрен 1,866287 0,000368
ободряя 1,866287 0,000368
обозначались 2,167317 0,000427
обозначался 2,167317 0,000427
обозначилось 1,866287 0,000368
обоим 1,125925 0,000222
обоими 1,264227 0,000249
обоих 0,635838 0,000251
оборотился 1,322219 0,000261
обрадовавшись 1,167317 0,000230
обрадовался 0,888564 0,000175
общественное 0,000000 0,000000
объявил 0,599116 0,000236
объявили 1,322219 0,000261
обыкновению 0,936868 0,000185
овладело 2,167317 0,000855
оглядываться 1,866287 0,000368
одежда 2,167317 0,000427
один 0,046743 0,000028
однако 0,102859 0,000061
одной 0,243038 0,000144
окажется 1,125925 0,000222
оказалось 0,486076 0,000288
окна 0,648803 0,001151
окно 0,635838 0,000125
окну 0,963197 0,000380
около 0,443041 0,000175
окончательно 0,565257 0,000111
окончить 1,690196 0,000333
окромя 1,690196 0,000333
окруживших 2,167317 0,000427
окружило 2,167317 0,000427
опрашивать 2,167317 0,000427
опубликовано 0,000000 0,000000
опущенными 2,167317 0,000427
опущены 2,167317 0,000427
опять 0,027438 0,000097
орел 1,690196 0,000667
осведомился 0,888564 0,000175
осматривал 1,468347 0,000290
осматривала 1,690196 0,000333
осматривали 2,167317 0,000427
осматривать 1,468347 0,000290
особенно 0,129891 0,000026
оставалась 1,213075 0,000239
оставила 1,264227 0,000249
оставить 0,690196 0,000136
остальное 0,963197 0,000190
останавливаться 1,468347 0,000290
остановился 0,419129 0,000413
остановит 1,866287 0,000368
остановиться 1,322219 0,000521
остановишься 2,167317 0,000427
осторожно 0,912045 0,000180
осторожностию 1,866287 0,000368
осуществиться 2,167317 0,000427
отведут 2,167317 0,000427
отвели 1,690196 0,000333
отвернул 1,866287 0,000368
ответ 0,533849 0,000105
ответил 0,237898 0,000188
ответить 0,735954 0,000145
ответу 2,167317 0,000427
отвечал 0,648803 0,000128
отвечала 1,322219 0,000261
отворачивается 2,167317 0,000427
отворенного 1,866287 0,000368
отворилась 1,088136 0,000644
отворили 1,264227 0,000249
отворились 1,866287 0,000368
отворяли 2,167317 0,000427
отворять 1,565257 0,000309
отдавала 1,690196 0,000333
отдавать 1,565257 0,000309
отделяла 2,167317 0,000427
отдохнуть 1,468347 0,000290
открыты 1,866287 0,000368
откупоренной 2,167317 0,000427
отлично 0,805589 0,000159
отложил 1,264227 0,000249
относящихся 2,167317 0,000427
отнялись 2,167317 0,000427
отпевании 1,866287 0,000368
отпер 1,690196 0,000667
отперли 1,866287 0,000368
отперты 2,167317 0,000427
отпертые 2,167317 0,000427
отпирали 2,167317 0,000427
отправился 0,936868 0,000185
отрывисто 1,389166 0,000274
отсюда 0,805589 0,000159
отчасти 0,611015 0,000120
отчаяние 1,053374 0,000208
отчаянии 0,912045 0,000180
отчета 1,322219 0,000261
отыскал 1,389166 0,000274
отыскать 1,167317 0,000230
отыскивая 1,565257 0,000309
офицера 1,264227 0,000748
оформление 0,000000 0,000000
очень 0,024303 0,000038
очках 1,468347 0,000290
ощущение 1,088136 0,000644
павловск 1,088136 0,001287
павловска 1,565257 0,000617
павловске 1,053374 0,000208
пальцем 1,021189 0,000201
паперти 1,690196 0,000333
парадного 2,167317 0,000855
парень 1,167317 0,000691
парке 1,322219 0,000261
парфен 1,322219 0,001043
парфена 1,468347 0,000869
парфену 2,167317 0,000427
пафнутьевна 2,167317 0,000427
пафнутьевне 2,167317 0,000427
пафнутьевной 2,167317 0,000427
пациента 1,690196 0,000333
первого 0,411442 0,000081
первом 0,805589 0,000159
первый 0,248239 0,000049
перебил 0,635838 0,000125
перебывала 2,167317 0,000427
перед 0,554533 0,000328
переезде 2,167317 0,000427
переехав 1,866287 0,000368
перекрестке 1,468347 0,000290
перемена 1,088136 0,000215
перенести 1,053374 0,000208
переселяясь 2,167317 0,000427
переставал 1,690196 0,000333
переходит 1,866287 0,000368
переходить 1,468347 0,000290
перешел 0,936868 0,000924
перешло 0,000000 0,000000
петербург 0,662167 0,000261
петербурге 0,690196 0,000408
петербургские 1,866287 0,000368
пешком 1,389166 0,000274
плакала 0,866287 0,000171
платке 2,167317 0,000427
платье 0,704919 0,000278
побежал 0,623249 0,000123
побледнел 0,704919 0,000139
повернули 1,866287 0,000368
повечеру 1,690196 0,000333
поворачивал 2,167317 0,000427
поворачиваясь 1,690196 0,000333
повстречал 1,866287 0,000368
поглядел 0,554533 0,000109
поглядывай 2,167317 0,000427
погодки 2,167317 0,000427
погрозил 2,167317 0,000427
поданную 1,866287 0,000368
подборка 0,000000 0,000000
подвел 1,167317 0,000230
поддакнул 1,389166 0,000274
подивившись 2,167317 0,000427
подивился 1,264227 0,000249
подле 0,419129 0,000248
поднимаясь 1,866287 0,000368
поднял 0,504560 0,000099
поднялся 0,635838 0,000251
подняться 1,389166 0,000274
подождал 1,264227 0,000249
подожду 1,468347 0,000290
подозрительно 1,322219 0,000261
подойди 2,167317 0,000427
подошел 0,514105 0,000507
подробностей 1,167317 0,000230
подсекались 2,167317 0,000427
подсекаться 2,167317 0,000427
подскочил 1,125925 0,000222
подстилке 2,167317 0,000855
подтвердил 0,690196 0,000136
подумал 0,334808 0,000330
подумалось 1,213075 0,000239
подумать 0,704919 0,000139
подушки 1,264227 0,000499
подушку 0,912045 0,000360
подходил 0,991226 0,000195
подходить 1,866287 0,000368
поедем 1,468347 0,000290
поехал 1,167317 0,000230
пожаловала 2,167317 0,000427
пожаловать 1,213075 0,000239
пожалуй 0,237898 0,000094
пожелала 1,213075 0,000239
позволения 1,264227 0,000249
позвольте 0,523865 0,000103
позвонил 1,322219 0,000261
поискать 1,690196 0,000333
пойдем 0,912045 0,000899
пойдет 0,720159 0,000426
пойду 0,623249 0,000246
поймав 1,565257 0,000309
пока 0,213075 0,000084
показалась 1,125925 0,000444
показали 1,125925 0,000222
показалось 0,495219 0,000098
покрепче 2,167317 0,000427
полк 1,690196 0,001667
полку 1,565257 0,000309
полная 1,167317 0,000230
полном 1,125925 0,000222
половине 0,936868 0,000185
половины 0,936868 0,000185
положил 0,599116 0,000236
положительно 0,805589 0,000318
полтора 1,167317 0,000230
полу 0,735954 0,000145
получить 0,752344 0,000148
полчаса 0,824895 0,000488
полшага 1,866287 0,000368
поманил 1,866287 0,000736
померещилось 1,322219 0,000521
поминутно 0,635838 0,000125
помнишь 0,845098 0,000500
помогут 1,866287 0,000368
помолчав 0,936868 0,000370
помолчали 1,264227 0,000249
понадобилось 1,322219 0,000261
понадобится 1,322219 0,000782
понимал 0,554533 0,000109
понимая 0,787106 0,000155
поняв 1,053374 0,000208
понял 0,396465 0,000156
поняли 0,769377 0,000152
понять 0,396465 0,000078
попробует 1,866287 0,000368
попросил 0,635838 0,000251
поражению 2,167317 0,000427
порешил 1,322219 0,000261
портьеру 1,690196 0,001000
порядочно 1,213075 0,000239
посветлеет 2,167317 0,000427
поселилась 1,866287 0,000368
посетителей 0,000000 0,000000
посетители 0,000000 0,000000
посидеть 1,322219 0,000261
посидим 1,866287 0,000368
поскакал 1,866287 0,000368
после 0,084532 0,000033
последнее 0,486076 0,000096
посмертно 0,000000 0,000000
посмотрел 0,459747 0,000363
посмотри 1,125925 0,000222
посоветовали 1,866287 0,000736
поспешил 0,845098 0,000333
поставил 0,845098 0,000167
постели 0,787106 0,000931
постель 0,936868 0,000739
постелю 2,167317 0,000855
постеречь 2,167317 0,000427
постлать 2,167317 0,000427
постой 0,991226 0,000586
постойте 1,167317 0,000460
посторонних 1,468347 0,000290
постучаться 1,866287 0,000368
потерять 1,565257 0,000309
потихоньку 0,912045 0,000360
потом 0,084532 0,000250
потому 0,024303 0,000062
потупила 2,167317 0,000427
потупился 1,565257 0,000309
поутру 0,845098 0,000167
почем 1,264227 0,000249
почему 0,099131 0,000117
почтенной 1,690196 0,000333
почти 0,024303 0,000062
пошел 0,275223 0,000163
правда 0,162996 0,000032
правой 0,912045 0,000180
пред 0,033778 0,000013
предложил 0,888564 0,000175
прежде 0,077412 0,000015
прежней 0,936868 0,000185
прежнем 0,991226 0,000195
прежнему 0,587534 0,000348
прежним 0,963197 0,000190
прекрасный 1,088136 0,000215
премудрых 1,690196 0,000333
прерывал 1,565257 0,000309
преферанс 2,167317 0,000427
прибавил 0,275223 0,000054
прибирать 2,167317 0,000427
приведу 1,468347 0,000290
привозил 1,690196 0,001000
привскочив 2,167317 0,000427
приглашая 1,690196 0,000667
пригляделся 2,167317 0,000427
приглядываться 1,866287 0,000368
приготовляясь 1,565257 0,000309
придвинул 1,565257 0,000309
придет 0,514105 0,000304
придешь 1,322219 0,000261
придумал 1,565257 0,000617
придумаю 1,866287 0,000368
приехал 0,554533 0,000109
приехала 1,125925 0,000222
прижался 1,866287 0,000368
прижизненно 0,000000 0,000000
признаваться 1,690196 0,000333
прийти 0,662167 0,000131
прилег 1,690196 0,000333
принужден 0,991226 0,000195
припадком 1,565257 0,000309
припадок 1,053374 0,000415
приподнял 1,468347 0,000579
приподнялся 1,264227 0,000499
припомнив 1,264227 0,000249
припомнились 1,866287 0,000368
присел 1,389166 0,000274
пристально 0,389166 0,000230
приступая 1,690196 0,000333
приходился 1,866287 0,000368
пришла 0,648803 0,000256
пришло 0,991226 0,000782
пробормотал 0,334808 0,000132
пробыла 1,690196 0,000333
провесть 2,167317 0,000427
проговорил 0,154480 0,000091
программирование 0,000000 0,000000
продолжал 0,292256 0,000115
продолжала 0,720159 0,000142
продолжать 0,690196 0,000136
произведение 0,000000 0,000000
произведений 0,000000 0,000000
произведения 0,000000 0,000000
произнес 0,361137 0,000071
произошла 0,991226 0,000195
пройдет 1,021189 0,000201
промежуток 2,167317 0,000427
промелькнувшим 2,167317 0,000427
пронеслась 1,690196 0,000333
проночуем 2,167317 0,000427
пропустить 1,322219 0,000261
просила 1,053374 0,000208
просили 1,213075 0,000239
проснувшаяся 2,167317 0,000427
просто 0,232819 0,000046
простыней 1,866287 0,000736
простыни 2,167317 0,000427
просьбе 1,053374 0,000208
против 0,389166 0,000077
противоположного 1,468347 0,000290
противоположный 1,468347 0,000869
протягивал 1,866287 0,000368
протянувшись 1,565257 0,000617
протянул 0,675956 0,000133
протянута 1,866287 0,000368
проходил 1,125925 0,000222
проходить 1,167317 0,000230
прочим 0,662167 0,000131
прошел 0,662167 0,000522
прошептал 0,675956 0,000533
прошла 0,845098 0,000167
прошли 1,213075 0,000239
прошло 0,000000 0,000000
прошлую 1,866287 0,000368
прямо 0,118099 0,000140
публикации 0,000000 0,000000
пужалась 1,866287 0,000368
пукетами 2,167317 0,000427
пусть 0,253503 0,000150
пыльный 2,167317 0,000427
пьяным 1,322219 0,000261
пятидесяти 0,936868 0,000185
пятнадцати 1,167317 0,000230
пять 0,275223 0,000109
пятьсот 1,088136 0,000215
радости 0,635838 0,000125
разбросана 2,167317 0,000427
разбросанные 1,866287 0,000368
разве 0,146128 0,000058
развернута 1,866287 0,000368
развернутую 1,866287 0,000368
разглядеть 1,021189 0,000201
разговариваешь 2,167317 0,000427
разговор 0,434924 0,000086
разговору 1,125925 0,000222
раздеваясь 1,690196 0,000333
раздумал 1,565257 0,000309
раздумье 1,125925 0,000222
разинув 2,167317 0,000427
различать 1,468347 0,000579
различил 1,389166 0,000274
различить 1,565257 0,000309
разнокалиберные 2,167317 0,000427
разным 1,866287 0,000368
разных 0,866287 0,000171
разрешения 0,000000 0,000000
разумеется 0,328468 0,000130
разыщет 2,167317 0,000427
раннего 1,866287 0,000368
рассвело 1,565257 0,000309
рассеян 1,125925 0,000222
рассеянии 2,167317 0,000427
расскажу 0,912045 0,000180
рассказа 0,845098 0,000167
рассказали 1,125925 0,000222
рассказать 0,623249 0,000123
рассказом 1,167317 0,000230
рассказывал 0,554533 0,000109
рассказывали 0,936868 0,000370
рассказывать 0,704919 0,000139
рассматривать 1,264227 0,000249
рассмеялась 1,125925 0,000222
рассорилась 2,167317 0,000427
расспросить 1,565257 0,000309
расстройство 1,565257 0,000309
реже 1,866287 0,000368
резко 0,648803 0,000128
речи 0,769377 0,000152
решил 0,514105 0,000710
рогожин 0,704919 0,005421
рогожина 0,866287 0,002221
рогожиной 2,167317 0,000855
рогожину 1,053374 0,002493
рогожиным 0,936868 0,000370
розно 1,690196 0,000333
роман 1,125925 0,000222
рубашку 1,690196 0,000333
руками 0,280827 0,000055
руках 0,396465 0,000235
руки 0,167317 0,000033
рукой 0,486076 0,000479
руку 0,222835 0,000176
русская 0,000000 0,000000
рядом 0,690196 0,000544
садись 1,021189 0,000201
сайте 0,000000 0,000000
сама 0,208276 0,000123
сами 0,142011 0,000028
самого 0,118099 0,000047
самое 0,167317 0,000033
самой 0,258832 0,000102
самом 0,114239 0,000023
самому 0,426955 0,000168
самую 0,459747 0,000181
самый 0,198834 0,000039
самым 0,280827 0,000222
сбиты 2,167317 0,000427
сбоку 0,912045 0,000180
свадьба 1,264227 0,000249
свадьбе 1,389166 0,000274
свадьбой 1,866287 0,000368
свадьбы 1,213075 0,000239
сверх 0,752344 0,000148
свет 0,468347 0,000277
светать 2,167317 0,000427
светлые 1,389166 0,000274
свечи 1,565257 0,000309
свечку 1,322219 0,000261
свободно 0,000000 0,000000
свое 0,150284 0,000030
своего 0,091770 0,000090
своей 0,066947 0,000040
своем 0,198834 0,000039
свои 0,146128 0,000058
своим 0,208276 0,000082
своих 0,237898 0,000047
свой 0,189594 0,000075
свою 0,073896 0,000029
связывало 2,167317 0,000427
сговориться 1,565257 0,000309
сдавило 2,167317 0,000427
сделать 0,403889 0,000080
себе 0,033778 0,000027
себя 0,005949 0,000007
сегодня 0,000000 0,000000
сейчас 0,070407 0,000042
семейной 1,468347 0,000290
семейства 0,690196 0,000136
семейство 0,936868 0,000370
семенович 1,866287 0,000736
семеновича 1,690196 0,001000
семеновичу 1,866287 0,000368
семеновский 2,167317 0,000855
семи 0,991226 0,000195
семидесяти 0,000000 0,000000
сердца 0,334808 0,000066
сердце 0,171682 0,000169
сердцем 0,675956 0,000133
сесть 1,088136 0,000215
сидел 0,322219 0,000064
сидит 0,565257 0,000223
силами 1,167317 0,000230
силы 0,514105 0,000101
сильнее 0,866287 0,000342
сильно 0,292256 0,000058
сильного 1,213075 0,000239
сильным 1,322219 0,000261
скажи 0,662167 0,000261
скажите 0,576253 0,000114
сказав 1,125925 0,000222
сказал 0,099131 0,000235
сказали 0,544068 0,000215
сказать 0,073896 0,000029
сказывается 2,167317 0,000427
сказываться 2,167317 0,000427
сквозь 0,936868 0,000554
сколько 0,280827 0,000055
скорее 0,514105 0,000203
скроешь 1,866287 0,000368
скрывался 1,690196 0,000333
скрыться 1,866287 0,000368
скучно 1,021189 0,000201
следовало 0,805589 0,000477
следы 1,322219 0,000261
слез 0,787106 0,000155
слезы 0,554533 0,000109
слов 0,367977 0,000073
слова 0,129891 0,000051
словечкам 2,167317 0,000427
словно 0,866287 0,000171
служанка 1,088136 0,001073
слуху 1,690196 0,000333
случае 0,248239 0,000049
слушай 0,635838 0,000251
слушать 0,735954 0,000290
слыхал 0,845098 0,000333
слыхала 1,389166 0,000274
слыхали 1,322219 0,000261
слышать 0,888564 0,000175
слышишь 0,866287 0,000683
слышно 0,912045 0,000360
слышу 0,991226 0,000586
смеяться 0,587534 0,000116
смотревшие 2,167317 0,000427
смотрел 0,298086 0,000235
смотрели 0,769377 0,000152
смотреть 0,477121 0,000470
смотрит 0,690196 0,000136
смотришь 1,021189 0,000201
смотря 0,322219 0,000127
смущало 1,468347 0,000290
сначала 0,434924 0,000172
сном 0,936868 0,000185
снятая 2,167317 0,000427
снятые 1,866287 0,000368
снять 1,264227 0,000249
собой 0,253503 0,000400
собрание 0,000000 0,000000
собственных 0,991226 0,000195
совершенно 0,180546 0,000178
совершенное 1,125925 0,000222
совершенному 1,866287 0,000368
совет 1,213075 0,000239
советовали 1,866287 0,000368
совсем 0,021189 0,000042
согласия 0,000000 0,000000
солнца 0,936868 0,000185
сообразив 1,264227 0,000249
сообразил 0,963197 0,000190
соприкасался 2,167317 0,000427
состояла 1,053374 0,000415
состояние 0,805589 0,000159
сочинений 0,000000 0,000000
сошел 0,787106 0,000155
сошлись 1,021189 0,000201
спавший 1,866287 0,000368
спал 0,690196 0,000136
спешил 1,021189 0,000403
спит 1,125925 0,000222
спокойствие 1,322219 0,000261
спохватившись 1,866287 0,000368
спрашивает 1,125925 0,000222
спрашивал 0,769377 0,000303
спрашивали 0,963197 0,000190
спрашивать 0,752344 0,000297
спрашивают 1,088136 0,000215
спрашивая 1,389166 0,000274
спросил 0,222835 0,000264
спросить 0,495219 0,000391
спрятался 1,322219 0,000261
спускал 2,167317 0,000427
спустился 1,565257 0,000309
спустя 0,533849 0,000211
спущена 2,167317 0,000427
спущенные 2,167317 0,000427
стал 0,125925 0,000149
стали 0,322219 0,000254
стало 0,091770 0,000054
становились 1,468347 0,000290
становился 0,824895 0,000163
становится 0,991226 0,000195
стану 0,662167 0,000131
станут 1,213075 0,000718
старенькая 1,866287 0,000736
старушка 1,389166 0,000274
старушке 1,866287 0,000368
старушки 2,167317 0,001282
старушку 2,167317 0,000427
стати 1,213075 0,000239
стащил 2,167317 0,000427
стекла 1,468347 0,000290
стклянки 1,866287 0,000368
стлать 1,866287 0,000368
стоившие 2,167317 0,000427
стоит 0,316059 0,000125
стоишь 1,322219 0,000261
стой 0,912045 0,000360
стол 0,486076 0,000096
столик 1,213075 0,000478
столике 1,264227 0,000499
столовой 1,690196 0,000333
сторами 2,167317 0,000427
сторожит 1,565257 0,000309
сторонам 1,565257 0,000309
стороне 0,805589 0,000318
стороны 0,185046 0,000036
стору 2,167317 0,000427
сторы 2,167317 0,001710
стоял 0,309985 0,000122
стояли 0,690196 0,000136
стоят 0,912045 0,000360
страницу 1,690196 0,000333
странно 0,354404 0,000280
странное 0,690196 0,000136
странный 0,787106 0,000155
страх 0,963197 0,000380
страхом 0,912045 0,000180
страху 0,845098 0,000333
стремившееся 2,167317 0,000427
стукать 2,167317 0,000427
стул 0,648803 0,000256
стула 0,735954 0,000145
стулу 1,866287 0,000368
стульях 1,389166 0,000274
ступай 0,735954 0,000145
ступил 1,167317 0,000460
стучало 1,565257 0,000309
стучать 1,389166 0,000274
сумасшедшая 1,088136 0,000215
сумерках 2,167317 0,000427
сумлеваюсь 1,866287 0,000368
суровым 2,167317 0,000427
сухо 0,991226 0,000195
схватил 0,533849 0,000105
съездить 1,468347 0,000869
сюда 0,232819 0,000138
таинственно 1,213075 0,000239
также 0,000000 0,000000
таки 0,066947 0,000053
таким 0,243038 0,000048
таков 0,787106 0,000155
таково 1,264227 0,000249
такой 0,077412 0,000031
таком 0,309985 0,000061
твердо 0,419129 0,000083
твое 0,845098 0,000333
твоя 0,635838 0,000125
тебе 0,203530 0,000120
тебя 0,198834 0,000274
текли 2,167317 0,000427
текст 0,000000 0,000000
темнеть 2,167317 0,000427
темно 0,912045 0,000540
темноте 0,912045 0,000180
темноту 1,468347 0,000290
темных 1,322219 0,000261
теперь 0,015029 0,000068
тетка 1,389166 0,000274
тисках 1,866287 0,000368
тихо 0,354404 0,000419
тише 1,690196 0,000667
тобой 0,419129 0,000413
тогда 0,050046 0,000079
того 0,005949 0,000005
тоже 0,043466 0,000034
толкался 2,167317 0,000427
толпе 0,991226 0,000391
только 0,002964 0,000007
томах 0,000000 0,000000
томило 1,866287 0,000368
тому 0,095435 0,000038
торопливым 1,866287 0,000368
торопясь 1,021189 0,000201
тоске 1,053374 0,000208
тоской 1,389166 0,000274
тотчас 0,046743 0,000065
точно 0,121994 0,000048
тощая 2,167317 0,000427
трактира 1,322219 0,000782
трактире 0,866287 0,000854
тревоге 1,088136 0,000215
трескотню 2,167317 0,000427
трех 0,374926 0,000074
тронул 1,565257 0,000617
тротуар 1,866287 0,001840
тротуара 1,690196 0,001333
тротуаров 2,167317 0,000427
тротуару 1,866287 0,000368
трудно 0,459747 0,000363
тусклом 2,167317 0,000427
тусклы 1,866287 0,000368
тяжелая 1,565257 0,000617
тяжело 0,565257 0,000111
убеждении 1,264227 0,000249
убийцу 1,322219 0,000261
убитый 1,322219 0,000261
убить 0,599116 0,000118
увидав 0,888564 0,000175
увидал 0,735954 0,000145
увидев 0,866287 0,000171
увидишь 1,125925 0,000444
увидят 1,264227 0,000249
увожу 2,167317 0,000427
увозил 2,167317 0,000427
угла 0,963197 0,000190
углу 0,599116 0,000118
углубляться 2,167317 0,000427
уговариваются 2,167317 0,000427
уговаривая 1,866287 0,000368
удар 1,167317 0,000230
удивился 0,635838 0,000251
удивление 1,021189 0,000201
удивлением 0,523865 0,000103
удивления 0,963197 0,000190
удовлетворил 1,690196 0,000333
уехал 0,752344 0,000148
уехала 1,213075 0,000478
ужасно 0,167317 0,000165
ужасном 1,053374 0,000208
ужасную 1,213075 0,000239
узнавал 1,690196 0,000333
узнали 0,824895 0,000163
узнать 0,374926 0,000222
улеглись 1,866287 0,000368
улице 0,635838 0,000125
улицу 0,735954 0,000581
улицы 1,125925 0,000666
уложив 2,167317 0,000427
улыбкой 0,468347 0,000092
умеет 1,021189 0,000201
умершим 0,000000 0,000000
умирают 1,866287 0,000368
унесет 1,565257 0,000309
унимая 2,167317 0,000427
уразумевая 2,167317 0,000427
уселись 1,264227 0,000249
уселся 0,866287 0,000171
усилиями 1,690196 0,000333
услышит 1,322219 0,000521
успел 0,354404 0,000070
устроена 1,690196 0,000333
устроилась 1,866287 0,000368
утешения 1,322219 0,000261
утешениями 2,167317 0,000427
утра 0,576253 0,000114
утром 0,411442 0,000243
утру 1,322219 0,000521
ухом 1,866287 0,000368
ученика 1,690196 0,000333
учительша 1,866287 0,001104
учительше 2,167317 0,000855
учительши 2,167317 0,001710
федор 0,000000 0,000000
филипповна 0,824895 0,001789
филипповне 0,936868 0,000185
филипповной 1,021189 0,000201
филипповны 0,845098 0,001000
французский 1,389166 0,000274
хитрою 2,167317 0,000427
хлестнула 1,866287 0,000368
хода 1,690196 0,000333
ходил 0,611015 0,000241
ходит 0,769377 0,000455
ходить 0,576253 0,000114
хорошею 1,866287 0,000368
хорошо 0,189594 0,000075
хорошую 1,866287 0,000368
хотел 0,158717 0,000188
хотела 0,648803 0,000128
хоть 0,060107 0,000036
хотя 0,050046 0,000030
хочешь 0,544068 0,000107
хочу 0,243038 0,000048
цветами 1,389166 0,000548
цветах 1,866287 0,000368
цветов 1,264227 0,000249
цветы 1,389166 0,000274
цели 0,662167 0,000131
целые 0,787106 0,000155
цыпочках 1,468347 0,000579
часа 0,000000 0,000000
часов 0,411442 0,000243
часто 0,292256 0,000231
часть 0,002964 0,000001
часу 0,720159 0,000284
чего 0,040213 0,000016
человек 0,036984 0,000015
через 0,258832 0,000357
черном 1,167317 0,000230
чертах 1,690196 0,000667
четвертая 0,426955 0,000168
четвертом 1,565257 0,000309
четыре 0,477121 0,000188
четырех 0,888564 0,000175
число 0,000000 0,000000
читаем 0,000000 0,000000
читал 0,735954 0,000145
читать 0,000000 0,000000
членами 1,866287 0,000368
члены 1,213075 0,000239
чрезвычайно 0,217927 0,000043
чтения 1,468347 0,000290
чтоб 0,073896 0,000102
чтобы 0,030597 0,000054
чувство 0,611015 0,000120
чувствовал 0,635838 0,000251
чуде 1,565257 0,000309
чудно 1,322219 0,000261
чудо 1,053374 0,000208
чуть 0,176091 0,000035
чьего 0,000000 0,000000
шагах 0,866287 0,000171
шагнул 1,125925 0,000222
шагов 0,720159 0,000142
швейцарии 1,053374 0,000415
шевельнулось 1,690196 0,000333
шелеста 2,167317 0,000427
шелковая 2,167317 0,000427
шелковое 2,167317 0,000427
шепнул 1,167317 0,000460
шепотом 0,675956 0,000666
шепчет 1,565257 0,000309
шляпу 0,912045 0,000180
шнейдер 1,322219 0,000261
штофная 2,167317 0,000427
шумело 2,167317 0,000427
щекам 1,866287 0,000368
щеки 1,125925 0,000444
экспансивность 2,167317 0,000427
этак 0,690196 0,000136
этими 0,635838 0,000125
этого 0,053374 0,000032
этой 0,118099 0,000070
этом 0,046743 0,000018
этому 0,322219 0,000064
этот 0,011981 0,000017
эфтом 2,167317 0,000427
явился 0,623249 0,000123
ярко 1,125925 0,000222
ясный 1,213075 0,000239
ящика 1,565257 0,000309
