автор 0,000000 0,000000
авторитетами 2,167317 0,000911
автором 0,000000 0,000000
авторского 0,000000 0,000000
авторы 0,000000 0,000000
алексей 0,000000 0,000000
алексея 0,000000 0,000000
алеша 0,381987 0,003531
алешей 0,752344 0,000316
алеши 0,544068 0,000229
америку 1,389166 0,001751
ахинею 1,690196 0,000710
бедного 0,845098 0,000355
бежать 0,769377 0,000323
беззаветное 2,167317 0,000911
безногую 2,167317 0,000911
белинский 2,167317 0,001821
белинского 2,167317 0,000911
библиотека 0,000000 0,000000
благородного 1,088136 0,000457
благословите 1,468347 0,000617
блестели 1,866287 0,000784
бога 0,451314 0,001138
богатым 1,565257 0,000658
богу 0,434924 0,000183
более 0,000000 0,000000
болезненно 1,167317 0,000490
болтаем 2,167317 0,000911
больше 0,137934 0,000116
большой 0,495219 0,000208
бормотал 0,720159 0,000303
боятся 1,264227 0,000531
браво 1,167317 0,000981
браню 1,866287 0,000784
брать 1,389166 0,000584
братья 0,176091 0,000296
будет 0,077412 0,000033
будете 0,769377 0,000647
будешь 0,648803 0,000273
будто 0,099131 0,000167
будьте 0,735954 0,000928
бывает 0,599116 0,000503
была 0,046743 0,000020
были 0,099131 0,000042
было 0,000000 0,000000
быть 0,002964 0,000006
бьюсь 1,167317 0,000490
вами 0,232819 0,000196
ваша 0,554533 0,000233
вашим 0,587534 0,000247
вдруг 0,005949 0,000020
ведь 0,043466 0,000055
великолепно 1,125925 0,000946
вера 0,769377 0,000323
верил 0,752344 0,000316
верниссимо 2,167317 0,000911
верно 0,523865 0,000220
веровал 1,213075 0,000510
веруете 1,389166 0,000584
веруя 1,389166 0,000584
весело 0,648803 0,000273
весь 0,099131 0,000208
вещей 0,936868 0,000394
вздором 1,565257 0,000658
вздору 1,866287 0,000784
видели 0,495219 0,000208
видите 0,396465 0,000666
видную 2,167317 0,000911
вижу 0,286504 0,000241
визиты 0,000000 0,000000
влияние 1,167317 0,000490
вовсе 0,150284 0,000253
возвратит 2,167317 0,000911
вознаграждения 0,000000 0,000000
возненавидел 1,389166 0,000584
возраст 1,322219 0,000556
вольтер 1,866287 0,001568
вольтера 2,167317 0,000911
вольтере 2,167317 0,000911
воображаю 1,565257 0,000658
вообразилось 1,389166 0,001751
воплотился 1,866287 0,000784
вопрос 0,222835 0,000094
воскликнул 0,309985 0,000651
восприимчивого 2,167317 0,000911
восторге 0,824895 0,000347
восхищает 2,167317 0,000911
впечатление 0,544068 0,000229
вполне 0,316059 0,000133
вправду 0,888564 0,000373
впрочем 0,118099 0,000298
врагами 1,468347 0,000617
время 0,043466 0,000018
всего 0,040213 0,000068
всем 0,070407 0,000059
вскричал 0,292256 0,000123
вспыхнул 1,213075 0,000510
встретились 1,213075 0,000510
встречи 1,053374 0,000443
вступать 1,690196 0,000710
вторых 0,720159 0,000303
выдумал 0,888564 0,000373
выдумать 1,264227 0,001062
выплаты 0,000000 0,000000
выслушать 1,088136 0,000457
выставить 1,088136 0,001372
выставиться 2,167317 0,000911
выставлять 1,565257 0,000658
вытянулся 1,866287 0,000784
выходил 0,963197 0,000405
выше 0,720159 0,000303
вязанье 2,167317 0,000911
гипотеза 1,866287 0,000784
глаз 0,554533 0,000233
глаза 0,129891 0,000055
глазам 0,963197 0,000405
глубоко 0,611015 0,000770
глупо 0,845098 0,000355
глупость 0,912045 0,000383
глядевший 2,167317 0,000911
глядя 0,611015 0,000257
говорил 0,095435 0,000160
говорили 0,374926 0,000315
говорите 0,533849 0,000673
говорю 0,203530 0,000086
говоря 0,434924 0,000183
говорят 0,309985 0,000260
голосом 0,396465 0,000333
горьким 1,565257 0,000658
горячее 1,468347 0,000617
горячо 0,544068 0,000457
господи 0,451314 0,000190
господином 1,322219 0,001111
готов 0,544068 0,000457
гроба 1,322219 0,000556
грубо 1,125925 0,000473
грубым 1,565257 0,000658
грустно 0,735954 0,000928
гуманная 2,167317 0,000911
гуся 1,866287 0,000784
давеча 0,232819 0,000098
давно 0,158717 0,000267
даже 0,005949 0,000020
далее 0,648803 0,000273
дальше 0,002964 0,000001
данные 0,000000 0,000000
действительно 0,106619 0,000045
действительности 1,468347 0,000617
деле 0,162996 0,000068
дело 0,063514 0,000053
держать 0,963197 0,000405
десятая 1,167317 0,000981
дети 0,662167 0,000278
детства 0,912045 0,000383
деятельности 1,690196 0,000710
добрая 1,021189 0,000429
доктор 0,735954 0,000928
долго 0,222835 0,000094
должна 0,824895 0,000347
должны 0,576253 0,000242
дорожу 1,690196 0,000710
досадно 1,322219 0,000556
достоевский 0,000000 0,000000
достояние 0,000000 0,000000
другое 0,309985 0,000130
другому 0,845098 0,000355
другую 0,495219 0,000208
друзьями 1,389166 0,000584
думаете 0,504560 0,001060
думайте 1,565257 0,001973
думал 0,258832 0,000326
думали 0,936868 0,000787
думаю 0,328468 0,000276
дураком 1,565257 0,000658
дурном 1,866287 0,000784
душить 2,167317 0,002732
если 0,011981 0,000045
есть 0,018098 0,000046
жалею 1,264227 0,000531
жалкая 2,167317 0,000911
жаль 0,635838 0,000534
жаром 0,587534 0,000247
желаю 0,735954 0,000309
женщин 0,888564 0,000373
женщина 0,396465 0,000167
женщины 0,576253 0,000242
живи 1,565257 0,000658
жившего 1,690196 0,000710
жизни 0,222835 0,000094
жизнь 0,162996 0,000205
жить 0,451314 0,000190
заботьтесь 2,167317 0,000911
завтра 0,298086 0,000125
заграничного 1,866287 0,000784
заклад 0,845098 0,000355
заключил 0,523865 0,000440
залез 2,167317 0,000911
заметил 0,154480 0,000130
замечаю 1,088136 0,000457
запутался 1,690196 0,000710
засмеялся 0,495219 0,000416
заставило 1,565257 0,000658
застрял 2,167317 0,000911
зато 0,468347 0,000590
захохотал 1,021189 0,000429
зачем 0,146128 0,000368
звездного 2,167317 0,000911
здание 1,565257 0,000658
здесь 0,095435 0,000120
знает 0,171682 0,000144
знаете 0,286504 0,000843
знакомства 0,991226 0,000416
знали 0,426955 0,000179
знаний 2,167317 0,000911
знатным 2,167317 0,000911
значение 1,125925 0,000473
знаю 0,095435 0,000281
играл 1,088136 0,000457
идею 0,963197 0,000405
избавиться 1,690196 0,000710
извращена 2,167317 0,000911
извращенная 2,167317 0,000911
излечит 1,866287 0,001568
илюша 1,213075 0,001019
илюшиной 1,690196 0,000710
имеет 0,623249 0,000262
имел 0,347773 0,000146
именно 0,066947 0,000253
иметь 0,587534 0,000247
имею 0,565257 0,000238
иначе 0,367977 0,000155
иногда 0,208276 0,000175
использоваться 0,000000 0,000000
исправилось 2,167317 0,000911
исправится 1,866287 0,000784
исправленною 2,167317 0,000911
источник 0,000000 0,000000
ихнего 1,690196 0,000710
кажется 0,118099 0,000347
какая 0,194189 0,000082
каким 0,194189 0,000245
каковы 1,690196 0,000710
какое 0,227798 0,000287
какой 0,095435 0,000080
кандида 2,167317 0,000911
карамазов 0,587534 0,002962
карамазовы 0,180546 0,000303
карту 1,866287 0,001568
класс 1,468347 0,000617
клянусь 0,635838 0,000267
книга 0,176091 0,000148
книге 1,322219 0,000556
книги 0,000000 0,000000
когда 0,015029 0,000057
колбаснического 2,167317 0,000911
коле 1,021189 0,000858
колокола 1,866287 0,000784
колю 0,805589 0,000677
коля 0,565257 0,004750
комаров 0,000000 0,000000
комнате 0,389166 0,000164
кому 0,341243 0,000143
конечно 0,060107 0,000126
коробило 1,866287 0,000784
которого 0,198834 0,000084
которой 0,213075 0,000090
который 0,110412 0,000046
крайней 0,298086 0,000125
краснеть 1,389166 0,000584
лапки 1,690196 0,000710
лезет 1,264227 0,000531
лета 1,264227 0,000531
летам 1,690196 0,000710
летами 1,565257 0,000658
летах 1,053374 0,000443
либо 0,000000 0,000000
литература 0,000000 0,000000
лицо 0,114239 0,000048
лицом 0,000000 0,000000
личность 1,690196 0,000710
лишь 0,185046 0,000078
ломаю 2,167317 0,000911
лучше 0,162996 0,000068
любви 0,504560 0,000212
любил 0,374926 0,000788
любили 0,866287 0,000364
любить 0,523865 0,000220
люблю 0,347773 0,000146
любым 0,000000 0,000000
люди 0,269690 0,000113
маленькому 1,468347 0,000617
мало 0,208276 0,000263
мальчика 0,648803 0,000545
малютку 2,167317 0,000911
мамашу 1,389166 0,000584
масса 1,690196 0,000710
мать 0,389166 0,000164
медицина 1,690196 0,000710
медицину 1,690196 0,000710
между 0,129891 0,000109
мельком 0,912045 0,000383
меня 0,027438 0,000138
мере 0,269690 0,000113
месте 0,286504 0,000361
место 0,334808 0,000141
месяц 0,451314 0,000190
мечтал 1,125925 0,000473
минуту 0,084532 0,000036
мирового 1,690196 0,000710
мистик 1,866287 0,001568
мистиком 2,167317 0,000911
мистицизма 2,167317 0,000911
мнение 0,690196 0,000290
мнением 1,468347 0,000617
мнителен 1,690196 0,002130
мнительны 2,167317 0,001821
многие 0,468347 0,000197
много 0,080958 0,000068
многое 0,662167 0,000278
многом 1,125925 0,000473
мной 0,237898 0,000300
мною 0,635838 0,000267
могли 0,374926 0,000158
могу 0,171682 0,000289
моей 0,280827 0,000118
может 0,000000 0,000000
можно 0,088136 0,000074
молодежи 1,565257 0,000658
молодости 1,264227 0,000531
молодцом 2,167317 0,000911
момента 0,000000 0,000000
монастыре 0,936868 0,000394
моста 1,866287 0,001568
мучаете 1,322219 0,000556
мучаю 1,468347 0,000617
мысли 0,316059 0,000133
навеки 0,648803 0,000273
наверно 0,264227 0,000111
наврал 2,167317 0,000911
наврать 2,167317 0,000911
надо 0,036984 0,000109
назад 0,000000 0,000000
название 0,000000 0,000000
называете 1,322219 0,000556
найти 0,000000 0,000000
налгали 2,167317 0,000911
нами 0,648803 0,000273
наперед 1,389166 0,001167
написал 0,662167 0,000556
написан 1,690196 0,000710
написано 0,000000 0,000000
наполеон 1,690196 0,000710
например 0,298086 0,000250
напротив 0,180546 0,000076
натура 1,264227 0,001062
натурально 0,991226 0,000416
натурами 2,167317 0,000911
натуре 1,389166 0,000584
наука 0,000000 0,000000
науках 1,690196 0,000710
научил 1,322219 0,001111
научился 1,322219 0,000556
нахватались 2,167317 0,000911
находить 1,389166 0,000584
начавшая 2,167317 0,000911
начал 0,137934 0,000058
начали 0,735954 0,000309
начиная 0,991226 0,000416
наше 0,662167 0,000556
нашей 0,599116 0,000252
неба 1,322219 0,000556
него 0,000000 0,000000
негодованием 0,787106 0,000331
недавно 0,576253 0,000242
недели 0,565257 0,000238
независимый 1,866287 0,000784
неисправимый 1,866287 0,000784
немец 1,565257 0,002631
немного 0,426955 0,000538
немца 1,866287 0,000784
немцев 1,866287 0,000784
непременно 0,133894 0,000169
несколько 0,102859 0,000043
несмотря 0,275223 0,000231
нести 1,690196 0,000710
несчастен 1,322219 0,000556
несчастны 1,213075 0,000510
несчастный 0,824895 0,000347
неуверенность 2,167317 0,000911
неужели 0,389166 0,000327
нибудь 0,030597 0,000026
нигде 1,125925 0,000473
низости 1,322219 0,000556
низость 1,088136 0,000457
низший 2,167317 0,000911
никаких 0,565257 0,000238
никакого 0,403889 0,000170
никому 0,504560 0,000212
никто 0,185046 0,000156
ниночка 1,468347 0,000617
ниночку 1,690196 0,000710
ничего 0,030597 0,000051
нужен 0,963197 0,000405
нумер 1,866287 0,000784
нынче 1,389166 0,001751
обиняков 1,565257 0,000658
оборвал 1,264227 0,000531
образование 1,389166 0,000584
общественное 0,000000 0,000000
объяснение 0,845098 0,000710
один 0,046743 0,000079
однако 0,102859 0,000216
одних 0,888564 0,000373
одного 0,150284 0,000126
одному 0,334808 0,000141
одолжение 0,936868 0,000394
ожидая 0,936868 0,000394
окружающих 2,167317 0,001821
онегина 2,167317 0,000911
онегиным 2,167317 0,001821
опубликовано 0,000000 0,000000
опять 0,027438 0,000058
осклабился 1,125925 0,000473
осмотрит 1,866287 0,000784
особенно 0,129891 0,000055
оставались 1,468347 0,000617
остановило 1,866287 0,000784
отверг 1,468347 0,000617
ответил 0,237898 0,000300
отвечал 0,648803 0,000273
отвечали 1,213075 0,000510
отвратительная 1,866287 0,000784
отдает 2,167317 0,000911
отделения 1,565257 0,000658
отечества 1,866287 0,000784
отзыв 1,565257 0,000658
отрезал 0,824895 0,000693
отцовском 1,866287 0,000784
отчасти 0,611015 0,000257
отчего 0,554533 0,000932
оформление 0,000000 0,000000
очень 0,024303 0,000082
ошибся 0,963197 0,000405
ощущать 1,213075 0,000510
первого 0,411442 0,000173
первых 0,367977 0,000155
перебил 0,635838 0,000267
переводе 2,167317 0,001821
переделает 2,167317 0,000911
перестали 1,021189 0,000429
перешло 0,000000 0,000000
пишет 1,053374 0,000443
плодотворной 2,167317 0,000911
подбивали 1,866287 0,000784
подборка 0,000000 0,000000
поделом 1,690196 0,000710
подлец 0,662167 0,000278
подлого 2,167317 0,000911
подтвердил 0,690196 0,000290
подумает 1,468347 0,000617
подумал 0,334808 0,000703
подумали 1,565257 0,000658
подчиненное 2,167317 0,000911
пожал 1,322219 0,000556
пожалуйста 0,662167 0,000278
позицию 2,167317 0,000911
познания 1,690196 0,001420
покажите 1,264227 0,000531
показалось 0,495219 0,000416
показать 0,720159 0,000303
поколение 1,565257 0,000658
покраснел 0,675956 0,000568
покраснели 1,866287 0,000784
полезно 1,866287 0,000784
пользы 1,167317 0,000490
помилуйте 0,824895 0,001386
помните 0,690196 0,000290
помнить 0,991226 0,000416
помню 0,486076 0,000204
понимаете 0,866287 0,000364
понимаю 0,381987 0,000321
понравилась 0,991226 0,000416
понял 0,396465 0,000167
поняли 0,769377 0,000323
понятия 1,125925 0,000473
понять 0,396465 0,000167
попасть 1,322219 0,000556
поразила 0,963197 0,000405
порядка 1,565257 0,001315
порядок 1,389166 0,000584
посетителей 0,000000 0,000000
посетители 0,000000 0,000000
последний 0,403889 0,000170
послужила 1,866287 0,000784
послушайте 0,787106 0,000331
послушания 1,690196 0,000710
посмертно 0,000000 0,000000
посмотрел 0,459747 0,000193
посмотрите 0,888564 0,000373
постельки 1,565257 0,000658
постыдились 2,167317 0,000911
постыдная 2,167317 0,000911
потом 0,084532 0,000036
потому 0,024303 0,000031
потребность 0,963197 0,000405
похоже 0,845098 0,000355
почему 0,099131 0,000125
почти 0,024303 0,000051
пошла 0,845098 0,000710
правда 0,162996 0,000274
правды 0,963197 0,000405
пред 0,033778 0,000043
предрассудков 1,468347 0,000617
представьте 0,720159 0,000605
презираете 1,389166 0,002335
презираю 1,565257 0,000658
прелестная 1,690196 0,001420
препирания 2,167317 0,000911
прервал 0,735954 0,000309
прибавил 0,275223 0,000231
приглашал 1,565257 0,000658
прижизненно 0,000000 0,000000
признаться 1,053374 0,000443
признаю 1,389166 0,001167
признаюсь 0,769377 0,000647
прикосновение 1,866287 0,000784
примкнул 1,866287 0,000784
принести 1,264227 0,000531
принимаете 1,167317 0,000490
притом 0,769377 0,000323
приходил 0,720159 0,000605
приходили 0,936868 0,000394
пробормотал 0,334808 0,000141
провести 1,468347 0,000617
проговорил 0,154480 0,000130
программирование 0,000000 0,000000
произведение 0,000000 0,000000
произведений 0,000000 0,000000
произведения 0,000000 0,000000
произвели 1,125925 0,000473
произнес 0,361137 0,000152
пророк 1,866287 0,000784
просто 0,232819 0,000098
против 0,389166 0,000327
прочее 1,322219 0,000556
прочел 0,752344 0,000948
прочесть 1,088136 0,000457
прочим 0,662167 0,000278
прочли 1,125925 0,000473
прошептала 1,125925 0,000473
прошло 0,000000 0,000000
прямо 0,118099 0,000050
псевдовеликого 2,167317 0,000911
публикации 0,000000 0,000000
пусть 0,253503 0,000213
пустяках 1,389166 0,000584
путаясь 1,866287 0,000784
пушкина 1,322219 0,000556
пылали 2,167317 0,000911
раболепства 2,167317 0,000911
рабстве 2,167317 0,000911
равным 1,866287 0,000784
радости 0,635838 0,000801
радостное 1,322219 0,000556
разве 0,146128 0,000246
развитие 1,264227 0,001062
разговаривая 1,389166 0,000584
разделяю 2,167317 0,000911
раздражительно 0,752344 0,000316
разойдемся 1,866287 0,000784
разом 0,389166 0,000164
разрешения 0,000000 0,000000
разу 0,704919 0,000296
разумеется 0,328468 0,000138
ракитиным 1,468347 0,001234
раннее 1,468347 0,001234
рано 0,787106 0,000331
раньше 0,599116 0,000503
рассказывал 0,554533 0,000233
рассказывали 0,936868 0,000394
расслабленным 2,167317 0,000911
рассмотрел 1,264227 0,000531
растравляете 2,167317 0,000911
ребенок 0,648803 0,000273
революционер 2,167317 0,000911
революционерам 2,167317 0,000911
редкое 1,866287 0,000784
решение 0,735954 0,000309
решительном 1,213075 0,000510
ровней 2,167317 0,000911
ровно 0,533849 0,000224
ровня 2,167317 0,001821
роль 1,125925 0,000473
роман 1,125925 0,000473
россии 0,623249 0,000262
руку 0,222835 0,000094
русская 0,000000 0,000000
русского 0,936868 0,000394
русском 1,389166 0,000584
русскому 1,565257 0,000658
сайте 0,000000 0,000000
сальностей 2,167317 0,000911
сами 0,142011 0,000119
самим 0,769377 0,000323
самовластия 2,167317 0,000911
самого 0,118099 0,000050
самодовольства 2,167317 0,000911
самолюбие 1,167317 0,000981
самолюбия 1,389166 0,001167
самом 0,114239 0,000048
самомнение 2,167317 0,001821
самоосуждении 2,167317 0,000911
сбиваясь 2,167317 0,000911
светло 1,167317 0,000490
свободно 0,000000 0,000000
свое 0,150284 0,000063
свои 0,146128 0,000123
связались 2,167317 0,000911
сделайте 0,824895 0,000347
сделали 0,787106 0,000331
сдержанно 1,021189 0,000429
себе 0,033778 0,000043
себя 0,005949 0,000007
сего 0,611015 0,000257
сегодня 0,000000 0,000000
сейчас 0,070407 0,000118
семидесяти 0,000000 0,000000
сильны 1,565257 0,000658
скажет 0,587534 0,000494
скажите 0,576253 0,000726
сказал 0,099131 0,000125
сказать 0,073896 0,000062
сколько 0,280827 0,000118
сконфузившись 1,322219 0,000556
скороговоркой 1,264227 0,000531
скроешь 1,866287 0,000784
скромно 1,053374 0,000443
скрючило 2,167317 0,000911
слишком 0,133894 0,000113
слова 0,129891 0,000109
случаю 0,936868 0,000394
слушайте 0,912045 0,000383
слушаться 1,565257 0,000658
слышал 0,389166 0,000491
слышите 0,769377 0,000323
смеетесь 1,021189 0,000429
смелость 1,565257 0,000658
смешно 0,824895 0,001386
смешном 1,866287 0,001568
смешным 1,322219 0,000556
смешными 1,565257 0,000658
смешон 1,322219 0,001111
смеюсь 1,125925 0,000473
смеются 1,021189 0,000429
смеялся 0,576253 0,000242
смурова 1,690196 0,000710
собрание 0,000000 0,000000
совершенно 0,180546 0,000379
соврал 1,167317 0,000490
совсем 0,021189 0,000053
согласен 0,648803 0,000273
согласитесь 0,845098 0,000710
согласия 0,000000 0,000000
соглашаюсь 1,565257 0,000658
содроганием 1,690196 0,000710
сознается 1,565257 0,000658
сойдемся 1,866287 0,002352
состоянии 0,459747 0,000193
социалист 1,690196 0,002130
сочинений 0,000000 0,000000
спешу 1,264227 0,000531
спокойно 0,648803 0,000273
способностями 1,565257 0,000658
способны 1,322219 0,000556
спросили 1,213075 0,000510
спросить 0,495219 0,000208
став 1,322219 0,000556
стали 0,322219 0,000135
стало 0,091770 0,000039
старик 0,434924 0,000183
старом 1,690196 0,000710
старшим 1,690196 0,000710
сторону 0,611015 0,000257
стороны 0,185046 0,000078
страдать 1,264227 0,000531
стремился 1,565257 0,000658
стыдливым 2,167317 0,000911
стыдно 0,504560 0,000848
сумасшествие 1,468347 0,000617
сущая 1,690196 0,000710
существа 1,021189 0,000429
существами 2,167317 0,000911
существо 0,690196 0,000870
счастьем 1,264227 0,000531
считаю 0,845098 0,000355
также 0,000000 0,000000
таки 0,066947 0,000141
такие 0,232819 0,000293
таким 0,243038 0,000204
таких 0,243038 0,000102
такое 0,114239 0,000096
такой 0,077412 0,000195
татьяне 2,167317 0,002732
текст 0,000000 0,000000
теперешней 1,468347 0,000617
теперь 0,015029 0,000051
терпеть 1,088136 0,000914
тихо 0,354404 0,000149
тогда 0,050046 0,000042
того 0,005949 0,000002
тоже 0,043466 0,000110
только 0,002964 0,000014
томах 0,000000 0,000000
торопился 1,125925 0,000473
тороплюсь 1,690196 0,000710
тотчас 0,046743 0,000020
точно 0,121994 0,000051
точь 0,787106 0,000661
третьего 0,662167 0,000278
тринадцать 1,389166 0,001167
тщеславия 1,322219 0,000556
убежден 0,752344 0,000316
убеждение 0,824895 0,000693
убеждения 0,991226 0,000833
убивался 2,167317 0,000911
уважать 0,963197 0,000405
увидите 0,769377 0,000647
удерживаюсь 2,167317 0,000911
удивился 0,635838 0,000267
удивлением 0,523865 0,000220
удивляет 1,565257 0,000658
ужасно 0,167317 0,000352
ужасный 0,991226 0,000416
узнавать 1,389166 0,000584
узнает 0,912045 0,000383
узнаете 1,213075 0,000510
узнал 0,381987 0,000160
узнать 0,374926 0,000158
укором 1,690196 0,000710
улыбнулся 0,533849 0,000897
умершим 0,000000 0,000000
уметь 1,322219 0,000556
умрет 0,824895 0,000347
уничтожить 2,167317 0,000911
упор 0,963197 0,000405
уродливом 2,167317 0,000911
уроки 1,213075 0,000510
усмехнувшись 1,264227 0,000531
усмехнулись 1,690196 0,000710
усмехнулся 0,443041 0,000745
успели 0,912045 0,000383
утешить 1,389166 0,000584
учащейся 1,866287 0,000784
федор 0,000000 0,000000
философский 2,167317 0,000911
фразу 1,468347 0,000617
франц 0,635838 0,000267
харя 1,565257 0,000658
хитро 1,322219 0,000556
ходить 0,576253 0,000242
хорошей 1,167317 0,000490
хорошо 0,189594 0,000159
хотел 0,158717 0,000133
хотелось 0,381987 0,000160
хотите 0,419129 0,000352
хоть 0,060107 0,000025
хотя 0,050046 0,000126
хочет 0,322219 0,000135
хочу 0,243038 0,000306
христа 0,912045 0,000383
христианская 1,565257 0,000658
хуже 0,635838 0,000267
целая 0,845098 0,000355
целом 0,866287 0,000364
ценить 1,565257 0,000658
ценю 1,468347 0,000617
цепного 2,167317 0,001821
часа 0,000000 0,000000
часто 0,292256 0,000246
часть 0,002964 0,000002
чего 0,040213 0,000051
человек 0,036984 0,000047
человека 0,154480 0,000065
человеком 0,504560 0,000212
человечества 1,264227 0,000531
человечество 1,088136 0,001372
чему 0,341243 0,000574
через 0,258832 0,000109
черт 0,477121 0,000601
черта 0,845098 0,000355
четвертая 0,426955 0,000359
четырнадцать 1,565257 0,001315
число 0,000000 0,000000
читаем 0,000000 0,000000
читал 0,735954 0,001855
читали 1,167317 0,001471
читать 0,000000 0,000000
чтоб 0,073896 0,000062
чтобы 0,030597 0,000039
чувством 0,704919 0,000296
чуть 0,176091 0,000074
чухна 2,167317 0,000911
чьего 0,000000 0,000000
шельма 1,322219 0,000556
шельмы 1,565257 0,000658
шкафу 2,167317 0,000911
школьника 1,565257 0,000658
школьнику 2,167317 0,000911
щеки 1,125925 0,000473
эгоистического 2,167317 0,000911
экспансивнее 2,167317 0,000911
эманципацию 2,167317 0,000911
этим 0,189594 0,000159
этими 0,635838 0,000267
этого 0,053374 0,000135
этом 0,046743 0,000079
этот 0,011981 0,000015
