автор 0,000000 0,000000
автором 0,000000 0,000000
авторского 0,000000 0,000000
авторы 0,000000 0,000000
адресу 1,565257 0,000904
алексей 0,000000 0,000000
алексея 0,000000 0,000000
анализ 2,167317 0,001252
безо 0,599116 0,000346
беру 1,125925 0,000650
бессердечное 2,167317 0,001252
библиотека 0,000000 0,000000
богатстве 1,565257 0,000904
более 0,000000 0,000000
боль 1,125925 0,000650
братья 0,176091 0,000407
бросать 1,690196 0,000976
будто 0,099131 0,000229
буду 0,208276 0,000120
буен 1,690196 0,000976
буйный 2,167317 0,001252
бывает 0,599116 0,000346
была 0,046743 0,000027
были 0,099131 0,000115
было 0,000000 0,000000
быстро 0,232819 0,000134
быть 0,002964 0,000014
вдруг 0,005949 0,000014
ведь 0,043466 0,000100
вещи 0,735954 0,000425
вещь 0,720159 0,000416
взялся 1,322219 0,000764
виде 0,434924 0,000251
видите 0,396465 0,000229
визиты 0,000000 0,000000
влечению 1,690196 0,000976
вниз 0,752344 0,000435
вовсе 0,150284 0,000087
возбуждено 2,167317 0,001252
возвысился 2,167317 0,001252
возгласил 1,690196 0,000976
возились 2,167317 0,001252
возиться 1,468347 0,000848
вознаграждения 0,000000 0,000000
возьмем 1,866287 0,001078
возьму 0,936868 0,000541
воли 1,021189 0,000590
восторга 0,720159 0,000416
впечатлений 1,322219 0,000764
впечатления 1,021189 0,000590
впилась 1,690196 0,000976
впрочем 0,118099 0,000068
время 0,043466 0,000025
всегда 0,129891 0,000075
всего 0,040213 0,000023
всей 0,248239 0,000143
всем 0,070407 0,000081
всеми 0,434924 0,000251
всех 0,060107 0,000035
встречу 1,125925 0,000650
всякого 0,514105 0,000297
всякую 0,866287 0,000500
второй 0,704919 0,000407
вцепившегося 1,866287 0,001078
вывесть 1,866287 0,001078
выдерживающего 2,167317 0,001252
выйдет 0,587534 0,000339
выплаты 0,000000 0,000000
выскажу 1,565257 0,000904
высокоталантливого 1,866287 0,001078
высокоталантливой 2,167317 0,001252
выставить 1,088136 0,000629
выставлены 2,167317 0,001252
высшей 0,544068 0,000314
вышло 0,523865 0,000303
газетам 1,866287 0,001078
газетных 2,167317 0,001252
гибельнее 2,167317 0,001252
главнейшие 1,690196 0,000976
главное 0,189594 0,000110
глазами 0,403889 0,000233
глубины 1,167317 0,001349
глубокая 1,389166 0,000803
глубокого 1,468347 0,000848
говорил 0,095435 0,000110
говорить 0,162996 0,000094
говорю 0,203530 0,000118
голове 0,554533 0,000320
головы 0,787106 0,000455
голос 0,533849 0,000308
голосе 0,963197 0,000556
города 0,704919 0,000407
городе 0,565257 0,000327
горько 0,690196 0,000399
господа 0,389166 0,000899
грабежа 1,264227 0,000730
григорий 0,720159 0,000416
григорию 1,125925 0,000650
громкий 1,565257 0,000904
давно 0,158717 0,000092
даже 0,005949 0,000034
далее 0,648803 0,000375
дальше 0,002964 0,000002
дама 0,735954 0,000425
дамам 1,565257 0,000904
данные 0,000000 0,000000
даров 1,866287 0,001078
двенадцатая 0,936868 0,001082
двух 0,264227 0,000611
дела 0,309985 0,000179
деле 0,162996 0,000094
дело 0,063514 0,000073
делу 0,468347 0,001082
денег 0,309985 0,000179
деньги 0,280827 0,000324
дескать 0,419129 0,000242
длинной 1,866287 0,002156
длинных 1,565257 0,000904
добродетельная 1,690196 0,000976
доброму 1,468347 0,000848
довольно 0,129891 0,000075
допускал 1,389166 0,000803
допустить 0,912045 0,000527
дорожке 1,690196 0,001953
досаде 1,088136 0,000629
достоевский 0,000000 0,000000
достояние 0,000000 0,000000
другая 0,648803 0,000375
другого 0,396465 0,000687
другому 0,845098 0,000976
единично 1,866287 0,001078
единственно 0,477121 0,000276
единственный 0,991226 0,000573
если 0,011981 0,000035
есть 0,018098 0,000010
жалости 1,053374 0,002434
жалость 1,690196 0,000976
ждала 0,805589 0,000465
женщин 0,888564 0,000513
жертвою 2,167317 0,001252
жестоко 1,088136 0,000629
жестокосерды 2,167317 0,001252
забор 1,125925 0,000650
заботу 1,866287 0,001078
забыл 0,328468 0,000190
заговоривший 2,167317 0,001252
заинтересовал 1,468347 0,000848
закончу 1,866287 0,001078
зала 1,125925 0,001301
замеченные 1,866287 0,001078
заносчивости 1,866287 0,001078
заранее 0,576253 0,000666
засвидетельствовал 1,690196 0,000976
засвидетельствовать 1,866287 0,001078
заседатели 1,213075 0,000701
заслужившего 2,167317 0,001252
заслужил 1,213075 0,000701
заслышалось 2,167317 0,001252
затем 0,237898 0,000137
затихло 1,264227 0,000730
зато 0,468347 0,000271
затрепетала 2,167317 0,001252
захватил 0,936868 0,001082
защитник 1,125925 0,001301
защитника 1,125925 0,001951
защиты 1,322219 0,000764
защищать 1,053374 0,001217
звенящие 2,167317 0,001252
здесь 0,095435 0,000221
здешнего 1,322219 0,000764
здешнем 1,565257 0,000904
злодеяние 2,167317 0,001252
злодеяния 1,866287 0,001078
злое 1,322219 0,000764
злостно 2,167317 0,001252
злостное 2,167317 0,001252
злоупотребление 2,167317 0,001252
знал 0,114239 0,000066
знаменитого 1,264227 0,000730
зорок 2,167317 0,001252
игра 1,322219 0,000764
известно 0,334808 0,000193
изгибался 2,167317 0,001252
излишнюю 1,866287 0,001078
изменил 1,125925 0,000650
изречение 2,167317 0,001252
именно 0,066947 0,000271
имею 0,565257 0,000327
иначе 0,367977 0,000213
иногда 0,208276 0,000241
иное 1,053374 0,000609
интимном 2,167317 0,001252
ипполита 0,888564 0,000513
искоренив 2,167317 0,001252
искреннее 1,125925 0,000650
искренно 0,523865 0,000303
использоваться 0,000000 0,000000
испугался 0,704919 0,000407
истинно 1,125925 0,000650
источник 0,000000 0,000000
кабинете 1,322219 0,000764
кавказский 2,167317 0,001252
каждого 0,888564 0,000513
кажется 0,118099 0,000136
каких 0,468347 0,000271
какому 0,805589 0,000465
карамазовы 0,180546 0,000417
качеством 1,389166 0,000803
кирилловича 1,389166 0,000803
кланяясь 1,866287 0,001078
клиента 1,468347 0,000848
книга 0,176091 0,000203
книги 0,000000 0,000000
когда 0,015029 0,000017
колоссальную 2,167317 0,001252
комаров 0,000000 0,000000
конечно 0,060107 0,000174
конца 0,704919 0,000407
концах 1,264227 0,002191
конце 0,611015 0,000353
концов 0,912045 0,000527
корреспонденции 1,565257 0,000904
котором 0,347773 0,000201
которые 0,189594 0,000219
который 0,110412 0,000064
которыми 0,888564 0,000513
которых 0,426955 0,000247
красноречиво 1,389166 0,000803
красноречие 1,565257 0,000904
критика 2,167317 0,001252
критику 1,690196 0,000976
критическое 2,167317 0,001252
кровожаден 2,167317 0,002504
кровь 0,662167 0,000383
крот 2,167317 0,001252
кругу 1,389166 0,000803
лакея 1,167317 0,000674
легли 1,468347 0,000848
лежали 1,021189 0,000590
летя 1,690196 0,000976
либо 0,000000 0,000000
литература 0,000000 0,000000
лицом 0,000000 0,000000
личности 1,322219 0,000764
лишь 0,185046 0,000214
лучше 0,162996 0,000094
любившая 1,690196 0,000976
любопытным 1,866287 0,001078
любым 0,000000 0,000000
людей 0,298086 0,000344
малейшей 1,021189 0,001180
мастер 1,322219 0,000764
медным 1,866287 0,001078
между 0,129891 0,000075
мелочах 1,690196 0,000976
мелькнуло 0,805589 0,000465
менее 0,635838 0,000735
меня 0,027438 0,000111
места 0,389166 0,000450
место 0,334808 0,000193
минут 0,486076 0,000842
минуту 0,084532 0,000098
минуты 0,322219 0,000186
мире 0,704919 0,000814
митю 0,623249 0,000360
митя 0,587534 0,000339
многие 0,468347 0,000271
мной 0,237898 0,000137
могла 0,286504 0,000166
могли 0,374926 0,000217
могло 0,403889 0,000700
могут 0,495219 0,000286
моего 0,367977 0,000425
моей 0,280827 0,000649
может 0,000000 0,000000
можно 0,088136 0,000102
молодом 1,322219 0,000764
момента 0,000000 0,000000
мочить 1,866287 0,001078
мысли 0,316059 0,000183
мысль 0,264227 0,000305
нагибался 2,167317 0,001252
наглядно 1,866287 0,001078
надо 0,036984 0,000021
нажить 1,565257 0,000904
назад 0,000000 0,000000
название 0,000000 0,000000
найти 0,000000 0,000000
наконец 0,073896 0,000043
намеренно 1,565257 0,000904
написано 0,000000 0,000000
например 0,298086 0,000172
напротив 0,180546 0,000104
наразбив 2,167317 0,001252
нарочно 0,227798 0,000132
настоящем 0,991226 0,001145
натурально 0,991226 0,000573
наука 0,000000 0,000000
находила 1,866287 0,001078
начал 0,137934 0,000239
начале 0,787106 0,001364
наше 0,662167 0,000383
нашем 0,662167 0,000383
наши 0,544068 0,000314
нашим 0,936868 0,000541
нашли 0,805589 0,000465
неведомою 1,866287 0,001078
невинности 1,088136 0,000629
невольно 0,704919 0,000407
него 0,000000 0,000000
недоказанность 2,167317 0,001252
неестественно 1,213075 0,000701
независимом 2,167317 0,001252
некоторая 1,053374 0,000609
некоторое 0,486076 0,000562
некоторую 1,264227 0,000730
некоторые 0,533849 0,000617
некоторый 1,264227 0,000730
некоторых 0,824895 0,000477
нему 0,080958 0,000047
необуздан 2,167317 0,001252
неправильнее 2,167317 0,001252
непредвзято 2,167317 0,001252
нерасчетливо 2,167317 0,001252
несчастного 0,824895 0,000477
несчастный 0,824895 0,000477
неумолимо 1,866287 0,001078
нечто 0,389166 0,000450
нибудь 0,030597 0,000035
никогда 0,088136 0,000051
никто 0,185046 0,000107
ничтожный 1,690196 0,000976
новою 1,690196 0,000976
новых 0,963197 0,000556
ногу 0,805589 0,000465
нотки 1,866287 0,001078
ночью 0,587534 0,000339
нравственное 1,565257 0,001809
обвинения 1,021189 0,000590
обвинитель 1,468347 0,000848
обвинительной 2,167317 0,001252
обвинителя 1,690196 0,003906
обвиняющего 2,167317 0,001252
обидел 1,125925 0,000650
обласкан 2,167317 0,001252
обратно 0,675956 0,000391
обронил 1,866287 0,001078
обстоятельствах 1,322219 0,000764
обтирая 2,167317 0,001252
обуяет 2,167317 0,001252
общества 0,787106 0,000455
обществе 0,675956 0,000391
общественное 0,000000 0,000000
объяснения 1,088136 0,000629
объяснил 0,752344 0,000435
огорошить 1,690196 0,000976
ограблены 1,866287 0,001078
оделил 2,167317 0,001252
однако 0,102859 0,000178
одним 0,286504 0,000166
одних 0,888564 0,000513
одно 0,099131 0,000115
одного 0,150284 0,000087
одобрительные 2,167317 0,001252
окончательно 0,565257 0,000980
оппонента 2,167317 0,001252
оппонентом 2,167317 0,001252
оппонировать 2,167317 0,001252
опровержение 1,866287 0,001078
опубликовано 0,000000 0,000000
опять 0,027438 0,000016
оратор 1,468347 0,000848
оратора 1,468347 0,000848
орел 1,690196 0,000976
оружие 1,167317 0,001349
оскорбленное 1,866287 0,001078
осмелюсь 1,690196 0,000976
особенно 0,129891 0,000150
особенностями 1,866287 0,001078
особливую 2,167317 0,001252
оставив 0,991226 0,000573
оставил 0,648803 0,000375
оставляю 1,125925 0,000650
отбросили 2,167317 0,002504
отдельности 1,866287 0,001078
относились 1,565257 0,000904
отношение 2,167317 0,002504
отношении 1,125925 0,000650
отца 0,222835 0,000386
отчего 0,554533 0,000320
оформление 0,000000 0,000000
ошибочное 1,690196 0,000976
пакет 1,053374 0,001217
пакета 1,389166 0,000803
палка 1,565257 0,001809
палку 2,167317 0,001252
парах 1,468347 0,000848
патетические 2,167317 0,001252
патетического 2,167317 0,002504
первая 0,419129 0,000242
первоначальных 2,167317 0,001252
первые 0,787106 0,000455
первый 0,248239 0,000287
перелезает 2,167317 0,001252
перешло 0,000000 0,000000
пестик 1,167317 0,002023
пестом 1,565257 0,001809
петербурге 0,690196 0,000797
платок 0,787106 0,000909
повергает 2,167317 0,001252
повержен 1,690196 0,000976
поверженного 1,468347 0,001697
поверженному 1,690196 0,000976
поверженным 1,866287 0,001078
поверить 0,824895 0,000477
поводу 0,720159 0,000416
повторяю 0,648803 0,000375
повторяющийся 2,167317 0,001252
подавленные 2,167317 0,001252
подавляющая 2,167317 0,001252
подборка 0,000000 0,000000
подзывает 2,167317 0,001252
подняться 1,389166 0,000803
подобных 1,021189 0,000590
подошел 0,514105 0,000297
подробности 0,648803 0,000375
подсудимого 0,991226 0,003436
подсудимый 1,088136 0,001886
подсудимым 1,322219 0,000764
подсудимых 1,690196 0,000976
пожалуй 0,237898 0,000137
показания 1,021189 0,000590
показать 0,720159 0,000416
полноте 0,866287 0,000500
половина 0,866287 0,000500
половине 0,936868 0,000541
половиной 1,468347 0,000848
половины 0,936868 0,000541
полу 0,735954 0,000425
получил 0,635838 0,000367
пользу 0,824895 0,000477
понравилось 0,936868 0,000541
понятно 0,936868 0,000541
попавшийся 2,167317 0,001252
поприще 1,866287 0,001078
попытки 1,565257 0,000904
поразившее 1,468347 0,000848
посетителей 0,000000 0,000000
посетители 0,000000 0,000000
посещает 1,468347 0,000848
посещал 1,565257 0,000904
послужил 1,468347 0,000848
послышались 1,264227 0,000730
посмертно 0,000000 0,000000
посмотреть 0,704919 0,000407
поспешил 0,845098 0,000488
поступков 1,322219 0,000764
потерялся 1,213075 0,000701
потерянности 2,167317 0,001252
потом 0,084532 0,000098
потому 0,024303 0,000084
потребность 0,963197 0,000556
похожа 1,565257 0,000904
почему 0,099131 0,000057
почтенная 1,866287 0,001078
почувствовать 1,264227 0,000730
правдоподобно 1,690196 0,000976
практике 2,167317 0,001252
пред 0,033778 0,000020
предварен 2,167317 0,001252
предварения 2,167317 0,001252
предварительно 0,991226 0,000573
предмету 1,264227 0,000730
преднамеренное 2,167317 0,001252
предосторожности 1,690196 0,002929
предубеждение 2,167317 0,001252
предубеждением 2,167317 0,001252
предубежденном 2,167317 0,001252
предупреждены 2,167317 0,001252
предчувствует 1,866287 0,001078
прежде 0,077412 0,000045
преимущественно 1,053374 0,000609
прекрасный 1,088136 0,000629
прибегнул 1,690196 0,000976
приводить 1,565257 0,000904
приглашение 2,167317 0,001252
прием 1,866287 0,001078
прижизненно 0,000000 0,000000
признать 1,213075 0,000701
приложим 2,167317 0,001252
пример 1,125925 0,000650
принимали 1,213075 0,000701
припрятывая 2,167317 0,001252
приступать 1,690196 0,000976
присяжные 1,125925 0,001951
причем 0,912045 0,000527
проверить 1,322219 0,000764
программирование 0,000000 0,000000
продолжал 0,292256 0,000169
произведение 0,000000 0,000000
произведений 0,000000 0,000000
произведения 0,000000 0,000000
произошло 0,495219 0,000286
проклятием 1,690196 0,000976
прокурор 0,888564 0,000513
прокурора 0,912045 0,001054
прокурорша 1,866287 0,001078
проникновение 1,866287 0,001078
простите 0,648803 0,000375
просто 0,232819 0,000269
простодушное 1,213075 0,000701
против 0,389166 0,001124
прошло 0,000000 0,000000
прямо 0,118099 0,000205
прямым 1,690196 0,000976
психолога 2,167317 0,001252
психологии 1,322219 0,001528
психологические 2,167317 0,001252
психологических 2,167317 0,001252
психологию 1,690196 0,001953
психология 1,468347 0,004241
публикации 0,000000 0,000000
публике 0,936868 0,001624
пункты 1,866287 0,001078
пусть 0,253503 0,000293
пуще 0,599116 0,000346
пятнадцати 1,167317 0,000674
пять 0,275223 0,000477
разбить 1,389166 0,000803
раздались 1,167317 0,001349
разделить 1,690196 0,000976
размаху 1,389166 0,000803
размозжили 2,167317 0,001252
разнузданный 2,167317 0,001252
разом 0,389166 0,000225
разорванного 2,167317 0,001252
разрешения 0,000000 0,000000
раскидчиво 2,167317 0,001252
рассеянности 1,389166 0,000803
рассматривать 1,264227 0,000730
расчетлив 2,167317 0,001252
расчетливое 2,167317 0,001252
расчетливы 2,167317 0,001252
редко 0,690196 0,000399
речи 0,769377 0,003556
речь 0,704919 0,001222
робок 1,866287 0,001078
родных 1,322219 0,000764
роман 1,125925 0,000650
романа 1,264227 0,000730
россии 0,623249 0,000360
руках 0,396465 0,000229
русская 0,000000 0,000000
саду 0,936868 0,000541
сайте 0,000000 0,000000
самого 0,118099 0,000205
самое 0,167317 0,000290
самом 0,114239 0,000132
самоспасения 1,866287 0,001078
самую 0,459747 0,000266
самый 0,198834 0,000115
самым 0,280827 0,000162
самых 0,468347 0,000271
саркастическое 2,167317 0,001252
свежий 1,264227 0,000730
свидетелей 0,912045 0,000527
свидетель 1,167317 0,002697
свидетельству 1,389166 0,000803
свидетеля 1,565257 0,001809
свободно 0,000000 0,000000
своего 0,091770 0,000053
своей 0,066947 0,000039
своему 0,367977 0,000213
своенравная 2,167317 0,001252
своим 0,208276 0,000241
свой 0,189594 0,000219
сгибаться 2,167317 0,001252
сделали 0,787106 0,000909
себе 0,033778 0,000039
себя 0,005949 0,000003
сегодня 0,000000 0,000000
сейчас 0,070407 0,000081
семействе 0,866287 0,000500
семидесяти 0,000000 0,000000
сердца 0,334808 0,000193
сердцам 1,866287 0,001078
середине 2,167317 0,001252
серьезных 1,690196 0,000976
силой 0,675956 0,000391
симпатичный 2,167317 0,001252
системы 1,866287 0,001078
сказать 0,073896 0,000085
скачущая 1,690196 0,000976
сколько 0,280827 0,000162
слабость 1,088136 0,000629
славу 1,468347 0,000848
следующая 2,167317 0,001252
следующую 1,468347 0,000848
следя 1,264227 0,000730
слеп 1,866287 0,001078
слишком 0,133894 0,000155
слова 0,129891 0,000075
словах 0,635838 0,000367
словечки 1,468347 0,000848
слово 0,232819 0,000134
словом 0,367977 0,000213
слугу 1,389166 0,001605
слухам 1,389166 0,000803
случае 0,248239 0,000143
случаях 0,599116 0,000692
слушателям 1,690196 0,000976
смешка 1,866287 0,001078
смешки 2,167317 0,001252
смешок 1,565257 0,000904
снять 1,264227 0,000730
собираясь 1,264227 0,000730
собою 0,347773 0,000201
собрание 0,000000 0,000000
совершенно 0,180546 0,000104
совершил 1,213075 0,000701
совесть 0,805589 0,000465
совокупность 1,565257 0,001809
совсем 0,021189 0,000012
согласия 0,000000 0,000000
создания 2,167317 0,001252
сознаюсь 1,167317 0,000674
соскакивает 1,866287 0,002156
соскакиваю 2,167317 0,001252
соскочив 2,167317 0,001252
соскочил 1,264227 0,002191
соскочили 1,690196 0,000976
соскочить 2,167317 0,001252
составиться 1,866287 0,001078
состояться 1,690196 0,000976
сотню 1,565257 0,000904
сочинений 0,000000 0,000000
сочувствующих 2,167317 0,001252
спиной 1,213075 0,000701
спины 1,866287 0,002156
способности 1,322219 0,000764
справедливо 0,805589 0,000465
справедливом 2,167317 0,001252
справедливость 1,213075 0,000701
спрашивается 1,866287 0,001078
спустя 0,533849 0,000308
сравнение 1,565257 0,000904
стало 0,091770 0,000265
стараясь 1,021189 0,000590
старику 1,053374 0,000609
старого 0,991226 0,000573
степени 0,389166 0,000225
стороны 0,185046 0,000107
страшную 1,125925 0,000650
стремясь 1,866287 0,001078
строгий 1,565257 0,000904
строгое 2,167317 0,001252
судебной 1,866287 0,001078
супругу 1,088136 0,000629
сути 2,167317 0,001252
существовал 1,866287 0,001078
схватывая 1,866287 0,001078
сюда 0,232819 0,000269
такая 0,309985 0,000179
также 0,000000 0,000000
таки 0,066947 0,000039
такие 0,232819 0,000134
такими 0,690196 0,000399
таких 0,243038 0,000281
такого 0,243038 0,000140
такой 0,077412 0,000089
таком 0,309985 0,000179
такую 0,334808 0,000193
творчества 2,167317 0,001252
текст 0,000000 0,000000
теперь 0,015029 0,000009
тогда 0,050046 0,000058
того 0,005949 0,000021
только 0,002964 0,000009
томах 0,000000 0,000000
тонкой 2,167317 0,001252
тонкость 1,866287 0,001078
тончайшего 2,167317 0,001252
тотчас 0,046743 0,000081
точнее 1,690196 0,000976
тривиальное 2,167317 0,001252
тройка 1,264227 0,000730
тысячи 0,426955 0,000247
убегая 1,565257 0,000904
убедился 0,963197 0,000556
убедиться 1,125925 0,001301
убежал 0,888564 0,000513
убежден 0,752344 0,000435
убежденно 1,866287 0,001078
убив 1,468347 0,001697
убийства 1,264227 0,000730
убийца 0,991226 0,000573
убил 0,523865 0,000605
убили 1,088136 0,001886
убит 1,125925 0,000650
убитого 1,264227 0,000730
убить 0,599116 0,000346
угадать 1,021189 0,000590
углом 1,565257 0,000904
угодно 0,504560 0,000291
ударил 0,912045 0,000527
ударить 1,322219 0,000764
узнал 0,381987 0,000221
уликой 1,690196 0,000976
улику 1,690196 0,001953
умершим 0,000000 0,000000
унеси 1,565257 0,000904
услугам 1,468347 0,000848
услышали 1,213075 0,000701
устроен 1,565257 0,000904
утверждался 2,167317 0,001252
факт 0,675956 0,000781
факта 1,264227 0,001461
фактов 0,991226 0,001145
факты 0,991226 0,000573
фантастическая 1,468347 0,000848
фантастичность 2,167317 0,001252
федор 0,000000 0,000000
финал 1,468347 0,000848
финале 1,565257 0,000904
формула 1,866287 0,001078
формулировать 1,866287 0,001078
фраз 1,468347 0,000848
характера 0,824895 0,000477
характере 1,213075 0,000701
характерными 1,866287 0,001078
характером 0,866287 0,000500
хватило 1,167317 0,000674
хлопочет 1,690196 0,000976
хоть 0,060107 0,000035
хотя 0,050046 0,000087
хочет 0,322219 0,000186
художественная 1,866287 0,001078
художественного 2,167317 0,001252
хуже 0,635838 0,000367
целое 1,053374 0,000609
целом 0,866287 0,000500
целых 1,565257 0,001809
часа 0,000000 0,000000
часто 0,292256 0,000169
часть 0,002964 0,000003
чего 0,040213 0,000046
человек 0,036984 0,000064
человека 0,154480 0,000268
чему 0,341243 0,000394
через 0,258832 0,000150
череп 1,389166 0,000803
четвертая 0,426955 0,000493
число 0,000000 0,000000
чиста 1,690196 0,000976
читаем 0,000000 0,000000
читать 0,000000 0,000000
чрезвычайно 0,217927 0,000252
чтоб 0,073896 0,000128
чтобы 0,030597 0,000106
чувствительность 1,468347 0,000848
чувство 0,611015 0,001412
чувством 0,704919 0,000407
чувству 1,468347 0,001697
чуть 0,176091 0,000102
чьего 0,000000 0,000000
шагах 0,866287 0,000500
шалнер 2,167317 0,001252
экономизируя 2,167317 0,001252
эстетическое 2,167317 0,001252
этим 0,189594 0,000110
этих 0,213075 0,000123
этой 0,118099 0,000068
этом 0,046743 0,000054
этот 0,011981 0,000035
этою 0,599116 0,000346
эффектов 2,167317 0,001252
юридический 2,167317 0,001252
юридическом 1,690196 0,000976
явилось 1,167317 0,000674
является 1,389166 0,000803
