автор 0,000000 0,000000
автором 0,000000 0,000000
авторского 0,000000 0,000000
авторы 0,000000 0,000000
алексей 0,000000 0,000000
алексея 0,000000 0,000000
алеша 0,381987 0,001605
алеше 0,523865 0,000294
алеши 0,544068 0,000457
алешу 0,565257 0,000475
аресте 2,167317 0,001822
ассимилируя 2,167317 0,000607
баловство 1,690196 0,000474
балюстраде 2,167317 0,000607
барина 0,936868 0,000263
барышню 1,468347 0,000411
бездну 1,389166 0,000389
бескорыстии 1,866287 0,000523
беспримерное 2,167317 0,000607
бешенства 1,322219 0,000370
библиотека 0,000000 0,000000
бинокли 2,167317 0,000607
благоговейном 2,167317 0,000607
благодетель 1,322219 0,000370
благоприятное 1,690196 0,000474
благородно 1,167317 0,000327
благородного 1,088136 0,000305
благородном 1,565257 0,000439
благородство 1,389166 0,000389
бледна 1,322219 0,000741
близ 1,125925 0,000315
близко 0,888564 0,000249
боевой 1,866287 0,000523
боится 0,690196 0,000193
более 0,000000 0,000000
болезненною 1,866287 0,000523
больно 0,787106 0,000221
больше 0,137934 0,000039
большее 1,690196 0,000474
босоногую 2,167317 0,000607
боюсь 0,504560 0,000141
боясь 0,963197 0,000270
брат 0,303994 0,000511
брата 0,389166 0,000763
брату 0,752344 0,000632
братья 0,176091 0,000197
бросился 0,451314 0,000126
будто 0,099131 0,000083
буду 0,208276 0,000117
будучи 1,088136 0,000305
будьте 0,735954 0,000206
бывало 0,554533 0,000155
бывшие 1,389166 0,000778
была 0,046743 0,000183
были 0,099131 0,000139
было 0,000000 0,000000
быть 0,002964 0,000007
важно 0,675956 0,000189
вашего 0,443041 0,000621
вашем 0,690196 0,000193
вашему 0,576253 0,000161
ваши 0,434924 0,000122
вашу 0,504560 0,000141
вверенных 1,866287 0,000523
ввязался 1,213075 0,000340
вдаваясь 1,690196 0,000474
вдохновения 1,565257 0,000439
вдруг 0,005949 0,000013
ведь 0,043466 0,000012
вежливо 0,936868 0,000263
великодушно 1,468347 0,000411
великодушного 2,167317 0,000607
великое 0,888564 0,000249
верить 0,635838 0,000178
вероятнее 0,912045 0,000256
верхнюю 1,565257 0,000439
верьте 0,824895 0,000231
верю 0,623249 0,000524
весь 0,099131 0,000083
весьма 0,243038 0,000272
вечером 0,533849 0,000150
взволнована 1,690196 0,000474
взгляд 0,396465 0,000111
взгляде 0,769377 0,000216
взглядов 1,167317 0,000327
взгляды 1,322219 0,000370
взглянув 1,213075 0,000340
вздрогнул 0,565257 0,000317
взял 0,269690 0,000151
видала 1,213075 0,000340
видел 0,248239 0,000070
видели 0,495219 0,000139
видеть 0,381987 0,000107
видимо 0,328468 0,000092
видно 0,504560 0,000141
визиты 0,000000 0,000000
виновата 0,888564 0,000996
виновности 1,468347 0,001234
вместе 0,208276 0,000058
вмиг 1,264227 0,000354
внезапная 1,264227 0,000354
внезапно 0,623249 0,000349
внезапном 1,690196 0,000474
внутренний 1,690196 0,000474
вовсе 0,150284 0,000126
возбуждении 1,088136 0,000305
возвратить 1,167317 0,000327
вознаграждения 0,000000 0,000000
вообще 0,459747 0,000129
вопрос 0,222835 0,000062
вопроса 0,704919 0,000395
вопросов 0,866287 0,000485
вопросом 1,053374 0,000295
вопросу 1,565257 0,000439
вопросы 0,599116 0,001007
вором 1,264227 0,001063
воскликнул 0,309985 0,000087
восклицал 0,845098 0,000710
восклицая 1,468347 0,000411
воспламеняются 2,167317 0,000607
воспоминанием 1,866287 0,000523
восстановить 1,866287 0,000523
вошла 0,912045 0,000256
вперед 0,426955 0,000120
впечатление 0,544068 0,000457
вполне 0,316059 0,000089
впопыхах 1,389166 0,000389
впрочем 0,118099 0,000099
время 0,043466 0,000024
всегда 0,129891 0,000218
всего 0,040213 0,000011
всей 0,248239 0,000139
всем 0,070407 0,000099
всему 0,486076 0,000136
всех 0,060107 0,000051
вскочил 0,587534 0,000165
вскричал 0,292256 0,000082
вспомнил 0,704919 0,000198
вставали 1,565257 0,000439
входа 1,167317 0,000327
вцепился 1,690196 0,000474
вчера 0,341243 0,000096
выбежав 1,866287 0,000523
выберет 2,167317 0,000607
выговорил 0,824895 0,000231
вызван 1,866287 0,001046
вызов 1,264227 0,000354
вызовом 1,053374 0,000295
выйти 0,587534 0,000329
выносящий 2,167317 0,000607
выплаты 0,000000 0,000000
выпросить 2,167317 0,000607
выражалась 1,468347 0,000411
выражения 1,167317 0,000654
выразился 0,752344 0,000211
высказал 0,912045 0,000256
выслушали 1,389166 0,000389
высоко 1,088136 0,000610
высокой 1,565257 0,000439
высокооткровенного 2,167317 0,000607
выставился 1,866287 0,000523
выставить 1,088136 0,000305
высшее 1,322219 0,000370
высшей 0,544068 0,000152
выходки 1,167317 0,000327
вышвырнули 2,167317 0,000607
выше 0,720159 0,000202
вышла 0,495219 0,000278
вышло 0,523865 0,000147
главный 0,963197 0,000270
глаза 0,129891 0,000073
глазах 0,459747 0,000258
глубоко 0,611015 0,000171
глупости 0,912045 0,000256
глупою 1,565257 0,001316
гневлив 2,167317 0,000607
гневом 1,264227 0,000354
говорил 0,095435 0,000214
говорила 0,587534 0,000165
говорили 0,374926 0,000420
говорит 0,189594 0,000053
голоса 1,021189 0,000286
голосе 0,963197 0,000540
голосом 0,396465 0,000222
гораздо 0,443041 0,000124
гордого 1,565257 0,000439
гордой 1,389166 0,000389
гордый 1,565257 0,000439
городе 0,565257 0,000475
горячая 1,468347 0,000411
горячо 0,544068 0,000152
господина 0,824895 0,000231
господину 1,053374 0,000295
готова 1,088136 0,000305
готового 1,690196 0,000474
грабеж 1,866287 0,000523
грабежа 1,264227 0,000354
гражданское 1,690196 0,000474
громким 1,690196 0,000474
громко 0,504560 0,000141
груб 1,468347 0,000411
груди 0,675956 0,001515
грудь 0,752344 0,000632
грушенька 0,675956 0,001136
грушеньке 0,824895 0,000462
грушеньки 0,787106 0,000441
грушеньку 0,845098 0,000237
грязненькие 2,167317 0,000607
давешняя 1,565257 0,000439
даже 0,005949 0,000020
дала 0,720159 0,000404
далеко 0,599116 0,000168
дали 0,635838 0,000178
дальнейшего 1,213075 0,000340
дальше 0,002964 0,000001
дамы 0,648803 0,000545
данного 2,167317 0,000607
данные 0,000000 0,000000
данных 1,690196 0,000474
двадцать 0,411442 0,000115
двенадцатая 0,936868 0,000525
двоюродный 1,866287 0,000523
двух 0,264227 0,000074
девицу 1,468347 0,000411
девушке 1,389166 0,000389
девушки 0,963197 0,000270
девушкой 1,690196 0,000474
действительно 0,106619 0,000060
делах 0,963197 0,000270
деле 0,162996 0,000091
дело 0,063514 0,000053
делом 0,845098 0,000237
денег 0,309985 0,000087
денежное 2,167317 0,000607
денежных 1,866287 0,000523
деньгами 0,675956 0,000568
деньги 0,280827 0,000236
дерева 1,125925 0,000315
дмитрий 0,468347 0,000131
дмитрия 0,599116 0,000168
добрая 1,021189 0,000286
довела 1,565257 0,000439
доволен 0,735954 0,000206
довольно 0,129891 0,000036
доказательств 1,866287 0,001046
доказательства 1,264227 0,001063
доказательстве 1,690196 0,000474
доказательство 1,088136 0,000610
долг 0,888564 0,000498
долга 1,690196 0,001421
долго 0,222835 0,000187
долгом 1,565257 0,000439
должных 1,565257 0,000439
допрашивал 1,468347 0,000411
допрашивали 2,167317 0,000607
допрос 1,565257 0,000877
допроса 1,322219 0,000741
допросу 1,565257 0,000439
дороге 0,611015 0,000171
достоевский 0,000000 0,000000
достояние 0,000000 0,000000
дрожал 1,053374 0,000295
дрожала 1,167317 0,000327
другим 0,533849 0,000150
другого 0,396465 0,000111
другое 0,309985 0,000087
другой 0,146128 0,000041
думаю 0,328468 0,000092
единого 0,787106 0,000221
единым 1,866287 0,000523
если 0,011981 0,000027
естественных 2,167317 0,000607
есть 0,018098 0,000030
жадно 1,053374 0,000295
жадной 1,866287 0,000523
жаждой 1,565257 0,000439
ждала 0,805589 0,000226
женщины 0,576253 0,000323
жертву 1,167317 0,000327
жертвы 1,213075 0,000340
жизни 0,222835 0,000187
забыл 0,328468 0,000092
забыть 0,623249 0,000524
заговорила 1,088136 0,000305
заговорить 1,021189 0,000286
заговорят 1,468347 0,000411
зазвала 1,866287 0,000523
зазвенела 2,167317 0,000607
зазвенело 1,690196 0,000474
закончил 1,125925 0,000631
закоченел 2,167317 0,000607
закричали 1,322219 0,000741
закрыл 0,991226 0,000278
зала 1,125925 0,000315
зале 0,936868 0,000788
залу 0,735954 0,001031
замерла 1,690196 0,000474
заметила 0,787106 0,000221
заметить 0,635838 0,000178
замечу 1,088136 0,000305
заплатить 1,690196 0,000474
заподозрят 2,167317 0,000607
запредчувствовав 2,167317 0,000607
заранее 0,576253 0,000323
зарыдал 1,389166 0,000389
заслышавший 2,167317 0,000607
затем 0,237898 0,000067
захотел 0,787106 0,000441
зачем 0,146128 0,000082
зашевелились 1,690196 0,000474
зашиты 1,690196 0,000474
звать 0,991226 0,000278
звучала 2,167317 0,000607
здесь 0,095435 0,000080
землю 0,565257 0,000158
земной 1,088136 0,000305
земном 2,167317 0,000607
злобная 1,468347 0,000411
злобным 1,565257 0,000439
злобой 0,963197 0,000270
злодее 2,167317 0,000607
злодея 1,389166 0,000389
злое 1,322219 0,000370
знает 0,171682 0,000048
знакомства 0,991226 0,000555
знал 0,114239 0,000128
знала 0,635838 0,000356
знаю 0,095435 0,000053
зубы 1,053374 0,000295
иван 0,303994 0,000085
ивановна 0,486076 0,000409
ивановне 0,720159 0,000404
ивановной 0,963197 0,000270
ивановну 0,805589 0,000677
ивановны 0,554533 0,000466
идею 0,963197 0,000270
избы 1,264227 0,000354
известен 1,053374 0,000295
излишние 1,866287 0,000523
изменника 2,167317 0,000607
имела 0,936868 0,000263
именно 0,066947 0,000431
имею 0,565257 0,000317
имея 0,752344 0,000422
иногда 0,208276 0,000117
иного 1,053374 0,000295
ином 1,690196 0,000474
иные 0,599116 0,000168
иных 0,704919 0,000198
искренности 1,125925 0,000315
искренняя 2,167317 0,000607
использоваться 0,000000 0,000000
исступления 1,322219 0,000370
истинного 1,565257 0,000439
источник 0,000000 0,000000
каждое 0,963197 0,000270
какая 0,194189 0,000054
какие 0,232819 0,000196
каким 0,194189 0,000109
каких 0,468347 0,000131
какого 0,347773 0,000195
какое 0,227798 0,000191
какой 0,095435 0,000053
каком 0,381987 0,000107
какую 0,419129 0,000235
канючить 2,167317 0,000607
капельку 0,963197 0,000270
карамазова 0,912045 0,000256
карамазовы 0,180546 0,000202
катастрофа 1,389166 0,000389
катастрофе 1,389166 0,000389
катастрофой 1,468347 0,000411
катерина 0,735954 0,000619
катерине 0,912045 0,000511
катериною 1,866287 0,000523
катерину 0,991226 0,000833
катерины 0,752344 0,000632
кати 1,322219 0,000370
каторгу 0,991226 0,000278
катя 1,053374 0,000295
качестве 1,088136 0,000305
клевета 1,322219 0,000370
книга 0,176091 0,000099
книги 0,000000 0,000000
когда 0,015029 0,000034
кого 0,222835 0,000250
комаров 0,000000 0,000000
комнаты 0,443041 0,000124
кому 0,341243 0,000096
конечно 0,060107 0,000067
кончив 1,565257 0,000439
кончила 1,213075 0,000340
кончился 1,565257 0,000439
конь 1,866287 0,000523
косвенно 1,322219 0,000370
коснулось 1,866287 0,000523
коснуться 2,167317 0,000607
которая 0,361137 0,000101
которого 0,198834 0,000111
которое 0,426955 0,000120
которой 0,213075 0,000060
котором 0,347773 0,000195
которые 0,189594 0,000106
который 0,110412 0,000031
крайней 0,298086 0,000418
крайнюю 1,866287 0,000523
крепостное 2,167317 0,000607
крестом 1,167317 0,000327
крикнул 0,381987 0,000107
кричал 0,824895 0,000231
кроме 0,158717 0,000089
кулаком 0,963197 0,000810
ладонка 1,690196 0,000474
ладонку 1,389166 0,000778
ладонями 1,264227 0,000354
лакея 1,167317 0,000654
лгал 1,389166 0,000389
летела 1,866287 0,000523
лжет 1,021189 0,000286
либо 0,000000 0,000000
литература 0,000000 0,000000
лихорадке 0,991226 0,000278
лица 0,322219 0,000181
лицо 0,114239 0,000064
лицом 0,000000 0,000000
лицу 0,587534 0,000494
личной 1,565257 0,000439
лишь 0,185046 0,000363
ловя 1,866287 0,000523
лорнеты 2,167317 0,000607
лучше 0,162996 0,000137
любовью 0,824895 0,000231
любопытные 1,565257 0,000439
любым 0,000000 0,000000
малейшем 1,866287 0,000523
маленькою 1,690196 0,000474
мало 0,208276 0,000058
малым 1,322219 0,000370
манию 1,866287 0,000523
матерью 0,787106 0,000221
мать 0,389166 0,000109
медицинская 1,468347 0,000411
между 0,129891 0,000073
мелкое 1,866287 0,000523
мелькнула 1,088136 0,000305
мелькнуло 0,805589 0,000226
меня 0,027438 0,000085
мере 0,269690 0,000378
мест 1,088136 0,000305
места 0,389166 0,000218
месте 0,286504 0,000161
место 0,334808 0,000281
месту 1,125925 0,000315
месяц 0,451314 0,000126
месяца 0,477121 0,000134
мигом 0,504560 0,000283
минут 0,486076 0,000136
минуту 0,084532 0,000237
минуты 0,322219 0,000181
мите 0,735954 0,000825
митей 1,053374 0,000885
мити 0,611015 0,000685
митю 0,623249 0,000175
митя 0,587534 0,001317
мнении 1,565257 0,000439
многие 0,468347 0,000131
многое 0,662167 0,000186
могла 0,286504 0,000241
могу 0,171682 0,000048
моего 0,367977 0,000206
моей 0,280827 0,000079
моему 0,354404 0,000099
может 0,000000 0,000000
можете 0,504560 0,000141
можно 0,088136 0,000025
моих 0,554533 0,000155
мокром 0,963197 0,000810
молил 1,468347 0,000411
молодому 0,963197 0,000270
молчал 0,565257 0,000158
молчании 1,565257 0,000439
момента 0,000000 0,000000
монастыре 0,936868 0,000263
монастырю 1,213075 0,000340
мужчины 1,322219 0,000370
мучил 1,213075 0,000340
мучился 1,053374 0,000590
мысли 0,316059 0,000089
мысль 0,264227 0,000296
мягко 1,167317 0,000327
наглым 1,565257 0,000439
надеясь 1,322219 0,000370
надо 0,036984 0,000021
назад 0,000000 0,000000
название 0,000000 0,000000
найдете 1,322219 0,000370
найти 0,000000 0,000000
накопил 1,866287 0,000523
налево 0,824895 0,000231
намек 1,322219 0,000370
намекает 1,468347 0,000411
намекали 1,866287 0,000523
намеком 1,690196 0,000474
намерен 0,787106 0,000221
написано 0,000000 0,000000
напомнил 1,167317 0,000327
направили 1,866287 0,000523
направо 0,787106 0,000221
напрасно 0,805589 0,000226
например 0,298086 0,000084
напротив 0,180546 0,000051
наружу 1,322219 0,000370
насилие 1,690196 0,000474
наследство 1,053374 0,000295
настаивал 0,845098 0,000237
настойчивостью 1,389166 0,000389
насчет 0,354404 0,000199
наука 0,000000 0,000000
нахожу 1,565257 0,000439
начал 0,137934 0,000077
начала 0,381987 0,000107
начале 0,787106 0,000221
начались 1,167317 0,000327
начался 1,088136 0,000305
нашей 0,599116 0,000168
наши 0,544068 0,000152
невестой 1,389166 0,000389
невинности 1,088136 0,000305
невинною 1,468347 0,000411
невиновен 1,866287 0,000523
невиновности 2,167317 0,000607
невозможно 0,411442 0,000115
невыносимом 1,866287 0,000523
него 0,000000 0,000000
негодованием 0,787106 0,000221
недоданное 2,167317 0,000607
неизвестно 0,936868 0,000263
неистового 2,167317 0,000607
некорыстолюбивым 2,167317 0,000607
некоторое 0,486076 0,000136
нельзя 0,176091 0,000049
нему 0,080958 0,000091
немудрено 2,167317 0,000607
ненависти 0,912045 0,000767
необыкновенное 0,912045 0,000256
неожиданностью 1,690196 0,000474
неповинен 1,690196 0,000474
непременно 0,133894 0,000038
неприятное 1,167317 0,000327
неровен 1,866287 0,000523
несвязуемое 2,167317 0,000607
несколько 0,102859 0,000115
неслышною 2,167317 0,000607
несмотря 0,275223 0,000231
несчастен 1,322219 0,000370
несчастие 1,125925 0,000315
несчастному 1,389166 0,000778
несчастных 1,389166 0,000389
неужели 0,389166 0,000109
неустройство 2,167317 0,000607
нечаянно 0,752344 0,000211
нечто 0,389166 0,000654
неясно 1,088136 0,000305
нибудь 0,030597 0,000026
ниже 0,912045 0,000767
никаких 0,565257 0,000634
никакого 0,403889 0,000113
никогда 0,088136 0,000025
никому 0,504560 0,000141
никто 0,185046 0,000052
нисколько 0,662167 0,000186
ничего 0,030597 0,000034
нового 0,735954 0,000206
новый 0,648803 0,000182
новым 0,991226 0,000278
нотка 1,389166 0,000778
ночью 0,587534 0,000165
нравственных 1,322219 0,000370
нужны 0,936868 0,000263
нужным 0,936868 0,000525
обвинением 1,690196 0,000474
обвинения 1,021189 0,000286
обеими 0,787106 0,000221
обидчика 1,213075 0,000340
обижен 1,322219 0,000370
облилось 1,866287 0,000523
обманом 1,866287 0,000523
обоих 0,635838 0,000178
образ 0,888564 0,000249
обратились 1,322219 0,000370
обратился 0,443041 0,000124
обстоятельство 0,787106 0,000441
обусловливая 2,167317 0,000607
общем 1,264227 0,000354
общественное 0,000000 0,000000
объявил 0,599116 0,000168
объявила 0,963197 0,000270
ограбить 1,468347 0,000411
огрызнулась 1,690196 0,000474
одетая 1,389166 0,000389
один 0,046743 0,000065
одна 0,185046 0,000052
однажды 0,635838 0,000178
одно 0,099131 0,000056
одного 0,150284 0,000042
одному 0,334808 0,000094
одолжение 0,936868 0,000263
ожидать 1,125925 0,000315
озлилась 1,690196 0,000474
оказалось 0,486076 0,000136
оказался 0,824895 0,000231
окаменев 2,167317 0,000607
окончательно 0,565257 0,000317
окончательное 1,690196 0,000474
омерзения 1,690196 0,000474
описать 1,690196 0,000474
опубликовано 0,000000 0,000000
опустив 1,167317 0,000327
опять 0,027438 0,000031
орехов 1,565257 0,000439
осведомились 2,167317 0,000607
осведомился 0,888564 0,000249
основании 1,264227 0,000354
оснований 1,690196 0,000474
основания 1,264227 0,000354
основываетесь 2,167317 0,000607
особ 1,690196 0,000474
особенно 0,129891 0,000036
особлив 2,167317 0,000607
оставалось 0,991226 0,000278
оставил 0,648803 0,000182
оставила 1,264227 0,000354
осталась 0,866287 0,000243
остановил 0,991226 0,000278
остаться 0,912045 0,000511
осторожно 0,912045 0,000511
отверг 1,468347 0,000411
ответил 0,237898 0,000067
ответила 0,824895 0,000231
ответов 1,866287 0,000523
ответы 1,690196 0,000474
отвечал 0,648803 0,000364
отвечать 0,824895 0,000693
отвечая 1,053374 0,000885
отдал 0,866287 0,000485
отдам 1,322219 0,000370
отдаст 1,264227 0,000354
отдать 0,752344 0,000843
отдающего 1,866287 0,000523
отдающий 2,167317 0,000607
отнеслись 1,690196 0,000474
отослал 1,866287 0,000523
отпора 1,866287 0,000523
отпустил 1,565257 0,000439
отрекаюсь 1,565257 0,000439
отсылки 1,866287 0,000523
отца 0,222835 0,000562
отце 1,565257 0,000439
отцеубийца 1,468347 0,000411
отцом 0,599116 0,000504
отцу 0,565257 0,000634
отчасти 0,611015 0,000342
отыскался 2,167317 0,000607
отыскать 1,167317 0,000327
офицер 1,125925 0,000315
офицера 1,264227 0,000354
офицеру 1,264227 0,000354
оформление 0,000000 0,000000
очень 0,024303 0,000041
очертил 1,866287 0,000523
павловича 0,451314 0,000126
павловичем 0,866287 0,000243
пакет 1,053374 0,000295
пакета 1,389166 0,000389
пальцами 0,866287 0,000243
первую 0,805589 0,000226
первых 0,367977 0,000206
передавали 1,264227 0,000354
передаю 1,468347 0,000823
переслать 2,167317 0,000607
перешли 1,565257 0,000877
перешло 0,000000 0,000000
петербурга 0,866287 0,000243
пить 0,888564 0,000249
плавно 1,468347 0,000411
платок 0,787106 0,000221
плечах 1,866287 0,000523
побагровел 1,468347 0,000411
побледнел 0,704919 0,000198
поведанный 2,167317 0,000607
поверил 0,787106 0,000221
поверила 1,389166 0,000389
поверили 1,167317 0,000327
поверить 0,824895 0,000231
повесился 1,468347 0,000411
повторил 0,752344 0,000211
повторял 0,912045 0,000256
поговаривали 2,167317 0,000607
погубила 1,690196 0,001421
подборка 0,000000 0,000000
подробности 0,648803 0,000182
подсудимого 0,991226 0,000555
подсудимый 1,088136 0,000915
подтвердил 0,690196 0,000193
подумал 0,334808 0,000188
подумалось 1,213075 0,000340
подхватил 0,533849 0,000299
подходя 1,088136 0,000305
подхожу 1,866287 0,000523
пожелал 1,322219 0,000370
позабыл 1,565257 0,000439
позабыть 1,690196 0,000474
позволил 1,213075 0,000340
позор 0,824895 0,000925
позора 1,213075 0,001020
позорнейший 2,167317 0,000607
позорным 1,866287 0,000523
пойдем 0,912045 0,000256
пойти 0,675956 0,000189
пока 0,213075 0,000119
показал 0,769377 0,000431
показалась 1,125925 0,000946
показание 0,912045 0,000256
показаний 1,213075 0,000340
показания 1,021189 0,000858
показаниям 1,866287 0,000523
показаниях 1,866287 0,000523
показывал 1,125925 0,000315
поклон 0,936868 0,000263
поклоне 1,866287 0,000523
поклонился 0,912045 0,000256
поклоном 1,389166 0,000389
покраснела 1,088136 0,000305
полететь 1,866287 0,000523
полной 0,991226 0,000278
полные 1,468347 0,000411
половину 0,888564 0,001494
половины 0,936868 0,000263
положение 0,866287 0,000243
положении 0,704919 0,000198
положим 0,720159 0,000202
полторы 1,021189 0,001431
полученным 2,167317 0,000607
получила 1,213075 0,000340
получит 1,565257 0,000877
пользу 0,824895 0,000693
помните 0,690196 0,000193
помню 0,486076 0,000817
помолвленною 2,167317 0,000607
пониже 1,690196 0,000474
попав 1,866287 0,000523
попросил 0,635838 0,000178
порыве 1,690196 0,000474
порывом 1,322219 0,000370
посетителей 0,000000 0,000000
посетители 0,000000 0,000000
послал 0,720159 0,000202
после 0,084532 0,000024
последней 0,623249 0,000175
последнем 1,264227 0,000708
последние 0,533849 0,000449
послужить 1,167317 0,000327
посмертно 0,000000 0,000000
поставлена 2,167317 0,000607
поступить 1,053374 0,000295
потом 0,084532 0,000261
потому 0,024303 0,000034
потребовали 1,565257 0,000439
потрясающее 1,690196 0,000474
потрясены 2,167317 0,000607
потупившись 1,322219 0,000370
потчевала 2,167317 0,000607
похерено 2,167317 0,000607
походкой 1,866287 0,000523
почему 0,099131 0,000056
почтенные 1,866287 0,000523
почти 0,024303 0,000034
почтительно 1,053374 0,000590
почтительным 1,565257 0,000439
почту 1,866287 0,001046
почувствовал 0,623249 0,000175
почувствовала 1,468347 0,000411
почувствовался 2,167317 0,000607
пошла 0,845098 0,000237
появилась 1,322219 0,000370
появился 1,021189 0,000286
появление 1,125925 0,000315
прав 0,769377 0,000216
права 0,554533 0,000155
правда 0,162996 0,000046
правде 0,991226 0,000278
право 0,361137 0,000101
пред 0,033778 0,000028
предварительном 1,690196 0,001421
предварительному 2,167317 0,000607
предвидеть 1,690196 0,000474
предложенных 2,167317 0,000607
предложил 0,888564 0,000249
предположение 1,213075 0,000680
предположить 1,053374 0,000295
председатель 1,167317 0,001635
председателя 1,389166 0,000389
предстоял 1,866287 0,000523
предчувствовала 1,322219 0,001111
предшествовала 2,167317 0,000607
прежде 0,077412 0,000022
презрение 1,125925 0,000315
презрения 0,963197 0,000270
презрителен 2,167317 0,000607
презрительно 0,866287 0,000485
презрительною 1,866287 0,000523
презрительных 2,167317 0,000607
преклонившегося 2,167317 0,000607
прекрасной 1,468347 0,000411
прекратил 1,389166 0,000389
прельстить 1,866287 0,000523
преступнику 1,389166 0,000389
прибавил 0,275223 0,000077
прибавила 0,690196 0,000774
прибежала 1,213075 0,000340
приблизилась 1,690196 0,000947
привел 0,991226 0,000278
привлекательно 2,167317 0,000607
привязался 1,264227 0,000354
приговорен 1,866287 0,000523
прижизненно 0,000000 0,000000
признаться 1,053374 0,000295
признаюсь 0,769377 0,000216
приняла 1,125925 0,000315
приобретено 1,866287 0,000523
припоминаю 1,264227 0,000354
припоминая 1,125925 0,000315
припомнив 1,264227 0,000354
припомнил 0,888564 0,000249
припомнилось 1,565257 0,000439
прислать 1,389166 0,000389
пристально 0,389166 0,000109
присяги 1,690196 0,000474
приходил 0,720159 0,000404
причиной 1,053374 0,000295
причины 0,752344 0,000211
пришел 0,322219 0,000090
проговорил 0,154480 0,000043
проговорила 0,533849 0,000150
программирование 0,000000 0,000000
продолжал 0,292256 0,000082
продолжала 0,720159 0,000202
произведение 0,000000 0,000000
произведений 0,000000 0,000000
произведения 0,000000 0,000000
произведя 1,866287 0,000523
произвели 1,125925 0,000315
произошло 0,495219 0,000278
прокричал 0,720159 0,000202
прокуратурою 2,167317 0,000607
прокурор 0,888564 0,001992
пронеслось 1,213075 0,000680
проницательностью 2,167317 0,000607
пропасть 1,690196 0,000474
пропущено 2,167317 0,001215
прорывалась 1,866287 0,000523
проследовал 2,167317 0,000607
простирая 1,389166 0,000389
просто 0,232819 0,000065
прося 1,389166 0,000389
против 0,389166 0,000109
противоречит 1,866287 0,000523
прочим 0,662167 0,000371
прошло 0,000000 0,000000
прямо 0,118099 0,000132
публикации 0,000000 0,000000
публике 0,936868 0,000263
публики 1,213075 0,000340
публику 1,213075 0,000340
пустяки 1,213075 0,000340
пяти 0,662167 0,000186
пять 0,275223 0,000231
пятьсот 1,088136 0,000305
равно 0,303994 0,000085
разве 0,146128 0,000041
разговор 0,434924 0,000122
разгорелось 1,866287 0,000523
раздражена 1,468347 0,000411
разлучница 1,866287 0,000523
разочаровывающее 2,167317 0,000607
разразившись 2,167317 0,000607
разрешения 0,000000 0,000000
разу 0,704919 0,000198
разумеется 0,328468 0,000184
разыгравшийся 1,866287 0,000523
ракитин 0,963197 0,000270
ракитина 0,991226 0,000555
ракитину 1,389166 0,000389
раскачкой 2,167317 0,000607
раскрасневшись 2,167317 0,000607
распря 2,167317 0,000607
расскажет 1,468347 0,000411
рассказ 0,866287 0,000243
рассказа 0,845098 0,000237
рассказала 1,088136 0,000305
рассказали 1,125925 0,000315
рассказывали 0,936868 0,000788
рассказывать 0,704919 0,000198
расспросы 1,213075 0,000340
расстаться 1,690196 0,000474
ревнивой 1,866287 0,000523
резко 0,648803 0,000182
речь 0,704919 0,000198
решил 0,514105 0,000144
решилась 1,053374 0,000295
решился 0,554533 0,000155
решимость 1,088136 0,000305
решительного 1,690196 0,000474
решительное 1,468347 0,000411
робко 0,787106 0,000221
робость 1,690196 0,000947
родного 1,167317 0,000327
родные 1,690196 0,000947
родственникам 2,167317 0,000607
роковую 1,468347 0,000411
россии 0,623249 0,000175
рублей 0,367977 0,000516
руки 0,167317 0,000094
руководили 2,167317 0,000607
русская 0,000000 0,000000
рыдающим 2,167317 0,000607
сайте 0,000000 0,000000
сама 0,208276 0,000292
самовластной 2,167317 0,000607
самого 0,118099 0,000033
самое 0,167317 0,000094
самозаклания 2,167317 0,000607
самой 0,258832 0,000218
самом 0,114239 0,000064
самообвинения 2,167317 0,000607
самоосуждения 2,167317 0,000607
самою 0,866287 0,000243
самсонова 1,213075 0,000340
самые 0,381987 0,000107
самый 0,198834 0,000056
самым 0,280827 0,000079
самых 0,468347 0,000394
сверкала 1,866287 0,000523
сверкнули 1,053374 0,000295
светом 1,322219 0,000370
свидании 1,389166 0,000778
свидетелем 0,991226 0,000278
свидетельствовало 1,866287 0,000523
свободно 0,000000 0,000000
свое 0,150284 0,000084
своего 0,091770 0,000180
своей 0,066947 0,000094
своем 0,198834 0,000167
своеобразный 2,167317 0,000607
своею 0,443041 0,000124
свои 0,146128 0,000164
своим 0,208276 0,000117
свою 0,073896 0,000021
сделает 0,963197 0,000270
сделать 0,403889 0,000113
сдержал 1,167317 0,000327
сдержанно 1,021189 0,000286
себе 0,033778 0,000047
себя 0,005949 0,000018
сегодня 0,000000 0,000000
сейчас 0,070407 0,000118
села 1,053374 0,000295
селе 1,565257 0,000439
семействе 0,866287 0,000243
семидесяти 0,000000 0,000000
сердечная 1,866287 0,000523
сердце 0,171682 0,000289
сестру 1,213075 0,000340
сестры 0,824895 0,000231
сжав 1,690196 0,000474
сжалось 1,866287 0,000523
сигнал 2,167317 0,000607
сидела 0,824895 0,000231
силах 0,623249 0,000175
силы 0,514105 0,000144
сильно 0,292256 0,000082
симпатично 1,690196 0,000947
симпатичное 1,690196 0,000474
симпатия 1,468347 0,000411
скажу 0,275223 0,000077
сказал 0,099131 0,000028
сказала 0,486076 0,000136
сказать 0,073896 0,000083
сказывать 1,690196 0,000474
скамью 1,866287 0,000523
скандалу 1,468347 0,000411
скобках 1,389166 0,000389
скромно 1,053374 0,000590
скрою 1,690196 0,000474
скрыла 1,565257 0,000439
слабостью 2,167317 0,000607
слава 0,769377 0,000216
следствии 1,468347 0,001234
следствию 1,322219 0,000370
слов 0,367977 0,000412
слова 0,129891 0,000036
слово 0,232819 0,000065
словом 0,367977 0,000103
случилось 0,403889 0,000113
слушая 0,991226 0,000278
слыхала 1,389166 0,000389
слышал 0,389166 0,000218
слышали 0,611015 0,000171
смел 0,991226 0,000278
смердяков 0,587534 0,000329
смердякова 0,752344 0,000843
смердякове 1,088136 0,000305
смешком 1,322219 0,000370
смеялась 0,805589 0,000451
смотря 0,322219 0,000090
смысл 0,991226 0,000278
снисхождение 1,866287 0,000523
снять 1,264227 0,000354
собой 0,253503 0,000142
собрание 0,000000 0,000000
собственным 0,963197 0,000270
совершенно 0,180546 0,000051
совершенною 1,690196 0,000474
совершить 1,264227 0,000354
совсем 0,021189 0,000030
согласилась 1,468347 0,000411
согласия 0,000000 0,000000
содрогается 2,167317 0,000607
содрогаясь 1,866287 0,000523
сознавался 1,866287 0,000523
сознался 1,264227 0,000354
солгал 1,053374 0,000295
солжет 1,866287 0,000523
сомнения 0,523865 0,000147
сообразив 1,264227 0,000354
сообщить 0,635838 0,000178
соперничества 1,866287 0,000523
соперничество 1,565257 0,000439
сосредоточенное 2,167317 0,000607
состоял 1,088136 0,000305
состоянии 0,459747 0,000129
сотни 1,468347 0,000411
сочинений 0,000000 0,000000
спасая 1,565257 0,000439
спасению 2,167317 0,000607
спасет 1,322219 0,000370
спасибо 0,866287 0,000243
спасло 1,866287 0,000523
спасти 0,769377 0,000216
спокойно 0,648803 0,000364
спокойною 1,866287 0,000523
спрашивали 0,963197 0,000270
спрашивать 0,752344 0,000211
спрашивая 1,389166 0,000389
спросил 0,222835 0,000187
спросили 1,213075 0,000680
спросить 0,495219 0,000139
средства 1,213075 0,000680
средство 1,468347 0,000823
стало 0,091770 0,000026
стариком 1,389166 0,000389
стать 0,845098 0,000237
степени 0,389166 0,000109
стиснув 1,690196 0,000474
столь 0,434924 0,000122
стороне 0,805589 0,000226
стороны 0,185046 0,000104
страсти 0,866287 0,000243
страстями 1,565257 0,000439
строго 0,576253 0,000161
струн 2,167317 0,000607
стул 0,648803 0,000182
стуле 0,805589 0,000226
стучал 1,565257 0,000439
стыд 0,912045 0,000256
стыда 0,805589 0,000451
стыдился 1,167317 0,000327
стыдливом 2,167317 0,000607
суда 0,787106 0,000441
суде 0,888564 0,000249
сумрачном 2,167317 0,000607
существенный 1,690196 0,000474
существовала 1,690196 0,000474
схватились 1,866287 0,000523
счастье 0,787106 0,000441
считает 1,088136 0,000305
считал 0,648803 0,000182
сюда 0,232819 0,000065
также 0,000000 0,000000
таки 0,066947 0,000075
таких 0,243038 0,000068
таков 0,787106 0,000221
такого 0,243038 0,000204
такое 0,114239 0,000032
такой 0,077412 0,000043
твердо 0,419129 0,000822
текст 0,000000 0,000000
темном 1,690196 0,000474
тему 0,963197 0,000270
теперь 0,015029 0,000038
течение 1,088136 0,000305
тихо 0,354404 0,000298
тогда 0,050046 0,000266
тогдашних 1,468347 0,000411
того 0,005949 0,000003
тоже 0,043466 0,000085
только 0,002964 0,000012
томах 0,000000 0,000000
тому 0,095435 0,000027
тоне 1,389166 0,000389
торжествовал 1,690196 0,000474
тотчас 0,046743 0,000052
точен 2,167317 0,000607
точно 0,121994 0,000034
точности 0,866287 0,000243
трагический 1,866287 0,000523
требовательною 2,167317 0,000607
тревогу 1,468347 0,000411
тремя 0,963197 0,000270
трех 0,374926 0,000315
тридцати 1,021189 0,000286
трубный 2,167317 0,000607
туда 0,495219 0,000139
тысяч 0,451314 0,000379
тысячами 1,053374 0,000295
тысячах 1,021189 0,000858
тысячи 0,426955 0,001316
тысячу 0,769377 0,000216
тяжело 0,565257 0,000158
убедились 1,690196 0,000474
убежден 0,752344 0,000211
убеждение 0,824895 0,000231
убеждений 1,389166 0,000389
убеждения 0,991226 0,000278
убивающий 1,690196 0,000474
убил 0,523865 0,000734
убить 0,599116 0,000671
уважая 1,468347 0,000411
уверен 0,635838 0,000356
уверена 1,322219 0,001111
уверенностию 2,167317 0,000607
уверенность 1,389166 0,000389
уверены 0,805589 0,000226
уверяли 1,468347 0,000823
увлечением 1,468347 0,000411
увлеченного 1,866287 0,000523
увлеченный 1,866287 0,000523
увоз 1,866287 0,000523
угадать 1,021189 0,000286
угроз 2,167317 0,001215
ударяет 2,167317 0,001215
ударял 1,468347 0,000411
ударяя 1,468347 0,000823
удивительно 0,866287 0,000485
удивительного 1,468347 0,000411
ужасного 1,389166 0,000389
узнала 0,805589 0,000226
указал 0,866287 0,000243
указали 1,468347 0,000823
указанное 2,167317 0,000607
указанному 2,167317 0,000607
указанный 1,565257 0,000439
указывает 1,322219 0,000370
указывал 1,322219 0,002964
уклончиво 1,690196 0,000474
улыбается 1,468347 0,000823
умерить 2,167317 0,000607
умершим 0,000000 0,000000
умоляя 1,389166 0,000389
умом 0,752344 0,000211
уничтожено 2,167317 0,000607
упал 0,675956 0,000189
упомянула 1,866287 0,000523
упомянули 1,468347 0,000411
употребить 1,389166 0,000389
уселась 1,565257 0,000439
усиленно 1,264227 0,000354
усиливаясь 1,866287 0,000523
условием 1,389166 0,000389
услышав 1,125925 0,000315
усмехнулась 1,167317 0,000327
успеет 1,468347 0,000411
успокоила 2,167317 0,000607
успокоиться 1,053374 0,000295
устранить 2,167317 0,000607
устремились 1,866287 0,000523
устыдилась 2,167317 0,000607
утаила 2,167317 0,000607
утверждали 1,389166 0,000778
факт 0,675956 0,000379
федор 0,000000 0,000000
федора 0,554533 0,000155
федорович 0,253503 0,000142
федоровича 0,426955 0,000120
федором 1,021189 0,000286
фетюкович 1,167317 0,002617
фетюковичу 2,167317 0,001215
фунт 1,565257 0,000439
характер 0,635838 0,000356
характера 0,824895 0,000231
характерно 1,468347 0,000411
ходят 1,167317 0,000327
холодел 1,866287 0,000523
хороша 0,963197 0,000540
хорошее 1,125925 0,000315
хотела 0,648803 0,000182
хоть 0,060107 0,000152
хотя 0,050046 0,000014
хочет 0,322219 0,000090
целью 0,824895 0,000462
часа 0,000000 0,000000
часть 0,002964 0,000002
чего 0,040213 0,000011
человек 0,036984 0,000031
человека 0,154480 0,000043
через 0,258832 0,000073
черное 2,167317 0,000607
черной 1,389166 0,000389
черном 1,167317 0,000327
честности 1,389166 0,000778
честь 0,554533 0,000155
четвертая 0,426955 0,000239
число 0,000000 0,000000
читаем 0,000000 0,000000
читать 0,000000 0,000000
членов 1,322219 0,000370
чрез 0,275223 0,000077
чрезвычайно 0,217927 0,000183
чрезвычайные 1,468347 0,000411
чтоб 0,073896 0,000021
чтобы 0,030597 0,000051
чувств 0,704919 0,000198
чувство 0,611015 0,000171
чувствовала 1,866287 0,000523
чуть 0,176091 0,000049
чьего 0,000000 0,000000
шали 1,866287 0,000523
шапку 1,866287 0,000523
шевелился 1,690196 0,000474
шоколатом 1,866287 0,000523
щедры 2,167317 0,000607
экспертиза 1,565257 0,000439
эпизод 1,167317 0,000981
эпизода 1,690196 0,000474
эпизоде 1,690196 0,000474
этим 0,189594 0,000106
этих 0,213075 0,000239
этого 0,053374 0,000075
этой 0,118099 0,000066
этом 0,046743 0,000052
этот 0,011981 0,000020
юристы 1,565257 0,000439
явилась 1,021189 0,000572
явись 1,565257 0,000439
явно 1,088136 0,000305
ясно 0,354404 0,000298
