автор 0,000000 0,000000
автором 0,000000 0,000000
авторского 0,000000 0,000000
авторы 0,000000 0,000000
аккуратно 1,690196 0,000291
аксиома 1,468347 0,000253
алексеем 1,213075 0,000209
алексей 0,000000 0,000000
алексея 0,000000 0,000000
алеша 0,381987 0,001054
алеше 0,523865 0,000181
алешей 0,752344 0,000130
алеши 0,544068 0,000094
алешу 0,565257 0,000097
анекдоты 1,389166 0,000239
антракте 2,167317 0,000374
аплодировать 1,866287 0,000322
аттестовал 2,167317 0,000374
аттестую 2,167317 0,000374
баба 1,213075 0,000418
бабьим 2,167317 0,000374
базар 1,866287 0,000643
бакенбардами 1,690196 0,000291
балуя 2,167317 0,000374
банке 1,866287 0,000322
барабанную 2,167317 0,000374
беглая 1,866287 0,000322
бедность 1,125925 0,000194
бежала 1,167317 0,000201
безжалостно 1,468347 0,000253
безмозглая 2,167317 0,000374
безногая 1,690196 0,000291
белье 1,021189 0,000176
березового 2,167317 0,000374
берет 1,021189 0,000176
бесконечным 1,565257 0,000270
беспокойно 1,565257 0,000270
беспокойстве 0,991226 0,000171
беспокойство 0,936868 0,000162
беспокойством 0,888564 0,000153
беспредельным 2,167317 0,000374
беспременно 1,322219 0,000228
беспрерывно 0,623249 0,000107
бестолковее 1,866287 0,000322
бестолково 2,167317 0,000374
бесчувственным 1,468347 0,000253
библиотека 0,000000 0,000000
благоговением 1,468347 0,000253
благодарная 2,167317 0,000374
благородное 1,213075 0,000209
блаженным 1,690196 0,000291
блаженствовал 2,167317 0,000374
бледненькою 2,167317 0,000374
блеске 1,866287 0,000322
блеснул 1,866287 0,000322
блистательный 2,167317 0,000374
боже 0,459747 0,000079
более 0,000000 0,000000
болезненно 1,167317 0,000402
болезни 0,565257 0,000097
больного 0,752344 0,000259
больной 0,611015 0,000105
больному 1,213075 0,000418
больную 1,389166 0,000239
больше 0,137934 0,000119
большие 0,720159 0,000124
большими 1,088136 0,000188
большом 0,888564 0,000153
болью 1,167317 0,000201
бормотал 0,720159 0,000124
боровиков 2,167317 0,000374
боязни 1,690196 0,000291
боялся 0,587534 0,000101
боясь 0,963197 0,000166
брат 0,303994 0,000052
брата 0,389166 0,000067
братья 0,176091 0,000121
брезгливо 1,468347 0,000253
бронзовая 2,167317 0,000374
бронзовую 1,866287 0,000322
бросился 0,451314 0,000233
брошенных 2,167317 0,000374
брюзжала 2,167317 0,000747
будет 0,077412 0,000053
будто 0,099131 0,000051
буду 0,208276 0,000036
булавку 1,866287 0,000322
булкина 2,167317 0,000374
бутерброды 2,167317 0,000374
бутылку 1,322219 0,000228
бывало 0,554533 0,000191
бывший 0,845098 0,000146
бывшим 1,468347 0,000253
была 0,046743 0,000056
были 0,099131 0,000034
было 0,000000 0,000000
быстро 0,232819 0,000040
быть 0,002964 0,000003
важная 1,468347 0,000253
важно 0,675956 0,000350
важности 1,264227 0,000436
важностию 1,866287 0,000322
важный 1,125925 0,000194
варвары 1,088136 0,000188
вареной 2,167317 0,000374
варилось 2,167317 0,000374
вашему 0,576253 0,000099
ваши 0,434924 0,000075
вбежал 1,322219 0,000228
ввернул 0,991226 0,000171
вверх 0,866287 0,000149
вдруг 0,005949 0,000040
ведь 0,043466 0,000090
вежливо 0,936868 0,000162
вежливый 1,565257 0,000270
вежливым 1,565257 0,000270
велит 1,053374 0,000182
веревке 2,167317 0,000374
верно 0,523865 0,000090
верхом 1,389166 0,000479
верю 0,623249 0,000107
веселить 1,690196 0,000291
веселые 1,866287 0,000322
весть 1,389166 0,000239
весь 0,099131 0,000205
весьма 0,243038 0,000042
вечером 0,533849 0,000184
взгляд 0,396465 0,000068
взглядом 0,504560 0,000087
вздор 0,599116 0,000103
вздрогнул 0,565257 0,000097
вздрогнула 1,322219 0,000228
взорвать 2,167317 0,000374
взяв 1,088136 0,000188
взял 0,269690 0,000046
взялся 1,322219 0,000228
видал 0,623249 0,000107
видеть 0,381987 0,000066
видимо 0,328468 0,000113
видимое 1,468347 0,000253
видишь 0,599116 0,000413
видно 0,504560 0,000174
видом 0,389166 0,000201
вижу 0,286504 0,000049
визжа 1,866287 0,000322
визжала 1,866287 0,000322
визжать 2,167317 0,000374
визиты 0,000000 0,000000
виноватый 2,167317 0,000374
виноватым 1,389166 0,000239
вишняков 2,167317 0,000374
влетел 1,468347 0,000506
влетит 1,690196 0,000291
влить 2,167317 0,000374
влиять 2,167317 0,000374
вместе 0,208276 0,000144
вместо 0,411442 0,000071
вовсе 0,150284 0,000052
воды 0,912045 0,000157
военный 1,213075 0,000209
возбуждении 1,088136 0,000188
возвращаясь 1,213075 0,000209
возить 1,690196 0,000583
возможно 0,735954 0,000127
вознаграждения 0,000000 0,000000
возьми 0,704919 0,000243
войти 0,675956 0,000117
волнение 0,824895 0,000142
волнении 0,675956 0,000117
волосам 1,866287 0,000322
вообразить 0,963197 0,000166
вообще 0,459747 0,000238
вопрос 0,222835 0,000115
вопросом 1,053374 0,000182
воротам 1,468347 0,000506
воскликнул 0,309985 0,000321
воскликнула 0,845098 0,000291
восклицал 0,845098 0,000291
воскресенье 1,468347 0,000253
воскресенья 2,167317 0,000374
воспитанного 2,167317 0,000374
воспоминание 0,963197 0,000166
воспоминаниях 2,167317 0,000374
восторга 0,720159 0,000124
восторженное 1,690196 0,000291
восторженною 2,167317 0,000374
восхищением 1,690196 0,000291
вошедшего 1,322219 0,000228
воют 2,167317 0,000374
вперед 0,426955 0,000147
впечатление 0,544068 0,000094
вполне 0,316059 0,000054
впопыхах 1,389166 0,000239
впредь 0,752344 0,000259
впрочем 0,118099 0,000143
впрямь 0,769377 0,000133
врагов 1,322219 0,000228
времени 0,269690 0,000093
время 0,043466 0,000067
всегда 0,129891 0,000067
всего 0,040213 0,000049
всей 0,248239 0,000043
всем 0,070407 0,000097
всеми 0,434924 0,000150
всемирную 2,167317 0,001121
всему 0,486076 0,000251
всех 0,060107 0,000104
вскорости 1,167317 0,000201
вскочив 1,565257 0,000270
вскочила 0,888564 0,000153
вскочит 1,565257 0,000540
вслух 0,533849 0,000092
всматривался 1,389166 0,000239
вспоминал 0,963197 0,000166
вставая 1,088136 0,000188
встретился 1,389166 0,000239
встречал 1,322219 0,000228
встречать 1,468347 0,000506
всыпав 2,167317 0,000374
всякую 0,866287 0,000149
втиснули 2,167317 0,000374
вторых 0,720159 0,000124
входил 1,053374 0,000182
вчера 0,341243 0,000059
въедет 2,167317 0,000374
въезжал 1,866287 0,000322
въезжают 2,167317 0,000374
въехал 1,690196 0,000291
выбегал 1,866287 0,000322
выбритым 1,866287 0,000322
выделывать 2,167317 0,000374
выдержал 0,888564 0,000153
выдержали 1,690196 0,000291
выдержку 2,167317 0,000374
выдрал 2,167317 0,000374
выдумали 1,468347 0,000253
выждав 1,866287 0,000322
выждал 1,866287 0,000322
выздоровеет 1,468347 0,000506
выказал 1,690196 0,000291
выкатившимися 2,167317 0,000374
выкинул 1,866287 0,000322
выкинуть 1,690196 0,000291
выкрикивал 1,322219 0,000228
выменял 2,167317 0,000374
выписала 1,565257 0,000270
выплаты 0,000000 0,000000
выплюнула 2,167317 0,000747
выплюнуть 2,167317 0,000374
выразил 1,167317 0,000201
выразила 1,565257 0,000270
высек 1,565257 0,000270
высокой 1,565257 0,000270
высохшею 2,167317 0,000374
выстрел 1,866287 0,000322
выстрелить 1,565257 0,000540
вытащил 1,167317 0,000201
вытянул 1,565257 0,000270
вытянулась 2,167317 0,000374
выходило 0,991226 0,000171
вышла 0,495219 0,000085
вышло 0,523865 0,000090
галдят 1,866287 0,000322
герценштубе 1,088136 0,000188
гимназию 1,565257 0,000270
главное 0,189594 0,000033
гладил 1,565257 0,000270
гладкого 2,167317 0,000374
глаз 0,554533 0,000096
глаза 0,129891 0,000090
глазами 0,403889 0,000070
глазах 0,459747 0,000079
глубоко 0,611015 0,000211
глупая 1,264227 0,000218
глупо 0,845098 0,000146
глупостей 1,565257 0,000270
глядели 1,213075 0,000418
гляди 1,565257 0,000270
глядит 0,866287 0,000149
глядишь 1,389166 0,000239
глядящие 2,167317 0,000374
глянул 1,389166 0,000239
глянцевито 2,167317 0,000374
гнетом 2,167317 0,000374
говорил 0,095435 0,000115
говорилось 1,389166 0,000239
говорит 0,189594 0,000327
говорить 0,162996 0,000028
говорю 0,203530 0,000140
говорят 0,309985 0,000053
говядинки 2,167317 0,000747
говядины 1,866287 0,000643
голову 0,227798 0,000079
головы 0,787106 0,000136
голос 0,533849 0,000184
голосе 0,963197 0,000166
голосков 2,167317 0,000374
голоском 1,213075 0,000627
голосок 1,468347 0,000253
голосом 0,396465 0,000205
гонор 2,167317 0,000374
гораздо 0,443041 0,000153
горделиво 2,167317 0,000374
горделивою 1,866287 0,000322
гордясь 2,167317 0,000747
горел 1,866287 0,000322
горестно 1,125925 0,000194
горестное 2,167317 0,000374
горестным 1,690196 0,000583
горит 1,264227 0,000218
город 0,523865 0,000090
городу 0,888564 0,000153
горьким 1,565257 0,000270
горьких 1,866287 0,000322
горьчайшее 2,167317 0,000374
горяча 2,167317 0,000747
горячего 1,322219 0,000228
горящие 1,690196 0,000291
господи 0,451314 0,000156
господин 0,514105 0,000177
госпоже 1,021189 0,000352
гостей 0,752344 0,000130
гости 0,769377 0,000133
гостинцев 1,565257 0,000270
гость 1,053374 0,000726
государство 1,866287 0,000322
готов 0,544068 0,000188
готовы 1,021189 0,000176
громко 0,504560 0,000261
губы 0,599116 0,000103
гуртовщик 2,167317 0,000374
гуртовщику 2,167317 0,000374
гусе 2,167317 0,000374
гусей 1,690196 0,001165
гусь 2,167317 0,001868
гусю 2,167317 0,000747
гуся 1,866287 0,002252
давай 1,053374 0,000363
давно 0,158717 0,000164
давя 2,167317 0,000374
даже 0,005949 0,000008
дали 0,635838 0,000110
дальше 0,002964 0,000001
дама 0,735954 0,000127
даме 1,213075 0,000209
даму 1,264227 0,000218
данные 0,000000 0,000000
дардан 2,167317 0,000374
дарданелов 1,866287 0,000322
дарданелова 1,866287 0,000322
дарит 1,866287 0,000322
даром 0,769377 0,000133
даст 0,963197 0,000166
дают 1,088136 0,000188
двадцать 0,411442 0,000142
дверей 1,053374 0,000363
дверь 0,367977 0,000127
двести 0,991226 0,000171
двигаться 1,866287 0,000322
двинулся 1,389166 0,000239
двинуться 1,866287 0,000322
действительно 0,106619 0,000074
делаем 1,690196 0,000291
делать 0,426955 0,000074
деликатного 2,167317 0,000374
дело 0,063514 0,000033
деловито 1,866287 0,000322
делу 0,468347 0,000081
день 0,162996 0,000056
деньги 0,280827 0,000097
деревни 1,468347 0,000253
держал 0,866287 0,000299
дерзкого 1,690196 0,000291
дернул 1,690196 0,000291
дескать 0,419129 0,000145
десятая 1,167317 0,000402
десять 0,374926 0,000065
детей 0,576253 0,000199
дети 0,662167 0,000114
диссонанс 1,866287 0,000322
длинные 1,213075 0,000209
длинным 1,322219 0,000228
длинными 1,213075 0,000209
добрый 0,824895 0,000142
довольно 0,129891 0,000022
догадался 0,752344 0,000259
догадке 1,866287 0,000322
доктор 0,735954 0,000888
доктора 0,936868 0,000323
долгожданный 2,167317 0,000374
должен 0,258832 0,000045
должна 0,824895 0,000142
дома 0,298086 0,000103
дороги 0,704919 0,000122
дорогого 1,565257 0,000270
дорогой 0,565257 0,000292
доселе 0,912045 0,000157
досталась 1,565257 0,000270
достигло 1,389166 0,000239
достоевский 0,000000 0,000000
достояние 0,000000 0,000000
дошел 0,787106 0,000136
драгоценного 1,468347 0,000253
дробь 1,866287 0,000643
дробью 1,866287 0,000322
друга 0,419129 0,000072
другим 0,533849 0,000092
другого 0,396465 0,000068
другое 0,309985 0,000107
другой 0,146128 0,000025
другом 0,477121 0,000329
другому 0,845098 0,000291
дружбу 1,125925 0,000194
дулом 2,167317 0,000374
думает 0,824895 0,000284
думал 0,258832 0,000134
думать 0,486076 0,000084
думаю 0,328468 0,000057
думая 0,963197 0,000166
дураку 2,167317 0,000374
дурачество 2,167317 0,000374
душе 0,514105 0,000089
душно 1,468347 0,000253
душу 0,451314 0,000078
дышит 1,565257 0,000270
единственно 0,477121 0,000164
единственным 1,322219 0,000228
ездил 0,866287 0,000149
если 0,011981 0,000029
естественные 1,690196 0,000291
есть 0,018098 0,000009
жалко 0,912045 0,000157
жаловаться 1,053374 0,000182
жару 1,167317 0,000201
ждавший 1,866287 0,000322
ждал 0,495219 0,000085
ждали 0,720159 0,000124
ждет 0,787106 0,000136
желал 0,611015 0,000105
железной 1,167317 0,000201
женился 0,888564 0,000306
жесты 1,468347 0,000253
жива 1,264227 0,000654
животным 2,167317 0,000374
жучка 1,690196 0,003788
жучке 1,866287 0,000643
жучки 2,167317 0,000374
жучку 1,690196 0,001457
забавлялась 1,866287 0,000322
забеглая 2,167317 0,000374
забежала 1,866287 0,000322
забыл 0,328468 0,000057
забыли 1,088136 0,000188
заведены 2,167317 0,000747
завертелся 2,167317 0,000374
завидевший 2,167317 0,000374
завизжала 1,866287 0,000322
заволновался 1,866287 0,000322
завопил 0,787106 0,000271
завтра 0,298086 0,000051
загалдели 1,866287 0,000322
заговаривал 1,322219 0,000228
загорелся 1,565257 0,000270
заготовили 2,167317 0,000374
задворках 2,167317 0,000374
задние 2,167317 0,000374
задрожало 1,866287 0,000322
задумываться 1,565257 0,000270
задыхаться 2,167317 0,000747
задыхаясь 1,021189 0,000176
зажгли 1,866287 0,000643
зазевался 2,167317 0,000374
зайти 0,936868 0,000162
заказанного 2,167317 0,000374
закивал 2,167317 0,000374
закончил 1,125925 0,000194
закричали 1,322219 0,000228
закуски 1,690196 0,000291
залепетал 1,468347 0,000253
заливчатым 2,167317 0,000374
замер 1,565257 0,000270
заметил 0,154480 0,000133
заметить 0,635838 0,000219
замирая 1,167317 0,000201
замок 1,088136 0,000188
замученной 2,167317 0,000374
заплакать 1,389166 0,000718
заранее 0,576253 0,000099
заревел 1,565257 0,000270
зарядом 2,167317 0,000374
заслонили 2,167317 0,000374
засмеялась 0,866287 0,000149
засмеялся 0,495219 0,000085
заспешил 1,690196 0,000291
застенчивый 2,167317 0,000374
затащил 1,866287 0,000322
затем 0,237898 0,000041
зато 0,468347 0,000242
затосковала 2,167317 0,000374
затравку 2,167317 0,000374
захватили 1,565257 0,000270
захворал 1,866287 0,000322
захотел 0,787106 0,000136
зачем 0,146128 0,000050
зашел 0,912045 0,000157
защелкал 2,167317 0,000374
защитником 1,690196 0,000291
звать 0,991226 0,000171
звонким 1,565257 0,000540
здесь 0,095435 0,000132
здешний 1,053374 0,000182
здоровье 0,824895 0,000142
зеленый 1,468347 0,000253
зерно 1,468347 0,000253
злых 1,468347 0,000253
злющего 2,167317 0,000374
злющие 2,167317 0,000374
знавший 1,565257 0,000270
знает 0,171682 0,000266
знаете 0,286504 0,000148
знайте 0,866287 0,000149
знакомой 1,690196 0,000291
знал 0,114239 0,000039
знаменитостью 2,167317 0,000374
знание 1,468347 0,000253
значит 0,243038 0,000209
знаю 0,095435 0,000082
зная 0,623249 0,000107
зубрю 2,167317 0,000374
ивановна 0,486076 0,000168
ивановны 0,554533 0,000191
играть 0,936868 0,000162
игрушку 1,690196 0,000583
игры 1,167317 0,000201
избу 1,125925 0,000194
известно 0,334808 0,000058
известного 1,264227 0,000218
изволили 0,845098 0,000146
изволите 1,088136 0,000188
изменю 1,866287 0,000322
изобразило 1,866287 0,000322
изредка 0,888564 0,000306
изучение 1,565257 0,000270
изучения 2,167317 0,000374
иллюс 2,167317 0,000374
илюша 1,213075 0,005019
илюше 1,690196 0,004079
илюшей 1,468347 0,000759
илюшечка 1,389166 0,002395
илюшечки 1,468347 0,001266
илюшечку 1,565257 0,000809
илюши 1,565257 0,002698
илюшина 1,866287 0,000322
илюшиной 1,690196 0,000583
илюшу 1,468347 0,001012
имел 0,347773 0,000060
именно 0,066947 0,000046
интересом 1,565257 0,000270
иных 0,704919 0,000122
искать 0,769377 0,000133
искусство 1,866287 0,000322
исполнено 1,690196 0,000291
исполнил 1,088136 0,000188
использоваться 0,000000 0,000000
испугались 1,389166 0,000239
испугом 1,468347 0,000253
исторических 1,866287 0,000322
историю 0,845098 0,000437
источник 0,000000 0,000000
исчезнувшей 2,167317 0,000374
кажется 0,118099 0,000041
какая 0,194189 0,000033
какие 0,232819 0,000080
каким 0,194189 0,000067
какого 0,347773 0,000060
какой 0,095435 0,000016
каком 0,381987 0,000066
какую 0,419129 0,000072
каменной 2,167317 0,000374
капитан 0,991226 0,003759
капитана 1,053374 0,000908
капитаном 1,322219 0,000228
капитанское 2,167317 0,000374
капитану 1,690196 0,000291
капитаншу 1,866287 0,000322
карамазов 0,587534 0,000405
карамазову 1,088136 0,000188
карамазовы 0,180546 0,000124
карета 1,690196 0,000291
карташов 1,866287 0,000643
катать 2,167317 0,000747
катерина 0,735954 0,000254
катерины 0,752344 0,000259
квартире 1,167317 0,000201
квартиру 0,805589 0,000139
кивнул 1,053374 0,000182
кинулся 1,213075 0,000209
кирпичу 2,167317 0,000374
классах 1,690196 0,000291
классе 1,213075 0,000209
классик 2,167317 0,000374
классики 2,167317 0,000374
классиков 2,167317 0,000747
классицизм 1,866287 0,000322
классические 2,167317 0,001121
классу 2,167317 0,000374
классы 1,866287 0,000322
клюет 2,167317 0,000374
книга 0,176091 0,000061
книгами 1,565257 0,000540
книги 0,000000 0,000000
книжке 2,167317 0,000374
книжку 1,389166 0,000239
коверкался 2,167317 0,000747
когда 0,015029 0,000041
кого 0,222835 0,000077
кожа 2,167317 0,000374
козырьком 1,866287 0,000322
колбасников 2,167317 0,001494
коле 1,021189 0,000528
колей 1,322219 0,000228
коленях 0,912045 0,000314
колесках 1,866287 0,000322
колесо 2,167317 0,000747
колесом 2,167317 0,000374
коли 0,269690 0,000232
колю 0,805589 0,000972
коля 0,565257 0,004093
комаров 0,000000 0,000000
комнате 0,389166 0,000335
комнату 0,468347 0,000242
комнаты 0,443041 0,000076
конец 0,495219 0,000085
конечно 0,060107 0,000041
конфузился 1,866287 0,000322
кончил 0,587534 0,000101
кончить 1,053374 0,000182
копошился 2,167317 0,000374
кормили 1,690196 0,000291
корчил 2,167317 0,000374
косматой 2,167317 0,000374
котиковой 2,167317 0,000374
котиковым 2,167317 0,000374
которая 0,361137 0,000062
которого 0,198834 0,000034
которой 0,213075 0,000110
котором 0,347773 0,000120
которых 0,426955 0,000074
крак 2,167317 0,000374
красной 1,565257 0,000270
красоткин 1,213075 0,002928
красоткина 1,565257 0,000809
красоткину 1,389166 0,000718
красоткиным 1,690196 0,000874
кресел 1,088136 0,000188
кресле 1,088136 0,000188
кривой 2,167317 0,000374
крики 1,125925 0,000194
крикну 1,690196 0,000291
крикнул 0,381987 0,000461
кричат 1,213075 0,000209
кричи 1,468347 0,000253
кричит 0,805589 0,000139
кроватке 2,167317 0,000747
кроватью 1,468347 0,000253
кроме 0,158717 0,000027
кроткая 1,690196 0,000291
крошечного 2,167317 0,000374
круглая 2,167317 0,000374
куда 0,248239 0,000043
курс 1,322219 0,000228
курсы 2,167317 0,000374
куском 2,167317 0,000747
кусок 1,264227 0,000654
кусочек 1,690196 0,000583
кусочка 2,167317 0,000374
кушанье 1,565257 0,000270
лавку 1,213075 0,000209
ладонью 1,389166 0,000479
ладошки 1,565257 0,000270
лакомый 2,167317 0,000374
лапками 2,167317 0,000374
лапы 1,866287 0,000322
ласково 0,936868 0,000162
латинскому 2,167317 0,000747
латынь 2,167317 0,000747
лбом 1,264227 0,000218
левое 1,866287 0,000322
лежал 0,648803 0,000112
лежали 1,021189 0,000176
лежало 1,565257 0,000270
лежащего 1,565257 0,000270
лекарствами 2,167317 0,000374
лету 1,389166 0,000239
либо 0,000000 0,000000
лисил 2,167317 0,000374
литература 0,000000 0,000000
лихорадочном 1,690196 0,000291
лицо 0,114239 0,000059
лицом 0,000000 0,000000
лицу 0,587534 0,000101
личико 1,264227 0,000436
лишь 0,185046 0,000064
лохматая 1,690196 0,000291
лучше 0,162996 0,000112
льстиво 2,167317 0,000374
любил 0,374926 0,000065
любила 0,845098 0,000146
любит 0,389166 0,000067
люблю 0,347773 0,000060
любым 0,000000 0,000000
любят 0,752344 0,000130
людей 0,298086 0,000051
магомета 1,866287 0,000322
маленькая 0,866287 0,000299
маленький 0,662167 0,000114
маленьких 1,167317 0,000201
маленького 0,963197 0,000332
маленькую 1,021189 0,000528
мало 0,208276 0,000108
мальчик 0,495219 0,001195
мальчика 0,648803 0,000559
мальчике 1,565257 0,000270
мальчики 1,167317 0,002012
мальчиков 1,264227 0,000872
мальчику 1,125925 0,000194
мама 1,264227 0,000218
маме 1,468347 0,000253
маменька 0,936868 0,001292
маменьке 1,866287 0,000643
мамочка 1,690196 0,001165
мамочку 1,866287 0,000643
манером 1,264227 0,000218
маня 1,866287 0,000322
мастерить 2,167317 0,000374
математику 2,167317 0,000374
матери 0,451314 0,000078
мгновение 0,396465 0,000068
медвежьей 2,167317 0,000374
меделянский 2,167317 0,000374
меделянского 1,690196 0,000291
меделянскую 2,167317 0,000374
между 0,129891 0,000090
мельком 0,912045 0,000314
меня 0,027438 0,000066
мера 1,866287 0,000322
места 0,389166 0,000067
месте 0,286504 0,000049
место 0,334808 0,000115
месяц 0,451314 0,000078
месяца 0,477121 0,000082
мечта 0,963197 0,000166
мечтать 1,322219 0,000228
мешка 2,167317 0,000374
мигнул 1,565257 0,000270
мигом 0,504560 0,000348
милости 1,167317 0,000201
милый 0,477121 0,000164
минута 0,888564 0,000153
минутку 0,704919 0,000365
минуту 0,084532 0,000058
минуты 0,322219 0,000056
мировой 1,690196 0,000583
мировому 1,866287 0,000643
михайловых 2,167317 0,000374
мнение 0,690196 0,000238
мнения 0,936868 0,000162
мнительный 1,866287 0,000322
многочисленной 2,167317 0,000374
мной 0,237898 0,000123
могла 0,286504 0,000049
могли 0,374926 0,000065
могло 0,403889 0,000070
могу 0,171682 0,000059
могут 0,495219 0,000085
моему 0,354404 0,000061
может 0,000000 0,000000
можно 0,088136 0,000091
молодец 1,322219 0,000684
молодого 0,752344 0,000130
молодой 0,381987 0,000066
молчавшая 1,565257 0,000270
молчал 0,565257 0,000292
молчаливее 1,690196 0,000291
молчаливый 1,213075 0,000209
молчаливым 1,690196 0,000291
молчание 0,912045 0,000157
молчит 0,991226 0,000171
молящим 1,468347 0,000253
момента 0,000000 0,000000
морозов 2,167317 0,000374
морозова 1,866287 0,000322
москве 0,690196 0,000238
москвы 0,888564 0,000306
мочалке 1,690196 0,000291
мужик 0,888564 0,000153
мужики 1,322219 0,000228
мучился 1,053374 0,000182
мучительно 1,021189 0,000176
мысли 0,316059 0,000054
мысль 0,264227 0,000046
мякоть 2,167317 0,000747
набравшейся 1,866287 0,000322
навестить 1,213075 0,000209
навстречу 1,125925 0,000194
наглядел 1,866287 0,000322
нагнувшись 1,468347 0,000253
нагнулся 1,053374 0,000182
надеждой 1,389166 0,000239
надеюсь 0,912045 0,000157
надменно 1,468347 0,000253
надо 0,036984 0,000051
надоедали 2,167317 0,000374
надорванным 2,167317 0,000374
надрезано 2,167317 0,000374
надрывом 1,690196 0,000291
надтреснутым 1,690196 0,000291
назад 0,000000 0,000000
название 0,000000 0,000000
назидание 1,866287 0,000322
называется 1,053374 0,000182
найдет 1,389166 0,000239
найти 0,000000 0,000000
накануне 0,662167 0,000114
наконец 0,073896 0,000051
намазывал 2,167317 0,000374
намекнул 1,565257 0,000270
намеревался 1,468347 0,000253
намерение 0,888564 0,000153
написано 0,000000 0,000000
наполнило 1,866287 0,000322
направить 1,866287 0,000322
направлять 2,167317 0,000374
например 0,298086 0,000051
напустила 2,167317 0,000374
народ 0,735954 0,000127
народа 1,053374 0,000363
народом 1,264227 0,000218
нарочно 0,227798 0,000275
наскоро 0,888564 0,000153
наслаждаться 2,167317 0,000374
наслаждением 1,088136 0,000188
настаивая 1,690196 0,000291
настоятельно 0,991226 0,000171
настоящего 1,167317 0,000201
настоящий 1,021189 0,000528
настоящую 1,021189 0,000176
настроении 0,991226 0,000171
насчет 0,354404 0,000061
наука 0,000000 0,000000
наукам 1,690196 0,000291
наустил 1,866287 0,000322
научения 2,167317 0,000374
научил 1,322219 0,000456
нахмурился 0,991226 0,000171
находится 1,167317 0,000201
национальности 1,866287 0,000322
начал 0,137934 0,000071
начала 0,381987 0,000198
начали 0,735954 0,000127
начало 1,053374 0,000182
началось 1,053374 0,000182
начальства 1,322219 0,000228
начальству 1,167317 0,000402
начать 0,720159 0,000124
начинал 0,662167 0,000228
начинали 1,389166 0,000239
начнет 0,963197 0,000166
нашел 0,648803 0,000224
наши 0,544068 0,000094
небрежно 1,468347 0,000506
небрежный 1,866287 0,000322
невеста 1,264227 0,000218
невольным 1,866287 0,000322
него 0,000000 0,000000
недели 0,565257 0,000292
неделю 0,662167 0,000114
недовольна 1,690196 0,000291
недолго 1,053374 0,000182
недоставало 1,264227 0,000218
недоумением 1,088136 0,000188
нежная 1,468347 0,000253
нежнее 1,468347 0,000506
нежностей 1,565257 0,000270
нежности 1,565257 0,000270
нежную 1,866287 0,000322
неистово 1,213075 0,000209
некотором 1,021189 0,000176
некоторые 0,533849 0,000092
немедленно 0,554533 0,000382
немного 0,426955 0,000074
нему 0,080958 0,000070
необыкновенно 0,805589 0,000139
неожиданно 0,523865 0,000090
неотвязно 1,866287 0,000322
неподвижно 0,936868 0,000323
непостижимом 2,167317 0,000374
непременно 0,133894 0,000023
непременное 1,690196 0,000291
неприметно 1,565257 0,000270
неприятно 1,213075 0,000209
неряха 2,167317 0,000374
несколько 0,102859 0,000035
несмотря 0,275223 0,000047
несут 1,565257 0,000270
несчастной 1,565257 0,000270
несчастный 0,824895 0,000142
нетерпеливым 1,565257 0,000270
неудержимо 1,167317 0,000201
неужели 0,389166 0,000268
неужто 0,599116 0,000207
нефедов 2,167317 0,000374
нечаянно 0,752344 0,000259
нечто 0,389166 0,000134
нибудь 0,030597 0,000042
ниже 0,912045 0,000157
никакого 0,403889 0,000070
никем 1,690196 0,000291
никогда 0,088136 0,000046
никого 0,411442 0,000142
николаевны 2,167317 0,000374
никому 0,504560 0,000087
никто 0,185046 0,000032
ниночка 1,468347 0,000759
ниночке 2,167317 0,000374
нитку 1,565257 0,000270
ничего 0,030597 0,000042
ничтожная 1,468347 0,000253
ничья 2,167317 0,000747
новая 0,787106 0,000271
нового 0,735954 0,000127
новую 0,752344 0,000130
новый 0,648803 0,000112
ногах 0,866287 0,000149
ножиком 1,565257 0,000270
ножкой 1,565257 0,000270
носе 2,167317 0,000374
носить 1,213075 0,000209
носу 1,468347 0,000506
нужным 0,936868 0,000162
обезумел 1,690196 0,000291
обеими 0,787106 0,000136
обеих 0,866287 0,000149
обеспокоит 1,690196 0,000291
обессилел 1,866287 0,000322
обещался 1,468347 0,000253
обиделся 1,264227 0,000218
обижают 1,866287 0,000322
обитало 2,167317 0,000374
облегчение 1,866287 0,000322
облизал 2,167317 0,000374
обмеривать 2,167317 0,000374
обнимать 1,389166 0,000239
обнял 1,088136 0,000188
ободрился 1,468347 0,000253
ободряя 1,866287 0,000322
оборачиваясь 1,468347 0,000253
оборвал 1,264227 0,000218
оборониться 2,167317 0,000374
оборотился 1,322219 0,000228
образов 1,866287 0,000322
образом 0,347773 0,000060
обратился 0,443041 0,000458
обращаюсь 1,690196 0,000291
обращаясь 0,675956 0,000117
обстоятельствах 1,322219 0,000228
обученного 2,167317 0,000374
обучить 2,167317 0,000374
обхватил 1,322219 0,000228
общая 1,389166 0,000718
общем 1,264227 0,000218
обществе 0,675956 0,000117
общественное 0,000000 0,000000
объявил 0,599116 0,000207
обыкновению 0,936868 0,000162
обыкновенно 0,720159 0,000124
овес 2,167317 0,000374
овсом 2,167317 0,000747
оглядел 1,021189 0,000176
огрел 2,167317 0,000374
огромное 1,322219 0,000228
огромные 1,565257 0,000270
огромный 1,213075 0,000418
один 0,046743 0,000105
одиннадцати 1,021189 0,000176
однако 0,102859 0,000053
одно 0,099131 0,000017
одного 0,150284 0,000104
одной 0,243038 0,000084
одному 0,334808 0,000058
одну 0,232819 0,000120
ожиданное 1,866287 0,000322
озлился 1,389166 0,000239
около 0,443041 0,000305
опасаясь 1,468347 0,000506
опешив 2,167317 0,000374
оправляет 2,167317 0,000374
оправлять 1,690196 0,000291
опубликовано 0,000000 0,000000
опять 0,027438 0,000066
орден 1,866287 0,000322
орешков 2,167317 0,000374
осведомился 0,888564 0,000306
осел 1,468347 0,000506
оскудевала 2,167317 0,000374
ослы 2,167317 0,000374
осмеливается 1,690196 0,000291
основал 1,565257 0,001619
основали 1,866287 0,000643
основание 1,389166 0,000239
основании 1,264227 0,000218
основателях 1,866287 0,000322
основать 1,866287 0,000322
основную 1,690196 0,000291
особенно 0,129891 0,000090
оставлены 1,690196 0,000291
осталась 0,866287 0,000299
остальное 0,963197 0,000166
остановился 0,419129 0,000217
отвел 1,264227 0,000218
отвергаю 1,866287 0,000322
отвернулся 1,088136 0,000188
ответил 0,237898 0,000123
отвечала 1,322219 0,000228
отвечаю 1,213075 0,000418
отвори 1,690196 0,000291
отворил 0,824895 0,000284
отдал 0,866287 0,000149
отдаленно 1,565257 0,000270
отдать 0,752344 0,000259
отец 0,316059 0,000381
отказом 1,866287 0,000322
открыли 1,468347 0,000253
открыть 1,021189 0,000176
отложить 1,389166 0,000239
отнюдь 0,824895 0,000427
отозвался 1,088136 0,001125
отправилась 1,322219 0,000228
отправиться 1,125925 0,000194
отрезал 0,824895 0,000284
отрицать 1,468347 0,000253
отставного 1,389166 0,000239
отстали 2,167317 0,000374
отстоял 1,866287 0,000643
оттого 0,675956 0,000233
отупления 2,167317 0,000374
отупляют 2,167317 0,000374
отца 0,222835 0,000038
отчаянно 2,167317 0,000374
отчаянный 1,565257 0,000270
отчего 0,554533 0,000096
отчеканил 1,468347 0,000506
отыскал 1,389166 0,000239
отыскать 1,167317 0,000201
оформление 0,000000 0,000000
охотник 1,322219 0,000228
очаровать 2,167317 0,000374
оченно 1,322219 0,000228
очень 0,024303 0,000050
палец 0,991226 0,000171
пальцами 0,866287 0,000149
пальчиками 1,866287 0,000322
папа 1,021189 0,000528
папина 2,167317 0,000374
парень 1,167317 0,001006
парню 2,167317 0,000747
пассаж 1,866287 0,000322
пациент 1,565257 0,000270
пачкал 1,866287 0,000322
первой 0,720159 0,000124
первый 0,248239 0,000214
первых 0,367977 0,000063
переведенных 2,167317 0,000374
переведены 2,167317 0,000374
переводились 1,565257 0,000270
перед 0,554533 0,000096
передав 1,690196 0,000291
передавить 2,167317 0,000374
передал 0,690196 0,000119
передернулось 1,866287 0,000322
переехало 2,167317 0,000374
пережду 2,167317 0,000374
перезвон 1,468347 0,003797
перезвона 1,565257 0,001079
перезвоном 1,866287 0,000965
перезвону 1,866287 0,000643
перекосилось 1,565257 0,000270
перекричать 1,565257 0,000270
перелетел 2,167317 0,000374
переменилась 1,690196 0,000291
перемену 1,468347 0,000253
перережет 2,167317 0,000747
перестал 0,675956 0,000117
перестанет 1,690196 0,000291
перестань 1,468347 0,000253
перешло 0,000000 0,000000
петербург 0,662167 0,000114
пиль 2,167317 0,000374
пить 0,888564 0,000153
плакал 0,824895 0,000142
плакалась 2,167317 0,000374
плакать 0,866287 0,000149
плачем 1,468347 0,000253
плеч 1,389166 0,000239
плечи 0,991226 0,000171
плотниковых 1,389166 0,000239
площади 1,021189 0,000176
победоносно 1,866287 0,000322
поблагодарил 1,565257 0,000270
побледнев 1,389166 0,000239
побледнел 0,704919 0,000122
поближе 1,565257 0,000270
побороть 1,690196 0,000583
повернувшись 1,213075 0,000209
повернулись 1,866287 0,000322
повернулся 0,587534 0,000203
повторил 0,752344 0,000130
погибели 1,565257 0,000270
погибшей 1,866287 0,000322
поглядел 0,554533 0,000096
поглядеть 1,088136 0,000188
подав 2,167317 0,000374
подавленный 1,866287 0,000322
подал 0,752344 0,000130
подарил 1,264227 0,000218
подарили 1,565257 0,000270
подарите 1,690196 0,000583
подарить 1,690196 0,000291
подарку 2,167317 0,000374
подарок 1,322219 0,000228
подарят 2,167317 0,000747
подаяние 1,389166 0,000239
подборка 0,000000 0,000000
подбородком 1,866287 0,000322
подзывала 1,866287 0,000322
подкузьмил 2,167317 0,000374
подле 0,419129 0,000072
подлость 1,264227 0,000654
поднял 0,504560 0,000174
поднялся 0,635838 0,000110
подобострастно 1,565257 0,000270
подобралась 2,167317 0,000374
подождал 1,264227 0,000218
подозревавший 2,167317 0,000374
подошел 0,514105 0,000089
подражал 2,167317 0,000374
подрастет 1,866287 0,000322
подробнее 1,167317 0,000201
подскочил 1,125925 0,000776
подсоблял 2,167317 0,000374
подушку 0,912045 0,000157
подхватил 0,533849 0,000276
подход 1,866287 0,000322
подъехала 1,866287 0,000322
подымется 1,690196 0,000291
поездом 1,322219 0,000228
пожаловал 1,125925 0,000194
пожалуйте 1,264227 0,000436
пожелтевшее 2,167317 0,000374
поживаешь 2,167317 0,000374
позвать 1,322219 0,000228
позволении 2,167317 0,000374
позволите 1,213075 0,000209
позволять 1,690196 0,000291
познакомилась 1,866287 0,000322
познаниями 1,468347 0,000506
поиграть 1,690196 0,000291
пойдем 0,912045 0,000157
пойдет 0,720159 0,000372
поймав 1,565257 0,000270
пойти 0,675956 0,000117
покажет 1,468347 0,000253
показал 0,769377 0,000133
показалось 0,495219 0,000171
показать 0,720159 0,000248
показывает 1,213075 0,000209
показывал 1,125925 0,000388
показывать 1,021189 0,000176
поклон 0,936868 0,000162
поклоном 1,389166 0,000239
покончилось 2,167317 0,000374
покраснел 0,675956 0,000350
покупать 1,565257 0,000270
полицейская 2,167317 0,000374
полицейских 2,167317 0,000374
полное 0,845098 0,000291
полноте 0,866287 0,000149
полным 1,088136 0,000375
положили 1,088136 0,000188
положить 1,167317 0,000201
полотно 1,690196 0,000291
полоумная 1,690196 0,000291
полоумную 2,167317 0,000374
полу 0,735954 0,000127
полчаса 0,824895 0,000142
полюбила 1,468347 0,000253
помадной 2,167317 0,000374
помалу 0,675956 0,000233
померла 1,322219 0,000228
помилуйте 0,824895 0,000142
помирил 2,167317 0,000374
помириться 1,264227 0,000218
помнишь 0,845098 0,000291
помолчали 1,264227 0,000218
помощи 1,088136 0,000188
понадобилась 1,690196 0,000291
понимал 0,554533 0,000096
понимать 0,690196 0,000238
понимая 0,787106 0,000136
понравилась 0,991226 0,000342
понравились 1,322219 0,000684
понравилось 0,936868 0,000162
понравился 1,053374 0,000182
понял 0,396465 0,000068
пообещались 2,167317 0,000374
попал 0,824895 0,000142
пополам 1,565257 0,000270
попросил 0,635838 0,000110
попросила 1,389166 0,000479
пораженный 0,888564 0,000153
поразила 0,963197 0,000166
порог 1,389166 0,000239
порох 1,389166 0,001916
порохом 1,565257 0,000270
пороху 1,565257 0,000809
порошинки 2,167317 0,000374
пору 1,468347 0,000253
поручив 1,866287 0,000322
порцию 2,167317 0,000374
посадить 1,264227 0,000218
посетила 1,690196 0,000291
посетителей 0,000000 0,000000
посетители 0,000000 0,000000
посещений 1,866287 0,000322
посещения 1,088136 0,000188
поскорей 0,769377 0,000133
послал 0,720159 0,000124
после 0,084532 0,000044
последнего 0,635838 0,000329
последней 0,623249 0,000107
последние 0,533849 0,000092
последствиям 1,866287 0,000322
послушался 1,866287 0,000322
посмертно 0,000000 0,000000
посмотрел 0,459747 0,000238
посмотреть 0,704919 0,000243
посмотри 1,125925 0,000194
посмотрите 0,888564 0,000306
поспешил 0,845098 0,000146
поставили 1,322219 0,000228
постели 0,787106 0,000271
постель 0,936868 0,000323
постельке 1,866287 0,000643
постельки 1,565257 0,001889
постелькой 1,866287 0,000322
постельку 1,866287 0,000965
постоянно 0,824895 0,000142
поступать 1,468347 0,000253
поступок 0,912045 0,000157
потерявшись 1,468347 0,000253
потерял 0,866287 0,000149
потихоньку 0,912045 0,000157
потом 0,084532 0,000073
потому 0,024303 0,000038
потянулись 1,866287 0,000322
похвала 2,167317 0,000374
похвалы 1,690196 0,000291
похудевшее 2,167317 0,000374
поцелую 1,389166 0,000239
почему 0,099131 0,000051
почти 0,024303 0,000021
пошел 0,275223 0,000047
появился 1,021189 0,000176
появление 1,125925 0,000194
пояснял 2,167317 0,000374
правда 0,162996 0,000056
право 0,361137 0,000062
правою 1,264227 0,000218
пред 0,033778 0,000029
предметам 2,167317 0,000374
предсказанию 2,167317 0,000374
представлял 1,389166 0,000479
представлять 1,468347 0,000253
предуведомлен 2,167317 0,000374
предчувствия 1,322219 0,000228
прежде 0,077412 0,000027
прежнего 0,824895 0,000142
прежнему 0,587534 0,000101
прежнею 1,322219 0,000228
прежний 1,021189 0,000176
прежних 0,991226 0,000171
презирает 1,125925 0,000194
презираю 1,565257 0,000270
презирая 1,690196 0,000291
презрительно 0,866287 0,000149
презрительным 1,468347 0,000506
преподаватель 2,167317 0,000374
пресекся 1,389166 0,000239
прибавил 0,275223 0,000095
прибыл 1,213075 0,000209
прибытии 1,389166 0,000479
прибыть 1,389166 0,000239
приведет 1,565257 0,000270
привел 0,991226 0,000513
привесть 1,690196 0,000291
пригласила 1,389166 0,000239
приглашению 1,389166 0,000239
пригнали 2,167317 0,000374
приготовившись 1,690196 0,000291
приготовил 1,167317 0,000402
приготовляясь 1,565257 0,000270
приданого 1,565257 0,000270
придаю 2,167317 0,000374
придет 0,514105 0,000089
придется 0,991226 0,000171
приду 0,675956 0,000233
приезжают 1,690196 0,000291
приезжего 2,167317 0,000374
приехал 0,554533 0,000096
прижался 1,866287 0,000322
прижизненно 0,000000 0,000000
прижилась 2,167317 0,000374
прийти 0,662167 0,000228
прикидывается 2,167317 0,000374
прилежно 2,167317 0,000374
приличий 1,866287 0,000322
приметам 2,167317 0,000374
приметы 1,690196 0,000291
принадлежавшая 2,167317 0,000374
принес 0,805589 0,000278
принесенного 2,167317 0,000374
принесло 2,167317 0,000374
принесу 1,213075 0,000209
принимал 1,088136 0,000188
принималась 1,565257 0,000270
принимая 1,167317 0,000201
принял 0,565257 0,000097
принялась 1,264227 0,000872
приподнял 1,468347 0,000253
приподнялся 1,264227 0,000436
присел 1,389166 0,000718
прислонившись 2,167317 0,000374
пристально 0,389166 0,000268
присядьте 1,690196 0,000291
притихла 2,167317 0,000374
приходивших 1,565257 0,000270
приходили 0,936868 0,000162
пришедший 1,690196 0,000291
пришел 0,322219 0,000056
пришли 0,704919 0,000122
пришлось 0,769377 0,000265
приятна 2,167317 0,000374
приятное 1,264227 0,000218
пробормотал 0,334808 0,000058
проведет 2,167317 0,000374
провел 1,053374 0,000182
проглотившая 2,167317 0,000374
проглотила 1,690196 0,000874
проговорил 0,154480 0,000107
проговорила 0,533849 0,000092
проговорить 1,389166 0,000239
программирование 0,000000 0,000000
продолжал 0,292256 0,000101
продолжала 0,720159 0,000124
продолжая 1,021189 0,000176
проекте 1,690196 0,000291
проекты 1,690196 0,000291
прозвенел 2,167317 0,000374
произведение 0,000000 0,000000
произведений 0,000000 0,000000
произведения 0,000000 0,000000
произведенный 2,167317 0,000374
произвел 1,088136 0,000188
произнес 0,361137 0,000062
произнесла 0,936868 0,000162
произошел 0,888564 0,000306
произошло 0,495219 0,000171
пройдет 1,021189 0,000176
проклятый 1,021189 0,000176
прокричал 0,720159 0,000372
пролежали 1,866287 0,000322
пролепетал 1,053374 0,000545
проникнуть 1,468347 0,000253
пропавшую 2,167317 0,000374
пропала 1,322219 0,000456
пропасть 1,690196 0,000291
просим 1,322219 0,000228
просит 0,866287 0,000149
просить 0,504560 0,000087
прославился 1,866287 0,000322
проста 2,167317 0,000374
простодушнейшим 2,167317 0,000747
простоять 1,690196 0,000291
простую 1,866287 0,000322
просьбу 1,322219 0,000228
протереть 2,167317 0,000747
протянувшей 2,167317 0,000374
протянул 0,675956 0,000117
протянулся 1,690196 0,000291
проч 0,662167 0,000228
прочесть 1,088136 0,000188
прочие 1,322219 0,000228
прошло 0,000000 0,000000
прощаться 1,565257 0,000270
прощаясь 1,322219 0,000228
прыгай 1,866287 0,000322
прыгать 1,866287 0,000322
прямо 0,118099 0,000061
пряничков 1,866287 0,000322
публика 1,322219 0,000228
публикации 0,000000 0,000000
публики 1,213075 0,000209
публично 1,213075 0,000209
пунцовым 2,167317 0,000374
пускались 1,866287 0,000322
пускают 1,690196 0,000874
пустое 1,468347 0,000253
пустым 1,866287 0,000643
пусть 0,253503 0,000175
пустяки 1,213075 0,000209
пушечка 2,167317 0,000747
пушечку 1,690196 0,002040
пушку 1,866287 0,000643
пуще 0,599116 0,000103
равно 0,303994 0,000052
радости 0,635838 0,000219
радостно 0,888564 0,000306
радостью 0,991226 0,000171
раза 0,426955 0,000147
развернул 1,053374 0,000182
развешанное 2,167317 0,000374
развитие 1,264227 0,000218
развлекать 2,167317 0,000747
развлечешься 2,167317 0,000374
развлечь 1,690196 0,000291
разводя 1,866287 0,000322
развязно 1,565257 0,000540
развязности 1,690196 0,000291
разглядывал 1,468347 0,000253
разговор 0,434924 0,000075
разгоревшимся 2,167317 0,000374
раздалось 1,565257 0,000270
раздался 0,805589 0,000139
раздражился 1,866287 0,000322
разнеслось 1,866287 0,000322
разных 0,866287 0,000149
разом 0,389166 0,000201
разрешения 0,000000 0,000000
разузнав 2,167317 0,000374
разумеется 0,328468 0,000170
разыскал 1,565257 0,001079
раннее 1,468347 0,000253
раскрытым 2,167317 0,000374
расплакалась 1,468347 0,000253
распорядился 1,264227 0,000218
рассердился 1,021189 0,000176
расскажу 0,912045 0,000157
рассказ 0,866287 0,000149
рассказа 0,845098 0,000146
рассказал 0,587534 0,000304
рассказы 1,565257 0,000270
рассказывал 0,554533 0,000096
рассказывали 0,936868 0,000323
рассказывая 1,264227 0,000218
рассматривали 1,866287 0,000322
расступились 2,167317 0,000374
рассыльным 2,167317 0,000374
растаял 2,167317 0,000374
расхохоталась 1,322219 0,000228
расчет 0,991226 0,000171
рванулся 1,565257 0,000270
ревет 1,690196 0,000583
резал 2,167317 0,000374
резким 1,866287 0,000322
резко 0,648803 0,000224
репутацию 1,468347 0,000253
решался 1,213075 0,000209
решил 0,514105 0,000089
решился 0,554533 0,000096
решительно 0,341243 0,000235
решительными 1,690196 0,000291
робко 0,787106 0,000136
родившегося 2,167317 0,000374
родители 1,167317 0,000201
родственник 1,125925 0,000194
розового 2,167317 0,000374
ростом 1,213075 0,000209
ртом 2,167317 0,000374
рублей 0,367977 0,000127
рубль 1,389166 0,000239
рука 1,053374 0,000182
руками 0,280827 0,000097
руке 0,735954 0,000127
руки 0,167317 0,000029
рукой 0,486076 0,000084
руку 0,222835 0,000154
румянца 1,866287 0,000322
русская 0,000000 0,000000
ручки 1,213075 0,000209
ручкой 1,565257 0,000270
ручку 0,888564 0,000153
рыданий 1,468347 0,000253
рыдать 1,468347 0,000253
рыловорот 2,167317 0,000374
ряда 1,565257 0,000270
сажа 2,167317 0,000374
сайте 0,000000 0,000000
сама 0,208276 0,000036
самая 0,599116 0,000310
сами 0,142011 0,000024
самого 0,118099 0,000163
самое 0,167317 0,000144
самолюбиво 2,167317 0,000374
самолюбивому 1,866287 0,000322
самую 0,459747 0,000238
самые 0,381987 0,000132
самый 0,198834 0,000103
самым 0,280827 0,000242
самых 0,468347 0,000081
сбиваться 2,167317 0,000374
сбил 1,866287 0,000322
сбили 1,866287 0,000965
сбоку 0,912045 0,000157
сбросил 1,565257 0,000270
свел 1,565257 0,000540
свет 0,468347 0,000081
светских 1,322219 0,000228
свидетели 0,991226 0,000171
свистну 1,866287 0,000322
свистнул 1,565257 0,000270
свистульку 1,866287 0,000322
свободно 0,000000 0,000000
свое 0,150284 0,000052
своего 0,091770 0,000032
своей 0,066947 0,000046
своем 0,198834 0,000069
своею 0,443041 0,000229
своими 0,495219 0,000256
своих 0,237898 0,000164
свой 0,189594 0,000196
свою 0,073896 0,000038
свысока 1,088136 0,000188
сгорел 1,690196 0,000291
сделав 1,264227 0,000218
сделать 0,403889 0,000139
сдержанно 1,021189 0,000176
себе 0,033778 0,000058
себя 0,005949 0,000005
сегодня 0,000000 0,000000
сейчас 0,070407 0,000085
секрет 0,787106 0,000136
секунду 0,824895 0,000142
селитры 2,167317 0,000374
семейство 0,936868 0,000323
семейством 1,021189 0,000176
семидесяти 0,000000 0,000000
сени 1,125925 0,000388
сенях 1,088136 0,000563
сердечке 1,690196 0,000291
сердили 1,866287 0,000322
сердца 0,334808 0,000173
сердце 0,171682 0,000030
сердцу 0,769377 0,000133
серы 2,167317 0,000374
серьезен 1,468347 0,000506
сестра 0,824895 0,000142
сидевшей 2,167317 0,000374
сидел 0,322219 0,000056
сидели 0,963197 0,000166
сидеть 0,662167 0,000114
сидя 0,845098 0,000146
силах 0,623249 0,000107
силился 1,690196 0,000291
силой 0,675956 0,000117
силы 0,514105 0,000089
сильнее 0,866287 0,000149
сияющим 2,167317 0,000374
сияя 2,167317 0,000374
сказавший 2,167317 0,000374
сказал 0,099131 0,000068
сказано 0,662167 0,000114
сказать 0,073896 0,000013
сказкам 2,167317 0,000374
сказки 1,866287 0,000322
скидая 2,167317 0,000374
сколько 0,280827 0,000145
сконфузил 2,167317 0,000374
скорее 0,514105 0,000089
скрести 1,866287 0,000322
скромностью 2,167317 0,000374
скуки 1,468347 0,000253
скучно 1,021189 0,000176
скучны 2,167317 0,000374
славно 1,389166 0,000239
славянское 2,167317 0,000747
следила 1,565257 0,000270
слишком 0,133894 0,000023
слов 0,367977 0,000063
слова 0,129891 0,000022
сломя 1,125925 0,000194
слона 1,866287 0,000322
служи 1,866287 0,000643
служит 1,167317 0,000201
случае 0,248239 0,000086
случая 1,053374 0,000182
случилось 0,403889 0,000070
слушавший 1,565257 0,000270
слушал 0,576253 0,000099
слушать 0,735954 0,000127
слушаю 1,167317 0,000201
слыхали 1,322219 0,000228
слышавший 1,866287 0,000322
слышал 0,389166 0,000268
слышали 0,611015 0,000211
слышно 0,912045 0,000157
смарагдова 1,690196 0,000874
смел 0,991226 0,000171
смех 0,704919 0,000122
смеху 0,991226 0,000171
смешать 2,167317 0,000374
смешно 0,824895 0,000284
смешные 1,468347 0,000506
смешных 1,690196 0,000291
смеялась 0,805589 0,000278
смеялись 0,752344 0,000130
смеяться 0,587534 0,000101
смиренно 1,167317 0,000201
смолчал 1,866287 0,000643
смотрел 0,298086 0,000206
смотрели 0,769377 0,000133
смотреть 0,477121 0,000164
смотри 1,053374 0,000545
смотрит 0,690196 0,000238
смотрите 0,805589 0,000139
смотришь 1,021189 0,000176
смотрю 0,866287 0,000448
смотря 0,322219 0,000056
смуров 1,468347 0,003037
смурова 1,690196 0,001165
смурову 1,690196 0,000583
смуровым 2,167317 0,000374
смутился 0,963197 0,000166
сначала 0,434924 0,000075
снегирев 1,565257 0,000270
снегирева 1,468347 0,000253
снегиревой 2,167317 0,000374
снегиревым 2,167317 0,000374
снимая 1,565257 0,000270
снова 0,565257 0,000097
снял 0,963197 0,000166
собак 1,690196 0,000291
собака 1,264227 0,000872
собаке 1,322219 0,000456
собаки 1,264227 0,000654
собакой 1,690196 0,000291
собаку 1,468347 0,001266
собачка 1,866287 0,000643
собачку 2,167317 0,000747
собой 0,253503 0,000044
собою 0,347773 0,000180
собрание 0,000000 0,000000
событиях 2,167317 0,000374
совершенно 0,180546 0,000062
советов 1,468347 0,000253
совладать 2,167317 0,000374
совсем 0,021189 0,000047
согласен 0,648803 0,000112
согласием 1,690196 0,000291
согласился 0,735954 0,000254
согласия 0,000000 0,000000
согласны 1,690196 0,000291
соглашаетесь 2,167317 0,000374
согнулся 2,167317 0,000374
сознавал 1,213075 0,000209
сомневался 1,264227 0,000218
сообщил 0,824895 0,000142
сообщить 0,635838 0,000110
соскочил 1,264227 0,000218
состав 1,690196 0,000291
составляется 2,167317 0,000374
состояла 1,053374 0,000182
состояло 1,213075 0,000209
сотрясающимся 1,690196 0,000291
сохрани 1,021189 0,000176
сочинений 0,000000 0,000000
сочинили 1,690196 0,000583
спеша 0,866287 0,000299
спину 1,213075 0,000209
спичкой 2,167317 0,000374
способностей 1,167317 0,000201
способности 1,322219 0,000228
справедливо 0,805589 0,000139
справедливость 1,213075 0,000209
спрашивают 1,088136 0,000188
спросил 0,222835 0,000115
спрятал 1,468347 0,000506
ссохлись 2,167317 0,000374
став 1,322219 0,000228
стал 0,125925 0,000109
стала 0,544068 0,000188
стали 0,322219 0,000167
стало 0,091770 0,000047
старался 1,125925 0,000388
старик 0,434924 0,000600
стене 1,053374 0,000182
стенки 1,866287 0,000322
степени 0,389166 0,000134
стоит 0,316059 0,000054
стойте 1,389166 0,000479
столочь 2,167317 0,000374
столпились 1,690196 0,000291
стороны 0,185046 0,000032
стоявший 1,088136 0,000188
стоял 0,309985 0,000053
стояла 0,623249 0,000107
стоящей 2,167317 0,000374
страдальчески 1,690196 0,000291
страдальческою 2,167317 0,000374
страдания 0,888564 0,000153
страданиях 1,866287 0,000322
страх 0,963197 0,000166
страха 0,824895 0,000142
страшно 0,434924 0,000075
страшном 0,991226 0,000171
страшным 1,213075 0,000209
стрела 1,866287 0,000322
стремительно 0,936868 0,000646
строго 0,576253 0,000099
струсил 1,468347 0,000253
стукнул 1,565257 0,000270
ступив 2,167317 0,000374
сударыня 1,213075 0,000209
судили 1,866287 0,000322
судьи 1,322219 0,000228
сумасшествие 1,468347 0,000253
сумела 1,565257 0,000270
сумки 2,167317 0,000374
сундука 2,167317 0,000374
супруг 1,468347 0,000506
супруге 1,213075 0,000418
сфорсил 2,167317 0,000374
сходил 1,167317 0,000201
счастие 1,322219 0,000228
счастием 1,866287 0,000322
счастия 1,088136 0,000188
счастлив 0,963197 0,000166
счастливы 1,213075 0,000209
счастливым 1,053374 0,000182
счастья 0,888564 0,000306
счел 1,565257 0,000270
считавшегося 2,167317 0,000374
считаю 0,845098 0,000291
сыплется 2,167317 0,000374
сюда 0,232819 0,000040
сядет 1,690196 0,000291
такая 0,309985 0,000160
также 0,000000 0,000000
таки 0,066947 0,000012
такие 0,232819 0,000120
таких 0,243038 0,000084
такого 0,243038 0,000042
такое 0,114239 0,000039
такой 0,077412 0,000040
таком 0,309985 0,000053
такую 0,334808 0,000115
твердо 0,419129 0,000072
твой 0,735954 0,000127
твоя 0,635838 0,000767
тебе 0,203530 0,000421
тебя 0,198834 0,000240
тевкр 2,167317 0,000374
текст 0,000000 0,000000
телега 1,866287 0,000322
телегу 1,565257 0,000540
теленка 2,167317 0,001121
телячьи 1,866287 0,000322
телячьих 1,690196 0,000291
темный 1,690196 0,000291
темными 1,389166 0,000239
теория 1,866287 0,000322
теперь 0,015029 0,000047
терять 1,125925 0,000194
тесно 1,565257 0,000270
тихая 1,389166 0,000239
тихо 0,354404 0,000122
тогда 0,050046 0,000060
тогдашние 1,389166 0,000239
того 0,005949 0,000010
тоже 0,043466 0,000030
толковал 1,322219 0,000228
толковать 1,690196 0,000291
толку 0,912045 0,000314
толпа 0,991226 0,000171
толпы 1,167317 0,000402
только 0,002964 0,000011
томах 0,000000 0,000000
тоненькою 1,866287 0,000322
тонкого 1,389166 0,000239
тону 1,866287 0,000322
торжеством 1,213075 0,000209
торопился 1,125925 0,000194
торопливо 1,167317 0,000402
торопясь 1,021189 0,000176
тосковавшего 2,167317 0,000374
тосковать 1,565257 0,000270
тотчас 0,046743 0,000081
точке 1,389166 0,000239
точно 0,121994 0,000021
точь 0,787106 0,000543
трепетал 1,213075 0,000209
третий 0,544068 0,000094
третьеклассники 2,167317 0,000374
третьеклассников 2,167317 0,000374
третьему 1,565257 0,000270
трое 0,824895 0,000142
трои 1,866287 0,000322
тронут 1,565257 0,000270
тронуть 1,866287 0,000322
трос 2,167317 0,000374
трою 1,690196 0,001748
туда 0,495219 0,000085
тысячу 0,769377 0,000133
убежденным 1,690196 0,000291
убийственно 1,866287 0,000322
уважает 1,565257 0,000270
уважаю 1,125925 0,000582
уведомлять 2,167317 0,000374
увеличившиеся 2,167317 0,000374
уверил 1,389166 0,000239
увидал 0,735954 0,000127
увидали 1,389166 0,000239
увидев 0,866287 0,000149
увидели 1,565257 0,000270
увидит 1,053374 0,000182
угадав 1,468347 0,000253
углу 0,599116 0,000207
угля 2,167317 0,000374
угодно 0,504560 0,000174
угол 0,735954 0,000127
уголок 1,468347 0,000253
удавалось 1,468347 0,000253
удивление 1,021189 0,000176
удивлением 0,523865 0,000181
удивленный 1,213075 0,000209
удостоил 1,389166 0,000239
уедет 1,213075 0,000209
ужасно 0,167317 0,000260
ужасом 1,021189 0,000176
узды 2,167317 0,000374
узнал 0,381987 0,000132
уйду 0,936868 0,000323
указывая 0,963197 0,000166
уколола 2,167317 0,000374
укор 2,167317 0,000374
укором 1,690196 0,000291
украдкой 1,565257 0,000270
укусил 1,389166 0,000239
уложит 1,866287 0,000322
улыбался 1,213075 0,000209
улыбаясь 0,805589 0,000139
улыбкой 0,468347 0,000081
улыбнулся 0,533849 0,000092
умер 0,662167 0,000114
умершим 0,000000 0,000000
умиления 1,088136 0,000188
умиленно 1,213075 0,000209
умненький 2,167317 0,000374
умрет 0,824895 0,000284
умри 1,565257 0,000270
унижен 2,167317 0,000374
упадете 2,167317 0,000374
упоен 2,167317 0,000374
упор 0,963197 0,000332
уроки 1,213075 0,000209
условие 1,866287 0,000322
услуживал 2,167317 0,000374
усмехнулся 0,443041 0,000305
успел 0,354404 0,000061
успела 0,824895 0,000142
устраивал 1,866287 0,000322
утерпел 1,389166 0,000239
утешать 1,565257 0,000270
утешить 1,389166 0,000479
утро 0,662167 0,000228
утром 0,411442 0,000142
ухмыляется 2,167317 0,000374
участие 0,888564 0,000153
ученик 2,167317 0,000374
учил 1,322219 0,000456
учить 1,088136 0,000188
ушей 1,389166 0,000239
фамилии 1,088136 0,000188
федор 0,000000 0,000000
федоровичем 0,704919 0,000122
федотовых 2,167317 0,000374
фигура 1,565257 0,000270
фуражки 1,565257 0,000270
фуражку 1,468347 0,000253
харя 1,565257 0,000270
хватило 1,167317 0,000201
хладнокровием 1,866287 0,000643
хлопала 2,167317 0,000374
ходил 0,611015 0,000211
ходить 0,576253 0,000199
хозяевам 1,690196 0,000291
хозяин 1,125925 0,000194
хорошенький 1,389166 0,000239
хорошо 0,189594 0,000065
хотел 0,158717 0,000055
хотелось 0,381987 0,000066
хотите 0,419129 0,000072
хоть 0,060107 0,000083
хотя 0,050046 0,000043
хохлаковой 0,787106 0,000136
хочет 0,322219 0,000111
хочу 0,243038 0,000042
худенькие 2,167317 0,000374
худенькими 2,167317 0,000374
цели 0,662167 0,000114
целительное 2,167317 0,000374
целовала 1,468347 0,000253
целого 1,125925 0,000194
целую 0,735954 0,000254
цензуры 1,690196 0,000291
цепных 2,167317 0,000374
цепь 2,167317 0,000374
часа 0,000000 0,000000
части 1,389166 0,000239
часто 0,292256 0,000151
часть 0,002964 0,000001
чего 0,040213 0,000049
человек 0,036984 0,000019
человека 0,154480 0,000053
человеческих 1,322219 0,000228
через 0,258832 0,000223
черном 1,167317 0,000201
черный 1,565257 0,000270
четвертая 0,426955 0,000147
четыре 0,477121 0,000082
четырьмя 1,565257 0,000270
чиновника 1,021189 0,000176
число 0,000000 0,000000
читаем 0,000000 0,000000
читать 0,000000 0,000000
чрезвычайно 0,217927 0,000038
чрезвычайное 0,735954 0,000127
чтоб 0,073896 0,000102
чтобы 0,030597 0,000111
чувства 0,495219 0,000085
чувство 0,611015 0,000105
чувствовал 0,635838 0,000110
чужих 1,213075 0,000209
чуточку 1,866287 0,000322
чуть 0,176091 0,000030
чьего 0,000000 0,000000
шагнул 1,125925 0,000194
шаркнул 1,866287 0,000322
шевельнула 2,167317 0,000374
шевельнуться 1,690196 0,000291
шевелясь 1,866287 0,000322
шепотом 0,675956 0,000117
шерсти 1,866287 0,000322
шесть 0,611015 0,000105
шкафа 1,866287 0,000322
шкуру 2,167317 0,000747
штабс 1,021189 0,005457
штука 1,389166 0,000718
штуки 1,565257 0,000270
штуку 1,322219 0,000684
штучек 2,167317 0,000374
штучку 1,866287 0,000322
шубе 1,866287 0,000322
шубу 1,322219 0,000456
шубы 2,167317 0,000374
шута 1,167317 0,000201
шутки 1,053374 0,000182
шуток 1,866287 0,000322
щеках 1,167317 0,000201
щеку 1,389166 0,000239
щелкать 2,167317 0,000374
щенка 1,690196 0,000291
щенке 2,167317 0,000374
щенок 2,167317 0,000374
щеночек 2,167317 0,000747
эпиграмму 2,167317 0,000374
эпизод 1,167317 0,000201
этак 0,690196 0,000119
этакие 1,167317 0,000201
этакий 1,565257 0,000270
этаким 1,565257 0,000270
этаких 1,125925 0,000194
этим 0,189594 0,000098
этих 0,213075 0,000073
этого 0,053374 0,000018
этом 0,046743 0,000016
этому 0,322219 0,000111
этот 0,011981 0,000023
эффект 1,389166 0,000479
явилась 1,021189 0,000176
язык 1,167317 0,000201
языки 1,866287 0,001287
языку 1,866287 0,000322
ясна 2,167317 0,000374
ясно 0,354404 0,000061
