автор 0,000000 0,000000
автором 0,000000 0,000000
авторского 0,000000 0,000000
авторы 0,000000 0,000000
алексей 0,000000 0,000000
алексея 0,000000 0,000000
алеше 0,523865 0,000174
алеши 0,544068 0,000181
алешка 1,088136 0,000361
алешку 1,389166 0,000461
алешу 0,565257 0,000188
барина 0,936868 0,000311
батька 2,167317 0,000720
батюшка 0,675956 0,000898
батюшке 1,866287 0,001240
бегичеве 2,167317 0,000720
беда 0,866287 0,000288
белье 1,021189 0,000339
бери 1,322219 0,000439
бесцеремонное 2,167317 0,000720
бесчувствии 1,690196 0,000561
библиотека 0,000000 0,000000
биением 2,167317 0,000720
билось 1,322219 0,000439
богом 0,866287 0,000575
боже 0,459747 0,000153
божий 0,936868 0,000311
боится 0,690196 0,000229
более 0,000000 0,000000
болела 1,565257 0,000520
больного 0,752344 0,000500
больной 0,611015 0,000203
больше 0,137934 0,000046
большое 0,963197 0,000320
бороденка 2,167317 0,002159
бороду 1,322219 0,001757
боясь 0,963197 0,000320
брани 1,866287 0,000620
братцы 2,167317 0,000720
братья 0,176091 0,000234
бросится 1,565257 0,000520
будет 0,077412 0,000103
буду 0,208276 0,000069
бывал 0,936868 0,000311
бывало 0,554533 0,000184
была 0,046743 0,000016
были 0,099131 0,000066
было 0,000000 0,000000
быстро 0,232819 0,000309
быть 0,002964 0,000002
бьет 1,264227 0,000420
бьющимся 1,690196 0,000561
вагон 1,389166 0,000923
вдруг 0,005949 0,000032
ведь 0,043466 0,000115
велел 0,752344 0,000250
великую 1,167317 0,000388
венецию 2,167317 0,001440
венеция 2,167317 0,000720
верст 1,125925 0,000748
версточек 2,167317 0,000720
верхней 1,565257 0,000520
весело 0,648803 0,000215
веселый 1,167317 0,000388
вести 1,125925 0,000374
весь 0,099131 0,000033
вечер 0,477121 0,000317
вечера 0,623249 0,000414
вечеру 0,936868 0,000311
взволнованное 1,866287 0,000620
взглянул 0,805589 0,000268
взглянуть 0,912045 0,000303
вздор 0,599116 0,000199
взошла 2,167317 0,000720
видела 0,888564 0,000295
видеть 0,381987 0,000127
видимо 0,328468 0,000218
видишь 0,599116 0,000597
видно 0,504560 0,000168
видом 0,389166 0,000129
виду 0,544068 0,000181
видя 0,690196 0,000229
вижу 0,286504 0,000095
визиты 0,000000 0,000000
влево 1,690196 0,000561
влез 1,565257 0,000520
вместо 0,411442 0,000273
вмиг 1,264227 0,000420
внезапному 1,690196 0,000561
внезапный 1,690196 0,000561
вниз 0,752344 0,001749
внизу 0,936868 0,000933
внимательный 2,167317 0,000720
вовремя 1,167317 0,000388
вовсе 0,150284 0,000050
вода 1,468347 0,000488
воздух 1,053374 0,000350
возможности 0,690196 0,000229
вознаграждения 0,000000 0,000000
возобновлялись 2,167317 0,000720
возражала 2,167317 0,000720
войдя 0,735954 0,000244
воловьей 1,690196 0,001123
воловью 1,690196 0,001123
вольных 2,167317 0,000720
вопросом 1,053374 0,000350
ворона 2,167317 0,000720
восемь 0,824895 0,000548
восемьдесят 1,866287 0,000620
восторга 0,720159 0,000239
восторге 0,824895 0,000274
востро 1,690196 0,000561
вошедшего 1,322219 0,000439
вошел 0,403889 0,000268
впрочем 0,118099 0,000039
впрягай 2,167317 0,000720
впрягать 2,167317 0,000720
впрямь 0,769377 0,000767
враждебного 1,866287 0,000620
время 0,043466 0,000087
вручи 2,167317 0,000720
вручу 2,167317 0,000720
всегда 0,129891 0,000086
всего 0,040213 0,000080
всей 0,248239 0,000247
всем 0,070407 0,000023
всерьез 2,167317 0,001440
всех 0,060107 0,000040
вскочил 0,587534 0,000195
вскричал 0,292256 0,000097
вслед 0,523865 0,000174
вспоминал 0,963197 0,000640
вспоминая 1,322219 0,000439
вспомнив 1,264227 0,000420
вспомнили 1,690196 0,000561
вставал 1,468347 0,000488
встретив 1,322219 0,000439
встретить 0,866287 0,000288
вторая 0,514105 0,000341
входил 1,053374 0,000350
входить 1,125925 0,000374
вчера 0,341243 0,000680
въезжая 1,866287 0,000620
выдумал 0,888564 0,000295
вынести 0,888564 0,000295
выплаты 0,000000 0,000000
выполним 2,167317 0,000720
выразилась 1,125925 0,000374
вырвалось 0,704919 0,000234
выслушал 0,805589 0,000268
высоко 1,088136 0,000361
вытащил 1,167317 0,000388
выходил 0,963197 0,000960
вышел 0,275223 0,000366
вышла 0,495219 0,000164
вышли 0,912045 0,000303
гаденькая 2,167317 0,000720
герценштубе 1,088136 0,000723
главное 0,189594 0,000063
гладит 2,167317 0,000720
глаз 0,554533 0,000184
глаза 0,129891 0,000086
глазам 0,963197 0,000320
глазами 0,403889 0,000134
глазу 1,389166 0,000461
глубоко 0,611015 0,000203
глядел 0,554533 0,000184
глядеть 0,720159 0,000239
гляди 1,565257 0,001560
глянув 1,565257 0,000520
говори 0,769377 0,000256
говорил 0,095435 0,000063
говорит 0,189594 0,000315
говорить 0,162996 0,000054
говорю 0,203530 0,000068
говорят 0,309985 0,000103
года 0,477121 0,000317
годишься 2,167317 0,000720
году 1,088136 0,000361
голова 0,787106 0,000261
голубчик 0,587534 0,000195
городе 0,565257 0,000188
горсткин 1,866287 0,002479
горсткина 1,866287 0,000620
горькие 1,866287 0,000620
господь 0,888564 0,000295
готовы 1,021189 0,000339
григорий 0,720159 0,000478
григория 0,845098 0,000281
грозить 1,866287 0,000620
грушеньки 0,787106 0,000261
губернии 0,991226 0,000329
гусей 1,690196 0,000561
давал 0,805589 0,000268
давешний 1,213075 0,000403
давно 0,158717 0,000211
дадут 1,021189 0,000339
даже 0,005949 0,000018
дальше 0,002964 0,000001
данные 0,000000 0,000000
даст 0,963197 0,000320
дать 0,623249 0,000207
дашь 1,468347 0,000488
дают 1,088136 0,000361
двадцать 0,411442 0,000137
двенадцать 1,021189 0,001017
двери 0,599116 0,000398
дверь 0,367977 0,000122
движением 2,167317 0,000720
дворе 0,787106 0,000261
двух 0,264227 0,000176
девяти 1,322219 0,000439
действительно 0,106619 0,000035
дела 0,309985 0,000103
делать 0,426955 0,000284
делах 0,963197 0,000320
дело 0,063514 0,000084
день 0,162996 0,000108
деньги 0,280827 0,000093
деревья 1,322219 0,000439
держать 0,963197 0,000320
держу 1,565257 0,000520
дескать 0,419129 0,000139
десяти 0,704919 0,000234
дивана 0,963197 0,000320
дивишься 1,866287 0,000620
дмитрий 0,468347 0,000156
дмитрия 0,599116 0,000199
доволен 0,735954 0,000244
дождавшись 1,322219 0,000439
доктор 0,735954 0,000244
доктором 1,167317 0,000388
долго 0,222835 0,000148
должен 0,258832 0,000258
доложил 1,690196 0,000561
доложили 1,565257 0,000520
домашние 1,690196 0,000561
доме 0,322219 0,000214
дороги 0,704919 0,000234
дорогой 0,565257 0,000375
дорогу 0,599116 0,000199
доскакали 1,866287 0,000620
доставит 1,565257 0,000520
достанешь 1,866287 0,000620
достать 0,936868 0,000311
достоевский 0,000000 0,000000
достояние 0,000000 0,000000
драгоценность 1,866287 0,000620
другая 0,648803 0,000215
другие 0,389166 0,000129
другой 0,146128 0,000097
думал 0,258832 0,000086
думали 0,936868 0,000311
думать 0,486076 0,000161
дунул 2,167317 0,000720
душе 0,514105 0,000512
души 0,523865 0,000174
душу 0,451314 0,000600
дячкине 2,167317 0,000720
едешь 1,565257 0,001560
единого 0,787106 0,000261
единственно 0,477121 0,000158
ежедневным 1,866287 0,000620
если 0,011981 0,000016
есть 0,018098 0,000006
жадно 1,053374 0,000350
жаловался 1,322219 0,000439
ждал 0,495219 0,000164
ждать 0,554533 0,000368
желанием 1,167317 0,000388
желания 1,088136 0,000361
железной 1,167317 0,000388
железную 1,468347 0,000488
жена 0,912045 0,000606
женат 1,264227 0,000420
жестах 1,690196 0,000561
живет 0,662167 0,000220
живо 1,389166 0,000461
жизни 0,222835 0,000148
жизнь 0,162996 0,000162
забота 1,167317 0,000388
забыл 0,328468 0,000109
заверение 2,167317 0,000720
завтра 0,298086 0,000495
заглядывать 1,866287 0,000620
заглядывая 1,690196 0,000561
заговорить 1,021189 0,000339
задерживать 2,167317 0,000720
задержки 2,167317 0,000720
заезжай 2,167317 0,000720
заинтересовало 1,389166 0,000461
зайдем 1,690196 0,000561
зайди 1,468347 0,000488
зайти 0,936868 0,000311
заключил 0,523865 0,000174
заключили 1,690196 0,000561
закричал 0,599116 0,000199
закуску 1,468347 0,000488
зале 0,936868 0,000311
залу 0,735954 0,000244
заметался 1,866287 0,000620
заметил 0,154480 0,000051
замолчал 1,021189 0,000339
заныла 2,167317 0,000720
занятия 1,866287 0,000620
заперся 1,690196 0,000561
заперт 1,866287 0,000620
записку 1,021189 0,001017
запрягать 2,167317 0,000720
зарезу 1,866287 0,000620
засмеялся 0,495219 0,000329
заснул 0,963197 0,000320
заснуть 1,565257 0,000520
затаив 2,167317 0,000720
затем 0,237898 0,000237
затихло 1,264227 0,000420
зато 0,468347 0,000311
захватило 1,322219 0,000439
захлопотал 1,565257 0,000520
захотелось 0,787106 0,000261
зачем 0,146128 0,000146
здесь 0,095435 0,000127
здешний 1,053374 0,001050
здешних 1,213075 0,000806
здоровье 0,824895 0,000274
злобно 0,599116 0,000199
злобы 0,824895 0,000274
знаем 1,088136 0,000361
знал 0,114239 0,000038
знать 0,328468 0,000109
значит 0,243038 0,000484
знаю 0,095435 0,000095
золото 1,565257 0,000520
иван 0,303994 0,001615
ивана 0,504560 0,000335
ивановне 0,720159 0,000478
ивановны 0,554533 0,000368
иваном 0,845098 0,000281
ивану 0,623249 0,000207
игнатьевна 1,125925 0,002244
игнатьевны 1,565257 0,000520
избавьте 1,866287 0,000620
избить 1,690196 0,000561
известного 1,264227 0,000420
известный 1,053374 0,000350
извозчиком 2,167317 0,000720
изволите 1,088136 0,000361
изложить 1,468347 0,000488
измученным 1,565257 0,000520
изредка 0,888564 0,000295
изумлению 1,565257 0,000520
ильинский 1,866287 0,000620
имеешь 1,264227 0,000420
имел 0,347773 0,000116
именно 0,066947 0,000022
имею 0,565257 0,000188
иной 0,587534 0,000195
инок 1,389166 0,000461
использоваться 0,000000 0,000000
испугалась 1,213075 0,000403
источник 0,000000 0,000000
каждые 1,322219 0,000439
какая 0,194189 0,000064
каким 0,194189 0,000129
каких 0,468347 0,000156
какого 0,347773 0,000116
какой 0,095435 0,000063
карамазову 1,088136 0,000361
карамазовы 0,180546 0,000240
катерине 0,912045 0,000606
катерины 0,752344 0,000500
книга 0,176091 0,000175
книги 0,000000 0,000000
ковер 1,866287 0,000620
когда 0,015029 0,000045
коли 0,269690 0,000269
комаров 0,000000 0,000000
комнатам 1,389166 0,000923
комнатке 1,389166 0,000461
комнаты 0,443041 0,000294
кому 0,341243 0,000113
конечно 0,060107 0,000040
концы 1,468347 0,000488
кончено 1,021189 0,000339
кончу 1,690196 0,000561
коньяк 1,565257 0,000520
коньячок 1,866287 0,000620
корчах 2,167317 0,000720
которой 0,213075 0,000071
которые 0,189594 0,000063
который 0,110412 0,000073
крайней 0,298086 0,000198
крепко 0,443041 0,000147
крик 0,769377 0,000767
крикнул 0,381987 0,000127
кроме 0,158717 0,000105
кругом 0,419129 0,000278
кружилась 1,690196 0,000561
крыльца 1,088136 0,000723
крыльцо 1,167317 0,000388
кстати 0,468347 0,000156
куда 0,248239 0,000165
кулачат 2,167317 0,000720
купалось 2,167317 0,000720
купить 1,021189 0,000339
купцы 2,167317 0,000720
купчишка 2,167317 0,000720
курица 1,468347 0,000975
кушать 1,690196 0,000561
ладно 1,690196 0,001123
лакей 0,912045 0,000303
левою 1,565257 0,000520
легко 0,752344 0,000250
ледок 2,167317 0,000720
лесом 1,565257 0,000520
лестницу 1,167317 0,001163
летел 1,264227 0,000420
лжет 1,021189 0,001017
либо 0,000000 0,000000
литература 0,000000 0,000000
лицом 0,000000 0,000000
лишь 0,185046 0,000184
лобзания 2,167317 0,000720
лобызаться 2,167317 0,000720
ложась 1,690196 0,000561
лошадей 1,088136 0,000361
лошадьми 1,866287 0,001240
льду 1,468347 0,000488
любезность 1,866287 0,000620
любопытно 0,845098 0,001123
любопытствовал 1,690196 0,000561
любопытством 0,459747 0,000153
любым 0,000000 0,000000
люди 0,269690 0,000090
лягавый 1,565257 0,001040
малейшего 0,720159 0,000239
марфа 0,991226 0,002304
марфы 1,565257 0,000520
масловы 2,167317 0,001440
масловых 2,167317 0,000720
махая 1,468347 0,000488
машина 1,468347 0,000488
медля 1,565257 0,000520
мезонин 2,167317 0,000720
мелькнули 1,866287 0,000620
меня 0,027438 0,000027
мере 0,269690 0,000179
мерзким 2,167317 0,000720
места 0,389166 0,000129
мигом 0,504560 0,000503
милость 1,213075 0,000403
милые 1,125925 0,000374
мимо 0,514105 0,000341
минут 0,486076 0,000161
минутами 1,021189 0,000339
минуту 0,084532 0,000112
минуты 0,322219 0,000107
миром 1,690196 0,000561
митрий 1,565257 0,001560
много 0,080958 0,000027
могу 0,171682 0,000057
моему 0,354404 0,000118
может 0,000000 0,000000
можешь 0,704919 0,000702
можно 0,088136 0,000117
молча 0,367977 0,000122
момента 0,000000 0,000000
москву 0,845098 0,001403
мрак 1,021189 0,000339
мстить 1,866287 0,000620
мудрено 1,866287 0,000620
мужик 0,888564 0,000885
мучили 1,322219 0,000439
мыслей 0,735954 0,000244
мысли 0,316059 0,000210
мыслил 1,690196 0,000561
наведавшись 2,167317 0,000720
навеки 0,648803 0,000215
наверно 0,264227 0,000263
наверх 0,888564 0,000295
надежде 1,264227 0,000420
надо 0,036984 0,000061
надоел 1,389166 0,000461
надуть 1,565257 0,000520
назад 0,000000 0,000000
название 0,000000 0,000000
называл 0,963197 0,000320
найти 0,000000 0,000000
наконец 0,073896 0,000025
налгал 1,565257 0,000520
налжет 2,167317 0,000720
написано 0,000000 0,000000
напиши 1,690196 0,001123
напишите 1,690196 0,000561
напрасно 0,805589 0,000268
например 0,298086 0,000198
напротив 0,180546 0,000060
нарочно 0,227798 0,000076
нарывался 2,167317 0,000720
насмешливым 1,468347 0,000488
настоятельно 0,991226 0,000329
настрочил 2,167317 0,000720
настрочу 2,167317 0,000720
насущное 1,690196 0,000561
насчет 0,354404 0,000118
наука 0,000000 0,000000
находил 1,088136 0,000361
находился 0,963197 0,000320
начал 0,137934 0,000046
начались 1,167317 0,000388
начинал 0,662167 0,000220
наша 0,787106 0,000261
нашел 0,648803 0,000215
нашелся 1,213075 0,000403
нашли 0,805589 0,000268
небо 1,021189 0,000339
небу 1,565257 0,000520
него 0,000000 0,000000
неделю 0,662167 0,000220
некогда 0,912045 0,000303
нельзя 0,176091 0,000058
немедленно 0,554533 0,000184
немного 0,426955 0,000142
нему 0,080958 0,000054
ненавидел 0,991226 0,000658
ненавистен 1,565257 0,001040
ненависти 0,912045 0,000303
ненавистное 1,690196 0,000561
необъяснимая 1,866287 0,000620
необычайной 1,565257 0,000520
неожиданные 1,389166 0,000461
неожиданным 0,963197 0,000320
неопределенное 1,389166 0,000461
непременно 0,133894 0,000089
нервным 1,468347 0,000488
несомненно 0,704919 0,000234
нестерпимо 1,389166 0,000461
несчастие 1,125925 0,000374
несчастием 2,167317 0,000720
неугомонного 2,167317 0,000720
нечаянно 0,752344 0,000250
нечто 0,389166 0,000129
неясная 1,690196 0,000561
нибудь 0,030597 0,000041
нижние 1,866287 0,000620
никакой 0,635838 0,000634
никогда 0,088136 0,000117
никто 0,185046 0,000061
ничего 0,030597 0,000061
нового 0,735954 0,000244
новые 1,088136 0,000361
новый 0,648803 0,000215
ногу 0,805589 0,000268
ночи 0,675956 0,000224
ночь 0,248239 0,000330
нужны 0,936868 0,000311
обед 1,322219 0,000439
обещали 1,468347 0,000488
обидится 1,866287 0,000620
обидчик 1,389166 0,000461
обманет 1,866287 0,000620
образы 1,690196 0,000561
обратно 0,675956 0,000449
обстоятельство 0,787106 0,000261
обступили 1,565257 0,000520
общая 1,389166 0,000461
общественное 0,000000 0,000000
объявил 0,599116 0,000199
обычным 1,866287 0,000620
огляделся 1,690196 0,000561
оглядки 2,167317 0,000720
оделся 1,322219 0,000439
один 0,046743 0,000031
одиннадцати 1,021189 0,000339
одиннадцать 1,167317 0,001163
однако 0,102859 0,000102
одно 0,099131 0,000066
одной 0,243038 0,000081
одну 0,232819 0,000077
одолжи 2,167317 0,000720
ожидаемой 2,167317 0,000720
ожидании 0,824895 0,000548
оказалась 1,167317 0,000388
оказать 1,565257 0,000520
окна 0,648803 0,000431
окно 0,635838 0,000211
около 0,443041 0,000294
окончания 1,866287 0,000620
окончил 1,565257 0,000520
опасностью 1,866287 0,000620
опоздаю 2,167317 0,000720
опубликовано 0,000000 0,000000
опустим 1,866287 0,000620
опять 0,027438 0,000018
осадил 1,565257 0,000520
осмотрев 1,866287 0,000620
особенно 0,129891 0,000043
особенный 1,125925 0,000374
особенным 0,912045 0,000303
остался 0,523865 0,000174
останавливаться 1,468347 0,000488
остановился 0,419129 0,000139
ответа 0,720159 0,000239
ответил 0,237898 0,000237
отворял 1,866287 0,000620
отвращением 1,021189 0,000339
отец 0,316059 0,000315
отзыва 2,167317 0,000720
отлетели 2,167317 0,000720
отмахали 2,167317 0,000720
отнюдь 0,824895 0,000274
отнялась 1,866287 0,000620
оторваться 1,167317 0,000388
отпереть 1,389166 0,000923
отписал 1,468347 0,000488
отпиши 2,167317 0,000720
отстраняя 2,167317 0,000720
отсюда 0,805589 0,000268
отца 0,222835 0,000148
отцом 0,599116 0,000199
отцу 0,565257 0,000188
отъезд 1,866287 0,000620
отъезде 1,690196 0,001123
отъезду 2,167317 0,000720
оформление 0,000000 0,000000
охватывала 2,167317 0,000720
очень 0,024303 0,000097
очнулся 0,912045 0,000303
ощущал 1,021189 0,000339
павлович 0,419129 0,001114
павловича 0,451314 0,000749
павловичу 0,805589 0,001070
падающего 1,866287 0,000620
падения 1,468347 0,000975
пеной 2,167317 0,000720
первым 0,769377 0,000256
передавать 1,322219 0,000439
передал 0,690196 0,000229
передать 0,690196 0,000229
переменили 1,690196 0,000561
перепуганный 2,167317 0,000720
пересушенною 2,167317 0,000720
перешло 0,000000 0,000000
пишет 1,053374 0,000350
плут 1,468347 0,000488
плутует 2,167317 0,000720
поварах 1,866287 0,000620
повергшее 2,167317 0,000720
повторял 0,912045 0,000303
поговорить 0,866287 0,001151
погреб 1,389166 0,000461
погреба 1,690196 0,001123
погребе 1,866287 0,000620
погребова 2,167317 0,000720
подавай 1,468347 0,000488
подали 1,322219 0,000439
подарил 1,264227 0,000420
подборка 0,000000 0,000000
подглядели 1,866287 0,000620
поддевке 1,690196 0,000561
подлец 0,662167 0,000440
подлым 1,690196 0,000561
подожди 1,053374 0,000350
подолгу 1,389166 0,000461
подскочил 1,125925 0,000374
подумай 1,690196 0,000561
подумал 0,334808 0,000222
подхватил 0,533849 0,000177
поедешь 1,565257 0,000520
поеду 1,053374 0,000350
поехал 1,167317 0,000775
пожалуй 0,237898 0,000079
пожатия 2,167317 0,000720
пожилой 1,322219 0,000439
позабыв 1,690196 0,000561
поздно 0,735954 0,000489
поздоровавшись 2,167317 0,000720
пока 0,213075 0,000142
покажи 1,468347 0,000488
покамест 0,866287 0,000288
покупщик 1,866287 0,000620
покупщика 2,167317 0,000720
полез 1,866287 0,000620
полетел 1,322219 0,000439
полночи 1,690196 0,000561
положат 2,167317 0,000720
получил 0,635838 0,000211
получилось 1,866287 0,000620
полчаса 0,824895 0,000274
поля 1,389166 0,000461
помешанный 1,125925 0,000374
помещением 1,866287 0,000620
помилуйте 0,824895 0,000274
помнил 0,845098 0,000561
помогал 1,213075 0,000403
помогут 1,866287 0,000620
помои 1,866287 0,000620
помощи 1,088136 0,000361
помчались 2,167317 0,000720
помчался 2,167317 0,000720
понимает 0,720159 0,000239
понял 0,396465 0,000263
попивал 2,167317 0,000720
поправить 1,322219 0,000439
попробовал 1,264227 0,000420
попробовали 1,866287 0,000620
попросили 1,264227 0,000420
пораньше 1,866287 0,000620
посетителей 0,000000 0,000000
посетители 0,000000 0,000000
посетительницы 2,167317 0,000720
поскачу 2,167317 0,000720
поскорбеть 2,167317 0,000720
поскорее 0,486076 0,000323
поскорей 0,769377 0,000256
послал 0,720159 0,000478
послали 1,389166 0,000461
послать 0,963197 0,000320
после 0,084532 0,000028
последний 0,403889 0,000134
послезавтра 1,322219 0,000439
посмеивается 2,167317 0,000720
посмертно 0,000000 0,000000
поспеешь 1,690196 0,000561
поспеть 1,468347 0,000488
поспешно 0,866287 0,000288
поступком 1,468347 0,000488
поступок 0,912045 0,000303
постучаться 1,866287 0,000620
постучится 2,167317 0,000720
потерявшийся 1,389166 0,000461
потерял 0,866287 0,000288
потом 0,084532 0,000140
потому 0,024303 0,000056
потрафим 2,167317 0,000720
поутру 0,845098 0,000561
похаживал 2,167317 0,001440
похвалился 1,866287 0,000620
почему 0,099131 0,000099
почтеннейший 2,167317 0,000720
почти 0,024303 0,000065
почувствовал 0,623249 0,000207
пошел 0,275223 0,000091
поясница 1,866287 0,000620
правде 0,991226 0,000329
правду 0,443041 0,000441
прачки 1,565257 0,000520
предосадное 2,167317 0,000720
представь 1,167317 0,000775
предугадывал 1,866287 0,000620
прежде 0,077412 0,000026
прежнее 0,991226 0,000329
прежним 0,963197 0,000320
прекращались 2,167317 0,000720
пренеприлично 2,167317 0,000720
пренеприятное 2,167317 0,000720
претерпевал 2,167317 0,000720
прибыл 1,213075 0,000403
прибытия 1,322219 0,000439
прибыть 1,389166 0,000461
приветливо 1,468347 0,000488
приготовлением 2,167317 0,000720
придет 0,514105 0,000171
приедешь 1,565257 0,000520
приезжай 2,167317 0,000720
приехал 0,554533 0,000184
прижизненно 0,000000 0,000000
призраки 1,468347 0,000488
приискать 1,690196 0,000561
прикладывали 2,167317 0,000720
приключился 2,167317 0,000720
прилив 1,565257 0,000520
примерно 0,963197 0,000320
приметы 1,690196 0,000561
принять 0,523865 0,000174
припадке 0,824895 0,000274
припадки 1,088136 0,000361
припадок 1,053374 0,001050
припоминая 1,125925 0,000374
припомню 1,690196 0,000561
прислушивался 1,264227 0,000420
причины 0,752344 0,000250
пришлет 1,322219 0,000439
пробормотал 0,334808 0,000111
пробудет 1,866287 0,000620
проводив 1,690196 0,000561
провожать 1,565257 0,000520
провожая 1,468347 0,000488
программирование 0,000000 0,000000
проделывал 2,167317 0,000720
продумал 1,866287 0,000620
прожевать 2,167317 0,000720
произведение 0,000000 0,000000
произведений 0,000000 0,000000
произведения 0,000000 0,000000
произнес 0,361137 0,000120
произойдет 0,963197 0,000320
произошел 0,888564 0,000295
произошло 0,495219 0,000164
пройти 0,991226 0,000329
проклятую 1,565257 0,000520
пролетавшую 2,167317 0,000720
пролетело 1,690196 0,000561
проникновенно 1,389166 0,000461
проселком 1,866287 0,000620
просит 0,866287 0,000288
проследил 1,866287 0,000620
проснувшись 1,690196 0,000561
проснулся 0,963197 0,000320
просто 0,232819 0,000077
против 0,389166 0,000129
протянул 0,675956 0,000224
прочь 0,866287 0,000288
прошел 0,662167 0,000220
прошептал 0,675956 0,000224
прошло 0,000000 0,000000
прошлого 1,088136 0,000361
прошлом 1,468347 0,000488
прошлый 1,264227 0,000420
прощай 0,805589 0,000268
проявление 1,866287 0,000620
публикации 0,000000 0,000000
пустошах 2,167317 0,000720
пустым 1,866287 0,000620
пусть 0,253503 0,000084
путешественника 2,167317 0,000720
пятая 1,264227 0,000840
пяти 0,662167 0,000220
пять 0,275223 0,000091
равно 0,303994 0,000101
раза 0,426955 0,000142
разберет 1,690196 0,000561
разберешь 1,866287 0,000620
развалится 2,167317 0,000720
разве 0,146128 0,000097
разглядел 0,991226 0,000329
разглядеть 1,021189 0,000339
разговор 0,434924 0,000144
раздадутся 2,167317 0,000720
разлукой 1,866287 0,000620
размашисто 2,167317 0,000720
разницы 2,167317 0,000720
разные 0,912045 0,000303
разобрать 1,264227 0,000420
разом 0,389166 0,000129
разрешения 0,000000 0,000000
разу 0,704919 0,000234
рано 0,787106 0,000523
раскидывающееся 2,167317 0,000720
раскрыв 1,468347 0,000488
расписки 1,690196 0,000561
распорядилась 1,565257 0,000520
рассвело 1,565257 0,000520
рассвете 1,322219 0,000439
расспросы 1,213075 0,000806
расхворался 1,866287 0,000620
расшибся 1,690196 0,000561
реши 1,866287 0,001240
решительно 0,341243 0,000113
решится 1,322219 0,000439
решу 1,565257 0,000520
робость 1,690196 0,000561
ровно 0,533849 0,000355
родителя 0,936868 0,000622
родной 1,053374 0,000350
роща 2,167317 0,000720
рощу 1,468347 0,000488
рублей 0,367977 0,000122
руками 0,280827 0,000093
рукой 0,486076 0,000161
руку 0,222835 0,000148
русская 0,000000 0,000000
русский 0,752344 0,000250
рыженькая 2,167317 0,000720
рядились 2,167317 0,000720
рядом 0,690196 0,000229
сайте 0,000000 0,000000
сама 0,208276 0,000069
сами 0,142011 0,000047
само 0,888564 0,000295
самовар 1,264227 0,000420
самое 0,167317 0,000056
самому 0,426955 0,000142
самый 0,198834 0,000132
самым 0,280827 0,000093
сберег 2,167317 0,000720
сбыту 2,167317 0,000720
свежий 1,264227 0,000420
сверни 2,167317 0,000720
свернуть 1,866287 0,000620
свет 0,468347 0,000156
свете 0,426955 0,000142
свидания 0,787106 0,000261
свободно 0,000000 0,000000
своей 0,066947 0,000067
своему 0,367977 0,000122
свои 0,146128 0,000049
своим 0,208276 0,000069
своих 0,237898 0,000079
свой 0,189594 0,000189
свою 0,073896 0,000074
сговорился 2,167317 0,000720
сговорится 2,167317 0,000720
сговоришься 2,167317 0,001440
сготовила 2,167317 0,000720
сделай 1,389166 0,000461
сделать 0,403889 0,000134
сделаю 0,845098 0,000281
сдерживался 2,167317 0,000720
себе 0,033778 0,000056
себя 0,005949 0,000020
сегодня 0,000000 0,000000
сейчас 0,070407 0,000117
секунды 1,088136 0,000361
семи 0,991226 0,000329
семидесяти 0,000000 0,000000
семь 0,787106 0,000784
сенях 1,088136 0,000361
сердится 1,167317 0,000775
сердца 0,334808 0,000222
сердце 0,171682 0,000171
сердятся 1,690196 0,000561
серьезно 0,419129 0,000139
силы 0,514105 0,000171
синей 2,167317 0,000720
скажи 0,662167 0,000220
сказал 0,099131 0,000033
сказать 0,073896 0,000049
скорбь 1,866287 0,000620
скорее 0,514105 0,000171
скорей 0,845098 0,000281
скоро 0,298086 0,000099
скрылся 1,690196 0,000561
сладкой 2,167317 0,000720
слег 1,565257 0,000520
слетал 1,690196 0,000561
слетаю 2,167317 0,000720
слетело 1,565257 0,000520
слететь 1,866287 0,000620
слишком 0,133894 0,000089
словах 0,635838 0,000211
словечка 1,322219 0,000439
словно 0,866287 0,000288
сломал 2,167317 0,000720
случилась 1,565257 0,000520
случилось 0,403889 0,000134
слушал 0,576253 0,000574
слышишь 0,866287 0,000288
смеет 1,053374 0,000350
смердяков 0,587534 0,001171
смердякова 0,752344 0,001249
смердякову 1,053374 0,000350
смешком 1,322219 0,000439
смотреть 0,477121 0,000317
смотрительшу 2,167317 0,000720
смутно 1,389166 0,000461
смятение 1,389166 0,000461
сначала 0,434924 0,000144
снов 1,468347 0,000488
собирался 1,264227 0,000420
собою 0,347773 0,000116
собрание 0,000000 0,000000
собственное 0,888564 0,000295
совершенный 1,264227 0,000420
совершили 1,690196 0,000561
совсем 0,021189 0,000035
согласия 0,000000 0,000000
сойдете 2,167317 0,000720
сойти 1,389166 0,000461
соображал 1,213075 0,000806
сообразил 0,963197 0,000320
сообщение 1,468347 0,000488
сообщить 0,635838 0,000211
сообщу 1,468347 0,000488
соседей 1,866287 0,000620
сотрясения 1,565257 0,000520
сохранение 2,167317 0,000720
сохрани 1,021189 0,000339
сочинений 0,000000 0,000000
сошел 0,787106 0,000523
сошлось 1,213075 0,000403
спал 0,690196 0,000458
спасибо 0,866287 0,000288
спать 0,635838 0,000211
спешная 2,167317 0,000720
справедливые 1,866287 0,000620
спросил 0,222835 0,000074
спросили 1,213075 0,000403
спускай 2,167317 0,000720
спустить 1,690196 0,000561
спустя 0,533849 0,000177
сравнительно 1,088136 0,000361
среди 0,769377 0,000256
средства 1,213075 0,000403
сруб 2,167317 0,000720
стал 0,125925 0,000042
стало 0,091770 0,000030
станем 1,264227 0,000420
станции 1,322219 0,001317
станционный 2,167317 0,000720
станцию 1,690196 0,001123
старая 0,936868 0,000311
стараясь 1,021189 0,000339
старик 0,434924 0,001156
старикашка 1,264227 0,000420
старичка 1,322219 0,000439
старичок 0,991226 0,000329
стаю 1,690196 0,000561
стоит 0,316059 0,000105
стой 0,912045 0,000606
сторожить 1,565257 0,000520
стороны 0,185046 0,000061
стотысячники 2,167317 0,000720
странные 0,824895 0,000274
странный 0,787106 0,000261
странным 0,752344 0,000250
страшно 0,434924 0,000289
страшном 0,991226 0,000329
строчки 1,468347 0,000488
стуков 1,866287 0,000620
ступай 0,735954 0,000244
ступенькам 1,468347 0,000488
ступеньки 1,565257 0,000520
стучит 1,690196 0,000561
сударь 1,053374 0,000350
судорогах 2,167317 0,000720
сумел 0,936868 0,000311
сходил 1,167317 0,000388
счастливым 1,053374 0,000350
считал 0,648803 0,000215
сына 0,576253 0,000191
сынка 1,690196 0,001684
сыном 0,963197 0,000640
сюда 0,232819 0,000155
тайниках 2,167317 0,000720
такая 0,309985 0,000103
также 0,000000 0,000000
таких 0,243038 0,000081
такого 0,243038 0,000081
такое 0,114239 0,000076
такой 0,077412 0,000026
такую 0,334808 0,000111
тарантас 1,866287 0,001859
тарантаса 2,167317 0,000720
твердо 0,419129 0,000278
твердым 1,125925 0,000374
твою 0,912045 0,000303
твоя 0,635838 0,000211
тебе 0,203530 0,000608
тебя 0,198834 0,000132
текст 0,000000 0,000000
темени 1,565257 0,000520
темна 2,167317 0,000720
темные 1,167317 0,000775
теперешние 1,690196 0,000561
теперь 0,015029 0,000040
терял 1,468347 0,000488
течение 1,088136 0,000361
тихо 0,354404 0,000235
тихонько 0,991226 0,000329
тобою 0,845098 0,000281
тогда 0,050046 0,000050
того 0,005949 0,000010
тоже 0,043466 0,000072
толкаете 2,167317 0,000720
только 0,002964 0,000014
томах 0,000000 0,000000
тоненькая 1,565257 0,000520
торгуешь 2,167317 0,000720
торопливое 2,167317 0,000720
тотчас 0,046743 0,000047
точно 0,121994 0,000041
точности 0,866287 0,000288
тревожно 1,213075 0,000403
тревожном 1,866287 0,000620
трепетном 2,167317 0,000720
третьего 0,662167 0,000660
тронулся 1,866287 0,000620
тронут 1,565257 0,000520
трудно 0,459747 0,000153
трясется 2,167317 0,001440
туда 0,495219 0,000164
тщательно 1,322219 0,000439
тщательный 2,167317 0,000720
тысяч 0,451314 0,000600
тысячи 0,426955 0,000284
тысячку 1,690196 0,000561
тягаться 2,167317 0,000720
тяжкий 2,167317 0,000720
убежала 1,053374 0,000350
убирайся 1,468347 0,000488
уверил 1,389166 0,000461
увидишь 1,125925 0,000374
удивления 0,963197 0,000320
удивлялся 1,125925 0,000374
уедет 1,213075 0,000806
уезжает 1,565257 0,000520
ужасно 0,167317 0,000056
узнать 0,374926 0,000125
укладывать 2,167317 0,001440
уклончиво 1,690196 0,000561
уладим 2,167317 0,000720
улегся 1,690196 0,001123
уложили 1,690196 0,000561
умеет 1,021189 0,001017
умерла 0,963197 0,000320
умершим 0,000000 0,000000
умирала 1,468347 0,000488
умный 0,936868 0,000311
умным 1,021189 0,001357
унизительная 2,167317 0,000720
упал 0,675956 0,000449
упреки 2,167317 0,000720
урву 2,167317 0,000720
уселся 0,866287 0,000288
условных 2,167317 0,000720
услугу 1,866287 0,000620
услышав 1,125925 0,000374
услышала 1,322219 0,000878
усмехнувшись 1,264227 0,000420
усмехнулся 0,443041 0,000294
усмешку 1,690196 0,000561
успокоить 1,264227 0,000420
утром 0,411442 0,000410
уходит 0,888564 0,000295
участках 2,167317 0,000720
ученый 1,088136 0,000361
училась 1,565257 0,000520
ушей 1,389166 0,000461
фанфаронишь 1,866287 0,000620
федор 0,000000 0,000000
федора 0,554533 0,000921
федорович 0,253503 0,001347
федоровича 0,426955 0,000425
федоровичем 0,704919 0,000234
федоровичу 0,599116 0,000199
федору 0,936868 0,001245
физические 2,167317 0,000720
флигеле 1,167317 0,000388
флигель 1,322219 0,000439
характером 0,866287 0,000288
хлопотливо 1,866287 0,000620
ходил 0,611015 0,000203
ходит 0,769377 0,000256
холмы 2,167317 0,000720
холодноватый 1,690196 0,000561
хорошо 0,189594 0,000252
хотел 0,158717 0,000158
хоть 0,060107 0,000020
хотя 0,050046 0,000050
хочет 0,322219 0,000321
христос 0,936868 0,000311
целые 0,787106 0,000261
церемонии 1,125925 0,000374
цидулку 2,167317 0,000720
часа 0,000000 0,000000
часам 1,213075 0,000403
часов 0,411442 0,000683
часть 0,002964 0,000002
чего 0,040213 0,000120
человек 0,036984 0,000061
человеком 0,504560 0,000670
чемодан 1,690196 0,001684
чердака 1,565257 0,000520
черед 1,866287 0,000620
чермашню 1,167317 0,003101
чермашня 1,565257 0,000520
черт 0,477121 0,000158
черта 0,845098 0,000561
четверг 1,690196 0,000561
число 0,000000 0,000000
чистый 1,213075 0,000403
читаем 0,000000 0,000000
читать 0,000000 0,000000
чрез 0,275223 0,000274
чрезвычайная 1,213075 0,000403
чрезвычайно 0,217927 0,000072
чрезвычайный 1,088136 0,000361
чтоб 0,073896 0,000025
чтобы 0,030597 0,000041
чувства 0,495219 0,000164
чувство 0,611015 0,000203
чувствовал 0,635838 0,001056
чьего 0,000000 0,000000
шевелился 1,690196 0,000561
шепнул 1,167317 0,000388
шестая 1,565257 0,000520
штука 1,389166 0,000923
щемило 2,167317 0,000720
экой 1,264227 0,000420
экспансивничать 2,167317 0,000720
энергии 2,167317 0,000720
эпилептика 1,866287 0,001240
этим 0,189594 0,000063
этих 0,213075 0,000071
этого 0,053374 0,000035
этой 0,118099 0,000078
этом 0,046743 0,000016
этому 0,322219 0,000107
этот 0,011981 0,000028
ямщики 1,866287 0,000620
ясное 1,213075 0,000403
ясному 2,167317 0,000720
