автор 0,000000 0,000000
автором 0,000000 0,000000
авторского 0,000000 0,000000
авторы 0,000000 0,000000
агафье 1,866287 0,000458
аграфена 1,167317 0,000286
аквариум 2,167317 0,000531
александровна 0,787106 0,000193
алексее 2,167317 0,000531
алексей 0,000000 0,000000
алексея 0,000000 0,000000
алеша 0,381987 0,002903
алеше 0,523865 0,000899
алешей 0,752344 0,000184
алешенька 1,690196 0,000829
алеши 0,544068 0,000400
алешу 0,565257 0,000416
ангел 0,912045 0,001565
ангела 1,264227 0,000310
барыня 0,963197 0,000236
барышней 1,690196 0,000414
барышня 1,690196 0,006630
бегущие 1,866287 0,000458
беда 0,866287 0,000212
бедного 0,845098 0,000207
бедных 1,389166 0,000341
безногий 2,167317 0,000531
безо 0,599116 0,000294
безошибочно 1,565257 0,000384
бела 1,866287 0,000458
белую 1,565257 0,000384
бессловесная 1,866287 0,000458
бессознательно 1,125925 0,000276
бесчеловечен 1,866287 0,000458
бесчестен 1,213075 0,000297
бесчестным 1,690196 0,000414
библиотека 0,000000 0,000000
бисквиты 2,167317 0,000531
благоговением 1,468347 0,000360
благодетельнице 2,167317 0,000531
благородна 2,167317 0,000531
благородная 1,389166 0,000681
благородны 1,866287 0,000458
благосклонностью 1,866287 0,000458
бледно 1,125925 0,000552
бледному 1,866287 0,000458
бога 0,451314 0,000111
богу 0,434924 0,000213
бодрою 2,167317 0,000531
боже 0,459747 0,000113
боится 0,690196 0,000338
более 0,000000 0,000000
болезнию 1,468347 0,000360
боли 0,963197 0,000236
большая 0,936868 0,000230
больше 0,137934 0,000169
большие 0,720159 0,000177
большим 0,704919 0,000173
больших 0,991226 0,000243
большой 0,495219 0,000121
браваду 2,167317 0,000531
брат 0,303994 0,000447
брата 0,389166 0,000286
братом 0,769377 0,000189
брату 0,752344 0,000184
братья 0,176091 0,000173
брови 1,125925 0,000276
бросилась 0,648803 0,000159
бросились 1,167317 0,000286
брошенную 2,167317 0,000531
брызнули 1,866287 0,000458
будет 0,077412 0,000076
будешь 0,648803 0,000477
будто 0,099131 0,000024
буду 0,208276 0,000153
будущее 1,389166 0,000341
бывало 0,554533 0,000136
была 0,046743 0,000160
были 0,099131 0,000097
было 0,000000 0,000000
быстро 0,232819 0,000057
быстрыми 1,389166 0,000341
быть 0,002964 0,000023
важная 1,468347 0,000360
вазы 1,565257 0,000384
вами 0,232819 0,000171
ваша 0,554533 0,000136
ваше 0,434924 0,000107
вашей 0,504560 0,000247
вашу 0,504560 0,000618
вбежала 1,565257 0,000384
вбежали 1,565257 0,000384
ввели 1,690196 0,000414
вдвое 1,264227 0,000310
вдруг 0,005949 0,000028
ведь 0,043466 0,000117
велел 0,752344 0,000553
великодушны 1,565257 0,000384
венеры 1,866287 0,000458
вера 0,769377 0,000189
верите 0,735954 0,000180
верить 0,635838 0,000156
верно 0,523865 0,000128
верный 1,389166 0,000681
верхняя 2,167317 0,000531
веры 0,845098 0,000207
веселил 1,866287 0,000458
веселится 1,565257 0,000384
веселость 1,322219 0,000324
веселым 1,167317 0,000286
весь 0,099131 0,000049
вечно 0,824895 0,000809
взгляд 0,396465 0,000194
взгляда 0,662167 0,000162
взгляде 0,769377 0,000189
взглядом 0,504560 0,000124
вздрогнула 1,322219 0,000324
взяла 0,824895 0,000202
виде 0,434924 0,000107
видел 0,248239 0,000061
видела 0,888564 0,000218
видимо 0,328468 0,000161
видимся 2,167317 0,000531
видите 0,396465 0,000194
видно 0,504560 0,000124
виду 0,544068 0,000133
визита 1,389166 0,000341
визиты 0,000000 0,000000
виноватым 1,389166 0,000341
властно 1,565257 0,000384
властность 2,167317 0,000531
вливается 2,167317 0,000531
влюбиться 1,468347 0,000360
влюблена 1,322219 0,000324
вместе 0,208276 0,000204
внесла 2,167317 0,000531
вовсе 0,150284 0,000074
возбуждении 1,088136 0,000800
вознаграждения 0,000000 0,000000
возраст 1,322219 0,000324
возьму 0,936868 0,000459
волнение 0,824895 0,000202
волосы 0,991226 0,000243
волшебница 2,167317 0,000531
вопрос 0,222835 0,000055
ворвался 1,468347 0,000360
воротиться 1,053374 0,000258
воскликнула 0,845098 0,000622
воскресила 2,167317 0,000531
воспитании 1,866287 0,000458
восторг 0,888564 0,000218
восторга 0,720159 0,000177
восторгом 1,053374 0,000258
восхищении 1,389166 0,000341
восхищенною 2,167317 0,000531
вошел 0,403889 0,000099
вошла 0,912045 0,000224
вперед 0,426955 0,000105
впечатление 0,544068 0,000267
вполне 0,316059 0,000077
впрочем 0,118099 0,000087
вразумите 2,167317 0,000531
время 0,043466 0,000021
всегда 0,129891 0,000032
всего 0,040213 0,000039
всей 0,248239 0,000061
всем 0,070407 0,000104
всех 0,060107 0,000059
всею 0,888564 0,000218
вскочила 0,888564 0,000218
вскрикнула 0,866287 0,000425
всплеснув 1,322219 0,000324
вспыхнула 1,125925 0,000552
встречается 1,322219 0,000324
встречи 1,053374 0,000258
всякая 1,167317 0,000286
всяких 0,991226 0,000243
всякой 0,635838 0,000156
всякую 0,866287 0,000212
входил 1,053374 0,000258
выбежавшую 2,167317 0,000531
выбежала 1,213075 0,000297
выбежали 1,690196 0,000414
выговор 1,866287 0,000458
выдавшаяся 2,167317 0,000531
выделки 2,167317 0,000531
выйдет 0,587534 0,000144
вынес 1,053374 0,000258
вынести 0,888564 0,000218
выплаты 0,000000 0,000000
выражало 1,468347 0,000360
выражение 0,805589 0,000395
выражением 1,125925 0,000276
выражению 1,389166 0,000341
выраженное 1,866287 0,000458
выразился 0,752344 0,000184
вырвалось 0,704919 0,000173
высказал 0,912045 0,000671
высказывать 1,866287 0,000458
выслушала 1,213075 0,000297
высокая 1,389166 0,000341
высоким 1,264227 0,000310
высокого 0,991226 0,000486
выход 1,468347 0,000360
выходила 1,389166 0,000341
выходило 0,991226 0,000243
выходите 1,389166 0,000341
вышел 0,275223 0,000135
гармонию 1,690196 0,000414
генеральше 1,322219 0,000324
главный 0,963197 0,000236
глаз 0,554533 0,000544
глаза 0,129891 0,000127
глазами 0,403889 0,000099
глазах 0,459747 0,000338
глупая 1,264227 0,000310
глупые 1,213075 0,000297
глупым 2,167317 0,000531
глядела 1,125925 0,000552
глядя 0,611015 0,000300
гнушаться 2,167317 0,000531
говорил 0,095435 0,000047
говорила 0,587534 0,000144
говорили 0,374926 0,000184
говорит 0,189594 0,000046
говорите 0,533849 0,000393
говорить 0,162996 0,000080
говорю 0,203530 0,000050
говорят 0,309985 0,000076
года 0,477121 0,000117
годам 1,690196 0,000414
голове 0,554533 0,000136
головка 1,866287 0,000458
голос 0,533849 0,000262
голоском 1,213075 0,000297
голосом 0,396465 0,000097
голубчик 0,587534 0,000144
голубые 1,468347 0,000360
гора 1,468347 0,000360
гораздо 0,443041 0,000326
гордая 1,125925 0,000276
гордое 1,565257 0,000384
гордости 0,805589 0,000197
гореть 1,866287 0,000458
горничная 1,264227 0,000310
горничной 1,468347 0,000360
горы 0,963197 0,000236
горячо 0,544068 0,000133
горящие 1,690196 0,000414
госпожи 0,991226 0,000243
гостей 0,752344 0,000184
готовы 1,021189 0,000250
граничило 1,866287 0,000458
грубом 2,167317 0,001063
грудь 0,752344 0,000184
грустно 0,735954 0,000180
грушенька 0,675956 0,001823
грушеньки 0,787106 0,000386
грушеньку 0,845098 0,000207
губа 1,866287 0,000458
губам 1,264227 0,000620
губки 1,468347 0,000360
губку 1,866287 0,000458
гулянье 2,167317 0,000531
давала 1,389166 0,000681
давеча 0,232819 0,000342
давке 2,167317 0,000531
давно 0,158717 0,000195
даже 0,005949 0,000019
дайте 0,735954 0,000361
дали 0,635838 0,000156
дальше 0,002964 0,000001
данные 0,000000 0,000000
дать 0,623249 0,000153
двадцать 0,411442 0,000101
дверям 1,125925 0,000276
движений 1,468347 0,000720
движениями 2,167317 0,000531
двумя 0,720159 0,000177
девицей 1,866287 0,000458
девушка 0,805589 0,000197
девушки 0,963197 0,000236
действительно 0,106619 0,000026
дела 0,309985 0,000076
делала 1,468347 0,000360
деле 0,162996 0,000040
дело 0,063514 0,000031
день 0,162996 0,000120
деньгами 0,675956 0,000331
деньгах 0,866287 0,000212
деньги 0,280827 0,000275
детски 1,565257 0,000384
детским 1,690196 0,000414
детское 1,468347 0,000360
детства 0,912045 0,000224
дивана 0,963197 0,000236
диване 0,845098 0,000207
диванов 1,866287 0,000458
диваном 1,690196 0,000414
диванчиков 2,167317 0,000531
дитя 0,912045 0,000447
длинными 1,213075 0,000297
дмитрием 1,021189 0,000501
дмитрий 0,468347 0,000344
дмитрию 0,936868 0,000230
дмитрия 0,599116 0,000147
добра 1,322219 0,000324
добрая 1,021189 0,000501
добротой 2,167317 0,000531
добрый 0,824895 0,000202
доверчивое 1,866287 0,000458
доверчивым 1,690196 0,000414
довольно 0,129891 0,000032
догадался 0,752344 0,000184
догнала 2,167317 0,000531
долго 0,222835 0,000055
должен 0,258832 0,000063
доложить 1,389166 0,000341
дома 0,298086 0,000146
доме 0,322219 0,000079
домой 0,459747 0,000113
дорогой 0,565257 0,000139
дорогую 2,167317 0,000531
досадуя 2,167317 0,000531
достоевский 0,000000 0,000000
достойная 1,866287 0,000915
достояние 0,000000 0,000000
дрожал 1,053374 0,000258
дрожала 1,167317 0,000286
дрожащим 0,991226 0,000243
дрожью 1,565257 0,000384
друг 0,269690 0,000198
другая 0,648803 0,000159
другие 0,389166 0,000095
других 0,459747 0,000113
другого 0,396465 0,000097
другом 0,477121 0,000234
другую 0,495219 0,000243
думает 0,824895 0,000202
думаете 0,504560 0,000124
думаешь 0,752344 0,000184
думал 0,258832 0,000063
думаю 0,328468 0,000161
дурная 2,167317 0,001063
дурнее 2,167317 0,000531
дурно 0,888564 0,000218
дурного 1,053374 0,000258
дуру 1,468347 0,000360
духа 0,787106 0,000193
душили 2,167317 0,000531
душу 0,451314 0,000111
едва 0,554533 0,000136
едет 1,167317 0,000286
единственно 0,477121 0,000117
если 0,011981 0,000012
есть 0,018098 0,000009
жалея 2,167317 0,000531
жаром 0,587534 0,000432
ждала 0,805589 0,000395
желал 0,611015 0,000150
желанию 1,690196 0,000829
желтому 2,167317 0,000531
женился 0,888564 0,000218
женится 1,167317 0,001145
женские 1,690196 0,000414
женский 1,053374 0,000258
женской 1,565257 0,000384
женщин 0,888564 0,000218
женщина 0,396465 0,000292
женщине 0,991226 0,000486
женщиной 1,125925 0,000276
женщину 0,805589 0,000395
женщины 0,576253 0,000424
жертву 1,167317 0,000286
живет 0,662167 0,000162
жизнь 0,162996 0,000040
забота 1,167317 0,000286
забудет 1,322219 0,000324
забыл 0,328468 0,000161
забыла 1,021189 0,000250
забыть 0,623249 0,000153
завопила 1,565257 0,000767
завтра 0,298086 0,000146
завязался 1,690196 0,000414
загадочное 1,690196 0,000414
задержала 1,565257 0,000384
зажженные 2,167317 0,000531
зале 0,936868 0,000230
залу 0,735954 0,000180
заметил 0,154480 0,000038
заметили 0,611015 0,000150
замечалась 2,167317 0,000531
занавеской 1,565257 0,000384
занимавшей 2,167317 0,000531
заполонила 2,167317 0,000531
запомнить 1,322219 0,000324
заранее 0,576253 0,000141
засверкавшими 1,866287 0,000458
заслужила 2,167317 0,000531
засмеялась 0,866287 0,000212
заставили 1,565257 0,000384
застал 0,866287 0,000212
затем 0,237898 0,000058
захотел 0,787106 0,000193
захотела 1,021189 0,000250
захочется 1,389166 0,000341
зачем 0,146128 0,000215
защищаете 2,167317 0,000531
защищать 1,053374 0,000516
защищаю 2,167317 0,000531
зверь 1,125925 0,000276
звонким 1,565257 0,000384
звонко 1,565257 0,000384
звуков 1,565257 0,000384
знает 0,171682 0,000210
знаете 0,286504 0,000492
знайте 0,866287 0,000425
знал 0,114239 0,000056
знала 0,635838 0,000312
знали 0,426955 0,000105
знатоки 1,866287 0,000458
знать 0,328468 0,000161
знаю 0,095435 0,000211
иван 0,303994 0,000075
ивана 0,504560 0,000124
ивановна 0,486076 0,002383
ивановне 0,720159 0,000883
ивановной 0,963197 0,000236
ивановну 0,805589 0,000395
ивановны 0,554533 0,000816
идею 0,963197 0,000236
идти 0,434924 0,000213
идут 1,322219 0,000324
избил 0,963197 0,000236
избила 2,167317 0,001063
известий 1,264227 0,000310
известиями 1,565257 0,000384
изнеженно 2,167317 0,000531
изнеженными 2,167317 0,000531
изумлением 1,167317 0,000286
изюмом 2,167317 0,000531
именно 0,066947 0,000066
института 1,866287 0,000458
интонация 2,167317 0,000531
исказившемся 2,167317 0,000531
искренностью 1,690196 0,000414
использоваться 0,000000 0,000000
испугал 1,213075 0,000297
испугался 0,704919 0,000173
источник 0,000000 0,000000
исход 1,468347 0,000360
кавалерам 1,866287 0,000458
каждую 0,936868 0,000230
кажется 0,118099 0,000029
казалось 0,316059 0,000077
казаться 1,468347 0,000360
какая 0,194189 0,000190
каким 0,194189 0,000143
какое 0,227798 0,000112
какой 0,095435 0,000070
каком 0,381987 0,000094
капельку 0,963197 0,000472
карамазов 0,587534 0,000144
карамазовы 0,180546 0,000177
карман 0,888564 0,000218
картины 1,213075 0,000297
касалось 1,565257 0,000384
катерина 0,735954 0,003608
катерине 0,912045 0,000894
катериной 1,213075 0,000297
катерину 0,991226 0,000486
катерины 0,752344 0,001107
кипень 2,167317 0,000531
кланяться 1,322219 0,001945
книга 0,176091 0,000086
книги 0,000000 0,000000
когда 0,015029 0,000022
кого 0,222835 0,000164
коленях 0,912045 0,000224
коли 0,269690 0,000066
комаров 0,000000 0,000000
комната 1,021189 0,000250
комнате 0,389166 0,000095
комнату 0,468347 0,000230
кому 0,341243 0,000167
конвертик 1,866287 0,000458
конец 0,495219 0,000121
конечно 0,060107 0,000044
конфетами 1,866287 0,000458
кончится 0,963197 0,000236
которая 0,361137 0,000177
которой 0,213075 0,000104
котором 0,347773 0,000085
который 0,110412 0,000027
которых 0,426955 0,000105
кошачья 2,167317 0,000531
красивая 1,565257 0,000384
красивых 2,167317 0,000531
краснел 1,690196 0,000414
краснея 1,389166 0,000341
красота 1,167317 0,001431
красоту 1,264227 0,000620
красоты 1,125925 0,000276
красу 1,866287 0,000458
кресло 1,213075 0,000595
крик 0,769377 0,000189
крикнула 0,824895 0,000202
кроме 0,158717 0,000039
купец 1,213075 0,000297
кутая 2,167317 0,000531
кушеток 2,167317 0,000531
ладошку 2,167317 0,000531
лампы 1,866287 0,000458
ласки 1,690196 0,000414
легкомысленному 1,866287 0,000458
лежит 0,648803 0,000159
летучая 1,866287 0,000458
либо 0,000000 0,000000
литература 0,000000 0,000000
лица 0,322219 0,000237
лице 0,403889 0,000297
лицо 0,114239 0,000084
лицом 0,000000 0,000000
лицу 0,587534 0,000144
лично 0,720159 0,000177
личное 1,167317 0,000286
лишен 2,167317 0,000531
лишь 0,185046 0,000272
ломая 1,389166 0,000341
лучше 0,162996 0,000040
любили 0,866287 0,000425
любим 1,167317 0,000286
любимая 1,690196 0,000414
любимого 1,389166 0,000341
любите 0,845098 0,000207
любить 0,523865 0,000385
любовь 0,523865 0,000128
любопытством 0,459747 0,000113
любым 0,000000 0,000000
люди 0,269690 0,000066
маленький 0,662167 0,000162
маленьким 1,213075 0,000297
маленьких 1,167317 0,000286
маленькую 1,021189 0,000250
малою 2,167317 0,000531
мантилью 1,565257 0,000767
машинально 1,053374 0,000258
мгновение 0,396465 0,000194
мгновения 0,991226 0,000243
мебелью 1,389166 0,000341
медленно 0,805589 0,000197
между 0,129891 0,000064
мелькнуло 0,805589 0,000197
мельком 0,912045 0,000447
меня 0,027438 0,000155
мерзавка 2,167317 0,000531
места 0,389166 0,000095
мигом 0,504560 0,000124
милая 1,021189 0,003004
милой 1,690196 0,000414
милосской 2,167317 0,000531
милою 1,565257 0,000767
милую 1,389166 0,000341
милый 0,477121 0,000351
минуту 0,084532 0,000021
мите 0,735954 0,000180
митя 0,587534 0,000144
младенца 1,053374 0,000258
мнение 0,690196 0,000508
многими 1,565257 0,000384
много 0,080958 0,000060
многое 0,662167 0,000162
мной 0,237898 0,000233
могли 0,374926 0,000092
могло 0,403889 0,000099
могу 0,171682 0,000126
могучая 2,167317 0,000531
моему 0,354404 0,000087
может 0,000000 0,000000
можно 0,088136 0,000043
моим 0,675956 0,000166
молила 1,690196 0,000414
молчал 0,565257 0,000139
молчала 1,322219 0,000324
момента 0,000000 0,000000
морщиночки 2,167317 0,000531
москве 0,690196 0,000338
московская 1,866287 0,000458
мощное 2,167317 0,000531
мощною 1,866287 0,000458
муках 1,690196 0,000414
мучила 1,167317 0,000286
мучительных 1,468347 0,000360
мысли 0,316059 0,000077
мысль 0,264227 0,000130
мягкими 1,866287 0,000458
мягко 1,167317 0,000572
мягкость 2,167317 0,000531
навеки 0,648803 0,000159
наверно 0,264227 0,000065
наглая 1,565257 0,000384
надежда 1,088136 0,000267
надеждой 1,389166 0,000681
надежды 0,912045 0,000224
надменной 1,866287 0,000458
надменности 2,167317 0,000531
надо 0,036984 0,000036
надолго 1,167317 0,000286
назад 0,000000 0,000000
название 0,000000 0,000000
наивна 2,167317 0,000531
найти 0,000000 0,000000
наконец 0,073896 0,000018
намерения 1,053374 0,000258
написано 0,000000 0,000000
направлялся 1,866287 0,000458
напротив 0,180546 0,000089
напряженно 2,167317 0,000531
нараспев 1,690196 0,000414
народе 1,264227 0,000310
насмешки 1,053374 0,000258
настаивал 0,845098 0,000207
настаивая 1,690196 0,000414
настоятельно 0,991226 0,000243
натурально 0,991226 0,000243
наука 0,000000 0,000000
находил 1,088136 0,000267
находя 2,167317 0,000531
нашел 0,648803 0,000159
наши 0,544068 0,000133
нашим 0,936868 0,000459
невесту 1,125925 0,000552
невинным 1,690196 0,000414
невозможная 1,690196 0,000414
невозможным 1,322219 0,000324
него 0,000000 0,000000
недели 0,565257 0,000139
неделю 0,662167 0,000487
недопитые 2,167317 0,000531
недостойному 2,167317 0,000531
нежите 2,167317 0,000531
нежная 1,468347 0,000360
нежно 1,167317 0,000286
нежность 1,866287 0,000458
нежный 2,167317 0,000531
нежным 1,866287 0,000458
незаметною 2,167317 0,000531
нельзя 0,176091 0,000043
нему 0,080958 0,000060
необыкновенным 0,845098 0,000207
необычайном 1,866287 0,000458
неподдельною 2,167317 0,000531
непостоянная 2,167317 0,000531
непременно 0,133894 0,000066
неприкрашенном 2,167317 0,000531
непристойно 2,167317 0,000531
неприятным 1,565257 0,000384
неразрешимый 2,167317 0,000531
нервно 0,936868 0,000230
нервным 1,468347 0,000360
несколько 0,102859 0,000202
неслышно 1,866287 0,000458
неслышность 2,167317 0,000531
неслышными 1,866287 0,000458
несмотря 0,275223 0,000067
несомненная 2,167317 0,000531
несомненно 0,704919 0,000173
неспокойно 2,167317 0,001063
несчастна 1,389166 0,000341
несчастны 1,213075 0,000297
несчастным 1,565257 0,000767
нетерпеливым 1,565257 0,000384
нечаянно 0,752344 0,000184
нечто 0,389166 0,000095
нибудь 0,030597 0,000015
нижнюю 1,468347 0,000360
нижняя 1,565257 0,000767
низком 2,167317 0,000531
никакого 0,403889 0,000099
никогда 0,088136 0,000043
ними 0,275223 0,000067
ничего 0,030597 0,000015
ноги 0,477121 0,000117
нравился 1,468347 0,000360
нужна 1,213075 0,000297
нужно 0,514105 0,000504
нужны 0,936868 0,000230
обаятельница 2,167317 0,000531
обеда 0,912045 0,000224
оберегателем 2,167317 0,000531
обещала 1,322219 0,000324
обещали 1,468347 0,000360
обещало 2,167317 0,000531
обещание 1,167317 0,000286
обещаний 2,167317 0,000531
обильнейшие 2,167317 0,000531
обильное 1,866287 0,000458
обильною 2,167317 0,000531
обольстительна 2,167317 0,000531
обрюзгнет 2,167317 0,000531
общественное 0,000000 0,000000
общую 1,866287 0,000458
объяснилась 1,866287 0,000458
обыкновенное 1,389166 0,000341
обыкновенных 1,167317 0,000286
обязана 2,167317 0,000531
овдовел 1,866287 0,000458
огрубеет 2,167317 0,000531
один 0,046743 0,000046
одна 0,185046 0,000136
однако 0,102859 0,000177
одним 0,286504 0,000070
одно 0,099131 0,000024
одного 0,150284 0,000184
одной 0,243038 0,000060
одну 0,232819 0,000114
ожидала 1,053374 0,000516
ожидая 0,936868 0,000459
означать 1,866287 0,000458
оказались 1,021189 0,000250
оказаться 1,866287 0,000458
окна 0,648803 0,000318
около 0,443041 0,000217
окончательно 0,565257 0,000139
опубликовано 0,000000 0,000000
опустилась 1,468347 0,000360
опять 0,027438 0,000047
осекся 1,468347 0,000360
особа 1,021189 0,000250
особенно 0,129891 0,000159
особенной 1,264227 0,000310
оставайтесь 1,866287 0,000458
оставить 0,690196 0,000169
оставленную 2,167317 0,000531
оставшейся 2,167317 0,000531
остался 0,523865 0,000128
остановится 1,866287 0,000458
остановиться 1,322219 0,000324
остаются 1,389166 0,000341
осудите 1,866287 0,000458
отвернулся 1,088136 0,000267
отвести 1,565257 0,000384
ответил 0,237898 0,000058
отвечайте 1,690196 0,000414
отворившей 2,167317 0,000531
откроете 2,167317 0,000531
открыться 1,866287 0,000458
относительно 1,167317 0,000286
отняла 1,690196 0,000414
оттенении 2,167317 0,000531
оттенком 1,264227 0,000310
отца 0,222835 0,000273
отцом 0,599116 0,000294
отцу 0,565257 0,000139
отчаянием 1,322219 0,000324
отчаянии 0,912045 0,000447
отчего 0,554533 0,000272
отчет 1,468347 0,000360
офицер 1,125925 0,000276
оформление 0,000000 0,000000
очарованный 2,167317 0,000531
очевидно 0,599116 0,000441
очень 0,024303 0,000071
очертание 2,167317 0,000531
очертании 2,167317 0,000531
ошиблась 1,565257 0,000384
ошибся 0,963197 0,000472
ощущением 1,322219 0,000324
падением 2,167317 0,000531
палача 1,866287 0,000458
память 0,936868 0,000230
первая 0,419129 0,000206
первого 0,411442 0,000101
первом 0,805589 0,000197
первому 1,021189 0,000250
первый 0,248239 0,000122
первых 0,367977 0,000180
перебила 1,088136 0,000267
передавал 1,167317 0,000286
передал 0,690196 0,000169
передать 0,690196 0,000846
передаче 2,167317 0,000531
передернулось 1,866287 0,000458
переднюю 1,389166 0,000341
пережитых 2,167317 0,000531
перенес 1,389166 0,000341
перенесу 1,866287 0,000915
перескажу 2,167317 0,000531
перешло 0,000000 0,000000
писал 0,963197 0,000236
письма 0,704919 0,000173
письмецо 1,322219 0,000324
плакать 0,866287 0,000212
платьем 1,468347 0,000360
платья 1,213075 0,000297
плетью 2,167317 0,000531
плечи 0,991226 0,000486
побагровеет 2,167317 0,000531
побежден 1,866287 0,000458
побледнев 1,389166 0,000341
побоялся 1,264227 0,000310
повидав 1,866287 0,000458
погиб 1,389166 0,000341
погибшая 1,565257 0,000384
погнушались 2,167317 0,000531
подавленном 2,167317 0,000531
подборка 0,000000 0,000000
поддавшись 2,167317 0,000531
подите 1,468347 0,000360
подлец 0,662167 0,000162
поднимала 1,565257 0,000384
поднялась 1,021189 0,000751
подошла 1,053374 0,000775
подробными 2,167317 0,000531
подтвердил 0,690196 0,000338
подумать 0,704919 0,000173
подхватив 1,866287 0,000458
подчеркивание 2,167317 0,000531
подчеркивая 2,167317 0,000531
подчинялась 1,690196 0,000414
подчинялись 2,167317 0,000531
пожалею 2,167317 0,000531
пожалуй 0,237898 0,000058
пожелаю 1,866287 0,000458
познакомить 1,565257 0,000384
позовете 1,866287 0,000458
пойду 0,623249 0,000153
покажитесь 2,167317 0,000531
показалось 0,495219 0,000243
поклон 0,936868 0,000230
покой 1,322219 0,000324
покраснел 0,675956 0,000166
полагая 1,690196 0,000414
полетел 1,322219 0,000324
полная 1,167317 0,000572
полнее 1,690196 0,000414
полную 1,053374 0,000258
полные 1,468347 0,000360
положение 0,866287 0,000212
положения 1,053374 0,000258
положим 0,720159 0,000177
положит 1,866287 0,000458
полу 0,735954 0,000180
получены 1,866287 0,000458
полчаса 0,824895 0,000202
полюбили 1,213075 0,000297
помогите 1,866287 0,000458
поморщился 1,264227 0,000310
помощь 1,167317 0,000286
понесла 1,866287 0,000458
пониже 1,690196 0,000414
понимаете 0,866287 0,000425
понимании 1,690196 0,000414
понравился 1,053374 0,000258
понравится 1,866287 0,000915
поняв 1,053374 0,000258
понял 0,396465 0,000097
поняла 0,787106 0,000193
поняли 0,769377 0,000189
пообещала 1,690196 0,000414
попал 0,824895 0,000202
попрекнет 2,167317 0,000531
попросил 0,635838 0,000156
попросила 1,389166 0,000341
попятился 2,167317 0,000531
поразивших 2,167317 0,000531
поразила 0,963197 0,000472
поразило 0,720159 0,000177
портьера 1,866287 0,000915
поручал 2,167317 0,000531
поручение 1,213075 0,000297
посетителей 0,000000 0,000000
посетители 0,000000 0,000000
поскорей 0,769377 0,000189
послал 0,720159 0,000706
послан 2,167317 0,000531
после 0,084532 0,000104
последнее 0,486076 0,000357
последние 0,533849 0,000131
последнюю 0,888564 0,000218
послышались 1,264227 0,000310
посмертно 0,000000 0,000000
посмотрите 0,888564 0,000436
поспешаете 2,167317 0,000531
поставил 0,845098 0,000207
поставила 1,866287 0,000915
постойте 1,167317 0,000286
поступлю 1,866287 0,000458
постыдился 1,565257 0,000384
посылать 1,565257 0,000384
потеряет 2,167317 0,000531
потому 0,024303 0,000018
потупив 1,468347 0,000360
похвалиться 1,322219 0,000324
походкой 1,866287 0,000458
похожая 1,690196 0,000414
похожем 1,565257 0,000384
поцеловала 0,991226 0,000486
поцеловали 1,866287 0,000458
поцеловать 1,125925 0,000276
поцелую 1,389166 0,001022
поцелуями 1,690196 0,000414
почти 0,024303 0,000036
почувствовав 1,322219 0,000324
почувствовал 0,623249 0,000458
пошел 0,275223 0,000135
пошлет 1,690196 0,000829
пошло 1,088136 0,000267
появятся 1,866287 0,000458
правда 0,162996 0,000080
правду 0,443041 0,000109
прегордое 2,167317 0,000531
пред 0,033778 0,000091
предлагает 1,322219 0,000324
предо 0,769377 0,000566
предсказать 1,866287 0,000458
представить 0,576253 0,000141
представлялись 1,690196 0,000414
предупреждала 2,167317 0,000531
предчувствовала 1,322219 0,000648
предчувствовало 2,167317 0,000531
предчувствовалось 1,565257 0,000384
прежде 0,077412 0,000038
прежней 0,936868 0,000230
прекрасны 1,565257 0,000384
прелестную 1,565257 0,000767
прелестные 1,468347 0,000360
прелестным 2,167317 0,000531
прелестных 2,167317 0,000531
преувеличивает 1,866287 0,000458
прибавил 0,275223 0,000135
прибытием 1,866287 0,000458
прибытии 1,389166 0,000341
привлечен 1,866287 0,000458
привозил 1,690196 0,000414
привычка 1,468347 0,000360
придет 0,514105 0,000126
придите 1,468347 0,000360
приду 0,675956 0,000166
приедет 1,167317 0,000286
приехала 1,125925 0,000276
прижизненно 0,000000 0,000000
приказал 1,213075 0,000297
приковался 1,565257 0,000384
приличного 1,690196 0,000414
принесла 1,264227 0,000620
принесли 1,264227 0,000310
принести 1,264227 0,000310
приносили 1,690196 0,000414
принял 0,565257 0,000139
припадок 1,053374 0,000258
припухла 2,167317 0,001594
пристал 1,389166 0,000341
пристально 0,389166 0,000095
присутствовал 1,866287 0,000458
приходилась 1,866287 0,000458
приходили 0,936868 0,000230
пришел 0,322219 0,000079
пришла 0,648803 0,000159
приятно 0,805589 0,000197
пробормотал 0,334808 0,000082
провинциальному 2,167317 0,000531
проводи 1,690196 0,001243
проговорил 0,154480 0,000038
проговорила 0,533849 0,000785
программирование 0,000000 0,000000
продавать 1,565257 0,000767
продажная 1,866287 0,000915
проделала 2,167317 0,000531
продолговатому 2,167317 0,000531
произведение 0,000000 0,000000
произведений 0,000000 0,000000
произведения 0,000000 0,000000
произвести 1,322219 0,000324
произнес 0,361137 0,000266
произнесла 0,936868 0,000230
происшедшую 1,866287 0,000458
проклятый 1,021189 0,000501
промелькнуло 1,125925 0,000276
промолвила 1,690196 0,000414
пропорции 1,866287 0,000458
просил 0,599116 0,000147
простите 0,648803 0,000159
просто 0,232819 0,000057
простодушное 1,213075 0,000595
простодушному 2,167317 0,000531
простодушною 1,866287 0,000458
простое 1,468347 0,000360
просторный 2,167317 0,000531
просьбам 1,866287 0,000458
против 0,389166 0,000095
противоречием 1,866287 0,000458
противоречий 1,690196 0,000414
протягивая 1,565257 0,000384
протянув 1,690196 0,000414
протянула 1,088136 0,000800
прошло 0,000000 0,000000
прошумев 2,167317 0,000531
прямо 0,118099 0,000029
прямом 1,866287 0,000458
прямою 1,690196 0,000414
публикации 0,000000 0,000000
пусть 0,253503 0,000311
путаясь 1,866287 0,000458
пухленькую 2,167317 0,000531
пухлую 2,167317 0,000531
пылки 2,167317 0,000531
пылкою 2,167317 0,000531
пышным 2,167317 0,000531
пять 0,275223 0,000135
раба 1,565257 0,000384
рабски 1,690196 0,000829
равно 0,303994 0,000149
равнодушного 2,167317 0,000531
радовалась 1,690196 0,000414
радостной 1,866287 0,000458
радостному 2,167317 0,000531
радостною 1,866287 0,000458
радость 0,805589 0,000197
радуясь 1,468347 0,000720
раза 0,426955 0,000314
разбитом 2,167317 0,000531
разбросан 1,866287 0,000458
разбросанное 2,167317 0,000531
разве 0,146128 0,000143
развеселым 2,167317 0,000531
развязность 1,866287 0,000458
разглядел 0,991226 0,000486
разговор 0,434924 0,000107
раздроблен 2,167317 0,000531
раздумывая 1,565257 0,000384
разлюбите 2,167317 0,000531
разрешения 0,000000 0,000000
разумеется 0,328468 0,000081
разъяснила 2,167317 0,000531
раскрасавица 1,866287 0,000458
расплывется 1,866287 0,000458
рассеянного 2,167317 0,000531
рассказал 0,587534 0,000432
рассказали 1,125925 0,000276
рассмеялась 1,125925 0,000276
растраты 1,866287 0,000458
растягивании 2,167317 0,000531
репутация 1,468347 0,000360
ресницами 1,866287 0,000458
решения 0,991226 0,000243
решено 1,021189 0,000250
решился 0,554533 0,000136
решим 1,690196 0,000414
решительно 0,341243 0,000084
решиться 0,963197 0,000236
робкою 1,468347 0,000360
ровно 0,533849 0,000131
родственницы 1,565257 0,000384
розовый 1,866287 0,000458
розовым 2,167317 0,000531
роковой 1,167317 0,000572
роста 0,936868 0,000459
руками 0,280827 0,000069
руки 0,167317 0,000164
руку 0,222835 0,000055
румянца 1,866287 0,000458
русская 0,000000 0,000000
русской 1,088136 0,000534
русые 1,690196 0,000414
ручка 1,866287 0,001373
ручки 1,213075 0,000297
ручку 0,888564 0,003050
рыдала 2,167317 0,000531
садитесь 1,088136 0,000267
сайте 0,000000 0,000000
сама 0,208276 0,000153
сами 0,142011 0,000139
самовластная 1,690196 0,000414
самого 0,118099 0,000058
самое 0,167317 0,000164
самом 0,114239 0,000056
самому 0,426955 0,000209
самоуверенность 2,167317 0,000531
самый 0,198834 0,000097
самым 0,280827 0,000138
самых 0,468347 0,000115
сближения 2,167317 0,000531
свежая 1,866287 0,000458
сверкнуло 1,866287 0,000458
сверху 0,936868 0,000230
света 0,845098 0,000207
свечи 1,565257 0,000384
свидание 0,936868 0,000230
свидетелем 0,991226 0,000243
свидетельствовавшая 2,167317 0,000531
свободно 0,000000 0,000000
свое 0,150284 0,000037
своевольная 1,866287 0,000458
своевольное 2,167317 0,000531
своевольны 2,167317 0,000531
своего 0,091770 0,000022
своей 0,066947 0,000016
свои 0,146128 0,000036
своим 0,208276 0,000255
свою 0,073896 0,000109
сговоров 2,167317 0,000531
сделал 0,381987 0,000094
сделался 1,389166 0,000341
сделать 0,403889 0,000099
сделаю 0,845098 0,000207
сдерживать 1,468347 0,000360
сдерживаться 2,167317 0,000531
себе 0,033778 0,000017
себя 0,005949 0,000012
сего 0,611015 0,000150
сегодня 0,000000 0,000000
сейчас 0,070407 0,000173
семидесяти 0,000000 0,000000
семь 0,787106 0,000193
сердечко 2,167317 0,000531
сердце 0,171682 0,000295
сердцем 0,675956 0,000497
серо 1,866287 0,000458
серьезно 0,419129 0,000103
сестре 1,167317 0,000286
сестрой 1,264227 0,000310
сжималось 2,167317 0,000531
сидели 0,963197 0,000236
силах 0,623249 0,000153
силой 0,675956 0,000166
сильнее 0,866287 0,000212
сильном 1,213075 0,000297
синим 1,866287 0,000458
сияло 1,866287 0,000458
сиянию 2,167317 0,000531
скажите 0,576253 0,000141
скажу 0,275223 0,000270
сказал 0,099131 0,000024
сказалось 1,565257 0,000384
сказать 0,073896 0,000018
сказывались 2,167317 0,000531
скверная 1,565257 0,000384
сквитаться 2,167317 0,001063
сколько 0,280827 0,000138
сконфузился 1,213075 0,000297
скорей 0,845098 0,000207
скоро 0,298086 0,000073
слава 0,769377 0,000189
сладострастники 1,389166 0,000341
слащавейшим 2,167317 0,000531
слащавой 2,167317 0,000531
слащавом 2,167317 0,000531
слащавый 2,167317 0,000531
следила 1,565257 0,000384
слезах 1,021189 0,000250
слезы 0,554533 0,000136
слетела 1,866287 0,000458
слишком 0,133894 0,000230
слов 0,367977 0,000271
слова 0,129891 0,000318
словам 0,888564 0,000218
слове 1,125925 0,000552
словно 0,866287 0,000212
слово 0,232819 0,000228
словом 0,367977 0,000090
словцо 1,125925 0,000276
слогов 2,167317 0,000531
сложил 1,264227 0,000310
служанка 1,088136 0,000534
слушайте 0,912045 0,000224
слышно 0,912045 0,000447
смеем 2,167317 0,000531
смеет 1,053374 0,000258
смеется 0,611015 0,000150
смейте 1,565257 0,000384
смелая 1,690196 0,000414
смеркалось 1,690196 0,000414
смешком 1,322219 0,000648
смеющиеся 2,167317 0,000531
смеясь 0,787106 0,000386
смеяться 0,587534 0,000144
смиряются 2,167317 0,000531
смотрела 0,769377 0,000189
смотрит 0,690196 0,000169
смотрите 0,805589 0,000395
смотря 0,322219 0,000079
смущении 0,963197 0,000236
снять 1,264227 0,000310
собой 0,253503 0,000124
соболиные 2,167317 0,000531
собрание 0,000000 0,000000
собственное 0,888564 0,000218
собственному 1,167317 0,000286
совсем 0,021189 0,000047
согласия 0,000000 0,000000
соединить 1,468347 0,000360
созданий 1,690196 0,000414
сознавая 1,125925 0,000276
сообщить 0,635838 0,000156
состояли 1,866287 0,000458
состоянии 0,459747 0,000113
сочинений 0,000000 0,000000
спазмы 2,167317 0,000531
спас 1,264227 0,000620
спасение 1,389166 0,000341
спасете 1,565257 0,000384
спасти 0,769377 0,000377
спеша 0,866287 0,000212
спешил 1,021189 0,000250
спешными 2,167317 0,000531
спрашивал 0,769377 0,000189
спрашивала 1,088136 0,000267
сразу 0,991226 0,000243
стало 0,091770 0,000067
старик 0,434924 0,000213
старшая 1,088136 0,000267
стенах 1,468347 0,000360
стоит 0,316059 0,000155
стойте 1,389166 0,000341
стол 0,486076 0,000119
столах 2,167317 0,000531
столе 0,824895 0,000202
столиков 2,167317 0,000531
столу 0,752344 0,000369
столь 0,434924 0,000213
столько 0,477121 0,000234
сторожила 2,167317 0,000531
стою 0,866287 0,000212
стоял 0,309985 0,000076
стояло 1,213075 0,000297
странно 0,354404 0,000174
странное 0,690196 0,000169
странною 1,264227 0,000310
странным 0,752344 0,000184
страсти 0,866287 0,000212
страсть 1,213075 0,000297
страстью 1,389166 0,000341
страшная 0,805589 0,000197
страшно 0,434924 0,000107
страшною 1,468347 0,000360
стыдится 1,389166 0,000681
стыдно 0,504560 0,000495
стыдясь 1,389166 0,000341
судьбой 1,389166 0,000341
суетились 1,866287 0,000458
сумел 0,936868 0,000230
сумерек 2,167317 0,000531
сумерки 1,468347 0,000360
сунул 1,167317 0,000286
существо 0,690196 0,000169
сцену 0,845098 0,000622
счастлив 0,963197 0,000708
счастлива 1,468347 0,000360
счастливому 1,468347 0,000360
счастье 0,787106 0,000193
сюда 0,232819 0,000114
тайна 0,963197 0,000236
также 0,000000 0,000000
таки 0,066947 0,000016
такие 0,232819 0,000228
такими 0,690196 0,000169
такого 0,243038 0,000060
такое 0,114239 0,000056
такой 0,077412 0,000019
такою 0,690196 0,000169
тарелку 2,167317 0,000531
тварей 2,167317 0,000531
твари 1,690196 0,000414
тварь 0,991226 0,000243
тверда 2,167317 0,000531
твердым 1,125925 0,000276
тебе 0,203530 0,000050
тебя 0,198834 0,000049
текст 0,000000 0,000000
тела 1,264227 0,000620
телеграммой 2,167317 0,000531
тело 1,125925 0,000552
темно 0,912045 0,000224
темновато 2,167317 0,000531
темные 1,167317 0,000286
теперь 0,015029 0,000074
тетка 1,389166 0,000681
тетками 1,866287 0,000458
теткой 1,866287 0,000458
тигр 1,690196 0,000414
тихо 0,354404 0,000348
тихому 2,167317 0,000531
тогда 0,050046 0,000098
тогдашний 1,322219 0,000324
того 0,005949 0,000004
тоже 0,043466 0,000085
толпе 0,991226 0,000243
только 0,002964 0,000008
томах 0,000000 0,000000
тому 0,095435 0,000047
тона 1,213075 0,000297
тонка 1,866287 0,000458
тонная 2,167317 0,000531
тотчас 0,046743 0,000023
точно 0,121994 0,000060
точь 0,787106 0,000386
трагизм 2,167317 0,000531
третья 0,486076 0,000238
трех 0,374926 0,000276
тридцати 1,021189 0,000250
триста 1,322219 0,000324
туда 0,495219 0,000121
тысяч 0,451314 0,000111
тысячах 1,021189 0,000501
тяжелее 1,866287 0,000458
тянет 1,468347 0,000360
убивало 1,565257 0,000384
увидать 1,264227 0,000310
угодить 1,565257 0,000767
угощали 2,167317 0,000531
удержал 1,565257 0,000384
удержали 1,690196 0,000414
удерживала 1,866287 0,000458
удивленно 1,565257 0,000384
удивляетесь 1,468347 0,000360
удобный 1,866287 0,000458
ужасная 1,088136 0,000267
ужасно 0,167317 0,000164
узнала 0,805589 0,000197
узнать 0,374926 0,000276
уйдет 1,088136 0,000534
уйдите 1,866287 0,000915
уйду 0,936868 0,000230
указания 2,167317 0,000531
улице 0,635838 0,000156
улицу 0,735954 0,000180
улыбкой 0,468347 0,000230
умершим 0,000000 0,000000
умоляю 1,322219 0,000324
умоляя 1,389166 0,000681
умышленно 1,866287 0,000458
упоении 1,264227 0,000620
упрашивали 2,167317 0,000531
усадила 1,389166 0,000341
усвоенном 2,167317 0,000531
усиленно 1,264227 0,000310
услышал 0,824895 0,000202
усмехнулась 1,167317 0,000286
уставленная 2,167317 0,000531
устыдите 2,167317 0,000531
устыдить 1,866287 0,000458
утаить 1,866287 0,000458
утопиться 2,167317 0,000531
утрированной 2,167317 0,000531
ухаживала 2,167317 0,000531
уходите 1,565257 0,000384
ушел 0,599116 0,000147
фантастическая 1,468347 0,000360
фантастических 1,866287 0,000458
фантастическое 1,690196 0,000414
федор 0,000000 0,000000
федорович 0,253503 0,000746
федоровича 0,426955 0,000105
федоровиче 1,468347 0,000360
федоровичем 0,704919 0,000173
формы 1,468347 0,000360
хаживали 2,167317 0,000531
характер 0,635838 0,000156
ходить 0,576253 0,000141
хороша 0,963197 0,000236
хорошенькое 1,866287 0,000915
хорошо 0,189594 0,000046
хотела 0,648803 0,000636
хотелось 0,381987 0,000187
хотите 0,419129 0,000206
хоть 0,060107 0,000015
хотя 0,050046 0,000037
хохлаковой 0,787106 0,000193
хочет 0,322219 0,000158
хочу 0,243038 0,000119
хрустальную 2,167317 0,000531
хуже 0,635838 0,000156
цвет 1,389166 0,000341
цветов 1,264227 0,000310
целовали 1,690196 0,001243
целовать 0,845098 0,000207
целуют 1,690196 0,000414
целый 0,486076 0,000119
цель 0,769377 0,000189
целью 0,824895 0,000202
часа 0,000000 0,000000
часов 0,411442 0,000101
часто 0,292256 0,000072
часть 0,002964 0,000001
чашки 1,565257 0,000384
чего 0,040213 0,000049
человек 0,036984 0,000009
человека 0,154480 0,000076
человеку 0,459747 0,000113
челюсть 2,167317 0,000531
чему 0,341243 0,000084
черную 1,468347 0,000360
черные 1,213075 0,000297
черным 1,389166 0,000341
черточка 1,322219 0,000324
чести 0,735954 0,000180
честь 0,554533 0,000136
число 0,000000 0,000000
читаем 0,000000 0,000000
читать 0,000000 0,000000
чрез 0,275223 0,000067
чрезвычайно 0,217927 0,000053
чрезвычайном 0,824895 0,000202
чрезвычайному 1,389166 0,000341
чтоб 0,073896 0,000109
чтобы 0,030597 0,000015
чувствовал 0,635838 0,000468
чувствует 0,866287 0,000212
чувствуя 1,167317 0,000286
чудеснейшие 2,167317 0,000531
чьего 0,000000 0,000000
шага 1,167317 0,000286
шагами 0,963197 0,000236
шаги 1,690196 0,000414
шагом 1,565257 0,000384
шагу 1,021189 0,000250
шаль 1,565257 0,000384
шалью 2,167317 0,000531
шатаясь 1,690196 0,000414
шелковую 2,167317 0,000531
шелковым 1,565257 0,000384
шерстяную 2,167317 0,000531
широкие 1,866287 0,000915
широко 1,167317 0,000286
шоколату 2,167317 0,000531
шумящие 2,167317 0,000531
щадила 1,866287 0,000458
элегантною 2,167317 0,000531
энергия 2,167317 0,000531
этакую 1,167317 0,000286
этикета 2,167317 0,000531
этим 0,189594 0,000046
этих 0,213075 0,000209
этого 0,053374 0,000065
этой 0,118099 0,000087
этом 0,046743 0,000057
этому 0,322219 0,000158
этот 0,011981 0,000026
этою 0,599116 0,000147
эшафоте 1,866287 0,000458
юношеская 2,167317 0,001063
ясная 1,565257 0,000384
ясную 1,866287 0,000458
