автор 0,000000 0,000000
автором 0,000000 0,000000
авторского 0,000000 0,000000
авторы 0,000000 0,000000
аглаей 1,053374 0,000427
аглаи 0,991226 0,000201
аглаю 0,912045 0,000369
аглая 0,720159 0,000729
аделаида 0,845098 0,000513
адрес 1,213075 0,000737
адреса 1,565257 0,000317
александра 0,845098 0,000342
александровна 0,787106 0,000319
александровне 1,021189 0,000207
александровной 1,690196 0,000342
александровну 1,213075 0,000737
алексей 0,000000 0,000000
алексея 0,000000 0,000000
альтернативы 2,167317 0,000439
английского 1,866287 0,000378
анекдот 0,991226 0,000201
ардалионович 0,805589 0,000489
ардалионовича 0,963197 0,000195
ардалионовичу 1,125925 0,000228
батюшка 0,675956 0,000274
бегал 1,213075 0,000246
беда 0,866287 0,000351
бедному 1,389166 0,000281
безо 0,599116 0,000243
безотлучно 1,690196 0,000342
беспокоитесь 1,468347 0,000297
беспокоить 1,167317 0,000236
беспокойстве 0,991226 0,000401
беспокойство 0,936868 0,000190
беспорядка 1,264227 0,000256
беспорядке 1,322219 0,000268
беспрерывно 0,623249 0,000126
бесчестнейший 2,167317 0,000439
библиотека 0,000000 0,000000
благодарное 1,866287 0,000378
благодарю 0,824895 0,000167
благодушия 2,167317 0,000439
благодушнейший 2,167317 0,001755
благороднейшая 1,866287 0,000378
благороднейшем 2,167317 0,000439
благороднейший 1,690196 0,000342
благородно 1,167317 0,000473
благородное 1,213075 0,000246
благородною 1,866287 0,000378
блюде 2,167317 0,000439
блюдо 2,167317 0,000439
бога 0,451314 0,000091
богу 0,434924 0,000176
боже 0,459747 0,000186
бокового 1,468347 0,000297
боковой 1,264227 0,000256
более 0,000000 0,000000
больного 0,752344 0,000609
больной 0,611015 0,000124
большая 0,936868 0,000190
больше 0,137934 0,000028
большое 0,963197 0,000195
большую 0,866287 0,000175
боюсь 0,504560 0,000102
боялись 1,125925 0,000228
боялся 0,587534 0,000238
бравировать 2,167317 0,000439
брак 1,053374 0,000213
бросился 0,451314 0,000183
будет 0,077412 0,000016
будили 1,866287 0,000378
будить 1,468347 0,000595
будто 0,099131 0,000060
буду 0,208276 0,000084
будущей 1,468347 0,000297
будьте 0,735954 0,000596
бумажник 1,690196 0,001027
бумажника 2,167317 0,000439
бумажный 2,167317 0,000439
бурдовский 1,167317 0,000709
бурдовского 1,213075 0,000491
бывает 0,599116 0,000121
бывали 0,824895 0,000167
бывшую 1,565257 0,000317
была 0,046743 0,000057
были 0,099131 0,000040
было 0,000000 0,000000
быть 0,002964 0,000011
важно 0,675956 0,000547
важном 1,264227 0,000256
важностию 1,866287 0,000378
важность 1,565257 0,000317
важный 1,125925 0,000228
вами 0,232819 0,000047
вашем 0,690196 0,000140
ваши 0,434924 0,000264
вашу 0,504560 0,000102
вдохновение 1,866287 0,000756
вдохновении 1,389166 0,000563
вдруг 0,005949 0,000012
ведь 0,043466 0,000132
везде 0,866287 0,000175
велика 1,565257 0,000317
великого 0,866287 0,000175
вера 0,769377 0,000935
вероятно 0,623249 0,000252
веру 0,845098 0,000171
верю 0,623249 0,000252
весь 0,099131 0,000060
весьма 0,243038 0,000098
вечер 0,477121 0,000097
вечера 0,623249 0,000126
вечером 0,533849 0,000432
вещи 0,735954 0,000149
вещь 0,720159 0,000146
взад 1,389166 0,000563
взглядывать 2,167317 0,000439
вздор 0,599116 0,000243
вздохнул 1,125925 0,000456
вздумал 0,805589 0,000163
взятое 2,167317 0,000439
взятым 2,167317 0,000439
видал 0,623249 0,000126
видах 1,167317 0,000473
виде 0,434924 0,000176
видеть 0,381987 0,000155
видите 0,396465 0,000401
виду 0,544068 0,000110
видя 0,690196 0,000140
визиты 0,000000 0,000000
вилкин 2,167317 0,000439
вилкина 2,167317 0,000439
вилкину 2,167317 0,003511
вина 0,963197 0,000195
вицмундир 2,167317 0,000878
вицмундире 2,167317 0,000439
вместе 0,208276 0,000211
внушающий 2,167317 0,000439
вовсе 0,150284 0,000030
возбудило 1,866287 0,000378
возвестил 1,053374 0,000427
возвещать 2,167317 0,000439
возвращении 1,322219 0,000268
воздержания 1,866287 0,000378
воздерживаться 2,167317 0,000439
возможно 0,735954 0,000298
вознаграждения 0,000000 0,000000
возраставшим 1,866287 0,000378
возьмешь 1,468347 0,000297
войдя 0,735954 0,000149
волнение 0,824895 0,000167
вольтер 1,866287 0,000378
вообще 0,459747 0,000093
вопрос 0,222835 0,000226
вопросительно 1,167317 0,000236
вопросы 0,599116 0,000121
воровская 2,167317 0,000439
воротилась 1,053374 0,000213
воротился 0,599116 0,000364
восемь 0,824895 0,000334
воскликнул 0,309985 0,000063
восторженно 0,936868 0,000190
восхитит 2,167317 0,000439
восхощет 2,167317 0,000439
восьми 1,125925 0,000228
восьмого 1,565257 0,000317
восьмом 1,565257 0,000317
вошедший 1,322219 0,000268
вошедших 1,389166 0,000281
вошел 0,403889 0,000245
вошли 0,720159 0,000146
вперед 0,426955 0,000173
вполголоса 0,888564 0,000360
вполне 0,316059 0,000192
впрочем 0,118099 0,000096
временем 0,963197 0,000195
время 0,043466 0,000018
всегда 0,129891 0,000053
всего 0,040213 0,000049
всей 0,248239 0,000050
всем 0,070407 0,000043
всеми 0,434924 0,000176
всею 0,888564 0,000180
вскинулся 1,053374 0,000213
вскочил 0,587534 0,000357
вскричал 0,292256 0,000178
вслед 0,523865 0,000212
вследствие 0,888564 0,000540
всплеснув 1,322219 0,000268
вспыхнула 1,125925 0,000228
вставали 1,565257 0,000317
вставать 1,167317 0,000236
вставая 1,088136 0,000441
встал 0,403889 0,000082
встала 0,963197 0,000195
встревожилась 2,167317 0,000439
встретил 0,769377 0,000156
встретились 1,213075 0,000246
встретить 0,866287 0,000175
встретиться 1,167317 0,000236
встречаться 1,565257 0,000317
встречаю 1,565257 0,000317
встречи 1,053374 0,000213
всякого 0,514105 0,000416
втайне 1,565257 0,000317
вторая 0,514105 0,000104
входили 1,264227 0,000512
входить 1,125925 0,000228
входя 1,088136 0,000220
вчера 0,341243 0,000415
вчерашнего 0,866287 0,000877
выдать 1,125925 0,000228
выдержит 1,690196 0,000342
вынул 0,599116 0,000121
выпили 1,389166 0,000281
выплаты 0,000000 0,000000
выражение 0,805589 0,000326
выразились 1,690196 0,000342
выронить 2,167317 0,000439
высочайших 1,866287 0,000378
высшая 1,690196 0,000342
высшей 0,544068 0,000110
вытащил 1,167317 0,000236
вытрусил 2,167317 0,000439
вытрушенный 2,167317 0,000439
выходила 1,389166 0,000281
вышел 0,275223 0,000167
вышла 0,495219 0,000301
газетах 1,088136 0,000220
гант 2,167317 0,000439
гвоздю 2,167317 0,000439
генерал 0,554533 0,001010
генерала 0,662167 0,000536
генрал 2,167317 0,000439
гигантская 2,167317 0,000439
гигантскую 2,167317 0,000439
главное 0,189594 0,000230
главный 0,963197 0,000195
глаза 0,129891 0,000053
глазах 0,459747 0,000093
глубине 1,167317 0,000236
глупа 1,565257 0,000317
глупо 0,845098 0,000342
глупое 1,088136 0,000220
глухой 1,866287 0,000378
гневом 1,264227 0,000256
говорил 0,095435 0,000077
говорила 0,587534 0,000238
говорит 0,189594 0,000269
говорите 0,533849 0,000324
говорить 0,162996 0,000132
говорю 0,203530 0,000206
говоря 0,434924 0,000176
голова 0,787106 0,000159
головой 0,533849 0,000108
голову 0,227798 0,000184
голом 2,167317 0,000439
голосом 0,396465 0,000080
голубчик 0,587534 0,000119
гордо 1,053374 0,000213
горевшего 2,167317 0,000439
горжусь 1,866287 0,000378
горничной 1,468347 0,000297
горячим 1,264227 0,000512
господин 0,514105 0,000312
господина 0,824895 0,002004
господине 1,565257 0,000317
господином 1,322219 0,000268
гостей 0,752344 0,000152
гости 0,769377 0,000156
готов 0,544068 0,000441
граф 1,468347 0,000297
графа 1,690196 0,000342
грозный 1,565257 0,000317
груди 0,675956 0,000137
грудь 0,752344 0,000152
грустно 0,735954 0,000149
гулять 1,088136 0,000220
давал 0,805589 0,000163
давеча 0,232819 0,000189
дадите 1,565257 0,000317
даете 1,690196 0,001027
даже 0,005949 0,000052
дала 0,720159 0,000146
далее 0,648803 0,000131
дали 0,635838 0,000129
дальше 0,002964 0,000001
данные 0,000000 0,000000
данный 1,866287 0,000378
даче 1,053374 0,000213
дверь 0,367977 0,000075
дверью 1,167317 0,000236
двух 0,264227 0,000053
девицах 2,167317 0,000439
девицы 1,021189 0,000414
девяти 1,322219 0,000535
дежурство 2,167317 0,000439
дежурю 2,167317 0,000439
действительно 0,106619 0,000086
действовать 1,322219 0,000268
действуйте 2,167317 0,000439
делайте 1,565257 0,000951
делать 0,426955 0,000086
делах 0,963197 0,000195
делая 1,167317 0,000236
деле 0,162996 0,000099
деликатности 1,690196 0,000342
деликатность 1,468347 0,000297
дело 0,063514 0,000090
делом 0,845098 0,000513
делу 0,468347 0,000190
денег 0,309985 0,000439
день 0,162996 0,000066
деньгами 0,675956 0,000137
деньги 0,280827 0,000284
держал 0,866287 0,000175
держать 0,963197 0,000195
держу 1,565257 0,000317
дескать 0,419129 0,000339
десять 0,374926 0,000152
детей 0,576253 0,000117
дичь 1,690196 0,000684
дней 0,514105 0,000104
добился 1,389166 0,000281
добродетели 1,264227 0,000256
доверие 1,690196 0,000342
довести 1,565257 0,000317
довольно 0,129891 0,000079
дойдешь 2,167317 0,000439
докончил 1,264227 0,000256
долго 0,222835 0,000045
должен 0,258832 0,000052
должника 2,167317 0,000439
должно 0,286504 0,000058
дома 0,298086 0,000181
домом 2,167317 0,000439
доночевывать 2,167317 0,001316
допрашивать 1,565257 0,000634
допустить 0,912045 0,000185
дорогой 0,565257 0,000229
досаде 1,088136 0,000220
досадно 1,322219 0,000268
достоевский 0,000000 0,000000
достоинства 1,088136 0,000441
достоинством 0,866287 0,000175
достоинству 1,565257 0,000317
достояние 0,000000 0,000000
дотолкались 2,167317 0,000439
дочерей 1,021189 0,000207
дочери 0,787106 0,000159
дошло 1,021189 0,000207
древнерыцарскими 2,167317 0,000439
дрожит 1,468347 0,000297
друг 0,269690 0,000109
других 0,459747 0,000093
другого 0,396465 0,000080
другое 0,309985 0,000126
другой 0,146128 0,000207
другою 1,021189 0,000207
другу 0,752344 0,000152
думал 0,258832 0,000052
дурного 1,053374 0,000213
духа 0,787106 0,000159
духом 0,866287 0,000175
души 0,523865 0,000106
душой 0,824895 0,000334
дырявого 2,167317 0,000439
евгений 0,866287 0,000175
едва 0,554533 0,000225
единственно 0,477121 0,000483
единственный 0,991226 0,000201
если 0,011981 0,000029
естественно 0,888564 0,000180
есть 0,018098 0,000048
жаль 0,635838 0,000129
желал 0,611015 0,000247
желала 1,088136 0,000220
желаю 0,735954 0,000149
желая 0,662167 0,000268
железная 1,690196 0,000342
жестко 1,866287 0,000378
живостью 1,866287 0,000378
живущему 2,167317 0,000439
жизни 0,222835 0,000045
жизнью 1,167317 0,000473
жили 1,167317 0,000236
заботливость 1,866287 0,000378
забыл 0,328468 0,000200
заговорил 0,599116 0,000121
задней 1,565257 0,000317
задумчивости 0,991226 0,000201
задумываясь 1,866287 0,000378
зайти 0,936868 0,000190
заключил 0,523865 0,000106
заключила 1,125925 0,000228
заключить 0,824895 0,000167
закраснелась 2,167317 0,000439
закрыл 0,991226 0,000201
зала 1,125925 0,000228
заложили 1,866287 0,000378
заложить 1,866287 0,000378
заметил 0,154480 0,000031
заметили 0,611015 0,000371
заметить 0,635838 0,000129
замечу 1,088136 0,000220
замком 1,866287 0,000378
заночевавших 2,167317 0,000439
заночевал 1,690196 0,000342
записка 1,264227 0,000256
запиской 1,468347 0,000297
заплачет 1,389166 0,000281
заподозрили 1,468347 0,000297
заподозрить 1,565257 0,000317
запутывался 2,167317 0,000439
заслуживаю 1,866287 0,000378
засмеялась 0,866287 0,000351
засмеялся 0,495219 0,000100
заснул 0,963197 0,000195
застав 2,167317 0,000439
застал 0,866287 0,000175
застану 1,690196 0,000342
застать 1,389166 0,000281
затем 0,237898 0,000145
затревожился 1,690196 0,000342
затрясся 1,125925 0,000228
захныкал 2,167317 0,000439
заходил 1,125925 0,000228
заходит 1,565257 0,000317
зачем 0,146128 0,000237
зашел 0,912045 0,000554
зашли 1,322219 0,000268
здесь 0,095435 0,000097
здравствуйте 1,468347 0,000297
зеленой 1,322219 0,000535
знает 0,171682 0,000139
знаете 0,286504 0,000174
знаешь 0,533849 0,000108
знаком 0,936868 0,000190
знакомы 1,468347 0,000297
знал 0,114239 0,000046
знать 0,328468 0,000133
значит 0,243038 0,000148
значительному 2,167317 0,000439
знаю 0,095435 0,000077
золотые 1,088136 0,000220
ивановна 0,486076 0,000098
ивановной 0,963197 0,000390
ивановны 0,554533 0,000112
идем 0,963197 0,000195
идет 0,514105 0,000416
идиот 0,443041 0,000359
идти 0,434924 0,000176
известие 0,662167 0,000268
известного 1,264227 0,000256
извивался 1,866287 0,000378
извините 0,735954 0,000149
изволите 1,088136 0,000220
изготовляемой 2,167317 0,000439
излил 1,866287 0,000378
излить 1,690196 0,000342
излишняя 2,167317 0,000439
изловить 1,866287 0,000378
изменился 1,322219 0,000268
имел 0,347773 0,000070
имели 1,088136 0,000220
имени 0,912045 0,000185
именно 0,066947 0,000068
иметь 0,587534 0,000119
имею 0,565257 0,000229
имея 0,752344 0,000762
иногда 0,208276 0,000042
иной 0,587534 0,000119
интересоваться 1,468347 0,000297
ипполита 0,888564 0,000180
искал 1,021189 0,000207
исключаю 2,167317 0,000439
искреннейший 2,167317 0,001316
искренностью 1,690196 0,000342
исповедью 1,690196 0,000342
исполнил 1,088136 0,000220
использоваться 0,000000 0,000000
исправлении 2,167317 0,000439
исправления 1,690196 0,000342
испугана 1,690196 0,000342
испытал 1,690196 0,000342
истинноуважаемый 2,167317 0,000439
истинным 1,690196 0,000342
источник 0,000000 0,000000
исчезновение 1,866287 0,000756
итак 0,805589 0,000326
каждое 0,963197 0,000195
казалось 0,316059 0,000064
какая 0,194189 0,000039
какие 0,232819 0,000047
каким 0,194189 0,000079
каково 0,991226 0,000201
какой 0,095435 0,000155
каком 0,381987 0,000077
какую 0,419129 0,000085
камином 2,167317 0,000439
капитал 1,088136 0,000220
капитанша 1,690196 0,000684
капитанше 1,690196 0,000342
капитанши 1,565257 0,000317
капитаншу 1,866287 0,000756
капсюля 1,866287 0,000378
карман 0,888564 0,000540
кармана 0,720159 0,000875
карманах 1,866287 0,000378
кармане 0,805589 0,000163
касающемся 1,866287 0,000378
касающихся 2,167317 0,000439
кашель 1,468347 0,000297
келлер 0,991226 0,000803
келлера 1,167317 0,000473
кипит 1,565257 0,000317
кипя 2,167317 0,000439
кислою 1,690196 0,000342
клетчатый 1,866287 0,000378
клочки 1,866287 0,000378
клянусь 0,635838 0,000257
книги 0,000000 0,000000
книгой 1,468347 0,000297
князем 0,704919 0,000428
князь 0,477121 0,006859
князю 0,504560 0,000204
князя 0,468347 0,000379
коварства 1,866287 0,000378
когда 0,015029 0,000027
кого 0,222835 0,000361
коле 1,021189 0,000207
колеблюсь 2,167317 0,000439
коли 0,269690 0,000055
колокольчик 1,167317 0,000236
колю 0,805589 0,000326
коля 0,565257 0,000687
комаров 0,000000 0,000000
комедии 1,866287 0,000378
комнатах 1,167317 0,000236
комнате 0,389166 0,000236
комнату 0,468347 0,000095
комнаты 0,443041 0,000179
компании 0,845098 0,000171
кому 0,341243 0,000069
конечно 0,060107 0,000085
контрека 2,167317 0,000439
контрекарировать 2,167317 0,000878
костю 1,866287 0,000378
костя 1,690196 0,000342
которого 0,198834 0,000040
которой 0,213075 0,000129
котором 0,347773 0,000070
которую 0,292256 0,000059
который 0,110412 0,000067
краснеть 1,389166 0,000281
крепко 0,443041 0,000090
кровь 0,662167 0,000268
кроме 0,158717 0,000064
круглым 1,389166 0,000281
кружится 1,565257 0,000317
крюк 1,866287 0,000378
кстати 0,468347 0,000095
куда 0,248239 0,000201
кухне 1,213075 0,000246
кушетка 2,167317 0,000439
кушетке 1,565257 0,000317
кушетку 2,167317 0,000439
ласково 0,936868 0,000190
лебедев 0,735954 0,005066
лебедева 0,752344 0,000609
лебедеву 1,213075 0,000246
лежавшего 1,389166 0,000281
лежать 1,389166 0,000281
лекарство 1,866287 0,000378
лечь 1,322219 0,000268
лжет 1,021189 0,000414
либерал 1,468347 0,000297
либеральными 2,167317 0,000439
либо 0,000000 0,000000
лизавета 0,662167 0,001073
литература 0,000000 0,000000
лихорадку 1,866287 0,000378
лица 0,322219 0,000065
лице 0,403889 0,000082
лицо 0,114239 0,000046
лицом 0,000000 0,000000
лично 0,720159 0,000146
лишнего 1,389166 0,000281
лишь 0,185046 0,000112
ловко 1,125925 0,000228
ложитесь 1,690196 0,000342
ложный 2,167317 0,000439
ложь 0,866287 0,000175
лукавое 2,167317 0,000439
лукьян 1,565257 0,001902
лукьяновну 1,690196 0,000342
лучше 0,162996 0,000033
любимого 1,389166 0,000281
люблю 0,347773 0,000070
любовная 1,866287 0,000378
любовь 0,523865 0,000106
любым 0,000000 0,000000
людей 0,298086 0,000060
ляжете 1,866287 0,000378
мало 0,208276 0,000084
малосмысленный 2,167317 0,000439
мальчик 0,495219 0,000201
мальчика 0,648803 0,000131
мамаше 1,389166 0,000281
масоны 2,167317 0,000439
мать 0,389166 0,000158
меня 0,027438 0,000133
места 0,389166 0,000079
месте 0,286504 0,000058
местом 2,167317 0,000439
местоположении 2,167317 0,000439
мешок 1,565257 0,000317
мимоходом 1,264227 0,000256
минут 0,486076 0,000197
минутку 0,704919 0,000285
минуту 0,084532 0,000051
минуты 0,322219 0,000065
многим 0,912045 0,000185
многое 0,662167 0,000134
многоуважаемый 1,468347 0,004162
множество 0,936868 0,000190
множеством 2,167317 0,000439
мной 0,237898 0,000193
мною 0,635838 0,000129
могила 1,468347 0,000297
могла 0,286504 0,000116
могли 0,374926 0,000152
могу 0,171682 0,000070
могут 0,495219 0,000100
моего 0,367977 0,000224
моей 0,280827 0,000057
моем 0,599116 0,000485
может 0,000000 0,000000
можно 0,088136 0,000036
моих 0,554533 0,000337
молча 0,367977 0,000075
мольбе 1,690196 0,000342
момента 0,000000 0,000000
мудреного 1,866287 0,000378
мысли 0,316059 0,000192
мысль 0,264227 0,000107
наблюдая 1,565257 0,000317
наверно 0,264227 0,000214
наверх 0,888564 0,000180
навострил 1,866287 0,000378
надевая 1,565257 0,000317
надеюсь 0,912045 0,000185
надзор 1,866287 0,000378
надлежащее 1,866287 0,000378
надо 0,036984 0,000030
назад 0,000000 0,000000
название 0,000000 0,000000
назидательно 1,565257 0,000317
назойливый 2,167317 0,000439
называется 1,053374 0,000213
наиблагороднейший 2,167317 0,000439
наиблагороднейшим 2,167317 0,000878
найти 0,000000 0,000000
наказать 1,468347 0,000297
накинулся 1,565257 0,000317
наклонностями 1,565257 0,000317
наконец 0,073896 0,000060
накрыть 1,468347 0,000297
намекать 1,565257 0,000317
намерен 0,787106 0,000159
намерены 1,021189 0,000414
наперед 1,389166 0,000281
написано 0,000000 0,000000
напиши 1,690196 0,000342
нарочно 0,227798 0,000323
нарыв 2,167317 0,000439
насилу 1,565257 0,000317
насмешил 1,866287 0,000378
насмешки 1,053374 0,000427
настоящее 0,963197 0,000195
насчет 0,354404 0,000431
натурально 0,991226 0,000201
натянуто 2,167317 0,000439
наука 0,000000 0,000000
нахмуривался 2,167317 0,000439
нахмурился 0,991226 0,000201
находите 1,468347 0,000297
начал 0,137934 0,000028
начала 0,381987 0,000077
начинать 1,167317 0,000236
нашего 0,396465 0,000080
нашел 0,648803 0,000263
нашла 1,213075 0,000246
нашли 0,805589 0,000326
нашлось 1,866287 0,000378
невинен 1,468347 0,000297
невинное 1,565257 0,000317
невинности 1,088136 0,000441
невинностью 1,866287 0,000378
невоздержание 2,167317 0,000439
невозможно 0,411442 0,000083
невозможность 1,264227 0,000256
него 0,000000 0,000000
негодование 1,021189 0,000207
недавно 0,576253 0,000117
недоумением 1,088136 0,000220
недрами 1,866287 0,000378
недрах 1,690196 0,000342
неестественно 1,213075 0,000246
нежность 1,866287 0,000378
нежностью 1,866287 0,000378
независимость 1,690196 0,000342
незнаком 1,866287 0,000378
незнакомы 2,167317 0,000439
неизменном 2,167317 0,000439
неимение 2,167317 0,000439
некоторой 1,125925 0,000228
некоторому 1,167317 0,000236
некоторые 0,533849 0,000108
некоторых 0,824895 0,000167
неладно 2,167317 0,000439
нелепое 1,213075 0,000246
нельзя 0,176091 0,000107
немного 0,426955 0,000259
нему 0,080958 0,000033
необыкновенным 0,845098 0,000171
непостоянный 1,866287 0,000378
непременно 0,133894 0,000027
неприличном 1,866287 0,000378
неприятно 1,213075 0,000491
нескладно 1,690196 0,000342
несколько 0,102859 0,000042
неслышно 1,866287 0,000378
неспособною 2,167317 0,000439
несчастие 1,125925 0,000228
несчастию 1,264227 0,000256
несчастиях 2,167317 0,000439
несчастного 0,824895 0,000334
несчастье 1,264227 0,000256
нетерпеливо 0,936868 0,000379
неточный 2,167317 0,000439
неудовольствием 1,565257 0,000317
неужто 0,599116 0,000243
нецеремонная 2,167317 0,000439
нечего 0,381987 0,000077
нибудь 0,030597 0,000050
ниже 0,912045 0,000185
низко 1,322219 0,000268
низкого 1,468347 0,000297
низок 1,213075 0,000246
никак 0,396465 0,000080
никакого 0,403889 0,000245
никогда 0,088136 0,000018
никого 0,411442 0,000167
николай 0,845098 0,000513
николаю 1,264227 0,000256
николая 1,088136 0,000220
никому 0,504560 0,000102
никто 0,185046 0,000112
никуда 0,936868 0,000190
нина 0,963197 0,000390
нине 1,213075 0,000246
ниной 1,866287 0,000378
нину 1,468347 0,000892
ничего 0,030597 0,000025
ничтожного 1,690196 0,000342
ничтожный 1,690196 0,000342
новой 0,936868 0,000190
ноги 0,477121 0,000097
ногу 0,805589 0,000163
носовой 2,167317 0,000439
ночевал 1,389166 0,000281
ночевало 2,167317 0,000439
ночь 0,248239 0,000050
ночью 0,587534 0,000476
нравственности 1,690196 0,000342
нужду 2,167317 0,000439
обеспокоила 2,167317 0,000439
обессиленная 2,167317 0,000439
обидеть 1,389166 0,000281
обиды 1,088136 0,000220
обижаю 2,167317 0,000439
обманул 1,468347 0,000297
обнял 1,088136 0,000220
обожающий 2,167317 0,000439
обозначения 2,167317 0,000439
обокрасть 2,167317 0,000439
обрадовался 0,888564 0,000180
образом 0,347773 0,000141
обратился 0,443041 0,000090
обстановке 1,468347 0,000297
общественное 0,000000 0,000000
объясню 1,264227 0,000256
объятия 1,322219 0,000268
обыкновенно 0,720159 0,000146
обыскали 2,167317 0,000439
обыскать 2,167317 0,000439
обыскиваешь 2,167317 0,000439
обыскивай 2,167317 0,000439
обыскивал 2,167317 0,000439
оглобли 1,866287 0,000378
огня 1,565257 0,000317
огонь 1,264227 0,000256
одежду 1,565257 0,000317
один 0,046743 0,000038
одна 0,185046 0,000262
однако 0,102859 0,000062
одним 0,286504 0,000058
одно 0,099131 0,000040
одного 0,150284 0,000152
одной 0,243038 0,000197
одною 0,787106 0,000319
одну 0,232819 0,000047
одолжение 0,936868 0,000190
одолжили 2,167317 0,000439
ожесточенное 1,866287 0,000378
ожидал 0,675956 0,000137
ожидании 0,824895 0,000167
ожидая 0,936868 0,000190
озаботили 2,167317 0,000439
озабоченно 1,088136 0,000441
озабоченное 1,690196 0,000342
означено 2,167317 0,000439
означить 2,167317 0,000439
оказалось 0,486076 0,000098
оказывается 1,167317 0,000236
около 0,443041 0,000269
окон 1,468347 0,000297
окончательно 0,565257 0,000229
окрестили 1,565257 0,000317
опасности 1,264227 0,000512
опасный 1,468347 0,000297
оправдаться 1,690196 0,000342
определяете 2,167317 0,000439
опубликовано 0,000000 0,000000
опустил 1,088136 0,000220
опустилась 1,468347 0,000297
опять 0,027438 0,000028
осведомиться 1,565257 0,000317
осеклась 1,866287 0,000378
осекся 1,468347 0,000297
осматривал 1,468347 0,000297
осмотрели 2,167317 0,000439
основание 1,389166 0,000281
основания 1,264227 0,000256
особа 1,021189 0,000207
особенно 0,129891 0,000131
особенного 0,888564 0,000180
особенным 0,912045 0,000185
оставил 0,648803 0,000131
оставлю 1,053374 0,000213
оставляет 1,322219 0,000268
оставляете 1,565257 0,000317
оставьте 1,088136 0,000220
остается 0,787106 0,000159
остался 0,523865 0,000106
остальном 1,468347 0,000297
останавливается 1,690196 0,000342
останетесь 1,389166 0,000281
остановилась 1,088136 0,000220
остаются 1,389166 0,000281
отвести 1,565257 0,000317
ответила 0,824895 0,000167
ответит 1,213075 0,000246
отвлекаю 2,167317 0,000439
отворила 1,322219 0,000268
отворилась 1,088136 0,000220
отец 0,316059 0,000064
откашлялся 2,167317 0,000439
откланялся 1,866287 0,000378
открывает 1,690196 0,000342
открывается 2,167317 0,000439
открывал 1,389166 0,000281
отнюдь 0,824895 0,000167
отправилась 1,322219 0,000268
отправился 0,936868 0,000190
отпущу 1,866287 0,000756
отрапортовал 1,565257 0,000317
оттенком 1,264227 0,000256
отыскалась 2,167317 0,000439
отысканное 2,167317 0,000439
отыскивать 1,690196 0,000684
оформление 0,000000 0,000000
очень 0,024303 0,000025
очередь 0,805589 0,000163
очнулся 0,912045 0,000185
ошибиться 1,565257 0,000317
ошибке 2,167317 0,000439
павлыч 1,053374 0,000213
пагубе 2,167317 0,000439
пагубнейшей 2,167317 0,000439
папаша 1,088136 0,000220
парк 1,213075 0,000491
парке 1,322219 0,000803
первой 0,720159 0,000146
первым 0,769377 0,000467
первых 0,367977 0,000149
перебрался 2,167317 0,000439
передавайте 2,167317 0,000439
передает 1,690196 0,000342
переискал 2,167317 0,000439
переложил 1,690196 0,000342
переменив 2,167317 0,000439
переменить 1,264227 0,000256
переменять 1,866287 0,000378
переменяя 1,866287 0,000756
перенести 1,053374 0,000213
перерыл 2,167317 0,000439
перешел 0,936868 0,000190
перешло 0,000000 0,000000
песке 1,866287 0,000378
петербург 0,662167 0,000268
петербурге 0,690196 0,000140
пистолета 1,468347 0,000297
письма 0,704919 0,000285
пламень 1,866287 0,000378
платок 0,787106 0,000159
плохо 0,912045 0,000185
побледнел 0,704919 0,000285
побыл 2,167317 0,000439
повадилась 2,167317 0,000439
поверенного 2,167317 0,000878
поверенный 1,866287 0,000378
поверьте 0,866287 0,000175
повеселел 1,690196 0,000342
повода 1,690196 0,000342
поворачиваясь 1,690196 0,000342
погибшего 1,690196 0,000342
поглядев 1,264227 0,000256
поглядела 1,053374 0,000213
поговорить 0,866287 0,000175
подборка 0,000000 0,000000
подействовать 1,690196 0,000342
подивился 1,264227 0,000256
подлеца 1,088136 0,000220
подлецом 1,389166 0,000281
подлинно 1,468347 0,000297
подметали 2,167317 0,000439
поднес 1,468347 0,000297
поднялась 1,021189 0,000207
поднялся 0,635838 0,000129
подняться 1,389166 0,000281
подобно 1,167317 0,000236
подобные 1,565257 0,000634
подозревавшего 2,167317 0,000439
подозреваете 1,468347 0,001189
подозревал 1,053374 0,000213
подозревать 1,053374 0,000640
подозреваю 1,213075 0,000246
подозрение 1,167317 0,000236
подозрения 1,322219 0,000268
подошла 1,053374 0,000213
подробности 0,648803 0,000131
подумайте 1,213075 0,000246
подумал 0,334808 0,000068
подумать 0,704919 0,000143
подходя 1,088136 0,000220
поездом 1,322219 0,000268
пожалейте 2,167317 0,000439
пожалуй 0,237898 0,000096
пожар 1,866287 0,000378
пожаре 2,167317 0,000439
пожарных 2,167317 0,000439
пожелала 1,213075 0,000246
позабыв 1,690196 0,000342
позволяете 1,866287 0,000378
поздно 0,735954 0,000149
поздравить 1,690196 0,000342
пойдет 0,720159 0,000146
поймите 1,322219 0,000268
пойти 0,675956 0,000137
показывает 1,213075 0,000246
поклонился 0,912045 0,000185
покончить 1,088136 0,000220
покража 2,167317 0,000439
покраже 2,167317 0,000878
покраснел 0,675956 0,000137
покраснела 1,088136 0,000220
полагает 1,565257 0,000317
полагаете 1,565257 0,000317
полнейшее 1,565257 0,000317
полнейших 2,167317 0,000439
полноте 0,866287 0,000175
половине 0,936868 0,000190
положения 1,053374 0,000213
положил 0,599116 0,000243
положим 0,720159 0,000146
положить 1,167317 0,000236
полоумный 1,389166 0,000563
полу 0,735954 0,000447
полуобернувшись 2,167317 0,000439
получил 0,635838 0,000129
помилуйте 0,824895 0,000167
помню 0,486076 0,000098
помочь 0,912045 0,000185
помыслить 1,690196 0,000342
поневоле 1,167317 0,000236
понимаете 0,866287 0,000526
понимать 0,690196 0,000140
понимаю 0,381987 0,000155
понял 0,396465 0,000241
поняли 0,769377 0,000156
понятливость 2,167317 0,000439
понять 0,396465 0,000080
пообедав 2,167317 0,000439
попозже 1,866287 0,000378
пополудни 1,213075 0,000246
поражен 0,866287 0,000526
поражусь 2,167317 0,000439
поручусь 2,167317 0,000439
порядку 1,468347 0,000297
посадил 1,167317 0,000236
посетителей 0,000000 0,000000
посетители 0,000000 0,000000
посетить 1,468347 0,000297
посещает 1,468347 0,000297
поскорей 0,769377 0,000156
после 0,084532 0,000137
последние 0,533849 0,000108
послушайте 0,787106 0,000319
посмертно 0,000000 0,000000
посмотрел 0,459747 0,000093
посмотреть 0,704919 0,000143
посредине 1,690196 0,000684
поссорилась 1,690196 0,000342
постели 0,787106 0,000159
постоянно 0,824895 0,000167
потеряли 1,565257 0,000317
потирая 1,690196 0,000342
потом 0,084532 0,000034
потому 0,024303 0,000030
похитил 1,690196 0,000342
почему 0,099131 0,000080
почти 0,024303 0,000020
пошептались 2,167317 0,000439
правда 0,162996 0,000033
практики 1,866287 0,000378
превосходительства 1,322219 0,000535
превосходительство 1,213075 0,000246
превосходительством 1,690196 0,000342
пред 0,033778 0,000021
предлогом 1,264227 0,000256
предмет 0,936868 0,000379
предмету 1,264227 0,000256
предо 0,769377 0,000156
предполагаете 1,866287 0,000378
предполагать 1,468347 0,000297
предполагаю 1,866287 0,000378
предполагая 2,167317 0,000439
предположения 1,264227 0,000256
предупредить 1,167317 0,000236
прежде 0,077412 0,000016
прекрасно 0,735954 0,000149
прервал 0,735954 0,000298
прерывали 1,866287 0,000378
преступление 0,845098 0,000171
преступника 1,021189 0,000207
претензии 1,565257 0,000317
преувеличивать 1,866287 0,000378
прибавил 0,275223 0,000111
прибирали 2,167317 0,000439
приведя 2,167317 0,000439
привезли 1,866287 0,000378
привскочил 1,468347 0,000297
пригласил 1,213075 0,000246
пригласить 1,565257 0,000317
приглашения 1,565257 0,000317
придет 0,514105 0,000104
приезде 1,264227 0,000256
прижал 1,468347 0,000297
прижизненно 0,000000 0,000000
прижимая 2,167317 0,000439
признавался 1,167317 0,000236
признаюсь 0,769377 0,000779
примером 2,167317 0,000439
принимаете 1,167317 0,000236
принужден 0,991226 0,000201
приняв 1,322219 0,000268
приращения 2,167317 0,000439
пристально 0,389166 0,000079
пристыдить 2,167317 0,000878
притащила 1,866287 0,000378
притом 0,769377 0,000312
приходилось 1,264227 0,000256
приходу 1,866287 0,000378
причел 2,167317 0,000439
причинам 1,264227 0,000256
пришел 0,322219 0,000065
пришлось 0,769377 0,000156
прищурился 1,690196 0,000342
приятелю 1,690196 0,000342
пробудясь 1,866287 0,000378
провалилась 2,167317 0,000439
провидении 2,167317 0,000439
провидению 2,167317 0,000439
проглянуло 1,690196 0,000342
проговорил 0,154480 0,000125
проговорили 1,866287 0,000378
проговорится 1,866287 0,000378
прогоню 1,389166 0,000281
прогоняйте 2,167317 0,000439
программирование 0,000000 0,000000
продежурил 1,866287 0,000378
продолжая 1,021189 0,000207
произведение 0,000000 0,000000
произведений 0,000000 0,000000
произведения 0,000000 0,000000
произнес 0,361137 0,000219
произнесла 0,936868 0,000190
произошел 0,888564 0,000180
происшествие 1,389166 0,000281
прокофьевна 0,752344 0,001219
промеж 1,468347 0,000297
проникнутым 2,167317 0,000439
пропавшими 2,167317 0,000439
пропажа 2,167317 0,000439
пропажи 1,866287 0,000378
просидел 1,021189 0,000207
просил 0,599116 0,000243
прослезился 2,167317 0,000439
проспит 2,167317 0,000439
простите 0,648803 0,000131
простодушная 1,866287 0,000378
проступок 1,866287 0,000378
простыл 1,866287 0,000378
просьба 1,565257 0,000317
просьбе 1,053374 0,000213
против 0,389166 0,000079
процент 2,167317 0,000439
прочту 1,322219 0,000268
прошла 0,845098 0,000171
прошло 0,000000 0,000000
прошу 0,599116 0,000243
прощайте 0,845098 0,000171
прудон 1,866287 0,000378
прыткий 2,167317 0,000439
прямо 0,118099 0,000048
прямых 2,167317 0,000439
прятал 1,866287 0,000378
публикации 0,000000 0,000000
публиковались 2,167317 0,000439
пускать 1,389166 0,000563
пустой 1,264227 0,000256
пущей 1,866287 0,000378
пьяница 1,565257 0,000317
пьяном 1,213075 0,000491
пьяному 1,866287 0,000378
пьянство 1,866287 0,000378
пьянством 1,690196 0,000342
пьяный 0,888564 0,000540
пяти 0,662167 0,000134
пятисот 1,468347 0,000297
пятой 2,167317 0,000439
пять 0,275223 0,000056
равно 0,303994 0,000123
рада 0,866287 0,000175
ради 0,752344 0,000152
радостно 0,888564 0,000540
раза 0,426955 0,000173
разбудил 1,866287 0,001134
разбудила 1,866287 0,000378
разбудили 1,866287 0,000378
разбудить 1,322219 0,000268
развалинах 2,167317 0,000439
разве 0,146128 0,000030
развращаю 2,167317 0,000878
разговориться 2,167317 0,000439
разинул 1,690196 0,000342
разные 0,912045 0,000185
разных 0,866287 0,000175
разойтись 1,565257 0,000317
разрешения 0,000000 0,000000
разум 1,468347 0,000297
разумеется 0,328468 0,000333
раньше 0,599116 0,000121
раскланялся 1,690196 0,000342
распахивает 2,167317 0,000439
расположении 1,264227 0,000256
распоряжении 1,866287 0,000378
рассвете 1,322219 0,000268
рассердится 1,468347 0,000297
рассеянно 0,991226 0,000201
рассказал 0,587534 0,000357
рассмеялся 0,805589 0,000163
рассудите 1,088136 0,000220
рассудить 1,264227 0,000256
рассчитывая 1,213075 0,000246
расхаживая 2,167317 0,000439
рвется 1,690196 0,000342
ребенка 0,787106 0,000159
решил 0,514105 0,000104
решились 1,021189 0,000414
решительном 1,213075 0,000246
ровно 0,533849 0,000108
родительское 1,690196 0,000342
родных 1,322219 0,000268
рублей 0,367977 0,000298
руками 0,280827 0,000171
руках 0,396465 0,000080
руки 0,167317 0,000136
рукой 0,486076 0,000098
руку 0,222835 0,000045
русская 0,000000 0,000000
русского 0,936868 0,000190
руссо 2,167317 0,000439
рухлядь 1,866287 0,000378
ручаться 2,167317 0,000439
садиться 1,167317 0,000473
саду 0,936868 0,000379
сайте 0,000000 0,000000
сама 0,208276 0,000042
сами 0,142011 0,000058
само 0,888564 0,000180
самого 0,118099 0,000048
самое 0,167317 0,000068
самом 0,114239 0,000023
самым 0,280827 0,000057
сантима 2,167317 0,000439
сапоги 1,213075 0,000246
сбил 1,866287 0,000378
сборе 1,866287 0,000378
сведений 1,690196 0,000342
сверх 0,752344 0,000152
свет 0,468347 0,000095
свете 0,426955 0,000086
свидание 0,936868 0,000379
свидания 0,787106 0,000319
свиделись 2,167317 0,000439
свободно 0,000000 0,000000
своей 0,066947 0,000027
своему 0,367977 0,000075
своею 0,443041 0,000179
свои 0,146128 0,000030
своим 0,208276 0,000042
своих 0,237898 0,000048
свой 0,189594 0,000077
свою 0,073896 0,000015
сделает 0,963197 0,000390
сделайте 0,824895 0,000167
сделал 0,381987 0,000155
сдержать 1,088136 0,000220
себе 0,033778 0,000027
себя 0,005949 0,000005
сегодня 0,000000 0,000000
седьмом 1,389166 0,001125
сейчас 0,070407 0,000071
секрете 1,213075 0,000246
секретным 1,565257 0,000317
семейного 2,167317 0,000439
семейный 1,322219 0,000268
семейства 0,690196 0,000140
семидесяти 0,000000 0,000000
семь 0,787106 0,000797
сентенциозно 1,322219 0,000268
сенях 1,088136 0,000220
сердита 1,866287 0,000378
сердито 1,389166 0,000281
сердца 0,334808 0,000136
сердце 0,171682 0,000174
сердцу 0,769377 0,000312
серебром 1,866287 0,000378
серебряные 1,389166 0,000281
сержусь 1,213075 0,000246
серьезно 0,419129 0,000170
сестрицы 2,167317 0,000439
сидела 0,824895 0,000167
сидит 0,565257 0,000114
сила 0,936868 0,000190
сильно 0,292256 0,000059
сильном 1,213075 0,000246
синий 1,866287 0,000378
сиятельнейший 1,389166 0,000563
скажите 0,576253 0,000117
скажу 0,275223 0,000111
сказал 0,099131 0,000201
сказала 0,486076 0,000197
сказали 0,544068 0,000220
сказать 0,073896 0,000224
скамейке 1,213075 0,000246
скамейки 1,322219 0,000535
ская 2,167317 0,000439
складам 2,167317 0,000439
сконфузилась 1,690196 0,000342
скорее 0,514105 0,000104
скрепилась 1,866287 0,000378
скучно 1,021189 0,000207
слабости 1,389166 0,000281
слабость 1,088136 0,000441
слава 0,769377 0,000156
славная 1,565257 0,000317
славные 1,866287 0,000378
след 1,690196 0,001369
следам 2,167317 0,000878
следите 1,690196 0,000342
следов 1,690196 0,000342
следы 1,322219 0,000268
следя 1,264227 0,000256
слишком 0,133894 0,000081
слов 0,367977 0,000149
слова 0,129891 0,000079
словах 0,635838 0,000129
слово 0,232819 0,000094
словом 0,367977 0,000075
сложил 1,264227 0,000512
сложнейший 2,167317 0,000439
служанка 1,088136 0,000441
служанки 1,468347 0,000595
служанку 1,468347 0,000595
случае 0,248239 0,000050
случаи 1,125925 0,000228
случаю 0,936868 0,000190
случаях 0,599116 0,000121
слушай 0,635838 0,000129
слыша 1,565257 0,000317
смежных 2,167317 0,000439
смейтесь 1,213075 0,000246
смеялся 0,576253 0,000117
смеяться 0,587534 0,000119
смотрели 0,769377 0,000156
смотрите 0,805589 0,000163
смотря 0,322219 0,000196
смутился 0,963197 0,000195
сначала 0,434924 0,000088
снег 1,468347 0,000297
сном 0,936868 0,000190
снял 0,963197 0,000195
снятый 1,866287 0,000378
собой 0,253503 0,000103
собрание 0,000000 0,000000
собственная 1,690196 0,000342
собственно 0,565257 0,000801
собственного 0,963197 0,000780
собственною 1,565257 0,000317
собственными 1,389166 0,000281
совершенная 1,213075 0,000491
совершенно 0,180546 0,000110
соверши 2,167317 0,000439
совершилась 1,565257 0,000317
совсем 0,021189 0,000021
согласен 0,648803 0,000131
согласитесь 0,845098 0,000513
согласия 0,000000 0,000000
содействовать 2,167317 0,000439
сознается 1,565257 0,000317
солгал 1,053374 0,000213
сомневающимся 2,167317 0,000439
сомнения 0,523865 0,000318
соображение 1,264227 0,000256
сообщил 0,824895 0,000334
сообщить 0,635838 0,000386
сообщу 1,468347 0,000297
сорвал 1,389166 0,000281
соседства 2,167317 0,000439
состав 1,690196 0,000342
состоянии 0,459747 0,000093
сохрани 1,021189 0,000207
сочинений 0,000000 0,000000
сочли 1,468347 0,000297
сошлись 1,021189 0,000207
спавшая 2,167317 0,000439
спавшего 1,866287 0,000378
спал 0,690196 0,000419
спали 1,468347 0,000297
спальне 1,322219 0,000268
спать 0,635838 0,000644
спит 1,125925 0,000228
спокойно 0,648803 0,000131
спокойного 1,565257 0,000317
спокойной 2,167317 0,000439
способен 0,787106 0,000159
способнее 1,866287 0,000756
способствовать 1,213075 0,000737
справедливости 1,389166 0,000281
справедливость 1,213075 0,000246
спрашивал 0,769377 0,000156
спрашивали 0,963197 0,000195
спросил 0,222835 0,000045
спросите 1,125925 0,000228
спустя 0,533849 0,000108
среди 0,769377 0,000156
стало 0,091770 0,000167
станет 0,623249 0,000126
стараясь 1,021189 0,000414
старинной 1,565257 0,000317
старую 1,389166 0,000281
стеклянною 2,167317 0,000439
стене 1,053374 0,000213
степени 0,389166 0,000236
стереть 2,167317 0,000439
стоит 0,316059 0,000064
стол 0,486076 0,000098
столб 1,866287 0,000378
столик 1,213075 0,000246
столом 0,735954 0,000149
столу 0,752344 0,000152
стонет 1,389166 0,000281
стопами 1,866287 0,001889
стороны 0,185046 0,000075
стою 0,866287 0,000526
страдаете 1,690196 0,000342
странное 0,690196 0,000140
странные 0,824895 0,000167
страшное 0,991226 0,000201
строги 1,866287 0,000378
строго 0,576253 0,000117
струсила 1,565257 0,000317
струшу 1,866287 0,000378
стукнув 2,167317 0,000439
стуле 0,805589 0,000163
ступать 2,167317 0,000439
стучался 2,167317 0,000878
стыдится 1,389166 0,000281
стыдлив 2,167317 0,000439
сумму 0,912045 0,000185
супруга 0,787106 0,000159
схватился 1,389166 0,000281
схитрил 1,866287 0,000378
счастия 1,088136 0,000441
счастливые 1,866287 0,000756
считать 0,720159 0,000146
считаю 0,845098 0,000171
считая 1,389166 0,000281
сына 0,576253 0,000117
сюда 0,232819 0,000094
сюртук 1,264227 0,001536
сюртуке 1,167317 0,000236
также 0,000000 0,000000
таки 0,066947 0,000068
такие 0,232819 0,000047
таким 0,243038 0,000098
такое 0,114239 0,000046
такой 0,077412 0,000110
таком 0,309985 0,000126
такому 0,752344 0,000305
тактом 1,690196 0,000342
танцмейстер 1,866287 0,000378
тебя 0,198834 0,000121
текст 0,000000 0,000000
теперь 0,015029 0,000049
террасе 1,213075 0,000491
террасы 1,167317 0,000236
тимофеич 1,690196 0,002053
тихими 1,866287 0,001511
тихо 0,354404 0,000144
тобой 0,419129 0,000170
тогда 0,050046 0,000010
того 0,005949 0,000012
тоже 0,043466 0,000044
толку 0,912045 0,000185
только 0,002964 0,000010
томах 0,000000 0,000000
тому 0,095435 0,000155
тонкость 1,866287 0,000756
тоном 0,866287 0,000175
торжественном 1,866287 0,000378
торжественности 2,167317 0,000439
торжество 1,565257 0,000317
торопливо 1,167317 0,000473
тотчас 0,046743 0,000076
точно 0,121994 0,000049
точное 1,565257 0,000317
требованием 1,690196 0,000342
требует 1,389166 0,000281
тревог 1,468347 0,000297
тревожит 2,167317 0,000878
тревожно 1,213075 0,000246
третья 0,486076 0,000295
трех 0,374926 0,000076
трое 0,824895 0,000167
труднейший 2,167317 0,000439
трудом 0,991226 0,000201
трясутся 1,866287 0,000378
туда 0,495219 0,000100
тысяч 0,451314 0,000091
тянете 2,167317 0,000439
убедился 0,963197 0,000195
убежден 0,752344 0,000152
уважении 1,690196 0,000342
уважения 0,963197 0,000195
уверен 0,635838 0,000129
уверенности 1,322219 0,000268
уверены 0,805589 0,000816
уверяю 0,648803 0,000131
увязался 2,167317 0,000439
уговаривала 1,690196 0,000342
угол 0,735954 0,000149
угрозами 2,167317 0,000439
удалился 1,322219 0,000268
удалить 2,167317 0,000439
удерживаться 2,167317 0,000439
удивил 1,264227 0,000256
удивительно 0,866287 0,000175
удобнее 1,468347 0,000297
ужасно 0,167317 0,000102
ужасном 1,053374 0,000213
узнал 0,381987 0,000077
узнали 0,824895 0,000167
узнать 0,374926 0,000228
уйти 0,787106 0,000159
укладывал 1,565257 0,000634
укрощаю 2,167317 0,000439
улизнет 2,167317 0,000439
улика 1,690196 0,001027
улики 1,264227 0,000768
улице 0,635838 0,000129
улицы 1,125925 0,000456
улыбаясь 0,805589 0,000163
умершим 0,000000 0,000000
умилением 1,167317 0,000236
умиления 1,088136 0,000220
умиленно 1,213075 0,000246
умиленным 1,690196 0,000342
умилительнее 2,167317 0,000439
умилительно 1,468347 0,000595
умоляю 1,322219 0,000268
умрет 0,824895 0,000167
унизиться 2,167317 0,000439
усаживаясь 1,468347 0,000297
условились 1,565257 0,000317
условленное 1,866287 0,000378
услышать 1,053374 0,000213
усмехнулись 1,690196 0,000684
усмехнулся 0,443041 0,000090
усмешке 1,690196 0,000342
усмешкой 0,963197 0,000195
успел 0,354404 0,000072
успели 0,912045 0,000185
устал 1,322219 0,000268
устали 1,565257 0,000317
устройства 1,565257 0,000317
утаиваю 2,167317 0,000439
утверждать 1,213075 0,000246
утверждаю 1,213075 0,000246
утерпел 1,389166 0,000281
утра 0,576253 0,000350
утро 0,662167 0,000268
уходит 0,888564 0,000360
уходя 1,125925 0,000228
учит 1,468347 0,000297
ушел 0,599116 0,000485
фамилии 1,088136 0,000220
фантазии 1,389166 0,000281
фантастической 1,565257 0,000317
федор 0,000000 0,000000
фельетона 2,167317 0,000439
фердыщенка 1,322219 0,003480
фердыщенке 1,565257 0,000317
фердыщенко 1,088136 0,001763
фердыщенком 1,565257 0,000317
физиономии 1,322219 0,000268
физиономию 1,389166 0,000281
форсированном 2,167317 0,000439
французское 2,167317 0,000439
хватил 1,565257 0,000317
хмельного 1,866287 0,000378
ходил 0,611015 0,000124
ходили 1,125925 0,000228
хорошо 0,189594 0,000230
хотел 0,158717 0,000032
хотелось 0,381987 0,000155
хоть 0,060107 0,000061
хотя 0,050046 0,000091
хочет 0,322219 0,000196
хочется 0,704919 0,000143
хочу 0,243038 0,000148
цветов 1,264227 0,000256
цели 0,662167 0,000134
целый 0,486076 0,000098
часа 0,000000 0,000000
часов 0,411442 0,000916
часть 0,002964 0,000001
часу 0,720159 0,000729
чего 0,040213 0,000008
человек 0,036984 0,000097
человека 0,154480 0,000156
человеке 1,167317 0,000236
человеком 0,504560 0,000204
человеку 0,459747 0,000279
чему 0,341243 0,000069
чертами 1,690196 0,000342
честный 1,021189 0,000207
четверо 1,213075 0,000246
четверых 1,468347 0,000297
четыреста 1,213075 0,000246
четырехсот 1,690196 0,000684
чинный 2,167317 0,000439
число 0,000000 0,000000
читаем 0,000000 0,000000
читать 0,000000 0,000000
чрез 0,275223 0,000223
чрезвычайная 1,213075 0,000246
чрезвычайное 0,735954 0,000149
чрезвычайной 1,213075 0,000246
чтоб 0,073896 0,000075
чтобы 0,030597 0,000068
чувств 0,704919 0,000143
чувствительнейший 2,167317 0,000439
чувствительное 2,167317 0,000439
чувствительностию 2,167317 0,000439
чувствительность 1,468347 0,000297
чувствительный 1,866287 0,000378
чудесно 1,690196 0,000342
чуть 0,176091 0,000071
чьего 0,000000 0,000000
шампанского 0,991226 0,000201
шепнули 2,167317 0,000439
шестом 1,565257 0,000317
шесть 0,611015 0,000247
шкапчик 1,690196 0,000342
шкапчике 2,167317 0,000439
шкатулку 1,690196 0,000342
шляпу 0,912045 0,000369
шуму 1,690196 0,001027
этажерках 2,167317 0,000439
этого 0,053374 0,000086
этой 0,118099 0,000048
этом 0,046743 0,000066
этому 0,322219 0,000196
этот 0,011981 0,000015
этою 0,599116 0,000121
юной 1,690196 0,000342
юности 1,088136 0,000220
явился 0,623249 0,000252
явиться 0,991226 0,000201
являться 1,322219 0,000268
языка 1,322219 0,000268
ясно 0,354404 0,000072
ясности 1,468347 0,000297
ящик 1,167317 0,000236
ящика 1,565257 0,000317
ящиках 2,167317 0,000439
