автор 0,000000 0,000000
автором 0,000000 0,000000
авторского 0,000000 0,000000
авторы 0,000000 0,000000
аксиомой 2,167317 0,000706
александром 1,866287 0,000608
алексей 0,000000 0,000000
алексея 0,000000 0,000000
алеша 0,381987 0,001867
алеше 0,523865 0,000171
алеши 0,544068 0,000177
алешка 1,088136 0,000355
алешу 0,565257 0,000184
алкал 2,167317 0,000706
алтарях 2,167317 0,000706
ангел 0,912045 0,000594
ангела 1,264227 0,000824
ангеле 2,167317 0,000706
ангелу 1,565257 0,001020
анекдотах 1,565257 0,000510
бабий 1,866287 0,000608
балбесина 2,167317 0,000706
бегал 1,213075 0,000395
беда 0,866287 0,000282
бедность 1,125925 0,000367
бездну 1,389166 0,000453
безногая 1,690196 0,000551
безо 0,599116 0,000195
берега 1,690196 0,000551
берегам 2,167317 0,000706
березой 1,866287 0,000608
беседка 2,167317 0,000706
беседке 1,565257 0,000510
беседки 1,866287 0,000608
беседку 1,690196 0,000551
беспокоишься 1,866287 0,000608
беспокойстве 0,991226 0,000323
беспокойся 1,125925 0,000367
беспорочные 2,167317 0,000706
библиотека 0,000000 0,000000
битвы 2,167317 0,000706
бить 1,088136 0,000355
благодарю 0,824895 0,000269
благой 2,167317 0,000706
благороден 1,389166 0,000453
благороднейшие 1,690196 0,000551
ближе 0,752344 0,000490
близ 1,125925 0,000367
близко 0,888564 0,000579
близок 1,866287 0,000608
блистают 2,167317 0,000706
богатырскою 2,167317 0,000706
боги 1,565257 0,000510
богине 2,167317 0,000706
богом 0,866287 0,000282
богопочтенья 2,167317 0,000706
богу 0,434924 0,000142
божьего 1,565257 0,000510
бойся 1,264227 0,000412
более 0,000000 0,000000
болезненным 1,468347 0,000478
болезнию 1,468347 0,000478
болит 1,264227 0,000412
болтаю 1,690196 0,000551
больнее 2,167317 0,001412
больше 0,137934 0,000090
большие 0,720159 0,000235
большинства 2,167317 0,000706
большом 0,888564 0,000290
большую 0,866287 0,000565
борется 1,690196 0,000551
босоногого 2,167317 0,000706
боюсь 0,504560 0,000329
боязнь 1,690196 0,001101
боялся 0,587534 0,000957
боясь 0,963197 0,000314
брат 0,303994 0,000792
брата 0,389166 0,000507
братья 0,176091 0,000230
броженья 2,167317 0,000706
бросил 0,554533 0,000181
брошенным 1,866287 0,000608
будет 0,077412 0,000076
будешь 0,648803 0,000211
буду 0,208276 0,000136
будут 0,565257 0,000184
будь 0,720159 0,000235
бузины 1,866287 0,000608
бури 1,866287 0,001824
буря 1,866287 0,000608
бутылки 1,167317 0,000761
бывают 0,936868 0,000305
бывшею 2,167317 0,000706
была 0,046743 0,000046
были 0,099131 0,000065
было 0,000000 0,000000
быстро 0,232819 0,000228
быть 0,002964 0,000003
вверх 0,866287 0,000282
вверху 1,468347 0,000478
вдвое 1,264227 0,000412
вдоль 1,866287 0,001216
вдруг 0,005949 0,000021
ведь 0,043466 0,000028
великодушия 1,125925 0,000367
великодушным 2,167317 0,000706
величиной 1,866287 0,000608
венки 2,167317 0,000706
вернее 1,053374 0,000343
верхом 1,389166 0,000453
вершины 2,167317 0,000706
верь 1,125925 0,001101
весело 0,648803 0,000211
весны 1,468347 0,000478
весть 1,389166 0,000453
ветхому 2,167317 0,000706
вечная 1,264227 0,000412
вещь 0,720159 0,000469
взмостясь 2,167317 0,000706
взрезаю 2,167317 0,000706
взял 0,269690 0,000176
видал 0,623249 0,000406
видимо 0,328468 0,000107
видишь 0,599116 0,000390
видя 0,690196 0,000225
вижу 0,286504 0,000093
визиты 0,000000 0,000000
виноватого 1,690196 0,000551
владельцем 2,167317 0,000706
властной 1,866287 0,000608
влечет 1,690196 0,000551
влюбился 1,213075 0,000395
влюбиться 1,468347 0,000957
вместе 0,208276 0,000068
вмиг 1,264227 0,000412
внаем 1,468347 0,000478
вниз 0,752344 0,000245
вникни 2,167317 0,001412
водки 1,322219 0,000431
воды 0,912045 0,000297
вознаграждения 0,000000 0,000000
возьми 0,704919 0,000230
воистину 0,912045 0,000594
войдя 0,735954 0,000240
волнами 1,866287 0,000608
вонь 2,167317 0,000706
вообще 0,459747 0,000150
восторг 0,888564 0,000290
восторга 0,720159 0,000235
восторженно 0,936868 0,000305
восторженное 1,690196 0,000551
восторженным 1,690196 0,000551
восхвалим 2,167317 0,000706
впали 1,565257 0,000510
вперед 0,426955 0,000139
вполне 0,316059 0,000103
впредь 0,752344 0,000490
впрочем 0,118099 0,000192
врать 1,565257 0,000510
времени 0,269690 0,000088
время 0,043466 0,000028
вроде 0,662167 0,000432
врытый 2,167317 0,000706
всегда 0,129891 0,000042
всего 0,040213 0,000039
вселила 2,167317 0,000706
всем 0,070407 0,000115
всеми 0,434924 0,000142
всех 0,060107 0,000039
вслед 0,523865 0,000341
вследствие 0,888564 0,000290
вслух 0,533849 0,000348
вспоминался 2,167317 0,000706
вспомнил 0,704919 0,000230
встал 0,403889 0,000132
встречу 1,125925 0,000367
вступи 2,167317 0,000706
вступлю 1,866287 0,000608
всюду 1,468347 0,000478
всякий 0,514105 0,000168
всякого 0,514105 0,000335
выйти 0,587534 0,000383
выкрикнул 1,866287 0,000608
вылезай 2,167317 0,000706
выманила 2,167317 0,000706
вымолвил 1,468347 0,000478
вынул 0,599116 0,000195
выпил 0,991226 0,000323
выплаты 0,000000 0,000000
выражением 1,125925 0,000367
вырвались 1,565257 0,000510
вырвалось 0,704919 0,000459
выслушав 0,805589 0,000262
выслушаешь 2,167317 0,000706
высоким 1,264227 0,000412
высунувшись 2,167317 0,000706
высшему 1,565257 0,001020
высший 1,264227 0,000824
вышел 0,275223 0,000090
генеральским 2,167317 0,000706
гимн 1,264227 0,000412
гимном 2,167317 0,000706
глазенки 1,690196 0,000551
глубокий 1,322219 0,000431
глубоком 1,690196 0,000551
глупость 0,912045 0,000297
глядит 0,866287 0,000282
говорит 0,189594 0,000185
говорить 0,162996 0,000319
говорю 0,203530 0,000265
годы 0,963197 0,000314
головой 0,533849 0,000174
голову 0,227798 0,000223
голосом 0,396465 0,000129
гордой 1,389166 0,000453
горе 0,769377 0,000251
горит 1,264227 0,000824
горничной 1,468347 0,000478
городишке 1,690196 0,000551
городке 1,264227 0,000824
городок 1,389166 0,000453
городская 1,690196 0,000551
городского 1,866287 0,000608
городу 0,888564 0,000290
горы 0,963197 0,000314
горят 1,690196 0,000551
горячего 1,322219 0,001292
господи 0,451314 0,000147
госпожою 1,468347 0,000478
гостя 1,021189 0,000333
гостях 1,468347 0,000478
гроздий 2,167317 0,000706
грозды 2,167317 0,000706
грозен 2,167317 0,000706
груди 0,675956 0,000661
грудь 0,752344 0,000490
грядки 2,167317 0,000706
гряды 1,866287 0,000608
гуляй 2,167317 0,000706
густо 1,690196 0,000551
давешнею 2,167317 0,000706
даже 0,005949 0,000029
дала 0,720159 0,000235
далее 0,648803 0,000211
далеко 0,599116 0,000195
дальше 0,002964 0,000001
даме 1,213075 0,000395
данные 0,000000 0,000000
дано 1,389166 0,000905
дают 1,088136 0,000355
дворы 1,866287 0,000608
девушки 0,963197 0,000628
действительно 0,106619 0,000069
дела 0,309985 0,000101
делал 0,963197 0,000314
дело 0,063514 0,000041
делу 0,468347 0,000305
дерева 1,125925 0,000367
деревьями 1,690196 0,000551
деревянный 1,125925 0,000367
десятину 2,167317 0,000706
дмитрий 0,468347 0,000916
дмитрия 0,599116 0,000586
дней 0,514105 0,000168
доволен 0,735954 0,000240
довольно 0,129891 0,000169
додумывался 2,167317 0,001412
дождя 1,866287 0,000608
должен 0,258832 0,000084
дома 0,298086 0,000389
доме 0,322219 0,000105
домика 1,866287 0,000608
домишка 1,690196 0,000551
домишке 1,468347 0,000478
домишко 1,565257 0,000510
домой 0,459747 0,000300
дому 0,675956 0,000220
дорог 1,088136 0,000355
дороге 0,611015 0,000199
достоевский 0,000000 0,000000
достояние 0,000000 0,000000
дочерью 1,322219 0,000431
дочка 1,389166 0,000905
древней 2,167317 0,000706
друг 0,269690 0,000264
друга 0,419129 0,000137
другая 0,648803 0,000211
другого 0,396465 0,000258
другое 0,309985 0,000101
другому 0,845098 0,000275
друзей 0,991226 0,000323
думай 1,468347 0,000957
думал 0,258832 0,000169
думаю 0,328468 0,000107
дурак 0,769377 0,000251
дурню 2,167317 0,000706
душе 0,514105 0,000168
души 0,523865 0,000341
душою 1,690196 0,000551
душу 0,451314 0,000147
дымятся 2,167317 0,000706
дышит 1,565257 0,000510
дьявол 1,468347 0,000478
ежедневно 1,021189 0,000333
если 0,011981 0,000023
есть 0,018098 0,000029
жаждал 1,213075 0,000791
жалей 2,167317 0,000706
жаль 0,635838 0,000207
ждал 0,495219 0,000161
ждать 0,554533 0,000181
желал 0,611015 0,000199
женино 2,167317 0,000706
женщин 0,888564 0,000290
женщины 0,576253 0,000563
живет 0,662167 0,000216
живут 1,088136 0,000355
жида 1,690196 0,000551
жизни 0,222835 0,000073
жизнь 0,162996 0,000106
жила 1,125925 0,000367
забежать 1,866287 0,000608
заборам 2,167317 0,000706
заборов 1,866287 0,001216
забудь 1,389166 0,000453
забыть 0,623249 0,000203
заведенные 2,167317 0,000706
завтра 0,298086 0,000194
загадка 1,125925 0,000367
загадки 1,213075 0,000395
загадок 1,866287 0,000608
заговорит 1,167317 0,000380
задал 1,167317 0,000380
задам 2,167317 0,001412
задами 1,690196 0,001101
задачу 1,264227 0,000412
задумавшуюся 2,167317 0,000706
задумался 0,866287 0,000847
зайти 0,936868 0,000305
закривившемуся 2,167317 0,000706
заметил 0,154480 0,000050
записка 1,264227 0,000412
запиской 1,468347 0,000478
запомни 1,322219 0,000431
заранее 0,576253 0,000188
засмеешься 1,690196 0,000551
застанет 1,565257 0,001020
затем 0,237898 0,000155
захохотал 1,021189 0,000333
захочет 0,888564 0,000869
звал 1,213075 0,000791
звездочету 2,167317 0,000706
зверолов 2,167317 0,000706
здесь 0,095435 0,000218
здоровались 2,167317 0,000706
зеленой 1,322219 0,000431
зелены 2,167317 0,000706
зеленые 1,690196 0,000551
зеленый 1,468347 0,000478
земле 0,648803 0,000846
землею 1,468347 0,000957
землю 0,565257 0,000368
земного 1,468347 0,000478
знает 0,171682 0,000056
знаешь 0,533849 0,000348
знаки 1,125925 0,000367
знал 0,114239 0,000335
значило 1,322219 0,000431
значит 0,243038 0,000079
знаю 0,095435 0,000093
золотая 1,690196 0,000551
зрит 1,690196 0,000551
иван 0,303994 0,000099
ивана 0,504560 0,000164
ивановне 0,720159 0,000469
ивановны 0,554533 0,000361
игнатьевна 1,125925 0,000367
игумена 1,264227 0,000824
идеала 1,690196 0,001101
идеалом 1,690196 0,001101
идем 0,963197 0,000628
известно 0,334808 0,000218
изгибами 2,167317 0,000706
именинах 2,167317 0,000706
именно 0,066947 0,000175
иногда 0,208276 0,000068
иной 0,587534 0,000191
исповедь 1,021189 0,001331
исполнит 1,565257 0,000510
исполню 1,690196 0,000551
использоваться 0,000000 0,000000
исправляло 2,167317 0,000706
испытывал 1,468347 0,000478
исступлении 0,735954 0,000240
истлело 2,167317 0,000706
источник 0,000000 0,000000
итак 0,805589 0,000262
каким 0,194189 0,000063
какое 0,227798 0,000074
каком 0,381987 0,000124
каламбур 1,690196 0,001101
калины 1,866287 0,000608
карамазов 0,587534 0,000191
карамазовы 0,180546 0,000294
карловичем 2,167317 0,000706
кармана 0,720159 0,000235
катерине 0,912045 0,000594
катерины 0,752344 0,000490
кленом 2,167317 0,000706
книга 0,176091 0,000115
книги 0,000000 0,000000
когда 0,015029 0,000010
кого 0,222835 0,000145
колебания 1,264227 0,000412
коляски 1,322219 0,000431
комаров 0,000000 0,000000
кому 0,341243 0,000111
конечно 0,060107 0,000078
кончает 1,565257 0,000510
кончится 0,963197 0,000314
коньяк 1,565257 0,002040
коньяку 1,565257 0,000510
копошилась 2,167317 0,000706
копьем 2,167317 0,000706
которая 0,361137 0,000235
которое 0,426955 0,000139
которой 0,213075 0,000208
котором 0,347773 0,000113
которому 0,468347 0,000153
которою 0,805589 0,000262
которую 0,292256 0,000286
который 0,110412 0,000108
которых 0,426955 0,000278
край 1,167317 0,000380
крайней 0,298086 0,000097
красивой 1,866287 0,000608
красота 1,167317 0,001902
красотой 1,322219 0,000862
красоты 1,125925 0,000367
красы 1,690196 0,000551
крестом 1,167317 0,000380
крикнул 0,381987 0,000249
крикнуть 1,389166 0,000453
криков 1,565257 0,000510
криком 1,322219 0,000431
кровавых 1,866287 0,000608
крови 0,662167 0,000216
кроме 0,158717 0,000052
кругом 0,419129 0,000273
крыжовником 2,167317 0,000706
крытым 2,167317 0,000706
кубок 1,690196 0,000551
куда 0,248239 0,000324
кустов 1,690196 0,000551
кухню 1,213075 0,000791
лавки 1,264227 0,000412
ладонь 1,264227 0,000412
лакомствую 1,866287 0,001216
лежит 0,648803 0,000211
лесам 2,167317 0,000706
лето 1,389166 0,000905
летят 2,167317 0,000706
лечу 1,565257 0,001020
леша 1,866287 0,000608
лживой 2,167317 0,000706
либо 0,000000 0,000000
лизавета 0,662167 0,000216
липой 1,866287 0,000608
листья 2,167317 0,000706
литература 0,000000 0,000000
лице 0,403889 0,000132
лицом 0,000000 0,000000
лишь 0,185046 0,000301
ловкостью 1,690196 0,000551
локоть 1,389166 0,000453
локтем 1,866287 0,000608
лужайкой 2,167317 0,000706
любить 0,523865 0,000171
люблю 0,347773 0,000227
любым 0,000000 0,000000
людей 0,298086 0,000194
мадонны 1,866287 0,001216
маленький 0,662167 0,000216
маленькому 1,468347 0,000478
малиной 2,167317 0,000706
мало 0,208276 0,000068
мальчишки 1,322219 0,000431
манил 1,866287 0,000608
марфа 0,991226 0,000323
матерью 0,787106 0,000256
мать 0,389166 0,000127
мебель 1,322219 0,000431
менее 0,635838 0,000207
меня 0,027438 0,000036
мере 0,269690 0,000088
местам 1,866287 0,000608
месте 0,286504 0,000280
мещанин 1,468347 0,000957
мещанка 2,167317 0,000706
мимо 0,514105 0,000168
минуту 0,084532 0,000083
минуя 2,167317 0,000706
миру 1,053374 0,000343
мити 0,611015 0,000398
митя 0,587534 0,000957
младенчества 1,866287 0,000608
много 0,080958 0,000132
многое 0,662167 0,000216
могу 0,171682 0,000056
могут 0,495219 0,000161
может 0,000000 0,000000
можно 0,088136 0,000115
молчать 1,088136 0,000355
молчи 0,912045 0,000892
момента 0,000000 0,000000
монастыре 0,936868 0,000305
монастырь 0,720159 0,000235
монастыря 0,912045 0,000594
мороз 1,213075 0,000395
мужиком 1,866287 0,000608
мучила 1,167317 0,000380
мучительная 1,866287 0,000608
мучительное 1,389166 0,000453
мыслю 1,322219 0,000431
навек 1,468347 0,000957
навеки 0,648803 0,000211
наверно 0,264227 0,000258
навсегда 0,735954 0,000240
наделал 1,389166 0,000453
надо 0,036984 0,000084
наедине 0,936868 0,000305
назавтра 1,264227 0,000824
назад 0,000000 0,000000
название 0,000000 0,000000
найти 0,000000 0,000000
накашивалось 2,167317 0,000706
наконец 0,073896 0,000048
намерен 0,787106 0,000256
написала 1,167317 0,000380
написано 0,000000 0,000000
направили 1,866287 0,000608
направился 0,912045 0,000297
напротив 0,180546 0,000059
народы 1,389166 0,000453
насекомое 1,565257 0,001020
насекомым 2,167317 0,001412
насекомых 2,167317 0,000706
настоятельно 0,991226 0,000323
настоящему 0,991226 0,000323
наткнулся 1,468347 0,000478
наука 0,000000 0,000000
начал 0,137934 0,000090
начать 0,720159 0,000235
начинает 0,991226 0,000323
начинаю 1,565257 0,000510
начнется 1,322219 0,000431
небе 1,125925 0,000367
небо 1,021189 0,000333
небольшой 1,053374 0,000343
него 0,000000 0,000000
недавно 0,576253 0,000563
недоумевал 1,866287 0,000608
недоумении 0,805589 0,000262
некоторая 1,053374 0,000343
некоторое 0,486076 0,000158
нельзя 0,176091 0,000115
немецки 1,565257 0,000510
немногим 1,690196 0,000551
нему 0,080958 0,000026
ненавидя 1,866287 0,000608
необразован 2,167317 0,000706
необходимость 1,264227 0,000412
необъяснимость 2,167317 0,000706
необычайное 1,167317 0,000380
неожиданную 1,565257 0,000510
неожиданные 1,389166 0,000453
неопределимая 2,167317 0,000706
неподвластных 2,167317 0,000706
непременно 0,133894 0,000044
неприютным 2,167317 0,000706
несколько 0,102859 0,000101
несмотря 0,275223 0,000179
несчастье 1,264227 0,000412
неужели 0,389166 0,000127
неужто 0,599116 0,000195
нечего 0,381987 0,000124
нибудь 0,030597 0,000050
нигде 1,125925 0,000734
низок 1,213075 0,000395
низости 1,322219 0,000431
никогда 0,088136 0,000086
никого 0,411442 0,000402
никто 0,185046 0,000060
нимало 0,991226 0,000323
ними 0,275223 0,000090
новую 0,752344 0,000245
номад 2,167317 0,000706
нужен 0,963197 0,000314
нужно 0,514105 0,000335
обидеть 1,389166 0,000905
обладательница 2,167317 0,000706
облаков 2,167317 0,000706
облекается 2,167317 0,000706
обоих 0,635838 0,000207
образ 0,888564 0,000290
обсажен 1,866287 0,000608
обстоятельстве 1,690196 0,000551
общественное 0,000000 0,000000
объяснение 0,845098 0,000275
объясню 1,264227 0,000412
овощами 2,167317 0,000706
оглянулся 1,565257 0,000510
огромного 1,690196 0,000551
одарил 2,167317 0,000706
один 0,046743 0,000046
одна 0,185046 0,000060
однажды 0,635838 0,000207
однако 0,102859 0,000067
одни 0,459747 0,000150
одними 1,264227 0,000412
одно 0,099131 0,000032
одного 0,150284 0,000196
одном 0,504560 0,000164
одному 0,334808 0,000218
одну 0,232819 0,000076
одре 1,389166 0,000453
озираясь 1,389166 0,000453
окна 0,648803 0,000211
около 0,443041 0,000144
оком 2,167317 0,000706
окончательно 0,565257 0,000184
олимпийския 2,167317 0,000706
опершись 1,690196 0,000551
определить 1,167317 0,000761
опубликовано 0,000000 0,000000
опустошал 2,167317 0,000706
опьянеть 2,167317 0,000706
опять 0,027438 0,000027
осле 1,866287 0,000608
оставался 0,963197 0,000314
остатки 1,690196 0,000551
ответит 1,213075 0,000395
отдавался 1,866287 0,000608
отдаленный 1,565257 0,000510
отдать 0,752344 0,000245
отец 0,316059 0,000206
открылось 1,565257 0,000510
открыться 1,866287 0,000608
отливала 2,167317 0,000706
отпустит 2,167317 0,001412
отрезвившись 2,167317 0,000706
отрицает 1,866287 0,000608
отрываются 2,167317 0,000706
отставным 2,167317 0,000706
оттого 0,675956 0,000220
отца 0,222835 0,000145
отцовским 1,866287 0,000608
отцовского 1,866287 0,000608
отцом 0,599116 0,000390
отцу 0,565257 0,000737
офицерском 1,565257 0,000510
оформление 0,000000 0,000000
охотой 1,264227 0,000412
очень 0,024303 0,000024
ощущаю 1,565257 0,000510
павловичу 0,805589 0,000262
падаю 2,167317 0,000706
падают 1,690196 0,000551
палец 0,991226 0,000323
пальцев 1,468347 0,000478
папаша 1,088136 0,000355
папашей 1,866287 0,000608
пастушком 2,167317 0,000706
пахло 1,690196 0,000551
первая 0,419129 0,000273
первый 0,248239 0,000081
переданною 2,167317 0,000706
переезжать 2,167317 0,000706
перекрестив 2,167317 0,000706
перелезая 2,167317 0,000706
перелезть 1,690196 0,000551
перемолвить 2,167317 0,000706
перенести 1,053374 0,000343
переселиться 1,565257 0,000510
перескочил 1,264227 0,000412
перешло 0,000000 0,000000
печальным 2,167317 0,000706
пещерах 2,167317 0,000706
пирах 2,167317 0,000706
письма 0,704919 0,000230
письмо 0,544068 0,000177
пламенит 2,167317 0,000706
платье 0,704919 0,000230
платьев 2,167317 0,000706
платьях 2,167317 0,000706
плачь 1,167317 0,000380
плетень 1,690196 0,000551
плетнем 1,866287 0,000608
плетни 2,167317 0,000706
плетню 2,167317 0,000706
плод 1,866287 0,000608
площадь 1,322219 0,000431
повидать 1,866287 0,000608
повторял 0,912045 0,000297
погибая 2,167317 0,000706
погружаться 2,167317 0,000706
подбежал 1,565257 0,000510
подборка 0,000000 0,000000
подвигался 1,690196 0,000551
подл 1,264227 0,000412
подле 0,419129 0,000137
подлую 1,866287 0,000608
поднял 0,504560 0,000329
подняться 1,389166 0,000453
подобрав 1,866287 0,000608
подполковником 1,866287 0,000608
подрясник 1,565257 0,000510
подушками 1,468347 0,000478
подхватил 0,533849 0,000174
пожалел 1,565257 0,000510
пожалуй 0,237898 0,000078
позабыл 1,565257 0,000510
позвала 1,264227 0,000412
позор 0,824895 0,000538
позоре 1,468347 0,000478
позором 1,389166 0,000453
поит 2,167317 0,000706
пойти 0,675956 0,000441
пока 0,213075 0,000139
показным 2,167317 0,000706
показывая 1,213075 0,000395
покончить 1,088136 0,000355
покривившейся 2,167317 0,000706
полбутылки 2,167317 0,000706
поле 1,125925 0,000367
полезай 1,866287 0,000608
полей 2,167317 0,000706
полечу 1,866287 0,000608
полным 1,088136 0,000355
половицы 1,866287 0,000608
положении 0,704919 0,000230
поля 1,389166 0,000453
полям 2,167317 0,000706
помог 1,322219 0,000431
помолчали 1,264227 0,000412
понимая 0,787106 0,000256
понуренную 2,167317 0,000706
понял 0,396465 0,000388
попал 0,824895 0,000269
попался 1,389166 0,000453
поплакать 2,167317 0,000706
пополудни 1,213075 0,000395
поравнявшись 1,565257 0,000510
посетителей 0,000000 0,000000
посетители 0,000000 0,000000
поскорей 0,769377 0,000501
послать 0,963197 0,001569
последнем 1,264227 0,000412
последнюю 0,888564 0,000290
последовавшие 2,167317 0,000706
посмертно 0,000000 0,000000
поспеть 1,468347 0,000478
поспешить 1,468347 0,000478
постой 0,991226 0,000323
постояв 1,866287 0,000608
посуду 2,167317 0,000706
потом 0,084532 0,000055
потому 0,024303 0,000119
похищенной 2,167317 0,000706
поцеловать 1,125925 0,000367
почему 0,099131 0,000065
почерневшей 2,167317 0,000706
почти 0,024303 0,000024
пошел 0,275223 0,000269
пред 0,033778 0,000044
преданию 1,565257 0,000510
предлинным 2,167317 0,000706
представляется 1,213075 0,000395
предстоит 1,565257 0,000510
предчувствовалось 1,565257 0,000510
прежде 0,077412 0,000025
прекрасным 1,690196 0,000551
прибывшею 2,167317 0,000706
привычным 2,167317 0,000706
приду 0,675956 0,000220
прижал 1,468347 0,000478
прижизненно 0,000000 0,000000
прийти 0,662167 0,000216
приказание 1,690196 0,001101
приказания 1,565257 0,001020
приключения 1,213075 0,000395
приложил 1,322219 0,000431
принадлежавшего 1,866287 0,000608
природу 1,322219 0,000431
природы 1,021189 0,000665
притом 0,769377 0,000501
приходит 0,824895 0,000269
приходя 1,468347 0,000478
пришел 0,322219 0,000210
пришлось 0,769377 0,000501
пробежал 1,468347 0,000478
проговорил 0,154480 0,000050
программирование 0,000000 0,000000
продала 1,690196 0,000551
продолжение 0,912045 0,000297
проживавшею 2,167317 0,000706
прозерпины 2,167317 0,000706
произведение 0,000000 0,000000
произведений 0,000000 0,000000
произведения 0,000000 0,000000
пройдя 1,468347 0,000478
проклят 1,565257 0,000510
пролил 1,468347 0,000478
пропал 1,167317 0,000380
просить 0,504560 0,000164
прости 0,912045 0,000297
простил 1,167317 0,000380
простить 0,824895 0,000269
простишь 1,389166 0,000453
пространствах 1,866287 0,000608
просят 1,167317 0,000380
противоречия 1,690196 0,000551
проходил 1,125925 0,000367
проходить 1,167317 0,000380
проч 0,662167 0,000647
прошептал 0,675956 0,000220
прошло 0,000000 0,000000
прямо 0,118099 0,000038
публикации 0,000000 0,000000
пудов 1,866287 0,000608
пустая 1,468347 0,000478
пустился 0,936868 0,000305
пустой 1,264227 0,000412
пустом 1,690196 0,000551
пустынных 2,167317 0,000706
пусть 0,253503 0,000413
путем 1,565257 0,000510
путь 0,912045 0,000594
пьет 1,565257 0,001020
пьянствует 1,866287 0,000608
пьянствую 2,167317 0,000706
пятами 1,565257 0,000510
пятидесяти 0,936868 0,000305
пять 0,275223 0,000179
пятьдесят 0,888564 0,000290
равно 0,303994 0,000099
радости 0,635838 0,000414
радостно 0,888564 0,000290
радость 0,805589 0,001050
разбаливалось 2,167317 0,000706
разбивать 2,167317 0,000706
разбитые 1,866287 0,000608
разбросан 1,866287 0,000608
развалин 2,167317 0,000706
разве 0,146128 0,000048
развила 2,167317 0,000706
разврата 1,565257 0,000510
развратничает 2,167317 0,000706
разгадывай 2,167317 0,000706
разговор 0,434924 0,000142
разговора 0,805589 0,000262
раздавить 1,690196 0,000551
разлила 1,866287 0,000608
размазываю 2,167317 0,000706
разрешения 0,000000 0,000000
разрешить 1,088136 0,000355
разузнать 1,468347 0,000478
разумеется 0,328468 0,000107
ракитин 0,963197 0,000314
ракитина 0,991226 0,000323
раскапризиться 2,167317 0,000706
раскутившийся 2,167317 0,001412
рассердясь 2,167317 0,000706
расстояния 1,389166 0,000453
рассудил 1,125925 0,000367
рассудишь 2,167317 0,000706
рассуждений 1,690196 0,000551
рвался 1,565257 0,000510
рвать 2,167317 0,000706
ребрами 2,167317 0,000706
решение 0,735954 0,000240
решетчатыми 2,167317 0,000706
решился 0,554533 0,000542
решительно 0,341243 0,000111
ризы 1,866287 0,000608
робок 1,866287 0,000608
рода 0,866287 0,000282
роде 0,504560 0,000164
родит 2,167317 0,000706
рокового 1,468347 0,000478
рублей 0,367977 0,000120
руками 0,280827 0,000092
рукой 0,486076 0,000158
руку 0,222835 0,000073
румянорожий 2,167317 0,000706
русская 0,000000 0,000000
рыбаку 2,167317 0,000706
рыбка 1,866287 0,000608
рыдания 1,866287 0,000608
рюмочку 1,565257 0,000510
сада 1,167317 0,001141
садись 1,021189 0,000665
садом 1,690196 0,000551
саду 0,936868 0,000611
сайте 0,000000 0,000000
сама 0,208276 0,000068
самого 0,118099 0,000154
самое 0,167317 0,000109
самой 0,258832 0,000084
самом 0,114239 0,000037
самому 0,426955 0,000139
самую 0,459747 0,000150
самые 0,381987 0,000124
самый 0,198834 0,000194
самым 0,280827 0,000092
сбоку 0,912045 0,000297
свет 0,468347 0,000305
свете 0,426955 0,000556
свету 1,167317 0,000380
свидетельствует 1,322219 0,000431
свинья 1,866287 0,000608
свободно 0,000000 0,000000
свое 0,150284 0,000049
своего 0,091770 0,000060
своей 0,066947 0,000022
своею 0,443041 0,000144
свои 0,146128 0,000048
своих 0,237898 0,000155
свою 0,073896 0,000072
сгнил 2,167317 0,000706
сделай 1,389166 0,000453
сделаться 1,264227 0,000412
себя 0,005949 0,000008
сегодня 0,000000 0,000000
сейчас 0,070407 0,000138
секрет 0,787106 0,000513
секрете 1,213075 0,000395
секретно 1,690196 0,000551
семидесяти 0,000000 0,000000
сена 2,167317 0,000706
сердца 0,334808 0,000436
сердце 0,171682 0,000112
сердцем 0,675956 0,000220
сердцу 0,769377 0,000251
сидеть 0,662167 0,000216
сидит 0,565257 0,000184
сидя 0,845098 0,000275
силен 1,322219 0,001292
силою 1,690196 0,000551
сильный 0,991226 0,000323
сирени 2,167317 0,000706
скажи 0,662167 0,000432
скажу 0,275223 0,000179
сказал 0,099131 0,000097
сказано 0,662167 0,000432
сказать 0,073896 0,000120
сказке 1,866287 0,000608
скал 2,167317 0,000706
скачку 1,866287 0,000608
скитался 1,866287 0,000608
склонив 1,565257 0,000510
сколько 0,280827 0,000092
скрывался 1,690196 0,000551
слабый 1,021189 0,000333
слава 0,769377 0,000501
славно 1,389166 0,000453
сладки 2,167317 0,000706
сладко 1,213075 0,000791
сладострастье 1,866287 0,001824
сладострастьем 2,167317 0,000706
слезы 0,554533 0,000181
слишком 0,133894 0,000131
слов 0,367977 0,000120
слово 0,232819 0,000076
случайно 0,866287 0,000565
случалось 0,824895 0,000806
случилось 0,403889 0,000132
слушай 0,635838 0,000829
смердящая 1,389166 0,000453
смертном 1,565257 0,000510
смеяться 0,587534 0,000191
смородиной 2,167317 0,000706
смородины 2,167317 0,000706
смотреть 0,477121 0,000155
смотришь 1,021189 0,000333
смысле 0,752344 0,000245
сначала 0,434924 0,000142
собой 0,253503 0,000083
собрание 0,000000 0,000000
собственную 1,213075 0,000395
собственных 0,991226 0,000323
совершенно 0,180546 0,000059
советником 2,167317 0,000706
совпадение 1,565257 0,000510
совсем 0,021189 0,000028
согласия 0,000000 0,000000
содоме 1,866287 0,001216
содомским 2,167317 0,001412
созданья 2,167317 0,000706
сознание 1,021189 0,000333
сократить 1,468347 0,000478
солнца 0,936868 0,000305
солнцы 2,167317 0,000706
сомнения 0,523865 0,000171
соображений 1,690196 0,000551
сообразил 0,963197 0,000314
соседки 1,565257 0,000510
соседского 1,866287 0,000608
соседском 2,167317 0,000706
соседству 1,389166 0,000453
состоится 1,468347 0,000478
состояние 0,805589 0,000262
сочинений 0,000000 0,000000
союз 1,322219 0,000862
спасти 0,769377 0,000251
специально 1,389166 0,000453
спешить 1,468347 0,000478
спешным 2,167317 0,000706
спине 1,322219 0,000431
сплошь 1,125925 0,000367
споткнувшемся 2,167317 0,000706
справедливость 1,213075 0,000395
спьяну 1,866287 0,001216
сразу 0,991226 0,000646
среди 0,769377 0,000251
средина 2,167317 0,000706
срок 0,888564 0,000290
стал 0,125925 0,000041
стану 0,662167 0,000216
старик 0,434924 0,000142
стариннейшей 2,167317 0,000706
старому 1,565257 0,000510
старуха 0,845098 0,000551
старухи 1,264227 0,000412
старых 1,322219 0,000431
статским 2,167317 0,000706
стекла 1,468347 0,000478
стенками 2,167317 0,000706
стерегу 2,167317 0,000706
стих 1,468347 0,000478
стихах 1,125925 0,000734
стихов 1,264227 0,000824
стихотворение 1,866287 0,000608
стой 0,912045 0,000297
стол 0,486076 0,000475
столб 1,866287 0,000608
столике 1,264227 0,000412
столице 1,389166 0,000453
стороны 0,185046 0,000060
стоявших 2,167317 0,000706
стоял 0,309985 0,000404
стоять 1,167317 0,000380
страх 0,963197 0,000314
страха 0,824895 0,000269
страшная 0,805589 0,000787
страшнее 1,322219 0,000431
страшно 0,434924 0,000425
страшной 1,322219 0,000431
страшную 1,125925 0,000367
стрелами 2,167317 0,000706
стремилась 1,866287 0,001216
строена 2,167317 0,000706
строчку 1,690196 0,000551
сузил 1,866287 0,000608
сумбур 1,565257 0,000510
супом 1,565257 0,001020
существа 1,021189 0,000333
схватил 0,533849 0,000174
сходит 1,565257 0,000510
сходить 1,125925 0,000367
сходятся 1,468347 0,000478
сцены 1,167317 0,000380
считаю 0,845098 0,000275
сыростью 2,167317 0,000706
сюда 0,232819 0,000152
таинственная 2,167317 0,000706
тайн 1,565257 0,000510
тайной 1,565257 0,000510
тайну 0,991226 0,000323
также 0,000000 0,000000
таки 0,066947 0,000109
такие 0,232819 0,000076
таким 0,243038 0,000158
такое 0,114239 0,000112
такой 0,077412 0,000025
таком 0,309985 0,000101
тарелки 2,167317 0,000706
твердо 0,419129 0,000137
твоей 0,888564 0,000290
твой 0,735954 0,000480
творенья 2,167317 0,000706
тебе 0,203530 0,000464
тебя 0,198834 0,000713
текст 0,000000 0,000000
теперь 0,015029 0,000078
терпеть 1,088136 0,000355
тихо 0,354404 0,000115
тишина 1,125925 0,000367
тобой 0,419129 0,000137
тогда 0,050046 0,000016
тогдашним 1,866287 0,000608
того 0,005949 0,000006
тоже 0,043466 0,000057
толпе 0,991226 0,000323
только 0,002964 0,000015
томах 0,000000 0,000000
томившую 2,167317 0,000706
торопись 1,690196 0,000551
торопишься 2,167317 0,000706
торопливо 1,167317 0,000380
тотчас 0,046743 0,000046
травку 1,866287 0,000608
требование 1,866287 0,000608
третья 0,486076 0,000317
троглодит 2,167317 0,000706
туда 0,495219 0,000161
тюфяком 1,389166 0,000453
тянуть 1,389166 0,000453
уверен 0,635838 0,000414
увидал 0,735954 0,000480
увлечении 2,167317 0,000706
угла 0,963197 0,000314
угнетают 2,167317 0,000706
угол 0,735954 0,000240
угощенья 2,167317 0,000706
уезжая 1,565257 0,000510
ужасная 1,088136 0,000355
ужасно 0,167317 0,000055
узнав 0,936868 0,000305
узнал 0,381987 0,000124
укрыться 2,167317 0,000706
улетая 1,866287 0,000608
улицу 0,735954 0,000719
улыбнувшись 1,468347 0,000478
умершим 0,000000 0,000000
умоляла 1,565257 0,000510
умом 0,752344 0,000245
унижении 1,468347 0,001435
униженном 1,866287 0,000608
унизительном 1,690196 0,000551
уповая 1,565257 0,000510
усиливала 1,690196 0,000551
услышали 1,213075 0,000395
успеет 1,468347 0,000478
успел 0,354404 0,000231
утро 0,662167 0,000216
фантому 2,167317 0,000706
федор 0,000000 0,000000
федорович 0,253503 0,000413
федоровича 0,426955 0,000139
федору 0,936868 0,000305
хаос 1,468347 0,000478
харит 2,167317 0,000706
хвалить 1,565257 0,000510
хвост 1,565257 0,000510
хвостом 1,322219 0,000431
хлебом 1,322219 0,000431
ходили 1,125925 0,000367
ходы 1,866287 0,000608
хозяйкой 1,690196 0,000551
хозяйский 1,866287 0,000608
хорошо 0,189594 0,000124
хотел 0,158717 0,000155
хотелось 0,381987 0,000124
хоть 0,060107 0,000020
хохлаковою 2,167317 0,000706
хочу 0,243038 0,000158
храм 1,565257 0,000510
цели 0,662167 0,000216
целую 0,735954 0,000480
церера 2,167317 0,001412
церере 2,167317 0,000706
цивилизованной 2,167317 0,000706
часа 0,000000 0,000000
часть 0,002964 0,000002
чашки 1,565257 0,000510
чего 0,040213 0,000092
человек 0,036984 0,000060
человека 0,154480 0,000101
человеке 1,167317 0,001141
человеку 0,459747 0,000150
чему 0,341243 0,000111
через 0,258832 0,000253
черт 0,477121 0,000466
чертом 2,167317 0,000706
четверти 1,322219 0,000431
четвертый 0,991226 0,000323
четыре 0,477121 0,000155
четырем 1,866287 0,000608
чине 1,389166 0,000453
число 0,000000 0,000000
чисто 1,213075 0,000395
читаем 0,000000 0,000000
читал 0,735954 0,000240
читать 0,000000 0,000000
чрезвычайно 0,217927 0,000071
чтоб 0,073896 0,000072
чтобы 0,030597 0,000050
чувствам 1,389166 0,000453
чувство 0,611015 0,000398
чужие 1,389166 0,000905
чуть 0,176091 0,000057
чьего 0,000000 0,000000
шагах 0,866287 0,000282
шатались 2,167317 0,000706
шепотом 0,675956 0,000220
шептал 1,389166 0,000453
шепчешь 2,167317 0,000706
шепчу 1,690196 0,001652
шикарных 2,167317 0,000706
шиллера 1,389166 0,000453
широк 1,565257 0,001020
шмидтом 2,167317 0,000706
щеголявшею 2,167317 0,000706
этим 0,189594 0,000062
этих 0,213075 0,000069
этого 0,053374 0,000052
этой 0,118099 0,000077
этом 0,046743 0,000091
этот 0,011981 0,000008
юные 1,866287 0,000608
яблонями 2,167317 0,000706
якорь 2,167317 0,000706
