августа 2,167317 0,001246
автор 0,000000 0,000000
автором 0,000000 0,000000
авторского 0,000000 0,000000
авторы 0,000000 0,000000
александрович 0,991226 0,001710
алексей 0,000000 0,000000
алексея 0,000000 0,000000
алешей 0,752344 0,000433
аудиенцию 2,167317 0,001246
афоне 1,690196 0,000972
бабе 1,866287 0,001073
барыня 0,963197 0,000554
барыням 1,866287 0,001073
бежал 0,963197 0,000554
бескровных 2,167317 0,001246
беспорядочную 2,167317 0,001246
бестолковщине 2,167317 0,001246
библиотека 0,000000 0,000000
бивал 1,690196 0,000972
благодарны 1,690196 0,000972
бледный 0,888564 0,000511
бледных 1,690196 0,000972
богатейшим 2,167317 0,001246
боитесь 1,264227 0,000727
более 0,000000 0,000000
больше 0,137934 0,000159
большего 2,167317 0,001246
большие 0,720159 0,000414
боюсь 0,504560 0,000290
братья 0,176091 0,000405
брошу 1,167317 0,000671
будем 0,648803 0,000373
будет 0,077412 0,000045
бывали 0,824895 0,000474
бывало 0,554533 0,000319
были 0,099131 0,000114
было 0,000000 0,000000
быстро 0,232819 0,000402
быть 0,002964 0,000005
вами 0,232819 0,000402
варсонофии 1,866287 0,001073
варсонофий 2,167317 0,001246
ваша 0,554533 0,000319
вашего 0,443041 0,000255
вдруг 0,005949 0,000027
ведите 1,866287 0,001073
ведь 0,043466 0,000050
вежливым 1,565257 0,000900
везде 0,866287 0,000498
веками 2,167317 0,001246
великолепный 1,468347 0,000844
великом 1,389166 0,000799
вероятно 0,623249 0,000358
вести 1,125925 0,001295
весьма 0,243038 0,000280
ветхой 2,167317 0,001246
взгляде 0,769377 0,000442
вздор 0,599116 0,000345
видали 1,264227 0,000727
видел 0,248239 0,000285
видели 0,495219 0,000285
видеть 0,381987 0,000220
видимо 0,328468 0,000189
видите 0,396465 0,000456
визиты 0,000000 0,000000
вместе 0,208276 0,000120
внутренним 1,690196 0,000972
внутренности 2,167317 0,001246
воздух 1,053374 0,000606
вознаграждения 0,000000 0,000000
войдет 1,167317 0,000671
войти 0,675956 0,000389
волнении 0,675956 0,000389
вообще 0,459747 0,000264
ворота 0,963197 0,000554
ворочусь 1,565257 0,000900
вошел 0,403889 0,000465
вошли 0,720159 0,000414
впрочем 0,118099 0,000136
врат 1,866287 0,002146
врата 1,866287 0,003220
вратами 2,167317 0,001246
времена 1,322219 0,000760
временем 0,963197 0,000554
время 0,043466 0,000025
всегда 0,129891 0,000149
всем 0,070407 0,000081
всех 0,060107 0,000138
вскакивал 1,866287 0,001073
вскричал 0,292256 0,000336
вследствие 0,888564 0,000511
вслух 0,533849 0,000307
встречает 1,389166 0,000799
встречались 1,690196 0,000972
вторая 0,514105 0,000591
второй 0,704919 0,000405
входить 1,125925 0,001295
входом 1,690196 0,000972
выведут 2,167317 0,001246
выдался 2,167317 0,001246
выйти 0,587534 0,000338
вынул 0,599116 0,000345
выплаты 0,000000 0,000000
выработанная 2,167317 0,001246
высокий 0,991226 0,000570
высоко 1,088136 0,000626
высшего 0,991226 0,000570
высших 1,264227 0,000727
выходит 0,752344 0,000433
вышли 0,912045 0,000524
галерее 1,690196 0,000972
галереей 2,167317 0,001246
галерейки 1,866287 0,001073
генерал 0,554533 0,000319
глазам 0,963197 0,000554
глазах 0,459747 0,000264
глазками 1,125925 0,000647
глупостей 1,565257 0,000900
глядел 0,554533 0,000319
гнев 0,936868 0,000539
говорю 0,203530 0,000117
говоря 0,434924 0,000250
говорят 0,309985 0,000357
голове 0,554533 0,000638
гораздо 0,443041 0,000255
горячиться 2,167317 0,001246
господа 0,389166 0,000448
господин 0,514105 0,000591
госпожа 0,963197 0,000554
гостинице 1,468347 0,001689
готовился 1,322219 0,000760
границу 0,991226 0,000570
грешков 2,167317 0,001246
гривенник 1,866287 0,001073
губах 1,053374 0,000606
давно 0,158717 0,000091
даже 0,005949 0,000017
дали 0,635838 0,000731
дальним 1,866287 0,001073
дальше 0,002964 0,000002
дамский 2,167317 0,001246
дамских 2,167317 0,001246
дамы 0,648803 0,000373
данные 0,000000 0,000000
двадцати 0,675956 0,000389
двадцать 0,411442 0,000237
двенадцатого 1,322219 0,000760
двух 0,264227 0,000152
действительно 0,106619 0,000184
делу 0,468347 0,000269
день 0,162996 0,000094
деревянный 1,125925 0,000647
дери 1,213075 0,000698
дмитрию 0,936868 0,000539
дмитрия 0,599116 0,000345
довольно 0,129891 0,000075
догнавший 2,167317 0,001246
дожидается 2,167317 0,001246
должно 0,286504 0,000165
должны 0,576253 0,000331
долине 2,167317 0,001246
домик 1,389166 0,000799
дорогих 1,565257 0,000900
дорогонько 2,167317 0,001246
дорогу 0,599116 0,000689
доску 1,866287 0,001073
достоевский 0,000000 0,000000
достоинства 1,088136 0,000626
достояние 0,000000 0,000000
дочерью 1,322219 0,000760
дошли 1,213075 0,000698
дребезжащей 2,167317 0,001246
друг 0,269690 0,000155
друга 0,419129 0,000241
другой 0,146128 0,000084
едва 0,554533 0,000319
едят 1,690196 0,000972
если 0,011981 0,000007
есть 0,018098 0,000010
ждать 0,554533 0,000319
ждут 0,936868 0,000539
женский 1,053374 0,000606
женского 1,125925 0,000647
женщин 0,888564 0,001022
женщины 0,576253 0,000331
живет 0,662167 0,000381
заботу 1,866287 0,001073
зависели 2,167317 0,001246
задумчив 1,167317 0,000671
заметив 0,936868 0,000539
заметил 0,154480 0,000444
заметить 0,635838 0,000366
замечательно 1,125925 0,000647
занят 1,088136 0,000626
запертые 1,565257 0,000900
запоздал 1,690196 0,000972
запряженной 2,167317 0,001246
заране 1,690196 0,000972
заспорю 2,167317 0,001246
заторопившись 2,167317 0,001246
затрудняюсь 1,866287 0,001073
зачем 0,146128 0,000084
защебетал 2,167317 0,001246
здесь 0,095435 0,000329
здешние 1,565257 0,000900
здоров 1,167317 0,000671
знает 0,171682 0,000197
знаете 0,286504 0,000494
знаток 1,389166 0,000799
значит 0,243038 0,000140
знаю 0,095435 0,000110
зона 2,167317 0,004985
зосима 1,021189 0,001174
иваном 0,845098 0,000486
игумен 1,468347 0,001689
игумена 1,264227 0,000727
игумену 1,468347 0,001689
идею 0,963197 0,000554
иену 2,167317 0,001246
извозчичьей 2,167317 0,001246
изволили 0,845098 0,000486
изысканно 2,167317 0,001246
изящности 2,167317 0,001246
имел 0,347773 0,000200
именно 0,066947 0,000038
иначе 0,367977 0,000212
индюшечек 2,167317 0,001246
иногда 0,208276 0,000359
ирония 1,866287 0,001073
испитой 1,866287 0,001073
исполню 1,690196 0,000972
использоваться 0,000000 0,000000
источник 0,000000 0,000000
кажется 0,118099 0,000068
казался 0,963197 0,000554
какой 0,095435 0,000165
калганов 1,053374 0,000606
калгановым 1,866287 0,001073
камни 1,468347 0,000844
капусту 2,167317 0,001246
карамазовы 0,180546 0,000415
карточку 1,690196 0,000972
келья 1,565257 0,000900
класть 2,167317 0,001246
клобуке 2,167317 0,001246
книга 0,176091 0,000203
книги 0,000000 0,000000
когда 0,015029 0,000017
кого 0,222835 0,000128
коль 0,720159 0,000414
коляске 1,468347 0,001689
коляски 1,322219 0,000760
комаров 0,000000 0,000000
комнатки 2,167317 0,001246
конец 0,495219 0,000285
конфузиться 1,866287 0,001073
которого 0,198834 0,000229
котором 0,347773 0,000200
крепкое 1,866287 0,001073
кресты 2,167317 0,001246
крестясь 1,866287 0,001073
крикнул 0,381987 0,000220
кроме 0,158717 0,000183
крылечко 1,468347 0,000844
курочек 2,167317 0,001246
курс 1,322219 0,000760
лазеечка 2,167317 0,001246
лежат 0,991226 0,000570
лелеяла 2,167317 0,001246
леском 2,167317 0,002493
лесок 1,690196 0,002916
лесом 1,565257 0,000900
летнем 1,690196 0,000972
либеральная 2,167317 0,001246
либо 0,000000 0,000000
литература 0,000000 0,000000
лица 0,322219 0,000371
лицо 0,114239 0,000066
лицом 0,000000 0,000000
лишенным 2,167317 0,001246
лишь 0,185046 0,000106
ловель 1,866287 0,001073
лошадей 1,088136 0,001251
лупоглазое 2,167317 0,001246
лучше 0,162996 0,000094
лысоватый 2,167317 0,001246
любил 0,374926 0,000216
любопытством 0,459747 0,000529
любым 0,000000 0,000000
людям 0,720159 0,000828
мазня 1,866287 0,001073
максимов 1,125925 0,001942
максимову 1,690196 0,000972
максимовым 1,690196 0,000972
манкировал 1,866287 0,001073
медово 2,167317 0,001246
между 0,129891 0,000224
мелькнуло 0,805589 0,000463
меня 0,027438 0,000047
месте 0,286504 0,000165
метил 1,866287 0,001073
мешаю 1,690196 0,000972
мигом 0,504560 0,000290
минутку 0,704919 0,000405
миусов 1,088136 0,006883
миусова 1,264227 0,000727
мнение 0,690196 0,000397
много 0,080958 0,000047
множество 0,936868 0,000539
могил 1,866287 0,001073
могилки 1,866287 0,001073
могильные 2,167317 0,001246
может 0,000000 0,000000
можно 0,088136 0,000051
молодой 0,381987 0,000439
молодым 1,021189 0,000587
молчалив 1,213075 0,000698
молчальная 2,167317 0,001246
момента 0,000000 0,000000
монастырские 1,565257 0,000900
монастырь 0,720159 0,000828
монастырю 1,213075 0,001395
монастыря 0,912045 0,002098
монах 0,991226 0,001710
монаху 1,690196 0,000972
монашек 1,468347 0,001689
монашка 1,866287 0,001073
монашку 2,167317 0,002493
наблюдательного 2,167317 0,001246
наглухо 1,866287 0,001073
назад 0,000000 0,000000
название 0,000000 0,000000
найти 0,000000 0,000000
накануне 0,662167 0,000381
намерен 0,787106 0,000453
наморщился 1,866287 0,001073
написанными 2,167317 0,001246
написано 0,000000 0,000000
направились 1,866287 0,001073
напущенной 2,167317 0,001246
народ 0,735954 0,000423
народу 1,264227 0,000727
нарождалось 2,167317 0,001246
наружность 1,389166 0,000799
насадить 1,866287 0,001073
насмешливо 0,787106 0,000453
настоящему 0,991226 0,000570
настоящий 1,021189 0,000587
наука 0,000000 0,000000
находилась 1,565257 0,000900
начнете 1,565257 0,000900
начну 0,991226 0,000570
наши 0,544068 0,000313
наших 0,690196 0,000794
невозможным 1,322219 0,000760
невысокого 1,866287 0,001073
него 0,000000 0,000000
недавно 0,576253 0,000331
независимое 1,866287 0,001073
неизвестно 0,936868 0,000539
неизъяснимым 2,167317 0,001246
некоторое 0,486076 0,000280
некоторой 1,125925 0,000647
некоторым 0,690196 0,000794
неловок 2,167317 0,001246
неподвижность 2,167317 0,001246
непременно 0,133894 0,000154
нерешительно 2,167317 0,001246
несколько 0,102859 0,000118
неуместное 1,866287 0,002146
нечего 0,381987 0,000220
нибудь 0,030597 0,000035
никаких 0,565257 0,000325
никакого 0,403889 0,000232
никогда 0,088136 0,000101
никого 0,411442 0,000237
никто 0,185046 0,000319
ничего 0,030597 0,000070
нищие 1,690196 0,000972
нужно 0,514105 0,000296
обедне 1,468347 0,000844
обедни 1,866287 0,001073
обеду 1,389166 0,000799
обещал 1,088136 0,000626
оборота 2,167317 0,001246
обошлись 1,690196 0,000972
обрадовавшись 1,167317 0,000671
образованнейшим 2,167317 0,001246
обратился 0,443041 0,001019
обратно 0,675956 0,000389
обсажен 1,866287 0,001073
обступили 1,565257 0,000900
общества 0,787106 0,000453
общественное 0,000000 0,000000
обыкновенных 1,167317 0,000671
обычаи 1,690196 0,000972
обязан 1,125925 0,000647
ограда 2,167317 0,001246
оградах 2,167317 0,001246
ограду 1,866287 0,002146
ограды 1,468347 0,001689
одет 1,021189 0,000587
один 0,046743 0,000134
одна 0,185046 0,000106
однако 0,102859 0,000237
одним 0,286504 0,000165
одного 0,150284 0,000086
одной 0,243038 0,000419
одноэтажный 1,866287 0,001073
одну 0,232819 0,000134
одушевление 1,565257 0,000900
ожидал 0,675956 0,000389
озирался 1,690196 0,000972
окна 0,648803 0,000373
около 0,443041 0,000255
окончить 1,690196 0,000972
опубликовано 0,000000 0,000000
опытная 1,866287 0,001073
осенних 2,167317 0,001246
особенно 0,129891 0,000075
оставили 0,888564 0,000511
остальные 0,704919 0,000405
остановились 1,053374 0,000606
ответил 0,237898 0,000547
ответить 0,735954 0,000423
отец 0,316059 0,000545
откушать 1,565257 0,000900
отлично 0,805589 0,000463
отплачу 1,866287 0,001073
отрекомендовался 1,565257 0,000900
отстававших 2,167317 0,001246
отсюда 0,805589 0,000463
отца 0,222835 0,000128
отцу 0,565257 0,000650
отчасти 0,611015 0,000351
отчего 0,554533 0,000319
официальных 1,866287 0,001073
оформление 0,000000 0,000000
очень 0,024303 0,000056
павлович 0,419129 0,002892
павловича 0,451314 0,000260
палкой 1,565257 0,001800
пальто 0,936868 0,000539
пальцем 1,021189 0,000587
паре 1,866287 0,001073
парижанин 2,167317 0,001246
парой 2,167317 0,001246
первая 0,419129 0,000482
первом 0,805589 0,000463
перебил 0,635838 0,000366
передовой 1,866287 0,001073
перерождалась 1,866287 0,001073
перешло 0,000000 0,000000
петр 0,936868 0,001616
петром 1,468347 0,000844
петруша 2,167317 0,001246
пешком 1,389166 0,000799
побежал 0,623249 0,000358
поблагодарите 1,866287 0,001073
повещу 2,167317 0,001246
поводу 0,720159 0,000414
повремените 1,468347 0,000844
погасало 2,167317 0,001246
подборка 0,000000 0,000000
подобно 1,167317 0,000671
подолгу 1,389166 0,000799
подошел 0,514105 0,000296
подумайте 1,213075 0,000698
подъехали 2,167317 0,001246
подымаясь 1,322219 0,000760
пожаловали 1,866287 0,001073
пожалуете 2,167317 0,001246
пожалуй 0,237898 0,000137
пожертвовал 1,468347 0,000844
пожилой 1,322219 0,000760
поздней 1,690196 0,000972
позже 1,389166 0,000799
пойдемте 0,888564 0,000511
пока 0,213075 0,000123
показалась 1,125925 0,000647
поклоном 1,389166 0,000799
покорнейше 1,866287 0,001073
полагается 2,167317 0,002493
половине 0,936868 0,000539
получили 1,322219 0,000760
поместительной 1,866287 0,001073
помещик 1,053374 0,002423
помещиком 1,389166 0,001598
помещица 1,690196 0,000972
помним 1,866287 0,001073
помните 0,690196 0,000397
попросили 1,264227 0,000727
попросим 2,167317 0,001246
поровну 1,866287 0,001073
портмоне 1,565257 0,000900
порывист 2,167317 0,001246
порядочно 1,213075 0,000698
порядочным 2,167317 0,001246
посетителей 0,000000 0,000000
посетители 0,000000 0,000000
посещения 1,088136 0,001251
поскорее 0,486076 0,000280
после 0,084532 0,000097
последние 0,533849 0,000307
последний 0,403889 0,000465
посмертно 0,000000 0,000000
посмотрите 0,888564 0,001022
поставили 1,322219 0,000760
построек 2,167317 0,001246
поступить 1,053374 0,001211
потому 0,024303 0,000028
похож 1,167317 0,001343
почему 0,099131 0,000057
почетом 2,167317 0,001246
почти 0,024303 0,000056
появляется 1,565257 0,000900
поясным 2,167317 0,001246
право 0,361137 0,000208
пред 0,033778 0,000039
предрекаю 1,690196 0,000972
представлялось 1,264227 0,000727
предыдущем 2,167317 0,001246
прекрасный 1,088136 0,000626
прекрасных 1,565257 0,000900
преназойливый 2,167317 0,001246
прибыл 1,213075 0,000698
приглашению 1,389166 0,000799
придачу 1,468347 0,000844
приезжие 2,167317 0,001246
приехал 0,554533 0,000319
приехали 0,963197 0,001662
прижизненно 0,000000 0,000000
прилично 1,213075 0,000698
примерно 0,963197 0,000554
принимает 0,912045 0,000524
принять 0,523865 0,000301
приподняв 1,866287 0,001073
пристроены 2,167317 0,001246
присюсюкивая 2,167317 0,001246
приходит 0,824895 0,000474
приятелем 1,565257 0,000900
приятно 0,805589 0,000463
приятное 1,264227 0,000727
пробормотать 1,866287 0,001073
проведена 2,167317 0,001246
проговорив 1,053374 0,000606
проговорил 0,154480 0,000089
программирование 0,000000 0,000000
проживают 1,690196 0,000972
произведение 0,000000 0,000000
произведений 0,000000 0,000000
произведения 0,000000 0,000000
произнес 0,361137 0,000415
промолвил 1,053374 0,000606
промолчал 1,167317 0,001343
пронеслось 1,213075 0,000698
просит 0,866287 0,000498
простая 1,468347 0,000844
простонародьем 1,866287 0,001073
простонародья 1,690196 0,000972
проходил 1,125925 0,000647
процесс 1,389166 0,000799
прошло 0,000000 0,000000
прямо 0,118099 0,000136
публикации 0,000000 0,000000
пустил 1,167317 0,000671
пустился 0,936868 0,000539
путников 2,167317 0,002493
пять 0,275223 0,000158
разбору 2,167317 0,001246
развязности 1,690196 0,000972
разговорчив 1,866287 0,001073
разделить 1,690196 0,000972
раздражен 1,125925 0,000647
раздраженный 1,468347 0,000844
разрешения 0,000000 0,000000
рассеян 1,125925 0,000647
рассеянно 0,991226 0,000570
рассеянным 2,167317 0,001246
рассказывают 1,690196 0,000972
расслабел 2,167317 0,001246
расслабленною 2,167317 0,001246
рассматривая 1,389166 0,000799
редких 1,468347 0,000844
реке 1,690196 0,000972
речь 0,704919 0,000405
решился 0,554533 0,000319
решить 0,936868 0,000539
ровно 0,533849 0,000307
рода 0,866287 0,000498
роде 0,504560 0,000290
родственником 1,389166 0,000799
розовых 1,866287 0,001073
рост 1,389166 0,000799
росту 1,468347 0,000844
рублей 0,367977 0,000212
рука 1,053374 0,000606
руки 0,167317 0,000096
руководить 1,565257 0,000900
русская 0,000000 0,000000
рыбы 1,866287 0,001073
рыцарь 1,213075 0,001395
сайте 0,000000 0,000000
сами 0,142011 0,000163
самому 0,426955 0,000491
самые 0,381987 0,000220
сарказм 2,167317 0,001246
сбоку 0,912045 0,001049
свидание 0,936868 0,000539
свободно 0,000000 0,000000
своем 0,198834 0,000114
своему 0,367977 0,000212
своею 0,443041 0,000255
своим 0,208276 0,000359
святой 0,912045 0,000524
святом 1,690196 0,000972
святыми 1,690196 0,000972
святых 1,167317 0,000671
себя 0,005949 0,000027
сего 0,611015 0,000351
сегодня 0,000000 0,000000
сейчас 0,070407 0,000081
семидесяти 0,000000 0,000000
сиво 2,167317 0,001246
сильно 0,292256 0,000168
сказать 0,073896 0,000127
скит 1,389166 0,000799
скита 1,322219 0,001521
ските 1,565257 0,000900
скиту 1,690196 0,002916
сконфузившись 1,322219 0,000760
сконфузился 1,213075 0,000698
слава 0,769377 0,000442
сладкими 2,167317 0,001246
слишком 0,133894 0,000077
слово 0,232819 0,000268
сложение 1,690196 0,000972
случалась 1,866287 0,001073
слышал 0,389166 0,000224
слышали 0,611015 0,000351
слышите 0,769377 0,000442
смешлив 1,866287 0,001073
смеясь 0,787106 0,000453
смотрел 0,298086 0,000171
смотрят 1,125925 0,000647
снимая 1,565257 0,000900
соблазнял 2,167317 0,001246
собою 0,347773 0,000200
собрание 0,000000 0,000000
собственного 0,963197 0,000554
совершенный 1,264227 0,000727
совсем 0,021189 0,000049
согласия 0,000000 0,000000
сообщен 2,167317 0,001246
сопутников 2,167317 0,001246
состояние 0,805589 0,000463
сочинений 0,000000 0,000000
спасаются 1,690196 0,000972
спросил 0,222835 0,000128
спросить 0,495219 0,000285
срок 0,888564 0,000511
станет 0,623249 0,000358
старец 0,787106 0,003621
старичишка 1,866287 0,001073
старца 0,735954 0,000423
старце 1,264227 0,000727
старцем 1,167317 0,000671
старцу 1,167317 0,001343
старцы 1,389166 0,000799
старый 0,824895 0,000949
старых 1,322219 0,000760
столь 0,434924 0,000500
стояли 0,690196 0,000397
странная 0,824895 0,000474
странно 0,354404 0,000204
строго 0,576253 0,000331
строить 1,389166 0,000799
судорожным 1,866287 0,001073
сунул 1,167317 0,000671
существ 1,389166 0,000799
существует 0,866287 0,000498
сущности 0,752344 0,000433
сынком 1,866287 0,001073
сюда 0,232819 0,000402
также 0,000000 0,000000
такой 0,077412 0,000089
таком 0,309985 0,000357
текст 0,000000 0,000000
телушечек 2,167317 0,001246
теперь 0,015029 0,000052
теплый 1,866287 0,001073
тоже 0,043466 0,000025
только 0,002964 0,000015
томах 0,000000 0,000000
тонкая 1,565257 0,000900
тотчас 0,046743 0,000027
тридцать 0,769377 0,000442
трое 0,824895 0,000474
тульским 2,167317 0,001246
тысячу 0,769377 0,000442
угодно 0,504560 0,000580
удержитесь 1,690196 0,000972
удивили 2,167317 0,001246
ужасно 0,167317 0,000192
узнает 0,912045 0,000524
узнаю 1,021189 0,000587
улыбочка 1,866287 0,001073
умершим 0,000000 0,000000
университет 1,866287 0,002146
унижу 2,167317 0,001246
упомянуть 1,264227 0,000727
упор 0,963197 0,000554
условие 1,866287 0,001073
условлено 1,690196 0,000972
успел 0,354404 0,000408
уставом 1,866287 0,001073
устроены 1,690196 0,000972
уходит 0,888564 0,000511
федор 0,000000 0,000000
федора 0,554533 0,000319
федоровича 0,426955 0,000246
федоровичем 0,704919 0,000405
федоровичу 0,599116 0,000345
физиономии 1,322219 0,000760
фомичом 2,167317 0,001246
франц 0,635838 0,000731
харьковская 2,167317 0,001246
хитрости 1,468347 0,000844
ходом 1,565257 0,000900
ходят 1,167317 0,000671
хозяйственных 2,167317 0,001246
хоронившим 2,167317 0,001246
хоронить 1,565257 0,000900
хорошо 0,189594 0,000218
хотел 0,158717 0,000091
хоть 0,060107 0,000104
хотя 0,050046 0,000029
хохлакова 1,125925 0,000647
цветами 1,389166 0,000799
цветники 2,167317 0,001246
цветов 1,264227 0,000727
цените 1,565257 0,000900
церквей 1,866287 0,001073
церкви 1,088136 0,001877
церковных 2,167317 0,001246
цюрих 2,167317 0,001246
часа 0,000000 0,000000
часть 0,002964 0,000003
чего 0,040213 0,000046
человек 0,036984 0,000085
человеком 0,504560 0,000580
чему 0,341243 0,000196
через 0,258832 0,000447
черт 0,477121 0,000549
чертами 1,690196 0,000972
честь 0,554533 0,000319
четыреста 1,213075 0,000698
число 0,000000 0,000000
чистейший 1,690196 0,000972
читаем 0,000000 0,000000
читать 0,000000 0,000000
чрезвычайно 0,217927 0,000125
чтобы 0,030597 0,000035
чувства 0,495219 0,000285
чужой 1,088136 0,000626
чьего 0,000000 0,000000
шагнув 1,565257 0,000900
шагов 0,720159 0,000414
шапки 1,866287 0,001073
шапочному 2,167317 0,001246
шарлатанство 1,866287 0,001073
шестидесяти 1,389166 0,000799
широком 1,866287 0,001073
шляпу 0,912045 0,000524
шута 1,167317 0,000671
щегольской 2,167317 0,001246
щелчок 1,866287 0,001073
экземпляр 1,866287 0,001073
экипажах 1,690196 0,000972
экипаже 2,167317 0,001246
экипажи 1,690196 0,000972
этой 0,118099 0,000068
этом 0,046743 0,000027
этому 0,322219 0,000185
этот 0,011981 0,000014
юродивым 1,866287 0,001073
ясно 0,354404 0,000204
ясный 1,213075 0,000698
