автор 0,000000 0,000000
автором 0,000000 0,000000
авторского 0,000000 0,000000
авторы 0,000000 0,000000
алексей 0,000000 0,000000
алексея 0,000000 0,000000
алеша 0,381987 0,005653
алеше 0,523865 0,000298
алешей 0,752344 0,000428
алеши 0,544068 0,000619
алешу 0,565257 0,001287
балуют 2,167317 0,001234
банную 2,167317 0,001234
бежал 0,963197 0,001096
безо 0,599116 0,000341
безучастно 1,690196 0,000962
белокурому 1,866287 0,001062
библиотека 0,000000 0,000000
бить 1,088136 0,000619
бледненький 2,167317 0,001234
бледненьким 2,167317 0,001234
богу 0,434924 0,000248
бойцы 2,167317 0,001234
боку 1,690196 0,002886
более 0,000000 0,000000
болезненный 1,213075 0,000690
боли 0,963197 0,000548
больно 0,787106 0,003136
большая 0,936868 0,001066
больше 0,137934 0,000236
большими 1,088136 0,000619
большой 0,495219 0,000846
братья 0,176091 0,000401
бросает 1,322219 0,000753
бросается 1,565257 0,000891
бросил 0,554533 0,000316
бросили 1,389166 0,000791
бросится 1,565257 0,001782
будто 0,099131 0,000056
буду 0,208276 0,000119
булыжник 2,167317 0,001234
бывало 0,554533 0,000316
была 0,046743 0,000027
были 0,099131 0,000056
было 0,000000 0,000000
быть 0,002964 0,000007
важное 0,845098 0,000481
вами 0,232819 0,000133
вверх 0,866287 0,000493
вглядывался 1,468347 0,000836
вдали 1,565257 0,000891
вдруг 0,005949 0,000027
ведь 0,043466 0,000049
верно 0,523865 0,000894
весь 0,099131 0,000113
ветхий 1,690196 0,000962
взглядом 0,504560 0,000287
взор 1,468347 0,000836
взрослому 2,167317 0,001234
видел 0,248239 0,000141
видимо 0,328468 0,000187
видимому 0,648803 0,000739
видите 0,396465 0,000451
видно 0,504560 0,000574
видя 0,690196 0,000393
вижу 0,286504 0,000163
визиты 0,000000 0,000000
виноват 0,523865 0,000298
влетел 1,468347 0,000836
вместо 0,411442 0,000234
внизу 0,936868 0,000533
внимательно 0,845098 0,000481
вовремя 1,167317 0,000664
вознаграждения 0,000000 0,000000
войти 0,675956 0,000385
вопросительно 1,167317 0,000664
впился 1,264227 0,000720
вражде 1,690196 0,000962
время 0,043466 0,000049
всего 0,040213 0,000023
всей 0,248239 0,000141
всех 0,060107 0,000103
вскочил 0,587534 0,000334
вскрикнул 0,936868 0,001600
вскричал 0,292256 0,000166
вслед 0,523865 0,000596
встречу 1,125925 0,000641
вступить 1,468347 0,000836
всякой 0,635838 0,000362
вторая 0,514105 0,000585
вчерашнюю 1,690196 0,000962
выдумал 0,888564 0,000506
выжидая 1,468347 0,000836
вызывающим 1,866287 0,001062
выйти 0,587534 0,000334
вылетели 2,167317 0,001234
вынул 0,599116 0,000341
выплаты 0,000000 0,000000
выпускал 2,167317 0,001234
выпустил 1,866287 0,001062
вырос 1,690196 0,000962
выскочил 1,125925 0,000641
высоких 1,389166 0,000791
выходя 0,936868 0,000533
вышедших 2,167317 0,001234
гарнитуровых 2,167317 0,001234
глазам 0,963197 0,000548
глазами 0,403889 0,000690
глазенками 2,167317 0,002467
глазками 1,125925 0,000641
глубоко 0,611015 0,000348
глядит 0,866287 0,001479
говорят 0,309985 0,000176
голенищах 2,167317 0,001234
голову 0,227798 0,000389
голос 0,533849 0,000608
голоском 1,213075 0,000690
голые 1,690196 0,000962
горку 2,167317 0,001234
город 0,523865 0,000298
гору 1,690196 0,000962
горящими 2,167317 0,001234
господа 0,389166 0,000443
госпожи 0,991226 0,000564
громко 0,504560 0,000287
грудь 0,752344 0,000428
группа 2,167317 0,001234
группе 1,565257 0,001782
группу 1,866287 0,004249
группы 1,690196 0,002886
грушенькой 1,088136 0,000619
грушеньку 0,845098 0,000481
давеча 0,232819 0,000133
даже 0,005949 0,000010
дальше 0,002964 0,000002
данные 0,000000 0,000000
даром 0,769377 0,000438
двенадцати 1,125925 0,000641
двигаясь 2,167317 0,002467
двух 0,264227 0,000150
девяти 1,322219 0,001505
деловито 1,866287 0,001062
делового 1,866287 0,001062
дергая 1,690196 0,000962
десяти 0,704919 0,000802
десять 0,374926 0,000213
детей 0,576253 0,000656
дети 0,662167 0,000377
детки 1,468347 0,000836
деток 1,468347 0,000836
детским 1,690196 0,000962
дистанцию 2,167317 0,001234
дмитрий 0,468347 0,000267
днем 1,264227 0,000720
доверенность 1,468347 0,000836
довольно 0,129891 0,000222
догадавшись 1,389166 0,000791
догоните 1,866287 0,001062
долго 0,222835 0,000254
должно 0,286504 0,000163
домам 1,565257 0,000891
допрашивал 1,468347 0,000836
дорогой 0,565257 0,000322
доставать 1,690196 0,000962
достать 0,936868 0,000533
достоевский 0,000000 0,000000
достояние 0,000000 0,000000
дразните 1,690196 0,001924
дразнить 1,389166 0,000791
дразню 2,167317 0,001234
дразнят 1,565257 0,000891
другие 0,389166 0,000443
других 0,459747 0,000262
другой 0,146128 0,000083
думать 0,486076 0,000277
дырка 2,167317 0,001234
если 0,011981 0,000007
ждал 0,495219 0,000846
ждать 0,554533 0,000316
ждет 0,787106 0,000448
забора 1,264227 0,001439
загадку 1,322219 0,000753
загалдели 1,866287 0,001062
заговорил 0,599116 0,000341
загородить 2,167317 0,001234
заготовленные 2,167317 0,001234
заготовленными 2,167317 0,001234
задел 1,468347 0,000836
задорно 1,866287 0,001062
зажиточные 2,167317 0,001234
закричал 0,599116 0,001364
закричали 1,322219 0,002258
замазанная 2,167317 0,001234
заметил 0,154480 0,000264
замечания 1,690196 0,000962
заплакал 0,866287 0,000986
заплатка 2,167317 0,001234
засверкав 1,264227 0,000720
заслониться 1,866287 0,001062
засмеялись 1,213075 0,000690
заставил 1,322219 0,000753
захотелось 0,787106 0,000448
зашибет 2,167317 0,001234
зверенок 1,866287 0,001062
здоровый 1,690196 0,000962
землю 0,565257 0,000322
злая 1,322219 0,000753
злобно 0,599116 0,000682
злобным 1,565257 0,000891
злой 1,167317 0,000664
знает 0,171682 0,000098
знаете 0,286504 0,000489
знаю 0,095435 0,000163
зубами 1,125925 0,000641
идете 1,690196 0,000962
избить 1,690196 0,000962
именно 0,066947 0,000038
иначе 0,367977 0,000209
инстинктом 1,468347 0,000836
иные 0,599116 0,000341
исподтишка 2,167317 0,002467
использоваться 0,000000 0,000000
источник 0,000000 0,000000
каких 0,468347 0,000267
какой 0,095435 0,000109
камень 1,167317 0,003986
камней 1,690196 0,000962
камнем 1,565257 0,003563
камни 1,468347 0,002507
камню 2,167317 0,001234
камням 2,167317 0,001234
камнями 1,322219 0,001505
канавками 2,167317 0,001234
канавкой 2,167317 0,009868
карамазов 0,587534 0,001003
карамазовы 0,180546 0,000411
карман 0,888564 0,000506
карманам 1,468347 0,000836
кармане 0,805589 0,000917
кармашка 1,866287 0,001062
кидает 2,167317 0,001234
кинулся 1,213075 0,000690
класса 1,322219 0,000753
классе 1,213075 0,000690
книга 0,176091 0,000200
книги 0,000000 0,000000
когда 0,015029 0,000009
кожаными 2,167317 0,001234
коленке 2,167317 0,001234
комаров 0,000000 0,000000
конечно 0,060107 0,000034
кости 1,565257 0,000891
которого 0,198834 0,000113
который 0,110412 0,000063
которыми 0,888564 0,000506
которых 0,426955 0,000243
красной 1,565257 0,000891
красоткин 1,213075 0,000690
красоткина 1,565257 0,001782
крепко 0,443041 0,000252
крикнул 0,381987 0,000217
кричали 0,991226 0,000564
кровь 0,662167 0,000754
кстати 0,468347 0,000267
куражу 2,167317 0,001234
курточках 2,167317 0,001234
курточке 2,167317 0,002467
курчавому 2,167317 0,001234
кучку 2,167317 0,001234
левом 1,866287 0,001062
левую 1,213075 0,000690
левша 2,167317 0,002467
левшой 2,167317 0,001234
левшу 2,167317 0,001234
летящим 2,167317 0,001234
либо 0,000000 0,000000
литература 0,000000 0,000000
лицо 0,114239 0,000065
лицом 0,000000 0,000000
личики 2,167317 0,001234
личиком 1,866287 0,001062
лишь 0,185046 0,000211
ловко 1,125925 0,000641
локоть 1,389166 0,000791
лупи 2,167317 0,001234
любил 0,374926 0,000213
любит 0,389166 0,000221
любым 0,000000 0,000000
любят 0,752344 0,000428
маленькие 1,021189 0,000581
маленькую 1,021189 0,000581
мало 0,208276 0,000119
малолетних 1,866287 0,001062
малорослых 2,167317 0,001234
мальчик 0,495219 0,005355
мальчика 0,648803 0,001108
мальчики 1,167317 0,002658
мальчиков 1,264227 0,001439
мальчиком 1,389166 0,000791
мальчику 1,125925 0,002563
мальчишка 0,963197 0,001645
мальчишки 1,322219 0,000753
мгновение 0,396465 0,000226
между 0,129891 0,000074
меньше 0,787106 0,000448
меня 0,027438 0,000094
места 0,389166 0,000664
метил 1,866287 0,001062
мешок 1,565257 0,000891
мешочек 2,167317 0,001234
мешочками 1,866287 0,001062
мешочком 2,167317 0,001234
мигом 0,504560 0,000287
мимо 0,514105 0,000878
минутку 0,704919 0,000401
минуту 0,084532 0,000048
михайловскую 2,167317 0,004934
многих 0,704919 0,000401
может 0,000000 0,000000
молодцеватый 2,167317 0,001234
молча 0,367977 0,000209
момента 0,000000 0,000000
монах 0,991226 0,000564
москве 0,690196 0,000393
мостик 1,866287 0,001062
мостиком 2,167317 0,001234
мочалка 1,468347 0,000836
мочалке 1,690196 0,000962
мочалку 1,690196 0,000962
мрачно 0,866287 0,000493
мучить 0,888564 0,000506
наблюдал 1,125925 0,000641
набраны 2,167317 0,001234
навстречу 1,125925 0,000641
нагнув 2,167317 0,001234
надо 0,036984 0,000105
надумал 1,565257 0,000891
назад 0,000000 0,000000
название 0,000000 0,000000
найдется 1,565257 0,000891
найти 0,000000 0,000000
наконец 0,073896 0,000084
нападаете 2,167317 0,001234
написано 0,000000 0,000000
направляясь 1,866287 0,001062
нарочно 0,227798 0,000130
наступившим 2,167317 0,001234
наука 0,000000 0,000000
начал 0,137934 0,000236
началась 1,322219 0,001505
начинать 1,167317 0,001329
него 0,000000 0,000000
некогда 0,912045 0,000519
неловко 1,125925 0,000641
нельзя 0,176091 0,000100
ненавидите 1,690196 0,000962
непременно 0,133894 0,000229
непрерывная 2,167317 0,001234
несомненно 0,704919 0,000401
неудачно 2,167317 0,001234
нибудь 0,030597 0,000035
никогда 0,088136 0,000050
ничего 0,030597 0,000017
новыми 1,213075 0,000690
ноге 1,322219 0,000753
ногтя 1,866287 0,001062
ножиком 1,565257 0,000891
носил 0,991226 0,000564
носили 1,866287 0,001062
носке 2,167317 0,001234
ночь 0,248239 0,000283
нравились 1,690196 0,000962
обеими 0,787106 0,000448
обеих 0,866287 0,000493
обернул 1,866287 0,001062
обернулся 0,824895 0,000469
обертывал 1,866287 0,001062
обратясь 1,866287 0,001062
общественное 0,000000 0,000000
общий 1,167317 0,000664
оглядев 1,565257 0,000891
оглядываясь 1,322219 0,000753
одет 1,021189 0,000581
один 0,046743 0,000106
одиннадцати 1,021189 0,001162
однако 0,102859 0,000059
одни 0,459747 0,000262
одно 0,099131 0,000056
одного 0,150284 0,000171
одному 0,334808 0,000191
оживленно 1,690196 0,000962
оживленные 2,167317 0,001234
озабочен 1,322219 0,000753
озлился 1,389166 0,000791
оказались 1,021189 0,000581
окаменело 2,167317 0,001234
около 0,443041 0,000252
опальному 2,167317 0,001234
опубликовано 0,000000 0,000000
опять 0,027438 0,000125
особенно 0,129891 0,000148
остальные 0,704919 0,000401
остановился 0,419129 0,000477
остервенением 1,468347 0,001671
ответа 0,720159 0,000410
ответил 0,237898 0,000135
отвечать 0,824895 0,000469
отделявшуюся 2,167317 0,001234
отдувшиеся 2,167317 0,001234
отдувшимся 2,167317 0,001234
отец 0,316059 0,000180
отплатил 2,167317 0,001234
отскочил 1,468347 0,000836
отца 0,222835 0,000254
отцы 1,021189 0,000581
оформление 0,000000 0,000000
очевидно 0,599116 0,000341
очень 0,024303 0,000055
очередь 0,805589 0,000459
палец 0,991226 0,002257
пали 1,565257 0,000891
пальтишка 2,167317 0,001234
пальтишках 2,167317 0,001234
пальтишко 1,866287 0,001062
пальто 0,936868 0,000533
панталон 1,690196 0,000962
параллельную 2,167317 0,001234
первый 0,248239 0,000283
перебью 2,167317 0,001234
переглянулись 1,213075 0,000690
перестрелка 2,167317 0,002467
переулок 1,322219 0,000753
перешел 0,936868 0,000533
перешло 0,000000 0,000000
перочинным 1,565257 0,000891
платок 0,787106 0,000448
плача 1,264227 0,000720
плечами 0,787106 0,000448
плечо 0,866287 0,000986
площадь 1,322219 0,000753
побежал 0,623249 0,000709
побоится 2,167317 0,001234
повернулся 0,587534 0,000334
повторил 0,752344 0,000428
поглядел 0,554533 0,000316
подборка 0,000000 0,000000
подлец 0,662167 0,000377
подлый 1,565257 0,000891
поднял 0,504560 0,000287
подойдя 1,167317 0,000664
подошел 0,514105 0,000293
подумал 0,334808 0,000191
подхватили 1,468347 0,000836
подходя 1,088136 0,000619
пожалуй 0,237898 0,000135
позу 2,167317 0,001234
пойду 0,623249 0,000355
полилась 2,167317 0,001234
положил 0,599116 0,000341
полон 1,690196 0,000962
понимал 0,554533 0,000316
попал 0,824895 0,000469
поразившее 1,468347 0,000836
поразившую 2,167317 0,001234
посетителей 0,000000 0,000000
посетители 0,000000 0,000000
посмертно 0,000000 0,000000
посмотрел 0,459747 0,000523
потекла 2,167317 0,001234
потому 0,024303 0,000028
почти 0,024303 0,000014
почувствовал 0,623249 0,000355
пошел 0,275223 0,000470
правду 0,443041 0,000252
правом 1,389166 0,002372
правою 1,264227 0,000720
пред 0,033778 0,000077
предумышленной 2,167317 0,001234
предупредительно 1,565257 0,001782
прежнюю 1,264227 0,000720
прижизненно 0,000000 0,000000
примерно 0,963197 0,000548
прислал 1,053374 0,000600
приставайте 1,866287 0,001062
пришлось 0,769377 0,000438
программирование 0,000000 0,000000
продолговатым 1,866287 0,001062
продолжал 0,292256 0,000333
произведение 0,000000 0,000000
произведений 0,000000 0,000000
произведения 0,000000 0,000000
происшествие 1,389166 0,000791
прокушен 2,167317 0,001234
пролетел 2,167317 0,001234
промахивайся 2,167317 0,001234
пронизан 2,167317 0,001234
проходить 1,167317 0,000664
прочь 0,866287 0,000493
прошел 0,662167 0,000377
прошло 0,000000 0,000000
прощайте 0,845098 0,000481
прямо 0,118099 0,000336
публикации 0,000000 0,000000
пустил 1,167317 0,001993
пущен 2,167317 0,001234
пущенный 2,167317 0,001234
пырнет 1,866287 0,001062
пырнул 1,565257 0,000891
пытливо 1,213075 0,000690
пять 0,275223 0,000157
равной 1,468347 0,000836
разве 0,146128 0,000083
разговор 0,434924 0,000248
раздался 0,805589 0,000459
раздражен 1,125925 0,001282
раздраженным 1,866287 0,001062
раздражительно 0,752344 0,000428
разом 0,389166 0,000443
разрешения 0,000000 0,000000
разъяснить 0,936868 0,000533
разыскать 1,565257 0,001782
раненую 2,167317 0,001234
ранчиками 1,866287 0,001062
рассказать 0,623249 0,000355
рассчитывая 1,213075 0,000690
растрепанную 1,866287 0,001062
расходились 2,167317 0,001234
ребенка 0,787106 0,000896
ребяток 2,167317 0,001234
ремнях 2,167317 0,001234
роду 1,389166 0,000791
росту 1,468347 0,000836
рубашке 1,690196 0,000962
рукавов 1,690196 0,000962
руками 0,280827 0,000160
руках 0,396465 0,000226
руки 0,167317 0,000095
рукой 0,486076 0,000277
руку 0,222835 0,000254
румяному 2,167317 0,001234
румяные 2,167317 0,001234
русская 0,000000 0,000000
сажай 2,167317 0,001234
сайте 0,000000 0,000000
сами 0,142011 0,000081
самого 0,118099 0,000067
самый 0,198834 0,000113
сапогах 1,213075 0,000690
сапоге 2,167317 0,001234
сверкавшими 1,690196 0,000962
сверкнув 1,690196 0,000962
свернул 1,866287 0,001062
свернуть 1,866287 0,001062
свободно 0,000000 0,000000
своими 0,495219 0,000282
свой 0,189594 0,000108
свою 0,073896 0,000042
связался 1,468347 0,001671
сделал 0,381987 0,000870
сделать 0,403889 0,000230
себя 0,005949 0,000003
сегодня 0,000000 0,000000
сейчас 0,070407 0,000040
секунд 0,936868 0,000533
семидесяти 0,000000 0,000000
сердце 0,171682 0,000098
серьезно 0,419129 0,000239
сзади 0,824895 0,000469
силами 1,167317 0,000664
силы 0,514105 0,000293
сильно 0,292256 0,000333
скажите 0,576253 0,000656
сказал 0,099131 0,000169
сказали 0,544068 0,000619
складками 2,167317 0,001234
слабых 1,565257 0,000891
слава 0,769377 0,000438
слегка 0,936868 0,000533
следя 1,264227 0,000720
случилось 0,403889 0,000230
слышите 0,769377 0,000438
смотревшими 2,167317 0,001234
смотрел 0,298086 0,000170
смотрите 0,805589 0,000459
смотря 0,322219 0,000183
смуров 1,468347 0,003343
смурову 1,690196 0,000962
собою 0,347773 0,000396
собрались 1,125925 0,000641
собрание 0,000000 0,000000
совершенно 0,180546 0,000103
совещалась 2,167317 0,001234
совсем 0,021189 0,000036
согласия 0,000000 0,000000
сорвался 1,389166 0,000791
сочинений 0,000000 0,000000
спину 1,213075 0,001381
спокойно 0,648803 0,000369
спрашивать 0,752344 0,000428
спросил 0,222835 0,000380
спросите 1,125925 0,001282
спустил 1,866287 0,001062
средний 2,167317 0,001234
став 1,322219 0,000753
стал 0,125925 0,000143
стали 0,322219 0,000183
стало 0,091770 0,000104
старенький 1,690196 0,000962
старше 1,690196 0,000962
сторон 0,735954 0,000419
стоял 0,309985 0,000353
струсил 1,468347 0,000836
стыдно 0,504560 0,000574
схватив 1,053374 0,000600
также 0,000000 0,000000
такой 0,077412 0,000044
текст 0,000000 0,000000
темными 1,389166 0,000791
теперь 0,015029 0,000060
тихий 1,125925 0,000641
тихо 0,354404 0,000202
товарищей 1,125925 0,000641
того 0,005949 0,000010
тоже 0,043466 0,000198
толковала 2,167317 0,001234
только 0,002964 0,000008
томах 0,000000 0,000000
торчали 1,690196 0,000962
тотчас 0,046743 0,000133
третий 0,544068 0,000310
трех 0,374926 0,000213
трехлетних 2,167317 0,001234
тридцати 1,021189 0,000581
тридцать 0,769377 0,000438
трое 0,824895 0,000469
туда 0,495219 0,000282
убить 0,599116 0,000341
убьете 1,866287 0,001062
увидал 0,735954 0,000419
увидел 0,648803 0,000739
угодил 1,690196 0,000962
удалось 0,824895 0,000469
ударил 0,912045 0,001557
ударило 1,690196 0,000962
ударился 1,690196 0,001924
удивлением 0,523865 0,000298
узнайте 1,690196 0,001924
узнаю 1,021189 0,000581
укрепился 1,866287 0,001062
укусил 1,389166 0,000791
укусили 2,167317 0,001234
улицу 0,735954 0,001257
умаляя 2,167317 0,001234
умершим 0,000000 0,000000
унялись 2,167317 0,001234
упал 0,675956 0,000385
уперлись 2,167317 0,001234
уродливо 2,167317 0,001234
усмешкой 0,963197 0,000548
успел 0,354404 0,000605
успеть 1,690196 0,000962
федор 0,000000 0,000000
фискал 2,167317 0,001234
фискалить 2,167317 0,001234
хитрости 1,468347 0,000836
ходите 1,468347 0,000836
хорошо 0,189594 0,000216
хотел 0,158717 0,000090
хоть 0,060107 0,000103
хотя 0,050046 0,000028
хохлаковой 0,787106 0,000448
хохлаковых 1,565257 0,000891
хохот 1,866287 0,001062
хохоча 1,565257 0,000891
хочет 0,322219 0,000183
хочу 0,243038 0,000138
худеньким 2,167317 0,001234
целой 1,565257 0,000891
целую 0,735954 0,000419
часа 0,000000 0,000000
часть 0,002964 0,000003
чего 0,040213 0,000023
через 0,258832 0,000147
чернилами 1,866287 0,001062
черной 1,389166 0,000791
черными 1,322219 0,000753
четверо 1,213075 0,000690
четвертая 0,426955 0,000486
число 0,000000 0,000000
читаем 0,000000 0,000000
читать 0,000000 0,000000
чрезвычайно 0,217927 0,000124
чтоб 0,073896 0,000042
чтобы 0,030597 0,000070
чьего 0,000000 0,000000
шагах 0,866287 0,000986
шагов 0,720159 0,000820
шагу 1,021189 0,000581
шевельнуться 1,690196 0,000962
шестеро 1,866287 0,001062
шести 0,963197 0,000548
шесть 0,611015 0,000696
школы 1,565257 0,000891
школьник 1,264227 0,000720
школьниками 1,468347 0,001671
школьники 1,690196 0,000962
школьников 1,565257 0,001782
штанах 2,167317 0,001234
щеголять 1,866287 0,001062
энергически 1,389166 0,000791
этим 0,189594 0,000108
этого 0,053374 0,000061
этот 0,011981 0,000020
