автор 0,000000 0,000000
автором 0,000000 0,000000
авторского 0,000000 0,000000
авторы 0,000000 0,000000
алексей 0,000000 0,000000
алексея 0,000000 0,000000
архиереев 1,866287 0,000859
аршин 1,468347 0,000676
атеизмы 2,167317 0,001995
атеисте 2,167317 0,000997
аукционах 2,167317 0,000997
баба 1,213075 0,002233
бабу 1,690196 0,000778
барана 1,690196 0,000778
барин 1,053374 0,000485
барина 0,936868 0,000431
батюшкой 1,565257 0,000720
бедный 0,824895 0,000380
белом 1,468347 0,001351
белых 1,565257 0,000720
бери 1,322219 0,000608
бессловесный 1,866287 0,000859
библиотека 0,000000 0,000000
бисерном 2,167317 0,000997
благослови 1,213075 0,000558
благословила 1,866287 0,001718
бога 0,451314 0,001454
боге 1,389166 0,000639
бокам 1,866287 0,000859
более 0,000000 0,000000
больше 0,137934 0,000063
большим 0,704919 0,000324
большого 0,769377 0,000354
большой 0,495219 0,000456
большую 0,866287 0,000399
брат 0,303994 0,000280
брата 0,389166 0,000358
брату 0,752344 0,000346
бросив 1,264227 0,000582
бросил 0,554533 0,000255
будет 0,077412 0,000071
будто 0,099131 0,000137
буду 0,208276 0,000192
будут 0,565257 0,000520
бывает 0,599116 0,000551
была 0,046743 0,000065
было 0,000000 0,000000
быту 2,167317 0,000997
быть 0,002964 0,000005
вагоне 1,167317 0,000537
ввел 1,565257 0,000720
вдруг 0,005949 0,000033
ведь 0,043466 0,000080
вера 0,769377 0,000354
вероятно 0,623249 0,000287
верует 1,322219 0,001825
веруешь 1,866287 0,000859
верую 1,088136 0,000501
веруют 1,264227 0,001164
вершков 1,565257 0,000720
веры 0,845098 0,000778
верь 1,125925 0,000518
вечером 0,533849 0,000246
вечно 0,824895 0,001139
взгляда 0,662167 0,000609
взглянул 0,805589 0,000371
вздрагивал 1,565257 0,000720
взял 0,269690 0,000372
взяться 1,690196 0,000778
виде 0,434924 0,000200
видел 0,248239 0,000114
видимо 0,328468 0,000151
видно 0,504560 0,000697
видом 0,389166 0,000179
виду 0,544068 0,000501
вижу 0,286504 0,000264
византийского 2,167317 0,000997
визиты 0,000000 0,000000
висела 1,866287 0,000859
вместе 0,208276 0,000096
внезапно 0,623249 0,000287
внезапного 1,322219 0,000608
внезапной 1,468347 0,000676
вниз 0,752344 0,000346
вовсе 0,150284 0,000069
возвел 2,167317 0,000997
возвращаться 1,565257 0,000720
возвращаясь 1,213075 0,000558
вознаграждения 0,000000 0,000000
вопрос 0,222835 0,000205
воспитанный 2,167317 0,000997
воспоминания 1,088136 0,000501
вошел 0,403889 0,000186
вошли 0,720159 0,000331
впавшая 2,167317 0,000997
вперед 0,426955 0,000196
впереди 0,912045 0,000420
впечатлением 1,213075 0,001675
впрочем 0,118099 0,000054
время 0,043466 0,000100
всего 0,040213 0,000111
всех 0,060107 0,000028
вскричал 0,292256 0,000269
вспоминал 0,963197 0,000443
встретиться 1,167317 0,000537
встречался 1,866287 0,000859
встречи 1,053374 0,000485
всякий 0,514105 0,000237
вторая 0,514105 0,000473
выдержал 0,888564 0,000409
выдумаешь 2,167317 0,000997
выискался 2,167317 0,000997
выйдет 0,587534 0,000270
выказывалась 2,167317 0,000997
выкрикивал 1,322219 0,000608
выношу 2,167317 0,000997
вынул 0,599116 0,000551
выплаты 0,000000 0,000000
выразилась 1,125925 0,000518
выразить 0,936868 0,000431
высказал 0,912045 0,000420
высоту 1,866287 0,000859
выставил 1,565257 0,000720
выходной 2,167317 0,000997
вышел 0,275223 0,000380
вышли 0,912045 0,000839
вязала 2,167317 0,000997
ганса 2,167317 0,000997
главнейшая 1,690196 0,000778
главное 0,189594 0,000087
глаз 0,554533 0,000255
глаза 0,129891 0,000120
глубокую 1,690196 0,000778
глупого 1,468347 0,000676
глядеть 0,720159 0,000331
глядишь 1,389166 0,000639
глядя 0,611015 0,000281
говорил 0,095435 0,000132
говорили 0,374926 0,000345
говорит 0,189594 0,000349
говорить 0,162996 0,000150
говорю 0,203530 0,000094
говорят 0,309985 0,000285
головой 0,533849 0,000246
голову 0,227798 0,000105
голосом 0,396465 0,000182
голубой 1,468347 0,000676
гольбейна 1,866287 0,000859
городу 0,888564 0,000409
горькая 2,167317 0,000997
горькою 1,565257 0,000720
господи 0,451314 0,000208
гостинице 1,468347 0,000676
гостиницу 1,866287 0,000859
гостиной 0,888564 0,000409
гостиную 0,963197 0,000443
границей 1,021189 0,001410
грешник 1,690196 0,000778
грудным 1,565257 0,000720
губах 1,053374 0,000485
губы 0,599116 0,000276
давал 0,805589 0,000371
давеча 0,232819 0,000107
давно 0,158717 0,000146
даже 0,005949 0,000011
далее 0,648803 0,000299
дальше 0,002964 0,000003
данные 0,000000 0,000000
двери 0,599116 0,000551
дверь 0,367977 0,000847
дверьми 1,866287 0,000859
дверью 1,167317 0,001074
двугривенный 1,565257 0,001441
двумя 0,720159 0,000331
двух 0,264227 0,000122
действительно 0,106619 0,000049
делать 0,426955 0,000589
дерева 1,125925 0,000518
деревянному 1,866287 0,000859
держась 2,167317 0,000997
детство 1,690196 0,000778
дитя 0,912045 0,000420
длину 1,866287 0,000859
дмитрич 2,167317 0,000997
доволен 0,735954 0,000339
довольно 0,129891 0,000120
докладываясь 2,167317 0,000997
должно 0,286504 0,000527
дома 0,298086 0,000137
дороге 0,611015 0,000281
дорогой 0,565257 0,000260
достоевский 0,000000 0,000000
достояние 0,000000 0,000000
доходил 1,565257 0,000720
дошел 0,787106 0,000362
дошли 1,213075 0,000558
друг 0,269690 0,000372
друга 0,419129 0,000193
другая 0,648803 0,000299
другого 0,396465 0,000182
другой 0,146128 0,000067
другом 0,477121 0,000220
дрянь 1,264227 0,001164
думал 0,258832 0,000119
думаю 0,328468 0,000151
едва 0,554533 0,000510
едко 1,866287 0,000859
есть 0,018098 0,000025
ехал 1,468347 0,000676
ждал 0,495219 0,000228
желая 0,662167 0,000305
железной 1,167317 0,000537
желтом 2,167317 0,000997
женой 1,167317 0,000537
женщина 0,396465 0,000182
забежной 1,866287 0,000859
забыв 0,991226 0,000456
забыли 1,088136 0,000501
забыть 0,623249 0,000287
завидев 1,322219 0,000608
завидит 1,866287 0,000859
заговорил 0,599116 0,000276
загорелись 1,565257 0,000720
задрожали 1,322219 0,000608
задыхаясь 1,021189 0,000940
заключается 0,963197 0,000443
заключение 0,991226 0,000456
заключить 0,824895 0,000380
залу 0,735954 0,000339
заметил 0,154480 0,000142
заметишь 2,167317 0,000997
замка 1,866287 0,000859
заношенной 2,167317 0,000997
заприметит 2,167317 0,000997
зарежу 1,866287 0,000859
зарезал 1,690196 0,000778
засмеявшись 1,468347 0,000676
затем 0,237898 0,000109
захлопнул 1,866287 0,000859
зачем 0,146128 0,000067
здесь 0,095435 0,000132
здоровым 1,468347 0,000676
землях 1,866287 0,000859
знавшие 1,565257 0,000720
знает 0,171682 0,000158
знак 1,167317 0,000537
знал 0,114239 0,000053
знаток 1,389166 0,000639
значит 0,243038 0,000112
знающий 1,565257 0,000720
золотой 1,389166 0,000639
иван 0,303994 0,000140
идиот 0,443041 0,000816
изволь 2,167317 0,000997
изображала 2,167317 0,000997
имел 0,347773 0,000160
именно 0,066947 0,000031
иного 1,053374 0,000485
использоваться 0,000000 0,000000
истинно 1,125925 0,000518
источник 0,000000 0,000000
кажется 0,118099 0,000109
казалось 0,316059 0,000291
какая 0,194189 0,000089
какие 0,232819 0,000321
какой 0,095435 0,000044
каком 0,381987 0,000176
каморке 1,468347 0,000676
картин 1,866287 0,000859
картина 0,991226 0,000912
картиной 1,690196 0,000778
картину 1,053374 0,002909
картины 1,213075 0,001116
кивнула 1,866287 0,000859
книг 1,213075 0,000558
книгах 1,565257 0,000720
книги 0,000000 0,000000
князь 0,477121 0,004172
князю 0,504560 0,000464
князя 0,468347 0,001724
когда 0,015029 0,000041
коли 0,269690 0,000248
комаров 0,000000 0,000000
комнату 0,468347 0,000431
комнаты 0,443041 0,000612
конвульсивно 1,565257 0,000720
конечно 0,060107 0,000028
копия 2,167317 0,001995
которой 0,213075 0,000196
которую 0,292256 0,000134
которые 0,189594 0,000087
который 0,110412 0,000051
которым 0,389166 0,000179
которых 0,426955 0,000393
крайней 0,298086 0,000137
красного 1,322219 0,000608
крепко 0,443041 0,000612
креслах 1,125925 0,000518
крест 0,912045 0,003358
креста 1,389166 0,000639
крестами 1,565257 0,001441
крестом 1,167317 0,000537
крестьянина 1,866287 0,000859
крестьянскому 2,167317 0,000997
крикнул 0,381987 0,000176
кроме 0,158717 0,000073
круглым 1,389166 0,000639
куда 0,248239 0,000114
купи 2,167317 0,000997
купил 1,565257 0,000720
купленная 2,167317 0,000997
куплены 2,167317 0,000997
купцов 1,866287 0,000859
ласково 0,936868 0,000862
легче 0,787106 0,000362
лентами 2,167317 0,000997
ленточке 2,167317 0,000997
лестнице 1,088136 0,000501
лестницу 1,167317 0,000537
лестницы 0,991226 0,000456
летах 1,053374 0,000485
либо 0,000000 0,000000
литература 0,000000 0,000000
лица 0,322219 0,000148
лицо 0,114239 0,000053
лицом 0,000000 0,000000
лицу 0,587534 0,000270
лишь 0,185046 0,000085
ложиться 1,389166 0,000639
лоснящеюся 2,167317 0,000997
лучше 0,162996 0,000150
любил 0,374926 0,000173
люблю 0,347773 0,000320
любым 0,000000 0,000000
людей 0,298086 0,000137
маленькая 0,866287 0,000399
материна 2,167317 0,000997
матушка 1,125925 0,001036
мать 0,389166 0,000179
машинально 1,053374 0,000485
мгновениями 1,322219 0,000608
мебелью 1,389166 0,000639
меблированные 1,468347 0,000676
между 0,129891 0,000060
мельком 0,912045 0,000420
меня 0,027438 0,000063
мере 0,269690 0,000124
младенца 1,053374 0,000485
многие 0,468347 0,000216
много 0,080958 0,000075
мной 0,237898 0,000109
могло 0,403889 0,000186
могу 0,171682 0,000079
может 0,000000 0,000000
можно 0,088136 0,000041
моих 0,554533 0,000510
молитве 1,213075 0,000558
молитвой 1,565257 0,000720
молитву 1,213075 0,000558
молодая 0,936868 0,000431
молодка 2,167317 0,000997
молча 0,367977 0,000508
молчал 0,565257 0,000260
молчали 1,088136 0,000501
момента 0,000000 0,000000
москве 0,690196 0,000635
мрачного 1,565257 0,000720
мысли 0,316059 0,000145
мысль 0,264227 0,000365
мышкин 0,991226 0,000456
наблюдению 2,167317 0,000997
набожно 1,389166 0,001918
наверх 0,888564 0,000409
надел 1,264227 0,000582
надо 0,036984 0,000017
надул 1,322219 0,000608
назад 0,000000 0,000000
название 0,000000 0,000000
названого 2,167317 0,000997
найти 0,000000 0,000000
наклонила 2,167317 0,000997
наконец 0,073896 0,000102
наметился 2,167317 0,000997
напились 1,866287 0,000859
написано 0,000000 0,000000
напоказ 1,565257 0,000720
наскоро 0,888564 0,000409
насмешливая 1,565257 0,000720
настоящий 1,021189 0,000470
настоящим 1,167317 0,000537
настроение 1,468347 0,000676
настроения 1,389166 0,000639
насчет 0,354404 0,000326
наткнулся 1,468347 0,000676
наука 0,000000 0,000000
наутро 0,991226 0,000456
находилась 1,565257 0,000720
начал 0,137934 0,000063
начат 1,866287 0,000859
нашей 0,599116 0,000276
нашем 0,662167 0,000609
неба 1,322219 0,000608
небольшой 1,053374 0,000485
небольшую 1,866287 0,000859
небось 0,912045 0,000420
небу 1,565257 0,000720
неверующими 2,167317 0,000997
невнятно 2,167317 0,000997
невольно 0,704919 0,000324
него 0,000000 0,000000
недавнего 1,389166 0,000639
неделе 1,088136 0,001002
недель 0,991226 0,000456
недоверчивость 1,468347 0,000676
нежно 1,167317 0,000537
нежным 1,866287 0,000859
некоторое 0,486076 0,000224
нельзя 0,176091 0,000081
немного 0,426955 0,000196
нему 0,080958 0,000037
необыкновенной 1,389166 0,000639
неожиданно 0,523865 0,000241
несколько 0,102859 0,000142
неясно 1,088136 0,000501
нибудь 0,030597 0,000014
низко 1,322219 0,000608
никак 0,396465 0,000182
николаевич 0,805589 0,001112
николаич 1,468347 0,000676
ничего 0,030597 0,000084
новая 0,787106 0,000362
новой 0,936868 0,000431
ноги 0,477121 0,000220
ноне 1,565257 0,000720
носи 2,167317 0,000997
носить 1,213075 0,000558
ночь 0,248239 0,000114
обернулся 0,824895 0,000380
обнаружившееся 1,866287 0,000859
обнимать 1,389166 0,000639
обниму 1,866287 0,000859
обнял 1,088136 0,000501
обнять 1,125925 0,000518
обрадовался 0,888564 0,000409
общественное 0,000000 0,000000
объяснить 0,623249 0,000287
один 0,046743 0,000108
одна 0,185046 0,000085
одним 0,286504 0,000132
одно 0,099131 0,000228
одного 0,150284 0,000138
одной 0,243038 0,000224
одну 0,232819 0,000214
оживляясь 1,322219 0,000608
около 0,443041 0,000204
оловянный 2,167317 0,001995
опубликовано 0,000000 0,000000
опустил 1,088136 0,000501
опять 0,027438 0,000088
особое 1,389166 0,000639
оставил 0,648803 0,000299
оставляла 1,690196 0,000778
оставлять 1,389166 0,000639
оставь 1,213075 0,000558
останавливаясь 1,389166 0,001279
остановился 0,419129 0,000772
осторожно 0,912045 0,000420
осуждать 1,690196 0,000778
осьмиконечный 2,167317 0,000997
отвернулся 1,088136 0,000501
отвертывался 2,167317 0,000997
ответ 0,533849 0,000246
ответил 0,237898 0,000109
ответом 1,389166 0,000639
отворил 0,824895 0,000759
отворили 1,264227 0,000582
отдай 1,389166 0,000639
отдал 0,866287 0,000399
отдаю 1,565257 0,000720
отличная 2,167317 0,000997
отправился 0,936868 0,000431
отца 0,222835 0,000103
отце 1,565257 0,000720
оформление 0,000000 0,000000
охотник 1,322219 0,000608
очень 0,024303 0,000034
пальцы 1,322219 0,000608
парфен 1,322219 0,005476
пейзажи 1,866287 0,000859
первая 0,419129 0,000193
первого 0,411442 0,000568
первой 0,720159 0,000331
первую 0,805589 0,000371
первый 0,248239 0,000114
первых 0,367977 0,000169
перегородкой 1,565257 0,000720
перекрестила 1,690196 0,000778
перекрестилась 1,468347 0,000676
перекрестился 1,468347 0,000676
переночевать 1,866287 0,000859
пересмотрел 2,167317 0,000997
перешли 1,565257 0,000720
перешло 0,000000 0,000000
перста 2,167317 0,000997
печки 1,866287 0,000859
пишут 1,053374 0,000485
платком 1,125925 0,000518
платочком 1,565257 0,000720
платье 0,704919 0,000324
площадки 1,690196 0,000778
площадку 1,690196 0,001556
побледнел 0,704919 0,000324
побратаемся 1,866287 0,000859
побродить 2,167317 0,000997
повел 1,213075 0,000558
повернулся 0,587534 0,000270
повязанная 2,167317 0,000997
подавая 1,468347 0,000676
подборка 0,000000 0,000000
подглядел 2,167317 0,000997
подле 0,419129 0,000193
поднял 0,504560 0,000464
подняла 1,213075 0,000558
поднялся 0,635838 0,000293
подожду 1,468347 0,000676
подошел 0,514105 0,000237
подтвердил 0,690196 0,000318
подумал 0,334808 0,000154
подходит 1,264227 0,001164
пожалуй 0,237898 0,000109
пожелала 1,213075 0,000558
позвонили 2,167317 0,000997
познакомился 1,264227 0,000582
познаниям 2,167317 0,000997
пойдем 0,912045 0,000839
пока 0,213075 0,000098
покажь 2,167317 0,000997
покатился 1,690196 0,000778
поклонилась 1,322219 0,000608
покойным 1,866287 0,000859
полного 1,264227 0,000582
половиной 1,468347 0,000676
поменялись 2,167317 0,001995
поменяться 2,167317 0,000997
помни 1,264227 0,000582
помолчав 0,936868 0,000431
понимает 0,720159 0,000331
понимал 0,554533 0,000255
понравились 1,322219 0,000608
понял 0,396465 0,000182
поняла 0,787106 0,000362
понятие 1,053374 0,000485
понятиям 1,866287 0,000859
пора 0,845098 0,000389
поразило 0,720159 0,000663
портреты 1,866287 0,000859
порывчатость 1,690196 0,000778
посетителей 0,000000 0,000000
посетители 0,000000 0,000000
поскорее 0,486076 0,000224
после 0,084532 0,000039
последние 0,533849 0,000246
посмертно 0,000000 0,000000
поспешно 0,866287 0,000399
постарше 2,167317 0,000997
постой 0,991226 0,000456
потому 0,024303 0,000034
потянул 2,167317 0,000997
похожую 2,167317 0,000997
поцеловав 1,690196 0,000778
почти 0,024303 0,000034
пошел 0,275223 0,000253
пошли 0,735954 0,001016
правда 0,162996 0,000150
правую 0,936868 0,000431
пред 0,033778 0,000047
предложил 0,888564 0,000409
прежде 0,077412 0,000214
прежнею 1,322219 0,000608
прежняя 1,322219 0,001217
преобразилось 2,167317 0,000997
прервался 2,167317 0,000997
преступления 0,963197 0,000443
прибавил 0,275223 0,000127
приводил 1,866287 0,000859
приехал 0,554533 0,000255
приживалка 2,167317 0,000997
прижизненно 0,000000 0,000000
приостановился 1,213075 0,000558
припадке 0,824895 0,000380
припадочно 1,866287 0,000859
припоминая 1,125925 0,000518
припомни 2,167317 0,000997
притворил 1,690196 0,000778
пришли 0,704919 0,000324
приятели 1,866287 0,000859
приятель 1,264227 0,000582
приятеля 1,389166 0,000639
приятным 1,468347 0,000676
пробормотал 0,334808 0,000308
проговорив 1,053374 0,001454
проговорил 0,154480 0,000213
программирование 0,000000 0,000000
продолжал 0,292256 0,000134
произведение 0,000000 0,000000
произведений 0,000000 0,000000
произведения 0,000000 0,000000
пройдя 1,468347 0,000676
пройти 0,991226 0,000456
пропадает 1,565257 0,000720
пропасть 1,690196 0,000778
пропивать 2,167317 0,000997
простая 1,468347 0,000676
прости 0,912045 0,000420
проступки 2,167317 0,000997
противоположной 1,468347 0,000676
протянутую 1,690196 0,000778
проходил 1,125925 0,000518
прочим 0,662167 0,000305
прошло 0,000000 0,000000
прошлой 1,088136 0,001002
прошлую 1,866287 0,000859
прощай 0,805589 0,001483
прощаньи 1,866287 0,000859
прямо 0,118099 0,000054
публикации 0,000000 0,000000
пьяные 1,468347 0,000676
пьяный 0,888564 0,000409
пьяных 1,866287 0,001718
пять 0,275223 0,000127
пятьдесят 0,888564 0,000409
пятьсот 1,088136 0,000501
ради 0,752344 0,000346
радости 0,635838 0,000293
радость 0,805589 0,000741
раза 0,426955 0,000393
разве 0,146128 0,000067
разглядеть 1,021189 0,000470
разговор 0,434924 0,000200
разгороженную 2,167317 0,000997
раздражительное 1,690196 0,000778
различить 1,565257 0,000720
размера 1,468347 0,000676
разные 0,912045 0,000420
разом 0,389166 0,000179
разрешения 0,000000 0,000000
рассеянность 1,690196 0,000778
расспрашивал 1,088136 0,000501
расставаться 2,167317 0,000997
рассуждения 1,690196 0,000778
растерзанном 2,167317 0,000997
ребенком 0,936868 0,000431
ребенку 1,167317 0,000537
ребенок 0,648803 0,000299
редкость 1,468347 0,000676
режет 2,167317 0,000997
религиозного 1,866287 0,000859
религиозную 2,167317 0,000997
решался 1,213075 0,000558
решаясь 1,690196 0,000778
рисунка 2,167317 0,000997
ровным 1,866287 0,000859
рогожин 0,704919 0,004866
рогожина 0,866287 0,001196
рогожине 1,389166 0,000639
рогожину 1,053374 0,000485
родителю 1,690196 0,000778
родного 1,167317 0,001074
родное 1,690196 0,000778
родном 1,565257 0,000720
рождения 0,888564 0,000409
россии 0,623249 0,000574
рублей 0,367977 0,000169
рубль 1,389166 0,000639
руке 0,735954 0,000339
руки 0,167317 0,000154
руку 0,222835 0,000615
руси 1,264227 0,000582
русская 0,000000 0,000000
русском 1,389166 0,001279
ручку 0,888564 0,000409
савельев 2,167317 0,000997
сайте 0,000000 0,000000
сама 0,208276 0,000096
самой 0,258832 0,000119
самым 0,280827 0,000129
самых 0,468347 0,000216
сверх 0,752344 0,000346
сверху 0,936868 0,000431
свете 0,426955 0,000196
свиданья 1,125925 0,000518
свободно 0,000000 0,000000
свое 0,150284 0,000069
своего 0,091770 0,000127
своей 0,066947 0,000031
свои 0,146128 0,000067
свой 0,189594 0,000611
свою 0,073896 0,000068
сгорбленная 2,167317 0,000997
сделал 0,381987 0,000176
себе 0,033778 0,000031
себя 0,005949 0,000008
сегодня 0,000000 0,000000
седая 1,690196 0,000778
семену 1,690196 0,000778
семенычу 2,167317 0,000997
семидесяти 0,000000 0,000000
сердца 0,334808 0,000154
сердцах 1,389166 0,000639
сердце 0,171682 0,000079
серебряные 1,389166 0,000639
серебряный 1,565257 0,001441
серьезно 0,419129 0,000193
сжимая 1,690196 0,000778
сзади 0,824895 0,000380
сидела 0,824895 0,000380
сильно 0,292256 0,000134
сильным 1,322219 0,000608
сказал 0,099131 0,000274
сказала 0,486076 0,000224
скамеечку 2,167317 0,000997
скользить 2,167317 0,000997
сколько 0,280827 0,000258
скорее 0,514105 0,000237
скоро 0,298086 0,000137
слабых 1,565257 0,000720
следующую 1,468347 0,000676
слов 0,367977 0,000169
словами 0,805589 0,000371
сложила 1,565257 0,000720
сложу 2,167317 0,000997
случилось 0,403889 0,000186
слушай 0,635838 0,000293
слыхивал 1,565257 0,000720
слышным 2,167317 0,000997
смех 0,704919 0,000649
смеху 0,991226 0,000456
смотреть 0,477121 0,000439
смотрю 0,866287 0,000399
смотря 0,322219 0,000148
снимая 1,565257 0,000720
сниму 1,468347 0,000676
снурке 2,167317 0,000997
снял 0,963197 0,000887
снятого 1,866287 0,000859
соблазнили 2,167317 0,000997
собой 0,253503 0,000350
собою 0,347773 0,000160
собрание 0,000000 0,000000
совершенно 0,180546 0,000332
совершенное 1,125925 0,000518
совсем 0,021189 0,000059
согласия 0,000000 0,000000
солдат 1,125925 0,000518
солдата 1,389166 0,000639
солдату 1,866287 0,000859
сомнения 0,523865 0,000241
сочинений 0,000000 0,000000
сошел 0,787106 0,000362
спальня 1,866287 0,000859
спасителя 1,866287 0,000859
спать 0,635838 0,000293
спрашиваешь 1,690196 0,000778
спросил 0,222835 0,000308
спросить 0,495219 0,000456
стало 0,091770 0,000042
становится 0,991226 0,000456
старая 0,936868 0,000431
старенькая 1,866287 0,000859
старинною 1,866287 0,000859
старушка 1,389166 0,003196
стенам 1,264227 0,000582
стоял 0,309985 0,000143
стояли 0,690196 0,000318
странная 0,824895 0,000380
странно 0,354404 0,000652
странность 1,468347 0,000676
странный 0,787106 0,000362
ступень 1,690196 0,000778
судорожно 1,167317 0,000537
судьба 0,866287 0,000399
сурово 1,088136 0,000501
сущность 1,322219 0,001217
сходились 1,468347 0,000676
сына 0,576253 0,000265
сюда 0,232819 0,000214
такая 0,309985 0,000143
также 0,000000 0,000000
таки 0,066947 0,000031
таким 0,243038 0,000112
таких 0,243038 0,000224
такого 0,243038 0,000112
такое 0,114239 0,000053
такую 0,334808 0,000462
твой 0,735954 0,000339
твоя 0,635838 0,000293
тебе 0,203530 0,000375
тебя 0,198834 0,000458
текст 0,000000 0,000000
темные 1,167317 0,000537
теперь 0,015029 0,000014
тобой 0,419129 0,000386
тогда 0,050046 0,000069
того 0,005949 0,000016
тоже 0,043466 0,000060
только 0,002964 0,000011
томах 0,000000 0,000000
тому 0,095435 0,000044
тонкую 1,866287 0,000859
тотчас 0,046743 0,000043
точно 0,121994 0,000225
трауре 1,866287 0,000859
триста 1,322219 0,000608
тротуару 1,866287 0,000859
тяжело 0,565257 0,000260
тяжелым 1,468347 0,000676
убеждений 1,389166 0,000639
убийство 0,936868 0,000431
углу 0,599116 0,000276
удивился 0,635838 0,000293
удивлением 0,523865 0,000241
удовольствия 0,991226 0,000456
уездной 1,866287 0,000859
ужасно 0,167317 0,000077
улыбка 0,936868 0,000431
улыбку 1,213075 0,000558
улыбнувшись 1,468347 0,000676
улыбнулась 1,125925 0,000518
улыбнулся 0,533849 0,000246
умел 0,866287 0,000399
умершим 0,000000 0,000000
упирались 2,167317 0,000997
упреком 1,322219 0,000608
усмехнулся 0,443041 0,000204
успев 1,468347 0,000676
успел 0,354404 0,000163
уступаю 1,565257 0,000720
утром 0,411442 0,000189
ученый 1,088136 0,000501
ученым 1,690196 0,000778
фантастически 1,866287 0,000859
федор 0,000000 0,000000
форме 1,322219 0,000608
хлынуло 2,167317 0,000997
холодно 0,991226 0,000456
холодной 2,167317 0,000997
хорошо 0,189594 0,000087
хотел 0,158717 0,000438
хотели 0,690196 0,000318
хотелось 0,381987 0,000352
хоть 0,060107 0,000083
хотя 0,050046 0,000046
хохотал 1,167317 0,000537
хочешь 0,544068 0,000250
христа 0,912045 0,000420
христианства 1,468347 0,000676
христова 1,264227 0,000582
христопродавца 2,167317 0,000997
целковых 1,213075 0,000558
часа 0,000000 0,000000
часть 0,002964 0,000003
часы 0,805589 0,001483
человек 0,036984 0,000085
человека 0,154480 0,000071
чему 0,341243 0,000157
чепце 2,167317 0,001995
через 0,258832 0,000238
черном 1,167317 0,001074
черным 1,389166 0,000639
черными 1,322219 0,000608
честный 1,021189 0,000470
четыре 0,477121 0,000439
четырехсот 1,690196 0,000778
чехлах 1,866287 0,000859
число 0,000000 0,000000
чистенькая 1,866287 0,000859
чистом 1,264227 0,000582
чистоты 1,690196 0,000778
чистых 1,565257 0,000720
читаем 0,000000 0,000000
читал 0,735954 0,000339
читать 0,000000 0,000000
чрез 0,275223 0,000253
чтоб 0,073896 0,000034
чтобы 0,030597 0,000014
чувства 0,495219 0,000228
чудно 1,322219 0,000608
чулок 1,866287 0,000859
чуть 0,176091 0,000081
чьего 0,000000 0,000000
шагов 0,720159 0,000331
шатается 2,167317 0,000997
шерстяном 2,167317 0,000997
шести 0,963197 0,000443
шесть 0,611015 0,000281
шутил 1,690196 0,000778
этажа 1,866287 0,000859
этим 0,189594 0,000174
этими 0,635838 0,000293
этих 0,213075 0,000098
этого 0,053374 0,000074
этой 0,118099 0,000054
этом 0,046743 0,000043
этот 0,011981 0,000011
яснее 1,213075 0,000558
