автор 0,000000 0,000000
автором 0,000000 0,000000
авторского 0,000000 0,000000
авторы 0,000000 0,000000
адовы 2,167317 0,000590
аккуратно 1,690196 0,000460
алексей 0,000000 0,000000
алексея 0,000000 0,000000
алеша 0,381987 0,001248
алеше 0,523865 0,001141
алешу 0,565257 0,000308
анализа 1,866287 0,000508
арестантского 2,167317 0,000590
армяк 2,167317 0,000590
армяка 2,167317 0,000590
армяком 1,866287 0,000508
аршина 1,866287 0,000508
атеистов 1,690196 0,000921
атлетического 2,167317 0,000590
башмаки 1,389166 0,000378
бедного 0,845098 0,000230
безо 0,599116 0,000163
белые 1,213075 0,000661
беседу 1,690196 0,000921
бесконечную 1,322219 0,000360
беспокоили 1,322219 0,000360
беспрерывное 1,565257 0,000426
бестолковые 2,167317 0,000590
бесчестити 2,167317 0,000590
библиотека 0,000000 0,000000
биться 1,468347 0,000400
благословения 1,468347 0,000400
благословил 1,213075 0,000330
благословиться 1,565257 0,000426
благословишися 2,167317 0,000590
благословляя 1,690196 0,000460
блаженнейший 1,866287 0,001016
блаженному 2,167317 0,000590
блаженный 1,690196 0,000460
блаженным 1,690196 0,000460
богом 0,866287 0,000236
божий 0,936868 0,000510
боится 0,690196 0,000188
бойтесь 1,264227 0,000344
более 0,000000 0,000000
больше 0,137934 0,000150
большею 1,021189 0,000278
большие 0,720159 0,000196
большом 0,888564 0,000242
большую 0,866287 0,000236
бороде 2,167317 0,000590
борьбы 1,468347 0,000400
босу 2,167317 0,000590
братии 1,690196 0,002762
братию 1,866287 0,000508
братия 1,690196 0,000460
братья 0,176091 0,000192
братьям 1,866287 0,000508
брезгливой 2,167317 0,000590
брюхе 2,167317 0,000590
будет 0,077412 0,000063
будто 0,099131 0,000027
будучи 1,088136 0,000296
будущего 1,167317 0,000318
будь 0,720159 0,000196
буквально 0,805589 0,000219
букву 1,866287 0,000508
бунтующие 2,167317 0,000590
бурый 1,866287 0,000508
бывает 0,599116 0,000326
бывал 0,936868 0,000255
бывали 0,824895 0,000225
бывают 0,936868 0,000255
была 0,046743 0,000038
были 0,099131 0,000081
было 0,000000 0,000000
быстрые 1,565257 0,000426
быстрыми 1,389166 0,000378
бысть 1,866287 0,000508
быти 1,866287 0,000508
быть 0,002964 0,000005
важно 0,675956 0,000184
важности 1,264227 0,000344
вами 0,232819 0,000063
варения 2,167317 0,000590
варено 2,167317 0,000590
васеньку 2,167317 0,000590
вася 2,167317 0,001180
ваше 0,434924 0,000237
вашей 0,504560 0,000137
ваши 0,434924 0,000237
ввечеру 1,389166 0,000378
вдова 1,389166 0,000378
вдруг 0,005949 0,000013
ведет 1,690196 0,000460
ведь 0,043466 0,000012
везде 0,866287 0,000236
веков 1,125925 0,000307
вековечно 2,167317 0,000590
великая 0,912045 0,000248
великие 1,468347 0,000400
великий 0,845098 0,001381
великими 2,167317 0,000590
великого 0,866287 0,000472
великое 0,888564 0,000484
великом 1,389166 0,000378
великому 1,389166 0,000378
великую 1,167317 0,000636
велицем 2,167317 0,000590
величайшего 1,468347 0,000400
величайшим 1,468347 0,000400
венец 1,565257 0,000426
веревкой 2,167317 0,000590
вериги 1,866287 0,000508
верить 0,635838 0,000173
вернулась 1,866287 0,000508
веруйте 2,167317 0,000590
верующими 2,167317 0,000590
веруя 1,389166 0,000378
веселый 1,167317 0,000318
весь 0,099131 0,000054
весьма 0,243038 0,000397
вечера 0,623249 0,000170
вечерний 1,468347 0,000400
взвар 2,167317 0,000590
взгляд 0,396465 0,000108
вздохнул 1,125925 0,000307
взирая 1,565257 0,000426
взял 0,269690 0,000073
виде 0,434924 0,000355
видел 0,248239 0,000135
видели 0,495219 0,000405
видети 2,167317 0,000590
видит 0,690196 0,000188
видите 0,396465 0,000108
видишь 0,599116 0,000489
видят 1,264227 0,000344
вижу 0,286504 0,000312
визиты 0,000000 0,000000
вина 0,963197 0,000262
вине 1,565257 0,000426
вино 1,021189 0,000278
виноват 0,523865 0,000143
виновен 0,912045 0,000248
висит 1,565257 0,000426
вкусити 2,167317 0,000590
вместе 0,208276 0,000057
вместо 0,411442 0,000112
внезапные 1,690196 0,000460
внимания 0,845098 0,000230
вновь 0,720159 0,000392
внутреннего 1,866287 0,000508
внятно 2,167317 0,000590
вовсе 0,150284 0,000041
водой 1,021189 0,000278
водою 1,866287 0,001016
воду 1,125925 0,000307
возвестил 1,053374 0,000287
возвращается 1,565257 0,000426
воздержание 2,167317 0,000590
воздержанием 2,167317 0,000590
возжелал 1,866287 0,001016
возжигать 2,167317 0,000590
вознаграждения 0,000000 0,000000
вознесет 2,167317 0,000590
возносите 2,167317 0,000590
воистину 0,912045 0,000248
волнение 0,824895 0,000225
волнением 1,088136 0,000296
волосами 1,125925 0,000307
вооружить 2,167317 0,000590
вопрошающего 2,167317 0,000590
воротился 0,599116 0,000163
воротиться 1,053374 0,000287
восклицала 1,167317 0,000318
воскресною 2,167317 0,000590
восстани 2,167317 0,000590
восторге 0,824895 0,000449
восторгом 1,053374 0,000574
восходил 1,866287 0,000508
впечатление 0,544068 0,000296
вполне 0,316059 0,000258
впрочем 0,118099 0,000096
впрямь 0,769377 0,000210
врата 1,866287 0,000508
вредное 1,866287 0,000508
вредным 2,167317 0,000590
времена 1,322219 0,000360
времени 0,269690 0,000073
время 0,043466 0,000012
всегда 0,129891 0,000106
всего 0,040213 0,000066
всей 0,248239 0,000135
вселенскую 2,167317 0,000590
всем 0,070407 0,000077
всеми 0,434924 0,000355
всему 0,486076 0,000397
всеобщим 1,565257 0,000426
всех 0,060107 0,000229
вскорости 1,167317 0,000318
вслед 0,523865 0,000143
вслух 0,533849 0,000291
вспоминая 1,322219 0,000360
вспомнил 0,704919 0,000192
вспомнили 1,690196 0,000460
вставая 1,088136 0,000296
встал 0,403889 0,000110
встречает 1,389166 0,000378
встречей 1,866287 0,000508
вступал 1,468347 0,000400
всяк 1,322219 0,001080
всякий 0,514105 0,000140
всякого 0,514105 0,000420
вторая 0,514105 0,000280
вторник 2,167317 0,000590
вчера 0,341243 0,000372
вчерашний 1,264227 0,000344
выглядывала 1,468347 0,000400
выглядывают 2,167317 0,000590
вызван 1,866287 0,000508
вылупившиеся 2,167317 0,000590
вынести 0,888564 0,000242
выплаты 0,000000 0,000000
выражалась 1,468347 0,000400
вырвалось 0,704919 0,000192
высказать 0,866287 0,000236
выслушал 0,805589 0,000219
высматривает 1,468347 0,000400
высокий 0,991226 0,000270
высоко 1,088136 0,000296
высокопреподобию 1,866287 0,000508
высшего 0,991226 0,000270
выходили 1,167317 0,000636
выходить 0,963197 0,000262
выходя 0,936868 0,000255
вышли 0,912045 0,000248
главное 0,189594 0,000155
глаголет 1,866287 0,000508
глаза 0,129891 0,000106
глазами 0,403889 0,000110
глазками 1,125925 0,000307
глазках 2,167317 0,000590
глуп 1,021189 0,000278
глянув 1,565257 0,000426
говорил 0,095435 0,000182
говорили 0,374926 0,000204
говорит 0,189594 0,000155
говорить 0,162996 0,000133
говорю 0,203530 0,000111
говоря 0,434924 0,000118
года 0,477121 0,000130
голове 0,554533 0,000151
головою 1,565257 0,000426
голос 0,533849 0,000145
голосом 0,396465 0,000108
голубине 2,167317 0,000590
гордитесь 2,167317 0,001771
гордости 0,805589 0,000439
города 0,704919 0,000192
городе 0,565257 0,000154
городская 1,690196 0,000460
гороховая 2,167317 0,000590
горячности 1,866287 0,000508
горячо 0,544068 0,000296
господи 0,451314 0,000246
господь 0,888564 0,000242
госпожа 0,963197 0,000787
госпожи 0,991226 0,000540
гостя 1,021189 0,000278
готов 0,544068 0,000148
греха 1,213075 0,000330
грехи 1,468347 0,000800
груб 1,468347 0,000400
грубого 1,565257 0,000426
грудь 0,752344 0,000205
груздем 2,167317 0,000590
грузди 2,167317 0,001180
густыми 1,468347 0,000400
давленый 2,167317 0,000590
даже 0,005949 0,000029
далеко 0,599116 0,000163
дальнем 1,866287 0,000508
дальше 0,002964 0,000001
дамы 0,648803 0,000177
данные 0,000000 0,000000
данных 1,690196 0,000460
дверей 1,053374 0,000287
дверную 2,167317 0,000590
дверь 0,367977 0,000200
движениях 2,167317 0,001771
девятнадцать 2,167317 0,000590
дела 0,309985 0,000084
делайте 1,565257 0,000426
делать 0,426955 0,000116
дело 0,063514 0,000052
день 0,162996 0,000222
деревянной 1,690196 0,000460
державший 2,167317 0,000590
держал 0,866287 0,000236
держите 1,565257 0,000853
дерзаете 1,866287 0,000508
дерзость 1,468347 0,000400
дивились 1,389166 0,000378
дивно 1,565257 0,000853
длинный 1,088136 0,000593
дней 0,514105 0,000140
добился 1,389166 0,000378
добрых 1,322219 0,000720
добьешься 2,167317 0,000590
довольно 0,129891 0,000141
документа 1,690196 0,000460
долее 1,565257 0,000426
должен 0,258832 0,000070
должно 0,286504 0,000078
домой 0,459747 0,000125
донести 1,866287 0,000508
дороги 0,704919 0,000192
доселе 0,912045 0,000497
достаточно 1,264227 0,000344
достигнется 2,167317 0,000590
достоевский 0,000000 0,000000
достоинству 1,565257 0,000426
достоит 2,167317 0,000590
достойно 1,866287 0,000508
достояние 0,000000 0,000000
дочь 0,587534 0,000160
древле 1,866287 0,000508
древлему 1,866287 0,000508
древнейшие 1,866287 0,000508
древо 2,167317 0,000590
друг 0,269690 0,000073
друга 0,419129 0,000228
другим 0,533849 0,000291
другими 0,991226 0,000270
других 0,459747 0,000125
другое 0,309985 0,000084
другою 1,021189 0,000278
дурак 0,769377 0,000210
духами 1,866287 0,000508
духе 1,322219 0,000360
духовником 2,167317 0,000590
духом 0,866287 0,000236
душевно 1,690196 0,000460
душу 0,451314 0,000246
евангелие 1,213075 0,000330
едва 0,554533 0,000151
едет 1,167317 0,000318
единения 2,167317 0,000590
единичных 2,167317 0,000590
единой 1,468347 0,000400
единолично 1,690196 0,000460
единоличные 2,167317 0,000590
единый 1,264227 0,000344
екатеринбурга 2,167317 0,000590
если 0,011981 0,000010
есмь 1,213075 0,000330
естественно 0,888564 0,000242
есть 0,018098 0,000020
жаждая 2,167317 0,000590
ждала 0,805589 0,000219
ждут 0,936868 0,000255
женщинами 1,690196 0,000460
жертвованными 2,167317 0,000590
жертвованных 2,167317 0,000590
жестокого 1,690196 0,000460
живал 2,167317 0,000590
живет 0,662167 0,000361
живого 1,389166 0,000378
живший 2,167317 0,000590
жизни 0,222835 0,000121
жило 1,866287 0,000508
жить 0,451314 0,000123
забудешь 1,866287 0,000508
завещал 1,690196 0,000460
завещанное 2,167317 0,000590
завещанную 2,167317 0,000590
завещано 2,167317 0,000590
завещаю 1,866287 0,000508
завиделась 1,866287 0,000508
завизжит 2,167317 0,000590
заводя 2,167317 0,000590
загадку 1,322219 0,000360
заговорит 1,167317 0,000318
задававшее 2,167317 0,000590
задыхался 0,912045 0,000248
заехавшего 2,167317 0,000590
заключала 1,866287 0,000508
заключалось 1,264227 0,000344
заключая 2,167317 0,000590
закрестил 2,167317 0,000590
замялся 1,565257 0,000853
занесло 2,167317 0,000590
записал 1,389166 0,000378
запомни 1,322219 0,000360
запомнил 1,053374 0,000287
запретив 2,167317 0,000590
заснете 2,167317 0,000590
заспешил 1,690196 0,000460
затворились 1,866287 0,000508
затем 0,237898 0,000194
захватит 1,866287 0,000508
захожий 1,866287 0,001016
защемил 2,167317 0,000590
защемленному 2,167317 0,000590
здесь 0,095435 0,000052
здоров 1,167317 0,000318
здоровым 1,468347 0,000400
зелие 2,167317 0,000590
земель 1,866287 0,000508
земле 0,648803 0,001237
земно 1,866287 0,000508
злоучителей 2,167317 0,000590
злых 1,468347 0,000400
знает 0,171682 0,000047
знай 0,888564 0,000242
знайте 0,866287 0,000236
знал 0,114239 0,000062
знали 0,426955 0,000116
знамением 1,866287 0,000508
знамя 1,690196 0,000460
знать 0,328468 0,000089
значительная 1,690196 0,000460
знающую 2,167317 0,000590
зовущий 2,167317 0,000590
золота 1,690196 0,000460
зосима 1,021189 0,000556
зосиме 1,565257 0,000853
зосимою 2,167317 0,000590
зосимы 1,088136 0,000296
зрения 1,468347 0,000400
игумена 1,264227 0,000344
игуменом 1,690196 0,000460
игумену 1,468347 0,000800
идет 0,514105 0,000280
иеромонах 1,322219 0,000360
иеромонаха 1,690196 0,000460
иеромонахи 1,565257 0,000426
избе 1,088136 0,000296
известие 0,662167 0,000541
известия 1,125925 0,000307
известно 0,334808 0,000182
излиться 2,167317 0,000590
изложено 1,690196 0,000460
илии 2,167317 0,000590
имеет 0,623249 0,000339
имеете 1,053374 0,000287
имел 0,347773 0,000095
именно 0,066947 0,000018
именованию 2,167317 0,000590
имеют 1,389166 0,000378
иная 1,565257 0,000426
иногда 0,208276 0,000113
иного 1,053374 0,000287
иное 1,053374 0,000287
инок 1,389166 0,001135
иноки 1,565257 0,000426
иноков 1,690196 0,000460
иносказательном 2,167317 0,000590
иностранцу 2,167317 0,000590
иноческого 1,866287 0,000508
иные 0,599116 0,000163
иными 1,389166 0,000378
ионы 1,866287 0,000508
иосиф 1,389166 0,000378
иркутск 1,866287 0,000508
испити 2,167317 0,000590
исповедайся 2,167317 0,000590
исповедаться 2,167317 0,000590
использоваться 0,000000 0,000000
испуганными 1,866287 0,000508
источник 0,000000 0,000000
исцелевшую 2,167317 0,000590
ищет 0,963197 0,000262
каждой 1,264227 0,000344
каждые 1,322219 0,000360
каждый 0,367977 0,000401
казалось 0,316059 0,000172
какая 0,194189 0,000053
какие 0,232819 0,000063
каким 0,194189 0,000053
какими 0,888564 0,000242
како 1,468347 0,000400
какое 0,227798 0,000124
какой 0,095435 0,000052
каком 0,381987 0,000104
капуста 2,167317 0,000590
карамазовы 0,180546 0,000197
кармана 0,720159 0,000196
картина 0,991226 0,000270
качал 1,389166 0,000378
каша 2,167317 0,001180
келейка 2,167317 0,000590
келейке 1,866287 0,000508
келейки 1,866287 0,000508
келейку 1,866287 0,000508
келье 1,125925 0,000920
кельи 1,322219 0,002160
келья 1,565257 0,000426
клевещущих 2,167317 0,000590
книга 0,176091 0,000048
книгах 1,565257 0,000426
книги 0,000000 0,000000
книгу 0,936868 0,000255
когда 0,015029 0,000025
кого 0,222835 0,000121
колдовству 1,690196 0,000460
колен 1,468347 0,000400
коли 0,269690 0,000073
комаров 0,000000 0,000000
кому 0,341243 0,000186
конечно 0,060107 0,000033
концом 1,468347 0,000400
кончилась 1,264227 0,000344
корыстолюбии 2,167317 0,000590
которая 0,361137 0,000197
которого 0,198834 0,000271
которое 0,426955 0,000349
котором 0,347773 0,000095
который 0,110412 0,000030
которыми 0,888564 0,000242
краток 1,690196 0,000460
крепче 1,565257 0,000426
кресло 1,213075 0,000661
крестным 1,690196 0,000460
кроме 0,158717 0,000086
круглый 1,565257 0,000426
кругом 0,419129 0,000114
кружке 1,690196 0,000460
кстати 0,468347 0,000128
кучкам 2,167317 0,000590
лампадками 2,167317 0,000590
лаодикии 2,167317 0,000590
лапша 2,167317 0,000590
ласточкой 2,167317 0,000590
легкомысленное 1,565257 0,000426
легкомысленным 1,866287 0,000508
легкомысленных 1,690196 0,000460
легкомыслия 1,468347 0,000400
лежало 1,565257 0,000426
лени 1,866287 0,000508
лета 1,264227 0,000344
летах 1,053374 0,000287
либо 0,000000 0,000000
литература 0,000000 0,000000
литургии 2,167317 0,000590
лихоимствуйте 2,167317 0,000590
лицо 0,114239 0,000062
лицом 0,000000 0,000000
лишь 0,185046 0,000907
любите 0,845098 0,000921
любишь 0,888564 0,000242
любовию 1,690196 0,000460
любовь 0,523865 0,000143
любопытнейшие 2,167317 0,000590
любопытного 2,167317 0,000590
любопытное 1,322219 0,000360
любопытными 1,866287 0,000508
любопытством 0,459747 0,000125
любым 0,000000 0,000000
любящего 1,866287 0,000508
людей 0,298086 0,000081
людские 2,167317 0,000590
людьми 0,623249 0,000509
людям 0,720159 0,000196
мало 0,208276 0,000227
малой 1,468347 0,000800
малыми 1,468347 0,000400
масла 1,690196 0,000460
маслом 2,167317 0,000590
масс 2,167317 0,000590
материалистов 2,167317 0,000590
матерой 2,167317 0,000590
мать 0,389166 0,000212
медом 1,866287 0,000508
между 0,129891 0,000141
мелькала 1,690196 0,000460
меня 0,027438 0,000030
мерзок 1,690196 0,000460
место 0,334808 0,000091
месяцам 2,167317 0,000590
мешано 2,167317 0,000590
милые 1,125925 0,000613
милый 0,477121 0,000130
минутой 1,213075 0,000330
минуту 0,084532 0,000023
минуты 0,322219 0,000088
мира 1,125925 0,000307
мире 0,704919 0,000192
мировой 1,690196 0,000460
мировые 2,167317 0,001180
мирская 2,167317 0,000590
мирских 1,690196 0,001841
млад 2,167317 0,000590
многие 0,468347 0,000383
многим 0,912045 0,000248
многими 1,565257 0,000426
много 0,080958 0,000110
многом 1,125925 0,000307
множество 0,936868 0,000255
моей 0,280827 0,000153
моему 0,354404 0,000097
может 0,000000 0,000000
можно 0,088136 0,000072
моих 0,554533 0,000151
молвил 1,690196 0,000921
молитве 1,213075 0,000661
молиться 1,167317 0,000318
молчаливого 1,690196 0,000460
молчальник 1,866287 0,001016
молчальника 1,866287 0,000508
молчать 1,088136 0,000296
молчит 0,991226 0,000270
молю 1,866287 0,000508
момента 0,000000 0,000000
монастыре 0,936868 0,000510
монастырского 1,690196 0,000460
монастырь 0,720159 0,000392
монастырю 1,213075 0,000330
монастыря 0,912045 0,000497
монах 0,991226 0,000810
монаха 1,468347 0,001200
монахе 2,167317 0,000590
монахи 1,125925 0,000307
монашек 1,468347 0,007198
монашка 1,866287 0,000508
морошка 2,167317 0,000590
мудрость 2,167317 0,000590
набегал 2,167317 0,000590
наблюдая 1,565257 0,000426
надеется 1,264227 0,000344
надлежало 1,866287 0,000508
надменное 2,167317 0,000590
надоть 1,389166 0,000378
надрывы 2,167317 0,000590
назад 0,000000 0,000000
назвав 2,167317 0,000590
название 0,000000 0,000000
назначаешься 2,167317 0,000590
наипаче 1,866287 0,000508
найти 0,000000 0,000000
наконец 0,073896 0,000020
написано 0,000000 0,000000
наполнилась 2,167317 0,000590
напротив 0,180546 0,000049
напутственное 1,866287 0,000508
напутствия 2,167317 0,000590
народ 0,735954 0,000401
народных 2,167317 0,000590
народу 1,264227 0,000344
наскоро 0,888564 0,000242
наскрозь 2,167317 0,000590
настоятельно 0,991226 0,000270
наступившего 1,690196 0,000460
наступил 1,322219 0,000360
насыщения 2,167317 0,000590
натуре 1,389166 0,000378
наука 0,000000 0,000000
нахмурившись 1,213075 0,000661
находились 1,264227 0,000344
начал 0,137934 0,000075
началось 1,053374 0,000287
наше 0,662167 0,000361
нашего 0,396465 0,000108
небесного 1,468347 0,000400
небесными 2,167317 0,000590
неведению 1,690196 0,000460
него 0,000000 0,000000
негожее 2,167317 0,000590
недели 0,565257 0,000308
недельное 2,167317 0,000590
неделю 0,662167 0,000180
недоверчивость 1,468347 0,000400
недоверчивый 2,167317 0,000590
недосказанного 2,167317 0,000590
недоумение 1,167317 0,000318
недоумении 0,805589 0,000439
незачем 1,565257 0,000426
незыблемо 1,468347 0,000800
некое 1,690196 0,000460
некоего 1,690196 0,000460
некому 1,213075 0,000330
некоторого 0,752344 0,000205
некотором 1,021189 0,000278
некоторых 0,824895 0,000225
нелепые 1,866287 0,000508
немедленно 0,554533 0,000604
немедленного 1,565257 0,000426
нему 0,080958 0,000022
ненавидьте 2,167317 0,001180
неожиданного 1,322219 0,000360
неожиданное 1,088136 0,000593
непременно 0,133894 0,000036
несвязна 2,167317 0,000590
несколько 0,102859 0,000028
несмотря 0,275223 0,000300
несогбенно 2,167317 0,000590
несогласных 2,167317 0,000590
несомненно 0,704919 0,000960
несомненном 1,866287 0,000508
неустанно 1,167317 0,000954
нечего 0,381987 0,000208
нечистом 2,167317 0,000590
нибудь 0,030597 0,000017
низенькой 2,167317 0,000590
никакого 0,403889 0,000110
никогда 0,088136 0,000024
никому 0,504560 0,000137
ними 0,275223 0,000300
ничего 0,030597 0,000025
ничесо 2,167317 0,000590
нового 0,735954 0,000401
новом 1,213075 0,000330
новшество 1,866287 0,000508
новшеством 2,167317 0,000590
ногу 0,805589 0,000219
носит 1,322219 0,000720
нощи 1,866287 0,001016
нуждаясь 1,389166 0,000378
нужды 1,468347 0,000400
ныне 1,021189 0,000278
обдорский 1,866287 0,002033
обдорского 1,866287 0,000508
обдорской 2,167317 0,001180
обдумывая 1,690196 0,000460
обедни 1,866287 0,001016
обещал 1,088136 0,000593
обещался 1,468347 0,000400
обещание 1,167317 0,000318
обители 1,866287 0,001016
обитель 1,866287 0,000508
облика 2,167317 0,000590
обнажены 2,167317 0,000590
обнять 1,125925 0,000307
ободняв 2,167317 0,000590
ободрившись 2,167317 0,000590
обоих 0,635838 0,000173
образ 0,888564 0,000242
образа 1,389166 0,000378
образов 1,866287 0,000508
обратил 1,088136 0,000296
обут 2,167317 0,000590
общей 1,468347 0,000400
общение 1,690196 0,000460
общественное 0,000000 0,000000
объяснение 0,845098 0,000230
обымет 2,167317 0,000590
оговорке 2,167317 0,000590
огородить 2,167317 0,000590
оградой 2,167317 0,000590
огромный 1,213075 0,000330
одет 1,021189 0,000278
один 0,046743 0,000013
одна 0,185046 0,000101
однако 0,102859 0,000028
одни 0,459747 0,000125
одним 0,286504 0,000078
одно 0,099131 0,000054
одного 0,150284 0,000164
одной 0,243038 0,000132
одолеют 2,167317 0,000590
ожидавшее 2,167317 0,000590
ожидали 1,021189 0,000278
ожидание 1,264227 0,000689
ожиданием 1,690196 0,000460
ожидании 0,824895 0,000225
озираясь 1,389166 0,000378
около 0,443041 0,000724
окончив 1,866287 0,000508
окрестностях 2,167317 0,000590
омыть 2,167317 0,000590
опасен 1,565257 0,000426
опасный 1,468347 0,000400
опубликовано 0,000000 0,000000
опять 0,027438 0,000022
осведомился 0,888564 0,000484
осмеливался 2,167317 0,000590
особенно 0,129891 0,000071
особой 1,468347 0,000400
остались 0,735954 0,000200
осталось 0,769377 0,000419
осторожно 0,912045 0,000248
отбивать 1,866287 0,000508
отвергающих 2,167317 0,000590
ответил 0,237898 0,000130
отдавайте 2,167317 0,000590
отдаленных 1,565257 0,000426
отец 0,316059 0,001808
отзывалось 1,866287 0,000508
открываю 1,690196 0,000460
откулева 2,167317 0,000590
отложить 1,389166 0,000378
отлучился 1,468347 0,000400
отлучиться 1,866287 0,000508
отметить 1,389166 0,000378
отобьют 2,167317 0,000590
отрекшиеся 2,167317 0,000590
отрывист 2,167317 0,000590
отрывочнее 2,167317 0,000590
отходящим 2,167317 0,000590
отца 0,222835 0,000303
отцу 0,565257 0,000924
отцы 1,021189 0,000556
отче 1,866287 0,002033
отшельника 2,167317 0,000590
офицерская 2,167317 0,000590
оформление 0,000000 0,000000
очень 0,024303 0,000033
очистки 1,866287 0,000508
паисий 1,088136 0,001778
паисию 1,866287 0,001525
паисия 1,389166 0,000757
паки 2,167317 0,000590
памяти 0,752344 0,000205
пасеке 1,866287 0,000508
пасекой 2,167317 0,001180
пасеку 2,167317 0,000590
пасечник 2,167317 0,001180
пасечника 2,167317 0,000590
пасечником 2,167317 0,000590
пасху 1,866287 0,000508
паук 2,167317 0,000590
паче 1,322219 0,000360
первой 0,720159 0,000196
передавал 1,167317 0,000318
передали 1,565257 0,000426
передать 0,690196 0,000188
переживу 1,866287 0,000508
переменяли 2,167317 0,000590
пересел 1,866287 0,000508
пересесть 2,167317 0,000590
переспросил 1,167317 0,000318
перешло 0,000000 0,000000
персях 1,866287 0,000508
печалься 2,167317 0,000590
пием 2,167317 0,000590
писавшей 2,167317 0,000590
писанном 2,167317 0,000590
писано 2,167317 0,000590
письма 0,704919 0,000192
письме 0,912045 0,000497
письмецо 1,322219 0,000360
письмо 0,544068 0,000593
письмом 1,167317 0,000318
питаетесь 2,167317 0,000590
пленяло 1,866287 0,000508
повергло 1,866287 0,000508
повергся 1,690196 0,000460
поверить 0,824895 0,000225
повторили 1,866287 0,000508
поганое 2,167317 0,000590
поганцы 2,167317 0,000590
погибшая 1,565257 0,000426
погнил 2,167317 0,000590
подборка 0,000000 0,000000
подвергались 2,167317 0,000590
подвигах 1,690196 0,000460
подвижника 2,167317 0,000590
поделиться 2,167317 0,000590
подле 0,419129 0,000228
подобным 1,565257 0,000426
подох 2,167317 0,000590
подпоясан 2,167317 0,000590
подтвердится 2,167317 0,000590
подумал 0,334808 0,000091
подходил 0,991226 0,000270
пожелал 1,322219 0,000360
поздней 1,690196 0,000460
поздний 1,468347 0,000400
познает 1,866287 0,000508
познал 1,866287 0,000508
позорящих 2,167317 0,000590
пока 0,213075 0,000116
покаяние 1,389166 0,000378
поклонился 0,912045 0,000248
поклониться 1,690196 0,000460
поклонники 1,866287 0,000508
покойника 1,690196 0,000460
покорился 1,866287 0,000508
полной 0,991226 0,000270
полтора 1,167317 0,000318
получала 2,167317 0,000590
получении 1,565257 0,000426
помалу 0,675956 0,000184
поминайте 1,690196 0,000460
поминание 2,167317 0,000590
помни 1,264227 0,000344
помолиться 1,866287 0,000508
помолчав 0,936868 0,000255
помолчал 0,991226 0,000270
помянуть 1,866287 0,000508
понедельник 1,866287 0,000508
понедельника 2,167317 0,000590
поносящих 2,167317 0,000590
понял 0,396465 0,000108
попади 1,866287 0,000508
попросил 0,635838 0,000346
попыток 1,690196 0,000460
поражало 1,264227 0,000344
поражен 0,866287 0,000708
поразило 0,720159 0,000196
поручил 1,389166 0,000378
порфирий 1,690196 0,000460
поселили 2,167317 0,000590
поселился 1,389166 0,000378
посетил 1,565257 0,000426
посетит 1,866287 0,000508
посетителей 0,000000 0,000000
посетители 0,000000 0,000000
посетителю 2,167317 0,000590
поскорей 0,769377 0,000210
послав 2,167317 0,000590
после 0,084532 0,000069
последнее 0,486076 0,000265
последней 0,623249 0,000170
последний 0,403889 0,000110
послушник 1,389166 0,000378
посмертно 0,000000 0,000000
поспешно 0,866287 0,000236
пост 1,468347 0,000800
поставленной 1,866287 0,000508
поставляют 2,167317 0,000590
постели 0,787106 0,000214
постель 0,936868 0,000255
поститися 2,167317 0,000590
поститься 1,690196 0,000460
постник 1,565257 0,000426
постника 1,866287 0,000508
постнику 2,167317 0,000590
постничестве 2,167317 0,000590
поступки 1,389166 0,000378
потом 0,084532 0,000184
потому 0,024303 0,000013
потребовал 1,264227 0,000344
потрясло 1,389166 0,000378
поучения 2,167317 0,000590
похожа 1,565257 0,000426
почему 0,099131 0,000054
почерневшая 2,167317 0,000590
почти 0,024303 0,000079
почтительнейше 1,565257 0,000426
почувствовавший 2,167317 0,000590
почувствовал 0,623249 0,000170
пошел 0,275223 0,000075
пошутил 1,468347 0,000400
появлялся 1,866287 0,000508
правда 0,162996 0,000133
праведника 1,389166 0,000378
правилами 2,167317 0,000590
превеликим 1,690196 0,000460
пред 0,033778 0,000083
предисловия 1,690196 0,000460
предсказания 2,167317 0,000590
представить 0,576253 0,000157
предубеждении 2,167317 0,000590
предупредил 1,322219 0,000360
прежде 0,077412 0,000126
прежней 0,936868 0,000255
прежнему 0,587534 0,000160
преклонных 1,866287 0,000508
пресекал 2,167317 0,000590
престарелый 2,167317 0,000590
прибавил 0,275223 0,000225
прибавляла 1,866287 0,000508
прибавьте 1,389166 0,000378
прибежал 1,264227 0,000344
прибывшим 2,167317 0,000590
прибывшими 2,167317 0,000590
приветливый 1,866287 0,000508
привычку 1,468347 0,000400
придут 1,125925 0,000307
придыхательно 2,167317 0,000590
придя 1,565257 0,000426
приедет 1,167317 0,000318
прижизненно 0,000000 0,000000
приимати 2,167317 0,000590
принимал 1,088136 0,000296
приносил 1,565257 0,000426
приобрести 1,690196 0,000460
припомнил 0,888564 0,000484
прислуживавшим 2,167317 0,000590
прислушивающегося 2,167317 0,000590
приставлен 2,167317 0,000590
пристально 0,389166 0,000106
присылаемой 2,167317 0,000590
прихлопнул 1,866287 0,000508
прихода 1,213075 0,000330
приходившие 1,690196 0,000921
приходившими 2,167317 0,000590
приходить 0,888564 0,000484
приходящих 2,167317 0,000590
причаститься 1,690196 0,000460
пришедшее 2,167317 0,000590
пришедший 1,690196 0,000460
пришедшим 2,167317 0,000590
пришел 0,322219 0,000088
пришельцам 2,167317 0,000590
пришельцем 2,167317 0,000590
пришлет 1,322219 0,000360
пришли 0,704919 0,000192
пробравшись 1,866287 0,000508
пробужден 2,167317 0,000590
проворный 2,167317 0,000590
проговорил 0,154480 0,000042
программирование 0,000000 0,000000
проживал 1,213075 0,000661
проживу 1,690196 0,000460
прожившего 2,167317 0,000590
произведение 0,000000 0,000000
произведений 0,000000 0,000000
произведения 0,000000 0,000000
произведшее 2,167317 0,000590
произвела 1,264227 0,000344
произносил 1,690196 0,000921
произнося 1,866287 0,000508
произойти 0,963197 0,000262
произошло 0,495219 0,000135
проникновенно 1,389166 0,000757
пропитание 2,167317 0,000590
пророчество 1,565257 0,000426
просвиркой 2,167317 0,000590
просит 0,866287 0,000236
просмотрели 1,866287 0,000508
проснулся 0,963197 0,000262
простаивал 2,167317 0,000590
простив 2,167317 0,000590
простирает 1,866287 0,000508
простить 0,824895 0,000225
проститься 1,125925 0,000307
просто 0,232819 0,000063
простой 1,088136 0,000296
простонародными 2,167317 0,000590
просьбу 1,322219 0,000360
просьбы 1,322219 0,000360
против 0,389166 0,000212
противник 1,690196 0,000460
противнике 2,167317 0,000590
противном 1,690196 0,000460
прохоровна 1,866287 0,000508
прочтя 1,389166 0,000757
прошло 0,000000 0,000000
прошлого 1,088136 0,000296
прошлом 1,468347 0,000400
прямо 0,118099 0,000096
прямом 1,866287 0,000508
прячется 1,468347 0,000800
птицею 2,167317 0,001180
публикации 0,000000 0,000000
пугливых 2,167317 0,000590
пути 1,021189 0,000278
пуще 0,599116 0,000163
пяти 0,662167 0,000180
пятидесятницу 2,167317 0,000590
пяток 2,167317 0,001180
пять 0,275223 0,000075
ради 0,752344 0,000615
радостное 1,322219 0,000360
радостью 0,991226 0,000270
разбирали 2,167317 0,000590
развалившейся 2,167317 0,000590
развалившиеся 2,167317 0,000590
разве 0,146128 0,000080
разговора 0,805589 0,000219
разговорится 2,167317 0,000590
разобрала 2,167317 0,000590
разрешения 0,000000 0,000000
разрешити 2,167317 0,000590
разрушивших 2,167317 0,000590
ракитин 0,963197 0,000525
ракитина 0,991226 0,000270
ракитиным 1,468347 0,000400
рано 0,787106 0,000214
раньше 0,599116 0,000163
раскрыв 1,468347 0,000400
рассказам 1,866287 0,000508
рассказы 1,565257 0,000426
рассуждение 1,322219 0,000720
редкие 1,690196 0,000460
редко 0,690196 0,000376
рекут 1,866287 0,000508
репутация 1,468347 0,000400
речено 2,167317 0,000590
речь 0,704919 0,000192
решительно 0,341243 0,000186
робко 0,787106 0,000214
рода 0,866287 0,000236
рожки 1,866287 0,000508
ропот 1,468347 0,000400
россию 0,866287 0,000236
росту 1,468347 0,000400
рубаха 2,167317 0,000590
руками 0,280827 0,000076
руководителя 1,866287 0,000508
русская 0,000000 0,000000
руце 2,167317 0,000590
рыба 1,690196 0,000460
рыжеватый 1,690196 0,000460
рясу 2,167317 0,000590
садись 1,021189 0,000278
сайте 0,000000 0,000000
сами 0,142011 0,000039
самого 0,118099 0,000032
самой 0,258832 0,000070
самом 0,114239 0,000031
самые 0,381987 0,000104
самый 0,198834 0,000054
самым 0,280827 0,000076
самыми 1,053374 0,000287
самых 0,468347 0,000128
свежим 1,866287 0,000508
сверкнули 1,053374 0,000287
свершившееся 2,167317 0,000590
света 0,845098 0,000230
светским 1,565257 0,000426
светских 1,322219 0,000360
светящиеся 1,866287 0,000508
свидетельствовало 1,866287 0,000508
свободно 0,000000 0,000000
свое 0,150284 0,000041
своего 0,091770 0,000125
своей 0,066947 0,000036
своем 0,198834 0,000108
своим 0,208276 0,000113
своими 0,495219 0,000270
своих 0,237898 0,000065
свой 0,189594 0,000052
свою 0,073896 0,000060
связаны 1,866287 0,000508
святее 1,565257 0,000426
святейший 1,690196 0,000460
святого 0,991226 0,000540
святодух 2,167317 0,001180
святую 1,468347 0,000800
святый 1,866287 0,002033
святым 1,468347 0,000400
святыни 1,690196 0,000460
святых 1,167317 0,000318
священнического 2,167317 0,000590
себе 0,033778 0,000046
себя 0,005949 0,000006
севере 1,866287 0,000508
сего 0,611015 0,000998
сегодня 0,000000 0,000000
седмице 2,167317 0,000590
седмицу 2,167317 0,001180
сейчас 0,070407 0,000019
селивестр 2,167317 0,000590
селивестра 2,167317 0,001180
семидесяти 0,000000 0,000000
сему 1,264227 0,000344
семь 0,787106 0,000214
семьдесят 1,213075 0,000330
сердечного 1,690196 0,000460
сердца 0,334808 0,000274
сердце 0,171682 0,000094
сердцем 0,675956 0,000184
серые 1,690196 0,000460
сибири 1,213075 0,000330
сибирь 0,991226 0,000270
сидел 0,322219 0,000088
сидит 0,565257 0,000154
сила 0,936868 0,000255
силам 1,468347 0,000400
силами 1,167317 0,000318
силах 0,623249 0,000339
силу 0,866287 0,000236
сильвестра 1,690196 0,000460
сильное 0,991226 0,000270
сильном 1,213075 0,000330
сильный 0,991226 0,000270
сильным 1,322219 0,000360
синицею 2,167317 0,000590
синицы 2,167317 0,000590
сирота 1,565257 0,000426
скажу 0,275223 0,000075
сказал 0,099131 0,000054
сказать 0,073896 0,000040
скамеечке 2,167317 0,000590
скитниками 1,866287 0,000508
скитскими 2,167317 0,000590
скитскому 2,167317 0,000590
скитскою 2,167317 0,000590
скиту 1,690196 0,000460
сколько 0,280827 0,000153
скорее 0,514105 0,000140
слабости 1,389166 0,000378
слабый 1,021189 0,000278
слабым 1,322219 0,000360
слава 0,769377 0,000210
славе 1,690196 0,000460
слегка 0,936868 0,000255
слезами 0,554533 0,000151
слепоты 2,167317 0,000590
слетает 2,167317 0,001180
слов 0,367977 0,000100
слова 0,129891 0,000177
словам 0,888564 0,000242
словах 0,635838 0,000173
словеса 1,690196 0,000921
слово 0,232819 0,000380
словом 0,367977 0,000100
сложения 1,264227 0,000344
служба 1,866287 0,000508
службе 1,053374 0,000287
слух 1,167317 0,000318
случае 0,248239 0,000068
случаи 1,125925 0,000307
случай 0,443041 0,000121
случилось 0,403889 0,000110
слушавшие 1,866287 0,000508
слушали 1,021189 0,000278
слыхал 0,845098 0,000230
слышать 0,888564 0,000242
смеет 1,053374 0,000287
смердит 1,565257 0,000426
смертною 2,167317 0,000590
смиренно 1,167317 0,000318
смотреть 0,477121 0,000130
смотрю 0,866287 0,000236
смотря 0,322219 0,000088
смысле 0,752344 0,000205
снизойти 1,866287 0,000508
снимавшаяся 2,167317 0,000590
снова 0,565257 0,000154
собираясь 1,264227 0,000344
соблазнами 1,690196 0,000460
соблазны 1,690196 0,000460
соблюдаете 2,167317 0,000590
собор 2,167317 0,000590
соборование 2,167317 0,000590
собрались 1,125925 0,000307
собрание 0,000000 0,000000
совершении 2,167317 0,000590
совершенном 1,213075 0,000330
совершившимся 2,167317 0,000590
совершилось 1,088136 0,000296
совести 0,690196 0,000188
совсем 0,021189 0,000017
согласия 0,000000 0,000000
соединившись 2,167317 0,000590
создать 1,565257 0,000426
сознав 1,565257 0,000426
сознавать 1,866287 0,000508
сознание 1,021189 0,000278
соковая 2,167317 0,000590
соленая 2,167317 0,000590
сообщать 1,322219 0,000720
сообщение 1,468347 0,000400
сообщения 1,565257 0,000426
сообщил 0,824895 0,000225
сообщила 1,264227 0,000344
сообщить 0,635838 0,000173
составляли 1,389166 0,000378
состояло 1,213075 0,000330
сохранилась 1,690196 0,000460
сочинений 0,000000 0,000000
сочувствовало 2,167317 0,000590
спаси 1,389166 0,000757
спешил 1,021189 0,000278
спрашивала 1,088136 0,000296
спрашивать 0,752344 0,000205
спросил 0,222835 0,000303
сравнительно 1,088136 0,000296
сребра 2,167317 0,000590
среду 1,565257 0,000426
стада 2,167317 0,000590
стадо 1,389166 0,000378
стал 0,125925 0,000034
стали 0,322219 0,000088
стало 0,091770 0,000075
старец 0,787106 0,001929
старик 0,434924 0,000118
старой 1,167317 0,000318
старушка 1,389166 0,000757
старца 0,735954 0,001403
старцем 1,167317 0,000636
старцу 1,167317 0,001272
старцы 1,389166 0,000378
старчества 1,690196 0,000921
старчество 1,565257 0,000426
старые 1,125925 0,000307
старый 0,824895 0,000225
стенах 1,468347 0,000800
стены 0,963197 0,000262
стоит 0,316059 0,000086
столетии 1,468347 0,000400
столь 0,434924 0,000355
столько 0,477121 0,000260
стоя 0,963197 0,000262
стоял 0,309985 0,000084
стояла 0,623249 0,000170
стран 1,866287 0,000508
странен 1,565257 0,000426
странное 0,690196 0,000188
странный 0,787106 0,000214
странным 0,752344 0,000205
страстную 1,866287 0,000508
страхом 0,912045 0,000248
страшно 0,434924 0,000237
страшного 1,213075 0,000330
страшные 1,053374 0,000287
строгие 1,690196 0,000460
строгом 1,866287 0,000508
строгостию 1,866287 0,000508
строже 1,690196 0,000460
строчке 1,866287 0,000508
ступай 0,735954 0,000200
субботнего 2,167317 0,000590
субботу 2,167317 0,001180
сука 1,866287 0,000508
сукна 2,167317 0,000590
суровом 2,167317 0,000590
суровый 1,690196 0,000460
суть 1,322219 0,000720
сухая 1,866287 0,000508
сухоядением 2,167317 0,000590
существе 1,565257 0,000426
считал 0,648803 0,000177
сынок 1,389166 0,001135
сыночка 1,866287 0,000508
сюда 0,232819 0,000254
таинств 2,167317 0,000590
таинственно 1,213075 0,000330
тайный 1,690196 0,000460
также 0,000000 0,000000
таки 0,066947 0,000018
такие 0,232819 0,000190
тако 2,167317 0,001771
таковое 1,690196 0,000460
таковыми 1,866287 0,000508
такого 0,243038 0,000066
такожде 2,167317 0,000590
такой 0,077412 0,000042
такому 0,752344 0,000205
тверд 1,322219 0,000360
твердым 1,125925 0,000307
твоего 0,787106 0,000214
твоему 0,912045 0,000248
твои 0,787106 0,000214
твоим 1,088136 0,000593
тебе 0,203530 0,000443
тебя 0,198834 0,000054
текст 0,000000 0,000000
теми 1,565257 0,000426
темноту 1,468347 0,000400
темными 1,389166 0,000378
теперь 0,015029 0,000029
теплившимися 2,167317 0,000590
теснившихся 1,866287 0,000508
тесноте 2,167317 0,000590
тобой 0,419129 0,000114
тогда 0,050046 0,000109
того 0,005949 0,000013
тоже 0,043466 0,000059
токмо 1,565257 0,000853
толкуйте 2,167317 0,000590
толокно 2,167317 0,000590
толпившейся 2,167317 0,000590
толпившихся 2,167317 0,000590
толстейшего 2,167317 0,000590
толстою 1,866287 0,000508
толстый 1,468347 0,000400
только 0,002964 0,000005
томах 0,000000 0,000000
тому 0,095435 0,000078
торжественное 1,690196 0,000460
тотчас 0,046743 0,000038
точию 2,167317 0,000590
точки 0,912045 0,000248
точно 0,121994 0,000033
трапезник 2,167317 0,000590
трапезы 1,690196 0,000460
тревожное 1,866287 0,000508
трепещу 2,167317 0,000590
третиего 2,167317 0,000590
тридцатифунтовые 2,167317 0,000590
трижды 1,866287 0,000508
труднее 1,389166 0,000378
тщетном 2,167317 0,000590
тяжело 0,565257 0,000154
тяжелые 1,468347 0,000400
уведомлял 1,565257 0,000426
углу 0,599116 0,000326
уголок 1,468347 0,000400
угрюмого 1,866287 0,000508
ударением 1,866287 0,000508
удержать 1,213075 0,000330
удивления 0,963197 0,000262
удивленный 1,213075 0,000330
удовольствием 0,704919 0,000192
уединенной 1,866287 0,000508
ужасающее 2,167317 0,000590
ужасны 1,690196 0,000460
узнаете 1,213075 0,000330
узрим 2,167317 0,001771
уйду 0,936868 0,000255
уйдут 2,167317 0,000590
указанию 1,565257 0,000426
указанную 2,167317 0,000590
указанный 1,565257 0,000426
указывая 0,963197 0,000262
улегшийся 2,167317 0,000590
улыбнулись 1,866287 0,000508
умершим 0,000000 0,000000
умилением 1,167317 0,000318
умиленно 1,213075 0,000330
умилилось 1,866287 0,000508
умирая 1,468347 0,000400
умоляла 1,565257 0,000426
умру 0,805589 0,000219
унесет 1,565257 0,000426
унтер 1,866287 0,000508
упал 0,675956 0,000184
упокой 1,468347 0,000400
упоминали 1,866287 0,000508
упомнил 2,167317 0,000590
уродливости 2,167317 0,000590
условий 1,565257 0,000426
усмотрели 2,167317 0,000590
успел 0,354404 0,000097
успении 2,167317 0,000590
уста 1,468347 0,000400
усталость 1,565257 0,000426
устроен 1,565257 0,000426
уступали 2,167317 0,000590
утешение 1,565257 0,000426
утомленное 2,167317 0,000590
утомленные 2,167317 0,000590
утром 0,411442 0,000112
уходить 0,845098 0,000230
уцепился 1,866287 0,000508
ученое 1,866287 0,000508
ученых 1,264227 0,000344
учил 1,322219 0,001080
учить 1,088136 0,000296
федор 0,000000 0,000000
ферапонт 1,690196 0,006444
ферапонта 1,866287 0,001016
ферапонту 1,866287 0,000508
фигурка 1,866287 0,000508
фунта 1,690196 0,000921
хвост 1,565257 0,000426
хвоста 1,866287 0,000508
хвостище 2,167317 0,000590
хвосту 1,866287 0,000508
хлеб 1,389166 0,000378
хлеба 0,912045 0,001490
хлебом 1,322219 0,000360
хлебы 1,866287 0,000508
ходи 1,389166 0,000378
ходил 0,611015 0,000333
ходили 1,125925 0,000307
хожу 1,167317 0,000318
холодок 2,167317 0,000590
холста 1,690196 0,000460
хорошо 0,189594 0,000052
хотел 0,158717 0,000043
хоть 0,060107 0,000065
хотя 0,050046 0,000123
хохлакова 1,125925 0,000920
хохлаковой 0,787106 0,000429
хочет 0,322219 0,000088
хочеши 2,167317 0,000590
хочешь 0,544068 0,000148
христа 0,912045 0,000248
христианства 1,468347 0,000400
христова 1,264227 0,000344
христом 1,389166 0,000378
христос 0,936868 0,000510
худым 1,690196 0,000460
хуже 0,635838 0,000346
целовал 1,088136 0,000296
целое 1,053374 0,000574
цель 0,769377 0,000210
церкви 1,088136 0,000296
часа 0,000000 0,000000
часовню 2,167317 0,000590
частию 1,264227 0,000344
часть 0,002964 0,000002
частям 2,167317 0,000590
чаше 2,167317 0,000590
чего 0,040213 0,000011
человек 0,036984 0,000010
человека 0,154480 0,000084
человеки 1,565257 0,000853
человеку 0,459747 0,000125
человечьим 2,167317 0,000590
чему 0,341243 0,000093
черными 1,322219 0,000360
чертей 1,866287 0,000508
чертову 2,167317 0,000590
черту 0,912045 0,000248
четвертая 0,426955 0,000116
четвертке 2,167317 0,000590
четверток 2,167317 0,001771
четыре 0,477121 0,000130
четыредесятнице 2,167317 0,000590
четыредесятницу 2,167317 0,001180
чина 1,468347 0,000400
чиновником 1,389166 0,000378
числе 0,912045 0,000248
число 0,000000 0,000000
читаем 0,000000 0,000000
читать 0,000000 0,000000
чреве 1,565257 0,000426
чрез 0,275223 0,000150
чрезвычайно 0,217927 0,000237
чрезвычайное 0,735954 0,000401
чтили 2,167317 0,000590
чтоб 0,073896 0,000060
чтобы 0,030597 0,000008
чувства 0,495219 0,000135
чувствительнее 2,167317 0,000590
чуде 1,565257 0,000853
чудная 1,565257 0,000426
чудо 1,053374 0,000574
чудом 1,468347 0,000400
чухают 2,167317 0,000590
чьего 0,000000 0,000000
шесть 0,611015 0,000166
шныряющая 2,167317 0,000590
шныряющий 2,167317 0,000590
штям 2,167317 0,000590
шумел 2,167317 0,000590
щеглом 2,167317 0,000590
щель 1,565257 0,000426
этим 0,189594 0,000103
этих 0,213075 0,000058
этого 0,053374 0,000015
этой 0,118099 0,000064
этом 0,046743 0,000025
этот 0,011981 0,000016
этою 0,599116 0,000163
юную 2,167317 0,000590
юный 1,690196 0,001381
юродивого 1,690196 0,000460
юродивым 1,866287 0,000508
юродивых 1,565257 0,000426
юродство 2,167317 0,000590
явно 1,088136 0,000296
ягода 2,167317 0,000590
ягодой 2,167317 0,000590
ядим 2,167317 0,000590
языком 0,991226 0,000270
ясное 1,213075 0,000330
ясти 2,167317 0,001180
