автор 0,000000 0,000000
автором 0,000000 0,000000
авторского 0,000000 0,000000
авторы 0,000000 0,000000
алексеем 1,213075 0,000697
алексей 0,000000 0,000000
алексея 0,000000 0,000000
алеша 0,381987 0,001316
алеше 0,523865 0,000602
алеши 0,544068 0,000313
алешу 0,565257 0,000325
анфим 1,866287 0,001072
анфиму 2,167317 0,001245
бедней 1,866287 0,001072
беднейшего 2,167317 0,001245
бедном 1,468347 0,000843
бедный 0,824895 0,000474
бесед 1,565257 0,001798
беседа 1,866287 0,004288
беседой 1,866287 0,001072
беседу 1,690196 0,002912
беседую 2,167317 0,001245
беседы 1,565257 0,000899
беспрерывно 0,623249 0,000358
беспрерывности 2,167317 0,001245
библиотека 0,000000 0,000000
благословить 1,322219 0,000759
благословишь 2,167317 0,001245
благословлял 1,389166 0,000798
благотворительницы 2,167317 0,001245
бодрым 1,866287 0,001072
бозе 1,565257 0,000899
более 0,000000 0,000000
больного 0,752344 0,000432
больше 0,137934 0,000079
болью 1,167317 0,000670
боялся 0,587534 0,000337
брат 0,303994 0,000349
брата 0,389166 0,000894
брате 1,167317 0,000670
братский 2,167317 0,001245
братьев 1,088136 0,001250
братья 0,176091 0,000405
будет 0,077412 0,000044
будешь 0,648803 0,000745
будут 0,565257 0,000325
будущему 1,866287 0,001072
будь 0,720159 0,000414
была 0,046743 0,000027
были 0,099131 0,000114
было 0,000000 0,000000
быть 0,002964 0,000012
важнее 1,213075 0,000697
вами 0,232819 0,000134
ваши 0,434924 0,000500
вдвоем 1,322219 0,000759
вдове 1,690196 0,000971
вдруг 0,005949 0,000014
ведется 2,167317 0,001245
ведущего 2,167317 0,001245
велась 2,167317 0,001245
великим 1,322219 0,000759
великому 1,389166 0,000798
веровал 1,213075 0,000697
вероятно 0,623249 0,000358
верующий 1,565257 0,000899
веселою 1,690196 0,000971
веселым 1,167317 0,000670
весьма 0,243038 0,000419
вечер 0,477121 0,000548
вечера 0,623249 0,000358
взгляд 0,396465 0,000455
взял 0,269690 0,000155
виде 0,434924 0,000250
видел 0,248239 0,000856
видимо 0,328468 0,000189
видишь 0,599116 0,000344
виду 0,544068 0,000313
визиты 0,000000 0,000000
вместе 0,208276 0,000120
вместо 0,411442 0,000236
вмешиваясь 2,167317 0,001245
вновь 0,720159 0,000414
вовсе 0,150284 0,000086
возлюбленные 1,866287 0,001072
вознаграждения 0,000000 0,000000
вокруг 1,264227 0,000726
волнении 0,675956 0,000388
воочию 1,866287 0,001072
восковых 2,167317 0,001245
воспоминания 1,088136 0,000625
восстанет 1,690196 0,000971
вошел 0,403889 0,000232
впервые 1,565257 0,000899
вполне 0,316059 0,000182
впрочем 0,118099 0,000068
враги 1,213075 0,000697
время 0,043466 0,000025
всего 0,040213 0,000046
всей 0,248239 0,000143
всех 0,060107 0,000035
вскоре 0,991226 0,000569
встал 0,403889 0,000232
встанет 1,468347 0,000843
встань 1,690196 0,000971
вступил 0,912045 0,000524
всякому 1,021189 0,000587
вторая 0,514105 0,000591
второй 0,704919 0,000405
входе 1,322219 0,000759
вчера 0,341243 0,001176
вчерашнего 0,866287 0,000995
вчерашних 1,565257 0,000899
выплаты 0,000000 0,000000
выражение 0,805589 0,000463
выразил 1,167317 0,000670
вытерпел 1,565257 0,000899
вышегорья 1,866287 0,001072
глазах 0,459747 0,000264
глубоким 1,167317 0,000670
глубокого 1,468347 0,000843
говоривший 1,866287 0,001072
говорил 0,095435 0,000055
говорили 0,374926 0,000215
годы 0,963197 0,000553
голову 0,227798 0,000131
голос 0,533849 0,000307
горевал 1,690196 0,000971
господа 0,389166 0,000224
господи 0,451314 0,000259
гости 0,769377 0,002652
гость 1,053374 0,000605
гостям 1,264227 0,000726
гостями 1,389166 0,001596
гривнах 2,167317 0,001245
давних 1,866287 0,001072
давно 0,158717 0,000091
даже 0,005949 0,000027
далеко 0,599116 0,000344
дальше 0,002964 0,000002
данные 0,000000 0,000000
двадцать 0,411442 0,000236
дверях 0,991226 0,000569
девочкой 1,690196 0,000971
девочку 1,264227 0,000726
деле 0,162996 0,000094
дело 0,063514 0,000036
денег 0,309985 0,000178
день 0,162996 0,000094
детстве 1,053374 0,000605
детьми 1,053374 0,000605
длинную 1,468347 0,000843
дневного 2,167317 0,001245
дней 0,514105 0,000295
добрая 1,021189 0,000587
добровольно 1,322219 0,000759
добытых 2,167317 0,001245
должен 0,258832 0,000149
донести 1,866287 0,001072
достоевский 0,000000 0,000000
достояние 0,000000 0,000000
драгоценнее 1,690196 0,000971
драгоценный 1,690196 0,000971
других 0,459747 0,000264
друзья 0,963197 0,000553
друзьям 1,866287 0,001072
друзьями 1,389166 0,000798
думал 0,258832 0,000149
духовно 1,866287 0,001072
духом 0,866287 0,000498
душа 0,565257 0,000325
душе 0,514105 0,000295
душу 0,451314 0,000259
дыхания 1,866287 0,001072
евангелия 1,565257 0,000899
едва 0,554533 0,000319
епитимий 2,167317 0,001245
если 0,011981 0,000021
ждали 0,720159 0,000414
жертвы 1,213075 0,000697
жизни 0,222835 0,000768
жизнь 0,162996 0,000749
жития 1,690196 0,000971
заверению 2,167317 0,001245
завтра 0,298086 0,000171
задумался 0,866287 0,000498
задыхался 0,912045 0,000524
заметить 0,635838 0,000365
замечательно 1,125925 0,000647
записал 1,389166 0,000798
записанною 2,167317 0,001245
записке 1,322219 0,001519
заплакал 0,866287 0,000498
запомни 1,322219 0,000759
заре 2,167317 0,001245
заставишь 2,167317 0,001245
засыпал 1,565257 0,000899
звания 1,468347 0,001687
здесь 0,095435 0,000055
здравствуй 1,468347 0,001687
земли 0,769377 0,000884
землю 0,565257 0,000325
земного 1,468347 0,000843
зерно 1,468347 0,000843
знаешь 0,533849 0,000307
знай 0,888564 0,000510
знал 0,114239 0,000066
значит 0,243038 0,000140
зосима 1,021189 0,002346
зосимы 1,088136 0,000625
иеромонах 1,322219 0,000759
иеромонахи 1,565257 0,000899
иеросхимонаха 1,565257 0,000899
изживая 2,167317 0,001245
излагал 2,167317 0,001245
излагая 1,690196 0,000971
изможженным 2,167317 0,001245
изображавшее 2,167317 0,001245
изолью 1,866287 0,001072
изрек 1,213075 0,001394
изумлении 1,167317 0,000670
изыдешь 2,167317 0,001245
иконами 2,167317 0,001245
имевший 1,264227 0,000726
имел 0,347773 0,000400
иметь 0,587534 0,000337
иначе 0,367977 0,000211
иногда 0,208276 0,000120
инок 1,389166 0,002394
иноческий 1,866287 0,001072
иноческого 1,866287 0,001072
иосиф 1,389166 0,001596
исполнит 1,565257 0,000899
использоваться 0,000000 0,000000
испуганного 1,690196 0,000971
источник 0,000000 0,000000
казался 0,963197 0,000553
каким 0,194189 0,000112
како 1,468347 0,000843
каков 0,888564 0,000510
какого 0,347773 0,000200
какое 0,227798 0,000131
карамазов 0,587534 0,000337
карамазова 0,912045 0,000524
карамазовы 0,180546 0,000415
карамазовым 1,125925 0,000647
келью 1,264227 0,001452
книга 0,176091 0,000202
книги 0,000000 0,000000
когда 0,015029 0,000035
комаров 0,000000 0,000000
комната 1,021189 0,000587
комнате 0,389166 0,000447
комнаты 0,443041 0,000254
конечно 0,060107 0,000035
конце 0,611015 0,000351
короче 1,389166 0,000798
костромской 1,866287 0,001072
костромском 2,167317 0,001245
которая 0,361137 0,000207
которой 0,213075 0,000122
котором 0,347773 0,000200
которому 0,468347 0,000269
кресел 1,088136 0,000625
кресле 1,088136 0,000625
крестьянского 2,167317 0,001245
кроме 0,158717 0,000091
куда 0,248239 0,000143
лампад 2,167317 0,001245
либо 0,000000 0,000000
лизаветой 1,264227 0,000726
лизавету 0,866287 0,000498
лики 1,690196 0,000971
литература 0,000000 0,000000
лица 0,322219 0,000185
лице 0,403889 0,000232
лицом 0,000000 0,000000
лишь 0,185046 0,000531
ложился 1,389166 0,000798
любил 0,374926 0,000215
любить 0,523865 0,000301
люблю 0,347773 0,000400
любопытно 0,845098 0,000485
любопытствуй 2,167317 0,001245
любым 0,000000 0,000000
людей 0,298086 0,000171
мало 0,208276 0,000120
малограмотный 2,167317 0,001245
малоизвестном 2,167317 0,001245
малый 1,053374 0,000605
малым 1,322219 0,000759
мать 0,389166 0,000224
мгновенно 0,888564 0,000510
между 0,129891 0,000075
менее 0,635838 0,000365
меня 0,027438 0,000016
мест 1,088136 0,000625
мечте 1,468347 0,000843
мещанке 2,167317 0,001245
милая 1,021189 0,000587
милые 1,125925 0,001293
милый 0,477121 0,000548
милым 1,167317 0,000670
милыми 1,866287 0,001072
минуту 0,084532 0,000049
миру 1,053374 0,000605
михаил 1,088136 0,000625
многие 0,468347 0,000269
много 0,080958 0,000326
многое 0,662167 0,000380
могло 0,403889 0,000232
могу 0,171682 0,000099
моего 0,367977 0,000845
моей 0,280827 0,000968
моем 0,599116 0,001032
может 0,000000 0,000000
моих 0,554533 0,000637
молчаливый 1,213075 0,000697
момента 0,000000 0,000000
монастыре 0,936868 0,000538
монастырек 1,690196 0,000971
монашек 1,468347 0,000843
мысленно 1,565257 0,000899
мыслю 1,322219 0,001519
навеки 0,648803 0,000373
назад 0,000000 0,000000
название 0,000000 0,000000
найти 0,000000 0,000000
наложенные 2,167317 0,001245
написано 0,000000 0,000000
напоминанием 2,167317 0,001245
настоятель 1,866287 0,001072
наука 0,000000 0,000000
начал 0,137934 0,000079
начало 1,053374 0,000605
нашей 0,599116 0,000344
наши 0,544068 0,000313
него 0,000000 0,000000
недавно 0,576253 0,000331
неизвестной 1,866287 0,001072
неимоверное 2,167317 0,001245
некоего 1,690196 0,000971
некоторое 0,486076 0,000279
некоторых 0,824895 0,000474
нему 0,080958 0,000140
необыкновенным 0,845098 0,000485
непременно 0,133894 0,000077
нерушимо 1,565257 0,000899
несколько 0,102859 0,000118
несмотря 0,275223 0,000158
несомненно 0,704919 0,000405
несчастий 1,690196 0,000971
нечто 0,389166 0,000224
неясны 2,167317 0,001245
никак 0,396465 0,000228
никогда 0,088136 0,000101
никто 0,185046 0,000106
ними 0,275223 0,000158
нищенствовать 2,167317 0,001245
новую 0,752344 0,000432
ночь 0,248239 0,000143
обетованное 2,167317 0,001245
обещание 1,167317 0,000670
обещанию 1,866287 0,001072
обратился 0,443041 0,000509
обращаясь 0,675956 0,000388
обрел 2,167317 0,001245
общая 1,389166 0,000798
общественное 0,000000 0,000000
огорчаешься 2,167317 0,001245
огорчение 1,866287 0,001072
ограничиться 1,690196 0,000971
один 0,046743 0,000027
однако 0,102859 0,000059
одно 0,099131 0,000057
одного 0,150284 0,000086
одной 0,243038 0,000140
одном 0,504560 0,000580
оживление 2,167317 0,001245
ожидает 1,468347 0,000843
ожидая 0,936868 0,000538
окруженного 2,167317 0,001245
оплакивать 2,167317 0,001245
опубликовано 0,000000 0,000000
опять 0,027438 0,000016
освещалась 2,167317 0,001245
оставь 1,213075 0,000697
останется 0,704919 0,000405
остановился 0,419129 0,000241
ответил 0,237898 0,000137
отдать 0,752344 0,000432
отдохнуть 1,468347 0,000843
отец 0,316059 0,001271
относился 1,468347 0,000843
отсылал 2,167317 0,001245
отходя 1,468347 0,000843
отходящего 2,167317 0,002490
отца 0,222835 0,000128
отцом 0,599116 0,000344
отцу 0,565257 0,000325
отцы 1,021189 0,001173
отчасти 0,611015 0,000351
оформление 0,000000 0,000000
очень 0,024303 0,000014
очнется 1,690196 0,000971
падши 1,690196 0,000971
паисием 1,866287 0,001072
паисий 1,088136 0,001875
паисия 1,389166 0,000798
памяти 0,752344 0,000432
память 0,936868 0,000538
первое 0,565257 0,000325
первой 0,720159 0,000414
перебивали 2,167317 0,001245
переглянулся 1,565257 0,000899
перекрестился 1,468347 0,000843
перешло 0,000000 0,000000
плода 1,690196 0,000971
побеседовать 2,167317 0,001245
поведали 2,167317 0,001245
поведать 1,866287 0,001072
поверил 0,787106 0,000452
повествовании 2,167317 0,001245
повести 1,389166 0,000798
повторение 2,167317 0,001245
повторяю 0,648803 0,000373
погляжу 1,690196 0,000971
поговорить 0,866287 0,000498
погоревшей 2,167317 0,001245
подал 0,752344 0,000432
подборка 0,000000 0,000000
подвиг 1,167317 0,000670
поддержавшим 2,167317 0,001245
поддерживавшую 2,167317 0,001245
подожди 1,053374 0,000605
подошел 0,514105 0,000295
подробностей 1,167317 0,000670
подъем 1,690196 0,000971
пожара 2,167317 0,001245
пожелала 1,213075 0,000697
пожертвований 2,167317 0,001245
пожертвованных 2,167317 0,001245
пока 0,213075 0,000122
показалось 0,495219 0,000569
покидали 1,690196 0,000971
поклона 1,690196 0,000971
поклонился 0,912045 0,001048
поклонницей 2,167317 0,001245
полагал 1,565257 0,000899
положив 1,690196 0,000971
положительно 0,805589 0,000463
поможет 1,690196 0,000971
помяни 1,866287 0,001072
пообещал 2,167317 0,001245
порфирий 1,690196 0,002912
порфирия 1,690196 0,001942
посетившими 2,167317 0,001245
посетителей 0,000000 0,000000
посетители 0,000000 0,000000
послал 0,720159 0,000827
после 0,084532 0,000194
последний 0,403889 0,000464
последним 1,053374 0,000605
последнюю 0,888564 0,000510
последняя 1,088136 0,000625
последовавшим 2,167317 0,001245
послушника 1,565257 0,000899
послушнику 1,866287 0,001072
посмертно 0,000000 0,000000
посмотрю 1,264227 0,000726
поспеши 1,866287 0,003216
поспешил 0,845098 0,000485
постели 0,787106 0,000452
постель 0,936868 0,001076
постепенно 1,088136 0,000625
потом 0,084532 0,000049
поутру 0,845098 0,000485
похож 1,167317 0,000670
почему 0,099131 0,000114
почти 0,024303 0,000014
пошедшей 2,167317 0,001245
пошел 0,275223 0,000158
правую 0,936868 0,000538
пребудешь 2,167317 0,001245
пребывавшего 1,866287 0,001072
пред 0,033778 0,000058
преданные 2,167317 0,001245
предназначением 2,167317 0,001245
предпочел 1,565257 0,000899
предупредить 1,167317 0,000670
прежде 0,077412 0,000089
прежних 0,991226 0,001139
прерывалась 1,866287 0,001072
пресеклась 2,167317 0,001245
преставившегося 1,690196 0,000971
прибудешь 2,167317 0,001245
прижизненно 0,000000 0,000000
приказано 1,866287 0,001072
принесенных 2,167317 0,001245
принесет 1,468347 0,001687
принял 0,565257 0,000325
припомнил 0,888564 0,000510
прислуживавшему 2,167317 0,001245
присовокупил 1,690196 0,000971
прихода 1,213075 0,000697
пришедшего 1,866287 0,001072
провел 1,053374 0,000605
проговорил 0,154480 0,000177
программирование 0,000000 0,000000
продолжал 0,292256 0,000168
проживу 1,690196 0,000971
произведение 0,000000 0,000000
произведений 0,000000 0,000000
произведения 0,000000 0,000000
происходило 0,845098 0,000485
происходят 1,866287 0,001072
проникновения 1,690196 0,000971
проникновенный 2,167317 0,001245
пророческого 2,167317 0,001245
пророчеством 2,167317 0,001245
проснется 1,690196 0,000971
простенький 2,167317 0,001245
простится 1,866287 0,001072
просто 0,232819 0,000134
простого 1,213075 0,000697
противников 1,866287 0,001072
протянул 0,675956 0,000388
проходя 1,167317 0,000670
прошло 0,000000 0,000000
прямо 0,118099 0,000068
публикации 0,000000 0,000000
пути 1,021189 0,001173
путь 0,912045 0,000524
пшеничное 1,690196 0,000971
радостно 0,888564 0,000510
разговор 0,434924 0,000250
разместились 2,167317 0,001245
разрешения 0,000000 0,000000
раньше 0,599116 0,000344
расположились 1,690196 0,000971
рассказали 1,125925 0,000647
рассказам 1,866287 0,001072
рассказом 1,167317 0,000670
рвалось 1,866287 0,001072
ребенком 0,936868 0,000538
редко 0,690196 0,000396
речь 0,704919 0,000405
решить 0,936868 0,000538
руках 0,396465 0,000228
рукописи 1,690196 0,000971
руку 0,222835 0,000256
руси 1,264227 0,000726
русская 0,000000 0,000000
русский 0,752344 0,000864
рыдать 1,468347 0,000843
сайте 0,000000 0,000000
самой 0,258832 0,000149
самому 0,426955 0,000245
самую 0,459747 0,000264
самые 0,381987 0,000439
самыми 1,053374 0,000605
сана 2,167317 0,001245
сбора 2,167317 0,001245
сбылась 2,167317 0,001245
светлую 1,690196 0,000971
свеч 2,167317 0,001245
свидетель 1,167317 0,000670
свободно 0,000000 0,000000
свое 0,150284 0,000086
своего 0,091770 0,000053
своей 0,066947 0,000077
своем 0,198834 0,000114
своим 0,208276 0,000359
своих 0,237898 0,000273
свой 0,189594 0,000109
свою 0,073896 0,000212
свыше 2,167317 0,001245
святой 0,912045 0,000524
сделано 1,021189 0,000587
себе 0,033778 0,000039
себя 0,005949 0,000017
сего 0,611015 0,001053
сегодня 0,000000 0,000000
семидесяти 0,000000 0,000000
семнадцати 1,322219 0,000759
сердца 0,334808 0,000385
сердце 0,171682 0,000394
сердцу 0,769377 0,000442
сидящим 1,565257 0,000899
сижу 0,824895 0,000474
силу 0,866287 0,000498
скажу 0,275223 0,000158
сказал 0,099131 0,000171
скита 1,322219 0,000759
склоне 1,866287 0,001072
склонился 1,322219 0,000759
скрывал 1,088136 0,000625
слабости 1,389166 0,000798
слишком 0,133894 0,000077
слов 0,367977 0,000423
слова 0,129891 0,000149
словно 0,866287 0,000995
слову 0,888564 0,000510
слышишь 0,866287 0,000498
смеркаться 1,690196 0,000971
смерти 0,468347 0,000538
смиреннейший 2,167317 0,001245
смиренными 1,866287 0,001072
смутившегося 2,167317 0,001245
снес 1,565257 0,000899
собравшиеся 1,866287 0,001072
собрались 1,125925 0,000647
собрание 0,000000 0,000000
собственным 0,963197 0,000553
собственных 0,991226 0,000569
совокупил 2,167317 0,001245
совсем 0,021189 0,000024
согласия 0,000000 0,000000
созерцаю 1,866287 0,001072
сознания 1,565257 0,000899
сомнения 0,523865 0,000301
сопутствовать 2,167317 0,001245
сорок 0,845098 0,000485
составлено 1,690196 0,000971
сохранилась 1,690196 0,000971
сочинений 0,000000 0,000000
спрашивает 1,125925 0,000647
спустя 0,533849 0,000307
срок 0,888564 0,000510
ставшего 1,866287 0,001072
старенький 1,690196 0,000971
старец 0,787106 0,004521
старца 0,735954 0,004650
старшего 1,468347 0,001687
старый 0,824895 0,000474
стен 1,690196 0,000971
столь 0,434924 0,000999
стоя 0,963197 0,000553
стояла 0,623249 0,000358
страдание 0,936868 0,000538
страданию 1,866287 0,001072
странно 0,354404 0,000204
странной 1,322219 0,000759
странные 0,824895 0,000474
странствиях 1,690196 0,000971
странствованиях 2,167317 0,001245
страшное 0,991226 0,000569
страшным 1,213075 0,000697
стульях 1,389166 0,000798
ступай 0,735954 0,000423
стыда 0,805589 0,000463
судьба 0,866287 0,000498
судьбе 0,936868 0,000538
судьбу 0,912045 0,001048
судьбы 0,991226 0,000569
суровый 1,690196 0,000971
схожим 2,167317 0,001245
счастлив 0,963197 0,000553
считал 0,648803 0,000373
таинственно 1,213075 0,000697
также 0,000000 0,000000
такие 0,232819 0,000134
таковой 1,264227 0,000726
такое 0,114239 0,000066
такой 0,077412 0,000089
твердо 0,419129 0,000481
твердому 1,866287 0,001072
твердый 1,322219 0,000759
твоем 1,322219 0,000759
твои 0,787106 0,000452
твой 0,735954 0,000845
тебе 0,203530 0,000234
тебя 0,198834 0,000685
текст 0,000000 0,000000
теперь 0,015029 0,000026
терял 1,468347 0,000843
тесной 1,866287 0,001072
тихий 1,125925 0,001293
тихою 1,389166 0,000798
тихую 1,690196 0,000971
тогда 0,050046 0,000029
тогдашняя 1,866287 0,001072
того 0,005949 0,000021
тоже 0,043466 0,000025
только 0,002964 0,000003
томах 0,000000 0,000000
тому 0,095435 0,000164
точно 0,121994 0,000070
тревогой 2,167317 0,001245
трепетала 1,389166 0,000798
трепещущего 2,167317 0,001245
трогательного 1,866287 0,001072
трудом 0,991226 0,000569
убедился 0,963197 0,000553
уважением 1,389166 0,000798
уведомить 1,389166 0,000798
увидав 0,888564 0,000510
увидал 0,735954 0,000423
уготовляет 2,167317 0,001245
удивлялся 1,125925 0,000647
ужасное 1,167317 0,000670
ужаснулся 1,866287 0,001072
узнай 1,690196 0,000971
указанием 2,167317 0,001245
указано 1,690196 0,000971
улыбаясь 0,805589 0,000463
улыбкой 0,468347 0,000269
улыбнулся 0,533849 0,000613
умершего 1,322219 0,000759
умершим 0,000000 0,000000
умиление 1,866287 0,001072
умилением 1,167317 0,001341
умиленно 1,213075 0,000697
умилилось 1,866287 0,001072
умирающий 1,690196 0,000971
умным 1,021189 0,000587
умолк 1,322219 0,000759
умрет 0,824895 0,001421
умру 0,805589 0,000463
упьюсь 1,866287 0,001072
успеешь 1,565257 0,000899
утомительно 2,167317 0,001245
утром 0,411442 0,000236
ученый 1,088136 0,000625
учителем 1,866287 0,001072
учители 1,690196 0,001942
учитель 1,213075 0,001394
федор 0,000000 0,000000
федорович 0,253503 0,000146
федоровича 0,426955 0,000245
федоровичем 0,704919 0,000405
хозяин 1,125925 0,000647
хозяина 1,167317 0,000670
хотелось 0,381987 0,000219
хотя 0,050046 0,000172
хочу 0,243038 0,000279
часа 0,000000 0,000000
часть 0,002964 0,000003
человек 0,036984 0,000042
человека 0,154480 0,000177
человеком 0,504560 0,000290
четверо 1,213075 0,001394
четвертый 0,991226 0,000569
четверть 0,888564 0,000510
число 0,000000 0,000000
читаем 0,000000 0,000000
читал 0,735954 0,000423
читать 0,000000 0,000000
чрезвычайном 0,824895 0,000474
чтением 1,690196 0,000971
чтоб 0,073896 0,000085
чудно 1,322219 0,000759
чуть 0,176091 0,000101
чьего 0,000000 0,000000
шестая 1,565257 0,001798
шести 0,963197 0,000553
этого 0,053374 0,000092
этой 0,118099 0,000068
этом 0,046743 0,000027
этому 0,322219 0,000185
этот 0,011981 0,000021
юноше 1,468347 0,000843
юношей 1,468347 0,000843
юноши 1,322219 0,000759
юношу 1,690196 0,000971
явилось 1,167317 0,000670
явись 1,565257 0,000899
явление 1,690196 0,000971
явления 2,167317 0,001245
