автор 0,000000 0,000000
автором 0,000000 0,000000
авторского 0,000000 0,000000
авторы 0,000000 0,000000
аглае 0,866287 0,000371
аглая 0,720159 0,000154
академии 1,866287 0,000399
академическом 2,167317 0,000464
академию 1,866287 0,000399
алексей 0,000000 0,000000
алексея 0,000000 0,000000
амплуа 2,167317 0,000464
апломбом 1,866287 0,000399
атом 1,690196 0,000362
атома 2,167317 0,000464
балует 2,167317 0,000464
безгласным 2,167317 0,000464
бездарной 2,167317 0,000464
безобразным 2,167317 0,000464
берегитесь 1,866287 0,000799
берет 1,021189 0,000219
беру 1,125925 0,000241
бесконечную 1,322219 0,000283
бесконечный 1,866287 0,000399
беспокоитесь 1,468347 0,000314
беспокойство 0,936868 0,000401
беспорядочность 2,167317 0,000464
беспрерывного 1,866287 0,000399
бессмысленным 1,866287 0,000399
бесчувственного 2,167317 0,000464
библиотека 0,000000 0,000000
биения 1,690196 0,000362
билось 1,322219 0,000283
благонравия 2,167317 0,000928
благонравно 1,690196 0,000362
благонравной 2,167317 0,000464
благородно 1,167317 0,000250
благословении 2,167317 0,000464
бледной 1,866287 0,000399
бледный 0,888564 0,000190
блеснуло 1,866287 0,000399
блестевшие 2,167317 0,000464
блестящее 1,690196 0,000362
ближнему 1,866287 0,000399
боится 0,690196 0,000148
бойтесь 1,264227 0,000271
бокал 1,322219 0,000566
боковой 1,264227 0,000271
более 0,000000 0,000000
болезненного 1,389166 0,000297
болезнью 1,565257 0,000335
больного 0,752344 0,000322
больной 0,611015 0,000131
больше 0,137934 0,000030
болят 1,690196 0,000362
бормотал 0,720159 0,000308
боюсь 0,504560 0,000216
боясь 0,963197 0,000412
бредом 1,866287 0,000399
брезгливо 1,468347 0,000314
бродил 1,468347 0,000314
бросается 1,565257 0,000335
бросался 1,213075 0,000519
бросился 0,451314 0,000097
будет 0,077412 0,000083
будто 0,099131 0,000064
буду 0,208276 0,000223
будут 0,565257 0,000363
будущей 1,468347 0,000629
бунт 1,322219 0,000283
бурдовский 1,167317 0,000750
бурдовским 1,565257 0,000335
бывает 0,599116 0,000128
была 0,046743 0,000020
были 0,099131 0,000021
было 0,000000 0,000000
быстро 0,232819 0,000149
быть 0,002964 0,000008
бьет 1,264227 0,000271
важная 1,468347 0,000314
вами 0,232819 0,000100
ваша 0,554533 0,000119
ваше 0,434924 0,000279
вашей 0,504560 0,000216
вашем 0,690196 0,000148
ваши 0,434924 0,000465
ваших 0,554533 0,000119
вашу 0,504560 0,000108
вбежали 1,565257 0,000335
ввиду 1,088136 0,000233
вдали 1,565257 0,000335
вдохновении 1,389166 0,000297
вдруг 0,005949 0,000027
ведь 0,043466 0,000047
великая 0,912045 0,000195
великий 0,845098 0,000362
великодушная 1,690196 0,000362
вера 0,769377 0,000329
верите 0,735954 0,000158
вернее 1,053374 0,000451
вероятнее 0,912045 0,000195
верхушки 1,866287 0,000399
верьте 0,824895 0,000353
верю 0,623249 0,000133
веселых 1,866287 0,000399
весь 0,099131 0,000042
вечер 0,477121 0,000102
вечную 1,565257 0,000335
вечный 1,468347 0,000314
вещь 0,720159 0,000154
взгляде 0,769377 0,000329
взглядом 0,504560 0,000216
вздрагивал 1,565257 0,000335
вздумалось 1,322219 0,000566
взойдет 1,866287 0,000799
взошло 1,468347 0,000629
взял 0,269690 0,000058
видел 0,248239 0,000053
видели 0,495219 0,000106
видеть 0,381987 0,000164
видите 0,396465 0,000085
видом 0,389166 0,000083
видывал 1,213075 0,000260
видя 0,690196 0,000148
вижу 0,286504 0,000061
визиты 0,000000 0,000000
вино 1,021189 0,000219
виноват 0,523865 0,000112
виска 2,167317 0,000464
висками 2,167317 0,000464
виску 2,167317 0,000464
власти 1,322219 0,000283
власть 1,389166 0,000892
вместе 0,208276 0,000178
вместо 0,411442 0,000088
внезапно 0,623249 0,000133
внизу 0,936868 0,000401
внимательным 1,866287 0,000399
вовсе 0,150284 0,000064
водопаде 2,167317 0,000464
возвестил 1,053374 0,000225
возможно 0,735954 0,000158
возможности 0,690196 0,000148
возможностью 1,690196 0,000362
вознагражден 1,866287 0,000399
вознаграждения 0,000000 0,000000
возраст 1,322219 0,000283
возрастало 1,690196 0,000362
вокруг 1,264227 0,000271
воксал 1,565257 0,000335
воксалом 2,167317 0,000464
воле 1,389166 0,000297
волею 1,690196 0,000362
воли 1,021189 0,000219
воля 1,264227 0,000271
воображая 2,167317 0,000464
воплощавшеюся 2,167317 0,000464
вопрос 0,222835 0,000095
вопросом 1,053374 0,000225
воротник 1,565257 0,000335
восемнадцатилетний 2,167317 0,000464
воспользоваться 1,468347 0,000314
воспоминание 0,963197 0,000206
восходе 2,167317 0,000928
восходит 1,690196 0,000362
восходы 2,167317 0,000464
впечатлений 1,322219 0,000283
вплоть 0,866287 0,000556
вправду 0,888564 0,000190
впросак 1,866287 0,000399
впрочем 0,118099 0,000126
враждебно 1,565257 0,000335
время 0,043466 0,000009
всегда 0,129891 0,000167
всегдашний 1,866287 0,000399
всего 0,040213 0,000052
вседовольные 2,167317 0,000464
всей 0,248239 0,000159
всем 0,070407 0,000090
всеми 0,434924 0,000093
всему 0,486076 0,000208
всеобщей 1,565257 0,000335
всеобщий 1,565257 0,000670
всеуслышание 2,167317 0,000464
всех 0,060107 0,000039
вскинулся 1,053374 0,000225
вскочил 0,587534 0,000126
вскрикнула 0,866287 0,000185
вскричал 0,292256 0,000250
вслух 0,533849 0,000114
вспомнил 0,704919 0,000302
вспомнилось 1,690196 0,000362
вспорхнула 2,167317 0,000464
вставали 1,565257 0,000335
встал 0,403889 0,000086
всякий 0,514105 0,000110
всякой 0,635838 0,000136
вчера 0,341243 0,000073
выведенный 2,167317 0,000464
вывести 1,053374 0,000225
выдал 1,322219 0,000283
выдаст 1,866287 0,000799
выделываете 2,167317 0,000464
выдержал 0,888564 0,000190
вызовом 1,053374 0,000225
вызовут 2,167317 0,000464
выиграет 2,167317 0,000464
выкидыш 2,167317 0,001392
вынесли 1,468347 0,000314
вынужденного 2,167317 0,000464
вынул 0,599116 0,000128
выплаты 0,000000 0,000000
выпустить 2,167317 0,000464
выпью 1,565257 0,000335
выразилось 1,468347 0,000314
выразиться 1,021189 0,000219
высказать 0,866287 0,000185
выслушивая 1,866287 0,000399
высокая 1,389166 0,000297
высокомерное 1,565257 0,000335
выстрела 1,866287 0,000799
высшей 0,544068 0,000116
высшею 1,468347 0,000314
выходил 0,963197 0,000206
вышел 0,275223 0,000059
выяснилось 1,690196 0,000362
гане 1,125925 0,000241
ганя 0,769377 0,000823
гармонии 1,468347 0,000314
генерал 0,554533 0,000593
генералом 0,991226 0,000212
главное 0,189594 0,000081
глаза 0,129891 0,000056
глазами 0,403889 0,000173
гласности 1,690196 0,000362
глоток 1,866287 0,000399
глупо 0,845098 0,000181
глухие 1,690196 0,000362
глухим 2,167317 0,000464
глухо 1,690196 0,000362
говорил 0,095435 0,000102
говорите 0,533849 0,000457
говорить 0,162996 0,000105
говорят 0,309985 0,000133
голову 0,227798 0,000049
голосов 1,322219 0,000283
голубое 1,389166 0,000297
гора 1,468347 0,000314
гораздо 0,443041 0,000190
горизонт 1,690196 0,000362
горит 1,264227 0,000271
горы 0,963197 0,000206
горячем 1,690196 0,000724
горячился 1,468347 0,000314
госпитале 1,866287 0,000399
господа 0,389166 0,000333
господин 0,514105 0,000440
гостей 0,752344 0,000322
гости 0,769377 0,000165
готов 0,544068 0,000233
громадная 2,167317 0,000928
громадное 1,866287 0,000399
громко 0,504560 0,000216
грязь 1,565257 0,000335
губам 1,264227 0,000271
гурьбой 1,690196 0,000362
давеча 0,232819 0,000249
давно 0,158717 0,000068
дадут 1,021189 0,000219
даже 0,005949 0,000020
дали 0,635838 0,000136
дальше 0,002964 0,000001
данные 0,000000 0,000000
дано 1,389166 0,000297
даче 1,053374 0,000225
двинулся 1,389166 0,000297
двумя 0,720159 0,000154
двух 0,264227 0,000057
дежурстве 2,167317 0,000464
действительно 0,106619 0,000046
дела 0,309985 0,000066
делаю 1,125925 0,000241
деле 0,162996 0,000140
дело 0,063514 0,000122
делу 0,468347 0,000100
день 0,162996 0,000070
дерева 1,125925 0,000482
дереве 1,866287 0,000399
деревьев 1,565257 0,000335
держа 1,125925 0,000482
держал 0,866287 0,000185
держать 0,963197 0,000206
дескать 0,419129 0,000090
десяти 0,704919 0,000302
десять 0,374926 0,000481
детства 0,912045 0,000195
деятельность 1,389166 0,000297
дней 0,514105 0,000110
добры 1,167317 0,000250
довели 1,389166 0,000297
доверчивым 1,690196 0,000362
довести 1,565257 0,000335
довольно 0,129891 0,000111
догадывались 1,866287 0,000399
дойдет 1,389166 0,000297
дойду 1,565257 0,000335
докажет 1,866287 0,000399
доказательствах 2,167317 0,000464
доктор 0,735954 0,000158
доктором 1,167317 0,000500
долго 0,222835 0,000095
должен 0,258832 0,000111
дома 0,298086 0,000191
доме 0,322219 0,000138
доморощенных 2,167317 0,000464
допускал 1,389166 0,000297
допускаю 1,866287 0,001198
допустить 0,912045 0,000390
дороге 0,611015 0,000131
досадно 1,322219 0,000283
досадой 0,991226 0,000212
досадою 2,167317 0,000464
досады 1,264227 0,000271
досиделись 2,167317 0,000464
достало 1,866287 0,000399
достаточно 1,264227 0,000271
достоевский 0,000000 0,000000
достояние 0,000000 0,000000
доходившим 1,866287 0,000399
доходят 1,866287 0,000399
дочерью 1,322219 0,000283
дошел 0,787106 0,000337
дошло 1,021189 0,000219
дразните 1,690196 0,000362
древьями 2,167317 0,000464
дрожа 1,021189 0,000219
дрожал 1,053374 0,000225
дрожала 1,167317 0,000250
дрожащий 1,690196 0,000362
друг 0,269690 0,000115
друга 0,419129 0,000179
другие 0,389166 0,000083
другой 0,146128 0,000031
другую 0,495219 0,000106
дружеского 1,866287 0,000399
друзья 0,963197 0,000206
дрянь 1,264227 0,000271
думает 0,824895 0,000177
думаете 0,504560 0,000324
думали 0,936868 0,000401
думаю 0,328468 0,000211
дурак 0,769377 0,000165
дуэль 1,264227 0,000271
дуэлях 1,866287 0,000399
евгений 0,866287 0,002410
евгению 1,213075 0,000260
евгения 0,963197 0,000412
единственное 1,565257 0,000335
ежедневно 1,021189 0,000219
епанчиной 1,468347 0,000314
епанчиными 1,167317 0,000250
если 0,011981 0,000046
есмь 1,213075 0,000519
есть 0,018098 0,000031
жадной 1,866287 0,000399
жалею 1,264227 0,000541
жалкую 2,167317 0,000464
жарища 2,167317 0,000464
ждал 0,495219 0,000106
желал 0,611015 0,000131
желание 0,888564 0,000190
желаю 0,735954 0,000315
желчи 2,167317 0,000464
женщина 0,396465 0,000085
женщину 0,805589 0,000172
жертву 1,167317 0,000250
живого 1,389166 0,000297
жизни 0,222835 0,000477
жизнию 1,690196 0,000362
жизнь 0,162996 0,000209
жилетном 2,167317 0,000464
жужжит 2,167317 0,000928
заботитесь 2,167317 0,000464
забудусь 2,167317 0,000464
забывался 1,866287 0,000399
забыл 0,328468 0,000211
забылся 1,468347 0,000314
забыт 1,866287 0,000399
забытое 1,866287 0,000399
завел 1,264227 0,000271
завещаете 2,167317 0,000928
завещал 1,690196 0,000362
завещаю 1,866287 0,000399
завтра 0,298086 0,000255
задней 1,565257 0,000335
задумчиво 0,912045 0,000195
зажжено 2,167317 0,000464
зазвучит 1,866287 0,000399
закаты 2,167317 0,000464
законах 2,167317 0,000464
законов 1,690196 0,000362
закончил 1,125925 0,000241
закричал 0,599116 0,000128
закроет 2,167317 0,000464
замерло 1,389166 0,000297
заметил 0,154480 0,000132
заметили 0,611015 0,000131
заметить 0,635838 0,000272
замучил 1,690196 0,001447
заорал 1,866287 0,000399
зародила 2,167317 0,000464
заряда 2,167317 0,000464
заряжен 1,866287 0,000799
засверкав 1,264227 0,000271
засело 1,866287 0,000399
заслонить 2,167317 0,000464
заслужить 1,690196 0,000362
засмеявшись 1,468347 0,000314
засмеялся 0,495219 0,000212
заснул 0,963197 0,000206
заснуть 1,565257 0,000335
заставило 1,565257 0,000335
застреливается 1,866287 0,000399
застрелился 1,322219 0,000283
застрелитесь 1,866287 0,000399
застрелится 1,866287 0,003595
застрелиться 1,322219 0,000566
застрелюсь 1,690196 0,000724
засухи 2,167317 0,000464
затаенной 1,565257 0,000335
затем 0,237898 0,000051
зато 0,468347 0,000100
затрясся 1,125925 0,000241
захотел 0,787106 0,000168
захохотали 1,690196 0,000362
захочу 0,936868 0,000201
зачем 0,146128 0,000031
зашевелилось 1,866287 0,000399
зашел 0,912045 0,000195
звуков 1,565257 0,000335
здесь 0,095435 0,000041
здоровье 0,824895 0,000177
здоровья 1,322219 0,000283
зевая 2,167317 0,000464
зеленой 1,322219 0,000283
злобно 0,599116 0,000128
злобных 1,690196 0,000362
злобу 1,322219 0,000283
злобы 0,824895 0,000177
злорадное 2,167317 0,000464
злорадством 1,690196 0,000362
злости 1,053374 0,000225
знает 0,171682 0,000257
знайте 0,866287 0,000185
знакомству 1,468347 0,000314
знал 0,114239 0,000098
знаменитую 1,866287 0,000399
знать 0,328468 0,000070
знаю 0,095435 0,000123
зубы 1,053374 0,000225
ивановне 0,720159 0,000308
иволгин 0,991226 0,000212
играл 1,088136 0,000233
идеи 0,866287 0,000185
идем 0,963197 0,000206
идиот 0,443041 0,000474
идти 0,434924 0,000279
известить 1,565257 0,000335
извините 0,735954 0,000158
изволите 1,088136 0,000233
изменил 1,125925 0,000241
имеет 0,623249 0,000133
имел 0,347773 0,000074
именно 0,066947 0,000014
иметь 0,587534 0,000126
имею 0,565257 0,000121
имея 0,752344 0,000161
иначе 0,367977 0,000158
иногда 0,208276 0,000089
ипполит 0,675956 0,003328
ипполита 0,888564 0,001331
ипполитом 1,213075 0,000260
ипполиту 1,053374 0,000451
искать 0,769377 0,000165
исповеди 1,167317 0,000250
использоваться 0,000000 0,000000
испуг 1,125925 0,000241
испуге 0,690196 0,000148
исступлении 0,735954 0,000158
истерике 0,991226 0,000212
истории 0,752344 0,000161
источник 0,000000 0,000000
истощение 2,167317 0,000464
истощенный 2,167317 0,000464
истязаний 1,866287 0,000399
кабинет 1,167317 0,000250
кабинете 1,322219 0,000283
каждая 1,213075 0,000519
каждое 0,963197 0,000618
каждом 1,053374 0,000225
каждую 0,936868 0,000401
каждый 0,367977 0,000079
кажется 0,118099 0,000076
казалось 0,316059 0,000135
казался 0,963197 0,000206
какая 0,194189 0,000042
какие 0,232819 0,000149
какого 0,347773 0,000298
какое 0,227798 0,000098
какой 0,095435 0,000061
каком 0,381987 0,000082
какому 0,805589 0,000172
капсюли 2,167317 0,000464
капсюль 2,167317 0,000928
капсюля 1,866287 0,000399
карман 0,888564 0,000190
кармане 0,805589 0,000690
карманный 1,866287 0,000799
келлер 0,991226 0,001697
келлера 1,167317 0,000500
классическую 2,167317 0,000464
ключ 1,213075 0,000519
ключиками 2,167317 0,000464
ключиком 1,866287 0,000399
клялся 1,389166 0,000297
книги 0,000000 0,000000
князем 0,704919 0,000453
князь 0,477121 0,002145
князю 0,504560 0,000756
князя 0,468347 0,001103
коварных 2,167317 0,000464
когда 0,015029 0,000055
кого 0,222835 0,000095
колокольни 2,167317 0,000928
кольцо 2,167317 0,000464
колю 0,805589 0,000172
коля 0,565257 0,001089
комаров 0,000000 0,000000
комедию 1,866287 0,000399
комнате 0,389166 0,000083
комнату 0,468347 0,000100
комнаты 0,443041 0,000095
комплиментов 2,167317 0,000464
кому 0,341243 0,000292
комфортнее 2,167317 0,000464
комфортно 1,866287 0,000399
конек 2,167317 0,000464
конечно 0,060107 0,000064
контраста 1,866287 0,000399
конца 0,704919 0,000453
копию 1,866287 0,000399
кости 1,565257 0,001005
которая 0,361137 0,000232
которого 0,198834 0,000128
которое 0,426955 0,000091
которой 0,213075 0,000046
которому 0,468347 0,000501
которую 0,292256 0,000063
которые 0,189594 0,000041
который 0,110412 0,000024
которым 0,389166 0,000250
которых 0,426955 0,000183
крайней 0,298086 0,000064
крайних 1,866287 0,000399
красоте 1,167317 0,000250
красоту 1,264227 0,000271
краю 1,264227 0,000271
края 1,866287 0,000399
крепко 0,443041 0,000095
крик 0,769377 0,000165
крикнул 0,381987 0,000082
кричали 0,991226 0,000212
кроме 0,158717 0,000034
кротость 1,866287 0,000399
крошечная 1,866287 0,000399
кругом 0,419129 0,000628
кстати 0,468347 0,000100
куда 0,248239 0,000159
курка 2,167317 0,000928
курок 1,690196 0,000362
ласенер 2,167317 0,000464
ласенеров 2,167317 0,000464
лгите 1,468347 0,000314
лебедев 0,735954 0,001890
левой 1,088136 0,000233
левою 1,565257 0,000335
лежал 0,648803 0,000139
лестницы 0,991226 0,000212
лечения 1,468347 0,000314
либо 0,000000 0,000000
листик 1,690196 0,000362
листьев 2,167317 0,000464
листьями 1,866287 0,000399
литература 0,000000 0,000000
лица 0,322219 0,000069
лице 0,403889 0,000086
лицо 0,114239 0,000024
лицом 0,000000 0,000000
личное 1,167317 0,000250
лишнего 1,389166 0,000297
ломал 1,565257 0,000335
луче 2,167317 0,001392
лучше 0,162996 0,000140
любви 0,504560 0,000108
любимый 1,866287 0,000399
любит 0,389166 0,000167
любым 0,000000 0,000000
людей 0,298086 0,000191
люди 0,269690 0,000058
людям 0,720159 0,000154
лягу 1,565257 0,000335
маленькая 0,866287 0,000185
маленький 0,662167 0,000283
малодушию 2,167317 0,000464
малое 1,213075 0,000260
мальчик 0,495219 0,000106
мальчишка 0,963197 0,000206
манера 1,264227 0,000271
манкировать 1,866287 0,000399
мгновение 0,396465 0,000255
медицинскую 1,866287 0,000399
между 0,129891 0,000056
мейерову 1,866287 0,000399
меня 0,027438 0,000129
мере 0,269690 0,000058
меры 1,021189 0,000219
места 0,389166 0,000250
месте 0,286504 0,000061
место 0,334808 0,000287
месяц 0,451314 0,000193
месяцы 1,565257 0,000335
мильвуа 2,167317 0,000464
минуса 2,167317 0,000464
минута 0,888564 0,000190
минутами 1,021189 0,000219
минуту 0,084532 0,000090
минуты 0,322219 0,000069
миру 1,053374 0,000225
мнения 0,936868 0,000201
много 0,080958 0,000035
многоуважаемый 1,468347 0,000629
множества 1,690196 0,000362
мной 0,237898 0,000153
мною 0,635838 0,000136
могла 0,286504 0,000123
могу 0,171682 0,000037
могут 0,495219 0,000106
моего 0,367977 0,000079
моей 0,280827 0,000180
моем 0,599116 0,000128
моему 0,354404 0,000228
моею 1,021189 0,000219
можем 1,053374 0,000225
может 0,000000 0,000000
можно 0,088136 0,000057
моими 0,991226 0,000212
молодой 0,381987 0,000082
молча 0,367977 0,000079
молчал 0,565257 0,000242
молчите 1,213075 0,000260
момента 0,000000 0,000000
мучило 1,125925 0,000241
мучился 1,053374 0,000225
мучительно 1,021189 0,000219
мучительною 2,167317 0,000464
мушка 2,167317 0,001392
мушку 2,167317 0,000464
мщение 1,690196 0,000362
мысли 0,316059 0,000271
мыслию 1,468347 0,000314
мысль 0,264227 0,000170
навеки 0,648803 0,000139
наверно 0,264227 0,000226
надзором 1,468347 0,000314
надо 0,036984 0,000040
надобится 2,167317 0,000464
назад 0,000000 0,000000
название 0,000000 0,000000
назвать 1,088136 0,000233
назначенной 1,866287 0,000399
наивно 1,322219 0,000283
найти 0,000000 0,000000
накидываясь 2,167317 0,000464
наклонялся 2,167317 0,000464
наконец 0,073896 0,000079
намерение 0,888564 0,000380
нами 0,648803 0,000139
нанесенной 1,690196 0,000362
нападениях 2,167317 0,000464
написал 0,662167 0,000142
написано 0,000000 0,000000
напротив 0,180546 0,000039
напряжение 1,690196 0,000724
нарочно 0,227798 0,000244
насадил 2,167317 0,000464
насадить 1,866287 0,000399
наслаждение 1,264227 0,000541
насмешливых 2,167317 0,000464
настаивал 0,845098 0,000181
настоящей 1,167317 0,000250
наступила 1,565257 0,000335
натуре 1,389166 0,000297
наука 0,000000 0,000000
научной 2,167317 0,000464
нахальства 2,167317 0,000464
находили 1,690196 0,000362
находите 1,468347 0,000314
начал 0,137934 0,000118
начать 0,720159 0,000154
начинает 0,991226 0,000212
начинают 1,167317 0,000250
наши 0,544068 0,000116
наших 0,690196 0,000148
неба 1,322219 0,000283
небе 1,125925 0,000241
небо 1,021189 0,000437
небольшими 2,167317 0,000464
небрежною 2,167317 0,000464
невозможно 0,411442 0,000352
него 0,000000 0,000000
негодование 1,021189 0,000219
негодованием 0,787106 0,000168
негодовании 0,912045 0,000195
негодяи 2,167317 0,000464
негодяй 1,468347 0,000314
недавно 0,576253 0,000123
недалеко 0,912045 0,000195
недели 0,565257 0,000242
недель 0,991226 0,000424
неделями 2,167317 0,000928
недоволен 1,167317 0,000250
недоумения 1,322219 0,000283
неестественное 1,690196 0,000362
неистово 1,213075 0,000260
неисчислимая 2,167317 0,000464
некоторое 0,486076 0,000104
некоторые 0,533849 0,000114
нелепости 1,322219 0,000283
неловко 1,125925 0,000241
нельзя 0,176091 0,000038
немедленно 0,554533 0,000237
немного 0,426955 0,000091
немо 2,167317 0,000464
нему 0,080958 0,000035
ненависти 0,912045 0,000195
неожиданно 0,523865 0,000112
неподвижно 0,936868 0,000201
непонятно 1,389166 0,000297
непостижимое 1,866287 0,000399
непременно 0,133894 0,000143
непримиримой 2,167317 0,000464
нервный 1,690196 0,000362
несколько 0,102859 0,000066
несмотря 0,275223 0,000059
несправедливо 1,021189 0,000219
несчастнее 1,322219 0,000283
несчастный 0,824895 0,000177
нетерпеливой 2,167317 0,000464
неужели 0,389166 0,000333
неужто 0,599116 0,000385
нечаянно 0,752344 0,000161
нечаянного 1,866287 0,000399
нечего 0,381987 0,000082
нибудь 0,030597 0,000052
никак 0,396465 0,000255
никакой 0,635838 0,000136
никогда 0,088136 0,000038
никого 0,411442 0,000352
никто 0,185046 0,000040
ними 0,275223 0,000059
ничего 0,030597 0,000046
ничтожества 2,167317 0,000464
ничтожная 1,468347 0,000314
ничтожности 1,866287 0,000399
ночи 0,675956 0,000145
ночь 0,248239 0,000053
нравиться 1,468347 0,000314
нравственности 1,690196 0,001085
нравственность 1,690196 0,000362
нужно 0,514105 0,000440
обвести 2,167317 0,000464
обводил 2,167317 0,000464
обеими 0,787106 0,000168
обеспокоит 1,690196 0,000362
обеспокоить 1,322219 0,000566
обесчещен 1,866287 0,000399
обидится 1,866287 0,000399
обидное 1,468347 0,000314
обиды 1,088136 0,000233
обнял 1,088136 0,000233
обратился 0,443041 0,000095
обступившие 2,167317 0,000464
обхватил 1,322219 0,000283
общем 1,264227 0,000271
общественное 0,000000 0,000000
объявил 0,599116 0,000128
объявляю 1,389166 0,000297
объяснение 0,845098 0,000543
объяснении 1,468347 0,000314
объяснения 1,088136 0,000233
объяснившись 1,866287 0,000399
объяснимся 1,866287 0,000399
объяснит 1,690196 0,000362
объясниться 1,125925 0,000241
обыкновенно 0,720159 0,000154
обыкновенное 1,389166 0,000297
оглянулось 2,167317 0,000464
ограничила 2,167317 0,000464
один 0,046743 0,000040
одна 0,185046 0,000040
однако 0,102859 0,000022
одним 0,286504 0,000123
одно 0,099131 0,000042
одного 0,150284 0,000064
одной 0,243038 0,000052
одною 0,787106 0,000168
одну 0,232819 0,000050
одолжение 0,936868 0,000201
озеро 1,690196 0,000362
озлобленный 2,167317 0,000464
ознобе 2,167317 0,000464
окажутся 1,565257 0,000335
около 0,443041 0,000284
окончено 2,167317 0,000464
окончить 1,690196 0,000362
опасаться 1,690196 0,000362
опасности 1,264227 0,000271
оплакана 2,167317 0,000464
оправдания 1,690196 0,000362
опубликовано 0,000000 0,000000
опустив 1,167317 0,000250
опять 0,027438 0,000041
оркестра 1,866287 0,000399
оружия 1,690196 0,000362
осекаясь 2,167317 0,000464
осечка 1,866287 0,000799
оскорбить 1,322219 0,000283
осматривая 1,866287 0,000399
осмотрел 1,468347 0,000314
осмыслить 1,389166 0,000297
особенной 1,264227 0,000271
оспаривать 2,167317 0,000464
оставив 0,991226 0,000212
оставим 1,322219 0,000283
оставьте 1,088136 0,000699
остался 0,523865 0,000112
остальной 1,690196 0,000362
остановился 0,419129 0,000359
отвернулся 1,088136 0,000233
ответ 0,533849 0,000114
ответа 0,720159 0,000154
ответил 0,237898 0,000102
ответить 0,735954 0,000158
ответчиком 1,866287 0,000399
отвечали 1,213075 0,000260
отвечать 0,824895 0,000353
отвращение 1,088136 0,000233
отдадите 1,866287 0,000799
отдали 1,322219 0,000283
отдамся 2,167317 0,000464
отдаю 1,565257 0,000335
откровенно 0,824895 0,000177
откровенности 1,322219 0,000566
отправились 1,468347 0,000314
отправляется 1,690196 0,000362
отрезвившийся 2,167317 0,000464
отрываясь 1,167317 0,000250
отходит 1,468347 0,000314
отчего 0,554533 0,000119
отчеканивая 1,866287 0,000399
отыскались 2,167317 0,000464
отыщется 2,167317 0,000464
оформление 0,000000 0,000000
охотники 1,866287 0,000399
оцарапанного 2,167317 0,000464
очень 0,024303 0,000042
очутилась 1,389166 0,000297
очутился 0,912045 0,000195
ошибиться 1,565257 0,000335
ошибками 1,866287 0,000399
ошибку 1,565257 0,000335
ощущать 1,213075 0,000260
павлович 0,419129 0,000987
павловича 0,451314 0,000193
павловичу 0,805589 0,000172
павловске 1,053374 0,000225
павловский 1,866287 0,000399
павловскими 2,167317 0,000464
павлыч 1,053374 0,000451
палец 0,991226 0,000212
пальто 0,936868 0,000201
памяти 0,752344 0,000161
парк 1,213075 0,000779
парке 1,322219 0,000566
парку 1,866287 0,000399
пела 2,167317 0,000464
первое 0,565257 0,000121
первоначальный 1,690196 0,000362
первые 0,787106 0,000168
первый 0,248239 0,000106
первых 0,367977 0,000158
перейдет 1,690196 0,000362
переменил 1,565257 0,000335
перенести 1,053374 0,000225
переночевать 1,866287 0,000399
перескочил 1,264227 0,000271
перешло 0,000000 0,000000
песнью 2,167317 0,000928
петербург 0,662167 0,000142
петербурге 0,690196 0,000148
пире 1,866287 0,000399
пистолет 1,053374 0,002029
пистолетом 1,690196 0,000362
плакал 0,824895 0,000353
пламенем 1,690196 0,000362
плечо 0,866287 0,000185
площадки 1,690196 0,000362
плюса 2,167317 0,000464
побежал 0,623249 0,000267
побежать 2,167317 0,000464
побледнел 0,704919 0,000151
побуждения 1,866287 0,000399
поверил 0,787106 0,000168
поворотил 1,690196 0,000362
повторяю 0,648803 0,000278
подборка 0,000000 0,000000
поддерживавшее 2,167317 0,000464
поджигаю 2,167317 0,000464
подле 0,419129 0,000179
поднялся 0,635838 0,000272
подождать 1,167317 0,000250
подождем 1,690196 0,000362
подозрение 1,167317 0,000250
подойдя 1,167317 0,000250
подошел 0,514105 0,000330
подразнить 1,866287 0,000399
подсолнечной 2,167317 0,000464
подставили 2,167317 0,000464
подтолкнул 2,167317 0,000464
подумал 0,334808 0,000072
подумать 0,704919 0,000151
подхватил 0,533849 0,000114
подхватили 1,468347 0,000314
поеду 1,053374 0,000225
позвольте 0,523865 0,000449
позора 1,213075 0,000260
позоре 1,468347 0,000314
пойти 0,675956 0,000145
покажет 1,468347 0,000314
показалось 0,495219 0,000212
показать 0,720159 0,000154
показывал 1,125925 0,000241
показывая 1,213075 0,000260
покое 1,264227 0,000271
покойной 1,690196 0,000362
покровительственно 2,167317 0,000464
полезна 2,167317 0,000464
полиции 1,565257 0,000670
полицию 1,690196 0,000724
полном 1,125925 0,000241
половина 0,866287 0,000185
положение 0,866287 0,000185
положении 0,704919 0,000151
положил 0,599116 0,000128
положим 0,720159 0,000154
положить 1,167317 0,000250
польется 2,167317 0,000464
пользы 1,167317 0,000250
поманила 1,690196 0,000362
помер 0,963197 0,000206
поминутно 0,635838 0,000136
понадобилась 1,690196 0,000362
понадобилось 1,322219 0,000283
понадобится 1,322219 0,000283
понимаем 1,213075 0,000260
понимает 0,720159 0,000154
понимать 0,690196 0,000148
понимаю 0,381987 0,000327
понимая 0,787106 0,000168
понятия 1,125925 0,000241
понять 0,396465 0,000509
попадитесь 2,167317 0,000464
попал 0,824895 0,000177
пополнения 2,167317 0,000464
поправится 2,167317 0,000464
пора 0,845098 0,000181
поразила 0,963197 0,000206
поразило 0,720159 0,000154
пороховом 2,167317 0,000464
порохом 1,565257 0,000335
пороху 1,565257 0,000335
портмоне 1,565257 0,000335
посетителей 0,000000 0,000000
посетители 0,000000 0,000000
послал 0,720159 0,000154
после 0,084532 0,000054
последнего 0,635838 0,000136
последнее 0,486076 0,000208
последней 0,623249 0,000267
последнему 1,866287 0,000399
последнею 1,565257 0,000335
последние 0,533849 0,000114
последний 0,403889 0,000086
последовавшую 2,167317 0,000464
последовало 1,125925 0,000241
послушайте 0,787106 0,000168
послушание 1,468347 0,000314
посмертно 0,000000 0,000000
посмотрел 0,459747 0,000098
посмотреть 0,704919 0,000151
посмотрите 0,888564 0,000380
посоветовать 2,167317 0,000464
поспел 1,866287 0,000399
поставлен 1,866287 0,000399
постели 0,787106 0,000168
посягнул 1,866287 0,000399
пота 2,167317 0,000464
потерянный 1,322219 0,000283
потом 0,084532 0,000036
потому 0,024303 0,000016
потягиваясь 2,167317 0,000464
похвал 1,866287 0,000399
похвалили 1,690196 0,000362
почему 0,099131 0,000085
почти 0,024303 0,000005
пошлю 1,468347 0,000314
поэт 1,468347 0,000629
поядения 2,167317 0,000464
права 0,554533 0,000119
правая 1,565257 0,000335
правда 0,162996 0,000035
право 0,361137 0,000309
правой 0,912045 0,000195
правом 1,389166 0,000297
правую 0,936868 0,000201
правый 1,690196 0,000362
праздник 1,468347 0,000314
праху 2,167317 0,000464
пред 0,033778 0,000036
предана 2,167317 0,000464
предвидел 1,866287 0,000399
предел 1,389166 0,000297
предо 0,769377 0,000165
предписано 2,167317 0,000464
предположение 1,213075 0,000260
предположения 1,264227 0,000271
предположить 1,053374 0,000225
предпоследний 2,167317 0,000464
представить 0,576253 0,000123
предупреждая 1,866287 0,000399
прежде 0,077412 0,000017
прежнему 0,587534 0,000126
презрительное 1,690196 0,000362
прекрасная 1,389166 0,000297
препаратами 2,167317 0,000464
преступление 0,845098 0,000362
преступница 1,690196 0,000362
преступницу 2,167317 0,000464
прибавил 0,275223 0,000059
прибежище 2,167317 0,000464
приближающееся 1,866287 0,000399
прибывший 1,866287 0,000399
приглашаю 1,565257 0,000335
приговора 1,213075 0,000779
приговорен 1,866287 0,000399
приготовил 1,167317 0,000250
приготовлялся 1,866287 0,000399
прижизненно 0,000000 0,000000
признаком 1,389166 0,000297
признать 1,213075 0,000519
признаю 1,389166 0,000595
признаюсь 0,769377 0,000165
призраку 1,866287 0,000399
приказывал 1,866287 0,000399
приложила 2,167317 0,000464
принимает 0,912045 0,000195
принужден 0,991226 0,000212
принял 0,565257 0,000242
приписывая 1,866287 0,000399
припомнилась 1,866287 0,000399
природа 1,125925 0,000482
прислушивался 1,264227 0,000271
приснилось 1,565257 0,000335
приставить 2,167317 0,000464
пристать 1,866287 0,000399
приходит 0,824895 0,000530
пришел 0,322219 0,000069
пришла 0,648803 0,000139
пробовал 1,468347 0,000314
пробормотало 2,167317 0,000464
пробуду 1,866287 0,000399
провидение 1,322219 0,000283
провидения 1,690196 0,000724
провозгласил 0,991226 0,000424
проговорил 0,154480 0,000099
прогоните 1,866287 0,000799
программирование 0,000000 0,000000
продолжалась 1,468347 0,000629
продолжение 0,912045 0,000195
проживет 1,389166 0,000297
произведение 0,000000 0,000000
произведений 0,000000 0,000000
произведения 0,000000 0,000000
произнесенных 2,167317 0,000464
произойдет 0,963197 0,000206
происходит 0,936868 0,000201
прокричал 0,720159 0,000154
пропел 1,690196 0,000362
просак 2,167317 0,000464
просил 0,599116 0,000128
просить 0,504560 0,000108
проснулся 0,963197 0,000206
простившись 1,565257 0,000335
простирал 1,690196 0,000362
просто 0,232819 0,000149
простодушно 1,322219 0,000283
простодушные 1,866287 0,000399
протест 1,866287 0,000399
протягивая 1,565257 0,000335
протянул 0,675956 0,000289
проходил 1,125925 0,000241
прочее 1,322219 0,000566
прочел 0,752344 0,000322
прочитан 1,690196 0,000362
прочтя 1,389166 0,000297
прошептал 0,675956 0,000434
прошла 0,845098 0,000181
прошло 0,000000 0,000000
прошу 0,599116 0,000256
прощай 0,805589 0,000172
прощаясь 1,322219 0,000283
прощения 0,690196 0,000148
прощусь 1,866287 0,000399
прямо 0,118099 0,000051
психологии 1,322219 0,000283
птицын 0,824895 0,000706
птичка 1,866287 0,000799
публикации 0,000000 0,000000
публику 1,213075 0,000260
пули 2,167317 0,000464
пурпуровым 2,167317 0,000464
пустых 1,866287 0,000399
пусть 0,253503 0,000543
путь 0,912045 0,000390
пыток 2,167317 0,000464
пюпитров 2,167317 0,000464
пятнадцать 0,936868 0,000201
равно 0,303994 0,000065
равнодушие 1,866287 0,000399
радуга 2,167317 0,000464
разбойников 1,866287 0,000399
разве 0,146128 0,000031
раздался 0,805589 0,000690
разделяя 2,167317 0,000464
раздражен 1,125925 0,000241
раздраженный 1,468347 0,000314
раздражительно 0,752344 0,000161
разные 0,912045 0,000195
разойдутся 1,690196 0,000362
разом 0,389166 0,000333
разошлись 1,389166 0,000297
разрешения 0,000000 0,000000
разрешить 1,088136 0,000233
рано 0,787106 0,000168
раньше 0,599116 0,000128
раскаяния 1,322219 0,000283
распорядился 1,264227 0,000271
распоряжения 1,866287 0,000799
рассеянно 0,991226 0,000212
рассказать 0,623249 0,000133
рассмешило 2,167317 0,000464
рассмеялся 0,805589 0,000345
рассмотрение 2,167317 0,000464
расстегиваться 2,167317 0,000464
рассуждений 1,690196 0,000362
рассчитывал 0,963197 0,000206
растет 1,565257 0,000335
растягивая 1,565257 0,000335
растянуто 1,866287 0,000399
рванулась 2,167317 0,000464
рванулся 1,565257 0,000335
ребенком 0,936868 0,000201
резкий 1,690196 0,000362
религию 2,167317 0,000464
религия 1,468347 0,000629
речей 1,565257 0,000335
решительно 0,341243 0,000073
решительном 1,213075 0,000260
рифмах 2,167317 0,000464
рогожин 0,704919 0,000302
родиться 1,866287 0,000399
рожке 2,167317 0,000464
рожок 1,866287 0,000399
рука 1,053374 0,000451
руками 0,280827 0,000120
руках 0,396465 0,000170
руке 0,735954 0,000473
руки 0,167317 0,000251
рукой 0,486076 0,000312
рукопись 1,690196 0,000724
руку 0,222835 0,000382
русская 0,000000 0,000000
рутине 2,167317 0,000464
рыдал 1,468347 0,000314
садился 1,322219 0,000283
садясь 1,264227 0,000271
сайте 0,000000 0,000000
сама 0,208276 0,000089
самая 0,599116 0,000128
сами 0,142011 0,000061
самого 0,118099 0,000051
самое 0,167317 0,000143
самом 0,114239 0,000147
самоубийство 1,322219 0,000283
самоусладившейся 2,167317 0,000464
самые 0,381987 0,000082
самым 0,280827 0,000120
сбились 2,167317 0,000464
сведите 2,167317 0,000464
свежий 1,264227 0,000271
сверх 0,752344 0,000161
свете 0,426955 0,000183
светлое 1,866287 0,000399
светлую 1,690196 0,000362
светлый 1,264227 0,000541
свидания 0,787106 0,000337
свидетелях 1,264227 0,000271
свободно 0,000000 0,000000
свободного 1,468347 0,000314
свое 0,150284 0,000129
своего 0,091770 0,000020
своей 0,066947 0,000029
своем 0,198834 0,000043
свои 0,146128 0,000063
своим 0,208276 0,000045
своими 0,495219 0,000106
своих 0,237898 0,000153
свой 0,189594 0,000162
своротить 2,167317 0,000464
святую 1,468347 0,000314
сделайте 0,824895 0,000177
сделал 0,381987 0,000082
сделала 0,963197 0,000206
сделать 0,403889 0,000259
сделают 1,690196 0,000362
себе 0,033778 0,000029
себя 0,005949 0,000006
сегодня 0,000000 0,000000
сейчас 0,070407 0,000136
секунд 0,936868 0,000201
секунда 1,565257 0,000335
секунду 0,824895 0,000530
семидесяти 0,000000 0,000000
сердитесь 0,936868 0,000201
сердца 0,334808 0,000072
сердце 0,171682 0,000073
сжал 1,167317 0,000250
сидел 0,322219 0,000069
сила 0,936868 0,000401
силах 0,623249 0,000267
силой 0,675956 0,000145
силу 0,866287 0,000185
силы 0,514105 0,000330
сильного 1,213075 0,000260
сильном 1,213075 0,000260
синеву 2,167317 0,000464
сказал 0,099131 0,000106
сказало 2,167317 0,000464
скамеек 2,167317 0,000464
скамейке 1,213075 0,000260
скамейки 1,322219 0,000283
скандал 1,053374 0,000225
скелет 1,866287 0,001198
склоне 1,866287 0,000399
скрепился 1,866287 0,000399
слаб 1,213075 0,000260
слабосилие 2,167317 0,000464
слабосилия 2,167317 0,000928
слабы 1,866287 0,000399
слез 0,787106 0,000337
слеза 1,690196 0,000362
слезы 0,554533 0,000119
слетали 2,167317 0,000464
слететь 1,866287 0,000399
слишком 0,133894 0,000143
слов 0,367977 0,000158
слова 0,129891 0,000139
словами 0,805589 0,000172
слове 1,125925 0,000241
слово 0,232819 0,000050
случае 0,248239 0,000053
случай 0,443041 0,000095
случаях 0,599116 0,000128
случилось 0,403889 0,000173
слушателей 1,264227 0,000271
слушатели 2,167317 0,000464
слушаться 1,565257 0,000335
слыхивал 1,565257 0,000335
слышали 0,611015 0,000131
слышите 0,769377 0,000165
сменяться 1,866287 0,000399
смерти 0,468347 0,000100
смерть 0,805589 0,000172
смех 0,704919 0,000302
смехом 0,805589 0,000172
смешное 1,468347 0,000314
смешной 0,991226 0,000212
смешными 1,565257 0,000335
смеющихся 2,167317 0,000464
смеялась 0,805589 0,000172
смирение 1,468347 0,000943
смотрел 0,298086 0,000255
смотреть 0,477121 0,000102
смотрит 0,690196 0,000148
смотря 0,322219 0,000483
смоченными 2,167317 0,000464
смущен 1,264227 0,000271
смысле 0,752344 0,000322
смятения 1,565257 0,000335
снеговая 2,167317 0,000464
снов 1,468347 0,000314
сном 0,936868 0,000201
соблазн 1,468347 0,000314
собой 0,253503 0,000109
собою 0,347773 0,000074
собрание 0,000000 0,000000
собственно 0,565257 0,000121
собственного 0,963197 0,000206
собственной 1,088136 0,000233
собственном 1,389166 0,000297
собственный 1,167317 0,000250
совершенно 0,180546 0,000155
совета 1,167317 0,000250
совсем 0,021189 0,000050
согласен 0,648803 0,000417
согласия 0,000000 0,000000
сознание 1,021189 0,000219
сознанием 1,468347 0,000314
сознании 1,565257 0,000335
сознать 1,565257 0,000335
сойдет 1,264227 0,000271
сойдя 1,866287 0,000399
солнечном 2,167317 0,001392
солнечный 2,167317 0,000464
солнца 0,936868 0,000802
солнце 0,845098 0,000543
сомневаюсь 1,468347 0,000314
сообщить 0,635838 0,000136
сорвали 2,167317 0,000464
сорванный 2,167317 0,000464
соседнюю 1,565257 0,000335
состояния 1,021189 0,000437
сохранить 1,213075 0,000260
сочинений 0,000000 0,000000
сочтенное 2,167317 0,000464
сошел 0,787106 0,000168
спать 0,635838 0,000136
спеша 0,866287 0,000185
спешил 1,021189 0,000219
способен 0,787106 0,000505
способствовать 1,213075 0,000519
спрашивали 0,963197 0,000412
спросил 0,222835 0,000048
спросу 1,565257 0,000335
спустил 1,866287 0,000399
спустя 0,533849 0,000229
среди 0,769377 0,000165
срок 0,888564 0,000380
срока 1,468347 0,000314
сроку 1,322219 0,000283
стал 0,125925 0,000054
стало 0,091770 0,000020
стальное 1,866287 0,000399
станет 0,623249 0,000133
становится 0,991226 0,000212
старой 1,167317 0,000250
стену 1,125925 0,000241
степени 0,389166 0,000167
степень 1,088136 0,000233
стихах 1,125925 0,000241
стойте 1,389166 0,000595
стола 0,675956 0,000289
столбняка 1,866287 0,000399
столом 0,735954 0,000158
столпились 1,690196 0,000724
столько 0,477121 0,000306
сторону 0,611015 0,000262
стороны 0,185046 0,000040
стоял 0,309985 0,000066
стояла 0,623249 0,000267
стоять 1,167317 0,000750
страдания 0,888564 0,000190
страждущему 2,167317 0,000464
странная 0,824895 0,000177
странно 0,354404 0,000379
страшная 0,805589 0,000172
страшно 0,434924 0,000093
строго 0,576253 0,000123
строк 1,565257 0,000335
строфе 2,167317 0,000464
строфу 2,167317 0,000464
стул 0,648803 0,000278
стула 0,735954 0,000315
стучат 1,690196 0,000362
суда 0,787106 0,000337
судей 1,690196 0,000362
судить 0,912045 0,000586
суду 1,167317 0,000250
сумасшедший 0,805589 0,000172
сундучке 2,167317 0,000464
сухой 1,468347 0,000314
существ 1,389166 0,000297
существования 1,690196 0,000362
сущности 0,752344 0,000161
сущность 1,322219 0,000283
схватив 1,053374 0,000225
схватил 0,533849 0,000343
схватила 0,912045 0,000195
схватили 1,264227 0,000271
схватились 1,866287 0,000399
схватился 1,389166 0,000297
схватить 1,389166 0,000297
сходит 1,565257 0,000335
сходу 2,167317 0,000928
сцену 0,845098 0,000181
счастлива 1,468347 0,000943
счастливой 1,468347 0,000314
счел 1,565257 0,000335
считается 1,389166 0,000297
съело 2,167317 0,000464
съесть 1,690196 0,000362
сыном 0,963197 0,000206
такая 0,309985 0,000066
также 0,000000 0,000000
таки 0,066947 0,000072
такие 0,232819 0,000050
таким 0,243038 0,000052
таких 0,243038 0,000156
такова 1,088136 0,000233
таковой 1,264227 0,000271
таковые 1,565257 0,000335
такое 0,114239 0,000073
такой 0,077412 0,000066
таком 0,309985 0,000066
твердую 2,167317 0,000464
текст 0,000000 0,000000
теперь 0,015029 0,000068
тепле 1,866287 0,000399
теплее 1,866287 0,000399
терентьев 1,389166 0,000595
терзался 2,167317 0,000464
террасе 1,213075 0,000260
террасы 1,167317 0,000500
тетрадке 2,167317 0,000464
тетрадку 1,690196 0,000362
тетрадь 1,866287 0,000399
тише 1,690196 0,000724
тишина 1,125925 0,000241
тогда 0,050046 0,000043
тогдашних 1,468347 0,000314
того 0,005949 0,000009
тоже 0,043466 0,000056
только 0,002964 0,000008
томах 0,000000 0,000000
тому 0,095435 0,000082
торжества 1,389166 0,000297
тоска 1,088136 0,000233
тотчас 0,046743 0,000040
точно 0,121994 0,000209
точь 0,787106 0,000337
травка 1,866287 0,000399
требуют 1,565257 0,000335
требуя 1,866287 0,000399
тревога 1,264227 0,000271
тревожных 2,167317 0,000464
тремя 0,963197 0,000618
третья 0,486076 0,000208
трудно 0,459747 0,000295
тянет 1,468347 0,000314
убит 1,125925 0,000241
убить 0,599116 0,000256
убьет 0,936868 0,000401
уважении 1,690196 0,000362
уверен 0,635838 0,000136
уверены 0,805589 0,000172
уверял 1,021189 0,000437
увидал 0,735954 0,000158
увидев 0,866287 0,000185
увидите 0,769377 0,000165
увидят 1,264227 0,000812
угодно 0,504560 0,000324
удивительны 2,167317 0,000464
удивлен 1,167317 0,000250
удивлением 0,523865 0,000224
уединеннее 2,167317 0,000464
ужасно 0,167317 0,000072
ужасное 1,167317 0,000750
ужасную 1,213075 0,000260
ужасным 1,213075 0,000260
ужасу 1,690196 0,000362
уйду 0,936868 0,000201
уйти 0,787106 0,000168
укажет 1,866287 0,000799
указал 0,866287 0,000185
указать 1,125925 0,000241
укладывал 1,565257 0,000670
укокошить 1,690196 0,000362
улеглись 1,866287 0,000399
улыбаясь 0,805589 0,000172
улыбке 1,565257 0,000335
улыбнулся 0,533849 0,000114
умел 0,866287 0,000185
умер 0,662167 0,000142
умереть 0,936868 0,000401
умершим 0,000000 0,000000
умиления 1,088136 0,000233
умираете 1,866287 0,000399
умираю 1,389166 0,000297
умолял 1,468347 0,000314
умру 0,805589 0,000172
умрут 1,690196 0,000362
унесли 1,565257 0,000335
унижаем 2,167317 0,000464
уничтожением 2,167317 0,000464
уничтожиться 2,167317 0,000464
упал 0,675956 0,000289
упор 0,963197 0,000412
упрекнуть 1,866287 0,000399
усадили 1,565257 0,000335
усаживая 1,468347 0,000314
уселся 0,866287 0,000185
усиливали 2,167317 0,000464
усладить 1,866287 0,000399
условиях 1,690196 0,000362
усмехаясь 1,389166 0,000297
усмехнулся 0,443041 0,000095
усомнится 2,167317 0,000464
успел 0,354404 0,000076
успеть 1,690196 0,000724
успокоено 2,167317 0,000464
усталость 1,565257 0,000335
устроен 1,565257 0,000335
устроено 1,468347 0,000314
устроить 1,053374 0,000225
устройстве 2,167317 0,000464
утащил 1,690196 0,000362
утверждать 1,213075 0,000260
утешен 1,866287 0,000399
утешений 2,167317 0,000464
утешения 1,322219 0,000283
утро 0,662167 0,000283
ухватился 1,866287 0,000399
уходит 0,888564 0,000190
уходить 0,845098 0,000181
уходу 2,167317 0,000464
участница 2,167317 0,001392
федор 0,000000 0,000000
феноменальное 2,167317 0,000464
фердыщенке 1,565257 0,000335
фердыщенко 1,088136 0,001397
физических 2,167317 0,000464
фраза 1,468347 0,000314
франц 0,635838 0,000136
французский 1,389166 0,000297
французских 2,167317 0,000464
хвалят 1,866287 0,000399
хвастался 1,690196 0,000362
хватал 2,167317 0,000464
хватаясь 1,690196 0,000362
хмельной 1,468347 0,000314
ходил 0,611015 0,000131
хозяин 1,125925 0,000964
хоре 2,167317 0,001392
хорошо 0,189594 0,000041
хотел 0,158717 0,000102
хотели 0,690196 0,000295
хотелось 0,381987 0,000327
хотите 0,419129 0,000269
хоть 0,060107 0,000064
хотя 0,050046 0,000054
хотят 0,735954 0,000158
хочется 0,704919 0,000604
хочу 0,243038 0,000416
храбрый 1,690196 0,000362
хрипение 2,167317 0,000464
христиане 1,690196 0,000362
христианских 2,167317 0,000464
цвете 2,167317 0,000464
целом 0,866287 0,000185
целый 0,486076 0,000104
цель 0,769377 0,000165
цинической 2,167317 0,000464
часа 0,000000 0,000000
часть 0,002964 0,000001
часу 0,720159 0,000154
часы 0,805589 0,000172
чего 0,040213 0,000052
человек 0,036984 0,000055
человека 0,154480 0,000033
человеком 0,504560 0,000108
человеку 0,459747 0,000098
чередоваться 2,167317 0,000464
череп 1,389166 0,000297
черт 0,477121 0,000102
чести 0,735954 0,000158
честное 1,088136 0,000233
честному 1,866287 0,000399
честь 0,554533 0,000237
четверо 1,213075 0,000519
четвертом 1,565257 0,000335
четырьмя 1,565257 0,000335
числе 0,912045 0,000195
число 0,000000 0,000000
читаем 0,000000 0,000000
читать 0,000000 0,000000
чрезвычайного 1,389166 0,000297
чрезвычайное 0,735954 0,000315
чрезвычайном 0,824895 0,000177
чтоб 0,073896 0,000111
чтобы 0,030597 0,000046
чувств 0,704919 0,000151
чувствовал 0,635838 0,000136
чудо 1,053374 0,000225
чужой 1,088136 0,000466
чьего 0,000000 0,000000
шага 1,167317 0,000250
шагов 0,720159 0,000154
швейцарии 1,053374 0,000225
шелестом 2,167317 0,000464
шептал 1,389166 0,000297
шесть 0,611015 0,000131
шляпу 0,912045 0,000195
штук 1,468347 0,000314
шумом 1,389166 0,000297
шутка 1,053374 0,000225
шутки 1,053374 0,000451
щеке 1,322219 0,000283
щелчок 1,866287 0,000799
экземпляр 1,866287 0,000799
этак 0,690196 0,000148
этакой 1,053374 0,000225
этим 0,189594 0,000081
этими 0,635838 0,000136
этих 0,213075 0,000137
этого 0,053374 0,000023
этой 0,118099 0,000228
этом 0,046743 0,000170
этому 0,322219 0,000207
этот 0,011981 0,000013
этою 0,599116 0,000128
ядовито 1,468347 0,000314
яростию 2,167317 0,000464
ясная 1,565257 0,000335
ясности 1,468347 0,000314
ясную 1,866287 0,000399
ясный 1,213075 0,000260
ящике 1,690196 0,000362
