автор 0,000000 0,000000
автором 0,000000 0,000000
авторского 0,000000 0,000000
авторы 0,000000 0,000000
агент 2,167317 0,000460
аглае 0,866287 0,000184
аглаи 0,991226 0,001051
аглаю 0,912045 0,000774
аглая 0,720159 0,000764
аделаиды 1,021189 0,000217
аккуратности 1,565257 0,000332
александровна 0,787106 0,000167
александровне 1,021189 0,000217
алексей 0,000000 0,000000
алексея 0,000000 0,000000
америку 1,389166 0,000589
анонимные 2,167317 0,000460
ардалионович 0,805589 0,000854
ардалионовича 0,963197 0,000204
ардалионовна 1,021189 0,001516
багровый 1,690196 0,000358
барышень 1,468347 0,000311
бегавшего 1,866287 0,000396
бегает 1,866287 0,000396
бегать 1,565257 0,000332
бегают 1,866287 0,000396
бедность 1,125925 0,000239
безо 0,599116 0,000127
безрассудного 2,167317 0,000460
безрассудный 2,167317 0,000460
белоконская 1,389166 0,000295
белоконской 1,264227 0,000268
берут 1,468347 0,000311
беспрерывно 0,623249 0,000132
беспрерывное 1,565257 0,000332
бесталанности 2,167317 0,000460
бесчестного 2,167317 0,000460
бешенства 1,322219 0,000841
библиотека 0,000000 0,000000
биллионов 2,167317 0,000460
благодаря 1,264227 0,000268
благоразумен 2,167317 0,000460
благоразумия 1,690196 0,000358
благороднее 1,468347 0,000311
благородное 1,213075 0,000257
бледного 1,690196 0,000358
богатство 1,565257 0,000332
богатым 1,565257 0,000332
богу 0,434924 0,000092
боже 0,459747 0,000390
боится 0,690196 0,000146
более 0,000000 0,000000
больше 0,137934 0,000029
большею 1,021189 0,000217
большинстве 1,468347 0,000623
большинство 1,264227 0,000268
большинством 1,866287 0,000396
большой 0,495219 0,000210
боюсь 0,504560 0,000214
боялась 1,213075 0,000257
боятся 1,264227 0,000268
бракосочетание 2,167317 0,000460
брани 1,866287 0,000396
брат 0,303994 0,000193
брата 0,389166 0,000578
брате 1,167317 0,000248
брату 0,752344 0,000160
брать 1,389166 0,000295
братьям 1,866287 0,000396
бросил 0,554533 0,000235
бросился 0,451314 0,000096
брошенные 1,866287 0,000396
будет 0,077412 0,000082
будто 0,099131 0,000021
буду 0,208276 0,000088
будут 0,565257 0,000240
будущий 1,322219 0,000280
бывает 0,599116 0,000127
была 0,046743 0,000059
были 0,099131 0,000042
было 0,000000 0,000000
быстро 0,232819 0,000049
быть 0,002964 0,000011
варвара 0,963197 0,001430
варя 1,053374 0,003351
вашим 0,587534 0,000249
вдавайся 2,167317 0,000460
вдаваясь 1,690196 0,000358
вдруг 0,005949 0,000010
ведь 0,043466 0,000046
великий 0,845098 0,000538
великодушия 1,125925 0,000239
венцом 1,565257 0,000332
верил 0,752344 0,000160
верно 0,523865 0,000222
вероятно 0,623249 0,000132
верху 1,690196 0,000358
верхушки 1,866287 0,000396
верь 1,125925 0,000478
весь 0,099131 0,000063
весьма 0,243038 0,000052
вечером 0,533849 0,000226
вечно 0,824895 0,000175
взад 1,389166 0,000589
вздор 0,599116 0,000127
взял 0,269690 0,000057
взялась 1,690196 0,000358
взяли 1,021189 0,000217
взят 1,866287 0,000396
взять 0,533849 0,000113
виде 0,434924 0,000277
видеться 1,565257 0,000332
видишь 0,599116 0,000127
видом 0,389166 0,000083
виду 0,544068 0,000115
видя 0,690196 0,000146
визиты 0,000000 0,000000
виноват 0,523865 0,000222
влюбился 1,213075 0,000257
влюблен 1,053374 0,000223
вместе 0,208276 0,000044
внимательно 0,845098 0,000358
внутрь 1,866287 0,000396
вовсе 0,150284 0,000096
вогнанным 2,167317 0,000460
водой 1,021189 0,000217
возвратил 1,322219 0,000280
возвратилась 1,690196 0,000358
возвращалась 1,690196 0,000358
возвращении 1,322219 0,000280
вознаградит 2,167317 0,000460
вознаграждения 0,000000 0,000000
возненавидеть 1,690196 0,000358
возраста 1,468347 0,000623
возьмет 0,888564 0,000188
войдет 1,167317 0,000495
войдя 0,735954 0,000156
воли 1,021189 0,000217
волосы 0,991226 0,000420
воображал 1,565257 0,000332
вообразил 1,690196 0,000717
вообразить 0,963197 0,000613
вопрос 0,222835 0,000047
вопроса 0,704919 0,000299
вопросов 0,866287 0,000184
ворота 0,963197 0,000204
воскликнул 0,309985 0,000131
воспоминания 1,088136 0,000231
вошел 0,403889 0,000086
впадала 2,167317 0,000460
вперед 0,426955 0,000181
впрочем 0,118099 0,000125
врага 1,389166 0,000295
времени 0,269690 0,000057
время 0,043466 0,000065
вряд 0,963197 0,000204
всегда 0,129891 0,000165
всегдашней 1,690196 0,000358
всего 0,040213 0,000034
всем 0,070407 0,000030
всех 0,060107 0,000076
вскричал 0,292256 0,000124
вслух 0,533849 0,000226
вспомнив 1,264227 0,000268
вспылила 1,866287 0,000396
вспыхнув 1,468347 0,000311
вспыхнул 1,213075 0,000257
встала 0,963197 0,000204
встретиться 1,167317 0,000248
встречается 1,322219 0,000280
встречаются 1,565257 0,000332
встречающиеся 2,167317 0,000460
встряхнулся 2,167317 0,000460
всякий 0,514105 0,000327
всяких 0,991226 0,000420
всякого 0,514105 0,000218
всяком 0,544068 0,000231
втерлась 2,167317 0,000460
вторых 0,720159 0,000153
входящему 2,167317 0,000460
вчера 0,341243 0,000289
выговорить 0,963197 0,000204
выгони 2,167317 0,000460
выгоню 1,866287 0,000792
выгонять 2,167317 0,000460
выдумал 0,888564 0,000188
выиграть 1,389166 0,000295
выйду 0,936868 0,000199
выйдя 0,963197 0,000204
выйти 0,587534 0,000125
выплаты 0,000000 0,000000
выпустишь 2,167317 0,000460
выражающая 2,167317 0,000460
выразился 0,752344 0,000160
выразиться 1,021189 0,000433
выросла 2,167317 0,000460
высек 1,565257 0,000332
высечь 1,690196 0,000358
выскажу 1,565257 0,000332
выслушал 0,805589 0,000171
выставил 1,565257 0,000332
выставить 1,088136 0,000231
выставлена 1,866287 0,000396
выходить 0,963197 0,000204
выходя 0,936868 0,000397
выше 0,720159 0,000305
вышедшая 2,167317 0,000460
вышла 0,495219 0,000210
вышло 0,523865 0,000222
гаврила 0,824895 0,000875
гаврилы 1,167317 0,000248
галилея 2,167317 0,000460
гане 1,125925 0,000239
ганей 1,322219 0,000280
ганю 1,125925 0,000478
ганя 0,769377 0,003427
генерал 0,554533 0,000118
генералами 2,167317 0,000460
генералов 1,565257 0,000664
генералы 1,866287 0,000396
генеральство 2,167317 0,000919
гениальным 2,167317 0,000460
гений 1,866287 0,000396
гения 2,167317 0,000460
герой 1,690196 0,000358
глава 1,565257 0,000332
главное 0,189594 0,000080
главную 1,468347 0,000311
главные 1,264227 0,000268
глаза 0,129891 0,000110
глазах 0,459747 0,000293
глубине 1,167317 0,000248
глубины 1,167317 0,000248
глубокое 1,322219 0,000280
глупого 1,468347 0,000311
гнал 1,690196 0,000358
гнать 2,167317 0,000460
гневе 1,322219 0,000280
говорил 0,095435 0,000081
говорила 0,587534 0,000249
говорит 0,189594 0,000080
говорить 0,162996 0,000035
говорю 0,203530 0,000043
говоря 0,434924 0,000092
говорят 0,309985 0,000131
гоголем 2,167317 0,000919
гоголя 1,565257 0,000664
годами 1,565257 0,000332
голову 0,227798 0,000048
головы 0,787106 0,000167
голоду 1,322219 0,000280
голоса 1,021189 0,000217
гораздо 0,443041 0,000470
гордо 1,053374 0,000223
гордости 0,805589 0,000171
гордостию 2,167317 0,000460
горевал 1,690196 0,000358
горевала 1,866287 0,000396
горько 0,690196 0,000146
господах 1,866287 0,000396
господин 0,514105 0,000109
господина 0,824895 0,000175
гости 0,769377 0,000163
гостям 1,264227 0,000268
гостях 1,468347 0,000311
готов 0,544068 0,000346
готовы 1,021189 0,000217
грызло 2,167317 0,000460
давно 0,158717 0,000034
дает 0,845098 0,000179
даже 0,005949 0,000045
дала 0,720159 0,000153
далее 0,648803 0,000138
дальше 0,002964 0,000001
данден 2,167317 0,000919
дандены 2,167317 0,000460
данные 0,000000 0,000000
даром 0,769377 0,000163
дать 0,623249 0,000132
дверь 0,367977 0,000078
дверям 1,125925 0,000239
двух 0,264227 0,000056
девяносто 1,690196 0,000358
действий 1,690196 0,000358
действительнее 1,866287 0,000396
действительно 0,106619 0,000158
действительности 1,468347 0,001557
действия 1,866287 0,000396
действовала 2,167317 0,000460
действует 1,690196 0,000358
действующее 2,167317 0,000460
дела 0,309985 0,000197
делает 0,805589 0,000171
делам 1,088136 0,000231
делать 0,426955 0,000091
делах 0,963197 0,000204
делают 1,389166 0,000295
деле 0,162996 0,000035
дело 0,063514 0,000162
денег 0,309985 0,000066
день 0,162996 0,000173
деньгах 0,866287 0,000184
деньги 0,280827 0,000238
деревянном 2,167317 0,000460
держала 1,322219 0,000280
дескать 0,419129 0,000089
десятки 1,565257 0,000332
детские 1,565257 0,000332
детства 0,912045 0,000193
детстве 1,053374 0,000447
диван 0,888564 0,000188
днях 1,125925 0,000239
добивался 1,565257 0,000332
добр 1,468347 0,000311
доброго 1,088136 0,000231
добрым 1,213075 0,000257
добрых 1,322219 0,000280
доводит 1,866287 0,000396
доволен 0,735954 0,000156
довольно 0,129891 0,000083
договаривал 1,565257 0,000332
доживешь 2,167317 0,000460
дойдет 1,389166 0,000295
доказал 1,264227 0,000268
докучая 2,167317 0,000460
долго 0,222835 0,000095
долгое 1,125925 0,000239
должен 0,258832 0,000055
должно 0,286504 0,000061
долой 1,213075 0,000257
долю 1,389166 0,000295
дома 0,298086 0,000190
домами 1,866287 0,000396
доме 0,322219 0,000137
домов 1,389166 0,000295
домой 0,459747 0,000098
дому 0,675956 0,000143
досаднее 2,167317 0,000460
досаду 1,690196 0,000358
доселе 0,912045 0,000193
достало 1,866287 0,000396
достаться 1,866287 0,000396
достигла 1,866287 0,000396
достигнуть 1,468347 0,000311
достижение 2,167317 0,000460
достичь 1,565257 0,000332
достоевский 0,000000 0,000000
достоинством 0,866287 0,000367
достойных 2,167317 0,000460
достояние 0,000000 0,000000
доходило 1,690196 0,001075
доходит 1,264227 0,000268
доходить 1,565257 0,000664
дошла 1,389166 0,000589
друг 0,269690 0,000057
другая 0,648803 0,000138
другие 0,389166 0,000083
другого 0,396465 0,000084
другой 0,146128 0,000062
другому 0,845098 0,000179
другу 0,752344 0,000160
дружески 0,991226 0,000210
друзей 0,991226 0,000210
друзья 0,963197 0,000204
думаешь 0,752344 0,000319
думал 0,258832 0,000220
думала 0,720159 0,000153
думаю 0,328468 0,000139
дурак 0,769377 0,000163
дураках 1,690196 0,000358
дурное 1,264227 0,000268
духом 0,866287 0,000184
душонка 1,690196 0,000358
дылда 2,167317 0,000460
единственно 0,477121 0,000101
ежедневно 1,021189 0,000217
епанчину 1,468347 0,000311
епанчиным 1,088136 0,000231
епанчиными 1,167317 0,000248
епанчиных 0,936868 0,000596
если 0,011981 0,000028
есть 0,018098 0,000031
жаловаться 1,053374 0,000223
жаль 0,635838 0,000135
желание 0,888564 0,000188
желанием 1,167317 0,000248
желании 1,389166 0,000295
желаний 1,389166 0,000295
желания 1,088136 0,000462
желаниями 1,866287 0,000792
желчно 1,690196 0,000358
жених 1,213075 0,000515
жениха 1,167317 0,000495
женихи 1,866287 0,000396
женихов 1,690196 0,000358
женщиной 1,125925 0,000239
жидом 2,167317 0,000460
жизнь 0,162996 0,000173
житейских 1,565257 0,000332
жорж 2,167317 0,001379
журнальную 2,167317 0,000460
забор 1,125925 0,000239
завистливыми 2,167317 0,000460
загадочно 1,690196 0,000358
загадывает 1,690196 0,000358
заглядывает 1,690196 0,000358
заглядывая 1,690196 0,000358
заглянуть 1,322219 0,000280
задает 1,866287 0,000396
задала 1,690196 0,000358
задачу 1,264227 0,000268
задумчивости 0,991226 0,000420
заключается 0,963197 0,000204
заключила 1,125925 0,000239
заключить 0,824895 0,000175
закончим 1,866287 0,000396
залезала 2,167317 0,000460
залу 0,735954 0,000156
заметил 0,154480 0,000033
заметила 0,787106 0,000167
заметили 0,611015 0,000130
заметим 1,167317 0,000248
замечает 1,690196 0,000358
замечала 1,866287 0,000792
замуж 0,735954 0,000624
заражен 1,866287 0,000396
зародились 2,167317 0,000460
засмеявшись 1,468347 0,000311
застенчива 2,167317 0,000460
зато 0,468347 0,000298
захотела 1,021189 0,000217
захохотал 1,021189 0,000217
зачем 0,146128 0,000062
звено 2,167317 0,000460
здесь 0,095435 0,000040
зеленой 1,322219 0,000280
злится 1,690196 0,000358
злишься 1,690196 0,000358
злобная 1,468347 0,000311
злобно 0,599116 0,000127
знает 0,171682 0,000401
знаешь 0,533849 0,000679
знаком 0,936868 0,000199
знакомых 1,125925 0,000478
знал 0,114239 0,000024
знала 0,635838 0,000135
знали 0,426955 0,000181
значит 0,243038 0,000052
знаю 0,095435 0,000081
знают 0,720159 0,000153
иван 0,303994 0,000064
ивану 0,623249 0,000132
иволгин 0,991226 0,000420
играли 1,125925 0,000239
идеала 1,690196 0,000358
идеи 0,866287 0,000184
идей 1,213075 0,000257
идиот 0,443041 0,000470
известен 1,053374 0,000223
известие 0,662167 0,000140
известно 0,334808 0,000142
известной 1,088136 0,000462
изучала 2,167317 0,000460
именно 0,066947 0,000128
иметь 0,587534 0,000498
имея 0,752344 0,000160
иначе 0,367977 0,000078
иногда 0,208276 0,000265
иной 0,587534 0,000249
иному 1,565257 0,000664
интереса 1,690196 0,000358
интересен 1,866287 0,000396
интересные 2,167317 0,000460
интересными 2,167317 0,000460
интересы 1,565257 0,000332
интриганом 2,167317 0,000460
иные 0,599116 0,000127
ипполит 0,675956 0,000430
искал 1,021189 0,000217
искать 0,769377 0,000326
искренна 1,565257 0,000332
искренно 0,523865 0,000111
искусно 1,866287 0,000396
исповедь 1,021189 0,000217
исполнил 1,088136 0,000462
использоваться 0,000000 0,000000
испугался 0,704919 0,000299
истерике 0,991226 0,000210
истины 1,125925 0,000239
истории 0,752344 0,000160
история 0,845098 0,000358
источник 0,000000 0,000000
истязания 1,565257 0,000332
итак 0,805589 0,000171
иудейским 2,167317 0,000460
каждом 1,053374 0,000223
каждый 0,367977 0,000234
кажется 0,118099 0,000150
какая 0,194189 0,000124
каким 0,194189 0,000082
какого 0,347773 0,000221
какое 0,227798 0,000145
какой 0,095435 0,000081
какому 0,805589 0,000171
какою 0,599116 0,000127
какую 0,419129 0,000178
капельку 0,963197 0,000204
капитанши 1,565257 0,000664
капли 1,167317 0,000248
карьеры 1,167317 0,000248
касается 0,769377 0,000163
кашляет 1,690196 0,000358
кашлять 1,690196 0,000358
кинулась 1,565257 0,000332
книги 0,000000 0,000000
князем 0,704919 0,000150
князь 0,477121 0,000810
князю 0,504560 0,000214
князя 0,468347 0,000099
когда 0,015029 0,000029
кого 0,222835 0,000047
колебаний 1,690196 0,000358
колеи 2,167317 0,000460
коли 0,269690 0,000172
колумба 2,167317 0,000460
коля 0,565257 0,000240
комаров 0,000000 0,000000
комнате 0,389166 0,000248
комнату 0,468347 0,000199
кому 0,341243 0,000145
конец 0,495219 0,000210
конечно 0,060107 0,000038
конца 0,704919 0,000598
кончает 1,565257 0,000332
кончат 1,690196 0,000358
кончают 1,866287 0,000396
кончится 0,963197 0,000204
кончу 1,690196 0,000358
кормит 1,866287 0,000396
королем 2,167317 0,000460
которая 0,361137 0,000077
которое 0,426955 0,000091
которой 0,213075 0,000045
которые 0,189594 0,000080
который 0,110412 0,000070
которых 0,426955 0,000181
крайне 1,565257 0,000664
крайней 0,298086 0,000126
крайность 1,866287 0,000396
красиво 1,866287 0,000396
крик 0,769377 0,000326
крикнула 0,824895 0,000175
критику 1,690196 0,000358
кричавшие 2,167317 0,000460
кричат 1,213075 0,000515
кровью 0,845098 0,000179
круг 1,690196 0,000358
крутящихся 2,167317 0,000460
крыльцо 1,167317 0,000248
кстати 0,468347 0,000099
куда 0,248239 0,000053
куражится 1,866287 0,000396
куролесить 1,866287 0,000396
куролесят 2,167317 0,000460
ласкает 1,866287 0,000396
лебедев 0,735954 0,000312
лебедева 0,752344 0,000160
легче 0,787106 0,000334
лекции 1,866287 0,000396
либо 0,000000 0,000000
лизавете 0,963197 0,000204
лизавету 0,866287 0,000184
линии 1,468347 0,000311
литейной 1,322219 0,000280
литераторами 2,167317 0,000460
литература 0,000000 0,000000
лица 0,322219 0,000205
лицо 0,114239 0,000097
лицом 0,000000 0,000000
личного 1,125925 0,000239
личное 1,167317 0,000248
лишь 0,185046 0,000118
ловил 1,690196 0,000358
лопнет 1,866287 0,000396
лукаво 1,088136 0,000231
лучше 0,162996 0,000035
любит 0,389166 0,000083
любо 2,167317 0,000460
любым 0,000000 0,000000
людей 0,298086 0,000695
люди 0,269690 0,000286
людьми 0,623249 0,000397
людям 0,720159 0,000153
малейших 1,389166 0,000295
маленькое 1,053374 0,000223
маленьком 1,125925 0,000239
мало 0,208276 0,000088
малым 1,322219 0,000280
мальчишка 0,963197 0,000409
мамаше 1,389166 0,000295
манера 1,264227 0,000268
матери 0,451314 0,000479
матерью 0,787106 0,000334
мать 0,389166 0,000248
медового 1,866287 0,000396
между 0,129891 0,000055
мелких 1,690196 0,000358
мелочах 1,690196 0,000358
мелочей 1,866287 0,000396
менее 0,635838 0,000674
меня 0,027438 0,000064
мере 0,269690 0,000172
мерзостям 2,167317 0,000460
места 0,389166 0,000083
месяца 0,477121 0,000101
мечта 0,963197 0,000204
мечтаемого 2,167317 0,000460
мечтающих 2,167317 0,000460
мечту 1,389166 0,000884
миллионов 1,322219 0,000280
мимо 0,514105 0,000109
мимоходом 1,264227 0,000268
миновав 2,167317 0,000460
миновать 1,389166 0,000295
минуту 0,084532 0,000018
минуты 0,322219 0,000068
много 0,080958 0,000103
множество 0,936868 0,000397
мной 0,237898 0,000050
могла 0,286504 0,000122
могло 0,403889 0,000257
могу 0,171682 0,000036
могут 0,495219 0,000105
может 0,000000 0,000000
можешь 0,704919 0,000299
можно 0,088136 0,000019
мозгу 1,167317 0,000248
молодой 0,381987 0,000081
мольер 2,167317 0,000460
момента 0,000000 0,000000
мстит 2,167317 0,000460
мужа 0,991226 0,000210
мужем 1,468347 0,000311
мужья 1,468347 0,000311
мужьями 2,167317 0,000460
мучило 1,125925 0,000239
мщения 1,264227 0,000268
мысли 0,316059 0,000134
мысль 0,264227 0,000168
набросился 1,389166 0,000295
наверно 0,264227 0,000448
наверх 0,888564 0,000188
наверху 1,264227 0,000268
наглости 1,866287 0,000396
наглость 1,565257 0,000664
наговорил 1,690196 0,000358
наготове 1,690196 0,000358
надев 2,167317 0,000460
надеешься 1,690196 0,000358
надежда 1,088136 0,000231
наделает 2,167317 0,000460
наделал 1,389166 0,000295
надеть 1,389166 0,000295
надо 0,036984 0,000039
надую 2,167317 0,000460
назад 0,000000 0,000000
название 0,000000 0,000000
называет 1,389166 0,000295
называют 1,125925 0,000239
называются 1,690196 0,000358
наивности 1,322219 0,000561
наивность 1,468347 0,000311
наизусть 1,167317 0,000248
наименоваться 2,167317 0,000460
найду 1,565257 0,000332
найти 0,000000 0,000000
наконец 0,073896 0,000125
нами 0,648803 0,000275
написано 0,000000 0,000000
наполнять 2,167317 0,000460
напрасно 0,805589 0,000171
например 0,298086 0,000379
напротив 0,180546 0,000077
напугал 1,690196 0,000358
нарочно 0,227798 0,000097
наружности 1,322219 0,000280
наружность 1,389166 0,000295
нарушим 2,167317 0,000460
наслаждением 1,088136 0,000462
насмешку 1,213075 0,000515
насмешливое 1,565257 0,000332
настасьей 1,021189 0,000217
настолько 1,264227 0,000268
настоящему 0,991226 0,000210
настоящие 1,468347 0,000311
наука 0,000000 0,000000
находить 1,389166 0,000295
начал 0,137934 0,000029
начала 0,381987 0,000162
начинает 0,991226 0,000210
начинал 0,662167 0,000421
начиная 0,991226 0,000210
наше 0,662167 0,000140
нашего 0,396465 0,000252
нашел 0,648803 0,000138
нашем 0,662167 0,000140
нашему 0,888564 0,000188
нашими 1,468347 0,000311
наших 0,690196 0,000146
нашу 0,824895 0,000175
небу 1,565257 0,000332
небывалыми 2,167317 0,000460
небывальщина 2,167317 0,000460
невероятно 1,213075 0,000257
невзрачном 2,167317 0,000460
невинным 1,690196 0,000358
невозможный 1,690196 0,000358
неглупым 1,866287 0,000396
него 0,000000 0,000000
недели 0,565257 0,000120
неделю 0,662167 0,000140
неделям 1,866287 0,000396
недоставало 1,264227 0,000268
недоумения 1,322219 0,000280
недурно 1,468347 0,000311
неизменно 1,866287 0,000396
неизменной 2,167317 0,000460
неинтересно 1,866287 0,000396
некоторую 1,264227 0,000268
некоторые 0,533849 0,000113
некоторым 0,690196 0,000439
некоторых 0,824895 0,000175
нельзя 0,176091 0,000224
немедленно 0,554533 0,000353
нему 0,080958 0,000017
немыслимый 1,866287 0,000396
ненавидишь 1,690196 0,000358
ненавижу 1,088136 0,000462
ненавистью 1,088136 0,000231
необходимое 1,468347 0,000311
необыкновенною 0,912045 0,000193
необыкновенным 0,845098 0,000179
необычайную 1,565257 0,000332
неожиданного 1,322219 0,000280
неправдоподобно 1,690196 0,000358
непременно 0,133894 0,000114
непреодолимое 1,866287 0,000396
непрестанно 2,167317 0,000460
нервами 1,866287 0,000396
несколько 0,102859 0,000022
несмотря 0,275223 0,000233
несомневаемость 2,167317 0,000460
несчастии 1,565257 0,000332
несчастнее 1,322219 0,000280
несчастных 1,389166 0,000295
неудобно 2,167317 0,000460
неудовольствием 1,565257 0,000332
неужели 0,389166 0,000083
нечего 0,381987 0,000081
нибудь 0,030597 0,000091
нигилистками 2,167317 0,000460
низкая 1,468347 0,000311
низкого 1,468347 0,000311
низкое 1,468347 0,000934
никак 0,396465 0,000168
никакого 0,403889 0,000257
никакой 0,635838 0,000135
никогда 0,088136 0,000168
никоим 1,866287 0,000396
никому 0,504560 0,000107
никто 0,185046 0,000039
нина 0,963197 0,000204
нине 1,213075 0,000257
нисколько 0,662167 0,000140
ничего 0,030597 0,000078
ничем 0,769377 0,000163
ничтожная 1,468347 0,000311
нищий 1,264227 0,000268
новое 0,845098 0,000179
ногам 1,468347 0,000311
ноздрев 1,866287 0,000396
ночи 0,675956 0,000143
нравственного 1,213075 0,000257
нужным 0,936868 0,000199
обеими 0,787106 0,000167
обернуть 2,167317 0,000460
обернуться 2,167317 0,000460
обещал 1,088136 0,000231
ободрял 2,167317 0,000460
обоих 0,635838 0,000270
обрадовавшись 1,167317 0,000248
образно 1,866287 0,000396
образование 1,389166 0,000295
образованный 1,322219 0,000280
образованным 1,565257 0,000332
образом 0,347773 0,000074
обращался 1,088136 0,000231
обстановку 1,565257 0,000332
обстоятельствами 1,866287 0,000396
общем 1,264227 0,000268
общества 0,787106 0,000334
общественное 0,000000 0,000000
общечеловеческого 2,167317 0,000460
объявят 2,167317 0,000460
объяснения 1,088136 0,000231
объясниться 1,125925 0,000239
обыкновенно 0,720159 0,000153
обыкновенному 1,866287 0,000396
обыкновенности 2,167317 0,000460
обыкновенный 1,322219 0,000280
обыкновенными 2,167317 0,000919
обыкновенных 1,167317 0,000495
обязался 1,866287 0,000396
обязанности 1,125925 0,000239
оглядел 1,021189 0,000217
оговорившись 2,167317 0,000460
ограниченному 2,167317 0,000460
ограниченные 2,167317 0,000460
огромное 1,322219 0,000280
огромном 1,866287 0,000396
один 0,046743 0,000010
одиннадцатого 1,565257 0,000332
одна 0,185046 0,000039
однако 0,102859 0,000022
одни 0,459747 0,000098
одними 1,264227 0,000268
одно 0,099131 0,000084
одного 0,150284 0,000032
одной 0,243038 0,000052
одною 0,787106 0,000167
одобрял 1,866287 0,000396
ожидая 0,936868 0,000199
ознаменовавшая 2,167317 0,000460
оказывался 1,565257 0,000664
окна 0,648803 0,000138
окну 0,963197 0,000204
около 0,443041 0,000094
окошек 1,690196 0,000358
опасен 1,565257 0,000332
опорную 2,167317 0,000460
опубликовано 0,000000 0,000000
опустилась 1,468347 0,000311
опять 0,027438 0,000041
ординарности 1,866287 0,000396
ординарность 1,866287 0,000396
ординарностями 2,167317 0,000460
ординарные 2,167317 0,000460
ординарными 2,167317 0,000460
ординарных 2,167317 0,000919
оригинальнейшим 2,167317 0,000460
оригинальности 1,866287 0,001979
оригинальною 2,167317 0,000460
оригинальным 1,468347 0,000311
оробеем 2,167317 0,000460
оробеет 2,167317 0,000460
оскорбленного 1,690196 0,000358
основательно 1,690196 0,000358
основательный 2,167317 0,000460
основывалась 2,167317 0,000460
особа 1,021189 0,000217
особенно 0,129891 0,000055
особенного 0,888564 0,000188
особенное 0,888564 0,000188
особенной 1,264227 0,000268
особенности 1,389166 0,000295
особого 1,322219 0,000280
оставалась 1,213075 0,000257
оставался 0,963197 0,000204
оставил 0,648803 0,000138
оставляло 1,690196 0,000358
остается 0,787106 0,000167
останавливает 1,866287 0,000396
остановилась 1,088136 0,000231
остаться 0,912045 0,000193
остаются 1,389166 0,000295
остричь 2,167317 0,000460
отвернется 2,167317 0,000460
ответила 0,824895 0,000175
отвращением 1,021189 0,000433
открываемому 2,167317 0,000460
открыл 0,963197 0,000409
открыто 1,213075 0,000257
открыть 1,021189 0,000650
отличиться 2,167317 0,000460
отношениях 0,963197 0,000204
отнюдь 0,824895 0,000175
отправиться 1,125925 0,000239
отравившись 2,167317 0,000460
отрапортовать 2,167317 0,000460
отроческого 2,167317 0,000460
оттенки 2,167317 0,000460
оттуда 0,888564 0,000188
оттянут 2,167317 0,000460
отцовская 2,167317 0,000460
отцом 0,599116 0,000127
отцу 0,565257 0,000240
отцы 1,021189 0,000217
отчаянием 1,322219 0,000280
отыскать 1,167317 0,000248
отыскивать 1,690196 0,000358
оформление 0,000000 0,000000
очень 0,024303 0,000036
очередь 0,805589 0,000342
очки 1,468347 0,000623
ошибки 1,690196 0,000358
ощущения 1,264227 0,000268
павловске 1,053374 0,000223
палата 1,690196 0,000358
папашей 1,866287 0,000396
папаши 1,389166 0,000295
первейшего 1,866287 0,000396
первого 0,411442 0,000087
первые 0,787106 0,000167
первый 0,248239 0,000053
первым 0,769377 0,000163
первых 0,367977 0,000078
перед 0,554533 0,000118
передавала 1,866287 0,000396
передайте 1,264227 0,000268
передал 0,690196 0,000293
передали 1,565257 0,000332
передовой 1,866287 0,000396
переехал 1,322219 0,000280
переманил 2,167317 0,000460
переманить 2,167317 0,000460
перемутит 2,167317 0,000460
переносить 1,213075 0,000257
перестает 1,866287 0,000396
перестали 1,021189 0,000217
перешло 0,000000 0,000000
петербурге 0,690196 0,000146
печенка 2,167317 0,000460
пирогов 1,565257 0,001328
пирогова 2,167317 0,000460
пироговых 2,167317 0,000460
пирожок 2,167317 0,000460
писал 0,963197 0,000409
писатели 1,866287 0,000396
писатель 1,690196 0,000358
писателю 1,866287 0,000396
писать 0,912045 0,000193
письма 0,704919 0,000150
питает 1,690196 0,000358
плакал 0,824895 0,000175
плеч 1,389166 0,000295
побежал 0,623249 0,000132
побежала 1,053374 0,000223
поверить 0,824895 0,000175
повестях 2,167317 0,000460
повредить 1,690196 0,000358
повсеместно 1,088136 0,000231
повторял 0,912045 0,000193
повторялся 1,866287 0,000396
поглядев 1,264227 0,000268
поглядел 0,554533 0,000118
погрузился 1,565257 0,000332
подал 0,752344 0,000160
подборка 0,000000 0,000000
подколесин 2,167317 0,000919
подколесина 2,167317 0,000919
подколесины 2,167317 0,000460
подколесиными 2,167317 0,000460
подкрепления 2,167317 0,000460
подличал 1,866287 0,000396
подличать 2,167317 0,003677
подлости 1,389166 0,000295
подлостях 2,167317 0,000460
подсидеть 2,167317 0,000460
подсиживать 2,167317 0,000460
подсижу 2,167317 0,000460
подумав 1,389166 0,000295
подумала 1,167317 0,000248
подушке 1,690196 0,000358
подымаясь 1,322219 0,000280
пожалуй 0,237898 0,000151
пожалуйста 0,662167 0,000562
позариться 2,167317 0,000460
пойдет 0,720159 0,000458
пойдете 1,264227 0,000268
поймал 1,088136 0,000231
пока 0,213075 0,000045
показалось 0,495219 0,000105
показать 0,720159 0,000153
покамест 0,866287 0,000184
поклон 0,936868 0,000199
покориться 2,167317 0,000460
покоряется 2,167317 0,000460
покоряющегося 2,167317 0,000460
покражу 2,167317 0,000460
поле 1,125925 0,000239
полезен 2,167317 0,000460
полководец 2,167317 0,000460
полководцем 2,167317 0,000460
полноты 1,565257 0,000332
полную 1,053374 0,000223
половины 0,936868 0,000199
получают 1,690196 0,000358
поместительном 2,167317 0,000460
помешало 1,690196 0,000358
поминутно 0,635838 0,000405
помогли 1,565257 0,000332
поморщилась 2,167317 0,000460
помочь 0,912045 0,000387
понимаем 1,213075 0,000515
понимаете 0,866287 0,000184
понимаешь 0,769377 0,000163
понимал 0,554533 0,000235
понимая 0,787106 0,000167
понял 0,396465 0,000084
поняли 0,769377 0,000163
понять 0,396465 0,000168
попристальнее 2,167317 0,000460
поражающего 2,167317 0,000460
поразительное 2,167317 0,000460
поранили 2,167317 0,000460
порох 1,389166 0,000884
портится 2,167317 0,000460
поручик 1,213075 0,000257
поручика 1,565257 0,000332
порывистыми 2,167317 0,000919
порывчатость 1,690196 0,000358
порядочное 1,690196 0,000358
порядочной 1,866287 0,000396
посетителей 0,000000 0,000000
посетители 0,000000 0,000000
посетить 1,468347 0,000311
посещая 1,866287 0,000396
после 0,084532 0,000090
последней 0,623249 0,000132
посмертно 0,000000 0,000000
посмотрела 1,053374 0,000223
посмотри 1,125925 0,000239
посоветовала 2,167317 0,000460
поспешила 1,866287 0,000396
посредственность 2,167317 0,000460
поступив 2,167317 0,000460
поступить 1,053374 0,000223
потерплю 2,167317 0,000460
потешить 1,866287 0,000396
потихоньку 0,912045 0,000193
потише 1,565257 0,000332
потолстел 1,866287 0,000396
потом 0,084532 0,000072
потому 0,024303 0,000031
потребовал 1,264227 0,000268
потрясенный 1,565257 0,000332
поумнее 1,866287 0,000792
поучительные 2,167317 0,000460
похоже 0,845098 0,000179
похожи 1,468347 0,000311
похожим 2,167317 0,000460
почел 1,125925 0,000239
почему 0,099131 0,000063
почитает 1,468347 0,000311
почти 0,024303 0,000026
почувствовать 1,264227 0,000268
поэзия 1,866287 0,000396
правда 0,162996 0,000069
правдива 1,866287 0,000396
правдиво 1,690196 0,000358
правдоподобие 2,167317 0,000460
правее 2,167317 0,000460
право 0,361137 0,000153
практический 2,167317 0,000460
превосходнейшим 2,167317 0,000460
превосходно 1,125925 0,000239
пред 0,033778 0,000036
предрек 1,565257 0,000332
представило 2,167317 0,000460
представить 0,576253 0,000122
представлять 1,468347 0,000311
представят 2,167317 0,000460
предстояло 1,322219 0,000280
прежде 0,077412 0,000033
прежнее 0,991226 0,000841
прежние 1,088136 0,000231
презираешь 1,389166 0,000295
презирал 1,125925 0,000239
презираю 1,565257 0,000664
презрительно 0,866287 0,000367
преминул 2,167317 0,000460
пренебрегать 1,866287 0,000396
преследовала 2,167317 0,000919
преувеличение 1,565257 0,000332
прибавил 0,275223 0,000175
приближался 2,167317 0,000460
придавало 1,866287 0,000396
придало 1,866287 0,000396
приехала 1,125925 0,000239
прижизненно 0,000000 0,000000
признать 1,213075 0,000257
признаюсь 0,769377 0,000326
приличная 1,866287 0,000396
приличной 1,690196 0,000358
принадлежал 1,565257 0,000664
принадлежат 1,690196 0,000358
принес 0,805589 0,000342
принимаешь 1,389166 0,000295
принимал 1,088136 0,000231
принужден 0,991226 0,000210
принять 0,523865 0,000111
природа 1,125925 0,000478
прискорбии 2,167317 0,000460
прискорбной 2,167317 0,000919
пристал 1,389166 0,000295
пристальнее 1,866287 0,000396
пришел 0,322219 0,000068
приятный 1,866287 0,000396
пробормотал 0,334808 0,000142
пробормотала 1,468347 0,000311
провидение 1,322219 0,000280
проглядывало 1,690196 0,000358
проговорился 1,322219 0,000280
программирование 0,000000 0,000000
продавать 1,565257 0,000332
продолжал 0,292256 0,000062
продолжала 0,720159 0,000153
продолжая 1,021189 0,000217
проживал 1,213075 0,000257
проиграв 1,866287 0,000396
произведение 0,000000 0,000000
произведений 0,000000 0,000000
произведения 0,000000 0,000000
произвели 1,125925 0,000239
произвело 0,991226 0,000210
произнес 0,361137 0,000077
произнести 1,322219 0,000280
происходит 0,936868 0,000397
прокофьевне 0,963197 0,000204
прокофьевну 0,936868 0,000199
промолчит 2,167317 0,000460
проникнуть 1,468347 0,000311
пропагандистами 2,167317 0,000460
просиживала 2,167317 0,000460
просил 0,599116 0,000127
просто 0,232819 0,000198
прочем 1,866287 0,000396
прочитать 2,167317 0,000460
прошло 0,000000 0,000000
прыгают 2,167317 0,000460
птицын 0,824895 0,001050
птицына 1,167317 0,001733
птицыну 1,468347 0,000311
птицыным 1,468347 0,000311
публикации 0,000000 0,000000
пусть 0,253503 0,000161
пуще 0,599116 0,000127
пыльной 2,167317 0,000460
пьяная 1,264227 0,000268
пьяница 1,565257 0,000332
рада 0,866287 0,000184
рады 1,125925 0,000239
разбавляется 2,167317 0,000460
разбил 1,565257 0,000332
разбирай 2,167317 0,000460
разве 0,146128 0,000124
развел 1,866287 0,000396
развитии 2,167317 0,000460
разглядел 0,991226 0,000210
раздавленного 1,690196 0,000358
раздавленный 1,866287 0,000396
раздавливаемое 2,167317 0,000460
раздался 0,805589 0,000171
разделяются 2,167317 0,000460
раздражает 1,690196 0,000358
раздраженными 2,167317 0,000460
разжиженном 2,167317 0,000460
различила 2,167317 0,000460
разом 0,389166 0,000165
разорвать 1,565257 0,000332
разрешения 0,000000 0,000000
разряд 1,690196 0,000358
разряда 1,866287 0,001187
разряду 1,690196 0,001075
разу 0,704919 0,000150
разумеется 0,328468 0,000070
разъясненные 2,167317 0,000460
раскаивался 1,565257 0,000332
раскаяние 1,167317 0,000248
раскусил 1,866287 0,000792
распахнулась 1,866287 0,000396
рассердившись 1,565257 0,000332
рассердится 1,468347 0,000311
расскажет 1,468347 0,000311
рассказа 0,845098 0,000538
рассказать 0,623249 0,000132
рассказе 1,389166 0,000295
расспрашивали 1,690196 0,000358
рассуждая 1,565257 0,000332
рассуждение 1,322219 0,000280
рассчитывая 1,213075 0,000515
расчет 0,991226 0,000210
расширить 2,167317 0,000460
расширяются 2,167317 0,000460
рвавшего 2,167317 0,000460
ревет 1,690196 0,000358
редко 0,690196 0,000439
репутация 1,468347 0,000311
решение 0,735954 0,000156
решенное 1,866287 0,000396
решилась 1,053374 0,000223
решили 1,053374 0,000223
решился 0,554533 0,000353
решимостью 1,565257 0,000332
решительно 0,341243 0,000072
решиться 0,963197 0,000409
рогожин 0,704919 0,000150
рода 0,866287 0,000367
роде 0,504560 0,000107
родившийся 1,866287 0,000396
родителям 1,565257 0,000332
романах 1,866287 0,000396
романизм 2,167317 0,000460
романисту 2,167317 0,000460
романы 2,167317 0,000460
ростовщик 1,690196 0,001075
ротшильдово 2,167317 0,000460
ротшильдом 2,167317 0,001379
рублей 0,367977 0,000078
рукам 2,167317 0,000460
руками 0,280827 0,000060
руки 0,167317 0,000071
русская 0,000000 0,000000
рутина 1,866287 0,000396
рутиной 2,167317 0,000460
рутины 2,167317 0,000460
рявкнул 1,468347 0,000311
сайте 0,000000 0,000000
сама 0,208276 0,000088
самая 0,599116 0,000127
сами 0,142011 0,000090
самого 0,118099 0,000050
самодовольная 1,866287 0,000396
самодовольно 1,690196 0,000358
самодовольствием 2,167317 0,000460
самое 0,167317 0,000035
самой 0,258832 0,000110
самолюбия 1,389166 0,000295
самом 0,114239 0,000048
самоощущение 2,167317 0,000460
самопризнание 2,167317 0,000460
самостоятельнейший 2,167317 0,000460
самостоятельности 2,167317 0,000460
самостоятельною 2,167317 0,000460
самоудовлетворим 2,167317 0,000460
самый 0,198834 0,000042
самым 0,280827 0,000060
саркастически 1,866287 0,000396
свадьбами 2,167317 0,000460
свадьбу 1,468347 0,000311
свадьбы 1,213075 0,000515
света 0,845098 0,000179
свете 0,426955 0,000091
светлое 1,866287 0,000396
свидания 0,787106 0,000167
свободно 0,000000 0,000000
своего 0,091770 0,000097
своей 0,066947 0,000099
своем 0,198834 0,000211
свои 0,146128 0,000093
своими 0,495219 0,000210
своих 0,237898 0,000353
свой 0,189594 0,000040
свою 0,073896 0,000063
свысока 1,088136 0,000231
связало 1,690196 0,000358
связи 1,167317 0,000248
сделает 0,963197 0,000204
сделала 0,963197 0,000204
сделать 0,403889 0,000257
сдержал 1,167317 0,000248
себе 0,033778 0,000079
себя 0,005949 0,000015
сего 0,611015 0,000259
сегодня 0,000000 0,000000
села 1,053374 0,000223
семейные 1,468347 0,000311
семейства 0,690196 0,000439
семействе 0,866287 0,000184
семидесяти 0,000000 0,000000
семьи 1,389166 0,000295
семью 1,264227 0,000268
сердечный 1,690196 0,000358
сердился 1,322219 0,000280
сердись 1,167317 0,000248
сердце 0,171682 0,000182
серьезно 0,419129 0,000533
серьезное 1,213075 0,000257
серьезные 1,389166 0,000295
сестрица 1,389166 0,000295
сестру 1,213075 0,000257
сестры 0,824895 0,000875
сзади 0,824895 0,000175
сидишь 1,468347 0,000311
силу 0,866287 0,000551
сильно 0,292256 0,000062
сильными 1,866287 0,000396
синие 1,866287 0,000396
сияет 1,565257 0,000332
скажем 1,389166 0,000295
скажи 0,662167 0,000281
сказал 0,099131 0,000084
сказала 0,486076 0,000206
сказали 0,544068 0,000231
сказать 0,073896 0,000063
скамейке 1,213075 0,000257
скандалу 1,468347 0,000311
скандально 2,167317 0,000460
скачка 2,167317 0,000460
скачок 2,167317 0,000460
сколько 0,280827 0,000298
скоро 0,298086 0,000126
скромен 1,690196 0,000358
скромный 1,690196 0,000358
скрывал 1,088136 0,000231
скрываться 2,167317 0,000460
следовали 1,565257 0,000332
слишком 0,133894 0,000142
слово 0,232819 0,000049
слоеный 2,167317 0,000460
службу 1,264227 0,001073
служила 1,565257 0,000332
случае 0,248239 0,000211
случаи 1,125925 0,000239
случай 0,443041 0,000282
случаях 0,599116 0,000254
слушался 1,866287 0,000396
слышал 0,389166 0,000083
слышала 0,845098 0,000179
смеется 0,611015 0,000130
смешная 1,565257 0,000664
смешной 0,991226 0,000210
смешон 1,322219 0,000280
смеялись 0,752344 0,000160
смеясь 0,787106 0,000167
смириться 1,690196 0,000358
смотрел 0,298086 0,000126
смотрела 0,769377 0,000163
смотреть 0,477121 0,000101
смысле 0,752344 0,000160
сначала 0,434924 0,000184
снизойдет 2,167317 0,000460
снимая 1,565257 0,000332
снисхождение 1,866287 0,000792
сношения 1,167317 0,000248
снуют 2,167317 0,000460
собрание 0,000000 0,000000
собственной 1,088136 0,000231
собственном 1,389166 0,000295
собственность 1,565257 0,000332
собственные 1,088136 0,000462
событий 1,389166 0,000295
совершенно 0,180546 0,000268
совершенным 1,389166 0,000295
совести 0,690196 0,000293
советов 1,468347 0,000311
совсем 0,021189 0,000018
согласие 1,021189 0,000217
согласиться 1,213075 0,000257
согласия 0,000000 0,000000
согласна 1,565257 0,000332
содержании 2,167317 0,000460
содержит 1,690196 0,000358
создал 1,565257 0,000332
сознать 1,565257 0,000332
сознаюсь 1,167317 0,000248
сомневается 1,690196 0,000717
сомневаться 1,389166 0,000295
сомнения 0,523865 0,000222
сообщает 1,565257 0,000332
сорвать 1,322219 0,000280
составляли 1,389166 0,000295
составляют 1,866287 0,000396
состоянии 0,459747 0,000098
сострадательно 1,565257 0,000332
сотни 1,468347 0,000311
сохраняет 2,167317 0,000460
сочинений 0,000000 0,000000
сочини 2,167317 0,000460
сплетник 1,565257 0,000332
спохватилась 1,690196 0,000717
справлялась 1,565257 0,000332
спрашивал 0,769377 0,000163
спрашивала 1,088136 0,000231
спрашиваю 0,845098 0,000179
спросил 0,222835 0,000142
спросит 1,264227 0,000268
спустя 0,533849 0,000113
сразу 0,991226 0,000210
срам 1,213075 0,000257
срамить 1,690196 0,000358
средств 1,565257 0,000332
ставит 1,690196 0,000358
стал 0,125925 0,000107
стали 0,322219 0,000137
стало 0,091770 0,000078
станет 0,623249 0,000132
станется 1,389166 0,000295
становиться 1,690196 0,000358
стань 1,866287 0,000792
стараться 1,690196 0,000358
стараются 1,866287 0,000396
старик 0,434924 0,000461
старика 0,587534 0,000125
старике 1,389166 0,000295
стариком 1,389166 0,000295
старухе 1,565257 0,000332
старшие 1,468347 0,000623
старший 1,213075 0,000257
стати 1,213075 0,000257
стать 0,845098 0,000179
степени 0,389166 0,000083
стихи 1,125925 0,000478
стоило 1,021189 0,000650
стоит 0,316059 0,000067
стоите 1,213075 0,000257
стой 0,912045 0,000193
столечко 1,866287 0,000396
стороны 0,185046 0,000078
стоявшем 2,167317 0,000460
страдальческий 2,167317 0,000460
страдания 0,888564 0,000188
страничку 2,167317 0,000460
странно 0,354404 0,000150
странною 1,264227 0,000268
странные 0,824895 0,000175
странным 0,752344 0,000160
странными 1,322219 0,000280
страстном 2,167317 0,000460
страхом 0,912045 0,000193
струсила 1,565257 0,000664
студенту 2,167317 0,000460
стыда 0,805589 0,000171
стыдлива 1,866287 0,000396
сумасбродства 2,167317 0,000460
сумасшедшею 2,167317 0,000460
сумасшедший 0,805589 0,000171
супруг 1,468347 0,000311
существом 1,264227 0,000268
существует 0,866287 0,000184
существуют 1,389166 0,000295
сущность 1,322219 0,000280
схватила 0,912045 0,000193
схватился 1,389166 0,000295
счастливее 1,468347 0,000311
счастья 0,888564 0,000377
съел 1,322219 0,000280
таинственность 1,866287 0,000396
такая 0,309985 0,000263
также 0,000000 0,000000
таки 0,066947 0,000057
такие 0,232819 0,000148
таким 0,243038 0,000052
таких 0,243038 0,000258
таковы 1,167317 0,000495
такого 0,243038 0,000103
такое 0,114239 0,000145
такой 0,077412 0,000016
таком 0,309985 0,000131
таланта 1,866287 0,000396
таланте 2,167317 0,000460
тварь 0,991226 0,000420
твердостию 2,167317 0,000460
твоих 0,963197 0,000204
тебе 0,203530 0,000259
тебя 0,198834 0,000211
текст 0,000000 0,000000
тему 0,963197 0,000204
теперешнее 1,322219 0,000280
теперь 0,015029 0,000041
типами 2,167317 0,000460
типе 2,167317 0,000460
типическом 2,167317 0,000919
типичность 2,167317 0,000919
типы 2,167317 0,000919
тогда 0,050046 0,000096
того 0,005949 0,000014
тоже 0,043466 0,000083
толстеющих 2,167317 0,000460
только 0,002964 0,000015
томах 0,000000 0,000000
тому 0,095435 0,000020
тоска 1,088136 0,000231
тоски 1,389166 0,000295
тоску 1,264227 0,000268
тотчас 0,046743 0,000030
точки 0,912045 0,000193
точку 1,264227 0,000268
точно 0,121994 0,000052
трагедии 1,565257 0,000332
трагически 1,565257 0,000332
тремя 0,963197 0,000204
трепетал 1,213075 0,000257
трудами 2,167317 0,000460
трудно 0,459747 0,000098
тщеславие 1,565257 0,000332
тщеславием 1,690196 0,000358
тщеславился 2,167317 0,000460
тщеславия 1,322219 0,000280
тысячу 0,769377 0,000326
тянул 1,468347 0,000311
убедился 0,963197 0,000204
убедиться 1,125925 0,000716
убежден 0,752344 0,000319
убеждения 0,991226 0,000210
убивало 1,565257 0,000332
уважение 1,021189 0,000217
уверилась 2,167317 0,000460
увидев 0,866287 0,000367
увидим 1,322219 0,000280
увидишь 1,125925 0,000478
углублялась 2,167317 0,000460
угол 0,735954 0,000156
удалось 0,824895 0,000175
удержится 2,167317 0,000460
удивительного 1,468347 0,000311
удивительном 1,866287 0,000396
удивить 1,468347 0,000311
удивлении 0,936868 0,000199
удивлению 1,053374 0,000223
удивлены 2,167317 0,000460
удовлетворения 1,389166 0,000295
удовольствием 0,704919 0,000299
удовольствия 0,991226 0,000210
удочку 1,866287 0,000396
ужасно 0,167317 0,000213
ужасные 1,468347 0,000311
узнав 0,936868 0,000199
узнал 0,381987 0,000081
узнала 0,805589 0,000683
узнать 0,374926 0,000239
улице 0,635838 0,000135
улыбался 1,213075 0,000257
умеет 1,021189 0,000217
умел 0,866287 0,000184
умели 1,322219 0,000280
умереть 0,936868 0,000199
умершим 0,000000 0,000000
умирает 1,053374 0,000223
умирать 1,389166 0,000589
умного 1,565257 0,000332
умный 0,936868 0,000397
умным 1,021189 0,000217
умных 1,322219 0,000561
умрет 0,824895 0,000175
уныние 2,167317 0,000460
упадок 2,167317 0,000460
упал 0,675956 0,000143
упоминала 1,690196 0,000358
упорными 2,167317 0,000460
упорство 2,167317 0,000460
употребить 1,389166 0,000295
упрекала 1,866287 0,000396
уронил 1,866287 0,000396
усилия 1,264227 0,000268
усладиться 2,167317 0,000460
услышала 1,322219 0,000280
усмешкой 0,963197 0,000204
успел 0,354404 0,000150
успела 0,824895 0,000175
успокоительна 2,167317 0,000460
успокоиться 1,053374 0,000223
устали 1,565257 0,000332
усталым 2,167317 0,000460
утешительна 2,167317 0,000460
утра 0,576253 0,000122
утро 0,662167 0,000140
ухлопал 2,167317 0,000460
уходила 1,389166 0,000295
учеными 2,167317 0,000460
факт 0,675956 0,000143
фамилии 1,088136 0,000231
фамилия 1,468347 0,000311
федор 0,000000 0,000000
федорович 0,253503 0,000054
федоровичу 0,599116 0,000127
фиаско 2,167317 0,000460
филипповной 1,021189 0,000217
философию 1,866287 0,000396
философом 1,565257 0,000332
формальное 1,565257 0,000332
формальный 1,389166 0,000295
франц 0,635838 0,000135
характер 0,635838 0,000405
характера 0,824895 0,000175
характере 1,213075 0,000257
характернее 1,866287 0,000396
характерном 2,167317 0,000460
характером 0,866287 0,000184
хитрая 1,866287 0,000792
хитро 1,322219 0,000280
хмуриться 2,167317 0,000460
ходит 0,769377 0,000163
ходить 0,576253 0,000122
хорошей 1,167317 0,000248
хороши 1,088136 0,000231
хорошо 0,189594 0,000161
хотел 0,158717 0,000135
хоть 0,060107 0,000013
хотя 0,050046 0,000053
хочет 0,322219 0,000137
хочется 0,704919 0,000150
хочешь 0,544068 0,000231
хочу 0,243038 0,000052
художественно 1,690196 0,000358
хуже 0,635838 0,000135
цели 0,662167 0,000281
целиком 1,866287 0,001187
целого 1,125925 0,000239
цене 1,866287 0,000396
ценю 1,468347 0,000311
церемоний 2,167317 0,000460
церемонься 2,167317 0,000460
часа 0,000000 0,000000
частию 1,264227 0,000268
часть 0,002964 0,000001
чего 0,040213 0,000128
чекань 2,167317 0,000460
человек 0,036984 0,000063
человека 0,154480 0,000033
человеком 0,504560 0,000214
человеку 0,459747 0,000098
человеческие 1,866287 0,000396
чему 0,341243 0,000145
червячка 2,167317 0,000460
чердак 1,565257 0,000332
черт 0,477121 0,000101
черты 0,963197 0,001021
честен 1,322219 0,000280
честная 1,690196 0,000358
честно 0,991226 0,000210
честный 1,021189 0,000217
честным 1,322219 0,000280
четвертая 0,426955 0,000181
четыреста 1,213075 0,000257
четырех 0,888564 0,000188
четырьмя 1,565257 0,000332
чине 1,389166 0,000295
числа 1,389166 0,000295
число 0,000000 0,000000
читаем 0,000000 0,000000
читала 1,213075 0,000257
читателей 1,468347 0,000311
читателем 2,167317 0,000460
читателю 1,264227 0,000268
читателя 1,565257 0,000332
читать 0,000000 0,000000
чрез 0,275223 0,000058
чрезвычайно 0,217927 0,000139
чрезвычайное 0,735954 0,000156
чрезвычайною 0,991226 0,000210
чрезвычайные 1,468347 0,000311
чрезвычайный 1,088136 0,000231
чрезвычайным 0,720159 0,000153
чтоб 0,073896 0,000110
чтобы 0,030597 0,000071
чувства 0,495219 0,000105
чувствует 0,866287 0,000184
чудачества 2,167317 0,000460
чудачка 1,565257 0,000332
чужих 1,213075 0,000257
чужого 1,322219 0,000280
чуть 0,176091 0,000187
чутьем 1,866287 0,000396
чьего 0,000000 0,000000
шагу 1,021189 0,000217
шансов 1,866287 0,000396
шкап 1,565257 0,000332
школьник 1,264227 0,000268
шлепнулся 1,690196 0,000358
шляпки 2,167317 0,000460
шутя 1,690196 0,000358
эполет 2,167317 0,000460
этак 0,690196 0,000439
этакой 1,053374 0,000223
этим 0,189594 0,000080
этих 0,213075 0,000181
этого 0,053374 0,000057
этой 0,118099 0,000050
этом 0,046743 0,000089
этому 0,322219 0,000068
этот 0,011981 0,000008
юности 1,088136 0,000231
яростью 1,690196 0,000358
ясно 0,354404 0,000150
