автор 0,000000 0,000000
автором 0,000000 0,000000
авторского 0,000000 0,000000
авторы 0,000000 0,000000
аделаида 0,845098 0,000395
аделаиду 1,322219 0,000617
аделаиды 1,021189 0,000477
актеров 1,866287 0,000871
алексей 0,000000 0,000000
алексея 0,000000 0,000000
алеша 0,381987 0,000178
алешей 0,752344 0,000351
алеши 0,544068 0,000508
баба 1,213075 0,001133
бабы 1,167317 0,001090
баньки 2,167317 0,001012
баню 1,468347 0,001371
барина 0,936868 0,000437
барский 1,866287 0,000871
бедненького 1,866287 0,000871
безответно 1,866287 0,000871
безответную 1,690196 0,000789
безропотно 2,167317 0,001012
беременна 1,866287 0,000871
беспрекословно 1,690196 0,000789
беспутство 2,167317 0,001012
бессемейника 2,167317 0,001012
бесспорно 1,021189 0,000477
бесчестна 1,866287 0,000871
библиотека 0,000000 0,000000
бивал 1,690196 0,000789
бить 1,088136 0,000508
близком 1,690196 0,000789
богатых 1,468347 0,000686
богоносного 2,167317 0,001012
божественного 1,866287 0,000871
божественным 2,167317 0,001012
более 0,000000 0,000000
болезненные 1,565257 0,000731
болезненный 1,213075 0,000566
болтливый 2,167317 0,001012
больно 0,787106 0,000367
больную 1,389166 0,000649
больше 0,137934 0,000193
большею 1,021189 0,000477
большие 0,720159 0,000336
большую 0,866287 0,000404
боялся 0,587534 0,000274
брака 1,088136 0,000508
братья 0,176091 0,000329
будет 0,077412 0,000036
будить 1,468347 0,000686
будто 0,099131 0,000046
будущем 1,021189 0,000477
бывал 0,936868 0,000437
бывали 0,824895 0,000385
была 0,046743 0,000131
были 0,099131 0,000093
было 0,000000 0,000000
быть 0,002964 0,000007
важность 1,565257 0,000731
важный 1,125925 0,001051
васильевич 1,213075 0,000566
васильевича 1,690196 0,000789
васильевиче 2,167317 0,001012
вдруг 0,005949 0,000011
веке 1,468347 0,000686
великим 1,322219 0,000617
величественный 2,167317 0,001012
вернейший 1,468347 0,000686
верного 1,690196 0,000789
верном 2,167317 0,001012
веру 0,845098 0,000395
верх 1,088136 0,000508
веселым 1,167317 0,000545
веские 2,167317 0,001012
весна 2,167317 0,001012
весьма 0,243038 0,000340
ветх 2,167317 0,001012
вечерам 1,389166 0,000649
вещах 1,322219 0,002469
вещь 0,720159 0,000336
взаправду 1,322219 0,000617
взгляда 0,662167 0,000309
взял 0,269690 0,000126
видел 0,248239 0,000348
видимо 0,328468 0,000460
визиты 0,000000 0,000000
влияние 1,167317 0,000545
вникать 2,167317 0,001012
внимания 0,845098 0,000395
вовсе 0,150284 0,000070
водились 2,167317 0,002024
вознаграждения 0,000000 0,000000
возразил 1,322219 0,000617
войдя 0,735954 0,000344
волей 1,213075 0,000566
волосы 0,991226 0,000463
вообще 0,459747 0,000429
воротясь 1,389166 0,000649
восприемника 2,167317 0,001012
востро 1,690196 0,000789
вперед 0,426955 0,000199
вплоть 0,866287 0,000404
вполне 0,316059 0,000148
впоследствии 0,662167 0,000309
впредь 0,752344 0,000351
впрочем 0,118099 0,000221
впятеро 1,866287 0,000871
времени 0,269690 0,000126
время 0,043466 0,000041
врет 1,322219 0,000617
всегда 0,129891 0,000121
всегдашнюю 2,167317 0,001012
всего 0,040213 0,000056
всем 0,070407 0,000033
всему 0,486076 0,000227
всех 0,060107 0,000028
вслух 0,533849 0,000249
вслушался 2,167317 0,001012
всмотреться 2,167317 0,001012
вспоминала 2,167317 0,001012
встал 0,403889 0,000189
всякая 1,167317 0,000545
вторую 1,322219 0,000617
входа 1,167317 0,000545
выйдя 0,963197 0,000450
выказывать 1,468347 0,000686
выписанный 2,167317 0,001012
выплаты 0,000000 0,000000
выплачивал 2,167317 0,001012
выпускающий 2,167317 0,001012
выражался 1,322219 0,000617
выразился 0,752344 0,000351
выручал 1,866287 0,000871
выскочила 1,565257 0,000731
высокий 0,991226 0,000463
высшие 1,389166 0,000649
выцеживал 2,167317 0,001012
вычесывал 1,866287 0,000871
вышло 0,523865 0,000245
главное 0,189594 0,000089
глубокою 1,866287 0,000871
глупая 1,264227 0,000590
глядел 0,554533 0,000259
говаривал 1,866287 0,000871
говорила 0,587534 0,000549
говорили 0,374926 0,000350
говорить 0,162996 0,000228
говоря 0,434924 0,000203
годы 0,963197 0,000450
горле 1,690196 0,000789
города 0,704919 0,000329
городская 1,690196 0,000789
городу 0,888564 0,000415
господ 1,264227 0,000590
господина 0,824895 0,000770
гости 0,769377 0,000359
гребешком 1,866287 0,000871
григории 1,690196 0,000789
григорий 0,720159 0,005716
григория 0,845098 0,000789
гробик 1,468347 0,000686
грозил 1,866287 0,000871
громко 0,504560 0,000236
грустней 2,167317 0,001012
гряды 1,866287 0,000871
давно 0,158717 0,000074
даже 0,005949 0,000031
далеко 0,599116 0,000280
дальше 0,002964 0,000001
данные 0,000000 0,000000
двадцать 0,411442 0,000192
двор 1,053374 0,000984
двора 0,912045 0,000426
дворе 0,787106 0,000367
дворовою 2,167317 0,001012
девки 1,468347 0,000686
девушкой 1,690196 0,000789
действительно 0,106619 0,000100
дела 0,309985 0,000145
делах 0,963197 0,000450
дело 0,063514 0,000059
день 0,162996 0,000152
деньжонки 1,866287 0,000871
деревенские 1,866287 0,000871
деревенскому 2,167317 0,001012
деревне 1,389166 0,000649
держать 0,963197 0,000450
детей 0,576253 0,000538
деточке 2,167317 0,001012
детский 1,468347 0,000686
дмитрия 0,599116 0,000559
добыл 1,866287 0,000871
довольно 0,129891 0,000182
долг 0,888564 0,001659
долго 0,222835 0,000104
дома 0,298086 0,000139
домашнем 1,565257 0,000731
доме 0,322219 0,000451
домой 0,459747 0,000215
допускал 1,389166 0,000649
доселе 0,912045 0,000852
достоевский 0,000000 0,000000
достояние 0,000000 0,000000
дракон 2,167317 0,003035
друг 0,269690 0,000126
другим 0,533849 0,000249
других 0,459747 0,000215
другой 0,146128 0,000068
другом 0,477121 0,000223
дружественный 2,167317 0,001012
духовный 1,690196 0,001578
душа 0,565257 0,000264
душе 0,514105 0,000480
если 0,011981 0,000006
есть 0,018098 0,000017
жалованье 1,264227 0,001180
желая 0,662167 0,000309
железною 1,866287 0,000871
жена 0,912045 0,001277
жену 0,991226 0,000463
женщина 0,396465 0,000740
жестокий 1,565257 0,000731
жизни 0,222835 0,000312
жизнь 0,162996 0,000228
житейских 1,565257 0,000731
заблагорассудил 1,866287 0,000871
забор 1,125925 0,000526
заботы 1,322219 0,000617
забравшись 2,167317 0,001012
заговаривал 1,322219 0,000617
закаялась 2,167317 0,001012
заметил 0,154480 0,000072
замечанию 2,167317 0,001012
замечательно 1,125925 0,000526
замечать 1,322219 0,000617
замок 1,088136 0,000508
заниматься 1,389166 0,000649
запаха 2,167317 0,001012
запираем 2,167317 0,001012
запирался 1,866287 0,000871
засветил 2,167317 0,001012
заслужившему 2,167317 0,001012
засыпали 1,866287 0,000871
защитил 1,690196 0,000789
защищал 1,690196 0,000789
заявил 0,912045 0,000852
здесь 0,095435 0,000045
землю 0,565257 0,000264
зимой 1,322219 0,000617
злое 1,322219 0,000617
знал 0,114239 0,000213
зовет 1,021189 0,000477
зрелище 1,468347 0,000686
ивановна 0,486076 0,000227
ивановну 0,805589 0,000752
ивановны 0,554533 0,000259
иваном 0,845098 0,000789
игнатьевна 1,125925 0,004731
игнатьевне 1,565257 0,000731
игнатьевны 1,565257 0,000731
идут 1,322219 0,001235
идущий 1,866287 0,000871
избе 1,088136 0,000508
избу 1,125925 0,000526
избы 1,264227 0,000590
известная 1,565257 0,000731
изменил 1,125925 0,000526
имеет 0,623249 0,000291
имел 0,347773 0,000325
именно 0,066947 0,000031
иногда 0,208276 0,000292
иной 0,587534 0,000274
иова 1,690196 0,000789
исаака 1,866287 0,000871
использоваться 0,000000 0,000000
испугалась 1,213075 0,000566
испугали 2,167317 0,001012
истерический 1,866287 0,000871
истина 1,088136 0,000508
источник 0,000000 0,000000
ихний 1,866287 0,000871
каждый 0,367977 0,000344
какие 0,232819 0,000109
каким 0,194189 0,000181
каких 0,468347 0,000219
каков 0,888564 0,000415
какой 0,095435 0,000089
какую 0,419129 0,000196
калитки 1,565257 0,000731
карамазова 0,912045 0,000426
карамазовы 0,180546 0,000337
карьеры 1,167317 0,000545
качестве 1,088136 0,000508
кликушу 1,468347 0,000686
ключ 1,213075 0,000566
книга 0,176091 0,000164
книги 0,000000 0,000000
книгу 0,936868 0,000875
когда 0,015029 0,000063
кого 0,222835 0,000312
колени 0,888564 0,000415
коли 0,269690 0,000252
комаров 0,000000 0,000000
комнате 0,389166 0,000182
кому 0,341243 0,000159
конечно 0,060107 0,000028
кончились 1,468347 0,000686
копал 2,167317 0,001012
корыте 1,565257 0,000731
которую 0,292256 0,000136
который 0,110412 0,000052
которым 0,389166 0,000182
краской 1,565257 0,000731
красною 1,389166 0,000649
крепкий 1,565257 0,000731
крепостные 1,866287 0,000871
крестить 1,866287 0,001743
крестьян 1,565257 0,000731
крещения 1,866287 0,000871
кроме 0,158717 0,000074
крошку 2,167317 0,001012
круглые 1,866287 0,000871
кругом 0,419129 0,000196
крыльцо 1,167317 0,000545
крысы 2,167317 0,001012
крышкой 2,167317 0,001012
купели 2,167317 0,001012
кутузове 2,167317 0,001012
кухне 1,213075 0,000566
кухня 2,167317 0,001012
кухонного 2,167317 0,001012
кушанье 1,565257 0,000731
лакейской 1,690196 0,000789
ласковость 1,866287 0,000871
легкомысленное 1,565257 0,000731
легче 0,787106 0,000367
лежал 0,648803 0,000303
лесенок 2,167317 0,001012
летом 1,264227 0,000590
либо 0,000000 0,000000
лизавета 0,662167 0,000618
литература 0,000000 0,000000
лицах 1,389166 0,000649
лицо 0,114239 0,000053
лицом 0,000000 0,000000
лично 0,720159 0,000336
лишь 0,185046 0,000259
ложился 1,389166 0,000649
лузях 2,167317 0,001012
любившего 1,468347 0,000686
любил 0,374926 0,001225
любым 0,000000 0,000000
людском 2,167317 0,001012
майская 2,167317 0,001012
маленько 1,866287 0,000871
маленькую 1,021189 0,000477
мало 0,208276 0,000292
мальчик 0,495219 0,000925
мальчиком 1,389166 0,000649
манером 1,264227 0,000590
марфа 0,991226 0,004628
марфе 1,322219 0,000617
марфы 1,565257 0,000731
мать 0,389166 0,000182
мгновения 0,991226 0,000463
между 0,129891 0,000121
мезонином 2,167317 0,001012
меньшей 1,690196 0,000789
меня 0,027438 0,000013
мере 0,269690 0,000126
минеи 1,690196 0,000789
минутами 1,021189 0,000477
минутку 0,704919 0,000329
минуту 0,084532 0,000039
мистицизму 1,866287 0,000871
миусовых 1,866287 0,000871
младенец 1,264227 0,000590
младенца 1,053374 0,001475
мнения 0,936868 0,000437
многие 0,468347 0,000219
много 0,080958 0,000076
многого 0,991226 0,000463
многолетно 2,167317 0,001012
могилке 1,690196 0,000789
могилки 1,866287 0,000871
могилку 1,468347 0,000686
моего 0,367977 0,000172
может 0,000000 0,000000
можно 0,088136 0,000041
молвить 1,690196 0,000789
молился 1,322219 0,000617
молодая 0,936868 0,000437
молодой 0,381987 0,000178
молочницы 2,167317 0,001012
молча 0,367977 0,000344
молчал 0,565257 0,000264
молчание 0,912045 0,000426
молчать 1,088136 0,000508
молчи 0,912045 0,000426
момент 0,720159 0,000336
момента 0,000000 0,000000
моментально 1,866287 0,000871
москву 0,845098 0,000395
москвы 0,888564 0,000415
мужа 0,991226 0,000926
наверно 0,264227 0,000123
навсегда 0,735954 0,001031
надевая 1,565257 0,000731
надеждой 1,389166 0,000649
надо 0,036984 0,000052
назад 0,000000 0,000000
название 0,000000 0,000000
назначил 1,468347 0,000686
наиболее 1,125925 0,000526
найти 0,000000 0,000000
наконец 0,073896 0,000034
намека 1,322219 0,000617
наоборот 1,690196 0,000789
написано 0,000000 0,000000
например 0,298086 0,000139
напротив 0,180546 0,000084
нарочно 0,227798 0,000213
наружности 1,322219 0,000617
наружность 1,389166 0,000649
насекомое 1,565257 0,000731
насмешечкой 2,167317 0,001012
наставление 1,866287 0,000871
натуральную 2,167317 0,001012
наука 0,000000 0,000000
начала 0,381987 0,000178
начале 0,787106 0,000367
начали 0,735954 0,000344
начать 0,720159 0,000336
начетливость 2,167317 0,001012
начинал 0,662167 0,000309
нашего 0,396465 0,000370
небольшое 1,866287 0,000871
небывалую 2,167317 0,001012
невозможно 0,411442 0,000192
неглубокую 2,167317 0,001012
него 0,000000 0,000000
недалеко 0,912045 0,000426
недели 0,565257 0,000528
неизвестного 1,565257 0,000731
некоторое 0,486076 0,000227
некоторых 0,824895 0,001155
нелегкомысленные 2,167317 0,001012
нелогическим 2,167317 0,001012
нельзя 0,176091 0,000082
нему 0,080958 0,000151
ненавидел 0,991226 0,000463
необходимых 1,565257 0,000731
необычайную 1,565257 0,000731
неожиданным 0,963197 0,000899
неожиданных 1,565257 0,000731
неоспоримое 1,866287 0,000871
неподкупен 2,167317 0,001012
непостижимо 2,167317 0,001012
непреложная 2,167317 0,001012
непременно 0,133894 0,000063
несколько 0,102859 0,000048
несмотря 0,275223 0,000128
несчастной 1,565257 0,000731
неуклонный 2,167317 0,001012
нечто 0,389166 0,000363
неясно 1,088136 0,000508
нибудь 0,030597 0,000057
никогда 0,088136 0,000041
ничего 0,030597 0,000071
ничем 0,769377 0,000359
ничему 1,053374 0,000492
новорожденного 1,690196 0,000789
новорожденном 2,167317 0,001012
новую 0,752344 0,000351
ночь 0,248239 0,000464
ночью 0,587534 0,000549
нравственное 1,565257 0,000731
нуждается 1,322219 0,000617
нужды 1,468347 0,000686
обдумывал 1,468347 0,000686
обидчику 1,468347 0,000686
обмывал 2,167317 0,001012
обратилась 0,888564 0,000415
обратился 0,443041 0,000207
обращая 1,468347 0,000686
обучал 2,167317 0,001012
обширен 2,167317 0,001012
общественное 0,000000 0,000000
обыкновение 2,167317 0,001012
огороде 1,565257 0,000731
оделся 1,322219 0,000617
один 0,046743 0,000131
однажды 0,635838 0,000297
одни 0,459747 0,000215
одному 0,334808 0,000156
одноэтажный 1,866287 0,000871
одною 0,787106 0,000367
одну 0,232819 0,000109
оказался 0,824895 0,000385
окраине 2,167317 0,001012
окрашенный 2,167317 0,001012
окрестили 1,565257 0,000731
опасного 1,866287 0,000871
определил 1,389166 0,000649
определить 1,167317 0,000545
опубликовано 0,000000 0,000000
оригинальным 1,468347 0,000686
осведомился 0,888564 0,000415
освобождения 2,167317 0,001012
особенным 0,912045 0,000426
особо 1,468347 0,000686
оставаться 0,769377 0,000359
оставившим 2,167317 0,001012
остаешься 2,167317 0,001012
остолбенел 1,125925 0,000526
осудил 1,565257 0,000731
ответила 0,824895 0,000385
отворив 1,389166 0,000649
отзывавшееся 2,167317 0,001012
откуда 0,523865 0,000245
отпускал 1,690196 0,000789
отпускать 2,167317 0,001012
отсутствие 1,565257 0,000731
отца 0,222835 0,000104
оформление 0,000000 0,000000
очень 0,024303 0,000045
очки 1,468347 0,000686
ощущал 1,021189 0,000477
ощущать 1,213075 0,000566
павлович 0,419129 0,002152
павловича 0,451314 0,000843
павловичем 0,866287 0,000809
первая 0,419129 0,000391
первого 0,411442 0,000384
первую 0,805589 0,000376
первый 0,248239 0,000116
переброситься 2,167317 0,001012
перенес 1,389166 0,000649
переходить 1,468347 0,000686
перешло 0,000000 0,000000
печать 1,866287 0,000871
плач 1,866287 0,001743
плачет 0,824895 0,000385
плюнув 2,167317 0,001012
поблизости 1,866287 0,000871
побои 1,565257 0,001461
повествовал 1,866287 0,000871
повторялись 1,866287 0,000871
подборка 0,000000 0,000000
подле 0,419129 0,000587
подчинялась 1,690196 0,000789
пожалуй 0,237898 0,000333
позвать 1,322219 0,000617
пойму 1,565257 0,000731
поклонился 0,912045 0,000426
покорную 2,167317 0,001012
получил 0,635838 0,000297
помер 0,963197 0,000450
поместителен 2,167317 0,001012
поместить 1,866287 0,000871
помешал 1,690196 0,000789
помещичьем 2,167317 0,001012
помирала 2,167317 0,001012
понимаешь 0,769377 0,000359
понимай 1,866287 0,000871
понимал 0,554533 0,000259
понимала 1,213075 0,000566
понимать 0,690196 0,000322
понимаю 0,381987 0,000178
понял 0,396465 0,000185
поняла 0,787106 0,000367
попасть 1,322219 0,000617
попеть 2,167317 0,001012
поплясать 2,167317 0,001012
поподробнее 2,167317 0,001012
порадовал 2,167317 0,001012
поразил 0,912045 0,000426
посетителей 0,000000 0,000000
посетители 0,000000 0,000000
после 0,084532 0,000079
последнее 0,486076 0,000227
посмертно 0,000000 0,000000
посмеялись 2,167317 0,001012
постом 1,690196 0,000789
посторонним 1,565257 0,000731
построен 2,167317 0,001012
потаскав 2,167317 0,001012
потаскуна 2,167317 0,001012
потом 0,084532 0,000039
потому 0,024303 0,000045
потребность 0,963197 0,000450
потрясен 1,213075 0,000566
поучил 2,167317 0,001012
похоронили 1,690196 0,000789
почему 0,099131 0,000046
почти 0,024303 0,000057
пошел 0,275223 0,000128
пощечину 1,167317 0,000545
появления 1,125925 0,000526
праведника 1,389166 0,000649
пред 0,033778 0,000063
преданности 1,389166 0,000649
преданный 1,866287 0,000871
прежнего 0,824895 0,000385
презрения 0,963197 0,000450
преимуществу 1,468347 0,000686
привязанность 1,690196 0,000789
придала 1,690196 0,000789
приезде 1,264227 0,000590
прижизненно 0,000000 0,000000
признает 1,322219 0,000617
признался 0,936868 0,000437
принес 0,805589 0,000376
приносили 1,690196 0,000789
принял 0,565257 0,000264
природы 1,021189 0,000477
прислуги 1,565257 0,000731
прислушался 1,866287 0,000871
прислушиваться 1,866287 0,000871
приставала 1,565257 0,000731
пристально 0,389166 0,000182
приходил 0,720159 0,000336
приходилось 1,264227 0,000590
приходится 1,468347 0,000686
причинам 1,264227 0,000590
причт 2,167317 0,001012
пришел 0,322219 0,000150
пришли 0,704919 0,000329
пришло 0,991226 0,000463
приятную 2,167317 0,001012
пробормотал 0,334808 0,000313
провозился 1,690196 0,000789
программирование 0,000000 0,000000
продолжение 0,912045 0,000426
прозвищу 1,866287 0,000871
произведение 0,000000 0,000000
произведений 0,000000 0,000000
произведения 0,000000 0,000000
произошло 0,495219 0,000231
промолчал 1,167317 0,000545
пронзил 2,167317 0,001012
проповедей 2,167317 0,001012
проснувшись 1,690196 0,000789
простоять 1,690196 0,000789
против 0,389166 0,000363
противился 1,866287 0,000871
прочен 2,167317 0,001012
прочитывал 2,167317 0,001012
прошлась 2,167317 0,002024
прошло 0,000000 0,000000
прямодушную 2,167317 0,001012
прямолинейно 2,167317 0,001012
пряток 2,167317 0,001012
публикации 0,000000 0,000000
пустяках 1,389166 0,000649
пущую 2,167317 0,001012
пьяными 1,468347 0,000686
разбудила 1,866287 0,000871
разве 0,146128 0,000205
развратнейший 1,866287 0,000871
развратный 1,690196 0,000789
разных 0,866287 0,000809
разрешения 0,000000 0,000000
разу 0,704919 0,000987
разумеется 0,328468 0,000307
разъяснить 0,936868 0,000875
разы 1,866287 0,000871
распространялся 1,866287 0,000871
распространяться 1,468347 0,000686
рассказа 0,845098 0,000789
рассудительнее 2,167317 0,001012
ребенка 0,787106 0,001102
ребенке 1,690196 0,000789
ребеночек 1,468347 0,001371
ребеночка 1,565257 0,000731
редко 0,690196 0,000644
решил 0,514105 0,000240
ровно 0,533849 0,000249
роде 0,504560 0,000236
родила 1,389166 0,000649
родился 1,322219 0,001235
руки 0,167317 0,000078
русская 0,000000 0,000000
русскую 1,213075 0,000566
сада 1,167317 0,001090
садовый 1,866287 0,000871
саду 0,936868 0,000875
сайте 0,000000 0,000000
самого 0,118099 0,000165
самое 0,167317 0,000078
самой 0,258832 0,000121
самом 0,114239 0,000053
самый 0,198834 0,000093
самых 0,468347 0,000219
сбежала 1,565257 0,000731
свет 0,468347 0,000219
свободно 0,000000 0,000000
своего 0,091770 0,000171
своей 0,066947 0,000125
своем 0,198834 0,000278
своему 0,367977 0,000172
свои 0,146128 0,000136
свою 0,073896 0,000069
священник 1,866287 0,000871
священника 1,468347 0,000686
священное 1,690196 0,000789
себе 0,033778 0,000063
себя 0,005949 0,000003
сегодня 0,000000 0,000000
семидесяти 0,000000 0,000000
семью 1,264227 0,000590
сердился 1,322219 0,000617
сердится 1,167317 0,001090
сердце 0,171682 0,000160
сердцу 0,769377 0,000359
серебряные 1,389166 0,000649
серенькою 2,167317 0,001012
симпатия 1,468347 0,000686
сирина 1,866287 0,000871
сказать 0,073896 0,000069
скандал 1,053374 0,000492
скверну 2,167317 0,001012
скитавшаяся 2,167317 0,001012
склонен 2,167317 0,001012
склонялась 2,167317 0,001012
скорбью 1,565257 0,000731
скорее 0,514105 0,000240
скоро 0,298086 0,000139
скрывал 1,088136 0,000508
скучно 1,021189 0,000477
слабоват 2,167317 0,001012
сладострастии 1,866287 0,000871
сладострастники 1,389166 0,001297
слегка 0,936868 0,000437
следует 0,936868 0,000437
слов 0,367977 0,000172
слова 0,129891 0,000061
словах 0,635838 0,000297
словечку 2,167317 0,001012
словно 0,866287 0,000404
слово 0,232819 0,000109
словцом 2,167317 0,001012
сложные 2,167317 0,001012
слуг 1,389166 0,001297
слуга 0,888564 0,000415
служебных 2,167317 0,001012
случае 0,248239 0,000116
случаем 1,389166 0,000649
случаи 1,125925 0,001051
случай 0,443041 0,000414
случалось 0,824895 0,001155
случилось 0,403889 0,000377
слышит 1,389166 0,000649
смердяков 0,587534 0,000274
смердящая 1,389166 0,001297
смерть 0,805589 0,000376
смешение 1,866287 0,000871
смотрел 0,298086 0,000278
сном 0,936868 0,000437
собою 0,347773 0,000162
собрался 1,565257 0,000731
собрание 0,000000 0,000000
собраны 1,866287 0,000871
собственному 1,167317 0,000545
собственный 1,167317 0,000545
совершающееся 2,167317 0,001012
совершеннейших 2,167317 0,001012
совершенно 0,180546 0,000084
совершенное 1,125925 0,000526
совершенным 1,389166 0,000649
советах 2,167317 0,001012
совпали 2,167317 0,001012
совсем 0,021189 0,000049
согласия 0,000000 0,000000
сообразил 0,963197 0,000450
соседству 1,389166 0,000649
состоянии 0,459747 0,000215
сотрясение 1,690196 0,000789
софью 1,866287 0,000871
сочинений 0,000000 0,000000
спал 0,690196 0,000322
спать 0,635838 0,000297
список 1,866287 0,000871
справедливо 0,805589 0,000376
спустя 0,533849 0,000249
стал 0,125925 0,000176
становилась 1,213075 0,000566
старик 0,434924 0,000203
старике 1,389166 0,000649
старику 1,053374 0,000492
старинный 1,866287 0,000871
старого 0,991226 0,000463
старуха 0,845098 0,000395
столь 0,434924 0,000203
стонет 1,389166 0,001297
стоны 1,565257 0,001461
стоявшей 1,690196 0,000789
стоял 0,309985 0,000289
странным 0,752344 0,000351
страх 0,963197 0,000450
страшного 1,213075 0,000566
стыдился 1,167317 0,000545
супруга 0,787106 0,000367
супруги 1,021189 0,000477
супругу 1,088136 0,001016
супружества 2,167317 0,001012
сына 0,576253 0,000269
сюрпризом 1,690196 0,000789
тайны 1,389166 0,000649
также 0,000000 0,000000
такой 0,077412 0,000072
танцевала 2,167317 0,001012
танцевать 1,322219 0,001235
танцмейстер 1,866287 0,000871
таперича 2,167317 0,001012
твердо 0,419129 0,000391
твердого 1,565257 0,000731
твердый 1,322219 0,001235
театре 1,389166 0,000649
текст 0,000000 0,000000
текущих 2,167317 0,001012
теплая 1,690196 0,000789
тогда 0,050046 0,000093
того 0,005949 0,000011
только 0,002964 0,000012
томах 0,000000 0,000000
тому 0,095435 0,000089
тонкие 1,690196 0,000789
торговлишку 2,167317 0,001012
тоской 1,389166 0,000649
тотчас 0,046743 0,000044
точка 1,468347 0,000686
точке 1,389166 0,000649
точно 0,121994 0,000114
трепещется 2,167317 0,001012
третий 0,544068 0,000254
третья 0,486076 0,000454
трех 0,374926 0,000175
трехлетним 2,167317 0,001012
тупо 1,690196 0,000789
тяжело 0,565257 0,000264
убит 1,125925 0,000526
уважала 1,322219 0,000617
уверявшей 2,167317 0,001012
увидел 0,648803 0,000303
увидя 1,264227 0,000590
удивительно 0,866287 0,000404
удивлением 0,523865 0,000245
удивлению 1,053374 0,000492
ужас 0,866287 0,000404
ужасно 0,167317 0,000078
ужасом 1,021189 0,000477
уйти 0,787106 0,000367
укорял 1,690196 0,000789
улицам 1,389166 0,000649
уложил 1,866287 0,000871
умела 1,389166 0,000649
умер 0,662167 0,000309
умершим 0,000000 0,000000
умнее 1,053374 0,000492
упоминал 1,322219 0,000617
упомянул 1,053374 0,000492
упорно 0,866287 0,000809
упрямый 1,565257 0,000731
уразумел 2,167317 0,001012
усердно 2,167317 0,001012
услышала 1,322219 0,000617
уходе 1,389166 0,000649
уходил 1,213075 0,001133
уходить 0,845098 0,000395
ушли 1,021189 0,000477
уютен 2,167317 0,001012
федор 0,000000 0,000000
федора 0,554533 0,001036
федоровича 0,426955 0,000399
федоровичем 0,704919 0,000658
федором 1,021189 0,000953
физиономии 1,322219 0,000617
физически 1,690196 0,000789
флигеле 1,167317 0,001090
флигель 1,322219 0,001852
фонарь 1,866287 0,000871
характера 0,824895 0,000385
характером 0,866287 0,000404
хитрый 1,565257 0,000731
хлопотал 1,565257 0,000731
хлыстовщину 1,690196 0,000789
холодный 1,322219 0,000617
хором 1,690196 0,000789
хотел 0,158717 0,000148
хоть 0,060107 0,000056
хотя 0,050046 0,000093
худого 2,167317 0,001012
худое 1,866287 0,000871
ценил 1,389166 0,000649
ценит 1,565257 0,000731
центре 2,167317 0,001012
часа 0,000000 0,000000
часто 0,292256 0,000273
часть 0,002964 0,000003
частью 1,264227 0,000590
чего 0,040213 0,000019
человек 0,036984 0,000104
человека 0,154480 0,000144
человеке 1,167317 0,000545
через 0,258832 0,000363
честен 1,322219 0,000617
четии 2,167317 0,001012
число 0,000000 0,000000
читаем 0,000000 0,000000
читал 0,735954 0,000687
читать 0,000000 0,000000
читывал 2,167317 0,001012
чрезвычайно 0,217927 0,000203
чтобы 0,030597 0,000086
чувствовал 0,635838 0,000297
чувствовала 1,866287 0,000871
чуланчиков 2,167317 0,001012
чьего 0,000000 0,000000
шепотом 0,675956 0,000316
шестипалого 2,167317 0,002024
шестипалым 2,167317 0,001012
шуточкой 2,167317 0,001012
этих 0,213075 0,000099
этого 0,053374 0,000050
этой 0,118099 0,000055
этом 0,046743 0,000087
этому 0,322219 0,000150
этот 0,011981 0,000011
юродивая 1,866287 0,000871
явившийся 1,565257 0,000731
ясно 0,354404 0,000331
