автор 0,000000 0,000000
автором 0,000000 0,000000
авторского 0,000000 0,000000
авторы 0,000000 0,000000
актер 1,866287 0,000515
александра 0,845098 0,000233
александрович 0,991226 0,004106
алексей 0,000000 0,000000
алексея 0,000000 0,000000
алеша 0,381987 0,000316
алеши 0,544068 0,000150
ангелом 1,690196 0,000467
анекдот 0,991226 0,000547
анекдотов 1,389166 0,000384
анну 1,690196 0,000467
антропофагия 2,167317 0,000599
аппетита 1,468347 0,000406
батюшка 0,675956 0,000187
батюшке 1,866287 0,000515
батюшки 1,468347 0,000811
батюшкой 1,565257 0,000432
батюшкою 2,167317 0,000599
беда 0,866287 0,000239
бедный 0,824895 0,000228
безбожника 1,866287 0,000515
безнравственного 1,866287 0,000515
безобразия 1,690196 0,000467
безукоризненно 1,690196 0,000467
беснующихся 2,167317 0,000599
беспокойством 0,888564 0,000245
беспокойтесь 0,805589 0,000222
беспрерывно 0,623249 0,000172
бессилия 1,866287 0,001031
бессмертие 1,468347 0,002028
бессмертия 1,468347 0,000406
бесстыдник 1,866287 0,001031
бесчестить 1,866287 0,000515
библиотека 0,000000 0,000000
благоговения 1,565257 0,000432
благодарен 1,125925 0,000311
благодарите 1,866287 0,000515
благороднейшим 1,322219 0,000365
благороднейшую 1,690196 0,001400
благословение 1,389166 0,001151
благословения 1,468347 0,000406
благословил 1,213075 0,000335
благословит 2,167317 0,000599
блаженны 2,167317 0,000599
бледный 0,888564 0,000245
блестела 2,167317 0,000599
бога 0,451314 0,000249
боже 0,459747 0,000127
божественный 2,167317 0,000599
более 0,000000 0,000000
болезненного 1,389166 0,000384
болезненное 1,322219 0,000365
болезненность 2,167317 0,000599
большие 0,720159 0,000199
большими 1,088136 0,000301
болью 1,167317 0,000322
бороду 1,322219 0,001095
браке 1,389166 0,000384
братья 0,176091 0,000195
брил 1,866287 0,000515
бросился 0,451314 0,000125
брызгаясь 2,167317 0,000599
будет 0,077412 0,000086
буди 1,565257 0,000865
будто 0,099131 0,000027
буду 0,208276 0,000058
бывало 0,554533 0,000153
бывшим 1,468347 0,000406
бывших 1,389166 0,000384
была 0,046743 0,000026
были 0,099131 0,000082
было 0,000000 0,000000
быстро 0,232819 0,000064
быть 0,002964 0,000009
важно 0,675956 0,000187
вами 0,232819 0,000193
ваша 0,554533 0,000153
ваше 0,434924 0,000360
вашего 0,443041 0,000489
вашей 0,504560 0,000279
вашем 0,690196 0,000381
вашему 0,576253 0,000159
ваши 0,434924 0,000120
вашим 0,587534 0,000325
ваших 0,554533 0,000306
вашу 0,504560 0,000139
ввалились 1,866287 0,000515
вдруг 0,005949 0,000026
ведь 0,043466 0,000096
векселя 1,565257 0,000432
векселям 1,866287 0,000515
великодушно 1,468347 0,000406
великое 0,888564 0,000245
велит 1,053374 0,000291
верите 0,735954 0,000203
верить 0,635838 0,000176
вернулся 1,389166 0,000384
веровали 1,866287 0,000515
вероятности 1,565257 0,000432
веру 0,845098 0,000233
веруете 1,389166 0,000767
верующего 1,866287 0,000515
веруя 1,389166 0,000384
веры 0,845098 0,000233
веселых 1,866287 0,000515
весь 0,099131 0,000164
взволнованы 2,167317 0,000599
взгляд 0,396465 0,000109
взглядом 0,504560 0,000279
взял 0,269690 0,000074
взяла 0,824895 0,000228
видевшие 1,866287 0,000515
видимо 0,328468 0,000091
видимому 0,648803 0,000179
видно 0,504560 0,000139
вижу 0,286504 0,000079
визиты 0,000000 0,000000
виноваты 1,021189 0,000282
височками 1,690196 0,000467
владетельный 2,167317 0,000599
влетел 1,468347 0,000406
влюбил 2,167317 0,000599
вместе 0,208276 0,000115
вместо 0,411442 0,000114
внезапно 0,623249 0,000516
внезапным 1,468347 0,000406
внимания 0,845098 0,000233
внутреннему 2,167317 0,000599
внутри 1,053374 0,000291
внушительно 0,963197 0,000266
вовсе 0,150284 0,000042
военный 1,213075 0,000335
возлюбившую 2,167317 0,000599
возлюбила 2,167317 0,000599
вознаграждения 0,000000 0,000000
возобновиться 2,167317 0,000599
воистину 0,912045 0,000252
воли 1,021189 0,000282
волнением 1,088136 0,000301
волнения 0,991226 0,000821
волновался 1,468347 0,000406
волосы 0,991226 0,000274
вообще 0,459747 0,000254
вопрос 0,222835 0,000185
вопросе 1,125925 0,000311
воскликнул 0,309985 0,000086
вошедший 1,322219 0,000365
вошел 0,403889 0,000112
вперед 0,426955 0,000236
вплоть 0,866287 0,000239
впрочем 0,118099 0,000130
врасплох 1,866287 0,000515
времени 0,269690 0,000074
время 0,043466 0,000060
всегда 0,129891 0,000036
всей 0,248239 0,000137
всем 0,070407 0,000097
всенародно 1,866287 0,001031
всех 0,060107 0,000133
вскинул 1,021189 0,000282
вскочив 1,565257 0,000432
вскочил 0,587534 0,000325
вскрикнул 0,936868 0,000259
вскричал 0,292256 0,000161
встал 0,403889 0,000112
встали 1,167317 0,000322
встретившимся 1,866287 0,000515
встретил 0,769377 0,000212
всуе 1,866287 0,000515
всякая 1,167317 0,000322
всякого 0,514105 0,000142
вторая 0,514105 0,000284
вчерашнего 0,866287 0,000239
вывод 1,866287 0,000515
выдавливая 2,167317 0,000599
выдвинувшись 2,167317 0,000599
выжидал 1,690196 0,000467
вызвал 1,322219 0,000365
выйду 0,936868 0,000259
выплаты 0,000000 0,000000
выражаетесь 2,167317 0,000599
выражал 2,167317 0,000599
выражалось 1,468347 0,000406
выразился 0,752344 0,000416
выразить 0,936868 0,000259
вырвалось 0,704919 0,000389
высокопреподобием 2,167317 0,000599
высшее 1,322219 0,000365
вытащил 1,167317 0,000322
выходили 1,167317 0,000322
выходом 1,866287 0,000515
выше 0,720159 0,000199
глаза 0,129891 0,000108
глазах 0,459747 0,000254
гласно 1,690196 0,000467
глубокий 1,322219 0,000365
глубоким 1,167317 0,000322
глубоко 0,611015 0,000169
глубокое 1,322219 0,000365
глухо 1,690196 0,000467
гнев 0,936868 0,000776
гнева 0,912045 0,000504
гневе 1,322219 0,000365
гнушаюсь 2,167317 0,000599
говорил 0,095435 0,000053
говорите 0,533849 0,000147
голосом 0,396465 0,000328
гораздо 0,443041 0,000122
горе 0,769377 0,000212
горних 2,167317 0,000599
горняя 2,167317 0,000599
город 0,523865 0,000145
городу 0,888564 0,000245
горькою 1,565257 0,000432
горячо 0,544068 0,000150
господа 0,389166 0,000752
госпоже 1,021189 0,000564
гостей 0,752344 0,000208
гости 0,769377 0,000212
гостям 1,264227 0,000349
гражданском 2,167317 0,000599
граф 1,468347 0,000406
гремит 2,167317 0,000599
губах 1,053374 0,000582
гурьбой 1,690196 0,000467
давеча 0,232819 0,000064
давешний 1,213075 0,000335
давно 0,158717 0,000088
даже 0,005949 0,000026
далее 0,648803 0,000358
дальше 0,002964 0,000001
дамском 1,565257 0,000432
данные 0,000000 0,000000
двадцативосьмилетний 2,167317 0,000599
двух 0,264227 0,000073
девиц 1,167317 0,000645
девицу 1,468347 0,000811
девушку 1,053374 0,000291
действительно 0,106619 0,000059
делишку 2,167317 0,000599
дело 0,063514 0,000018
денег 0,309985 0,000171
день 0,162996 0,000045
деньги 0,280827 0,000155
детские 1,565257 0,000432
диалектике 2,167317 0,000599
дикий 1,213075 0,000335
дилетантизм 2,167317 0,000599
дилетанты 2,167317 0,000599
дмитрий 0,468347 0,002846
дмитрию 0,936868 0,000517
дмитрия 0,599116 0,000331
дней 0,514105 0,000142
доброго 1,088136 0,000301
добродетели 1,264227 0,000349
добродетельна 2,167317 0,001197
доброты 2,167317 0,000599
добры 1,167317 0,000322
добрые 1,125925 0,000311
довольно 0,129891 0,000072
договорам 2,167317 0,000599
дожидал 2,167317 0,000599
дозволен 2,167317 0,000599
дозволено 1,690196 0,000467
дойдя 1,264227 0,000349
докажу 1,322219 0,000730
документы 1,565257 0,000432
должен 0,258832 0,000214
должно 0,286504 0,000158
дома 0,298086 0,000165
домашних 1,389166 0,000384
домой 0,459747 0,000254
дорогой 0,565257 0,000156
достаточно 1,264227 0,000349
достиг 1,167317 0,000322
достоевский 0,000000 0,000000
достояние 0,000000 0,000000
дочь 0,587534 0,000162
дошедшая 2,167317 0,000599
дрожал 1,053374 0,000291
дрожат 1,565257 0,000432
дрожащим 0,991226 0,000274
других 0,459747 0,000127
другого 0,396465 0,000109
другое 0,309985 0,000086
другой 0,146128 0,000040
думает 0,824895 0,000228
думаете 0,504560 0,000557
думал 0,258832 0,000214
души 0,523865 0,000434
дуэль 1,264227 0,000698
дышал 1,565257 0,000432
европейский 1,866287 0,000515
единственно 0,477121 0,000132
единственный 0,991226 0,000274
если 0,011981 0,000023
естественного 2,167317 0,000599
естественный 1,866287 0,000515
есть 0,018098 0,000035
жандармы 2,167317 0,000599
ждали 0,720159 0,000199
ждать 0,554533 0,000306
желает 1,021189 0,000282
желание 0,888564 0,000245
желая 0,662167 0,000366
желтизной 2,167317 0,000599
жена 0,912045 0,000252
женщина 0,396465 0,000109
женщине 0,991226 0,000547
женщины 0,576253 0,000159
жеста 1,690196 0,000467
живая 1,565257 0,000432
живет 0,662167 0,000549
жизни 0,222835 0,000062
жизнь 0,162996 0,000090
жила 1,125925 0,000311
жительство 2,167317 0,000599
журнальными 2,167317 0,000599
забавляетесь 2,167317 0,000599
забавляться 2,167317 0,000599
завопил 0,787106 0,000435
загадочностью 2,167317 0,000599
заграничные 1,866287 0,000515
задумчивое 1,565257 0,000432
задыхался 0,912045 0,000252
задыхаясь 1,021189 0,000282
заеденная 2,167317 0,000599
заикнуться 1,690196 0,000467
заключить 0,824895 0,000228
закон 1,125925 0,000622
закона 1,468347 0,000811
законная 2,167317 0,000599
закончил 1,125925 0,000311
закричал 0,599116 0,000165
закрыв 1,167317 0,000322
заманить 1,866287 0,000515
заметив 0,936868 0,000259
заметил 0,154480 0,000085
замечания 1,690196 0,000467
замешкались 2,167317 0,000599
занимает 1,565257 0,000432
заняло 2,167317 0,000599
запомню 1,565257 0,000432
заранее 0,576253 0,000159
зарисуются 2,167317 0,000599
засадить 1,866287 0,001546
засвидетельствуйте 2,167317 0,000599
заслуженного 2,167317 0,000599
заставил 1,322219 0,000730
заставляло 2,167317 0,000599
застегнутом 1,866287 0,000515
застигнутый 2,167317 0,000599
затем 0,237898 0,000131
зато 0,468347 0,000129
зачем 0,146128 0,000121
зачесаны 2,167317 0,000599
заявил 0,912045 0,000252
заявляю 1,565257 0,000432
зверский 2,167317 0,000599
зверь 1,125925 0,000311
здесь 0,095435 0,000158
здешней 1,468347 0,000406
здешнем 1,565257 0,000432
земле 0,648803 0,000538
земли 0,769377 0,000212
землю 0,565257 0,000156
злодейства 2,167317 0,000599
злодейство 1,565257 0,000432
злой 1,167317 0,000322
знает 0,171682 0,000047
знаете 0,286504 0,000079
знайте 0,866287 0,000478
знал 0,114239 0,000063
знали 0,426955 0,000118
значительную 1,866287 0,000515
знаю 0,095435 0,000053
золотым 1,866287 0,000515
иван 0,303994 0,000756
ивана 0,504560 0,000836
иване 1,264227 0,000349
иванович 1,167317 0,000322
игривых 2,167317 0,000599
игру 1,322219 0,000365
игумен 1,468347 0,000406
игуменом 1,690196 0,000467
игумену 1,468347 0,002028
идет 0,514105 0,000142
идете 1,690196 0,000467
идея 0,824895 0,000228
иеромонахи 1,565257 0,001297
избавлю 2,167317 0,000599
избил 0,963197 0,000266
известно 0,334808 0,000277
извините 0,735954 0,000406
извиниться 1,565257 0,000865
изволит 1,690196 0,000467
извольте 0,963197 0,000266
измениться 1,468347 0,000406
изнеможенным 1,866287 0,000515
изредка 0,888564 0,000245
изумлен 1,565257 0,000432
имевшего 1,565257 0,000432
имени 0,912045 0,000504
именно 0,066947 0,000037
именовать 2,167317 0,000599
иметь 0,587534 0,000162
имею 0,565257 0,000468
имеющиеся 2,167317 0,000599
имуществу 2,167317 0,000599
иногда 0,208276 0,000115
иного 1,053374 0,000291
иной 0,587534 0,000162
интереснейший 2,167317 0,000599
иные 0,599116 0,000165
иосифа 1,690196 0,001400
искати 2,167317 0,000599
искреннейшее 2,167317 0,000599
искренно 0,523865 0,000145
использоваться 0,000000 0,000000
испуг 1,125925 0,000311
исступлении 0,735954 0,000203
иссякнет 2,167317 0,000599
иссякновения 2,167317 0,000599
истинно 1,125925 0,000311
источник 0,000000 0,000000
истребили 1,866287 0,000515
исходом 1,565257 0,000432
итоге 2,167317 0,000599
каждого 0,888564 0,000245
каждым 0,769377 0,000212
кажется 0,118099 0,000033
казался 0,963197 0,000266
какая 0,194189 0,000054
каким 0,194189 0,000054
каких 0,468347 0,000129
какова 1,167317 0,000322
какою 0,599116 0,000496
калганов 1,053374 0,000291
капитан 0,991226 0,000547
капитаном 1,322219 0,000365
капусте 2,167317 0,000599
карамазовская 1,468347 0,000406
карамазовы 0,180546 0,000199
карл 1,690196 0,000467
карьерист 1,565257 0,000432
качальников 2,167317 0,000599
келье 1,125925 0,000622
кельи 1,322219 0,000365
ключом 1,690196 0,000467
книга 0,176091 0,000097
книги 0,000000 0,000000
коварный 1,866287 0,000515
когда 0,015029 0,000017
кого 0,222835 0,000062
колени 0,888564 0,000491
коли 0,269690 0,000074
комаров 0,000000 0,000000
комедианта 2,167317 0,000599
комедия 1,468347 0,000406
комнате 0,389166 0,000107
комнаты 0,443041 0,000122
компании 0,845098 0,000233
компрометировал 2,167317 0,000599
кому 0,341243 0,000094
конечно 0,060107 0,000033
конечные 2,167317 0,000599
кончил 0,587534 0,000162
кончить 1,053374 0,000291
коротко 1,468347 0,000406
коснулся 1,468347 0,000406
которого 0,198834 0,000110
которой 0,213075 0,000177
которую 0,292256 0,000081
который 0,110412 0,000030
крепость 2,167317 0,001197
кресел 1,088136 0,000301
крикнул 0,381987 0,000211
кричал 0,824895 0,000228
кроме 0,158717 0,000131
кроткого 1,690196 0,000467
крылечка 1,468347 0,000406
купить 1,021189 0,000282
куражится 1,866287 0,000515
кутежей 2,167317 0,000599
кутящей 2,167317 0,000599
кушаете 2,167317 0,000599
лбом 1,264227 0,000349
лгунов 1,866287 0,000515
лелеять 2,167317 0,000599
лесок 1,690196 0,000467
лжете 1,565257 0,000432
лжешь 1,389166 0,000384
либерализм 1,690196 0,000467
либералы 1,690196 0,000467
либеральный 1,690196 0,000467
либо 0,000000 0,000000
литература 0,000000 0,000000
лица 0,322219 0,000267
лице 0,403889 0,000223
лицо 0,114239 0,000095
лицом 0,000000 0,000000
лично 0,720159 0,000398
лишался 2,167317 0,000599
лишь 0,185046 0,000153
ложь 0,866287 0,000478
лошадей 1,088136 0,000301
любезнейший 1,866287 0,000515
любил 0,374926 0,000104
любимейшая 2,167317 0,000599
любит 0,389166 0,000107
любить 0,523865 0,000145
любовь 0,523865 0,000434
любовью 0,824895 0,000228
любопытное 1,322219 0,000365
любопытством 0,459747 0,000127
любым 0,000000 0,000000
людей 0,298086 0,000165
люди 0,269690 0,000149
македонского 2,167317 0,000599
маленького 0,963197 0,000266
мало 0,208276 0,000115
марать 2,167317 0,000599
мгновение 0,396465 0,000219
мгновений 1,264227 0,000349
медленно 0,805589 0,000222
медный 1,167317 0,000322
между 0,129891 0,000036
менее 0,635838 0,000351
меньше 0,787106 0,000217
меня 0,027438 0,000099
мерно 1,866287 0,000515
мест 1,088136 0,000301
места 0,389166 0,000322
место 0,334808 0,000092
мечами 2,167317 0,000599
милый 0,477121 0,000132
минут 0,486076 0,000134
минуте 1,468347 0,000406
минуту 0,084532 0,000163
минуты 0,322219 0,000089
мировой 1,690196 0,000467
мировую 1,866287 0,000515
митя 0,587534 0,000487
миусов 1,088136 0,002404
миусова 1,264227 0,000349
миусову 1,690196 0,000467
многих 0,704919 0,000195
много 0,080958 0,000045
многочисленным 1,690196 0,000467
мной 0,237898 0,000131
могла 0,286504 0,000079
могли 0,374926 0,000104
могу 0,171682 0,000095
моей 0,280827 0,000155
моему 0,354404 0,000098
моея 2,167317 0,000599
может 0,000000 0,000000
можете 0,504560 0,000139
можно 0,088136 0,000049
молитвах 1,866287 0,000515
молодой 0,381987 0,000105
молча 0,367977 0,000203
молчавший 1,468347 0,000406
молчал 0,565257 0,000156
молчать 1,088136 0,000301
момента 0,000000 0,000000
монастырские 1,565257 0,000432
монах 0,991226 0,000547
монахи 1,125925 0,000622
монаху 1,690196 0,000467
монашек 1,468347 0,000811
моор 2,167317 0,000599
мудреная 2,167317 0,000599
мудрствовати 2,167317 0,000599
мука 1,213075 0,000335
мукой 1,565257 0,000432
мускулист 2,167317 0,000599
мучает 1,690196 0,000467
мученик 1,866287 0,000515
мучиться 1,565257 0,000432
мыслях 1,125925 0,000311
набросился 1,389166 0,000384
навсегда 0,735954 0,000203
навыкате 1,866287 0,000515
надо 0,036984 0,000051
надумал 1,565257 0,000432
назад 0,000000 0,000000
название 0,000000 0,000000
назвать 1,088136 0,000301
назначено 1,565257 0,000432
найти 0,000000 0,000000
наконец 0,073896 0,000041
накутили 2,167317 0,000599
намерен 0,787106 0,000217
намерения 1,053374 0,000291
написали 1,167317 0,000322
написано 0,000000 0,000000
направился 0,912045 0,000252
направлению 1,468347 0,000406
например 0,298086 0,000082
нарочно 0,227798 0,000063
настойчивый 1,565257 0,000865
настоятельно 0,991226 0,000274
настоящей 1,167317 0,000322
настоящую 1,021189 0,000282
настроению 1,866287 0,000515
натворили 1,866287 0,000515
наука 0,000000 0,000000
нахмурился 0,991226 0,000274
начали 0,735954 0,000203
начальника 1,565257 0,000432
начать 0,720159 0,000199
начинайте 1,866287 0,000515
наше 0,662167 0,000183
нашелся 1,213075 0,000335
небесах 1,690196 0,000467
небрежностью 2,167317 0,000599
невеста 1,264227 0,000698
невестою 2,167317 0,000599
невесту 1,125925 0,000311
невозможно 0,411442 0,000227
невыразимым 1,866287 0,000515
негласным 2,167317 0,000599
него 0,000000 0,000000
негодовании 0,912045 0,000252
недавно 0,576253 0,000159
недели 0,565257 0,000156
недостойная 1,690196 0,000467
недоумевающим 1,866287 0,000515
независимого 2,167317 0,000599
нездоровою 2,167317 0,000599
неистово 1,213075 0,000335
некоторая 1,053374 0,000291
некоторою 1,167317 0,000322
немедленно 0,554533 0,000153
нему 0,080958 0,000022
ненавистью 1,088136 0,000301
необразованный 1,565257 0,000432
необходимости 1,322219 0,000365
необходимым 1,125925 0,000622
необъяснимою 2,167317 0,000599
необыкновенным 0,845098 0,000233
необычайное 1,167317 0,000322
неожиданно 0,523865 0,000145
неожиданный 1,264227 0,000349
неожиданным 0,963197 0,000266
неопределенно 1,213075 0,000335
неподалеку 1,690196 0,000467
непочтительнейший 2,167317 0,000599
неправильного 2,167317 0,000599
непредвиденное 1,690196 0,000467
непредвиденным 2,167317 0,000599
неприступная 1,866287 0,000515
несколько 0,102859 0,000114
несмотря 0,275223 0,000228
неспособным 2,167317 0,000599
несчастен 1,322219 0,000365
несчастию 1,264227 0,000349
несчастны 1,213075 0,000335
несчастье 1,264227 0,000349
нетерпении 0,963197 0,000266
неужели 0,389166 0,000107
нечто 0,389166 0,000107
нибудь 0,030597 0,000034
низкий 1,389166 0,000384
никогда 0,088136 0,000049
ними 0,275223 0,000076
ничего 0,030597 0,000034
ногами 0,912045 0,000252
ноги 0,477121 0,000395
носил 0,991226 0,000274
нравственный 2,167317 0,000599
нуждаемся 2,167317 0,000599
нужен 0,963197 0,000266
нужным 0,936868 0,000259
обвиняет 1,565257 0,000432
обвиняли 1,690196 0,000934
обвиняют 1,690196 0,000934
обдумал 1,322219 0,000365
обед 1,322219 0,001826
обеими 0,787106 0,000217
обернувшись 1,690196 0,000467
обернулся 0,824895 0,000456
обманули 1,468347 0,000406
обманут 1,690196 0,000934
обманывает 1,690196 0,000467
обнаруженных 2,167317 0,000599
обнаружить 1,690196 0,000467
обольстительница 1,866287 0,001031
обольстительнице 2,167317 0,000599
обольстительницу 2,167317 0,000599
обольщение 1,866287 0,000515
образом 0,347773 0,000096
обратился 0,443041 0,000122
обратиться 1,213075 0,000335
обращая 1,468347 0,000406
обременен 2,167317 0,000599
обробел 2,167317 0,000599
обстоятельствам 1,322219 0,000365
обстоятельство 0,787106 0,000217
обстрижены 2,167317 0,000599
общества 0,787106 0,000217
обществе 0,675956 0,000187
общественное 0,000000 0,000000
общим 1,468347 0,000406
обязанностью 1,866287 0,000515
оглядел 1,021189 0,000282
ограды 1,468347 0,000406
одетый 1,264227 0,000349
однако 0,102859 0,000142
одни 0,459747 0,000254
одним 0,286504 0,000079
одно 0,099131 0,000027
одного 0,150284 0,000042
одной 0,243038 0,000067
одном 0,504560 0,000279
одному 0,334808 0,000092
одолжение 0,936868 0,000259
ожидать 1,125925 0,000311
ожидают 1,866287 0,000515
озлобленно 1,866287 0,000515
оказывается 1,167317 0,000322
окинув 2,167317 0,000599
окну 0,963197 0,000266
окончательно 0,565257 0,000156
опоздали 1,322219 0,000365
опозоренным 1,866287 0,000515
оправдываю 1,690196 0,000467
опубликовано 0,000000 0,000000
опустился 1,167317 0,000322
опять 0,027438 0,000038
оскорбил 1,125925 0,000311
оскорблением 1,866287 0,000515
ослышаться 2,167317 0,000599
осмеливаетесь 2,167317 0,000599
осмеливаясь 2,167317 0,000599
осмелились 1,565257 0,000432
особенно 0,129891 0,000036
особенного 0,888564 0,000245
оставайся 1,690196 0,000467
оставаться 0,769377 0,000212
оставить 0,690196 0,000191
оставшийся 1,690196 0,000467
остается 0,787106 0,000217
остальном 1,468347 0,000406
остановился 0,419129 0,000231
остановить 0,991226 0,000274
ответ 0,533849 0,000295
ответил 0,237898 0,000328
ответили 1,389166 0,000384
ответить 0,735954 0,000203
отвечаю 1,213075 0,000335
отец 0,316059 0,000786
отзывались 2,167317 0,000599
откланиваясь 1,866287 0,000515
откланявшись 2,167317 0,001197
отклонить 1,866287 0,000515
отливал 2,167317 0,000599
отпереть 1,389166 0,000384
отрезав 2,167317 0,000599
отрицательную 2,167317 0,000599
отроческим 2,167317 0,000599
отрывисто 1,389166 0,000384
отрывистого 2,167317 0,000599
отставке 1,322219 0,000365
отставлен 2,167317 0,000599
отставной 1,088136 0,000301
оттого 0,675956 0,000187
отца 0,222835 0,000492
отцеубийцу 2,167317 0,000599
отцом 0,599116 0,000165
отцу 0,565257 0,000468
отцы 1,021189 0,000564
отчаянием 1,322219 0,000365
отчаяния 0,963197 0,000532
отчего 0,554533 0,000153
отчетливым 2,167317 0,000599
оформление 0,000000 0,000000
очень 0,024303 0,000007
очередь 0,805589 0,000222
павлович 0,419129 0,001042
паисий 1,088136 0,000301
паисия 1,389166 0,000767
пала 1,565257 0,000432
парадоксалист 2,167317 0,000599
парадоксу 2,167317 0,000599
парижский 1,866287 0,000515
первая 0,419129 0,000231
первый 0,248239 0,000069
перебивать 2,167317 0,000599
перебил 0,635838 0,000176
перекрестить 2,167317 0,000599
пересказывала 1,866287 0,000515
перешло 0,000000 0,000000
перчатках 1,565257 0,000432
пескариками 2,167317 0,000599
пескариков 1,866287 0,000515
пескарику 2,167317 0,000599
петр 0,936868 0,003622
пистолетах 2,167317 0,000599
письмам 1,565257 0,000432
платил 1,690196 0,000467
платок 0,787106 0,000435
плачут 1,565257 0,000432
плечами 0,787106 0,000217
плечи 0,991226 0,000274
плоти 1,866287 0,000515
плоть 1,866287 0,001031
побесить 2,167317 0,000599
повалили 2,167317 0,000599
поведения 1,690196 0,000934
поверенный 1,866287 0,000515
поверенным 1,690196 0,000467
поверьте 0,866287 0,000478
повиновался 1,866287 0,000515
повторил 0,752344 0,000208
поглядел 0,554533 0,000153
подала 1,125925 0,000311
подборка 0,000000 0,000000
поддержать 1,389166 0,000767
подлейшего 2,167317 0,000599
поднимался 1,866287 0,000515
поднял 0,504560 0,000139
поднялся 0,635838 0,000176
подобных 1,021189 0,000282
подождите 1,167317 0,000322
подошвы 2,167317 0,000599
подошел 0,514105 0,000284
подошли 1,053374 0,000291
подробностей 1,167317 0,000322
подробностях 1,167317 0,000322
подумал 0,334808 0,000185
подхватил 0,533849 0,000147
подымал 1,322219 0,000365
поем 2,167317 0,000599
пожаловать 1,213075 0,000335
позволения 1,264227 0,000349
позволено 1,053374 0,000291
позволив 2,167317 0,000599
позволить 1,322219 0,000365
позвольте 0,523865 0,000434
позволю 1,053374 0,000291
позор 0,824895 0,000228
позорно 1,389166 0,000384
пойдете 1,264227 0,000349
пока 0,213075 0,000235
поклон 0,936868 0,001035
поклонился 0,912045 0,000756
поклоном 1,389166 0,001151
покраснев 1,125925 0,000622
полковника 2,167317 0,000599
полную 1,053374 0,000291
полным 1,088136 0,000301
положении 0,704919 0,000195
положения 1,053374 0,000291
положительную 2,167317 0,001197
получаса 2,167317 0,000599
понятна 2,167317 0,000599
понять 0,396465 0,000109
попробовал 1,264227 0,000349
попросил 0,635838 0,000176
поражались 2,167317 0,000599
пораженный 0,888564 0,000245
поразили 1,264227 0,000349
пороге 1,053374 0,000291
посетителей 0,000000 0,000000
посетители 0,000000 0,000000
послал 0,720159 0,000199
посланный 1,690196 0,000467
после 0,084532 0,000047
последнее 0,486076 0,000134
последствиях 2,167317 0,000599
посмел 1,125925 0,000311
посмертно 0,000000 0,000000
посмотрел 0,459747 0,000127
посмотрели 1,565257 0,000432
постигло 2,167317 0,000599
поступил 0,991226 0,000274
поступки 1,389166 0,000384
поступок 0,912045 0,000252
потерявшийся 1,389166 0,000384
потому 0,024303 0,000034
потрясен 1,213075 0,000335
поцеловав 1,690196 0,000467
поцеловал 0,866287 0,000239
поцелуй 1,264227 0,000349
почел 1,125925 0,000311
почему 0,099131 0,000082
почтенный 1,213075 0,000670
почтенным 1,389166 0,000384
почти 0,024303 0,000047
почтительнейший 1,866287 0,000515
почтительно 1,053374 0,000291
почтительность 1,389166 0,000384
почтительный 1,866287 0,000515
почтя 2,167317 0,000599
почувствовал 0,623249 0,000172
пошел 0,275223 0,000228
появление 1,125925 0,000311
правда 0,162996 0,000135
праведники 2,167317 0,000599
правы 1,021189 0,000282
пред 0,033778 0,000019
предавался 2,167317 0,000599
предлагать 1,389166 0,000384
предложением 1,389166 0,000384
представьте 0,720159 0,000199
предчувствовал 0,845098 0,000700
предыдущий 1,866287 0,000515
прежде 0,077412 0,000021
прежнего 0,824895 0,000228
прежнему 0,587534 0,000162
презрением 0,866287 0,000239
преимуществу 1,468347 0,000406
прекратилась 2,167317 0,000599
прекращена 2,167317 0,000599
преподобие 1,565257 0,000432
преподобный 2,167317 0,000599
прерванного 2,167317 0,000599
прибавил 0,275223 0,000076
привстав 1,468347 0,000406
приглашал 1,565257 0,000432
приглашен 1,468347 0,000406
приглядывался 1,690196 0,000467
приготовился 1,322219 0,000365
придало 1,866287 0,000515
приеду 1,264227 0,000349
прижизненно 0,000000 0,000000
признался 0,936868 0,000259
признан 2,167317 0,000599
признано 2,167317 0,000599
признаюсь 0,769377 0,000212
приличие 1,866287 0,000515
приметно 2,167317 0,000599
примолкли 1,866287 0,000515
принудили 1,866287 0,000515
принял 0,565257 0,000156
принять 0,523865 0,000145
приподняв 1,866287 0,000515
природы 1,021189 0,000846
присмиревший 2,167317 0,000599
приставать 1,690196 0,000467
пристально 0,389166 0,000107
приступать 1,690196 0,000467
присудили 1,690196 0,000467
притворщик 2,167317 0,000599
пришлю 1,389166 0,000384
приятного 1,866287 0,000515
проактерствовавших 2,167317 0,000599
провозгласить 2,167317 0,000599
провозглашать 2,167317 0,000599
проговорил 0,154480 0,000171
программирование 0,000000 0,000000
продолжал 0,292256 0,000161
продолжать 0,690196 0,000381
продолжение 0,912045 0,000252
произведение 0,000000 0,000000
произведений 0,000000 0,000000
произведения 0,000000 0,000000
произнес 0,361137 0,000199
произнести 1,322219 0,000730
произнеся 1,690196 0,000467
происшедшем 1,690196 0,000467
прокляну 2,167317 0,000599
проклятый 1,021189 0,000564
променяли 1,866287 0,000515
пророчествах 2,167317 0,000599
прорычал 2,167317 0,000599
просить 0,504560 0,000139
просорил 2,167317 0,000599
простил 1,167317 0,000645
простите 0,648803 0,001075
простить 0,824895 0,000456
простясь 1,866287 0,000515
против 0,389166 0,000107
противоположность 1,322219 0,000365
протянул 0,675956 0,000187
прочим 0,662167 0,000183
прочими 1,264227 0,000349
прошло 0,000000 0,000000
прошу 0,599116 0,000165
прощения 0,690196 0,000191
прямо 0,118099 0,000065
публикации 0,000000 0,000000
публично 1,213075 0,000335
пути 1,021189 0,000282
пять 0,275223 0,000076
равно 0,303994 0,000168
раза 0,426955 0,000118
разбойников 1,866287 0,000515
разве 0,146128 0,000040
развратного 1,389166 0,000767
разговаривавшие 2,167317 0,000599
разговор 0,434924 0,000480
разговора 0,805589 0,000222
раздражение 1,468347 0,000406
раздражением 1,468347 0,000811
раздражителен 1,866287 0,000515
раздражительно 0,752344 0,000208
раздражительностью 1,690196 0,000467
раздражительный 1,866287 0,000515
раздумье 1,125925 0,000311
разрешения 0,000000 0,000000
разумеется 0,328468 0,000091
разумным 1,866287 0,000515
разъяснить 0,936868 0,000517
распискам 2,167317 0,000599
расскажу 0,912045 0,000252
рассказывает 1,468347 0,000406
рассказывала 1,322219 0,000365
расстоянии 1,565257 0,000432
рассудите 1,088136 0,000301
расчет 0,991226 0,000547
расчетах 2,167317 0,000599
ревнует 1,565257 0,000432
ревнуете 1,690196 0,000467
результаты 1,866287 0,000515
религиозному 2,167317 0,000599
решен 2,167317 0,001796
решена 1,690196 0,000467
решение 0,735954 0,000203
решился 0,554533 0,000153
решительно 0,341243 0,000283
решительным 1,213075 0,000335
решительными 1,690196 0,000467
решится 1,322219 0,000365
решиться 0,963197 0,000266
роде 0,504560 0,000139
родину 2,167317 0,000599
родительское 1,690196 0,000467
родства 1,468347 0,000406
родственник 1,125925 0,000933
роста 0,936868 0,000259
руками 0,280827 0,000078
руках 0,396465 0,000109
руки 0,167317 0,000046
рукой 0,486076 0,000134
рукою 1,866287 0,000515
руку 0,222835 0,000369
русская 0,000000 0,000000
русский 0,752344 0,000208
русые 1,690196 0,000467
рявкнул 1,468347 0,000406
сайте 0,000000 0,000000
сама 0,208276 0,000058
сами 0,142011 0,000275
самих 1,264227 0,000349
самое 0,167317 0,000046
самой 0,258832 0,000071
самом 0,114239 0,000032
самую 0,459747 0,000254
самым 0,280827 0,000465
самых 0,468347 0,000129
сапог 1,565257 0,000432
сверкали 1,167317 0,000322
светилась 2,167317 0,000599
светскими 1,866287 0,000515
светскою 1,866287 0,000515
свидетели 0,991226 0,000274
свидетельствовавшим 2,167317 0,000599
свободно 0,000000 0,000000
свое 0,150284 0,000208
своего 0,091770 0,000051
своей 0,066947 0,000018
своему 0,367977 0,000102
своею 0,443041 0,000367
свои 0,146128 0,000040
своим 0,208276 0,000345
своими 0,495219 0,000137
своих 0,237898 0,000131
свой 0,189594 0,000052
свойство 1,690196 0,000467
свою 0,073896 0,000082
святее 1,565257 0,000432
святейший 1,690196 0,000934
святой 0,912045 0,000252
святую 1,468347 0,000406
святцам 2,167317 0,000599
святые 1,264227 0,000698
сговаривается 2,167317 0,000599
сгорбившись 2,167317 0,000599
сделайте 0,824895 0,000228
сделал 0,381987 0,000105
сделалось 1,389166 0,000384
сдержанно 1,021189 0,000282
себе 0,033778 0,000037
себя 0,005949 0,000013
сегодня 0,000000 0,000000
сейчас 0,070407 0,000078
секретных 2,167317 0,000599
секунду 0,824895 0,000228
семейством 1,021189 0,000282
семен 1,565257 0,000432
семидесяти 0,000000 0,000000
семинарист 1,468347 0,000406
сердца 0,334808 0,000277
сердце 0,171682 0,000142
серьезен 1,468347 0,000406
сидел 0,322219 0,000089
сила 0,936868 0,000259
силу 0,866287 0,000239
сирота 1,565257 0,000432
скажите 0,576253 0,000159
сказал 0,099131 0,000055
сказать 0,073896 0,000061
скандал 1,053374 0,000582
скандале 2,167317 0,000599
скверного 1,690196 0,000934
скита 1,322219 0,000365
скобках 1,389166 0,000384
сколько 0,280827 0,000310
слабая 1,690196 0,000467
слабонервно 2,167317 0,000599
слабость 1,088136 0,000301
слабым 1,322219 0,000365
сладострастника 1,690196 0,000467
следит 2,167317 0,000599
следя 1,264227 0,000349
слезы 0,554533 0,000153
слишком 0,133894 0,000074
словом 0,367977 0,000102
слуга 0,888564 0,000245
службы 1,213075 0,000335
служил 1,021189 0,000282
случае 0,248239 0,000069
случай 0,443041 0,000122
случалось 0,824895 0,000228
случаях 0,599116 0,000165
случилось 0,403889 0,000112
слушает 1,389166 0,000384
слушал 0,576253 0,000159
слушать 0,735954 0,000203
слышали 0,611015 0,000169
слышалось 1,322219 0,000365
слышите 0,769377 0,001062
слюной 1,690196 0,000467
смейте 1,565257 0,000432
смердяков 0,587534 0,000162
смехом 0,805589 0,000222
смешивает 1,866287 0,000515
смешивают 2,167317 0,000599
смею 1,053374 0,000291
смеялась 0,805589 0,000222
смеясь 0,787106 0,000435
смотрел 0,298086 0,000082
смотрели 0,769377 0,000425
смотря 0,322219 0,000089
смущения 1,389166 0,000384
снаружи 1,322219 0,000365
собачки 2,167317 0,001197
собой 0,253503 0,000070
собою 0,347773 0,000096
собрание 0,000000 0,000000
собрании 1,866287 0,000515
совесть 0,805589 0,000222
совсем 0,021189 0,000029
согласия 0,000000 0,000000
сожалею 1,389166 0,000384
созвал 2,167317 0,000599
сознательным 2,167317 0,000599
соответствующее 2,167317 0,000599
сорвать 1,322219 0,000365
состоит 1,088136 0,000601
состоянием 1,264227 0,000349
соусы 1,866287 0,000515
сохранив 2,167317 0,000599
социализм 1,565257 0,000432
социализма 1,690196 0,000467
сочинений 0,000000 0,000000
сочтут 1,565257 0,000432
сошли 1,322219 0,000365
спасаетесь 2,167317 0,000599
спасающиеся 2,167317 0,000599
спасите 1,565257 0,000432
спорами 2,167317 0,000599
споре 1,866287 0,000515
спорных 1,866287 0,000515
способное 2,167317 0,000599
спрашивать 0,752344 0,000208
спросил 0,222835 0,000123
спросите 1,125925 0,000311
спрятал 1,468347 0,000406
спустя 0,533849 0,000147
среднего 1,264227 0,000349
средой 1,866287 0,000515
ссорах 2,167317 0,000599
став 1,322219 0,000365
стал 0,125925 0,000035
стало 0,091770 0,000025
старее 1,690196 0,000467
старец 0,787106 0,001956
старик 0,434924 0,000120
старика 0,587534 0,000162
старикашка 1,264227 0,000349
старость 1,866287 0,000515
старца 0,735954 0,000813
старцем 1,167317 0,000322
старцу 1,167317 0,000645
старый 0,824895 0,000228
старых 1,322219 0,000365
статьями 1,866287 0,000515
стоит 0,316059 0,000087
столько 0,477121 0,000132
сторон 0,735954 0,000203
сторону 0,611015 0,000337
стороны 0,185046 0,000051
стоял 0,309985 0,000086
странно 0,354404 0,000196
страха 0,824895 0,000228
страшно 0,434924 0,000120
стул 0,648803 0,000179
стула 0,735954 0,000406
стуле 0,805589 0,000222
стыдно 0,504560 0,000836
суда 0,787106 0,000217
сударь 1,053374 0,000291
суду 1,167317 0,000322
судья 1,264227 0,000349
суждение 1,866287 0,000515
сумасшедший 0,805589 0,000222
сумасшедших 1,690196 0,000467
сурово 1,088136 0,000301
существует 0,866287 0,000478
схватил 0,533849 0,000147
сцена 1,167317 0,000645
съехаться 2,167317 0,000599
сына 0,576253 0,000477
сыну 1,167317 0,000322
сюда 0,232819 0,000257
сюртуке 1,167317 0,000322
также 0,000000 0,000000
таки 0,066947 0,000055
таким 0,243038 0,000067
такого 0,243038 0,000268
такое 0,114239 0,000032
такой 0,077412 0,000107
таком 0,309985 0,000086
такому 0,752344 0,000208
такою 0,690196 0,000381
такую 0,334808 0,000185
тварь 0,991226 0,001095
тварью 1,322219 0,000365
тверд 1,322219 0,000365
твердым 1,125925 0,000311
твой 0,735954 0,000203
творца 2,167317 0,000599
текст 0,000000 0,000000
тема 1,264227 0,000349
темно 0,912045 0,000252
темные 1,167317 0,000322
тему 0,963197 0,000532
теперь 0,015029 0,000046
тихо 0,354404 0,000098
тобой 0,419129 0,000116
тогда 0,050046 0,000041
того 0,005949 0,000010
тоже 0,043466 0,000024
только 0,002964 0,000009
томах 0,000000 0,000000
тому 0,095435 0,000158
тоном 0,866287 0,000239
топая 2,167317 0,000599
торжественно 0,888564 0,000245
торжественностью 2,167317 0,000599
тотчас 0,046743 0,000090
точно 0,121994 0,000101
точности 0,866287 0,000239
трактире 0,866287 0,000239
трапезе 2,167317 0,000599
требует 1,389166 0,000384
тревожной 1,690196 0,000467
трех 0,374926 0,000104
трещит 1,866287 0,000515
трудно 0,459747 0,000254
тысяч 0,451314 0,000125
тысяче 1,565257 0,000432
тысячи 0,426955 0,000118
тюрьму 1,565257 0,000432
убеждения 0,991226 0,000274
уважение 1,021189 0,000282
увлекся 1,322219 0,000730
угадав 1,468347 0,000406
угадывать 1,468347 0,000406
угрюмое 2,167317 0,000599
угрюмостью 2,167317 0,000599
удалявшимся 2,167317 0,000599
уезжаете 1,866287 0,000515
узнать 0,374926 0,000104
узнаю 1,021189 0,000564
указывая 0,963197 0,000532
уклоняетесь 1,866287 0,000515
уклоняется 2,167317 0,000599
уклоняюсь 2,167317 0,000599
улице 0,635838 0,000176
улицу 0,735954 0,000203
улыбка 0,936868 0,000517
улыбкой 0,468347 0,000129
улыбнулся 0,533849 0,000147
умершим 0,000000 0,000000
умным 1,021189 0,000282
умолк 1,322219 0,000365
умоляющая 2,167317 0,000599
униженным 1,866287 0,000515
уничтожьте 2,167317 0,000599
упал 0,675956 0,000187
уплетать 2,167317 0,000599
упорством 1,565257 0,000432
управы 1,866287 0,000515
упрекаете 2,167317 0,000599
упрекающий 2,167317 0,000599
уселся 0,866287 0,000239
усмехается 1,690196 0,000467
усмехаясь 1,389166 0,000384
успел 0,354404 0,000196
уставал 2,167317 0,000599
утверждал 1,389166 0,000384
утверждением 2,167317 0,000599
участие 0,888564 0,000245
учили 1,389166 0,000384
уяснив 2,167317 0,000599
федор 0,000000 0,000000
федорович 0,253503 0,002170
федоровича 0,426955 0,000943
федоровиче 1,468347 0,000406
федоровичу 0,599116 0,000331
фидельки 2,167317 0,001197
физическую 1,565257 0,000432
финтите 2,167317 0,000599
франц 0,635838 0,000176
фрунтовому 2,167317 0,000599
характера 0,824895 0,000228
характерен 1,866287 0,000515
характерная 1,565257 0,000432
характернейший 2,167317 0,000599
характерно 1,468347 0,000406
ходило 1,565257 0,000432
ходит 0,769377 0,000212
хозяина 1,167317 0,000322
хозяину 1,690196 0,000467
хорошего 0,991226 0,000274
хотел 0,158717 0,000088
хотите 0,419129 0,000116
хоть 0,060107 0,000050
хотя 0,050046 0,000069
хочет 0,322219 0,000178
хочешь 0,544068 0,000150
храброго 1,866287 0,000515
христианскими 2,167317 0,000599
христианством 2,167317 0,000599
христос 0,936868 0,000517
худощаво 2,167317 0,000599
цвет 1,389166 0,000384
церкви 1,088136 0,000301
церковном 1,866287 0,000515
цилиндром 2,167317 0,000599
часа 0,000000 0,000000
частного 2,167317 0,000599
часто 0,292256 0,000081
часть 0,002964 0,000002
чего 0,040213 0,000056
человек 0,036984 0,000092
человеком 0,504560 0,000139
человеку 0,459747 0,000127
человечестве 1,322219 0,000365
человечество 1,088136 0,000301
через 0,258832 0,000214
черных 1,213075 0,000335
черт 0,477121 0,000132
черта 0,845098 0,000233
честнее 1,468347 0,000811
честных 1,389166 0,000384
честь 0,554533 0,000306
число 0,000000 0,000000
читаем 0,000000 0,000000
читать 0,000000 0,000000
чрезвычайно 0,217927 0,000181
чтоб 0,073896 0,000020
чтобы 0,030597 0,000076
чувствую 0,787106 0,000435
чужой 1,088136 0,000301
чуть 0,176091 0,000146
чьего 0,000000 0,000000
шагал 1,213075 0,000335
шагами 0,963197 0,000266
шагнул 1,125925 0,000311
шагов 0,720159 0,000199
шепнуть 1,690196 0,000467
шиллера 1,389166 0,000384
широко 1,167317 0,000322
шутил 1,690196 0,000467
шутили 2,167317 0,000599
шутом 1,690196 0,000467
щегольски 1,690196 0,000467
щеки 1,125925 0,000311
эгоизм 1,690196 0,000467
эксцентрик 2,167317 0,000599
эмблема 1,866287 0,000515
эскапада 2,167317 0,000599
этим 0,189594 0,000105
этого 0,053374 0,000015
этой 0,118099 0,000098
этом 0,046743 0,000065
этот 0,011981 0,000050
этою 0,599116 0,000165
юности 1,088136 0,000301
юродства 2,167317 0,000599
явиться 0,991226 0,000821
