автор 0,000000 0,000000
автором 0,000000 0,000000
авторского 0,000000 0,000000
авторы 0,000000 0,000000
аксиома 1,468347 0,000571
алексей 0,000000 0,000000
алексея 0,000000 0,000000
арестован 1,866287 0,000726
арестованном 2,167317 0,000843
барин 1,053374 0,000410
безднах 2,167317 0,000843
бездны 1,389166 0,000541
безудержной 2,167317 0,000843
безумствовал 2,167317 0,000843
бела 1,866287 0,000726
белья 1,690196 0,000658
беспристрастно 2,167317 0,000843
бесспорно 1,021189 0,000397
бешенстве 1,468347 0,000571
библиотека 0,000000 0,000000
более 0,000000 0,000000
болен 0,704919 0,000274
больше 0,137934 0,000054
боясь 0,963197 0,000375
брата 0,389166 0,000151
братом 0,769377 0,000299
брату 0,752344 0,000585
братья 0,176091 0,000274
бросает 1,322219 0,000514
буду 0,208276 0,000081
бумаги 1,021189 0,000397
бушевал 1,866287 0,000726
бывшие 1,389166 0,000541
была 0,046743 0,000018
были 0,099131 0,000424
было 0,000000 0,000000
быть 0,002964 0,000016
бьет 1,264227 0,000492
важнее 1,213075 0,000472
валялся 1,468347 0,001143
вверенные 1,866287 0,000726
вверены 2,167317 0,001687
вдобавок 1,213075 0,000944
вдруг 0,005949 0,000007
ведь 0,043466 0,000254
верит 0,991226 0,000386
верить 0,635838 0,000247
вероятнее 0,912045 0,000355
верхней 1,565257 0,000609
верховцева 1,866287 0,000726
верховцевой 1,468347 0,002857
весь 0,099131 0,000039
весьма 0,243038 0,000095
вечер 0,477121 0,000186
вечером 0,533849 0,000208
вещь 0,720159 0,000560
вздумал 0,805589 0,000313
взлетает 2,167317 0,000843
взял 0,269690 0,000315
взятые 1,690196 0,000658
взятых 1,468347 0,000571
взять 0,533849 0,000208
видал 0,623249 0,000485
видали 1,264227 0,000492
видел 0,248239 0,000773
видите 0,396465 0,000154
виду 0,544068 0,000212
вижу 0,286504 0,000111
визиты 0,000000 0,000000
властной 1,866287 0,000726
внезапно 0,623249 0,000243
вовсе 0,150284 0,000058
воздух 1,053374 0,000410
возлюбленной 1,565257 0,000609
возлюбленною 2,167317 0,000843
возлюбленную 1,866287 0,000726
возможнее 2,167317 0,000843
возможности 0,690196 0,000269
возможность 1,053374 0,000410
вознаграждения 0,000000 0,000000
возражений 1,690196 0,000658
возразят 2,167317 0,000843
возьму 0,936868 0,000365
волей 1,213075 0,000472
вопрос 0,222835 0,000173
вопроса 0,704919 0,000549
ворвался 1,468347 0,000571
вором 1,264227 0,000492
воротившийся 1,565257 0,000609
восемнадцати 1,468347 0,000571
восклицает 1,264227 0,000492
воспаленном 2,167317 0,000843
воспользуется 1,866287 0,000726
вошел 0,403889 0,000157
времени 0,269690 0,000105
время 0,043466 0,000051
всегда 0,129891 0,000101
всего 0,040213 0,000016
всему 0,486076 0,000189
всех 0,060107 0,000047
вспомните 1,053374 0,000410
вступаем 2,167317 0,000843
всякий 0,514105 0,000200
всякого 0,514105 0,000200
второе 1,125925 0,000438
втором 1,213075 0,000472
вторых 0,720159 0,000560
выбежав 1,866287 0,000726
выбрал 1,322219 0,000514
выдает 1,565257 0,000609
выдаст 1,866287 0,000726
выдать 1,125925 0,000438
выйдет 0,587534 0,000229
выйду 0,936868 0,000365
вынимает 1,565257 0,000609
вынул 0,599116 0,000233
вынуть 2,167317 0,001687
выплаты 0,000000 0,000000
вырвать 1,690196 0,000658
высоконравственная 2,167317 0,000843
высокоталантливый 1,866287 0,000726
высокоуважаемая 2,167317 0,000843
высшей 0,544068 0,000212
выходило 0,991226 0,000386
главное 0,189594 0,000148
глаз 0,554533 0,000216
говорил 0,095435 0,000037
говорю 0,203530 0,000079
голову 0,227798 0,000089
гораздо 0,443041 0,000172
городе 0,565257 0,000220
горько 0,690196 0,000269
господа 0,389166 0,001060
госпожа 0,963197 0,000375
госпоже 1,021189 0,000397
госпожи 0,991226 0,000771
госпожою 1,468347 0,001714
готовы 1,021189 0,000397
грабеж 1,866287 0,001452
грабежа 1,264227 0,003443
грабеже 1,866287 0,005083
грабитель 1,866287 0,000726
грабить 1,866287 0,000726
груди 0,675956 0,000526
грушеньку 0,845098 0,000329
давеча 0,232819 0,000181
дадут 1,021189 0,000397
дает 0,845098 0,000329
даже 0,005949 0,000021
дальше 0,002964 0,000001
данному 1,690196 0,000658
данные 0,000000 0,000000
дано 1,389166 0,000541
даст 0,963197 0,000375
двадцать 0,411442 0,000160
двенадцатая 0,936868 0,000729
двойная 2,167317 0,000843
двух 0,264227 0,000411
девались 2,167317 0,000843
действий 1,690196 0,000658
действительно 0,106619 0,000041
делать 0,426955 0,000166
деле 0,162996 0,000127
делись 2,167317 0,000843
дело 0,063514 0,000099
денег 0,309985 0,001327
день 0,162996 0,000190
деньгам 1,468347 0,000571
деньгами 0,675956 0,000526
деньги 0,280827 0,002513
дерзостью 1,690196 0,000658
дескать 0,419129 0,000652
довели 1,389166 0,000541
дождавшись 1,322219 0,000514
дознано 2,167317 0,000843
доказал 1,264227 0,000492
доказано 1,690196 0,001973
доказательство 1,088136 0,000423
доказать 0,936868 0,000729
доказывается 1,866287 0,000726
докладываться 2,167317 0,000843
долго 0,222835 0,000087
долгом 1,565257 0,000609
должен 0,258832 0,000101
должных 1,565257 0,000609
дома 0,298086 0,000116
доме 0,322219 0,000125
домой 0,459747 0,000179
допустить 0,912045 0,000355
достал 1,167317 0,000454
достигают 1,690196 0,000658
достоверности 2,167317 0,000843
достоевский 0,000000 0,000000
достояние 0,000000 0,000000
дотрогиваться 2,167317 0,001687
другая 0,648803 0,000252
другое 0,309985 0,000241
другой 0,146128 0,000171
думает 0,824895 0,000321
душевной 1,565257 0,000609
душой 0,824895 0,000321
единственно 0,477121 0,000186
если 0,011981 0,000084
есть 0,018098 0,000085
женщина 0,396465 0,000309
жизни 0,222835 0,000087
жизнь 0,162996 0,000063
заботой 1,690196 0,000658
заговорив 2,167317 0,000843
загоревшаяся 2,167317 0,000843
заключить 0,824895 0,000642
замарать 1,866287 0,000726
заметить 0,635838 0,000247
заметьте 0,936868 0,000729
замка 1,866287 0,001452
запершись 2,167317 0,000843
записано 1,565257 0,000609
заседатели 1,213075 0,000944
заставляет 1,866287 0,000726
затем 0,237898 0,000093
захватил 0,936868 0,000365
заходил 1,125925 0,001314
зашил 1,690196 0,000658
зашить 1,690196 0,001315
защитник 1,125925 0,000438
защитника 1,125925 0,000876
заявил 0,912045 0,000355
зеницу 2,167317 0,000843
знает 0,171682 0,000067
знал 0,114239 0,000044
знали 0,426955 0,000166
знать 0,328468 0,000128
значит 0,243038 0,000095
знаю 0,095435 0,000037
золотых 1,389166 0,000541
иван 0,303994 0,000118
ивановне 0,720159 0,000280
ивановной 0,963197 0,000375
ивану 0,623249 0,000243
идет 0,514105 0,000200
избил 0,963197 0,000375
избитый 2,167317 0,000843
извел 2,167317 0,000843
изложено 1,690196 0,000658
изменить 1,389166 0,001081
имел 0,347773 0,000135
именно 0,066947 0,000599
иметь 0,587534 0,000457
иначе 0,367977 0,000286
искренно 0,523865 0,000204
использоваться 0,000000 0,000000
истерическом 1,468347 0,000571
источник 0,000000 0,000000
истратить 1,565257 0,000609
исчезнуть 1,468347 0,000571
итак 0,805589 0,000313
каждые 1,322219 0,000514
кажется 0,118099 0,000046
какие 0,232819 0,000091
каким 0,194189 0,000076
каких 0,468347 0,000364
какова 1,167317 0,000454
какой 0,095435 0,000037
каком 0,381987 0,000149
карамазов 0,587534 0,000686
карамазова 0,912045 0,000355
карамазову 1,088136 0,000423
карамазовы 0,180546 0,000281
катастрофой 1,468347 0,001143
катастрофы 1,322219 0,001029
катерине 0,912045 0,000355
катериной 1,213075 0,000472
клочок 1,690196 0,001315
клянется 1,866287 0,000726
книга 0,176091 0,000137
книги 0,000000 0,000000
когда 0,015029 0,000018
кого 0,222835 0,000087
колоссальное 1,565257 0,000609
комаров 0,000000 0,000000
конверт 1,213075 0,000944
конец 0,495219 0,000193
конечно 0,060107 0,000023
концах 1,264227 0,000984
кончил 0,587534 0,000229
копейку 1,565257 0,000609
которое 0,426955 0,000166
которые 0,189594 0,000295
которым 0,389166 0,000151
крайней 0,298086 0,000116
крайние 2,167317 0,000843
красных 1,565257 0,000609
кредиток 1,468347 0,000571
крики 1,125925 0,000876
кричали 0,991226 0,000771
кроме 0,158717 0,000309
куда 0,248239 0,000290
кутеж 1,322219 0,000514
кутежа 1,322219 0,001029
кутил 1,389166 0,000541
лавки 1,264227 0,000492
лавку 1,213075 0,000944
ладонка 1,690196 0,000658
ладонке 1,690196 0,000658
ладонку 1,389166 0,001622
легкомысленно 1,565257 0,000609
легкомысленному 1,866287 0,000726
легкомыслию 2,167317 0,000843
лежал 0,648803 0,000252
лежали 1,021189 0,000397
ленточкой 1,866287 0,000726
либо 0,000000 0,000000
литература 0,000000 0,000000
лица 0,322219 0,000125
лицо 0,114239 0,000089
лицом 0,000000 0,000000
лишь 0,185046 0,000360
ломоть 1,565257 0,000609
лотка 1,866287 0,000726
любовь 0,523865 0,000612
любым 0,000000 0,000000
людей 0,298086 0,000116
люди 0,269690 0,000105
людях 1,213075 0,000472
максимов 1,125925 0,000438
мальчик 0,495219 0,000193
между 0,129891 0,000051
мелкий 1,389166 0,000541
меня 0,027438 0,000011
меняльную 2,167317 0,000843
мере 0,269690 0,000105
месте 0,286504 0,000111
место 0,334808 0,000130
месяц 0,451314 0,000702
мире 0,704919 0,000274
младшего 1,866287 0,000726
многое 0,662167 0,000258
могла 0,286504 0,000111
могли 0,374926 0,000438
могло 0,403889 0,000471
могу 0,171682 0,000200
может 0,000000 0,000000
можно 0,088136 0,000069
мозгу 1,167317 0,000454
мокром 0,963197 0,001124
молодой 0,381987 0,000149
момента 0,000000 0,000000
монет 2,167317 0,000843
монеты 2,167317 0,000843
мучения 1,264227 0,000492
мучительнее 1,565257 0,001218
мысль 0,264227 0,000206
надобно 0,866287 0,000337
надписью 1,565257 0,001218
назад 0,000000 0,000000
название 0,000000 0,000000
называю 1,468347 0,000571
найдены 2,167317 0,000843
найдя 1,389166 0,000541
найти 0,000000 0,000000
накануне 0,662167 0,000258
наконец 0,073896 0,000144
напивался 1,866287 0,000726
написанному 1,690196 0,001973
написано 0,000000 0,000000
например 0,298086 0,000116
напротив 0,180546 0,000281
нарочно 0,227798 0,000089
настойчиво 0,787106 0,000306
настоящем 0,991226 0,000771
натура 1,264227 0,000492
наука 0,000000 0,000000
нашел 0,648803 0,000252
нашли 0,805589 0,000940
небось 0,912045 0,000355
неверно 2,167317 0,001687
невероятного 1,866287 0,000726
невестой 1,389166 0,000541
невмочь 2,167317 0,000843
невозможно 0,411442 0,000160
невозможность 1,264227 0,000492
него 0,000000 0,000000
негодованием 0,787106 0,000306
недавно 0,576253 0,000224
нелепость 1,088136 0,000423
нельзя 0,176091 0,000137
ненависти 0,912045 0,000355
необычайною 1,690196 0,000658
неподготовленно 2,167317 0,000843
неправильное 1,866287 0,000726
непредубежденного 2,167317 0,000843
непреложно 1,866287 0,000726
несколько 0,102859 0,000040
нетерпеливом 1,690196 0,000658
неужели 0,389166 0,000303
нечаянно 0,752344 0,000293
нечего 0,381987 0,000149
нибудь 0,030597 0,000036
никаких 0,565257 0,000220
никакой 0,635838 0,000247
никогда 0,088136 0,000069
никто 0,185046 0,000360
никуда 0,936868 0,000729
ничего 0,030597 0,000024
ничуть 2,167317 0,000843
новая 0,787106 0,000306
носить 1,213075 0,000472
ночи 0,675956 0,000263
ночь 0,248239 0,000097
нужнее 1,468347 0,001143
нужны 0,936868 0,000365
нужным 0,936868 0,000365
обвинение 1,053374 0,002459
обвинению 1,866287 0,001452
обвинения 1,021189 0,000397
обвинитель 1,468347 0,001714
обвинителя 1,690196 0,001315
обвинять 1,322219 0,001029
обдуманного 2,167317 0,000843
область 1,866287 0,000726
обнаружено 2,167317 0,001687
обнаружены 2,167317 0,000843
обнаружилась 2,167317 0,000843
обнаружить 1,690196 0,000658
обострились 1,690196 0,000658
образом 0,347773 0,000271
обратное 1,866287 0,000726
обрисовываются 2,167317 0,000843
обстоятельство 0,787106 0,000306
общественное 0,000000 0,000000
объяснить 0,623249 0,000243
обыске 2,167317 0,000843
ограблена 2,167317 0,000843
ограблено 2,167317 0,001687
ограблены 1,866287 0,002179
один 0,046743 0,000073
одна 0,185046 0,000072
однако 0,102859 0,000200
одно 0,099131 0,000116
одной 0,243038 0,000095
одну 0,232819 0,000091
ожидании 0,824895 0,000321
озлобления 1,468347 0,000571
окровавленными 1,565257 0,000609
определил 1,389166 0,000541
опубликовано 0,000000 0,000000
опять 0,027438 0,000032
основании 1,264227 0,000492
особа 1,021189 0,000795
особенно 0,129891 0,000051
особенность 1,866287 0,000726
останется 0,704919 0,000274
остановиться 1,322219 0,000514
останься 1,866287 0,000726
осязаю 2,167317 0,000843
отвергаю 1,866287 0,000726
ответа 0,720159 0,000280
отвечают 1,565257 0,000609
отдам 1,322219 0,000514
отдаст 1,264227 0,000492
отделил 1,389166 0,000541
отделить 1,690196 0,002631
отец 0,316059 0,000123
откажете 1,866287 0,000726
отколупывал 2,167317 0,000843
отколупывать 2,167317 0,000843
откуда 0,523865 0,000408
отмщения 1,866287 0,000726
отнимут 2,167317 0,000843
отнюдь 0,824895 0,000321
отомщавшая 2,167317 0,000843
отослать 1,565257 0,000609
отправить 1,565257 0,000609
отрицание 1,690196 0,000658
отсылки 1,866287 0,000726
отца 0,222835 0,000173
отцу 0,565257 0,000220
отчаяния 0,963197 0,000375
отчего 0,554533 0,000216
отыскать 1,167317 0,000454
оформление 0,000000 0,000000
ошибочное 1,690196 0,000658
павлович 0,419129 0,000652
павловича 0,451314 0,000176
пакет 1,053374 0,003279
пакета 1,389166 0,001622
пакете 1,213075 0,002832
палка 1,565257 0,000609
пачке 1,690196 0,000658
первое 0,565257 0,000220
первом 0,805589 0,000627
первых 0,367977 0,000430
перед 0,554533 0,000432
переносить 1,213075 0,000472
перешло 0,000000 0,000000
перхотину 1,468347 0,000571
петербурге 0,690196 0,000269
письмо 0,544068 0,000635
пишет 1,053374 0,000820
план 1,053374 0,000410
побежал 0,623249 0,000970
поверит 1,125925 0,000438
поговорить 0,866287 0,000337
погубить 1,264227 0,000984
подборка 0,000000 0,000000
подвалах 2,167317 0,001687
подействует 1,866287 0,000726
подлец 0,662167 0,000258
подлецом 1,389166 0,001081
подобное 1,213075 0,000472
подсудимого 0,991226 0,002700
подсудимому 1,167317 0,001817
подсудимый 1,088136 0,003811
подсудимым 1,322219 0,000514
подушкой 1,213075 0,000472
пожалуй 0,237898 0,000185
позвольте 0,523865 0,000204
позволю 1,053374 0,000410
позволяет 1,565257 0,000609
позор 0,824895 0,000321
позорно 1,389166 0,000541
позором 1,389166 0,000541
покажу 0,991226 0,000386
показал 0,769377 0,000299
показала 1,021189 0,000397
показание 0,912045 0,001420
показании 1,690196 0,001973
показанию 1,468347 0,000571
показания 1,021189 0,000397
полиции 1,565257 0,000609
полная 1,167317 0,000454
полное 0,845098 0,000658
половину 0,888564 0,001037
половины 0,936868 0,000729
положил 0,599116 0,000233
положим 0,720159 0,000560
положит 1,866287 0,000726
полторы 1,021189 0,002781
полу 0,735954 0,001432
получение 1,866287 0,000726
полученных 1,565257 0,000609
получит 1,565257 0,000609
получить 0,752344 0,000293
помята 2,167317 0,000843
помять 2,167317 0,000843
понравился 1,053374 0,000410
понять 0,396465 0,000154
поражает 1,468347 0,000571
поразивший 2,167317 0,000843
поразит 1,866287 0,000726
порох 1,389166 0,000541
посетителей 0,000000 0,000000
посетители 0,000000 0,000000
послал 0,720159 0,000280
после 0,084532 0,000099
последний 0,403889 0,000471
последовало 1,125925 0,000438
послужил 1,468347 0,000571
послушайте 0,787106 0,000306
посмертно 0,000000 0,000000
посмотрим 1,322219 0,000514
постели 0,787106 0,000613
постель 0,936868 0,000365
постельного 2,167317 0,000843
постелью 1,690196 0,000658
постлано 2,167317 0,000843
потекут 1,866287 0,000726
потому 0,024303 0,000038
потребности 1,264227 0,000492
почему 0,099131 0,000231
почте 1,866287 0,001452
почти 0,024303 0,000009
правда 0,162996 0,000063
правдоподобно 1,690196 0,000658
право 0,361137 0,000281
пред 0,033778 0,000026
предварительно 0,991226 0,000771
предварительным 2,167317 0,000843
предвидит 1,866287 0,000726
предложенные 2,167317 0,000843
предложены 1,866287 0,001452
предмете 1,565257 0,000609
предположение 1,213075 0,000944
предположения 1,264227 0,001968
предположить 1,053374 0,000410
прежние 1,088136 0,000423
преувеличить 2,167317 0,001687
прибежав 1,690196 0,000658
придет 0,514105 0,000200
прижизненно 0,000000 0,000000
признание 1,125925 0,000438
признанию 1,565257 0,000609
приказчик 1,690196 0,000658
приложить 1,866287 0,000726
принять 0,523865 0,000204
припомните 1,866287 0,001452
припрятал 1,866287 0,000726
приступил 1,389166 0,000541
присяжные 1,125925 0,002191
причина 1,125925 0,000438
причиною 1,690196 0,000658
провозглашено 1,866287 0,000726
программа 1,690196 0,000658
программе 1,690196 0,000658
программирование 0,000000 0,000000
продолжает 1,213075 0,000472
произведение 0,000000 0,000000
произведений 0,000000 0,000000
произведения 0,000000 0,000000
происходило 0,845098 0,000329
прокутил 1,565257 0,000609
просить 0,504560 0,000393
протокол 1,468347 0,000571
прошло 0,000000 0,000000
прямою 1,690196 0,000658
психология 1,468347 0,000571
публикации 0,000000 0,000000
пункт 1,264227 0,000492
пусть 0,253503 0,000099
пьяное 1,468347 0,000571
пятнадцати 1,167317 0,000454
пять 0,275223 0,000107
пятьсот 1,088136 0,000423
радужных 1,565257 0,001218
разговора 0,805589 0,000313
раздражении 1,264227 0,000492
разносчик 2,167317 0,000843
разом 0,389166 0,000303
разорванный 1,866287 0,000726
разрешения 0,000000 0,000000
разрывает 1,866287 0,000726
расквитаться 2,167317 0,000843
распечатать 1,690196 0,000658
распорядиться 1,264227 0,000492
рассудите 1,088136 0,000423
расчету 1,088136 0,000847
расшивал 2,167317 0,000843
расшивать 2,167317 0,000843
расщелине 2,167317 0,001687
ревнивом 2,167317 0,000843
ревности 1,088136 0,000423
речи 0,769377 0,000599
речь 0,704919 0,000274
решившийся 1,690196 0,000658
рождается 1,565257 0,000609
розовою 2,167317 0,000843
роковое 1,213075 0,000472
роковых 1,866287 0,000726
роман 1,125925 0,001314
романа 1,264227 0,000492
романами 2,167317 0,000843
романическое 2,167317 0,000843
романов 1,565257 0,000609
рублей 0,367977 0,000859
руками 0,280827 0,000109
руках 0,396465 0,000154
руке 0,735954 0,000286
рукой 0,486076 0,000189
русская 0,000000 0,000000
сайте 0,000000 0,000000
сами 0,142011 0,000166
самим 0,769377 0,000299
само 0,888564 0,000346
самого 0,118099 0,000046
самое 0,167317 0,000130
самой 0,258832 0,000101
самом 0,114239 0,000089
самому 0,426955 0,000166
самою 0,866287 0,000337
самые 0,381987 0,000149
сведении 2,167317 0,000843
свежего 2,167317 0,000843
свежейшего 2,167317 0,000843
светловой 1,690196 0,000658
свидетелей 0,912045 0,000710
свидетели 0,991226 0,000771
свидетель 1,167317 0,000454
свидетельница 2,167317 0,000843
свидетелях 1,264227 0,000492
свободно 0,000000 0,000000
свое 0,150284 0,000058
своего 0,091770 0,000036
своей 0,066947 0,000052
своем 0,198834 0,000077
своему 0,367977 0,000143
свой 0,189594 0,000148
свою 0,073896 0,000029
сделано 1,021189 0,000397
себе 0,033778 0,000039
себя 0,005949 0,000002
сегодня 0,000000 0,000000
селе 1,565257 0,001218
семидесяти 0,000000 0,000000
силы 0,514105 0,000200
сильнее 0,866287 0,000337
синих 2,167317 0,000843
скажет 0,587534 0,000457
скажут 0,963197 0,001499
сказавши 2,167317 0,000843
сказал 0,099131 0,000039
сказать 0,073896 0,000029
сколько 0,280827 0,000437
скорое 1,690196 0,000658
слабою 1,690196 0,000658
следствием 1,866287 0,000726
слов 0,367977 0,000143
слова 0,129891 0,000051
словам 0,888564 0,000346
сломя 1,125925 0,000438
слуга 0,888564 0,000346
служанок 1,690196 0,000658
случае 0,248239 0,000193
случай 0,443041 0,000172
слышали 0,611015 0,000238
слышите 0,769377 0,000299
слышно 0,912045 0,000355
слюнки 1,690196 0,000658
сманить 2,167317 0,000843
смеет 1,053374 0,000410
смердяков 0,587534 0,001143
смердякова 0,752344 0,000585
смердякову 1,053374 0,000410
смердяковым 1,021189 0,000397
смерти 0,468347 0,000182
собою 0,347773 0,000677
собрание 0,000000 0,000000
собственный 1,167317 0,000454
совершенная 1,213075 0,000472
совершенно 0,180546 0,000070
совершено 1,565257 0,000609
совершилось 1,088136 0,000847
совместного 1,866287 0,000726
совсем 0,021189 0,000041
согласия 0,000000 0,000000
создали 1,866287 0,001452
созерцать 1,264227 0,000492
сокрушившая 2,167317 0,000843
соображение 1,264227 0,000492
сообщил 0,824895 0,000642
сорил 2,167317 0,000843
состояла 1,053374 0,000410
сотне 2,167317 0,000843
сочинений 0,000000 0,000000
справедливо 0,805589 0,000313
спрашиваю 0,845098 0,000329
спрятано 1,866287 0,000726
спрятаны 1,690196 0,000658
спрятать 1,866287 0,000726
среди 0,769377 0,000299
средства 1,213075 0,000472
средство 1,468347 0,000571
средством 2,167317 0,000843
стало 0,091770 0,000286
стану 0,662167 0,000258
старательно 1,690196 0,000658
старик 0,434924 0,000169
старика 0,587534 0,000229
степени 0,389166 0,000151
степень 1,088136 0,000423
стоит 0,316059 0,000123
столь 0,434924 0,000508
сторона 1,565257 0,000609
сторонах 2,167317 0,000843
стороны 0,185046 0,000072
страсти 0,866287 0,000337
страшном 0,991226 0,000386
строжайшему 2,167317 0,000843
стыд 0,912045 0,000355
суде 0,888564 0,000691
судил 1,322219 0,000514
судьбе 0,936868 0,000365
сумме 1,690196 0,000658
суммы 1,053374 0,000410
существовал 1,866287 0,000726
существовала 1,690196 0,000658
существовали 1,866287 0,001452
существования 1,690196 0,000658
существует 0,866287 0,000337
схватит 1,866287 0,000726
считал 0,648803 0,000252
таившейся 2,167317 0,000843
такая 0,309985 0,000362
также 0,000000 0,000000
таки 0,066947 0,000156
такие 0,232819 0,000091
таким 0,243038 0,000378
такими 0,690196 0,000269
таких 0,243038 0,000095
таков 0,787106 0,000306
такого 0,243038 0,000284
такое 0,114239 0,000044
таком 0,309985 0,000121
такому 0,752344 0,000293
твердо 0,419129 0,000326
твердое 1,322219 0,000514
твоя 0,635838 0,000247
текст 0,000000 0,000000
терпящим 2,167317 0,000843
типическою 2,167317 0,000843
тогда 0,050046 0,000078
того 0,005949 0,000012
тоже 0,043466 0,000034
только 0,002964 0,000008
томах 0,000000 0,000000
тонкого 1,389166 0,000541
тоном 0,866287 0,000337
топором 1,690196 0,000658
точностью 1,565257 0,000609
трактирам 1,565257 0,000609
третьих 1,565257 0,000609
трех 0,374926 0,000584
тридцать 0,769377 0,000299
тысяч 0,451314 0,000878
тысячи 0,426955 0,002160
тысячу 0,769377 0,000299
тюфяка 1,565257 0,000609
тюфяком 1,389166 0,001081
убив 1,468347 0,000571
убийства 1,264227 0,001476
убийство 0,936868 0,000365
убийце 1,389166 0,000541
убийцы 1,322219 0,000514
убил 0,523865 0,001223
убью 0,963197 0,000375
увезет 1,690196 0,000658
увезти 1,565257 0,000609
увезу 1,690196 0,000658
уверен 0,635838 0,000247
удивлен 1,167317 0,000454
удольфского 2,167317 0,001687
уехал 0,752344 0,000293
узнал 0,381987 0,000297
узнали 0,824895 0,000321
узнать 0,374926 0,000146
указал 0,866287 0,000337
указать 1,125925 0,001314
указывает 1,322219 0,000514
украденной 2,167317 0,000843
улика 1,690196 0,001315
улики 1,264227 0,000492
уликой 1,690196 0,000658
уличение 2,167317 0,000843
уложены 2,167317 0,000843
умел 0,866287 0,000337
умершим 0,000000 0,000000
унес 1,389166 0,001081
унеси 1,565257 0,000609
унижением 2,167317 0,000843
уничтожается 1,866287 0,000726
уничтожься 2,167317 0,000843
усложняется 1,866287 0,000726
успел 0,354404 0,000138
утверждать 1,213075 0,000944
утром 0,411442 0,000160
уходит 0,888564 0,000346
факта 1,264227 0,000492
фактически 1,690196 0,000658
фантастическое 1,690196 0,000658
федор 0,000000 0,000000
федора 0,554533 0,000216
федоровичу 0,599116 0,000233
характер 0,635838 0,000247
характера 0,824895 0,000321
характернейшая 2,167317 0,000843
характером 0,866287 0,000337
хватит 1,565257 0,001218
хладнокровно 1,389166 0,000541
хозяина 1,167317 0,000908
хозяином 1,690196 0,000658
хотите 0,419129 0,000326
хоть 0,060107 0,000047
хотя 0,050046 0,000019
хочет 0,322219 0,000251
хочу 0,243038 0,000095
хранить 1,690196 0,000658
целом 0,866287 0,000337
целью 0,824895 0,000321
часа 0,000000 0,000000
часов 0,411442 0,000160
части 1,389166 0,000541
часто 0,292256 0,000114
часть 0,002964 0,000003
человек 0,036984 0,000029
человека 0,154480 0,000120
человеку 0,459747 0,000179
человеческую 1,866287 0,000726
через 0,258832 0,000101
чести 0,735954 0,000573
четвертая 0,426955 0,000332
чиновнику 1,468347 0,000571
число 0,000000 0,000000
чистая 1,565257 0,000609
чисто 1,213075 0,000472
чистосердечное 2,167317 0,000843
читаем 0,000000 0,000000
читать 0,000000 0,000000
чтобы 0,030597 0,000012
чувств 0,704919 0,000274
чувстве 1,322219 0,000514
чувство 0,611015 0,000238
чудом 1,468347 0,000571
чужой 1,088136 0,000423
чьего 0,000000 0,000000
широк 1,565257 0,000609
шкатулке 2,167317 0,000843
шкатулку 1,690196 0,000658
этим 0,189594 0,000074
этих 0,213075 0,000497
этого 0,053374 0,000125
этой 0,118099 0,000092
этом 0,046743 0,000091
этот 0,011981 0,000019
этою 0,599116 0,000466
ясно 0,354404 0,000138
ясное 1,213075 0,000472
