автор 0,000000 0,000000
автором 0,000000 0,000000
авторского 0,000000 0,000000
авторы 0,000000 0,000000
акта 1,468347 0,000395
алексей 0,000000 0,000000
алексея 0,000000 0,000000
ангел 0,912045 0,000245
башку 1,866287 0,000502
башню 1,866287 0,000502
бегло 1,468347 0,000789
безмятежным 1,866287 0,000502
берите 1,468347 0,000395
беспамятстве 1,389166 0,000747
беспокоили 1,322219 0,000355
беспокойтесь 0,805589 0,000217
бесспорный 1,213075 0,000326
библиотека 0,000000 0,000000
благодарю 0,824895 0,000443
бога 0,451314 0,000121
бокового 1,468347 0,000395
более 0,000000 0,000000
болезненная 1,690196 0,000454
болезненного 1,389166 0,000373
болезни 0,565257 0,000304
больного 0,752344 0,000202
большие 0,720159 0,000194
боюсь 0,504560 0,000271
браком 1,690196 0,000454
брал 1,213075 0,000326
братья 0,176091 0,000189
брезгливо 1,468347 0,000395
бросился 0,451314 0,000121
будем 0,648803 0,000174
будет 0,077412 0,000083
будто 0,099131 0,000080
буду 0,208276 0,000056
буквально 0,805589 0,000217
бумажек 1,866287 0,000502
бумажка 1,264227 0,000340
бумажку 1,088136 0,000585
бывает 0,599116 0,000161
бывши 1,866287 0,000502
бывший 0,845098 0,000227
была 0,046743 0,000088
были 0,099131 0,000053
было 0,000000 0,000000
быть 0,002964 0,000011
важности 1,264227 0,000680
важность 1,565257 0,000421
важный 1,125925 0,000303
вами 0,232819 0,000188
ваше 0,434924 0,000234
вашего 0,443041 0,000595
вашей 0,504560 0,000136
вашем 0,690196 0,000186
вашему 0,576253 0,000465
ваши 0,434924 0,000351
вашим 0,587534 0,000158
ваших 0,554533 0,000298
вбежать 2,167317 0,000583
ввиду 1,088136 0,000585
ввязался 1,213075 0,000326
вдаваясь 1,690196 0,000454
вдруг 0,005949 0,000029
ведь 0,043466 0,000222
вежливо 0,936868 0,000252
величайший 1,565257 0,000421
величины 1,565257 0,000421
верите 0,735954 0,000198
верить 0,635838 0,000171
верхом 1,389166 0,001120
весь 0,099131 0,000027
вещи 0,735954 0,000198
взаимного 2,167317 0,000583
взглядов 1,167317 0,000314
взглядом 0,504560 0,000136
вздрогнул 0,565257 0,000152
взял 0,269690 0,000145
взяли 1,021189 0,000549
взятых 1,468347 0,000395
видах 1,167317 0,000314
видел 0,248239 0,000133
видели 0,495219 0,000133
видимо 0,328468 0,000177
видимому 0,648803 0,000174
видите 0,396465 0,000107
видом 0,389166 0,000105
виду 0,544068 0,000293
вижу 0,286504 0,000154
визиты 0,000000 0,000000
виню 1,866287 0,000502
включили 2,167317 0,000583
вместе 0,208276 0,000056
вмиг 1,264227 0,000340
вначале 0,936868 0,000252
внезапно 0,623249 0,000168
внезапного 1,322219 0,000355
вниз 0,752344 0,000202
внимание 0,704919 0,000189
вниманием 1,167317 0,000314
внимания 0,845098 0,000227
вновь 0,720159 0,000194
вовсе 0,150284 0,000202
водится 1,565257 0,000421
возвратимся 1,866287 0,000502
возвратить 1,167317 0,000314
вознаграждения 0,000000 0,000000
войдя 0,735954 0,000198
волнение 0,824895 0,000222
волнении 0,675956 0,000727
волновавших 2,167317 0,000583
вопрос 0,222835 0,000300
вопроса 0,704919 0,000189
вопросик 1,866287 0,000502
вопросов 0,866287 0,000466
вопросы 0,599116 0,000322
воротимся 1,866287 0,000502
восемьсот 1,565257 0,000421
восторгах 2,167317 0,000583
восьмилетний 2,167317 0,000583
восьмьюстами 2,167317 0,000583
вошел 0,403889 0,000109
вошли 0,720159 0,000194
впечатлению 1,468347 0,000395
впивающимися 2,167317 0,000583
впились 2,167317 0,000583
впрочем 0,118099 0,000063
вред 1,690196 0,000454
времени 0,269690 0,000072
время 0,043466 0,000047
всадить 1,866287 0,000502
всего 0,040213 0,000032
всем 0,070407 0,000095
всему 0,486076 0,000261
всех 0,060107 0,000032
вскакивало 2,167317 0,000583
вскинулся 1,053374 0,000283
вскипел 1,389166 0,000373
вскочу 1,866287 0,000502
вскрикнул 0,936868 0,000252
вскричал 0,292256 0,000079
встал 0,403889 0,000109
встречается 1,322219 0,000355
всякая 1,167317 0,000314
всякое 0,912045 0,000245
всякую 0,866287 0,000233
всячина 2,167317 0,000583
второе 1,125925 0,000303
входил 1,053374 0,000283
входя 1,088136 0,000293
вцепившегося 1,866287 0,000502
выбежал 1,053374 0,000283
выбросил 2,167317 0,000583
вывел 1,053374 0,000283
выверну 2,167317 0,000583
вывертывать 2,167317 0,000583
выгоднейшим 2,167317 0,000583
выкупать 2,167317 0,000583
выложить 1,866287 0,000502
вымыть 2,167317 0,000583
вынул 0,599116 0,000161
выплаты 0,000000 0,000000
высокомерно 1,866287 0,000502
высунувшегося 2,167317 0,000583
вытащил 1,167317 0,000314
выхватил 1,322219 0,000711
выхватили 2,167317 0,000583
вышел 0,275223 0,000074
главнейшем 1,866287 0,000502
главное 0,189594 0,000051
главной 1,690196 0,000454
главный 0,963197 0,000259
глаза 0,129891 0,000140
глазами 0,403889 0,000434
глазом 1,322219 0,000355
глубоко 0,611015 0,000164
глупости 0,912045 0,000245
глядел 0,554533 0,000149
глядели 1,213075 0,000326
глядя 0,611015 0,000164
глянув 1,565257 0,000421
гнев 0,936868 0,000252
говорил 0,095435 0,000051
говорили 0,374926 0,000101
говорить 0,162996 0,000088
говорю 0,203530 0,000055
говоря 0,434924 0,000117
голове 0,554533 0,000149
головой 0,533849 0,000144
голову 0,227798 0,000122
гораздо 0,443041 0,000357
горжусь 1,866287 0,000502
горло 1,389166 0,000373
горой 1,565257 0,000842
господа 0,389166 0,002406
господин 0,514105 0,000276
господину 1,053374 0,000849
госпожи 0,991226 0,000266
григорий 0,720159 0,000194
григория 0,845098 0,000454
грустно 0,735954 0,000198
грушенька 0,675956 0,000727
давеча 0,232819 0,000188
даже 0,005949 0,000030
дала 0,720159 0,000194
далее 0,648803 0,001046
дали 0,635838 0,000171
дальнейшем 1,468347 0,000395
дальше 0,002964 0,000001
данные 0,000000 0,000000
дарил 2,167317 0,000583
дать 0,623249 0,000335
двадцать 0,411442 0,000111
дверь 0,367977 0,000594
дверью 1,167317 0,000314
двести 0,991226 0,000266
двугривенных 1,690196 0,000454
двух 0,264227 0,000071
девятая 1,167317 0,000628
действительно 0,106619 0,000029
дела 0,309985 0,000167
делали 1,866287 0,000502
делать 0,426955 0,000115
делая 1,167317 0,000314
дело 0,063514 0,000085
делу 0,468347 0,000126
денег 0,309985 0,000167
деньгах 0,866287 0,000233
деньги 0,280827 0,000528
держали 2,167317 0,000583
дескать 0,419129 0,000113
десяти 0,704919 0,000189
десятый 1,565257 0,000421
десять 0,374926 0,000101
диво 1,866287 0,000502
дмитрий 0,468347 0,000126
добрее 1,389166 0,000373
добровольно 1,322219 0,000355
доброте 1,167317 0,000314
доверия 2,167317 0,001165
доволен 0,735954 0,000198
довольно 0,129891 0,000105
доживет 1,866287 0,000502
дойдя 1,264227 0,000340
докажется 2,167317 0,000583
долго 0,222835 0,000120
должен 0,258832 0,000070
должно 0,286504 0,000077
домой 0,459747 0,000247
допрашиваемый 2,167317 0,000583
допрос 1,565257 0,000421
допроса 1,322219 0,000355
допросе 1,565257 0,000421
допросчика 2,167317 0,000583
достать 0,936868 0,000252
достоевский 0,000000 0,000000
достояние 0,000000 0,000000
дошел 0,787106 0,000212
дрожал 1,053374 0,000283
другая 0,648803 0,000174
других 0,459747 0,000124
другое 0,309985 0,000083
другом 0,477121 0,000128
думаете 0,504560 0,000136
думали 0,936868 0,000504
думаю 0,328468 0,000088
думая 0,963197 0,000259
душе 0,514105 0,000276
души 0,523865 0,000422
едва 0,554533 0,000149
единственный 0,991226 0,000266
если 0,011981 0,000026
есть 0,018098 0,000015
жадным 1,866287 0,000502
жалких 1,690196 0,000454
жалости 1,053374 0,000283
ждал 0,495219 0,000133
жизни 0,222835 0,000060
жилетного 1,565257 0,000842
жить 0,451314 0,000243
забор 1,125925 0,000303
заборе 1,565257 0,001683
забору 1,690196 0,001363
забыть 0,623249 0,000168
завершить 1,866287 0,000502
заговорил 0,599116 0,000322
задохся 1,322219 0,000355
задумчиво 0,912045 0,000245
заключаете 1,866287 0,000502
заключен 1,690196 0,000454
заключение 0,991226 0,000266
заключил 0,523865 0,000422
заключить 0,824895 0,000222
законным 2,167317 0,000583
закончил 1,125925 0,000303
закричу 1,866287 0,001003
заложенные 2,167317 0,000583
заложил 1,264227 0,000340
замарался 2,167317 0,000583
заметил 0,154480 0,000208
заметили 0,611015 0,000329
замигали 2,167317 0,000583
замолчал 1,021189 0,000275
занавесками 1,866287 0,001003
занавески 1,565257 0,000421
заперта 1,565257 0,000842
записать 1,690196 0,000454
записывали 1,866287 0,000502
записывать 1,468347 0,001184
запишем 1,866287 0,000502
запишите 1,690196 0,000454
зарядил 1,690196 0,000454
зарядить 1,565257 0,000421
засверкал 1,690196 0,000454
заставил 1,322219 0,000355
застрелился 1,322219 0,000355
застрелиться 1,322219 0,000711
затем 0,237898 0,000320
затрещал 1,866287 0,000502
заходил 1,125925 0,000303
заходили 1,468347 0,000395
захочет 0,888564 0,000239
зачем 0,146128 0,000118
заявил 0,912045 0,000490
заявляли 1,565257 0,000421
здесь 0,095435 0,000077
здешних 1,213075 0,000326
землю 0,565257 0,000152
злобно 0,599116 0,000161
знает 0,171682 0,000046
знаете 0,286504 0,000231
знак 1,167317 0,001255
знаках 1,690196 0,000454
знаки 1,125925 0,002119
знаков 1,565257 0,000842
знал 0,114239 0,000061
знали 0,426955 0,000344
знало 1,690196 0,000454
знать 0,328468 0,000088
значение 1,125925 0,000303
знаю 0,095435 0,000128
известны 1,264227 0,000340
известный 1,053374 0,000283
изволили 0,845098 0,000227
извольте 0,963197 0,000518
изложил 1,167317 0,000314
измучен 1,690196 0,000454
изобразило 1,866287 0,000502
изобретенных 2,167317 0,000583
имеет 0,623249 0,000168
имеете 1,053374 0,001133
именно 0,066947 0,000108
имея 0,752344 0,000404
ипполита 0,888564 0,000239
использоваться 0,000000 0,000000
испугался 0,704919 0,000189
истерическим 1,690196 0,000454
история 0,845098 0,000227
источник 0,000000 0,000000
итог 1,690196 0,000454
каждый 0,367977 0,000297
кажется 0,118099 0,000063
казалось 0,316059 0,000085
какая 0,194189 0,000052
какие 0,232819 0,000188
каким 0,194189 0,000052
каких 0,468347 0,000126
какова 1,167317 0,000314
какого 0,347773 0,000093
какое 0,227798 0,000245
какой 0,095435 0,000077
какою 0,599116 0,000161
какую 0,419129 0,000113
камень 1,167317 0,000628
капельку 0,963197 0,000259
карамазов 0,587534 0,000158
карамазовы 0,180546 0,000194
кармана 0,720159 0,000581
кармане 0,805589 0,000433
карманов 2,167317 0,000583
карманы 1,690196 0,000909
касается 0,769377 0,000207
касалось 1,565257 0,000421
кирилловича 1,389166 0,000373
клопы 2,167317 0,000583
книга 0,176091 0,000095
книги 0,000000 0,000000
когда 0,015029 0,000053
кого 0,222835 0,000060
коль 0,720159 0,000194
комаров 0,000000 0,000000
комнате 0,389166 0,000105
конечно 0,060107 0,000065
конце 0,611015 0,000164
кончайте 2,167317 0,000583
кончено 1,021189 0,000549
копеек 1,125925 0,000303
копейку 1,565257 0,000421
корпусом 1,690196 0,000454
которая 0,361137 0,000097
котором 0,347773 0,000093
которую 0,292256 0,000079
который 0,110412 0,000089
которым 0,389166 0,000105
крайней 0,298086 0,000080
кратко 1,866287 0,000502
кричал 0,824895 0,000222
крови 0,662167 0,000356
кровь 0,662167 0,000534
куда 0,248239 0,000067
курица 1,468347 0,000395
курицы 1,866287 0,000502
лавке 1,125925 0,000303
лбами 1,690196 0,000454
левую 1,213075 0,000326
легенду 1,866287 0,000502
лежащим 1,690196 0,000454
лежи 1,565257 0,000421
лежит 0,648803 0,000174
либо 0,000000 0,000000
лисицу 2,167317 0,000583
литература 0,000000 0,000000
лицам 1,468347 0,000395
лицо 0,114239 0,000092
лицом 0,000000 0,000000
личико 1,264227 0,000340
лишним 1,690196 0,000454
лишь 0,185046 0,000199
лыко 1,866287 0,000502
любви 0,504560 0,000136
любит 0,389166 0,000105
любовью 0,824895 0,000222
любопытный 1,264227 0,000340
любопытством 0,459747 0,000247
любым 0,000000 0,000000
людьми 0,623249 0,000168
малейший 1,866287 0,000502
мальчик 0,495219 0,000133
мальчишка 0,963197 0,000259
мараться 2,167317 0,000583
марковой 2,167317 0,000583
мать 0,389166 0,000105
мгновение 0,396465 0,000107
мгновения 0,991226 0,000533
медик 1,690196 0,000909
медленно 0,805589 0,000217
между 0,129891 0,000035
мелочам 2,167317 0,000583
мелочами 2,167317 0,000583
мелочь 1,565257 0,000421
мелькнула 1,088136 0,000293
меньше 0,787106 0,000212
меня 0,027438 0,000066
мере 0,269690 0,000072
мерзавку 2,167317 0,000583
мигнул 1,565257 0,000421
мигом 0,504560 0,000136
мимо 0,514105 0,000138
минуту 0,084532 0,000023
минуты 0,322219 0,000173
мире 0,704919 0,000379
мите 0,735954 0,000396
мити 0,611015 0,000657
митю 0,623249 0,000168
митя 0,587534 0,005212
мной 0,237898 0,000192
могли 0,374926 0,000504
могло 0,403889 0,000217
могу 0,171682 0,000185
моему 0,354404 0,000191
может 0,000000 0,000000
можете 0,504560 0,000407
можно 0,088136 0,000047
молодцу 2,167317 0,000583
молча 0,367977 0,000099
молчал 0,565257 0,000304
момент 0,720159 0,000581
момента 0,000000 0,000000
мотивируя 2,167317 0,000583
мотивы 1,866287 0,000502
мрачно 0,866287 0,000699
мучением 1,468347 0,000395
мысль 0,264227 0,000142
мытарство 1,468347 0,001184
мягко 1,167317 0,000314
наверно 0,264227 0,000071
наверное 1,468347 0,000395
наглядно 1,866287 0,000502
надежды 0,912045 0,000245
надеялись 1,389166 0,000373
надеялся 1,322219 0,000355
надо 0,036984 0,000040
назад 0,000000 0,000000
название 0,000000 0,000000
найти 0,000000 0,000000
наклонил 1,690196 0,000454
наконец 0,073896 0,000119
намек 1,322219 0,000711
нами 0,648803 0,000349
наморщился 1,866287 0,000502
нанести 1,866287 0,000502
написал 0,662167 0,000178
написано 0,000000 0,000000
напомнил 1,167317 0,000314
напротив 0,180546 0,000049
нарочно 0,227798 0,000122
нарушая 2,167317 0,000583
насквозь 1,167317 0,000314
насмехаетесь 2,167317 0,001165
насмешливо 0,787106 0,000212
насмешливым 1,468347 0,000395
насмешники 1,866287 0,000502
настаивать 1,565257 0,000421
настиг 2,167317 0,000583
настойчивостью 1,389166 0,000373
настоящих 1,866287 0,000502
натащил 2,167317 0,000583
наткнувшись 2,167317 0,000583
натура 1,264227 0,000340
натуры 1,468347 0,000395
наука 0,000000 0,000000
находящаяся 2,167317 0,000583
находящиеся 2,167317 0,000583
начавшегося 1,866287 0,000502
начал 0,137934 0,000148
начала 0,381987 0,000205
наше 0,662167 0,000178
нашему 0,888564 0,000239
нашли 0,805589 0,000433
небес 1,565257 0,000421
небо 1,021189 0,000824
невозможно 0,411442 0,000111
него 0,000000 0,000000
негодования 0,845098 0,000227
недалеко 0,912045 0,000245
некотором 1,021189 0,000275
нельзя 0,176091 0,000189
немножко 1,021189 0,000275
нему 0,080958 0,000022
ненавистным 1,866287 0,000502
ненавистью 1,088136 0,000293
необходимо 0,963197 0,000518
необычайною 1,690196 0,000454
неоспоримое 1,866287 0,000502
нервно 0,936868 0,000252
несколько 0,102859 0,000028
несомненно 0,704919 0,000189
нетерпения 1,264227 0,000340
нечего 0,381987 0,000103
нижайшей 2,167317 0,000583
низкий 1,389166 0,000373
никак 0,396465 0,000107
никаких 0,565257 0,000152
николаем 1,690196 0,000454
николай 0,845098 0,004089
николая 1,088136 0,000585
никому 0,504560 0,000136
никто 0,185046 0,000099
никуда 0,936868 0,000252
нисколько 0,662167 0,000178
нитки 1,866287 0,000502
ничего 0,030597 0,000025
новую 0,752344 0,000202
новый 0,648803 0,000174
новых 0,963197 0,000259
нога 1,213075 0,000326
ногах 0,866287 0,000233
ноги 0,477121 0,000128
ногу 0,805589 0,000217
ночью 0,587534 0,000316
нравственно 1,213075 0,000326
нуждался 1,565257 0,000842
нужно 0,514105 0,000138
обвинение 1,053374 0,000283
обиделись 1,690196 0,000454
обиду 1,088136 0,000293
обидчик 1,389166 0,000373
облобызал 1,690196 0,000454
обоих 0,635838 0,000171
оборвал 1,264227 0,000680
образом 0,347773 0,000093
обратив 1,866287 0,000502
обратили 1,468347 0,000395
обратиться 1,213075 0,000326
обрываю 2,167317 0,000583
обстоятельстве 1,690196 0,000454
обтирал 1,866287 0,000502
общественное 0,000000 0,000000
объявил 0,599116 0,000161
объявить 1,021189 0,000549
объяснить 0,623249 0,000168
обыщите 2,167317 0,000583
обязаны 1,565257 0,000421
огород 2,167317 0,000583
ограбил 1,213075 0,000326
ограбление 1,866287 0,000502
одежду 1,565257 0,000842
один 0,046743 0,000013
одна 0,185046 0,000050
однако 0,102859 0,000028
одно 0,099131 0,000027
одной 0,243038 0,000065
одному 0,334808 0,000090
одобрил 1,565257 0,000421
означал 1,565257 0,000842
окажется 1,125925 0,000303
окажутся 1,565257 0,000421
оказалось 0,486076 0,000261
оказывается 1,167317 0,000314
окна 0,648803 0,001046
окно 0,635838 0,000855
окном 1,468347 0,000789
околицей 2,167317 0,000583
около 0,443041 0,000119
окончании 1,690196 0,000454
окровавленные 1,690196 0,000454
окровавленных 2,167317 0,000583
опасались 1,866287 0,000502
опасный 1,468347 0,000395
описав 1,690196 0,000454
описал 1,322219 0,000355
описать 1,690196 0,000909
опомнился 1,167317 0,000314
опубликовано 0,000000 0,000000
опустил 1,088136 0,000293
опять 0,027438 0,000037
оружие 1,167317 0,000314
осанку 1,866287 0,000502
осведомился 0,888564 0,000239
освидетельствовав 2,167317 0,000583
оскорблен 1,690196 0,000454
осматривать 1,468347 0,000395
осмотр 1,690196 0,000454
осмотра 1,690196 0,000454
особенно 0,129891 0,000035
особенную 1,565257 0,000421
оставаться 0,769377 0,000207
оставили 0,888564 0,000239
остановил 0,991226 0,000533
остановился 0,419129 0,000113
осторожно 0,912045 0,000245
отбегали 2,167317 0,000583
отвергаете 1,866287 0,000502
отвернулся 1,088136 0,000293
ответе 1,322219 0,000355
ответил 0,237898 0,000256
отвечать 0,824895 0,000222
отворил 0,824895 0,000443
отворили 1,264227 0,000340
отворить 1,264227 0,000680
отдохнув 2,167317 0,000583
отдохнуть 1,468347 0,000395
отец 0,316059 0,000085
открою 1,389166 0,000373
открыть 1,021189 0,000275
откуда 0,523865 0,000563
отпереть 1,389166 0,000373
отперта 1,468347 0,000789
отпертою 1,565257 0,001262
отрезал 0,824895 0,000443
отскочил 1,468347 0,000395
отставал 2,167317 0,000583
отца 0,222835 0,000479
отцом 0,599116 0,000161
отцу 0,565257 0,000152
отчеканивая 1,866287 0,001003
отчеканил 1,468347 0,000395
оформление 0,000000 0,000000
охотно 1,322219 0,000355
очевидно 0,599116 0,000161
очень 0,024303 0,000020
очнулся 0,912045 0,000245
ошиблись 1,565257 0,000421
павловичем 0,866287 0,000233
падал 1,565257 0,000421
падучей 1,021189 0,000549
памяти 0,752344 0,000202
парфенович 1,213075 0,005870
парфеновича 1,322219 0,000711
парфеновичем 1,866287 0,000502
пачку 1,088136 0,000293
первоначально 1,389166 0,000373
первый 0,248239 0,000067
переглянулся 1,565257 0,000421
переговорил 1,389166 0,000373
передаваемого 2,167317 0,000583
передал 0,690196 0,000371
перескочил 1,264227 0,000340
перестал 0,675956 0,000182
пересчитал 2,167317 0,000583
перешло 0,000000 0,000000
перхотин 1,468347 0,000395
перхотина 1,213075 0,000652
перхотину 1,468347 0,001579
пестик 1,167317 0,001255
пестиком 1,690196 0,000454
пилюли 2,167317 0,000583
пистолет 1,053374 0,000283
пистолеты 1,322219 0,000711
пишите 1,468347 0,000789
плавало 2,167317 0,000583
плакал 0,824895 0,000222
платком 1,125925 0,000303
платок 0,787106 0,000212
платья 1,213075 0,000326
плотниковых 1,389166 0,000373
побежал 0,623249 0,000168
побежден 1,866287 0,000502
побочный 1,866287 0,000502
поверженного 1,468347 0,000395
поверженному 1,690196 0,000909
поверить 0,824895 0,000222
повернулся 0,587534 0,000316
повинен 1,565257 0,000421
повредите 2,167317 0,000583
повторенные 1,866287 0,000502
повторить 1,468347 0,000395
повторявшемся 2,167317 0,000583
повторяю 0,648803 0,000174
поглядеть 1,088136 0,000293
подарил 1,264227 0,000340
подарков 2,167317 0,000583
подборка 0,000000 0,000000
подло 1,264227 0,001359
подмигнул 1,565257 0,000421
поднял 0,504560 0,000136
поднялся 0,635838 0,000171
подозреваемый 2,167317 0,000583
подозреваете 1,468347 0,001184
подозревай 1,866287 0,000502
подозревали 1,468347 0,000395
подозрений 1,565257 0,000842
подползая 2,167317 0,001165
подробнее 1,167317 0,000314
подробно 1,053374 0,000283
подробности 0,648803 0,000174
подробный 1,866287 0,000502
подсказываете 2,167317 0,000583
подсудимым 1,322219 0,000355
подумал 0,334808 0,000270
подумали 1,565257 0,000421
подчинился 1,690196 0,000454
подымал 1,322219 0,000355
поехали 1,389166 0,000373
пожалуй 0,237898 0,000064
пожалуйста 0,662167 0,000178
пожелаете 1,690196 0,000454
позволили 1,322219 0,000355
позвольте 0,523865 0,000282
позор 0,824895 0,001109
позора 1,213075 0,000326
поймал 1,088136 0,000293
поймали 1,690196 0,000454
поймите 1,322219 0,000355
пока 0,213075 0,000057
показал 0,769377 0,000207
показание 0,912045 0,000245
показаний 1,213075 0,000326
показания 1,021189 0,000275
показывает 1,213075 0,000652
показывать 1,021189 0,000549
покойник 1,264227 0,000340
покойнику 1,565257 0,000421
покойный 1,322219 0,000355
полноте 0,866287 0,000233
положения 1,053374 0,000283
положительно 0,805589 0,000433
полутора 1,866287 0,000502
полученных 1,565257 0,000421
полюбопытствовали 2,167317 0,000583
поминутно 0,635838 0,000171
помнил 0,845098 0,000454
помнили 1,468347 0,000395
помните 0,690196 0,000186
помнится 1,866287 0,000502
помню 0,486076 0,000523
помог 1,322219 0,000355
помолчав 0,936868 0,000252
помолчали 1,264227 0,000340
поморщился 1,264227 0,000340
помочь 0,912045 0,000736
понадобится 1,322219 0,000355
понимаю 0,381987 0,000513
поняв 1,053374 0,000283
понял 0,396465 0,000107
попался 1,389166 0,000373
попросил 0,635838 0,000342
поражен 0,866287 0,000233
порешил 1,322219 0,000355
посетителей 0,000000 0,000000
посетители 0,000000 0,000000
после 0,084532 0,000023
последней 0,623249 0,000168
посмертно 0,000000 0,000000
посмотрел 0,459747 0,000247
поспели 1,866287 0,000502
поставленного 2,167317 0,000583
постеле 1,866287 0,000502
постойте 1,167317 0,000314
потерявшись 1,468347 0,000395
потерял 0,866287 0,000233
потом 0,084532 0,000068
потому 0,024303 0,000052
потрудитесь 1,690196 0,001363
потрясен 1,213075 0,000326
потухший 1,866287 0,000502
почему 0,099131 0,000133
почти 0,024303 0,000013
почувствовал 0,623249 0,000168
почуял 2,167317 0,000583
пошел 0,275223 0,000074
пошла 0,845098 0,000227
поэма 1,468347 0,000395
появились 1,389166 0,000373
правда 0,162996 0,000044
правдоподобно 1,690196 0,000454
право 0,361137 0,000097
пред 0,033778 0,000018
предложения 1,690196 0,000454
представили 1,565257 0,000421
предчувствовал 0,845098 0,000227
прежде 0,077412 0,000021
прежний 1,021189 0,000275
презрением 0,866287 0,000233
презрительно 0,866287 0,000466
прекрасно 0,735954 0,000396
прервал 0,735954 0,000594
преступление 0,845098 0,000227
преступления 0,963197 0,000259
претило 2,167317 0,000583
прибавил 0,275223 0,000074
прибыли 1,389166 0,000373
прибьет 2,167317 0,000583
привести 1,389166 0,000373
приводить 1,565257 0,000421
приготовил 1,167317 0,000314
приехав 1,389166 0,000373
прижизненно 0,000000 0,000000
признайтесь 1,866287 0,001003
признался 0,936868 0,000252
признанию 1,565257 0,000421
принужден 0,991226 0,000266
принялся 1,167317 0,000314
приобщили 2,167317 0,000583
припадке 0,824895 0,000222
припомнили 1,866287 0,000502
прискакавший 2,167317 0,000583
присутствии 1,264227 0,000340
прицепкой 2,167317 0,000583
пришла 0,648803 0,000523
пришли 0,704919 0,000379
пришло 0,991226 0,000266
прищемили 2,167317 0,000583
проверим 2,167317 0,001165
проговорено 2,167317 0,000583
проговорил 0,154480 0,000208
проговорился 1,322219 0,000355
программирование 0,000000 0,000000
продолжал 0,292256 0,000157
продолжать 0,690196 0,000742
проиграли 2,167317 0,000583
произведение 0,000000 0,000000
произведений 0,000000 0,000000
произведения 0,000000 0,000000
произведенного 2,167317 0,000583
произнес 0,361137 0,000194
произошло 0,495219 0,000266
происходить 1,322219 0,000355
проклятому 1,866287 0,000502
прокурор 0,888564 0,005255
прокурора 0,912045 0,000245
пролепетал 1,053374 0,000566
проломленною 1,565257 0,000421
пропало 1,690196 0,000454
пропустить 1,322219 0,000355
прост 2,167317 0,000583
просто 0,232819 0,000063
пространно 1,866287 0,000502
простучав 2,167317 0,000583
простучал 1,690196 0,001363
просьбою 2,167317 0,000583
проч 0,662167 0,000534
прочли 1,125925 0,000303
прошла 0,845098 0,000454
прошло 0,000000 0,000000
публикации 0,000000 0,000000
пугал 1,322219 0,000711
пулю 1,565257 0,000421
пункт 1,264227 0,000680
пункте 1,264227 0,000340
пусть 0,253503 0,000068
пяти 0,662167 0,000178
пять 0,275223 0,000222
равно 0,303994 0,000163
радикально 1,690196 0,000454
разве 0,146128 0,000079
раздельно 1,213075 0,000326
раздеться 1,866287 0,000502
раздражать 1,468347 0,000395
раздражил 1,866287 0,000502
размахнулись 2,167317 0,001165
размахнулся 1,690196 0,000454
разоблачать 2,167317 0,000583
разом 0,389166 0,000105
разрешения 0,000000 0,000000
разу 0,704919 0,000189
раньше 0,599116 0,000161
раскроил 2,167317 0,000583
распорядился 1,264227 0,000340
рассвету 1,690196 0,000454
рассердились 1,690196 0,000454
расскажу 0,912045 0,000245
рассказа 0,845098 0,000227
рассказал 0,587534 0,000790
рассказать 0,623249 0,000168
рассказывал 0,554533 0,000298
рассказывать 0,704919 0,000189
рассказываю 1,866287 0,000502
рассмотрел 1,264227 0,000340
расчетливость 1,866287 0,000502
расчету 1,088136 0,000293
рацею 2,167317 0,000583
ребром 2,167317 0,000583
резко 0,648803 0,000349
решения 0,991226 0,000266
решился 0,554533 0,000298
решимости 1,690196 0,000454
решимость 1,088136 0,000585
решимостью 1,565257 0,000421
решительно 0,341243 0,000183
решить 0,936868 0,000252
решиться 0,963197 0,000259
робко 0,787106 0,000212
рода 0,866287 0,000233
родился 1,322219 0,000355
родитель 1,322219 0,000355
родителя 0,936868 0,000504
рублей 0,367977 0,000297
рублях 1,565257 0,000421
рука 1,053374 0,000283
руках 0,396465 0,000426
руки 0,167317 0,000135
рукой 0,486076 0,000261
русская 0,000000 0,000000
рыцарь 1,213075 0,000326
рядом 0,690196 0,000186
сада 1,167317 0,000314
саду 0,936868 0,000504
сайте 0,000000 0,000000
сами 0,142011 0,000153
самим 0,769377 0,000207
само 0,888564 0,000239
самого 0,118099 0,000063
самые 0,381987 0,000103
самый 0,198834 0,000107
сапоги 1,213075 0,000326
сатана 1,264227 0,000340
свел 1,565257 0,000421
светлый 1,264227 0,000340
свидетелей 0,912045 0,000245
свидетель 1,167317 0,000314
свидетельствами 2,167317 0,000583
свободно 0,000000 0,000000
свое 0,150284 0,000040
своего 0,091770 0,000025
своей 0,066947 0,000054
своим 0,208276 0,000056
свою 0,073896 0,000020
сделал 0,381987 0,000103
сделали 0,787106 0,000212
сделать 0,403889 0,000109
сдержанно 1,021189 0,000275
сдержанную 2,167317 0,000583
себе 0,033778 0,000045
себя 0,005949 0,000013
сегодня 0,000000 0,000000
сейчас 0,070407 0,000057
секунду 0,824895 0,000222
сели 1,389166 0,000373
семидесяти 0,000000 0,000000
сердце 0,171682 0,000046
сзади 0,824895 0,000222
сидел 0,322219 0,000520
сидя 0,845098 0,000227
сижу 0,824895 0,000222
сила 0,936868 0,000252
силой 0,675956 0,000182
сильно 0,292256 0,000157
сильном 1,213075 0,000326
сильные 1,264227 0,000340
скажет 0,587534 0,000316
скажете 1,088136 0,000293
скажу 0,275223 0,000370
сказал 0,099131 0,000107
сказать 0,073896 0,000060
скверный 1,389166 0,000373
сколько 0,280827 0,000151
скорей 0,845098 0,000227
скоро 0,298086 0,000160
скушал 2,167317 0,000583
слабым 1,322219 0,000355
следовало 0,805589 0,000217
следователи 1,866287 0,001505
следователь 1,213075 0,001304
следует 0,936868 0,000252
слезы 0,554533 0,000149
слишком 0,133894 0,000072
слов 0,367977 0,000099
слово 0,232819 0,000313
слову 0,888564 0,000239
слуга 0,888564 0,000478
слугу 1,389166 0,000373
служанке 2,167317 0,000583
служивший 2,167317 0,000583
случае 0,248239 0,000267
случаи 1,125925 0,000303
слушайте 0,912045 0,000245
слушали 1,021189 0,000275
слушателей 1,264227 0,000340
слышал 0,389166 0,000105
слышали 0,611015 0,000164
слышите 0,769377 0,000414
смердяков 0,587534 0,002527
смердякова 0,752344 0,000607
смердякову 1,053374 0,000283
смерти 0,468347 0,000126
смиренно 1,167317 0,000314
смотрел 0,298086 0,000080
смотрели 0,769377 0,000207
снять 1,264227 0,000680
собой 0,253503 0,000068
собою 0,347773 0,000093
собрание 0,000000 0,000000
собственно 0,565257 0,000304
собственному 1,167317 0,000314
совершенно 0,180546 0,000146
совершив 1,866287 0,000502
совершил 1,213075 0,000326
совокупление 2,167317 0,000583
совсем 0,021189 0,000017
согласия 0,000000 0,000000
сомнений 1,021189 0,000275
соображение 1,264227 0,000340
сообщить 0,635838 0,000171
сообщу 1,468347 0,000395
соорудить 2,167317 0,000583
сооружайте 2,167317 0,000583
сорвалось 1,389166 0,000373
сорок 0,845098 0,000227
соскакивал 2,167317 0,000583
соскочил 1,264227 0,001359
соскочили 1,690196 0,000454
состоит 1,088136 0,000293
сосчитали 1,866287 0,000502
сохранятся 2,167317 0,000583
сочинений 0,000000 0,000000
спас 1,264227 0,000340
спокойно 0,648803 0,000174
спрашиваете 1,690196 0,000454
спрашивал 0,769377 0,000207
спрашивать 0,752344 0,000202
спросил 0,222835 0,000240
спросите 1,125925 0,000303
спросить 0,495219 0,000133
спрошенных 2,167317 0,000583
сравняться 2,167317 0,000583
сряду 0,991226 0,000266
став 1,322219 0,000355
стал 0,125925 0,000102
стали 0,322219 0,000087
стало 0,091770 0,000123
стараться 1,690196 0,000454
старик 0,434924 0,000234
старика 0,587534 0,000158
старику 1,053374 0,000283
стену 1,125925 0,000303
стихах 1,125925 0,000303
стоит 0,316059 0,000085
стоите 1,213075 0,000652
стол 0,486076 0,000261
столом 0,735954 0,000198
столу 0,752344 0,000202
столь 0,434924 0,000351
столько 0,477121 0,000128
сторону 0,611015 0,000493
стороны 0,185046 0,000050
сторублевых 1,468347 0,000395
стоял 0,309985 0,000083
стояла 0,623249 0,000168
странно 0,354404 0,000095
страх 0,963197 0,000259
страшно 0,434924 0,000351
строгим 1,167317 0,000314
строку 1,866287 0,000502
стук 1,322219 0,000355
стул 0,648803 0,000523
стуле 0,805589 0,000217
стучал 1,565257 0,000421
судорога 1,565257 0,000421
судорожно 1,167317 0,000314
сумма 1,088136 0,000293
сумму 0,912045 0,000245
сурово 1,088136 0,000293
сухо 0,991226 0,000533
существенно 1,565257 0,000421
существенный 1,690196 0,000454
счастливых 1,468347 0,000395
счет 0,690196 0,000186
считает 1,088136 0,000293
считайте 1,565257 0,000421
сшибемся 2,167317 0,000583
сюда 0,232819 0,000376
также 0,000000 0,000000
таки 0,066947 0,000036
таким 0,243038 0,000065
таких 0,243038 0,000065
такое 0,114239 0,000031
такой 0,077412 0,000083
таком 0,309985 0,000583
такою 0,690196 0,000186
такую 0,334808 0,000090
твердо 0,419129 0,000338
текст 0,000000 0,000000
тела 1,264227 0,000340
темя 1,565257 0,000421
теперь 0,015029 0,000053
теряет 1,690196 0,000454
тихо 0,354404 0,000191
тогда 0,050046 0,000094
того 0,005949 0,000008
только 0,002964 0,000010
томах 0,000000 0,000000
тому 0,095435 0,000026
тотчас 0,046743 0,000050
точки 0,912045 0,000245
точнейший 1,866287 0,000502
точно 0,121994 0,000164
точностью 1,565257 0,000842
трагически 1,565257 0,000421
тремя 0,963197 0,000259
трепетал 1,213075 0,000326
третье 1,125925 0,000605
третья 0,486076 0,000261
трех 0,374926 0,000101
тридцать 0,769377 0,000207
триста 1,322219 0,000355
трудитесь 1,866287 0,000502
трус 1,389166 0,000747
трусите 2,167317 0,000583
трусостей 2,167317 0,000583
тумане 1,866287 0,000502
тысяч 0,451314 0,000121
тысячами 1,053374 0,000283
тысячах 1,021189 0,000275
тысячи 0,426955 0,000115
тяжело 0,565257 0,000152
убегал 1,866287 0,000502
убегаю 2,167317 0,000583
убегая 1,565257 0,000842
убедиться 1,125925 0,000908
убежал 0,888564 0,000239
убеждению 1,690196 0,000454
убивать 1,264227 0,000340
убийство 0,936868 0,000756
убийца 0,991226 0,000533
убил 0,523865 0,001831
убитым 1,468347 0,000395
убить 0,599116 0,000644
увидев 0,866287 0,000233
угадали 1,389166 0,000373
ударил 0,912045 0,000490
удивился 0,635838 0,000342
удивляюсь 0,912045 0,000245
удовлетворять 1,866287 0,000502
ужасно 0,167317 0,000135
узнаете 1,213075 0,000326
узнали 0,824895 0,000443
узнать 0,374926 0,000302
улыбнувшись 1,468347 0,000395
умалчиваю 2,167317 0,000583
умершим 0,000000 0,000000
умолила 1,866287 0,000502
умолчанием 1,866287 0,000502
умолчанию 2,167317 0,000583
умолчать 1,468347 0,000395
умоляя 1,389166 0,000373
умом 0,752344 0,000202
упустить 1,468347 0,000395
ускакал 2,167317 0,000583
условленные 2,167317 0,000583
услугам 1,468347 0,000395
усмехнулся 0,443041 0,000119
усмотреть 1,565257 0,000421
успел 0,354404 0,000095
успели 0,912045 0,000245
устраниться 1,866287 0,000502
утверждаете 1,690196 0,000454
утверждал 1,389166 0,000373
утверждали 1,389166 0,000373
утверждают 1,322219 0,000711
утешьтесь 2,167317 0,000583
уткнулся 1,866287 0,000502
утра 0,576253 0,000310
уцеплюсь 2,167317 0,000583
учинить 1,690196 0,000454
ушел 0,599116 0,000161
ущерб 1,690196 0,000454
уяснения 2,167317 0,000583
факт 0,675956 0,000363
фактик 1,866287 0,000502
фактической 2,167317 0,000583
фактов 0,991226 0,000266
факту 1,389166 0,000373
фантазия 1,053374 0,000283
федор 0,000000 0,000000
федорович 0,253503 0,000068
федором 1,021189 0,000275
федосье 1,866287 0,000502
флигеля 1,690196 0,000454
франц 0,635838 0,000171
хватил 1,565257 0,000421
хвост 1,565257 0,000421
хладнокровие 1,690196 0,000454
ходил 0,611015 0,000164
ходящее 2,167317 0,000583
холодным 1,468347 0,000395
холодными 2,167317 0,000583
хотел 0,158717 0,000171
хотели 0,690196 0,000557
хотелось 0,381987 0,000103
хотите 0,419129 0,000451
хоть 0,060107 0,000065
хотя 0,050046 0,000027
хохлаковой 0,787106 0,000423
хранитель 1,389166 0,000373
царицу 1,389166 0,000373
целовал 1,088136 0,000293
целью 0,824895 0,000222
часа 0,000000 0,000000
часов 0,411442 0,000332
часть 0,002964 0,000002
чего 0,040213 0,000032
человек 0,036984 0,000020
человека 0,154480 0,000083
через 0,258832 0,000278
череп 1,389166 0,000373
черт 0,477121 0,001154
черта 0,845098 0,000227
черточки 1,389166 0,000373
чести 0,735954 0,000198
число 0,000000 0,000000
читаем 0,000000 0,000000
читайте 1,468347 0,000395
читать 0,000000 0,000000
чрезвычайно 0,217927 0,000117
чрезвычайною 0,991226 0,000266
чтоб 0,073896 0,000040
чтобы 0,030597 0,000025
чувствах 1,167317 0,000314
чуть 0,176091 0,000142
чьего 0,000000 0,000000
шесть 0,611015 0,000164
шутки 1,053374 0,000566
этими 0,635838 0,000342
этого 0,053374 0,000043
этой 0,118099 0,000032
этом 0,046743 0,000038
этому 0,322219 0,000173
этот 0,011981 0,000013
этою 0,599116 0,000161
явился 0,623249 0,000168
ямщику 1,866287 0,000502
ясно 0,354404 0,000381
