автор 0,000000 0,000000
автором 0,000000 0,000000
авторского 0,000000 0,000000
авторы 0,000000 0,000000
аглае 0,866287 0,000821
аглаей 1,053374 0,000998
аглаи 0,991226 0,000469
аглаю 0,912045 0,000648
аглая 0,720159 0,003070
аделаида 0,845098 0,000800
аделаиду 1,322219 0,000313
актриса 2,167317 0,000513
александра 0,845098 0,000600
александре 1,468347 0,000348
александру 1,690196 0,000400
алексей 0,000000 0,000000
алексея 0,000000 0,000000
английский 1,565257 0,000371
ароднейшему 2,167317 0,000513
афишевании 2,167317 0,000513
бакенбардах 2,167317 0,000513
барышень 1,468347 0,000695
барышням 2,167317 0,000513
бедный 0,824895 0,000195
бедным 1,389166 0,000329
безгласный 1,866287 0,000442
белую 1,565257 0,000371
белые 1,213075 0,000287
бесконечной 1,690196 0,000400
бесконечною 1,468347 0,000348
беспокойно 1,565257 0,000371
беспокойство 0,936868 0,000444
беспокойством 0,888564 0,000210
беспрерывно 0,623249 0,000148
беспричинной 2,167317 0,000513
бешено 1,866287 0,000442
библиотека 0,000000 0,000000
блага 1,866287 0,000442
благороднее 1,468347 0,000348
благороднейшего 1,565257 0,000371
благородно 1,167317 0,000276
благородною 1,866287 0,000442
бледен 1,264227 0,000299
бледное 1,468347 0,000348
ближе 0,752344 0,000178
близ 1,125925 0,000800
бобыля 2,167317 0,000513
богато 1,565257 0,000371
богу 0,434924 0,000515
бокового 1,468347 0,000348
бокс 1,690196 0,000400
боксер 1,565257 0,000371
более 0,000000 0,000000
болезненной 1,690196 0,000400
болезни 0,565257 0,000134
болен 0,704919 0,000167
больного 0,752344 0,000178
больше 0,137934 0,000098
большею 1,021189 0,000242
большие 0,720159 0,000171
большой 0,495219 0,000117
большую 0,866287 0,000205
боюсь 0,504560 0,000119
бредит 1,389166 0,000329
брезгливою 1,690196 0,000400
бросилась 0,648803 0,000307
бросился 0,451314 0,000107
броситься 1,389166 0,000329
будет 0,077412 0,000037
будни 2,167317 0,000513
будням 2,167317 0,000513
будто 0,099131 0,000047
будьте 0,735954 0,001046
бывают 0,936868 0,000222
бывшие 1,389166 0,000329
бывший 0,845098 0,000200
была 0,046743 0,000055
были 0,099131 0,000235
было 0,000000 0,000000
быстро 0,232819 0,000386
быстрым 1,565257 0,000371
быть 0,002964 0,000016
бьюсь 1,167317 0,000276
вами 0,232819 0,000165
ваше 0,434924 0,000103
вашего 0,443041 0,000210
вашем 0,690196 0,000163
вашим 0,587534 0,000139
вашу 0,504560 0,000119
вдруг 0,005949 0,000031
ведь 0,043466 0,000072
вежливо 0,936868 0,000222
великолепных 1,866287 0,000442
верить 0,635838 0,000151
версты 1,565257 0,000371
веселом 1,565257 0,000371
веселый 1,167317 0,000553
веселым 1,167317 0,000553
вестовщице 2,167317 0,000513
весь 0,099131 0,000023
весьма 0,243038 0,000058
вечер 0,477121 0,000226
вещах 1,322219 0,000313
вещи 0,735954 0,000174
взгляд 0,396465 0,000094
взглядом 0,504560 0,000239
взглянул 0,805589 0,000572
взглянула 1,167317 0,000276
взглянуть 0,912045 0,000216
вздор 0,599116 0,000142
вздрогнул 0,565257 0,000134
взял 0,269690 0,000064
взять 0,533849 0,000126
вида 1,213075 0,000862
видал 0,623249 0,000148
виделся 1,468347 0,000348
видение 1,468347 0,000695
видением 1,690196 0,000400
видения 1,565257 0,000741
видеть 0,381987 0,000090
видит 0,690196 0,000163
видите 0,396465 0,000094
видно 0,504560 0,000119
видом 0,389166 0,000092
видя 0,690196 0,000163
видят 1,264227 0,000299
вижу 0,286504 0,000068
визиты 0,000000 0,000000
виноват 0,523865 0,000372
вкусом 1,322219 0,000313
вместе 0,208276 0,000099
внезапно 0,623249 0,000148
внезапного 1,322219 0,000313
вниз 0,752344 0,000356
внизу 0,936868 0,000222
внимание 0,704919 0,000334
внимания 0,845098 0,000200
внимательнее 1,389166 0,000658
вовсе 0,150284 0,000036
водопада 1,866287 0,000442
военных 2,167317 0,000513
возможной 2,167317 0,000513
возможность 1,053374 0,000249
вознаграждения 0,000000 0,000000
возраста 1,468347 0,000348
возросло 2,167317 0,000513
возьмешь 1,468347 0,000348
воксал 1,565257 0,001112
воксала 1,690196 0,001601
воксале 1,264227 0,000299
волнение 0,824895 0,000195
волнении 0,675956 0,000160
волосами 1,125925 0,000267
вообразилось 1,389166 0,000329
вообразишь 1,866287 0,000442
вопрос 0,222835 0,000053
воротилась 1,053374 0,000249
воскликнул 0,309985 0,000073
воскликнула 0,845098 0,000200
воскресеньям 1,866287 0,000442
воспламененными 2,167317 0,000513
воспоминание 0,963197 0,000228
вошли 0,720159 0,000171
вперед 0,426955 0,000101
впереди 0,912045 0,000864
впечатление 0,544068 0,000387
впечатлении 1,690196 0,000800
вполголоса 0,888564 0,000210
вполне 0,316059 0,000150
впрочем 0,118099 0,000112
времени 0,269690 0,000064
врукопашную 2,167317 0,000513
вряд 0,963197 0,000228
всегда 0,129891 0,000062
всего 0,040213 0,000029
всей 0,248239 0,000059
всем 0,070407 0,000033
всеми 0,434924 0,000103
всех 0,060107 0,000199
вскрикнула 0,866287 0,000205
вскричал 0,292256 0,000069
вскричала 0,866287 0,000410
вслед 0,523865 0,000124
всплеснула 1,213075 0,000287
вспыхнул 1,213075 0,000287
вставшему 1,866287 0,000442
встали 1,167317 0,000276
встреча 1,264227 0,000299
встрече 1,322219 0,000626
всякие 1,213075 0,000287
всякое 0,912045 0,000216
всяком 0,544068 0,000258
всякую 0,866287 0,000205
второго 1,264227 0,000299
вчера 0,341243 0,000081
выговорил 0,824895 0,000195
выдвинулась 2,167317 0,000513
выдержала 1,167317 0,000553
выдумал 0,888564 0,000210
вызывало 2,167317 0,000513
выйду 0,936868 0,000666
выйти 0,587534 0,000139
выплаты 0,000000 0,000000
выражением 1,125925 0,000267
выразить 0,936868 0,000222
вырвала 2,167317 0,000513
вырвалось 0,704919 0,000167
вырывая 2,167317 0,000513
выслушал 0,805589 0,000382
высокие 1,690196 0,000400
высшей 0,544068 0,000129
выхода 1,088136 0,000515
выходка 1,468347 0,000348
выходки 1,167317 0,000276
вышел 0,275223 0,000065
вышли 0,912045 0,000216
галстук 1,565257 0,000371
глаза 0,129891 0,000215
глазах 0,459747 0,000109
глядел 0,554533 0,000131
глядеть 0,720159 0,000171
глядите 1,468347 0,000348
глядя 0,611015 0,000289
гнева 0,912045 0,000216
гневно 1,264227 0,000299
говорил 0,095435 0,000045
говорила 0,587534 0,000139
говорили 0,374926 0,000178
говорите 0,533849 0,000379
говорить 0,162996 0,000039
говоря 0,434924 0,000103
говорят 0,309985 0,000147
года 0,477121 0,000113
головой 0,533849 0,000253
голову 0,227798 0,000054
голосом 0,396465 0,000188
горах 1,866287 0,000442
гордости 0,805589 0,000191
города 0,704919 0,000167
горы 0,963197 0,000228
горькими 1,866287 0,000442
горько 0,690196 0,000163
горячностью 1,866287 0,000442
господи 0,451314 0,000214
господин 0,514105 0,000365
господине 1,565257 0,000371
гостинодворца 2,167317 0,000513
готовился 1,322219 0,000313
готовностию 1,690196 0,000400
громко 0,504560 0,000358
громом 1,264227 0,000299
грудь 0,752344 0,000178
губам 1,264227 0,000299
гулять 1,088136 0,000515
давеча 0,232819 0,000165
даже 0,005949 0,000021
далее 0,648803 0,000154
далеко 0,599116 0,000142
дальше 0,002964 0,000001
даме 1,213075 0,000287
дамой 1,866287 0,000442
даму 1,264227 0,000299
дамы 0,648803 0,000154
данные 0,000000 0,000000
дачи 1,264227 0,000299
дачники 1,690196 0,000400
двадцати 0,675956 0,000480
двадцатичетырехлетнего 2,167317 0,000513
двадцать 0,411442 0,000097
двигается 1,866287 0,000442
двое 0,963197 0,000456
двусмысленного 2,167317 0,000513
двух 0,264227 0,000188
действие 1,167317 0,000276
действительно 0,106619 0,000050
действительный 1,866287 0,000442
действующие 2,167317 0,000513
делать 0,426955 0,000101
дело 0,063514 0,000030
день 0,162996 0,000116
дергая 1,690196 0,000400
дерева 1,125925 0,000267
деревню 1,389166 0,000329
державшему 2,167317 0,000513
десять 0,374926 0,000089
детей 0,576253 0,000136
диван 0,888564 0,000210
добрее 1,389166 0,000329
довольно 0,129891 0,000092
догадавшись 1,389166 0,000329
догадался 0,752344 0,000178
долее 1,565257 0,000371
должен 0,258832 0,000123
должна 0,824895 0,000195
должно 0,286504 0,000271
должны 0,576253 0,000273
долю 1,389166 0,000329
дома 0,298086 0,000141
доме 0,322219 0,000153
дороги 0,704919 0,000167
дорогу 0,599116 0,000284
достоевский 0,000000 0,000000
достояние 0,000000 0,000000
дотронуться 1,389166 0,000329
дочери 0,787106 0,000186
дразнил 1,565257 0,000741
дразнили 1,468347 0,000348
дразнят 1,565257 0,000371
дрожал 1,053374 0,000249
дрожащие 1,866287 0,000442
дрожащим 0,991226 0,000235
друг 0,269690 0,000192
друга 0,419129 0,000099
другие 0,389166 0,000461
другой 0,146128 0,000069
другу 0,752344 0,000356
другую 0,495219 0,000117
думал 0,258832 0,000061
думала 0,720159 0,000171
думать 0,486076 0,000230
дурно 0,888564 0,000210
дяди 1,690196 0,000800
дядя 1,468347 0,000348
евгением 1,322219 0,000313
евгений 0,866287 0,002667
евгению 1,213075 0,000287
евгения 0,963197 0,001140
едва 0,554533 0,000131
единого 0,787106 0,000186
епанчины 1,167317 0,000276
епанчиными 1,167317 0,000276
епанчиных 0,936868 0,000222
если 0,011981 0,000017
есть 0,018098 0,000026
жалости 1,053374 0,000499
ждал 0,495219 0,000117
ждала 0,805589 0,000191
желаю 0,735954 0,000174
железною 1,866287 0,000442
жениху 1,690196 0,000400
женщин 0,888564 0,000210
женщина 0,396465 0,000094
женщиной 1,125925 0,000267
женщину 0,805589 0,000191
женщины 0,576253 0,000546
жеста 1,690196 0,000400
жизнь 0,162996 0,000039
заблаговременно 1,565257 0,000371
заброшенный 1,866287 0,000442
забудут 2,167317 0,000513
забыв 0,991226 0,000235
забывал 1,125925 0,000267
забыл 0,328468 0,000156
загадки 1,213075 0,000287
загадку 1,322219 0,000313
заговаривать 1,565257 0,000371
заговоре 1,690196 0,000400
заговорили 1,167317 0,000276
заговорить 1,021189 0,000242
загородными 2,167317 0,000513
задала 1,690196 0,000400
заиграл 1,690196 0,000400
заинтересовались 1,690196 0,000400
заклад 0,845098 0,000200
заключалась 1,389166 0,000329
закрывала 1,866287 0,000442
закрывая 1,866287 0,000442
закрыла 1,125925 0,000267
залилась 1,264227 0,000299
заменяя 2,167317 0,000513
заметил 0,154480 0,000073
заметили 0,611015 0,000289
заметить 0,635838 0,000452
заметно 1,264227 0,000299
замечал 1,021189 0,000242
замечание 1,088136 0,000258
замок 1,088136 0,000258
замуж 0,735954 0,000523
заняты 1,468347 0,000348
запомнила 1,389166 0,000329
запонками 1,866287 0,000442
заране 1,690196 0,000400
засмеяться 1,468347 0,000348
застрелился 1,322219 0,000626
застучало 1,866287 0,000442
затрепетал 1,690196 0,000400
захохотала 1,866287 0,000884
захочу 0,936868 0,000222
зачем 0,146128 0,000208
зашла 1,468347 0,000348
защититься 1,866287 0,000442
защитника 1,125925 0,000267
заявляли 1,565257 0,000371
звала 1,322219 0,000313
здесь 0,095435 0,000136
зеленая 1,468347 0,000348
зеленый 1,468347 0,000348
зеркало 1,468347 0,000348
злобно 0,599116 0,000142
злой 1,167317 0,000276
знает 0,171682 0,000122
знаете 0,286504 0,000068
знаешь 0,533849 0,000126
знайте 0,866287 0,000410
знакомая 1,690196 0,000400
знакомой 1,690196 0,000400
знакомства 0,991226 0,000235
знакомство 1,322219 0,000626
знакомые 1,322219 0,000313
знакомыми 1,866287 0,000884
знакомых 1,125925 0,000533
знал 0,114239 0,000135
знали 0,426955 0,000101
знать 0,328468 0,000156
знаю 0,095435 0,000090
знают 0,720159 0,000171
зная 0,623249 0,000148
зубок 1,690196 0,000400
ивановна 0,486076 0,000345
ивановне 0,720159 0,000341
ивановны 0,554533 0,000131
игравшего 2,167317 0,000513
играет 1,468347 0,000348
идеи 0,866287 0,000410
идемте 2,167317 0,000513
идет 0,514105 0,000122
идиот 0,443041 0,000525
идиота 1,322219 0,000626
идиотом 1,264227 0,000599
идите 1,322219 0,000626
идти 0,434924 0,000206
избраннее 2,167317 0,000513
известно 0,334808 0,000079
издали 1,053374 0,000249
изредка 0,888564 0,000210
изъяснить 1,690196 0,000400
изящно 1,468347 0,000348
изящные 1,866287 0,000442
изящных 1,389166 0,000329
имевший 1,264227 0,000299
имеет 0,623249 0,000148
имел 0,347773 0,000165
именно 0,066947 0,000032
иметь 0,587534 0,000278
имею 0,565257 0,000134
имеющие 1,866287 0,000442
иначе 0,367977 0,000087
иногда 0,208276 0,000296
иной 0,587534 0,000139
интересное 1,468347 0,000348
интимности 2,167317 0,000513
исковеркали 2,167317 0,000513
искренно 0,523865 0,000248
искры 1,866287 0,000442
исполняют 2,167317 0,000513
использоваться 0,000000 0,000000
испуганно 1,021189 0,000242
испуганную 2,167317 0,000513
испуге 0,690196 0,000163
истерическом 1,468347 0,000348
истинным 1,690196 0,000400
источник 0,000000 0,000000
исчез 1,125925 0,000267
исчезло 1,389166 0,000329
исчезнуть 1,468347 0,000348
ищет 0,963197 0,000228
кавалеру 2,167317 0,000513
каждый 0,367977 0,000087
кажется 0,118099 0,000112
казалось 0,316059 0,000524
казался 0,963197 0,000228
казенных 1,866287 0,000442
какая 0,194189 0,000046
какие 0,232819 0,000055
какими 0,888564 0,000210
какой 0,095435 0,000068
каком 0,381987 0,000181
какою 0,599116 0,000142
какую 0,419129 0,000099
капитан 0,991226 0,000939
капризным 2,167317 0,000513
касается 0,769377 0,000182
келлер 0,991226 0,000235
кивнул 1,053374 0,000249
кивнуть 2,167317 0,000513
кирпич 2,167317 0,000513
кирпича 2,167317 0,000513
книги 0,000000 0,000000
князь 0,477121 0,004632
князю 0,504560 0,000239
князя 0,468347 0,000887
коверкалась 2,167317 0,000513
когда 0,015029 0,000061
кого 0,222835 0,000106
коле 1,021189 0,000242
коля 0,565257 0,000268
коляска 1,322219 0,000313
комаров 0,000000 0,000000
комедия 1,468347 0,000348
компании 0,845098 0,000200
компания 1,021189 0,000484
кому 0,341243 0,000081
комфортно 1,866287 0,000442
конечно 0,060107 0,000043
конфидентом 2,167317 0,000513
конца 0,704919 0,000167
кончились 1,468347 0,000348
кончилось 0,845098 0,000200
кончится 0,963197 0,000228
короткости 2,167317 0,000513
костюмах 2,167317 0,000513
костюмы 2,167317 0,000513
которого 0,198834 0,000047
которое 0,426955 0,000101
которую 0,292256 0,000069
которые 0,189594 0,000224
который 0,110412 0,000052
которым 0,389166 0,000184
которых 0,426955 0,000404
крайней 0,298086 0,000353
красивый 1,565257 0,000371
краснеете 2,167317 0,000513
краснеть 1,389166 0,000329
краснею 1,690196 0,000400
крепко 0,443041 0,000105
кривая 1,866287 0,000442
крикнул 0,381987 0,000090
крикнула 0,824895 0,000195
кричала 1,088136 0,000258
кровавой 2,167317 0,000513
крови 0,662167 0,000157
кругом 0,419129 0,000397
куда 0,248239 0,000118
кулачного 1,866287 0,000442
курчавыми 2,167317 0,000513
курьерами 2,167317 0,000513
лебедева 0,752344 0,000178
левого 1,690196 0,000400
либо 0,000000 0,000000
лизавета 0,662167 0,001725
лизаветой 1,264227 0,000299
лизавету 0,866287 0,000410
литература 0,000000 0,000000
лица 0,322219 0,000229
лицами 1,468347 0,000348
лице 0,403889 0,000191
лицо 0,114239 0,000216
лицом 0,000000 0,000000
лицу 0,587534 0,000278
лишком 1,125925 0,000267
лишний 1,866287 0,000442
лишь 0,185046 0,000044
лучше 0,162996 0,000116
лучшего 1,213075 0,000287
лучший 1,468347 0,000348
любви 0,504560 0,000119
любезничают 2,167317 0,000513
любезно 1,088136 0,000258
любил 0,374926 0,000178
любым 0,000000 0,000000
любя 1,213075 0,000287
любят 0,752344 0,000178
людей 0,298086 0,000071
люди 0,269690 0,000255
мамаша 1,021189 0,000242
маменьке 1,866287 0,000442
манер 1,690196 0,000400
матери 0,451314 0,000107
мгновение 0,396465 0,000282
мгновениями 1,322219 0,000313
мгновенно 0,888564 0,000210
между 0,129891 0,000123
мелькавшую 2,167317 0,000513
мелькнуло 0,805589 0,000382
мельком 0,912045 0,000432
меня 0,027438 0,000104
мере 0,269690 0,000319
меры 1,021189 0,000242
мест 1,088136 0,000258
места 0,389166 0,000276
месте 0,286504 0,000136
место 0,334808 0,000079
местоположение 2,167317 0,001026
месяц 0,451314 0,000107
месяца 0,477121 0,000113
месяцев 0,866287 0,000205
метали 1,866287 0,000442
мечтались 2,167317 0,000513
мигом 0,504560 0,000239
мизинца 2,167317 0,000513
милая 1,021189 0,000242
милостива 2,167317 0,000513
милый 0,477121 0,000226
мимо 0,514105 0,000243
минут 0,486076 0,000230
минутами 1,021189 0,000242
минуту 0,084532 0,000200
минуты 0,322219 0,000076
младшая 1,468347 0,000348
мнителен 1,690196 0,000400
многие 0,468347 0,000222
много 0,080958 0,000019
мной 0,237898 0,000113
могли 0,374926 0,000089
могло 0,403889 0,000287
могу 0,171682 0,000081
могут 0,495219 0,000117
моего 0,367977 0,000087
может 0,000000 0,000000
можно 0,088136 0,000083
молодежи 1,565257 0,000741
молодой 0,381987 0,000090
молодому 0,963197 0,000228
молодых 0,912045 0,000216
молчавшему 2,167317 0,000513
молчите 1,213075 0,000287
момента 0,000000 0,000000
мочи 2,167317 0,000513
мрачное 1,167317 0,000276
музыка 1,264227 0,000299
музыки 1,690196 0,000800
музыку 1,322219 0,000626
мучают 1,866287 0,000442
мучительное 1,389166 0,000329
мыслей 0,735954 0,000174
мысли 0,316059 0,000150
мысль 0,264227 0,000063
мыслями 1,322219 0,000626
мышкин 0,991226 0,000235
набросилась 1,866287 0,000442
навеки 0,648803 0,000154
наверно 0,264227 0,000188
навеселе 1,866287 0,000442
наглом 1,866287 0,000442
нагнуться 1,866287 0,000442
надо 0,036984 0,000044
надобно 0,866287 0,000205
надоел 1,389166 0,000329
наедине 0,936868 0,000222
наезжают 2,167317 0,000513
назад 0,000000 0,000000
назвали 1,468347 0,000695
название 0,000000 0,000000
наивно 1,322219 0,000313
наискось 1,468347 0,000348
найти 0,000000 0,000000
наконец 0,073896 0,000035
налево 0,824895 0,000195
намерения 1,053374 0,000249
нами 0,648803 0,000154
нападавшим 2,167317 0,000513
напала 1,565257 0,000371
написано 0,000000 0,000000
напоминайте 1,866287 0,000442
напомнил 1,167317 0,000276
направилась 1,565257 0,000371
направо 0,787106 0,000373
напрасное 1,866287 0,000442
напугала 1,565257 0,000371
напугают 2,167317 0,000513
нарочно 0,227798 0,000054
наружностью 1,690196 0,000400
наследство 1,053374 0,000249
насмешливо 0,787106 0,000186
насмешливым 1,468347 0,000348
насмешу 1,866287 0,000442
настасье 0,936868 0,000222
настасьи 0,845098 0,000600
настасью 0,888564 0,000631
настасья 0,805589 0,000572
настроении 0,991226 0,000235
наука 0,000000 0,000000
нахмурен 1,866287 0,000442
находился 0,963197 0,000228
находится 1,167317 0,000276
находящийся 1,866287 0,000442
начал 0,137934 0,000033
начинал 0,662167 0,000157
начинать 1,167317 0,000276
начинаются 1,690196 0,000400
наша 0,787106 0,000186
нашими 1,468347 0,000348
наших 0,690196 0,000163
наяву 1,213075 0,000287
невозможно 0,411442 0,000097
невпопад 2,167317 0,000513
него 0,000000 0,000000
негодовании 0,912045 0,000216
негодования 0,845098 0,000400
недавнем 1,866287 0,000442
недалеко 0,912045 0,000216
недоволен 1,167317 0,000276
недоговоренное 1,866287 0,000442
недоставало 1,264227 0,000599
недостойные 2,167317 0,000513
недоумении 0,805589 0,000191
незачем 1,565257 0,000371
незнакомому 1,866287 0,000442
некоторые 0,533849 0,000253
некоторый 1,264227 0,000299
нелепую 1,866287 0,000442
нельзя 0,176091 0,000083
немой 1,866287 0,000442
нему 0,080958 0,000058
необыкновенно 0,805589 0,000191
необыкновенною 0,912045 0,000216
неожиданная 1,468347 0,000348
неожиданной 1,565257 0,000371
неопределенное 1,389166 0,000329
непонятно 1,389166 0,000329
непосредственным 1,866287 0,000442
непременно 0,133894 0,000190
нерешимости 1,322219 0,000313
несколько 0,102859 0,000195
несмотря 0,275223 0,000130
нестерпимого 1,866287 0,000442
неудержимым 1,468347 0,000695
неужели 0,389166 0,000369
нечто 0,389166 0,000184
нибудь 0,030597 0,000036
ниже 0,912045 0,000216
никак 0,396465 0,000282
никакого 0,403889 0,000096
никогда 0,088136 0,000188
никого 0,411442 0,000292
николаевич 0,805589 0,000191
никто 0,185046 0,000175
ними 0,275223 0,000391
нитку 1,565257 0,000371
ничего 0,030597 0,000022
ничем 0,769377 0,000182
новые 1,088136 0,000258
ночь 0,248239 0,000059
нравились 1,690196 0,000400
нравилось 1,213075 0,000287
нравился 1,468347 0,000348
нравится 0,991226 0,000235
нужно 0,514105 0,000122
обернулась 1,167317 0,000553
обиде 1,690196 0,000400
обидеть 1,389166 0,000329
обидчика 1,213075 0,000287
обидчицы 2,167317 0,000513
обижать 1,468347 0,000348
обижен 1,322219 0,000313
облака 1,690196 0,000400
облегчило 2,167317 0,000513
обняла 1,690196 0,000400
обнять 1,125925 0,000267
оборванец 2,167317 0,000513
образом 0,347773 0,000082
обратилась 0,888564 0,000210
обратили 1,468347 0,000348
обратились 1,322219 0,000313
обратился 0,443041 0,000210
обратить 1,389166 0,000329
обращайте 1,690196 0,000400
обращалась 1,468347 0,000348
обществе 0,675956 0,000320
общественное 0,000000 0,000000
общий 1,167317 0,000276
объяснение 0,845098 0,000200
объяснить 0,623249 0,000148
объясняя 1,565257 0,000371
обыкновению 0,936868 0,000222
обыкновенным 1,565257 0,000371
оглядеть 2,167317 0,000513
оглядывается 2,167317 0,000513
оглядывалась 1,866287 0,000442
оглядывался 1,866287 0,000442
оглядывать 1,690196 0,000400
оглядываясь 1,322219 0,000313
оглянулась 1,866287 0,000442
одета 1,565257 0,000371
одетые 1,866287 0,000442
один 0,046743 0,000044
одна 0,185046 0,000175
однако 0,102859 0,000049
одним 0,286504 0,000068
одних 0,888564 0,000210
одно 0,099131 0,000070
одного 0,150284 0,000142
одной 0,243038 0,000058
одном 0,504560 0,000239
одному 0,334808 0,000079
одну 0,232819 0,000055
одумался 2,167317 0,000513
одушевленно 2,167317 0,000513
оживили 1,866287 0,000442
озабочен 1,322219 0,000313
озираться 2,167317 0,000513
озираясь 1,389166 0,000329
оклеветал 2,167317 0,000513
около 0,443041 0,000210
окружающими 2,167317 0,000513
опомнившись 1,389166 0,000658
опомнился 1,167317 0,000276
определить 1,167317 0,000276
опубликовано 0,000000 0,000000
опять 0,027438 0,000032
оркестр 2,167317 0,001540
оркестра 1,866287 0,000884
оркестров 2,167317 0,000513
осанкой 1,866287 0,000442
осмелились 1,565257 0,000371
особенно 0,129891 0,000092
особенное 0,888564 0,000210
особенном 1,565257 0,000371
особенности 1,389166 0,000329
особенною 1,264227 0,000299
особым 1,213075 0,000287
оставило 2,167317 0,000513
оставит 1,468347 0,000348
оставляло 1,690196 0,000400
остались 0,735954 0,000349
остался 0,523865 0,000248
остальная 1,690196 0,000400
останавливало 2,167317 0,000513
останавливаясь 1,389166 0,000329
остановившийся 2,167317 0,000513
остановившуюся 2,167317 0,000513
остановилась 1,088136 0,000258
остаться 0,912045 0,000216
осторожный 1,389166 0,000329
отвел 1,264227 0,000299
отвернулся 1,088136 0,000258
ответа 0,720159 0,000171
ответил 0,237898 0,000169
отвечал 0,648803 0,000154
отвечала 1,322219 0,000626
отгонял 1,690196 0,000400
отделаться 1,565257 0,000371
отказавшему 2,167317 0,000513
отказались 1,468347 0,000348
откуда 0,523865 0,000124
отлетел 1,690196 0,000400
отличающиеся 2,167317 0,000513
отношениях 0,963197 0,000228
отняла 1,690196 0,000400
отойти 1,565257 0,000371
отошедших 2,167317 0,000513
отошел 1,125925 0,000267
отошли 1,866287 0,000442
отправлялись 2,167317 0,000513
отрекомендовался 1,565257 0,000371
отрывался 1,866287 0,000442
отставке 1,322219 0,000313
отставку 1,468347 0,000348
отставший 2,167317 0,000513
отступил 1,565257 0,000371
отсюда 0,805589 0,000191
оттого 0,675956 0,000160
оттолкнул 1,565257 0,000371
оттолкнули 2,167317 0,000513
оттуда 0,888564 0,000421
отыщешь 1,565257 0,000371
офицер 1,125925 0,001866
офицера 1,264227 0,000299
офицером 1,468347 0,000348
офицеру 1,264227 0,000299
оформление 0,000000 0,000000
очень 0,024303 0,000075
очутиться 1,468347 0,000348
ощутил 1,468347 0,000348
ощущал 1,021189 0,000242
ощущение 1,088136 0,000515
ощущением 1,322219 0,000626
павлович 0,419129 0,001092
павловича 0,451314 0,000534
павловичем 0,866287 0,000205
павловичу 0,805589 0,000191
павловском 2,167317 0,000513
павлыч 1,053374 0,000499
падающего 1,866287 0,000442
палкой 1,565257 0,000371
пальцем 1,021189 0,000242
париках 2,167317 0,000513
парк 1,213075 0,000287
парке 1,322219 0,000313
первая 0,419129 0,000099
первое 0,565257 0,000268
первом 0,805589 0,000191
перевел 1,213075 0,000287
переглянуться 2,167317 0,000513
переговорить 1,389166 0,000329
передавая 1,690196 0,000400
передумал 1,468347 0,000348
перейти 1,322219 0,000313
пересели 2,167317 0,000513
переходят 2,167317 0,000513
перешепнулась 2,167317 0,000513
перешло 0,000000 0,000000
перстнями 2,167317 0,000513
петербург 0,662167 0,000157
платком 1,125925 0,000533
платок 0,787106 0,000559
платье 0,704919 0,000334
плетеную 1,866287 0,000442
площадки 1,690196 0,000400
площадку 1,690196 0,000400
побежала 1,053374 0,000249
побледнел 0,704919 0,000334
поведете 2,167317 0,000513
повел 1,213075 0,000287
повернул 1,322219 0,000313
повернулся 0,587534 0,000139
повод 1,866287 0,000442
повторять 1,468347 0,000348
поглядел 0,554533 0,000263
поглядела 1,053374 0,000249
поглядите 2,167317 0,000513
поглядывали 1,690196 0,000400
подала 1,125925 0,000267
подали 1,322219 0,000313
подают 2,167317 0,000513
подбежав 1,866287 0,000442
подборка 0,000000 0,000000
подле 0,419129 0,000099
поднес 1,468347 0,000348
подняла 1,213075 0,000575
поднялась 1,021189 0,000242
поднять 1,264227 0,000299
подозревать 1,053374 0,000249
подойти 1,389166 0,000329
подоспела 1,866287 0,000884
подошел 0,514105 0,000122
подошли 1,053374 0,000249
подскочила 1,690196 0,000400
подумал 0,334808 0,000079
подумать 0,704919 0,000167
подушку 0,912045 0,000216
подхватил 0,533849 0,000126
позволения 1,264227 0,000299
позволить 1,322219 0,000313
позволь 1,125925 0,000267
позвольте 0,523865 0,000124
познакомить 1,565257 0,000371
познакомиться 0,936868 0,000222
пойдем 0,912045 0,000216
пойдемте 0,888564 0,000631
показалась 1,125925 0,000267
показывать 1,021189 0,000242
поклонники 1,866287 0,000442
поклонников 2,167317 0,000513
покраснела 1,088136 0,000258
полгорода 2,167317 0,000513
полиция 2,167317 0,001026
полушепотом 1,389166 0,000658
помешается 2,167317 0,000513
помешанная 1,468347 0,000695
помещались 1,690196 0,000400
помнил 0,845098 0,000200
помня 1,021189 0,000242
помощь 1,167317 0,000276
понимать 0,690196 0,000163
понял 0,396465 0,000376
попробовал 1,264227 0,000299
попросил 0,635838 0,000151
портрет 1,088136 0,000258
портрета 1,565257 0,000741
портрете 1,468347 0,000348
поручик 1,213075 0,000287
порывами 1,866287 0,000442
порядочною 2,167317 0,000513
посетителей 0,000000 0,000000
посетители 0,000000 0,000000
поскорее 0,486076 0,000115
поскорей 0,769377 0,000182
после 0,084532 0,000060
последней 0,623249 0,000148
последние 0,533849 0,000126
последняя 1,088136 0,000258
последовал 1,565257 0,000371
последовало 1,125925 0,000267
последовать 2,167317 0,000513
посмертно 0,000000 0,000000
посмотрел 0,459747 0,000218
посмотреть 0,704919 0,000167
посмотрите 0,888564 0,000210
поспешил 0,845098 0,000200
посторонних 1,468347 0,000348
поступок 0,912045 0,000216
потом 0,084532 0,000020
потому 0,024303 0,000017
потрясенным 2,167317 0,000513
похвалиться 1,322219 0,000313
поцеловал 0,866287 0,000205
поцеловала 0,991226 0,000235
поцеловать 1,125925 0,000800
почти 0,024303 0,000017
пошел 0,275223 0,000065
пощупать 1,866287 0,000442
появившийся 1,866287 0,000442
появления 1,125925 0,000267
права 0,554533 0,000263
правда 0,162996 0,000193
праздникам 2,167317 0,000513
праздничном 1,866287 0,000442
праздничные 2,167317 0,000513
пред 0,033778 0,000024
предвестником 2,167317 0,000513
предвкушая 2,167317 0,000513
предмет 0,936868 0,000222
предположить 1,053374 0,000249
представить 0,576253 0,000136
представьте 0,720159 0,000171
предстоящее 2,167317 0,000513
предупреждение 2,167317 0,000513
предчувствие 1,167317 0,000276
предшественником 2,167317 0,000513
прежде 0,077412 0,000018
прежней 0,936868 0,000222
прежнему 0,587534 0,000139
прекрасного 1,213075 0,000287
прекрасное 0,991226 0,000235
прекратить 1,866287 0,000442
прелестный 1,690196 0,000400
препятствие 2,167317 0,000513
прерывая 1,565257 0,000371
прибавила 0,690196 0,000163
приблизился 1,322219 0,000313
приглядевшись 1,866287 0,000442
приглядываться 1,866287 0,000442
приезде 1,264227 0,000299
прижизненно 0,000000 0,000000
призывов 2,167317 0,000513
призывы 2,167317 0,000513
приказания 1,565257 0,000371
приличие 1,866287 0,000442
прилично 1,213075 0,000287
приличного 1,690196 0,000400
приличный 1,468347 0,000348
приметила 1,866287 0,000442
примечая 2,167317 0,000513
примите 1,389166 0,000329
принято 1,125925 0,000267
припадка 1,389166 0,000329
припадки 1,088136 0,000258
припадок 1,053374 0,000249
припоминал 0,936868 0,000444
припоминать 1,690196 0,000400
природой 1,468347 0,000348
приставании 2,167317 0,000513
пристально 0,389166 0,000092
пристают 2,167317 0,000513
приходят 1,088136 0,000258
прихожу 1,690196 0,000400
причинам 1,264227 0,000299
причины 0,752344 0,000178
пришлась 1,866287 0,000442
пришлось 0,769377 0,000182
приятелем 1,565257 0,000371
приятели 1,866287 0,000442
приятель 1,264227 0,000599
пробормотал 0,334808 0,000079
пробормотала 1,468347 0,000695
провинции 1,565257 0,000371
прогнал 1,565257 0,000371
проговорил 0,154480 0,000037
проговорила 0,533849 0,000126
проговорить 1,389166 0,000329
программирование 0,000000 0,000000
прогулку 1,866287 0,000442
продолжал 0,292256 0,000069
продолжался 1,264227 0,000299
произведение 0,000000 0,000000
произведений 0,000000 0,000000
произведения 0,000000 0,000000
произвел 1,088136 0,000258
произвело 0,991226 0,000235
произнесла 0,936868 0,000222
произошел 0,888564 0,000210
произошло 0,495219 0,000117
прокофьевна 0,752344 0,001960
прокофьевной 1,322219 0,000313
прокофьевну 0,936868 0,000444
прокричав 1,690196 0,000400
пролежать 1,690196 0,000400
промелькнувшем 2,167317 0,000513
промямлил 1,389166 0,000329
прос 2,167317 0,000513
просвистал 1,866287 0,000442
просил 0,599116 0,000142
просить 0,504560 0,000119
проскрежетала 1,565257 0,000371
просто 0,232819 0,000110
протянув 1,690196 0,000400
протянула 1,088136 0,000258
протянуть 1,866287 0,000442
проходившая 2,167317 0,000513
проходила 1,866287 0,000442
прошептала 1,125925 0,000800
прошло 0,000000 0,000000
прошмыгнул 2,167317 0,000513
прощай 0,805589 0,000191
прыснул 2,167317 0,000513
прямо 0,118099 0,000028
публика 1,322219 0,000626
публикации 0,000000 0,000000
публики 1,213075 0,000862
публику 1,213075 0,000287
пустынное 1,866287 0,000442
пусть 0,253503 0,000120
пышнее 2,167317 0,000513
пяти 0,662167 0,000157
пятидесяти 0,936868 0,000222
пятисот 1,468347 0,000348
пять 0,275223 0,000065
равно 0,303994 0,000144
равнодушным 2,167317 0,000513
радостию 1,389166 0,000329
радостным 1,565257 0,000371
радуясь 1,468347 0,000348
рады 1,125925 0,000267
раза 0,426955 0,000101
разбитыми 2,167317 0,000513
разве 0,146128 0,000138
развлекли 2,167317 0,000513
развлечь 1,690196 0,000400
развратнейший 1,866287 0,000442
разговаривавший 2,167317 0,000513
разговаривала 1,690196 0,000400
разговаривать 1,264227 0,000299
разговаривают 1,866287 0,000442
разговаривая 1,389166 0,000329
разговор 0,434924 0,000103
разговорчивый 2,167317 0,000513
разгорячившись 1,565257 0,000371
раздвинул 1,690196 0,000400
разразилась 1,690196 0,000800
разразился 1,866287 0,000442
разрешение 1,565257 0,000371
разрешения 0,000000 0,000000
разумеется 0,328468 0,000078
рано 0,787106 0,000186
раскланивался 1,866287 0,000442
раскланялись 2,167317 0,000513
расположен 1,866287 0,000442
расположении 1,264227 0,000299
рассказывать 0,704919 0,000167
рассчитывала 1,690196 0,000400
расхохотался 1,322219 0,000313
редки 2,167317 0,000513
репутацию 1,468347 0,000348
решались 1,866287 0,000442
решения 0,991226 0,000235
решеткой 2,167317 0,000513
решил 0,514105 0,000122
решительно 0,341243 0,000081
решительного 1,690196 0,000400
ровно 0,533849 0,000253
рогожин 0,704919 0,000334
рогожинской 1,565257 0,000371
рогожину 1,053374 0,000499
рогожиным 0,936868 0,000222
рожа 2,167317 0,000513
рождения 0,888564 0,000210
руками 0,280827 0,000066
руке 0,735954 0,000174
руки 0,167317 0,000238
руку 0,222835 0,000475
русская 0,000000 0,000000
рыцарем 2,167317 0,000513
рыцарь 1,213075 0,000287
садовых 2,167317 0,000513
сайте 0,000000 0,000000
сама 0,208276 0,000049
сами 0,142011 0,000034
самого 0,118099 0,000112
самое 0,167317 0,000040
самолюбия 1,389166 0,000329
самом 0,114239 0,000081
самый 0,198834 0,000047
самых 0,468347 0,000222
сбоку 0,912045 0,000216
сведениями 1,690196 0,000400
сверкавшие 1,690196 0,000400
сверкнули 1,053374 0,000249
свете 0,426955 0,000101
светло 1,167317 0,000276
свиты 2,167317 0,001026
свободно 0,000000 0,000000
своего 0,091770 0,000022
своей 0,066947 0,000032
своему 0,367977 0,000174
свои 0,146128 0,000035
своим 0,208276 0,000197
своими 0,495219 0,000117
свой 0,189594 0,000045
свою 0,073896 0,000035
сделал 0,381987 0,000090
сделали 0,787106 0,000186
себе 0,033778 0,000024
себя 0,005949 0,000015
сегодня 0,000000 0,000000
сейчас 0,070407 0,000117
секунд 0,936868 0,000222
секунду 0,824895 0,000195
семейственности 2,167317 0,000513
семидесяти 0,000000 0,000000
семь 0,787106 0,000186
сердца 0,334808 0,000396
сердце 0,171682 0,000041
сестер 1,264227 0,000299
сестре 1,167317 0,000276
сестрица 1,389166 0,000329
сестры 0,824895 0,000195
сжал 1,167317 0,000276
сзади 0,824895 0,000195
сидел 0,322219 0,000153
сидеть 0,662167 0,000157
сидит 0,565257 0,000268
силами 1,167317 0,000276
силы 0,514105 0,000122
сильнее 0,866287 0,000205
сильно 0,292256 0,000208
сказав 1,125925 0,000267
сказал 0,099131 0,000023
сказала 0,486076 0,000230
сказано 0,662167 0,000157
сказать 0,073896 0,000070
сказывали 2,167317 0,000513
скамейка 1,690196 0,000400
скамейке 1,213075 0,000287
скамейку 1,389166 0,000329
скандал 1,053374 0,000499
скандалу 1,468347 0,000348
скандалы 2,167317 0,000513
скандальную 1,866287 0,000442
скоро 0,298086 0,000141
скромного 1,565257 0,000371
скрылись 2,167317 0,000513
слабый 1,021189 0,000242
слава 0,769377 0,000729
следить 1,264227 0,000299
следовало 0,805589 0,000191
следуют 1,866287 0,000442
слезами 0,554533 0,000131
слишком 0,133894 0,000159
слов 0,367977 0,000174
слова 0,129891 0,000185
словах 0,635838 0,000151
слово 0,232819 0,000055
словом 0,367977 0,000087
случае 0,248239 0,000176
слушавшую 2,167317 0,000513
слушал 0,576253 0,000136
слушают 1,690196 0,000400
слышал 0,389166 0,000092
слышала 0,845098 0,000200
смерти 0,468347 0,000111
смех 0,704919 0,000334
смеха 1,088136 0,000258
смехом 0,805589 0,000191
смеху 0,991226 0,000235
смешил 2,167317 0,000513
смешлива 2,167317 0,000513
смешливый 2,167317 0,000513
смешно 0,824895 0,000195
смешного 1,468347 0,000348
смешное 1,468347 0,000348
смешным 1,322219 0,000313
смеют 1,468347 0,000348
смеются 1,021189 0,000242
смеялась 0,805589 0,000191
смеялись 0,752344 0,000356
смеялся 0,576253 0,000273
смеясь 0,787106 0,000186
смеяться 0,587534 0,000278
смоляно 2,167317 0,000513
смотреть 0,477121 0,000113
смотрит 0,690196 0,000163
смотрите 0,805589 0,000191
смотрителя 1,866287 0,000442
смотрят 1,125925 0,000267
сначала 0,434924 0,000103
снова 0,565257 0,000134
собирается 1,264227 0,000299
собирался 1,264227 0,000299
собой 0,253503 0,000240
собравшаяся 2,167317 0,000513
собравшуюся 2,167317 0,000513
собрание 0,000000 0,000000
собраниями 1,866287 0,000442
совершенно 0,180546 0,000171
совсем 0,021189 0,000070
согласия 0,000000 0,000000
сойти 1,389166 0,000329
сомнения 0,523865 0,000124
сообразил 0,963197 0,000228
сообразила 1,866287 0,000442
соответственные 2,167317 0,000513
соседнего 1,866287 0,000442
состоялось 1,322219 0,000313
состоянии 0,459747 0,000327
сострадания 1,053374 0,000249
сотый 1,468347 0,000348
сочинений 0,000000 0,000000
сочувствую 1,866287 0,000442
сошелся 1,213075 0,000287
спокойны 1,389166 0,000329
спустя 0,533849 0,000253
спят 1,565257 0,000371
средних 1,866287 0,000884
ставите 2,167317 0,000513
стал 0,125925 0,000149
стало 0,091770 0,000043
старались 1,866287 0,000442
старался 1,125925 0,000800
старикашка 1,264227 0,000299
старый 0,824895 0,000195
статьи 1,264227 0,000299
степени 0,389166 0,000184
стоил 1,389166 0,000329
стоите 1,213075 0,000287
столько 0,477121 0,000113
стороне 0,805589 0,000382
сторону 0,611015 0,000289
стороны 0,185046 0,000044
сторонятся 1,565257 0,000371
стою 0,866287 0,000205
стоявшему 1,468347 0,000348
стоял 0,309985 0,000294
стояли 0,690196 0,000163
стоят 0,912045 0,000216
страдание 0,936868 0,000222
страдания 0,888564 0,000210
странен 1,565257 0,000371
странно 0,354404 0,000336
странного 1,213075 0,000575
странном 1,213075 0,000287
странному 1,389166 0,000329
странности 1,125925 0,000267
странною 1,264227 0,000299
странные 0,824895 0,000391
страхом 0,912045 0,000216
страшный 0,845098 0,000200
стул 0,648803 0,000307
стула 0,735954 0,000174
стуле 0,805589 0,000191
стульев 1,389166 0,000658
стульях 1,389166 0,000329
ступенек 1,866287 0,000442
ступеньки 1,565257 0,000371
стушеваться 1,866287 0,000442
стыднее 1,866287 0,000442
стыдно 0,504560 0,000119
стыдом 1,213075 0,000287
сумасшедшая 1,088136 0,000258
сумасшедшие 1,565257 0,000371
существо 0,690196 0,000163
схватив 1,053374 0,000249
схватил 0,533849 0,000126
схватить 1,389166 0,000329
сходить 1,125925 0,000267
сходиться 1,866287 0,000442
сходно 2,167317 0,000513
сходя 1,690196 0,000400
сходятся 1,468347 0,000348
сцену 0,845098 0,000200
счастливым 1,053374 0,000249
считаю 0,845098 0,000200
сшитом 1,866287 0,000442
съездишь 1,866287 0,000442
сюда 0,232819 0,000110
тайное 1,690196 0,000400
также 0,000000 0,000000
таки 0,066947 0,000032
такие 0,232819 0,000110
таким 0,243038 0,000230
такими 0,690196 0,000163
таких 0,243038 0,000115
таков 0,787106 0,000186
такого 0,243038 0,000288
такое 0,114239 0,000054
такой 0,077412 0,000018
таком 0,309985 0,000147
такую 0,334808 0,000079
тварью 1,322219 0,000313
твердила 2,167317 0,000513
твердо 0,419129 0,000099
твоего 0,787106 0,000186
твой 0,735954 0,000174
тебе 0,203530 0,000048
тебя 0,198834 0,000047
текст 0,000000 0,000000
темными 1,389166 0,000329
теперь 0,015029 0,000050
террасе 1,213075 0,000287
тогда 0,050046 0,000012
того 0,005949 0,000011
тоже 0,043466 0,000072
толкайтесь 2,167317 0,000513
толпа 0,991226 0,000704
толпе 0,991226 0,000469
толпы 1,167317 0,000553
только 0,002964 0,000011
томах 0,000000 0,000000
тому 0,095435 0,000045
тоненькую 1,565257 0,000371
тонко 1,565257 0,000371
торжествующего 1,866287 0,000442
тотчас 0,046743 0,000044
точка 1,468347 0,000348
точке 1,389166 0,000329
точно 0,121994 0,000058
тревоги 1,322219 0,000313
трепеща 1,468347 0,000348
третьи 1,690196 0,000400
третья 0,486076 0,000345
трех 0,374926 0,000089
трехсот 1,690196 0,000400
трое 0,824895 0,000195
тросточку 2,167317 0,000513
туалеты 2,167317 0,000513
тысяч 0,451314 0,000107
тысячу 0,769377 0,000182
тяжелая 1,565257 0,000371
тяжелого 1,690196 0,000400
тяжелом 1,690196 0,000400
убежден 0,752344 0,000356
уведомить 1,389166 0,000329
уверен 0,635838 0,000151
уверены 0,805589 0,000954
уверяю 0,648803 0,000154
увидал 0,735954 0,000174
увидел 0,648803 0,000154
увидеть 1,125925 0,000267
увидите 0,769377 0,000182
уводя 1,866287 0,000442
угадать 1,021189 0,000242
уговорил 1,565257 0,000371
угодно 0,504560 0,000119
ударили 2,167317 0,000513
удержалась 2,167317 0,000513
удерживался 2,167317 0,000513
удивительно 0,866287 0,000205
удивлении 0,936868 0,000444
удивления 0,963197 0,000228
удовольствие 0,866287 0,000205
удовольствием 0,704919 0,000167
ужас 0,866287 0,000410
ужасе 1,167317 0,000276
ужасно 0,167317 0,000119
ужасного 1,389166 0,000329
ужасное 1,167317 0,000276
уйду 0,936868 0,000666
уйти 0,787106 0,000373
указал 0,866287 0,000205
улыбаться 1,690196 0,000400
улыбка 0,936868 0,000222
улыбкой 0,468347 0,000111
улыбнулись 1,866287 0,000442
улыбнулся 0,533849 0,000126
улыбнуться 1,690196 0,000400
умел 0,866287 0,000205
умершим 0,000000 0,000000
умнее 1,053374 0,000249
умолку 1,690196 0,000800
унижаете 2,167317 0,000513
унижение 1,322219 0,000313
упал 0,675956 0,000160
упала 1,125925 0,000267
упасть 1,468347 0,000348
упоении 1,264227 0,000299
упорно 0,866287 0,000205
уронили 2,167317 0,000513
уселась 1,565257 0,000371
усилился 1,565257 0,000371
услугам 1,468347 0,000348
услыхав 1,690196 0,000400
усмехнулся 0,443041 0,000105
усмехнуться 2,167317 0,000513
успел 0,354404 0,000336
успели 0,912045 0,000648
успеха 1,389166 0,000329
утверждают 1,322219 0,000313
уткнуть 2,167317 0,000513
утра 0,576253 0,000136
утром 0,411442 0,000097
уходить 0,845098 0,000200
ушам 1,565257 0,000371
ушли 1,021189 0,000242
федор 0,000000 0,000000
фигуру 1,866287 0,000442
филипповна 0,824895 0,000586
филипповне 0,936868 0,000222
филипповну 0,888564 0,000631
филипповны 0,845098 0,000600
форсом 2,167317 0,000513
франтовских 2,167317 0,000513
франтовской 2,167317 0,000513
франц 0,635838 0,000301
характер 0,635838 0,000151
хватило 1,167317 0,000276
хитрец 1,866287 0,000442
хлестнула 1,866287 0,000442
хлыст 2,167317 0,000513
хмельные 1,690196 0,000400
ходить 0,576253 0,000136
ходят 1,167317 0,000276
хороши 1,088136 0,000258
хорошо 0,189594 0,000045
хорошую 1,866287 0,000442
хотел 0,158717 0,000226
хотела 0,648803 0,000154
хотели 0,690196 0,000163
хотелось 0,381987 0,000181
хотите 0,419129 0,000198
хотя 0,050046 0,000059
хотят 0,735954 0,000174
хохотал 1,167317 0,000829
хохотом 1,690196 0,001201
хохоту 1,866287 0,000442
хочу 0,243038 0,000115
целая 0,845098 0,000200
целое 1,053374 0,000249
цель 0,769377 0,000182
цепи 1,565257 0,000371
часа 0,000000 0,000000
часов 0,411442 0,000097
частию 1,264227 0,000299
часто 0,292256 0,000069
часть 0,002964 0,000002
чего 0,040213 0,000067
человек 0,036984 0,000061
человека 0,154480 0,000037
человеку 0,459747 0,000109
чему 0,341243 0,000081
через 0,258832 0,000123
черные 1,213075 0,000287
черных 1,213075 0,000287
черта 0,845098 0,000200
черту 0,912045 0,000216
честнее 1,468347 0,000348
честь 0,554533 0,000263
четвертые 2,167317 0,000513
четверть 0,888564 0,000210
четыре 0,477121 0,000113
чинностию 2,167317 0,000513
чинность 1,866287 0,000442
чинную 2,167317 0,000513
число 0,000000 0,000000
читаем 0,000000 0,000000
читателю 1,264227 0,000299
читать 0,000000 0,000000
член 1,565257 0,000371
чрез 0,275223 0,000065
чрезвычайно 0,217927 0,000155
чрезвычайные 1,468347 0,000348
чрезвычайным 0,720159 0,000341
чтоб 0,073896 0,000017
чтобы 0,030597 0,000036
чувства 0,495219 0,000117
чумы 1,866287 0,000442
чуть 0,176091 0,000292
чьего 0,000000 0,000000
шага 1,167317 0,000276
шагах 0,866287 0,000615
шагов 0,720159 0,000341
шалости 1,690196 0,000400
шалунья 1,866287 0,000442
шедших 2,167317 0,000513
шейный 2,167317 0,000513
шесть 0,611015 0,000145
широко 1,167317 0,000276
школьнически 2,167317 0,000513
шутка 1,053374 0,000748
шуткам 2,167317 0,000513
эксцентричною 2,167317 0,000513
эпизоду 2,167317 0,000513
этим 0,189594 0,000045
этих 0,213075 0,000101
этого 0,053374 0,000051
этой 0,118099 0,000112
этом 0,046743 0,000077
этому 0,322219 0,000076
этот 0,011981 0,000011
этою 0,599116 0,000142
явилась 1,021189 0,000242
явились 1,088136 0,000258
явно 1,088136 0,000258
ясно 0,354404 0,000084
