автор 0,000000 0,000000
автором 0,000000 0,000000
авторского 0,000000 0,000000
авторы 0,000000 0,000000
аграфене 1,468347 0,000440
адвокатских 1,866287 0,000559
аким 1,866287 0,000559
александровне 1,021189 0,000306
алексеем 1,213075 0,000363
алексей 0,000000 0,000000
алексея 0,000000 0,000000
алеши 0,544068 0,000163
ареста 1,322219 0,000396
бальзам 2,167317 0,000649
банк 1,866287 0,000559
барина 0,936868 0,000281
барину 1,468347 0,000880
барские 2,167317 0,000649
бедность 1,125925 0,000337
безбожеству 2,167317 0,000649
безбожник 1,866287 0,000559
безурядицы 2,167317 0,000649
бернар 1,690196 0,001012
беседовал 2,167317 0,000649
беспорядок 1,167317 0,000350
беспристрастен 2,167317 0,000649
бестолковой 2,167317 0,000649
библиотека 0,000000 0,000000
биографию 1,866287 0,000559
благодарю 0,824895 0,000494
благородные 1,468347 0,000440
благородства 1,167317 0,000699
благородством 1,565257 0,000469
благочестивою 2,167317 0,000649
благочестивым 2,167317 0,000649
блеска 1,565257 0,000469
близко 0,888564 0,000266
бога 0,451314 0,000135
бозе 1,565257 0,000469
более 0,000000 0,000000
болезнью 1,565257 0,000469
большие 0,720159 0,000216
большой 0,495219 0,000148
большому 1,264227 0,000757
борисович 1,690196 0,001519
борисовича 1,866287 0,000559
борисовичу 2,167317 0,000649
бормотал 0,720159 0,000216
борьбой 2,167317 0,000649
братья 0,176091 0,000211
бросались 1,690196 0,000506
брошюра 2,167317 0,000649
брошюру 2,167317 0,000649
будет 0,077412 0,000023
будто 0,099131 0,000030
будут 0,565257 0,000169
будучи 1,088136 0,000326
бумажками 2,167317 0,000649
бутылки 1,167317 0,000350
бухнулся 2,167317 0,000649
бывшего 1,088136 0,000652
была 0,046743 0,000042
были 0,099131 0,000238
было 0,000000 0,000000
быть 0,002964 0,000008
важных 1,322219 0,000396
васильева 1,690196 0,000506
васильевич 1,213075 0,000727
ваша 0,554533 0,000166
вашей 0,504560 0,000151
вашему 0,576253 0,000173
ваши 0,434924 0,000261
ваших 0,554533 0,000166
вашу 0,504560 0,000151
ввязался 1,213075 0,000363
вдруг 0,005949 0,000016
ведающего 2,167317 0,000649
ведь 0,043466 0,000078
велел 0,752344 0,000451
великого 0,866287 0,000259
величавым 2,167317 0,000649
величием 1,690196 0,000506
верен 1,389166 0,000416
вероятно 0,623249 0,000187
верует 1,322219 0,000396
весь 0,099131 0,000119
весьма 0,243038 0,000291
вечер 0,477121 0,000286
взаймы 1,167317 0,000350
взбешенный 1,866287 0,000559
взял 0,269690 0,000081
взяли 1,021189 0,000306
видал 0,623249 0,000187
виде 0,434924 0,000130
видел 0,248239 0,000297
видели 0,495219 0,000445
виделось 2,167317 0,000649
видеть 0,381987 0,000114
видимому 0,648803 0,000194
видите 0,396465 0,000119
видом 0,389166 0,000233
видя 0,690196 0,000207
вижу 0,286504 0,000086
визиты 0,000000 0,000000
вилял 2,167317 0,001298
виноватого 1,690196 0,000506
виновен 0,912045 0,001093
виновности 1,468347 0,000440
виновность 1,389166 0,000416
внезапно 0,623249 0,000373
вниманием 1,167317 0,000350
внушительно 0,963197 0,000288
вовремя 1,167317 0,000350
вовсе 0,150284 0,000090
водочке 2,167317 0,000649
возвестил 1,053374 0,000315
возврате 2,167317 0,000649
возвратил 1,322219 0,000396
возвратили 2,167317 0,000649
возвысил 1,690196 0,000506
возвышает 1,866287 0,000559
возможности 0,690196 0,000207
возможность 1,053374 0,000315
вознаграждения 0,000000 0,000000
вообще 0,459747 0,000138
вопрос 0,222835 0,000267
вопросе 1,125925 0,000337
вопросом 1,053374 0,000315
вопросы 0,599116 0,001256
вора 1,690196 0,000506
ворвался 1,468347 0,000440
воротить 1,468347 0,000440
воротиться 1,053374 0,000631
воскликнул 0,309985 0,000093
восклицал 0,845098 0,000253
воспарил 2,167317 0,000649
воспитал 1,565257 0,000469
воспользоваться 1,468347 0,000440
впереди 0,912045 0,000273
впечатление 0,544068 0,000652
впивался 2,167317 0,000649
впредь 0,752344 0,000225
впрочем 0,118099 0,000071
вредите 2,167317 0,000649
время 0,043466 0,000065
врублевским 1,866287 0,000559
вручил 2,167317 0,000649
вряд 0,963197 0,000288
всего 0,040213 0,000036
всей 0,248239 0,000074
всем 0,070407 0,000105
всеми 0,434924 0,000651
всех 0,060107 0,000198
вспыхнул 1,213075 0,000363
вставлял 1,866287 0,000559
встречает 1,389166 0,000416
вступился 1,389166 0,000416
всякий 0,514105 0,000154
всякому 1,021189 0,000306
всякую 0,866287 0,000259
вцепился 1,690196 0,000506
вшей 2,167317 0,000649
вшивым 2,167317 0,000649
выбирайте 1,866287 0,000559
выбирал 2,167317 0,000649
вывел 1,053374 0,000315
вывели 1,468347 0,000440
выдать 1,125925 0,000337
выеденного 2,167317 0,000649
вызывать 1,690196 0,001012
выпил 0,991226 0,000297
выпили 1,389166 0,000416
выпить 1,167317 0,000350
выплаты 0,000000 0,000000
выражений 1,866287 0,000559
выражения 1,167317 0,000350
выразился 0,752344 0,000451
выразиться 1,021189 0,000306
высказать 0,866287 0,000259
выслушав 0,805589 0,000241
выслушанных 1,866287 0,000559
высотой 2,167317 0,000649
выставилась 1,690196 0,000506
выставленных 2,167317 0,000649
выступать 2,167317 0,000649
выступила 1,866287 0,000559
высчитал 2,167317 0,000649
высшего 0,991226 0,000297
вытерли 2,167317 0,000649
вытерши 2,167317 0,000649
вычесывал 1,866287 0,000559
вышла 0,495219 0,000148
вышло 0,523865 0,000314
главное 0,189594 0,000114
глаза 0,129891 0,000039
глазами 0,403889 0,000242
глазах 0,459747 0,000138
глубоких 1,866287 0,000559
глубочайшей 2,167317 0,000649
глуп 1,021189 0,000306
говорил 0,095435 0,000057
говорилось 1,389166 0,000416
говорить 0,162996 0,000146
годах 1,690196 0,000506
годилось 1,690196 0,000506
гордо 1,053374 0,000315
город 0,523865 0,000157
господин 0,514105 0,000616
господину 1,053374 0,000631
госпоже 1,021189 0,000306
госпожой 1,690196 0,000506
готовит 2,167317 0,000649
григорий 0,720159 0,002157
григория 0,845098 0,000506
грозной 2,167317 0,000649
грозный 1,565257 0,000469
громко 0,504560 0,000453
группироваться 2,167317 0,000649
группы 1,690196 0,000506
грушеньке 0,824895 0,000247
грушеньки 0,787106 0,000471
грязной 1,690196 0,000506
грязных 1,690196 0,000506
гуманности 1,866287 0,000559
дававшего 2,167317 0,000649
давал 0,805589 0,000241
давали 1,389166 0,000416
давая 1,213075 0,000363
давно 0,158717 0,000048
даже 0,005949 0,000021
далее 0,648803 0,000194
дали 0,635838 0,000190
дальше 0,002964 0,000001
дамы 0,648803 0,000389
данные 0,000000 0,000000
данных 1,690196 0,001519
дарили 1,866287 0,000559
двадцатипятирублевыми 2,167317 0,000649
двадцать 0,411442 0,000246
двенадцатая 0,936868 0,000561
двери 0,599116 0,000718
дверь 0,367977 0,000331
девкам 1,690196 0,001012
действительно 0,106619 0,000064
дела 0,309985 0,000186
делает 0,805589 0,000241
дело 0,063514 0,000038
делом 0,845098 0,001012
делу 0,468347 0,000140
день 0,162996 0,000098
деньгах 0,866287 0,000259
деньги 0,280827 0,000252
деревенским 2,167317 0,000649
дескать 0,419129 0,000251
детей 0,576253 0,000173
детских 1,389166 0,000416
дмитрий 0,468347 0,000140
дмитрию 0,936868 0,000281
доверять 1,690196 0,000506
доказательства 1,264227 0,000379
доказательство 1,088136 0,000326
докончен 2,167317 0,000649
долго 0,222835 0,000067
должен 0,258832 0,000388
должно 0,286504 0,000086
доплатить 2,167317 0,000649
допроса 1,322219 0,000396
допросы 1,866287 0,000559
дорого 1,021189 0,000306
дорожил 1,866287 0,000559
доставила 1,866287 0,000559
достиг 1,167317 0,000350
достичь 1,565257 0,000469
достоевский 0,000000 0,000000
достоинством 0,866287 0,000259
достояние 0,000000 0,000000
другие 0,389166 0,000117
другой 0,146128 0,000131
другую 0,495219 0,000148
думаете 0,504560 0,000151
думаю 0,328468 0,000098
душу 0,451314 0,000135
единой 1,468347 0,000440
езопом 2,167317 0,001298
епархиальным 2,167317 0,000649
если 0,011981 0,000014
естественно 0,888564 0,000266
есть 0,018098 0,000016
жаждавшие 1,866287 0,000559
жаром 0,587534 0,000176
ждали 0,720159 0,000216
желает 1,021189 0,000306
желал 0,611015 0,000366
желала 1,088136 0,000326
желая 0,662167 0,000198
женщины 0,576253 0,000173
жесток 1,468347 0,000880
жесты 1,468347 0,000440
жизнь 0,162996 0,000049
житие 1,866287 0,000559
журнал 1,565257 0,000469
забыто 2,167317 0,000649
завел 1,264227 0,000379
загадкой 1,866287 0,000559
задавать 1,866287 0,001118
заели 2,167317 0,000649
заинтересованы 2,167317 0,000649
закончился 2,167317 0,000649
закричал 0,599116 0,000179
зале 0,936868 0,001403
залу 0,735954 0,000220
заметен 2,167317 0,000649
заметил 0,154480 0,000046
заметили 0,611015 0,000366
заметить 0,635838 0,000571
заметь 1,213075 0,000363
замечательные 1,866287 0,000559
замеченная 2,167317 0,000649
замечу 1,088136 0,000978
замолк 1,167317 0,000350
запасе 2,167317 0,000649
записал 1,389166 0,000416
заплатит 1,690196 0,000506
заподозренным 2,167317 0,000649
зарыдал 1,389166 0,000416
засвидетельствовали 2,167317 0,000649
застарелых 2,167317 0,000649
затем 0,237898 0,000071
зато 0,468347 0,000140
зачали 1,866287 0,000559
защита 1,690196 0,000506
защитник 1,125925 0,002360
защитника 1,125925 0,000674
защитнику 1,389166 0,001248
защиты 1,322219 0,000792
заявил 0,912045 0,000546
заявили 1,565257 0,000469
зверь 1,125925 0,000337
здешней 1,468347 0,000440
знает 0,171682 0,000051
знаете 0,286504 0,000257
знаком 0,936868 0,000281
знакомства 0,991226 0,000297
знакомством 1,866287 0,000559
знакомы 1,468347 0,000440
знал 0,114239 0,000137
значит 0,243038 0,000073
знаю 0,095435 0,000086
золотой 1,389166 0,000416
зосимы 1,088136 0,000326
зычно 2,167317 0,000649
ивана 0,504560 0,000151
игнатьевной 1,866287 0,000559
играл 1,088136 0,000326
игры 1,167317 0,000350
идей 1,213075 0,000363
идею 0,963197 0,000288
избил 0,963197 0,000288
известно 0,334808 0,000301
известной 1,088136 0,000652
известном 1,213075 0,000363
известные 1,389166 0,000416
извиниться 1,565257 0,000469
изволили 0,845098 0,000253
изданную 2,167317 0,000649
издержку 2,167317 0,000649
излечиться 2,167317 0,000649
изложение 1,468347 0,000440
изображенная 2,167317 0,000649
изобразил 1,690196 0,000506
изорванный 2,167317 0,000649
изучил 1,866287 0,000559
илюшечка 1,389166 0,000832
имевшего 1,565257 0,000469
имеет 0,623249 0,000187
имела 0,936868 0,000281
имении 1,690196 0,000506
имению 1,468347 0,000440
имения 1,468347 0,000440
именно 0,066947 0,000120
имея 0,752344 0,000225
интересного 1,866287 0,000559
интересовались 1,690196 0,000506
интересовать 1,690196 0,000506
интимных 2,167317 0,000649
исключая 1,322219 0,000396
использоваться 0,000000 0,000000
испорчено 1,866287 0,000559
историю 0,845098 0,000253
источник 0,000000 0,000000
истратить 1,565257 0,000469
истрачены 1,565257 0,000469
исход 1,468347 0,000440
каждого 0,888564 0,000266
кажется 0,118099 0,000035
казалось 0,316059 0,000095
какая 0,194189 0,000058
какие 0,232819 0,000209
каким 0,194189 0,000116
каковы 1,690196 0,000506
какое 0,227798 0,000068
какой 0,095435 0,000086
каком 0,381987 0,000114
какую 0,419129 0,000126
калганов 1,053374 0,000315
камердинера 2,167317 0,000649
камушка 1,866287 0,000559
капитальное 1,565257 0,000469
капитан 0,991226 0,000297
капитана 1,053374 0,000631
карамазова 0,912045 0,000273
карамазову 1,088136 0,000326
карамазовщине 2,167317 0,000649
карамазовы 0,180546 0,000216
карамазовым 1,125925 0,000337
карамазовых 1,264227 0,000757
карт 1,690196 0,000506
картина 0,991226 0,000594
карту 1,866287 0,000559
карьерист 1,565257 0,000469
катастрофой 1,468347 0,000880
книга 0,176091 0,000105
книги 0,000000 0,000000
когда 0,015029 0,000054
кого 0,222835 0,000334
коли 0,269690 0,000162
колода 1,690196 0,000506
комаров 0,000000 0,000000
компрометирующие 1,866287 0,000559
кому 0,341243 0,000102
конечно 0,060107 0,000108
конца 0,704919 0,000211
концентрируясь 2,167317 0,000649
кончил 0,587534 0,000352
копеечку 1,866287 0,000559
короне 2,167317 0,000649
короткий 1,690196 0,000506
костюме 1,690196 0,000506
которого 0,198834 0,000060
которое 0,426955 0,000128
которой 0,213075 0,000128
котором 0,347773 0,000104
которую 0,292256 0,000088
которые 0,189594 0,000057
который 0,110412 0,000132
которым 0,389166 0,000350
крайней 0,298086 0,000089
красивой 1,866287 0,000559
красноречиво 1,389166 0,000416
краткое 2,167317 0,000649
крепостного 1,264227 0,000379
крепостном 1,866287 0,000559
крикнул 0,381987 0,000343
кровь 0,662167 0,000198
кроме 0,158717 0,000143
кстати 0,468347 0,000140
купить 1,021189 0,000306
купца 1,053374 0,000315
кутеж 1,322219 0,000396
ладонку 1,389166 0,000416
лечения 1,468347 0,000440
либо 0,000000 0,000000
литература 0,000000 0,000000
лицом 0,000000 0,000000
лицу 0,587534 0,000176
лишним 1,690196 0,000506
лишних 1,468347 0,000440
лишь 0,185046 0,000443
ловко 1,125925 0,000337
лучше 0,162996 0,000049
любезною 2,167317 0,000649
любители 1,866287 0,000559
любовались 2,167317 0,000649
любопытствовал 1,690196 0,000506
любым 0,000000 0,000000
люди 0,269690 0,000081
мага 2,167317 0,000649
маленький 0,662167 0,000397
мало 0,208276 0,000062
малого 1,167317 0,000699
малый 1,053374 0,000315
мальчика 0,648803 0,000194
марфой 1,690196 0,000506
материнском 2,167317 0,000649
медицинская 1,468347 0,000440
мельчайших 2,167317 0,000649
менее 0,635838 0,000190
меньше 0,787106 0,000236
меньшей 1,690196 0,000506
меня 0,027438 0,000016
мере 0,269690 0,000162
места 0,389166 0,000117
местами 2,167317 0,001298
местах 1,213075 0,000363
месяц 0,451314 0,000270
месяца 0,477121 0,000143
меча 1,866287 0,000559
минут 0,486076 0,000146
минуту 0,084532 0,000051
минуты 0,322219 0,000097
мите 0,735954 0,001102
митей 1,053374 0,000946
мити 0,611015 0,000915
митю 0,623249 0,000187
митя 0,587534 0,000880
младшим 2,167317 0,000649
мнении 1,565257 0,000469
многие 0,468347 0,000140
много 0,080958 0,000145
многолетне 1,866287 0,000559
мною 0,635838 0,000190
могли 0,374926 0,000225
могло 0,403889 0,000121
могу 0,171682 0,000206
могут 0,495219 0,000148
может 0,000000 0,000000
можно 0,088136 0,000026
мокрое 1,053374 0,000315
мокром 0,963197 0,000288
молитвою 1,866287 0,000559
молодежи 1,565257 0,000469
молодой 0,381987 0,000343
молчал 0,565257 0,000169
момента 0,000000 0,000000
монастырском 1,866287 0,000559
мочалке 1,690196 0,000506
мрачное 1,167317 0,000350
мрачною 2,167317 0,000649
мужик 0,888564 0,000266
мужикам 1,565257 0,000469
мужиков 1,213075 0,000727
мужчины 1,322219 0,000396
муссялович 1,690196 0,001012
мучителя 1,690196 0,000506
мыслей 0,735954 0,000441
мысли 0,316059 0,000095
мыслитель 1,565257 0,000469
наверно 0,264227 0,000079
наградных 2,167317 0,000649
надеясь 1,322219 0,000396
надо 0,036984 0,000033
надсмехаться 2,167317 0,000649
надул 1,322219 0,000396
наедине 0,936868 0,000281
назад 0,000000 0,000000
название 0,000000 0,000000
назидательно 1,565257 0,000469
наиболее 1,125925 0,000674
найденной 2,167317 0,000649
найдя 1,389166 0,000416
найти 0,000000 0,000000
наконец 0,073896 0,000044
намерен 0,787106 0,000236
нанесенной 1,690196 0,000506
напечатали 1,468347 0,000440
написал 0,662167 0,000198
написано 0,000000 0,000000
напомнил 1,167317 0,000350
например 0,298086 0,000536
напряженным 2,167317 0,000649
нараставшего 1,866287 0,000559
народ 0,735954 0,000220
наружу 1,322219 0,000792
наслаждением 1,088136 0,000326
настойка 2,167317 0,000649
настойчивость 1,866287 0,000559
настойчивостью 1,389166 0,001248
настоящем 0,991226 0,000297
настоящему 0,991226 0,000297
насчет 0,354404 0,000212
наука 0,000000 0,000000
находке 2,167317 0,000649
начал 0,137934 0,000124
начала 0,381987 0,000114
начали 0,735954 0,000220
начальством 2,167317 0,000649
начальству 1,167317 0,000699
нашей 0,599116 0,000179
нашим 0,936868 0,000561
неблагоприятно 2,167317 0,000649
невозможно 0,411442 0,000246
него 0,000000 0,000000
недавно 0,576253 0,000173
недаром 1,389166 0,000416
недоплатил 2,167317 0,000649
недоумевали 2,167317 0,000649
недурно 1,468347 0,000440
независимо 1,690196 0,000506
независимостию 2,167317 0,000649
неистовство 2,167317 0,000649
некоею 2,167317 0,000649
некоторая 1,053374 0,000315
некоторого 0,752344 0,000225
некоторым 0,690196 0,000413
немножко 1,021189 0,000306
немыслимым 1,866287 0,000559
необыкновенная 1,322219 0,000396
необыкновенным 0,845098 0,000253
неожиданно 0,523865 0,000157
неожиданный 1,264227 0,000379
неотразимость 2,167317 0,000649
неправильный 2,167317 0,000649
несколько 0,102859 0,000154
несмотря 0,275223 0,000082
несомненно 0,704919 0,000422
несправедлив 2,167317 0,000649
нетерпением 0,866287 0,000519
нечто 0,389166 0,000117
нибудь 0,030597 0,000055
ниже 0,912045 0,000273
никаких 0,565257 0,000339
никакого 0,403889 0,000121
никто 0,185046 0,000166
нимало 0,991226 0,000297
ними 0,275223 0,000082
ничего 0,030597 0,000018
новых 0,963197 0,000577
ногах 0,866287 0,000259
ноги 0,477121 0,000143
носом 1,389166 0,000416
нравов 1,565257 0,000469
нравственно 1,213075 0,000363
нравственную 1,468347 0,000440
нынче 1,389166 0,000416
обвинение 1,053374 0,000315
обвинения 1,021189 0,000612
обвинители 1,866287 0,000559
обиде 1,690196 0,000506
обидел 1,125925 0,000337
обидно 1,053374 0,000315
обиду 1,088136 0,000326
обижать 1,468347 0,000440
обнаружит 2,167317 0,000649
образом 0,347773 0,000312
образумили 2,167317 0,000649
обратившись 1,690196 0,000506
обратился 0,443041 0,000133
обратиться 1,213075 0,000363
оброненные 2,167317 0,001298
общественное 0,000000 0,000000
общественному 2,167317 0,000649
общими 2,167317 0,000649
объявил 0,599116 0,000179
огорчились 2,167317 0,000649
огромной 1,322219 0,000396
одежде 1,468347 0,000440
один 0,046743 0,000056
однако 0,102859 0,000062
одних 0,888564 0,000266
одну 0,232819 0,000139
ознакомиться 1,866287 0,001118
ознакомлением 2,167317 0,000649
оказалась 1,167317 0,000350
оказалось 0,486076 0,000146
оказался 0,824895 0,000247
окончании 1,690196 0,000506
окончательно 0,565257 0,000508
окончательной 1,565257 0,000469
окончательному 1,866287 0,000559
опаснейшими 2,167317 0,000649
опаснейших 2,167317 0,000649
опасные 1,468347 0,000880
опешенный 1,690196 0,000506
описал 1,322219 0,000792
описание 1,866287 0,000559
описывать 1,565257 0,000469
оправдания 1,690196 0,000506
оправдают 1,690196 0,001519
опрашивали 1,866287 0,000559
определить 1,167317 0,000350
опровергать 2,167317 0,000649
опрос 1,866287 0,000559
опроса 1,866287 0,000559
опросчика 2,167317 0,000649
опросы 2,167317 0,000649
опубликовано 0,000000 0,000000
опытные 2,167317 0,000649
опять 0,027438 0,000066
орехов 1,565257 0,000469
оружие 1,167317 0,000350
осадило 2,167317 0,000649
осаленным 2,167317 0,000649
осведомиться 1,565257 0,000469
освещением 2,167317 0,000649
основанием 1,690196 0,000506
основания 1,264227 0,000379
основательных 2,167317 0,000649
особая 1,389166 0,000416
особенною 1,264227 0,000379
особо 1,468347 0,000440
особого 1,322219 0,000396
особы 1,468347 0,000440
оставил 0,648803 0,000194
остался 0,523865 0,000471
остальное 0,963197 0,000288
остаться 0,912045 0,000273
осторожнее 1,690196 0,000506
отверсты 2,167317 0,000649
ответ 0,533849 0,000160
ответил 0,237898 0,000071
ответить 0,735954 0,000220
отвечать 0,824895 0,000988
отвечая 1,053374 0,000315
отворенной 1,468347 0,000440
отворенную 1,866287 0,001118
отдали 1,322219 0,000792
отдам 1,322219 0,000396
отдать 0,752344 0,000225
отделался 1,690196 0,000506
отказался 1,213075 0,000363
отложены 2,167317 0,000649
отменно 1,565257 0,000469
относительную 2,167317 0,000649
относиться 1,468347 0,000440
отпустить 1,389166 0,000416
отрицался 2,167317 0,000649
отца 0,222835 0,000133
отцом 0,599116 0,000179
отцу 0,565257 0,000339
отчасти 0,611015 0,000183
оформление 0,000000 0,000000
охотно 1,322219 0,000396
очень 0,024303 0,000015
очередь 0,805589 0,000965
павлович 0,419129 0,000502
павловича 0,451314 0,000270
павловичем 0,866287 0,000519
пакет 1,053374 0,000315
пакета 1,389166 0,000416
пакете 1,213075 0,000727
пальцам 1,468347 0,000440
пальцев 1,468347 0,000440
памяти 0,752344 0,000225
пана 1,565257 0,000469
паном 1,866287 0,000559
папочка 1,565257 0,000938
первый 0,248239 0,000372
первым 0,769377 0,000230
первыми 1,866287 0,000559
первых 0,367977 0,000331
перед 0,554533 0,000166
передал 0,690196 0,000413
передам 1,565257 0,000469
передернул 1,690196 0,000506
перекрестясь 2,167317 0,000649
перец 2,167317 0,001298
перешел 0,936868 0,000281
перешли 1,565257 0,000469
перешло 0,000000 0,000000
петербурга 0,866287 0,000259
печати 1,690196 0,000506
пленило 2,167317 0,000649
побои 1,565257 0,000469
повезло 2,167317 0,000649
повествуя 2,167317 0,000649
повлиявший 2,167317 0,000649
поводу 0,720159 0,000216
повторяю 0,648803 0,000389
погруженной 2,167317 0,000649
подарил 1,264227 0,000379
подборка 0,000000 0,000000
подверглось 1,866287 0,000559
подвести 1,866287 0,000559
подвигами 2,167317 0,000649
подвиги 1,322219 0,000396
подготовленное 2,167317 0,000649
подкрепила 2,167317 0,000649
подмарать 2,167317 0,001298
подмарываниями 2,167317 0,000649
подменена 2,167317 0,000649
подневольный 2,167317 0,000649
поднял 0,504560 0,000151
подняли 1,389166 0,000416
подорожник 2,167317 0,000649
подробнейшим 1,866287 0,000559
подробно 1,053374 0,000315
подробностей 1,167317 0,000699
подробностях 1,167317 0,000350
подсаленный 2,167317 0,000649
подсудимого 0,991226 0,000594
подсудимому 1,167317 0,000699
подсудимый 1,088136 0,000326
подтвердил 0,690196 0,000827
подтвердилась 1,866287 0,000559
подходящие 2,167317 0,000649
позванный 2,167317 0,000649
позволил 1,213075 0,000363
позволите 1,213075 0,000363
позвольте 0,523865 0,000157
познакомиться 0,936868 0,000281
поймал 1,088136 0,000652
поймать 1,389166 0,000416
пока 0,213075 0,000128
показание 0,912045 0,001366
показании 1,690196 0,000506
показаний 1,213075 0,000727
показания 1,021189 0,000612
поклонился 0,912045 0,000273
покойном 1,565257 0,000469
покровительством 1,565257 0,000469
полагали 1,866287 0,000559
полезнейшая 2,167317 0,000649
полета 2,167317 0,000649
полной 0,991226 0,000297
полноте 0,866287 0,000259
полную 1,053374 0,000315
положен 1,866287 0,000559
полтиною 2,167317 0,000649
полтора 1,167317 0,000699
полторы 1,021189 0,000306
полу 0,735954 0,000220
получал 1,468347 0,000440
получил 0,635838 0,000190
получили 1,322219 0,000396
пользоваться 1,322219 0,000396
пользу 0,824895 0,000247
пользы 1,167317 0,000350
польски 1,866287 0,000559
польских 1,866287 0,000559
полюбопытствовать 2,167317 0,000649
поляками 2,167317 0,000649
помирает 2,167317 0,000649
помню 0,486076 0,000146
помолчав 0,936868 0,000281
понимает 0,720159 0,000216
понимать 0,690196 0,000207
понимаю 0,381987 0,000229
понял 0,396465 0,000119
поняли 0,769377 0,000230
понятно 0,936868 0,000281
понять 0,396465 0,000119
пообещала 1,690196 0,000506
поры 1,468347 0,000440
порядке 0,936868 0,000281
посвящением 2,167317 0,000649
посетителей 0,000000 0,000000
посетители 0,000000 0,000000
поскорее 0,486076 0,000146
после 0,084532 0,000051
последней 0,623249 0,000187
послужившею 2,167317 0,000649
послужить 1,167317 0,000350
послышались 1,264227 0,000379
посмертно 0,000000 0,000000
посмотрел 0,459747 0,000138
посредством 2,167317 0,000649
постепенно 1,088136 0,000326
потерянного 2,167317 0,000649
потом 0,084532 0,000152
потому 0,024303 0,000022
почему 0,099131 0,000030
почивали 2,167317 0,001298
почившего 1,565257 0,000469
почти 0,024303 0,000051
почтительнее 1,690196 0,000506
почтительности 1,389166 0,000416
почтительною 2,167317 0,000649
пошевелился 1,565257 0,000469
пошли 0,735954 0,000220
пошло 1,088136 0,000326
поясницу 2,167317 0,000649
права 0,554533 0,000166
правда 0,162996 0,000049
правду 0,443041 0,000133
праве 1,125925 0,000337
пребывание 1,866287 0,000559
превосходным 1,866287 0,000559
пред 0,033778 0,000020
предварительного 1,866287 0,000559
предварительную 2,167317 0,000649
предлагал 1,468347 0,001319
предлагать 1,389166 0,000416
предложить 1,213075 0,000363
предосторожности 1,690196 0,000506
предположение 1,213075 0,000363
предположено 2,167317 0,000649
председателем 1,468347 0,000440
председатель 1,167317 0,002797
председателю 1,866287 0,000559
председателя 1,389166 0,000416
представил 1,125925 0,000337
представили 1,565257 0,000469
представить 0,576253 0,000173
предстал 1,690196 0,001012
предчувствовали 1,565257 0,000469
прежде 0,077412 0,000023
презренный 1,690196 0,000506
презрительно 0,866287 0,000259
презрительного 2,167317 0,000649
прекрасно 0,735954 0,000220
прений 1,866287 0,001118
прения 1,690196 0,000506
прениям 2,167317 0,000649
преосвященного 2,167317 0,001298
преосвященному 2,167317 0,000649
преступлении 1,264227 0,000379
преступления 0,963197 0,000288
преступник 1,053374 0,000315
преступника 1,021189 0,000306
прибавив 1,322219 0,000396
прибавил 0,275223 0,000082
приближенный 2,167317 0,000649
приведете 1,866287 0,000559
привели 1,322219 0,000792
придет 0,514105 0,000154
приезд 1,322219 0,000396
приемов 2,167317 0,000649
приехал 0,554533 0,000166
прижизненно 0,000000 0,000000
призыва 2,167317 0,000649
приключилось 1,468347 0,000440
примерно 0,963197 0,000577
принес 0,805589 0,000241
принимавшей 2,167317 0,000649
принимаю 1,021189 0,000306
принятых 1,690196 0,000506
припомнил 0,888564 0,000266
припомните 1,866287 0,000559
припомнить 0,963197 0,000577
припрятанное 2,167317 0,000649
приступили 1,690196 0,000506
присутствием 1,690196 0,000506
присяжных 1,565257 0,000469
причины 0,752344 0,000225
пришлось 0,769377 0,000461
пробормотал 0,334808 0,000201
пробуя 2,167317 0,000649
провожая 1,468347 0,000440
проворчал 1,389166 0,000416
проговорил 0,154480 0,000093
программирование 0,000000 0,000000
продолжал 0,292256 0,000088
продукт 1,866287 0,000559
произведение 0,000000 0,000000
произведений 0,000000 0,000000
произведения 0,000000 0,000000
произвело 0,991226 0,000297
произнес 0,361137 0,000108
произошел 0,888564 0,000266
произошло 0,495219 0,000148
прокуратурой 1,866287 0,000559
прокурор 0,888564 0,001331
прокурора 0,912045 0,001093
прокурором 1,322219 0,000396
прокурорские 2,167317 0,000649
прокурорских 2,167317 0,001298
промах 1,866287 0,000559
пронеслось 1,213075 0,000363
пронесся 1,690196 0,000506
простил 1,167317 0,000699
просто 0,232819 0,000070
простодушен 1,866287 0,000559
процесса 1,565257 0,001406
проч 0,662167 0,000397
прочел 0,752344 0,000225
прошел 0,662167 0,000198
прошло 0,000000 0,000000
прошу 0,599116 0,000179
прощения 0,690196 0,000207
публикации 0,000000 0,000000
публике 0,936868 0,000561
публики 1,213075 0,001090
публику 1,213075 0,000363
пуделей 2,167317 0,000649
пудель 2,167317 0,001298
пункта 1,468347 0,000440
пустое 1,468347 0,000440
пуще 0,599116 0,000179
пьеро 1,866287 0,000559
пьяненьким 2,167317 0,000649
пьяными 1,468347 0,000440
пять 0,275223 0,000165
равно 0,303994 0,000091
разбогатели 1,866287 0,000559
разбойник 2,167317 0,000649
разбрасывали 2,167317 0,000649
разве 0,146128 0,000088
развязке 1,565257 0,000469
разделе 2,167317 0,000649
разделены 2,167317 0,000649
раздельно 1,213075 0,000363
размарать 2,167317 0,000649
размаху 1,389166 0,000416
разобрать 1,264227 0,000379
разошлась 1,866287 0,000559
разрешения 0,000000 0,000000
разыгравшийся 1,866287 0,000559
райские 1,690196 0,001012
ракитин 0,963197 0,003462
ракитина 0,991226 0,000891
ракитину 1,389166 0,000416
раскидано 2,167317 0,000649
распорядился 1,264227 0,000379
рассказывал 0,554533 0,000166
рассказывали 0,936868 0,000281
расспрашивал 1,088136 0,000326
расспрашивали 1,690196 0,000506
расспросы 1,213075 0,000363
рассчитывал 0,963197 0,000288
расчет 0,991226 0,000297
расчете 1,866287 0,001118
резвился 2,167317 0,000649
религиозных 1,690196 0,000506
репутации 1,690196 0,000506
репутацию 1,468347 0,000440
речах 1,565257 0,000469
речи 0,769377 0,000922
речь 0,704919 0,000211
родовом 2,167317 0,000649
рождества 1,866287 0,001118
роковой 1,167317 0,000699
роковою 2,167317 0,000649
россии 0,623249 0,000373
рублей 0,367977 0,000661
рублю 1,690196 0,000506
руках 0,396465 0,000237
руке 0,735954 0,000220
руки 0,167317 0,000050
рукоплескания 1,866287 0,000559
русская 0,000000 0,000000
рюмочку 1,565257 0,000469
сайте 0,000000 0,000000
сами 0,142011 0,000213
само 0,888564 0,000266
самого 0,118099 0,000141
самое 0,167317 0,000050
самой 0,258832 0,000233
самонадеянность 2,167317 0,000649
самою 0,866287 0,000259
самсонова 1,213075 0,000363
самый 0,198834 0,000060
самых 0,468347 0,000561
сапогах 1,213075 0,000363
сбежались 1,866287 0,000559
сбившим 2,167317 0,000649
сбитым 2,167317 0,000649
сбить 1,565257 0,000938
сведения 1,021189 0,000306
сведены 2,167317 0,000649
светлова 1,690196 0,001012
светловой 1,690196 0,001519
свидетелей 0,912045 0,001912
свидетелем 0,991226 0,000297
свидетели 0,991226 0,000891
свидетель 1,167317 0,000699
свидетельству 1,389166 0,000416
свидетеля 1,565257 0,000469
свидетелям 1,690196 0,000506
свидетелями 1,565257 0,000469
свободно 0,000000 0,000000
свое 0,150284 0,000090
своего 0,091770 0,000082
своей 0,066947 0,000140
своеобразным 1,565257 0,000469
своею 0,443041 0,000265
свои 0,146128 0,000263
своим 0,208276 0,000125
свой 0,189594 0,000170
свою 0,073896 0,000177
свято 1,389166 0,000416
сделал 0,381987 0,000114
сделать 0,403889 0,000121
себе 0,033778 0,000030
себя 0,005949 0,000007
сегодня 0,000000 0,000000
сейчас 0,070407 0,000021
семейная 1,468347 0,000440
семейства 0,690196 0,000207
семидесяти 0,000000 0,000000
семьсот 1,468347 0,000440
сенях 1,088136 0,000326
сердится 1,167317 0,000350
сила 0,936868 0,000281
силу 0,866287 0,000259
сильно 0,292256 0,000175
сильное 0,991226 0,000297
система 1,690196 0,000506
сказал 0,099131 0,000030
сказать 0,073896 0,000044
сколько 0,280827 0,000336
сконфуженный 1,468347 0,000440
славного 2,167317 0,000649
следили 1,690196 0,000506
следовало 0,805589 0,000241
следствия 1,322219 0,000396
следует 0,936868 0,000281
слишком 0,133894 0,000040
слов 0,367977 0,000220
слова 0,129891 0,000078
словечко 1,053374 0,000315
словом 0,367977 0,000220
слуга 0,888564 0,000266
служили 1,690196 0,000506
слушавшей 1,866287 0,000559
слыхал 0,845098 0,000253
слышал 0,389166 0,000117
слышали 0,611015 0,000183
слышалось 1,322219 0,000396
смердяков 0,587534 0,000176
смердякова 0,752344 0,000225
смердякове 1,088136 0,000326
смехе 1,565257 0,000938
смешок 1,565257 0,001406
смотря 0,322219 0,000097
смутившись 1,468347 0,000440
смысл 0,991226 0,000297
сначала 0,434924 0,000130
снегирева 1,468347 0,000880
снести 1,125925 0,000337
сном 0,936868 0,000281
собой 0,253503 0,000076
собрание 0,000000 0,000000
совершенно 0,180546 0,000054
совсем 0,021189 0,000057
согласия 0,000000 0,000000
содержание 1,565257 0,000469
содержанке 1,866287 0,000559
созерцал 1,468347 0,000440
сознавал 1,213075 0,000363
сознавая 1,125925 0,000337
сознался 1,264227 0,000379
сознаться 1,322219 0,000396
сомнений 1,021189 0,000306
сомнению 2,167317 0,000649
сомнения 0,523865 0,000157
соответственных 2,167317 0,000649
сорвавшиеся 2,167317 0,000649
составилось 1,565257 0,000469
состоял 1,088136 0,000326
состоялось 1,322219 0,000792
состоянии 0,459747 0,000138
сосчитать 1,690196 0,000506
сочинений 0,000000 0,000000
сошел 0,787106 0,000236
спеша 0,866287 0,000259
спину 1,213075 0,000363
спиртику 2,167317 0,000649
спирту 1,866287 0,001118
спокоен 1,213075 0,000363
спокойно 0,648803 0,000194
спокойным 1,088136 0,000326
спорное 2,167317 0,000649
способностью 2,167317 0,000649
спрашивали 0,963197 0,000288
спросе 2,167317 0,000649
спросил 0,222835 0,000200
спросить 0,495219 0,000148
спрятаны 1,690196 0,000506
сравнительно 1,088136 0,000326
срамом 1,866287 0,000559
средствами 1,565257 0,000938
срок 0,888564 0,000532
стакан 1,213075 0,000727
стаканчика 2,167317 0,001298
стал 0,125925 0,000075
стали 0,322219 0,000193
стало 0,091770 0,000082
становилось 0,963197 0,000288
старик 0,434924 0,000130
старца 0,735954 0,000220
старший 1,213075 0,000363
старый 0,824895 0,000247
статьи 1,264227 0,000379
статью 1,264227 0,000379
столичный 1,167317 0,000350
столом 0,735954 0,000220
столь 0,434924 0,000261
стороны 0,185046 0,000166
сторублевой 2,167317 0,000649
стоял 0,309985 0,000279
страдающей 2,167317 0,001298
страдающую 1,866287 0,000559
странно 0,354404 0,000106
странное 0,690196 0,000207
страшно 0,434924 0,000261
стремительно 0,936868 0,000281
строго 0,576253 0,000345
строжайше 2,167317 0,000649
стыдом 1,213075 0,000363
суда 0,787106 0,000707
судебных 1,866287 0,000559
судей 1,690196 0,000506
судимого 1,866287 0,000559
сумел 0,936868 0,000842
суммы 1,053374 0,000315
супруге 1,213075 0,000363
сущности 0,752344 0,000225
сцену 0,845098 0,000253
сцены 1,167317 0,000350
счетах 1,866287 0,000559
счету 1,690196 0,000506
сына 0,576253 0,000345
сыном 0,963197 0,000288
сыночек 1,866287 0,000559
сюда 0,232819 0,000070
также 0,000000 0,000000
таки 0,066947 0,000180
таким 0,243038 0,000364
таких 0,243038 0,000146
таков 0,787106 0,000471
такого 0,243038 0,000218
такое 0,114239 0,000034
такой 0,077412 0,000046
такому 0,752344 0,000225
такою 0,690196 0,000413
талант 1,322219 0,000396
таскал 2,167317 0,000649
тебя 0,198834 0,000060
текст 0,000000 0,000000
тенета 2,167317 0,000649
теперь 0,015029 0,000032
тимофей 1,468347 0,000440
тогда 0,050046 0,000090
тогдашнем 1,690196 0,000506
того 0,005949 0,000014
тоже 0,043466 0,000078
только 0,002964 0,000013
томах 0,000000 0,000000
тому 0,095435 0,000029
тонкости 1,565257 0,000469
тоном 0,866287 0,000259
тотчас 0,046743 0,000028
точку 1,264227 0,000379
точно 0,121994 0,000146
точного 1,565257 0,000469
трагедию 1,690196 0,000506
трагическою 2,167317 0,000649
трагичнее 2,167317 0,000649
трактире 0,866287 0,000259
тремя 0,963197 0,000288
трех 0,374926 0,000112
трифон 1,264227 0,001136
трифона 1,565257 0,000469
трифону 2,167317 0,000649
тупо 1,690196 0,000506
тысяч 0,451314 0,000270
тысячами 1,053374 0,000315
тысячи 0,426955 0,000511
убеждены 1,468347 0,000880
убить 0,599116 0,000179
уверенности 1,322219 0,000396
уверенность 1,389166 0,000416
уверенностью 1,690196 0,000506
уверены 0,805589 0,000241
увидели 1,565257 0,000469
увидеть 1,125925 0,000337
увидим 1,322219 0,000396
увлеченный 1,866287 0,000559
угадать 1,021189 0,000306
угнетен 1,866287 0,000559
угодить 1,565257 0,000469
угодно 0,504560 0,000151
угрожая 2,167317 0,000649
удалились 1,322219 0,000396
ударившим 2,167317 0,000649
удивительно 0,866287 0,000519
удивлению 1,053374 0,000315
удивлял 1,690196 0,000506
удивлялись 1,690196 0,000506
удовольствием 0,704919 0,000422
ужас 0,866287 0,000259
узнавать 1,389166 0,000416
узнал 0,381987 0,000114
узнать 0,374926 0,000112
указать 1,125925 0,000337
указывая 0,963197 0,000288
украл 0,963197 0,000288
украли 1,690196 0,000506
улице 0,635838 0,000190
улыбкой 0,468347 0,000140
умершим 0,000000 0,000000
унизил 1,565257 0,000469
упоминаете 1,866287 0,000559
упор 0,963197 0,000288
упорною 2,167317 0,000649
услышать 1,053374 0,000315
успел 0,354404 0,000106
успехом 1,690196 0,000506
утаил 1,565257 0,000469
утверждали 1,389166 0,000416
утверждать 1,213075 0,000363
уходом 2,167317 0,000649
учили 1,389166 0,000416
учреждений 1,866287 0,000559
ушел 0,599116 0,000179
факт 0,675956 0,000202
факты 0,991226 0,000297
фамилия 1,468347 0,000440
федор 0,000000 0,000000
федора 0,554533 0,000332
федорович 0,253503 0,000076
федоровича 0,426955 0,000128
федоровичем 0,704919 0,000211
федоровичу 0,599116 0,000179
федором 1,021189 0,000612
фетюкович 1,167317 0,004195
фетюковича 1,690196 0,001012
формы 1,468347 0,000440
фразы 1,322219 0,000396
фунт 1,565257 0,000469
характера 0,824895 0,000247
характерность 2,167317 0,000649
характерным 1,866287 0,000559
хмельном 1,866287 0,000559
хмельному 2,167317 0,000649
хода 1,690196 0,000506
хотел 0,158717 0,000048
хоть 0,060107 0,000018
хотя 0,050046 0,000015
хранят 1,866287 0,000559
христова 1,264227 0,000757
цвет 1,389166 0,000416
цели 0,662167 0,000198
цель 0,769377 0,000230
цитовал 2,167317 0,000649
цыганок 1,690196 0,000506
часа 0,000000 0,000000
часть 0,002964 0,000002
чего 0,040213 0,000060
человек 0,036984 0,000066
человека 0,154480 0,000046
чему 0,341243 0,000102
червячок 2,167317 0,000649
честен 1,322219 0,000396
честности 1,389166 0,000832
честь 0,554533 0,000166
четвертая 0,426955 0,000256
число 0,000000 0,000000
чистенького 2,167317 0,000649
читаем 0,000000 0,000000
читать 0,000000 0,000000
чрезвычайно 0,217927 0,000131
чрезвычайный 1,088136 0,000326
чтоб 0,073896 0,000044
чтобы 0,030597 0,000046
чувств 0,704919 0,000211
чувствовали 1,690196 0,000506
чуть 0,176091 0,000211
чьего 0,000000 0,000000
шагов 0,720159 0,000216
шагом 1,565257 0,000938
шалфей 2,167317 0,001298
шибали 2,167317 0,000649
широко 1,167317 0,000350
штабс 1,021189 0,000918
шутка 1,053374 0,000315
шутки 1,053374 0,000315
экспертиза 1,565257 0,000469
экспертизу 2,167317 0,000649
эпизод 1,167317 0,000699
эпизода 1,690196 0,000506
этакие 1,167317 0,000350
этими 0,635838 0,000190
этих 0,213075 0,000064
этого 0,053374 0,000048
этой 0,118099 0,000071
этом 0,046743 0,000042
этот 0,011981 0,000018
эффекта 1,565257 0,000469
юридического 1,866287 0,000559
юристы 1,565257 0,000469
явились 1,088136 0,000326
явлению 2,167317 0,000649
явно 1,088136 0,000326
языком 0,991226 0,000297
яйца 2,167317 0,000649
ямщик 1,468347 0,000440
ярким 1,690196 0,000506
ярко 1,125925 0,000674
ясного 1,866287 0,000559
