автор 0,000000 0,000000
автором 0,000000 0,000000
авторского 0,000000 0,000000
авторы 0,000000 0,000000
аграфены 1,565257 0,000755
аккуратнейший 2,167317 0,001045
александровны 1,167317 0,000563
алексей 0,000000 0,000000
алексея 0,000000 0,000000
алеша 0,381987 0,000184
алеше 0,523865 0,000253
алеши 0,544068 0,000262
ангелочек 2,167317 0,001045
баба 1,213075 0,000585
бане 1,866287 0,000900
банька 2,167317 0,001045
баню 1,468347 0,000708
барина 0,936868 0,000452
барыне 1,468347 0,000708
беглец 2,167317 0,001045
бегу 1,468347 0,000708
бегущего 2,167317 0,001045
бегущему 2,167317 0,002091
бежал 0,963197 0,000929
бежать 0,769377 0,000371
безнадежно 1,866287 0,000900
белый 1,213075 0,000585
белье 1,021189 0,000493
беседке 1,565257 0,000755
бессмысленная 1,866287 0,000900
бессмысленно 1,322219 0,000638
бесстыжую 1,565257 0,000755
библиотека 0,000000 0,000000
билось 1,322219 0,000638
близ 1,125925 0,000543
богом 0,866287 0,000418
более 0,000000 0,000000
болен 0,704919 0,000680
боли 0,963197 0,000465
боль 1,125925 0,001629
больной 0,611015 0,000295
больше 0,137934 0,000133
большим 0,704919 0,000340
больших 0,991226 0,000478
болячки 2,167317 0,001045
боюсь 0,504560 0,000487
братья 0,176091 0,000340
бросил 0,554533 0,000268
бросилась 0,648803 0,000313
бросился 0,451314 0,000435
бузины 1,866287 0,000900
была 0,046743 0,000180
были 0,099131 0,000048
было 0,000000 0,000000
быстро 0,232819 0,000225
быстротой 1,264227 0,000610
быть 0,002964 0,000010
васильевич 1,213075 0,001170
вбежал 1,322219 0,000638
вблизи 1,389166 0,000670
вглядывался 1,468347 0,000708
вдруг 0,005949 0,000043
ведь 0,043466 0,000042
вероятностям 2,167317 0,001045
верх 1,088136 0,000525
верхом 1,389166 0,000670
весело 0,648803 0,000313
весь 0,099131 0,000239
ветерка 2,167317 0,001045
вечера 0,623249 0,000301
вечеру 0,936868 0,000452
вздернул 2,167317 0,002091
вздохнул 1,125925 0,000543
вздрогнул 0,565257 0,000273
взял 0,269690 0,000130
видал 0,623249 0,000301
видел 0,248239 0,000120
видимо 0,328468 0,000317
видимому 0,648803 0,000313
видное 1,690196 0,000815
видны 2,167317 0,001045
виду 0,544068 0,000262
визиты 0,000000 0,000000
вихрь 1,468347 0,000708
вкусила 2,167317 0,001045
влез 1,565257 0,000755
внезапно 0,623249 0,000301
внезапное 1,264227 0,000610
внезапной 1,468347 0,000708
водкой 1,866287 0,000900
возвестил 1,053374 0,000508
вознаграждения 0,000000 0,000000
волнении 0,675956 0,000326
вопрос 0,222835 0,000107
ворот 0,963197 0,000465
ворота 0,963197 0,000465
восьмая 1,167317 0,001126
вполне 0,316059 0,000152
впускал 1,866287 0,000900
впустил 1,690196 0,000815
время 0,043466 0,000042
всем 0,070407 0,000034
всею 0,888564 0,000429
вскочил 0,587534 0,000283
встал 0,403889 0,000195
встретив 1,322219 0,000638
встретили 1,565257 0,000755
всюду 1,468347 0,000708
вцепился 1,690196 0,000815
выбрал 1,322219 0,000638
выглядывал 2,167317 0,001045
выглядывало 2,167317 0,001045
вылез 2,167317 0,001045
выпил 0,991226 0,000956
выплаты 0,000000 0,000000
выслушав 0,805589 0,000389
высматривал 1,690196 0,000815
высмотрел 2,167317 0,001045
высоким 1,264227 0,000610
высоких 1,389166 0,000670
высунул 2,167317 0,003136
вытерся 2,167317 0,001045
выхватил 1,322219 0,001276
выходная 2,167317 0,001045
вышел 0,275223 0,000133
глаза 0,129891 0,000063
глядеть 0,720159 0,000347
глянув 1,565257 0,001510
глянул 1,389166 0,000670
глянуть 1,690196 0,000815
говорил 0,095435 0,000046
говорить 0,162996 0,000079
голландская 2,167317 0,001045
голова 0,787106 0,000380
голове 0,554533 0,001338
голову 0,227798 0,000549
города 0,704919 0,000340
горячею 1,468347 0,000708
господи 0,451314 0,000435
гостинчику 2,167317 0,001045
графина 2,167317 0,001045
грех 0,888564 0,000429
григорий 0,720159 0,002779
григория 0,845098 0,000408
громко 0,504560 0,000243
громом 1,264227 0,000610
грудью 1,690196 0,000815
грушенька 0,675956 0,000978
грушеньки 0,787106 0,000380
губы 0,599116 0,000289
густых 1,866287 0,000900
давал 0,805589 0,000389
давеча 0,232819 0,000225
дальше 0,002964 0,000001
данные 0,000000 0,000000
двадцати 0,675956 0,000326
дверей 1,053374 0,000508
двери 0,599116 0,000289
дверь 0,367977 0,000355
двигалась 2,167317 0,001045
движения 0,912045 0,000440
двор 1,053374 0,000508
дворе 0,787106 0,000380
дворнику 1,690196 0,000815
двух 0,264227 0,000127
действительно 0,106619 0,000051
деле 0,162996 0,000079
дело 0,063514 0,000031
деревни 1,468347 0,000708
деревья 1,322219 0,000638
дмитровскую 2,167317 0,001045
добежав 1,690196 0,000815
добежал 2,167317 0,001045
добирался 2,167317 0,001045
дождавшись 1,322219 0,000638
долго 0,222835 0,000107
дольше 1,322219 0,000638
дома 0,298086 0,000431
досада 1,468347 0,000708
достиг 1,167317 0,000563
достоевский 0,000000 0,000000
достояние 0,000000 0,000000
дрожащие 1,866287 0,000900
дрожащим 0,991226 0,000478
другое 0,309985 0,000299
другой 0,146128 0,000141
дышал 1,565257 0,000755
если 0,011981 0,000017
есть 0,018098 0,000044
жадно 1,053374 0,000508
жгучую 2,167317 0,001045
ждать 0,554533 0,000268
жизни 0,222835 0,000107
забежал 1,565257 0,000755
забор 1,125925 0,001629
забора 1,264227 0,002439
заборе 1,565257 0,000755
забором 1,866287 0,000900
забыв 0,991226 0,000478
забыл 0,328468 0,000158
завопил 0,787106 0,000380
завтра 0,298086 0,000144
заглядывая 1,690196 0,000815
заговоре 1,690196 0,000815
задах 1,565257 0,000755
задний 1,866287 0,000900
задумчивости 0,991226 0,000478
задыхался 0,912045 0,000880
закипела 1,565257 0,001510
закипело 1,866287 0,000900
залег 2,167317 0,001045
замелькало 2,167317 0,001045
замер 1,565257 0,000755
замок 1,088136 0,000525
запасся 2,167317 0,001045
запер 1,264227 0,000610
заперта 1,565257 0,000755
запомнили 1,468347 0,000708
запонками 1,866287 0,000900
заснула 1,322219 0,000638
затем 0,237898 0,000344
затишье 2,167317 0,001045
захотелось 0,787106 0,000380
зачем 0,146128 0,000141
звук 1,866287 0,000900
здесь 0,095435 0,000092
зеркала 1,690196 0,000815
зеркалу 1,690196 0,000815
злоба 1,322219 0,000638
злобно 0,599116 0,000289
злобы 0,824895 0,000398
знает 0,171682 0,000083
знак 1,167317 0,001126
знакомее 2,167317 0,001045
знал 0,114239 0,000055
знать 0,328468 0,000158
значит 0,243038 0,000117
знаю 0,095435 0,000092
зная 0,623249 0,000301
золотые 1,088136 0,000525
золотыми 2,167317 0,001045
иванович 1,167317 0,000563
ивановичу 1,468347 0,000708
ивану 0,623249 0,000301
игнатьевна 1,125925 0,001086
изверг 1,021189 0,000493
известно 0,334808 0,000162
известное 1,468347 0,000708
известному 1,690196 0,000815
инстинктивно 1,565257 0,000755
интрига 1,690196 0,000815
использоваться 0,000000 0,000000
источник 0,000000 0,000000
кадык 1,690196 0,001631
каждому 0,912045 0,000440
каждую 0,936868 0,000452
каждый 0,367977 0,000178
кажется 0,118099 0,000114
какая 0,194189 0,000187
какие 0,232819 0,000112
каким 0,194189 0,000187
какой 0,095435 0,000046
какому 0,805589 0,000389
калина 2,167317 0,001045
калины 1,866287 0,000900
калитка 1,866287 0,000900
калитку 1,322219 0,001276
каморке 1,468347 0,000708
капитана 1,053374 0,000508
капитане 1,565257 0,000755
карамазовы 0,180546 0,000348
карман 0,888564 0,000429
кармана 0,720159 0,000695
кашлянуть 2,167317 0,001045
кинулся 1,213075 0,001170
кистями 2,167317 0,001045
китайские 2,167317 0,001045
китайскими 2,167317 0,001045
книга 0,176091 0,000170
книги 0,000000 0,000000
когда 0,015029 0,000022
коли 0,269690 0,000130
кольнуло 2,167317 0,002091
комаров 0,000000 0,000000
комнатка 1,468347 0,000708
комнаты 0,443041 0,000214
кондратьевна 1,322219 0,000638
кондратьевне 1,690196 0,000815
конечно 0,060107 0,000029
коньячку 1,322219 0,000638
короче 1,389166 0,000670
корчась 2,167317 0,001045
косым 1,690196 0,000815
которого 0,198834 0,000096
котором 0,347773 0,000168
которую 0,292256 0,000282
которые 0,189594 0,000091
которым 0,389166 0,000188
красная 1,866287 0,000900
красную 1,690196 0,000815
красные 1,322219 0,000638
красными 1,565257 0,000755
крепким 1,468347 0,000708
крепчайшим 2,167317 0,001045
крикнул 0,381987 0,000369
крови 0,662167 0,000319
кровь 0,662167 0,000639
кровью 0,845098 0,000815
кругом 0,419129 0,000202
крылечка 1,468347 0,001417
крылечко 1,468347 0,000708
крюком 2,167317 0,001045
крючком 1,866287 0,000900
кряхтя 1,866287 0,000900
куда 0,248239 0,000239
кулаке 1,690196 0,000815
куста 2,167317 0,001045
кустов 1,690196 0,001631
кустом 1,866287 0,000900
кусты 2,167317 0,001045
ладони 2,167317 0,001045
ладонь 1,264227 0,000610
лампы 1,866287 0,000900
левой 1,088136 0,000525
лежал 0,648803 0,000313
лежащего 1,565257 0,000755
лежи 1,565257 0,000755
летел 1,264227 0,000610
летело 2,167317 0,001045
лето 1,389166 0,000670
лечение 1,389166 0,000670
либо 0,000000 0,000000
лизавета 0,662167 0,000319
лилась 2,167317 0,002091
литература 0,000000 0,000000
лица 0,322219 0,000155
лицо 0,114239 0,000055
лицом 0,000000 0,000000
личное 1,167317 0,001126
лошадей 1,088136 0,000525
любым 0,000000 0,000000
малейшего 0,720159 0,000347
малейшей 1,021189 0,000493
марфа 0,991226 0,000956
марье 1,565257 0,000755
марья 1,125925 0,000543
маточка 2,167317 0,001045
машинально 1,053374 0,001016
мгновение 0,396465 0,000191
мгновениями 1,322219 0,000638
медный 1,167317 0,001126
мелькнул 1,322219 0,000638
мелькнуло 0,805589 0,000777
меня 0,027438 0,000013
мертвое 1,866287 0,000900
мертвым 1,866287 0,000900
месте 0,286504 0,000138
место 0,334808 0,000323
мигом 0,504560 0,001217
минут 0,486076 0,000234
минутку 0,704919 0,000680
минуту 0,084532 0,000163
минуты 0,322219 0,000155
мити 0,611015 0,001474
митя 0,587534 0,005952
многолетних 2,167317 0,001045
могла 0,286504 0,000138
могу 0,171682 0,000248
может 0,000000 0,000000
можешь 0,704919 0,000340
мокрое 1,053374 0,000508
молитвой 1,565257 0,000755
молить 1,264227 0,000610
молчание 0,912045 0,000440
момента 0,000000 0,000000
морозовой 1,389166 0,000670
мостик 1,866287 0,000900
мстительной 2,167317 0,001045
мучитель 1,866287 0,001801
наверно 0,264227 0,000127
наверх 0,888564 0,000429
нагнулся 1,053374 0,000508
надо 0,036984 0,000036
надобно 0,866287 0,000418
назад 0,000000 0,000000
назар 2,167317 0,001045
назару 2,167317 0,001045
название 0,000000 0,000000
называл 0,963197 0,000465
найти 0,000000 0,000000
наконец 0,073896 0,000107
налево 0,824895 0,000796
налил 1,565257 0,000755
намерение 0,888564 0,000429
намок 2,167317 0,001045
намокший 2,167317 0,001045
наперерез 2,167317 0,001045
написано 0,000000 0,000000
направился 0,912045 0,000440
направлялся 1,866287 0,000900
направо 0,787106 0,000759
нарастала 2,167317 0,001045
нарастало 1,690196 0,000815
нарочно 0,227798 0,000220
наскоро 0,888564 0,000429
насмешку 1,213075 0,000585
настежь 1,468347 0,000708
настоем 2,167317 0,001045
наука 0,000000 0,000000
начала 0,381987 0,000184
небольшая 1,565257 0,000755
неведения 2,167317 0,001045
него 0,000000 0,000000
недавно 0,576253 0,000278
неистовая 1,565257 0,000755
неистово 1,213075 0,000585
неистовой 2,167317 0,001045
некому 1,213075 0,000585
некоторою 1,167317 0,000563
немного 0,426955 0,000206
нему 0,080958 0,000039
ненавижу 1,088136 0,000525
ненавистен 1,565257 0,000755
необитаемый 2,167317 0,001045
необыкновенно 0,805589 0,000389
необычайное 1,167317 0,000563
неожиданно 0,523865 0,000253
непомерною 2,167317 0,001045
непременно 0,133894 0,000065
непьющая 2,167317 0,001045
нерешимости 1,322219 0,000638
несколько 0,102859 0,000149
неслышными 1,866287 0,000900
нестерпимая 1,690196 0,000815
нестерпимо 1,389166 0,000670
нетерпение 1,389166 0,000670
нибудь 0,030597 0,000015
никак 0,396465 0,000191
никогда 0,088136 0,000043
никто 0,185046 0,000089
ними 0,275223 0,000133
ничего 0,030597 0,000015
новом 1,213075 0,000585
новый 0,648803 0,000313
ноге 1,322219 0,000638
ногу 0,805589 0,000389
ночи 0,675956 0,000326
ночь 0,248239 0,000120
обдумал 1,322219 0,000638
обежал 1,690196 0,000815
обеими 0,787106 0,000380
облила 2,167317 0,001045
облокотился 1,213075 0,000585
обман 1,125925 0,000543
обмануло 2,167317 0,001045
обозначавший 2,167317 0,001045
обходившим 2,167317 0,001045
обходя 1,690196 0,000815
общественное 0,000000 0,000000
огорода 2,167317 0,001045
огороженный 2,167317 0,001045
огорошил 2,167317 0,001045
оделся 1,322219 0,000638
один 0,046743 0,000113
одной 0,243038 0,000117
одре 1,389166 0,000670
ожидании 0,824895 0,000398
озираясь 1,389166 0,000670
окна 0,648803 0,002191
окнами 1,565257 0,000755
окно 0,635838 0,000920
окну 0,963197 0,001394
окошко 1,322219 0,001276
окрестность 1,690196 0,000815
омерзение 1,866287 0,001801
опасное 1,866287 0,000900
опубликовано 0,000000 0,000000
опять 0,027438 0,000106
освещена 1,866287 0,000900
освещенного 2,167317 0,001045
освещенные 1,866287 0,000900
освещено 2,167317 0,002091
ослабела 2,167317 0,001045
осмыслил 1,565257 0,000755
остальное 0,963197 0,000465
остановился 0,419129 0,000202
отбросил 1,565257 0,000755
ответа 0,720159 0,000347
ответил 0,237898 0,000230
отвисший 2,167317 0,001045
отворенное 1,565257 0,000755
отворено 1,690196 0,000815
отворил 0,824895 0,000398
отворю 1,468347 0,000708
отлучился 1,468347 0,000708
отнюдь 0,824895 0,000398
отошел 1,125925 0,001086
отпер 1,690196 0,000815
отпирать 2,167317 0,001045
отскочил 1,468347 0,001417
оттереть 2,167317 0,001045
оттудова 1,690196 0,000815
отца 0,222835 0,000107
отцеубивец 1,690196 0,001631
офицеру 1,264227 0,000610
оформление 0,000000 0,000000
очевидно 0,599116 0,000289
очевидны 2,167317 0,001045
очень 0,024303 0,000012
очнулся 0,912045 0,000440
ощупывать 2,167317 0,001045
павлович 0,419129 0,001011
павловича 0,451314 0,001306
падучею 1,866287 0,000900
пакет 1,053374 0,000508
пальцы 1,322219 0,000638
парень 1,167317 0,000563
парня 1,866287 0,000900
первые 0,787106 0,000380
перебежал 2,167317 0,001045
передадут 2,167317 0,001045
передняя 2,167317 0,001045
переждал 1,866287 0,000900
переждать 1,866287 0,000900
перелез 1,866287 0,000900
перелезал 2,167317 0,001045
перелезла 1,866287 0,000900
перелезть 1,690196 0,000815
перепрыгнул 2,167317 0,001045
перескочил 1,264227 0,000610
переулок 1,322219 0,001913
перешло 0,000000 0,000000
пестик 1,167317 0,001689
пестиком 1,690196 0,000815
платок 0,787106 0,001139
племянника 1,389166 0,000670
плетнем 1,866287 0,000900
плечами 0,787106 0,000380
побежал 0,623249 0,000601
побежала 1,053374 0,000508
побыть 2,167317 0,001045
поверженным 1,866287 0,000900
повернулся 0,587534 0,000283
повстречавшихся 2,167317 0,001045
повязка 2,167317 0,001045
повязку 2,167317 0,001045
подборка 0,000000 0,000000
подкуплены 2,167317 0,001045
подле 0,419129 0,000202
поднялся 0,635838 0,000613
подошел 0,514105 0,000744
подпоясанном 2,167317 0,001045
подробности 0,648803 0,000313
подскочил 1,125925 0,001086
подумал 0,334808 0,000969
пожирает 2,167317 0,001045
позвал 1,468347 0,000708
позвали 1,866287 0,000900
покажу 0,991226 0,000478
полное 0,845098 0,000408
половина 0,866287 0,000418
полосатом 2,167317 0,001045
полоумный 1,389166 0,000670
полрюмочки 1,866287 0,000900
полушепотом 1,389166 0,000670
померещилось 1,322219 0,000638
помнил 0,845098 0,001223
помня 1,021189 0,000985
помощию 1,690196 0,000815
попал 0,824895 0,000398
попался 1,389166 0,000670
поперек 1,565257 0,000755
пораженный 0,888564 0,000429
порядка 1,565257 0,000755
посетителей 0,000000 0,000000
посетители 0,000000 0,000000
поскорее 0,486076 0,000234
последней 0,623249 0,000301
посмертно 0,000000 0,000000
поспешил 0,845098 0,000408
постели 0,787106 0,000380
постояв 1,866287 0,000900
постоял 1,167317 0,000563
постучал 1,866287 0,000900
постучался 1,690196 0,000815
потихоньку 0,912045 0,000440
потише 1,565257 0,000755
потом 0,084532 0,000245
потому 0,024303 0,000012
почему 0,099131 0,000143
почти 0,024303 0,000012
почувствовал 0,623249 0,000301
пошел 0,275223 0,000133
пояснице 2,167317 0,003136
правой 0,912045 0,000440
правом 1,389166 0,000670
правою 1,264227 0,000610
правую 0,936868 0,000452
пред 0,033778 0,000081
предадут 2,167317 0,001045
преданию 1,565257 0,000755
предстала 2,167317 0,001045
предупредительно 1,565257 0,000755
предчувствие 1,167317 0,000563
предчувствуя 1,213075 0,000585
прибавил 0,275223 0,000133
прибывшего 1,866287 0,000900
привычек 1,690196 0,000815
пригорюнившись 1,866287 0,000900
приготовил 1,167317 0,000563
прижизненно 0,000000 0,000000
прииски 1,322219 0,000638
приказал 1,213075 0,000585
приказать 1,866287 0,000900
прилив 1,565257 0,000755
приложил 1,322219 0,001276
приподнял 1,468347 0,000708
приподнялся 1,264227 0,000610
припоминал 0,936868 0,000452
припомнил 0,888564 0,000857
прислали 1,565257 0,000755
прислушался 1,866287 0,000900
прислушиваться 1,866287 0,000900
прислушиваются 2,167317 0,001045
прислушиваясь 1,866287 0,000900
притаился 2,167317 0,002091
пришла 0,648803 0,000313
пробегал 1,866287 0,000900
пробежал 1,468347 0,001417
проговорил 0,154480 0,000224
программирование 0,000000 0,000000
произведение 0,000000 0,000000
произведений 0,000000 0,000000
произведения 0,000000 0,000000
пройдет 1,021189 0,000493
прокричал 0,720159 0,000347
прокричать 1,866287 0,000900
проломил 1,866287 0,001801
пронеслось 1,213075 0,000585
проснулся 0,963197 0,000929
простенке 1,866287 0,000900
простучал 1,690196 0,000815
противный 2,167317 0,001045
протянул 0,675956 0,000652
профиль 2,167317 0,001045
проходя 1,167317 0,000563
прохожих 1,565257 0,000755
прохор 2,167317 0,001045
прошептал 0,675956 0,000326
прошептанною 2,167317 0,001045
прошли 1,213075 0,000585
прошло 0,000000 0,000000
прямо 0,118099 0,000171
публикации 0,000000 0,000000
пустился 0,936868 0,000904
пустое 1,468347 0,000708
пустой 1,264227 0,000610
пять 0,275223 0,000133
равно 0,303994 0,000147
раза 0,426955 0,000412
разбитый 2,167317 0,001045
разглядеть 1,021189 0,000493
разглядывать 1,690196 0,001631
разговоре 0,963197 0,000465
разделенная 2,167317 0,001045
раздельными 2,167317 0,001045
разоделся 2,167317 0,001045
разом 0,389166 0,000188
разрешения 0,000000 0,000000
разуверились 2,167317 0,001045
раму 1,866287 0,000900
рассеянно 0,991226 0,000478
рассказывал 0,554533 0,000268
рассматривал 1,389166 0,000670
редких 1,468347 0,000708
решение 0,735954 0,000355
решил 0,514105 0,000248
решился 0,554533 0,000268
рубашка 1,389166 0,000670
руками 0,280827 0,000135
руках 0,396465 0,000191
рукой 0,486076 0,000469
руку 0,222835 0,000215
русская 0,000000 0,000000
сада 1,167317 0,000563
саду 0,936868 0,001808
сайте 0,000000 0,000000
самое 0,167317 0,000323
самой 0,258832 0,000125
самом 0,114239 0,000055
самсонова 1,213075 0,000585
самую 0,459747 0,000222
самыми 1,053374 0,000508
сбоку 0,912045 0,000440
светом 1,322219 0,000638
свободно 0,000000 0,000000
своего 0,091770 0,000044
своем 0,198834 0,000192
своему 0,367977 0,000178
свои 0,146128 0,000070
своим 0,208276 0,000100
свой 0,189594 0,000091
свою 0,073896 0,000071
себе 0,033778 0,000016
себя 0,005949 0,000011
сегодня 0,000000 0,000000
сейчас 0,070407 0,000034
секретным 1,565257 0,000755
секунд 0,936868 0,000452
секунду 0,824895 0,000398
семидесяти 0,000000 0,000000
сердце 0,171682 0,000497
сердцебиение 2,167317 0,001045
сидел 0,322219 0,000155
силах 0,623249 0,000301
синяки 1,866287 0,000900
сказал 0,099131 0,000048
скомкан 2,167317 0,001045
скрадывая 1,866287 0,000900
сладостном 2,167317 0,001045
слева 1,866287 0,000900
следил 1,167317 0,000563
сломя 1,125925 0,000543
слышали 0,611015 0,000295
смердяков 0,587534 0,001134
смердяковым 1,021189 0,000493
смердящая 1,389166 0,000670
смогла 2,167317 0,001045
смотрел 0,298086 0,000144
смотреть 0,477121 0,000230
сном 0,936868 0,000452
сноровил 2,167317 0,001045
собою 0,347773 0,000168
собрание 0,000000 0,000000
совершил 1,213075 0,000585
совести 0,690196 0,000333
совсем 0,021189 0,000020
согласился 0,735954 0,000355
согласия 0,000000 0,000000
создалось 2,167317 0,001045
соображал 1,213075 0,000585
сообразил 0,963197 0,000465
соперник 1,468347 0,000708
сорока 1,125925 0,000543
соседского 1,866287 0,000900
соскочил 1,264227 0,000610
сочинений 0,000000 0,000000
сошел 0,787106 0,000380
спаленка 2,167317 0,001045
спальне 1,322219 0,000638
спать 0,635838 0,000307
спит 1,125925 0,001086
спрыгнул 2,167317 0,001045
стал 0,125925 0,000304
стало 0,091770 0,000044
станет 0,623249 0,000301
стараясь 1,021189 0,000985
старик 0,434924 0,001259
старика 0,587534 0,001417
старику 1,053374 0,000508
старшему 1,866287 0,000900
стене 1,053374 0,000508
стишок 1,389166 0,000670
столиком 1,690196 0,000815
столу 0,752344 0,000363
столь 0,434924 0,000210
сторожа 1,565257 0,000755
сторожил 2,167317 0,001045
стороне 0,805589 0,000389
сторону 0,611015 0,000295
стороны 0,185046 0,000179
стоял 0,309985 0,000299
стояла 0,623249 0,000301
странное 0,690196 0,000333
страшная 0,805589 0,000389
страшном 0,991226 0,000478
струей 2,167317 0,001045
ступил 1,167317 0,000563
сунул 1,167317 0,000563
супруга 0,787106 0,000380
супруги 1,021189 0,000493
супругой 1,213075 0,000585
схватиться 2,167317 0,001045
схватывал 1,866287 0,000900
сюда 0,232819 0,000112
сюртука 1,468347 0,000708
также 0,000000 0,000000
такое 0,114239 0,000055
твердил 1,565257 0,000755
текст 0,000000 0,000000
темени 1,565257 0,000755
темноте 0,912045 0,002200
темноту 1,468347 0,000708
тени 1,322219 0,000638
тень 1,468347 0,002125
теперь 0,015029 0,000058
теряя 1,468347 0,000708
тимофеем 1,690196 0,000815
тихо 0,354404 0,000171
тихонько 0,991226 0,000478
тишина 1,125925 0,000543
тогда 0,050046 0,000048
того 0,005949 0,000003
тоже 0,043466 0,000063
только 0,002964 0,000010
томах 0,000000 0,000000
тому 0,095435 0,000046
тонкая 1,565257 0,000755
тоска 1,088136 0,001050
тотчас 0,046743 0,000135
точнейший 1,866287 0,000900
траве 1,866287 0,000900
траву 2,167317 0,002091
тревоги 1,322219 0,000638
тремя 0,963197 0,000465
третья 0,486076 0,000469
тропинку 2,167317 0,001045
туда 0,495219 0,000239
тщательно 1,322219 0,000638
тысячами 1,053374 0,000508
убедиться 1,125925 0,000543
убил 0,523865 0,000505
убьешь 1,468347 0,000708
убью 0,963197 0,000929
уведомить 1,389166 0,000670
увидал 0,735954 0,000355
угрызение 1,866287 0,000900
удержусь 1,565257 0,000755
уединенный 1,866287 0,000900
уехала 1,213075 0,000585
ужасно 0,167317 0,000242
узнал 0,381987 0,000369
узнать 0,374926 0,000362
улицах 1,468347 0,000708
улицу 0,735954 0,000355
улыбающийся 1,866287 0,000900
улыбаясь 0,805589 0,000389
умершим 0,000000 0,000000
упал 0,675956 0,000652
условный 1,866287 0,000900
услыхав 1,690196 0,000815
услыхал 1,565257 0,000755
услышал 0,824895 0,000398
услышать 1,053374 0,000508
успел 0,354404 0,000171
установившегося 2,167317 0,001045
уходе 1,389166 0,000670
фасада 2,167317 0,001045
федор 0,000000 0,000000
федора 0,554533 0,001605
федоровичу 0,599116 0,000289
фене 1,690196 0,000815
феня 1,322219 0,000638
халата 2,167317 0,001045
халатике 2,167317 0,001045
ходить 0,576253 0,000278
ходу 1,468347 0,000708
хотел 0,158717 0,000077
хоть 0,060107 0,000058
хохлаковой 0,787106 0,000380
христом 1,389166 0,000670
хромая 1,866287 0,000900
цыпочки 2,167317 0,001045
часа 0,000000 0,000000
часть 0,002964 0,000003
чего 0,040213 0,000039
человек 0,036984 0,000054
человека 0,154480 0,000075
череп 1,389166 0,000670
черточку 1,565257 0,000755
четыре 0,477121 0,000230
число 0,000000 0,000000
чистое 1,565257 0,000755
читаем 0,000000 0,000000
читать 0,000000 0,000000
чихнуть 2,167317 0,001045
чрез 0,275223 0,000266
чтоб 0,073896 0,000036
чтобы 0,030597 0,000030
чувствую 0,787106 0,000380
чудная 1,565257 0,000755
чуть 0,176091 0,000255
чьего 0,000000 0,000000
шагами 0,963197 0,000465
шагах 0,866287 0,000836
шаги 1,690196 0,000815
шагу 1,021189 0,000493
шевелилась 1,690196 0,000815
шевелился 1,690196 0,000815
шелковом 1,565257 0,000755
шелковым 1,565257 0,000755
шепчет 1,565257 0,000755
ширмами 1,389166 0,001340
ширмочками 2,167317 0,001045
шнурком 2,167317 0,001045
щегольское 1,866287 0,000900
щеке 1,322219 0,000638
энергически 1,389166 0,000670
этого 0,053374 0,000051
этот 0,011981 0,000006
ягоды 2,167317 0,001045
ярко 1,125925 0,000543
ясен 1,866287 0,000900
ясно 0,354404 0,000342
