автор 0,000000 0,000000
автором 0,000000 0,000000
авторского 0,000000 0,000000
авторы 0,000000 0,000000
алексей 0,000000 0,000000
алексея 0,000000 0,000000
анекдотов 1,389166 0,000526
анекдоты 1,389166 0,000526
аристократических 2,167317 0,000821
аристократической 2,167317 0,000821
аршинными 1,690196 0,000640
балюстрадой 2,167317 0,000821
безразлично 1,866287 0,000707
безучастны 2,167317 0,000821
белом 1,468347 0,000556
белый 1,213075 0,000459
белье 1,021189 0,000387
бестрепетным 2,167317 0,000821
библиотека 0,000000 0,000000
билеты 1,866287 0,001414
битком 2,167317 0,000821
бледным 1,866287 0,000707
бледными 2,167317 0,000821
близ 1,125925 0,000426
близко 0,888564 0,000337
более 0,000000 0,000000
болезненно 1,167317 0,000442
болезненное 1,322219 0,000501
болезненный 1,213075 0,000459
болезни 0,565257 0,000214
больше 0,137934 0,000052
большинство 1,264227 0,001437
большую 0,866287 0,000328
борисовичем 1,565257 0,000593
бородкой 1,389166 0,000526
бороду 1,322219 0,000501
босоногих 2,167317 0,000821
братья 0,176091 0,000334
брил 1,866287 0,000707
бросился 0,451314 0,000171
будет 0,077412 0,000029
будто 0,099131 0,000038
буду 0,208276 0,000237
будут 0,565257 0,000214
буквально 0,805589 0,000305
бывший 0,845098 0,000320
была 0,046743 0,000071
были 0,099131 0,000563
было 0,000000 0,000000
быть 0,002964 0,000009
ввели 1,690196 0,000640
ввести 1,322219 0,000501
ввиду 1,088136 0,000412
вдаваться 2,167317 0,000821
вдруг 0,005949 0,000005
велел 0,752344 0,000285
велено 1,468347 0,000556
веселы 1,866287 0,000707
весь 0,099131 0,000188
весьма 0,243038 0,000092
вещественными 1,690196 0,000640
взгляд 0,396465 0,000150
взглядов 1,167317 0,000442
видали 1,264227 0,000479
виде 0,434924 0,000165
видел 0,248239 0,000188
видимо 0,328468 0,000124
виднелись 1,468347 0,000556
видом 0,389166 0,000147
вижу 0,286504 0,000217
визитов 2,167317 0,000821
визиты 0,000000 0,000000
виновен 0,912045 0,000691
виновным 1,322219 0,001503
влюбиться 1,468347 0,000556
внезапная 1,264227 0,000479
внезапно 0,623249 0,000236
внезапном 1,690196 0,000640
внезапною 1,468347 0,000556
вникнуть 1,690196 0,000640
вновь 0,720159 0,000273
внушительно 0,963197 0,000365
внушительное 2,167317 0,000821
вовсе 0,150284 0,000057
возвышении 2,167317 0,000821
возможности 0,690196 0,000261
вознаграждения 0,000000 0,000000
возрастания 2,167317 0,000821
войдем 1,690196 0,000640
волнением 1,088136 0,000412
волновал 2,167317 0,000821
волосами 1,125925 0,000853
вообще 0,459747 0,000348
вопроса 0,704919 0,000267
вопросы 0,599116 0,000227
воскликнул 0,309985 0,000235
восклицали 1,866287 0,000707
восклицания 1,167317 0,000442
воскрес 1,468347 0,000556
воскресить 1,468347 0,000556
восприимчив 1,866287 0,000707
вперед 0,426955 0,000162
впечатление 0,544068 0,000618
впечатлением 1,213075 0,000459
вполголоса 0,888564 0,000337
вполне 0,316059 0,000120
впоследствии 0,662167 0,000251
впрочем 0,118099 0,000224
впустили 1,565257 0,000593
врага 1,389166 0,000526
враги 1,213075 0,000459
времени 0,269690 0,000102
временно 1,690196 0,000640
время 0,043466 0,000033
всегда 0,129891 0,000049
всего 0,040213 0,000046
всей 0,248239 0,000094
всем 0,070407 0,000027
всеми 0,434924 0,000165
всероссийскую 2,167317 0,000821
всех 0,060107 0,000159
встал 0,403889 0,000153
встречи 1,053374 0,000798
встряхнул 2,167317 0,000821
второстепенное 2,167317 0,000821
выгадать 2,167317 0,000821
вызвало 1,690196 0,000640
вызванных 2,167317 0,000821
вызывать 1,690196 0,000640
вымолены 2,167317 0,000821
вынесены 2,167317 0,000821
выплаты 0,000000 0,000000
выпрошены 2,167317 0,000821
выпукло 2,167317 0,000821
выразился 0,752344 0,000285
вырастает 2,167317 0,000821
высокая 1,389166 0,000526
выходка 1,468347 0,001112
выше 0,720159 0,000273
галстуке 1,866287 0,000707
геморроидальным 2,167317 0,000821
гетеры 1,866287 0,000707
главная 1,213075 0,000459
главнейшее 1,866287 0,000707
главнейшие 1,690196 0,000640
главное 0,189594 0,000215
глаза 0,129891 0,000049
глубь 2,167317 0,000821
говорил 0,095435 0,000036
говорили 0,374926 0,000284
говорить 0,162996 0,000062
головой 0,533849 0,000404
голосом 0,396465 0,000150
гораздо 0,443041 0,000336
гордой 1,389166 0,000526
гордости 0,805589 0,000305
города 0,704919 0,000534
городе 0,565257 0,000642
городов 2,167317 0,000821
горяч 2,167317 0,000821
горячо 0,544068 0,000412
госпожа 0,963197 0,000365
гости 0,769377 0,000291
грозящее 2,167317 0,000821
громкие 1,866287 0,000707
громко 0,504560 0,000382
грушенька 0,675956 0,000256
грушеньки 0,787106 0,000596
грязнее 2,167317 0,000821
губами 1,088136 0,000412
губернского 1,565257 0,000593
гуманный 2,167317 0,000821
густо 1,690196 0,000640
давно 0,158717 0,000060
давших 1,866287 0,000707
даже 0,005949 0,000047
далее 0,648803 0,000246
далеко 0,599116 0,000454
дальше 0,002964 0,000002
дамам 1,565257 0,000593
дамскому 2,167317 0,000821
дамы 0,648803 0,001229
данные 0,000000 0,000000
двенадцатая 0,936868 0,000710
двенадцати 1,125925 0,000426
двое 0,963197 0,000365
двух 0,264227 0,000100
дебоширстве 1,866287 0,000707
девушки 0,963197 0,000365
действительно 0,106619 0,000040
дела 0,309985 0,000470
деле 0,162996 0,000123
дело 0,063514 0,000217
делом 0,845098 0,000640
делу 0,468347 0,000177
день 0,162996 0,000247
десять 0,374926 0,000284
детей 0,576253 0,000218
длинный 1,088136 0,000824
длинными 1,213075 0,001378
дмитрием 1,021189 0,000387
дмитрий 0,468347 0,000177
довольно 0,129891 0,000246
доказательствами 1,565257 0,000593
должно 0,286504 0,000217
донесли 2,167317 0,000821
допускалось 2,167317 0,000821
допущены 2,167317 0,000821
дорога 1,053374 0,000399
достоевский 0,000000 0,000000
достояние 0,000000 0,000000
досуг 2,167317 0,000821
дрожа 1,021189 0,000387
другие 0,389166 0,000147
других 0,459747 0,000348
другого 0,396465 0,000150
другое 0,309985 0,000117
другой 0,146128 0,000111
другою 1,021189 0,000387
думали 0,936868 0,000355
думаю 0,328468 0,000124
духом 0,866287 0,000656
душу 0,451314 0,000171
единой 1,468347 0,000556
если 0,011981 0,000023
естественно 0,888564 0,000337
есть 0,018098 0,000027
жадное 2,167317 0,000821
жалованье 1,264227 0,000479
жгучей 2,167317 0,000821
желало 2,167317 0,000821
женских 1,389166 0,000526
женщины 0,576253 0,000218
жизни 0,222835 0,000084
жизнь 0,162996 0,000062
заботился 1,322219 0,000501
забыл 0,328468 0,000124
забыло 1,866287 0,000707
зависела 1,866287 0,000707
загородка 2,167317 0,000821
загородки 2,167317 0,000821
задолго 1,468347 0,001112
заинтересовало 1,389166 0,000526
зайти 0,936868 0,000355
заказал 1,468347 0,000556
заключалась 1,389166 0,000526
зала 1,125925 0,000853
зале 0,936868 0,001774
залу 0,735954 0,000836
залы 1,213075 0,001838
заметить 0,635838 0,000241
занимало 1,690196 0,000640
заняты 1,468347 0,000556
занятых 2,167317 0,000821
запачканным 2,167317 0,000821
запомнил 1,053374 0,000798
заряженный 1,690196 0,000640
заседание 1,565257 0,000593
заседателей 2,167317 0,001642
заседатели 1,213075 0,000459
заскорузлый 2,167317 0,000821
заслужил 1,213075 0,000459
затем 0,237898 0,000360
затихло 1,264227 0,000479
зашла 1,468347 0,000556
защитник 1,125925 0,000853
защитника 1,125925 0,000426
защитником 1,690196 0,000640
защитнику 1,389166 0,000526
защиты 1,322219 0,000501
защищать 1,053374 0,000399
звании 1,866287 0,000707
звучная 2,167317 0,000821
звучно 2,167317 0,000821
зеленым 1,866287 0,000707
землей 1,264227 0,000479
злобные 1,690196 0,000640
знали 0,426955 0,000809
знаменитого 1,264227 0,000479
знаменитый 1,389166 0,000526
знаменитыми 2,167317 0,000821
знатных 1,866287 0,001414
знаю 0,095435 0,000072
знающий 1,565257 0,000593
ивановна 0,486076 0,000368
ивановны 0,554533 0,000210
иголочки 2,167317 0,000821
идей 1,213075 0,000459
известен 1,053374 0,000399
известие 0,662167 0,000251
известнее 1,866287 0,000707
известно 0,334808 0,000127
известность 1,866287 0,000707
извиняться 1,866287 0,000707
излагались 2,167317 0,000821
изредка 0,888564 0,000337
имевшие 2,167317 0,000821
имел 0,347773 0,000263
имела 0,936868 0,000355
имели 1,088136 0,000412
имелось 2,167317 0,000821
имени 0,912045 0,000345
именно 0,066947 0,000101
иное 1,053374 0,000399
интересовала 2,167317 0,000821
иные 0,599116 0,000227
ипполит 0,675956 0,000256
использоваться 0,000000 0,000000
исступленные 1,690196 0,000640
исступленным 1,690196 0,000640
истерическое 1,866287 0,000707
источник 0,000000 0,000000
исходом 1,565257 0,000593
каждого 0,888564 0,000337
кажется 0,118099 0,000089
каким 0,194189 0,000147
какого 0,347773 0,000132
какое 0,227798 0,000086
какой 0,095435 0,000072
какую 0,419129 0,000159
карамазов 0,587534 0,000223
карамазова 0,912045 0,000345
карамазовы 0,180546 0,000274
карамазовым 1,125925 0,000426
карамазовых 1,264227 0,000958
кармана 0,720159 0,000273
картишками 2,167317 0,000821
кары 1,866287 0,000707
карьере 1,866287 0,000707
карьеры 1,167317 0,000442
катерина 0,735954 0,000558
катерины 0,752344 0,000285
каторгу 0,991226 0,000375
качеством 1,389166 0,000526
кивая 1,565257 0,000593
кириллович 1,088136 0,000412
клал 2,167317 0,000821
классификация 2,167317 0,000821
книга 0,176091 0,000200
книги 0,000000 0,000000
когда 0,015029 0,000011
коим 2,167317 0,000821
комаров 0,000000 0,000000
конверт 1,213075 0,000459
конечно 0,060107 0,000068
конце 0,611015 0,000231
концентрично 2,167317 0,000821
коренастый 2,167317 0,000821
коротенький 1,690196 0,000640
короткими 2,167317 0,000821
коротко 1,468347 0,000556
косточка 2,167317 0,000821
которого 0,198834 0,000151
котором 0,347773 0,000132
которою 0,805589 0,000305
которую 0,292256 0,000221
которые 0,189594 0,000144
который 0,110412 0,000042
которым 0,389166 0,000295
которых 0,426955 0,000323
крайней 0,298086 0,000113
красной 1,565257 0,001186
кратким 2,167317 0,000821
краток 1,690196 0,000640
кресел 1,088136 0,001237
крестьян 1,565257 0,001186
крестьяне 2,167317 0,000821
кривившимися 1,866287 0,000707
кровавых 1,866287 0,000707
крови 0,662167 0,000502
кровью 0,845098 0,000320
кроме 0,158717 0,000060
купца 1,053374 0,000798
куче 2,167317 0,000821
кучей 2,167317 0,000821
лайковых 2,167317 0,000821
лежали 1,021189 0,000387
лени 1,866287 0,000707
ленте 1,866287 0,001414
ленточка 1,866287 0,000707
либо 0,000000 0,000000
литература 0,000000 0,000000
лица 0,322219 0,000244
лицах 1,389166 0,000526
лицо 0,114239 0,000043
лицом 0,000000 0,000000
лично 0,720159 0,000546
личному 1,690196 0,000640
личностям 2,167317 0,000821
лишь 0,185046 0,000561
лучшая 1,866287 0,000707
лучше 0,162996 0,000062
любопытство 0,866287 0,000328
любопытством 0,459747 0,000174
любым 0,000000 0,000000
люди 0,269690 0,000102
максимов 1,125925 0,000426
малоизвестные 2,167317 0,000821
малочиновные 2,167317 0,000821
медаль 2,167317 0,000821
медный 1,167317 0,000442
мелкие 1,565257 0,000593
мелком 2,167317 0,000821
менее 0,635838 0,000723
меньшим 2,167317 0,000821
меня 0,027438 0,000073
мере 0,269690 0,000204
мерка 2,167317 0,000821
меры 1,021189 0,000387
места 0,389166 0,000884
месте 0,286504 0,000109
место 0,334808 0,000507
месяца 0,477121 0,000181
мечтал 1,125925 0,000426
мечтали 1,866287 0,000707
мещан 1,690196 0,001280
мещане 2,167317 0,000821
мещанку 2,167317 0,000821
мире 0,704919 0,000267
мирового 1,690196 0,000640
мите 0,735954 0,000279
митей 1,053374 0,000399
мити 0,611015 0,001389
митю 0,623249 0,000472
митя 0,587534 0,001113
миусов 1,088136 0,000412
мнении 1,565257 0,000593
многие 0,468347 0,000710
многим 0,912045 0,000345
многих 0,704919 0,000534
много 0,080958 0,000245
многого 0,991226 0,000375
множестве 1,690196 0,000640
мною 0,635838 0,000241
могла 0,286504 0,000109
могли 0,374926 0,000284
могу 0,171682 0,000130
могут 0,495219 0,000188
моего 0,367977 0,000139
моему 0,354404 0,000134
может 0,000000 0,000000
можно 0,088136 0,000134
мокром 0,963197 0,000365
мокрый 2,167317 0,000821
молчаливы 2,167317 0,000821
момента 0,000000 0,000000
москве 0,690196 0,000261
москвы 0,888564 0,000337
мужик 0,888564 0,000337
мужикам 1,565257 0,000593
мужской 1,565257 0,000593
мужчин 1,389166 0,001052
мужья 1,468347 0,000556
муху 1,690196 0,000640
мучительным 2,167317 0,000821
мысль 0,264227 0,000100
набита 2,167317 0,000821
наблюдениям 1,866287 0,000707
набравшаяся 2,167317 0,000821
навеки 0,648803 0,000246
надлежаще 2,167317 0,000821
надлежащей 2,167317 0,000821
надлежащем 1,866287 0,000707
надо 0,036984 0,000014
надолго 1,167317 0,000442
надписью 1,565257 0,000593
назад 0,000000 0,000000
название 0,000000 0,000000
назидательным 2,167317 0,000821
найти 0,000000 0,000000
наконец 0,073896 0,000084
налево 0,824895 0,000312
намерена 1,125925 0,000426
написано 0,000000 0,000000
направо 0,787106 0,000298
например 0,298086 0,000113
напротив 0,180546 0,000068
нарочно 0,227798 0,000086
нарядах 2,167317 0,000821
наскоро 0,888564 0,000337
насмешкой 1,264227 0,000479
настойчивостью 1,389166 0,000526
настоящее 0,963197 0,000365
настроен 1,866287 0,000707
насчет 0,354404 0,000134
наука 0,000000 0,000000
нахмуренные 2,167317 0,000821
нахмурены 2,167317 0,000821
начал 0,137934 0,000052
начала 0,381987 0,000145
начале 0,787106 0,000298
начался 1,088136 0,000412
начинались 1,866287 0,000707
начиная 0,991226 0,000375
начнется 1,322219 0,000501
нашего 0,396465 0,000601
нашем 0,662167 0,001505
наши 0,544068 0,000412
нашим 0,936868 0,000355
наших 0,690196 0,000784
небольшие 1,565257 0,000593
невыразительные 2,167317 0,000821
него 0,000000 0,000000
недостанет 1,866287 0,000707
некотором 1,021189 0,000774
некоторую 1,264227 0,000479
некоторые 0,533849 0,000202
некоторым 0,690196 0,000261
некоторых 0,824895 0,000312
некрасивую 2,167317 0,000821
нельзя 0,176091 0,000067
немецки 1,565257 0,000593
немецком 2,167317 0,000821
нему 0,080958 0,000092
необходимейшие 1,866287 0,000707
необходимо 0,963197 0,000365
необыкновенного 1,264227 0,000479
необыкновенные 1,866287 0,000707
неожиданно 0,523865 0,000198
неожиданным 0,963197 0,000365
неподвижности 1,690196 0,000640
неподвижны 1,866287 0,000707
непригляднее 2,167317 0,000821
неприятное 1,167317 0,000442
нерасположенными 2,167317 0,000821
несколько 0,102859 0,000273
несмотря 0,275223 0,000104
несчастного 0,824895 0,000312
нетерпения 1,264227 0,000479
неужели 0,389166 0,000147
неумолимым 2,167317 0,000821
нечего 0,381987 0,000145
нибудь 0,030597 0,000035
ниже 0,912045 0,000345
никогда 0,088136 0,000067
никому 0,504560 0,000191
никуда 0,936868 0,000355
новешеньких 2,167317 0,000821
новом 1,213075 0,000459
ногами 0,912045 0,000345
носа 1,690196 0,000640
ночь 0,248239 0,000094
нравственная 2,167317 0,000821
обвенчаться 1,690196 0,000640
обвинительный 2,167317 0,000821
обвязан 1,690196 0,000640
обиженным 1,213075 0,000459
образованный 1,322219 0,000501
обратился 0,443041 0,000336
обритым 2,167317 0,000821
обстоятелен 2,167317 0,000821
обстриженными 2,167317 0,000821
обширная 2,167317 0,000821
общем 1,264227 0,000479
общества 0,787106 0,000298
обществе 0,675956 0,000768
общественное 0,000000 0,000000
объявил 0,599116 0,000227
объявлялся 2,167317 0,000821
обыкновенную 1,389166 0,000526
огласку 1,866287 0,000707
ограблении 2,167317 0,000821
огромнейшее 1,866287 0,000707
одет 1,021189 0,000387
один 0,046743 0,000053
одна 0,185046 0,000210
однако 0,102859 0,000039
одних 0,888564 0,000337
одного 0,150284 0,000171
одной 0,243038 0,000092
одному 0,334808 0,000127
одну 0,232819 0,000088
ожидали 1,021189 0,000774
озлобленными 1,866287 0,000707
оказалось 0,486076 0,000921
окровавленный 1,866287 0,000707
окружного 1,866287 0,000707
окрыляется 2,167317 0,000821
опасности 1,264227 0,000479
опасностью 1,866287 0,000707
опасные 1,468347 0,000556
описанных 2,167317 0,000821
оправдалось 1,690196 0,000640
оправдание 1,213075 0,000459
опрос 1,866287 0,000707
опубликовано 0,000000 0,000000
опять 0,027438 0,000021
ордена 1,866287 0,000707
освещенная 2,167317 0,000821
оскорбить 1,322219 0,000501
основ 1,565257 0,000593
особами 2,167317 0,000821
особая 1,389166 0,000526
особенно 0,129891 0,000492
особенностей 2,167317 0,000821
оставлены 1,690196 0,000640
остальные 0,704919 0,000267
отведено 2,167317 0,000821
отведены 2,167317 0,000821
ответил 0,237898 0,000090
отвечать 0,824895 0,000312
отвлеченно 1,866287 0,000707
отдано 1,866287 0,000707
отец 0,316059 0,000120
открылось 1,565257 0,000593
отметить 1,389166 0,000526
относился 1,468347 0,000556
отобранный 2,167317 0,000821
отовсюду 2,167317 0,000821
отрывисто 1,389166 0,000526
отставного 1,389166 0,000526
оттого 0,675956 0,000256
отца 0,222835 0,000084
отчетливо 1,690196 0,000640
оформление 0,000000 0,000000
оценены 2,167317 0,000821
очень 0,024303 0,000028
ошибались 2,167317 0,000821
ошибка 1,021189 0,000774
павловича 0,451314 0,000513
падают 1,690196 0,000640
пальцами 0,866287 0,000328
памятными 2,167317 0,000821
париже 1,322219 0,000501
пашут 2,167317 0,000821
первый 0,248239 0,000188
первых 0,367977 0,000279
передам 1,565257 0,000593
передать 0,690196 0,000261
передовым 2,167317 0,000821
перешло 0,000000 0,000000
перхотина 1,213075 0,000459
перчатках 1,565257 0,000593
пестик 1,167317 0,000442
петербурга 0,866287 0,000984
пистолет 1,053374 0,000399
платок 0,787106 0,000596
платье 0,704919 0,000267
плечом 1,565257 0,000593
плечу 1,565257 0,000593
плотный 1,565257 0,000593
повсеместно 1,088136 0,001237
повторил 0,752344 0,000285
повторится 1,690196 0,000640
погубительницу 2,167317 0,000821
подавленный 1,866287 0,000707
подборка 0,000000 0,000000
подлец 0,662167 0,000251
подобная 1,565257 0,000593
подсекла 2,167317 0,000821
подсудимого 0,991226 0,001877
подсудимому 1,167317 0,000442
подсудимый 1,088136 0,000412
пожелтевший 2,167317 0,000821
позволили 1,322219 0,000501
поймет 1,167317 0,000442
поймут 1,322219 0,000501
показался 1,125925 0,000426
показание 0,912045 0,000691
показать 0,720159 0,000273
покорителе 2,167317 0,000821
полиции 1,565257 0,000593
полноте 0,866287 0,000328
половины 0,936868 0,000355
положительно 0,805589 0,000610
получило 1,565257 0,000593
пользу 0,824895 0,000312
поместить 1,866287 0,000707
помещавшихся 2,167317 0,000821
помещался 1,690196 0,000640
помещения 1,690196 0,000640
помещик 1,053374 0,000399
помню 0,486076 0,001105
помоложе 2,167317 0,000821
попавшие 2,167317 0,000821
поприща 1,690196 0,000640
поприще 1,866287 0,000707
поражало 1,264227 0,000479
поразило 0,720159 0,000546
порознь 1,565257 0,000593
портному 2,167317 0,000821
порядке 0,936868 0,000355
посетителей 0,000000 0,000000
посетители 0,000000 0,000000
посетуют 2,167317 0,000821
после 0,084532 0,000128
послужил 1,468347 0,000556
посмертно 0,000000 0,000000
посмотрел 0,459747 0,000174
поссорились 1,389166 0,000526
поставить 1,053374 0,000399
поставленные 1,690196 0,000640
постичь 1,866287 0,000707
посторонние 1,565257 0,000593
постоянно 0,824895 0,000312
потом 0,084532 0,000096
потому 0,024303 0,000055
потребуется 1,690196 0,000640
потрясло 1,389166 0,000526
похудевшим 2,167317 0,000821
почему 0,099131 0,000113
почетного 1,690196 0,000640
почетных 2,167317 0,000821
почли 2,167317 0,000821
почти 0,024303 0,000092
появилась 1,322219 0,000501
появился 1,021189 0,001547
появления 1,125925 0,000853
правда 0,162996 0,000062
правительство 2,167317 0,000821
практически 1,565257 0,000593
пребольшая 2,167317 0,000821
пребывания 1,468347 0,000556
пред 0,033778 0,000077
предать 2,167317 0,000821
предварительном 1,690196 0,000640
предметы 1,468347 0,000556
предполагаемое 2,167317 0,000821
предполагали 1,866287 0,000707
предположить 1,053374 0,000399
председателе 2,167317 0,000821
председателем 1,468347 0,000556
председатель 1,167317 0,003095
председателя 1,389166 0,001579
представление 1,690196 0,000640
представлено 2,167317 0,000821
представляли 1,690196 0,000640
прежде 0,077412 0,000088
прежнему 0,587534 0,000223
преступление 0,845098 0,000320
преступника 1,021189 0,000387
преступнику 1,389166 0,000526
привлечен 1,866287 0,000707
приготовлен 1,322219 0,000501
приготовлены 1,866287 0,000707
приезд 1,322219 0,000501
приезжих 1,690196 0,001280
приехали 0,963197 0,000365
приехало 2,167317 0,000821
прижизненно 0,000000 0,000000
признаете 1,866287 0,000707
признаю 1,389166 0,000526
принять 0,523865 0,000397
припоминать 1,690196 0,000640
припомнить 0,963197 0,000365
приставу 1,866287 0,001414
приступить 1,866287 0,000707
присяги 1,690196 0,001280
присяжные 1,125925 0,000426
присяжных 1,565257 0,002965
притом 0,769377 0,000291
причем 0,912045 0,000345
причесанными 2,167317 0,000821
причины 0,752344 0,000285
приятным 1,468347 0,000556
провинции 1,565257 0,000593
программирование 0,000000 0,000000
продолговатого 2,167317 0,000821
продолжать 0,690196 0,000261
продукт 1,866287 0,000707
прозябавшие 2,167317 0,000821
произведение 0,000000 0,000000
произведений 0,000000 0,000000
произведения 0,000000 0,000000
произвел 1,088136 0,000824
производили 1,690196 0,000640
произошло 0,495219 0,000563
прокричав 1,690196 0,000640
прокурор 0,888564 0,002356
прокуроре 2,167317 0,000821
прокурором 1,322219 0,000501
пронесся 1,690196 0,000640
пропустил 1,690196 0,000640
проседью 1,389166 0,000526
просить 0,504560 0,000191
простояла 1,690196 0,000640
против 0,389166 0,000295
противоположность 1,322219 0,000501
проч 0,662167 0,000752
прочел 0,752344 0,000285
прочие 1,322219 0,000501
прочитавшие 2,167317 0,000821
прочитан 1,690196 0,001280
прочтении 2,167317 0,000821
прошел 0,662167 0,000251
прошло 0,000000 0,000000
прямо 0,118099 0,000045
психологии 1,322219 0,000501
психологическое 1,690196 0,000640
птичье 2,167317 0,000821
публикации 0,000000 0,000000
публике 0,936868 0,000355
публики 1,213075 0,001378
пугал 1,322219 0,000501
пусть 0,253503 0,000096
пьянстве 2,167317 0,000821
пятидесяти 0,936868 0,000355
пятнах 1,866287 0,000707
равно 0,303994 0,000115
разве 0,146128 0,000055
развлекавшие 2,167317 0,000821
разврате 1,690196 0,000640
разделяла 2,167317 0,000821
раздражительной 1,866287 0,000707
разность 2,167317 0,000821
разными 1,322219 0,000501
разом 0,389166 0,000147
разрешения 0,000000 0,000000
разряженные 2,167317 0,000821
разумеется 0,328468 0,000249
разъяснить 0,936868 0,000355
раскаиваясь 1,690196 0,000640
рассадили 2,167317 0,000821
рассказывались 2,167317 0,000821
рассказывалось 1,866287 0,001414
расслышал 1,322219 0,000501
рассматривающемуся 2,167317 0,000821
рассмотрел 1,264227 0,000479
расстоянии 1,565257 0,000593
расхватаны 2,167317 0,000821
редкости 2,167317 0,000821
резкие 1,866287 0,000707
резко 0,648803 0,000492
рекомендовал 2,167317 0,000821
решение 0,735954 0,000279
решения 0,991226 0,000375
решительно 0,341243 0,000129
розданы 2,167317 0,000821
розовая 1,866287 0,000707
роковое 1,213075 0,000459
роковой 1,167317 0,000884
роковым 1,866287 0,000707
россии 0,623249 0,000236
россию 0,866287 0,000328
роста 0,936868 0,000355
рубашка 1,389166 0,000526
рудниках 1,866287 0,000707
рукавом 2,167317 0,000821
русская 0,000000 0,000000
русского 0,936868 0,000355
русскую 1,213075 0,000459
ряда 1,565257 0,000593
сайте 0,000000 0,000000
сами 0,142011 0,000108
самое 0,167317 0,000063
самолюбив 1,866287 0,000707
самолюбивый 1,690196 0,000640
самолюбие 1,167317 0,000442
самом 0,114239 0,000087
самоубийства 1,690196 0,001280
самую 0,459747 0,000174
самые 0,381987 0,000145
самый 0,198834 0,000075
самым 0,280827 0,000106
самых 0,468347 0,000355
светом 1,322219 0,000501
свидетелей 0,912045 0,001727
свидетели 0,991226 0,000375
свидетельство 1,690196 0,000640
свидетельству 1,389166 0,000526
свободно 0,000000 0,000000
свое 0,150284 0,000171
своего 0,091770 0,000070
своей 0,066947 0,000025
своем 0,198834 0,000075
своим 0,208276 0,000079
своими 0,495219 0,000375
своих 0,237898 0,000090
свой 0,189594 0,000144
свою 0,073896 0,000056
связи 1,167317 0,000442
связях 1,468347 0,000556
священника 1,468347 0,000556
сгорали 2,167317 0,000821
сделал 0,381987 0,000145
сделала 0,963197 0,000365
сделаю 0,845098 0,000320
себе 0,033778 0,000051
себя 0,005949 0,000016
сегодня 0,000000 0,000000
седенькою 2,167317 0,000821
седые 1,690196 0,000640
сейчас 0,070407 0,000053
секретарем 1,690196 0,000640
секретарь 1,690196 0,000640
секунду 0,824895 0,000312
семейных 1,690196 0,000640
семидесяти 0,000000 0,000000
сердец 1,468347 0,000556
серьезнее 1,690196 0,000640
серьезных 1,690196 0,000640
сзади 0,824895 0,000625
силах 0,623249 0,000236
сильное 0,991226 0,000751
скажу 0,275223 0,000209
сказал 0,099131 0,000038
сказано 0,662167 0,000251
сказать 0,073896 0,000084
скотопригоньевские 2,167317 0,000821
скромно 1,053374 0,000399
скромного 1,565257 0,000593
следовало 0,805589 0,000305
следствии 1,468347 0,000556
следствию 1,322219 0,001002
следует 0,936868 0,000355
слишком 0,133894 0,000101
словом 0,367977 0,000279
сложное 2,167317 0,000821
слушанию 2,167317 0,000821
смердяков 0,587534 0,000223
смердякове 1,088136 0,000824
смерти 0,468347 0,000177
смерть 0,805589 0,000305
смертью 1,264227 0,000479
смеялись 0,752344 0,000570
смотрел 0,298086 0,000113
смотря 0,322219 0,000122
смысле 0,752344 0,000285
снова 0,565257 0,000214
собаке 1,322219 0,000501
собачья 2,167317 0,000821
собой 0,253503 0,000096
собою 0,347773 0,000132
собравшегося 2,167317 0,000821
собрание 0,000000 0,000000
собственно 0,565257 0,000428
событий 1,389166 0,000526
совершено 1,565257 0,000593
советника 1,866287 0,000707
современно 2,167317 0,000821
современных 1,322219 0,000501
совсем 0,021189 0,000072
согласия 0,000000 0,000000
сомкнувшеюся 2,167317 0,000821
соперниц 2,167317 0,000821
соперницы 1,690196 0,001280
сопровождать 1,167317 0,000442
сорвалось 1,389166 0,000526
сорок 0,845098 0,000320
состав 1,690196 0,001280
составе 1,866287 0,000707
составилось 1,565257 0,000593
состояла 1,053374 0,000399
состояние 0,805589 0,000305
сохранилась 1,690196 0,000640
социальных 1,690196 0,000640
сочинений 0,000000 0,000000
список 1,866287 0,001414
справедливы 1,866287 0,000707
спрашивали 0,963197 0,000365
спросил 0,222835 0,000084
средине 1,690196 0,000640
среднего 1,264227 0,000479
ссор 1,866287 0,000707
стали 0,322219 0,000122
становились 1,468347 0,000556
старика 0,587534 0,000223
старинные 2,167317 0,000821
старых 1,322219 0,000501
стать 0,845098 0,000320
степени 0,389166 0,000295
степенный 2,167317 0,000821
стол 0,486076 0,000368
стола 0,675956 0,000256
сторона 1,565257 0,000593
стороной 2,167317 0,000821
стоял 0,309985 0,000117
стояли 0,690196 0,000261
стояло 1,213075 0,000459
стоять 1,167317 0,000442
странно 0,354404 0,000268
страсть 1,213075 0,000459
страстью 1,389166 0,000526
строги 1,866287 0,000707
строгие 1,690196 0,001280
стулья 1,565257 0,000593
суда 0,787106 0,003280
суде 0,888564 0,001346
судебная 1,866287 0,001414
судебному 1,468347 0,002225
судом 1,213075 0,000459
суду 1,167317 0,000442
судьба 0,866287 0,000656
судьбе 0,936868 0,000355
судьи 1,322219 0,000501
суждения 1,866287 0,000707
сумел 0,936868 0,000355
сунул 1,167317 0,000442
супругами 1,866287 0,000707
сухой 1,468347 0,000556
счастливыми 1,690196 0,000640
считавший 2,167317 0,000821
считаю 0,845098 0,000320
съехавшихся 2,167317 0,001642
съехались 1,866287 0,000707
сына 0,576253 0,000218
сюртук 1,264227 0,000958
сюртуке 1,167317 0,000442
также 0,000000 0,000000
таки 0,066947 0,000076
такие 0,232819 0,000088
таких 0,243038 0,000092
таковые 1,565257 0,000593
такое 0,114239 0,000043
такой 0,077412 0,000147
таком 0,309985 0,000117
такую 0,334808 0,000127
талант 1,322219 0,000501
таланты 1,690196 0,000640
текст 0,000000 0,000000
темными 1,389166 0,000526
теперь 0,015029 0,000006
титулярного 2,167317 0,000821
тихонько 0,991226 0,000375
тогда 0,050046 0,000038
того 0,005949 0,000002
тоже 0,043466 0,000033
толков 2,167317 0,000821
толпа 0,991226 0,000375
только 0,002964 0,000012
томах 0,000000 0,000000
тоненькая 1,565257 0,000593
тонкая 1,565257 0,000593
тонкими 1,690196 0,001921
тонкого 1,389166 0,000526
тонкое 1,468347 0,000556
тотчас 0,046743 0,000018
трагедии 1,565257 0,000593
трагедия 1,213075 0,000459
трепета 2,167317 0,000821
трепетал 1,213075 0,000459
третье 1,125925 0,000426
третьего 0,662167 0,000251
трифоном 1,389166 0,000526
тысячи 0,426955 0,000162
убийстве 1,213075 0,000459
убийство 0,936868 0,000355
увели 1,565257 0,000593
увещанием 2,167317 0,000821
увещания 2,167317 0,000821
увидел 0,648803 0,000246
увядшее 2,167317 0,000821
уголовные 2,167317 0,000821
угрозой 2,167317 0,000821
удивило 1,264227 0,000958
удивительные 2,167317 0,000821
удивлением 0,523865 0,000397
удивлялись 1,690196 0,000640
ужасное 1,167317 0,000442
ужасным 1,213075 0,000459
узнал 0,381987 0,000145
улыбкой 0,468347 0,000177
умел 0,866287 0,000656
умершим 0,000000 0,000000
умею 0,912045 0,000345
упоминалось 1,565257 0,000593
упомнить 1,866287 0,000707
упомню 1,866287 0,000707
упомяну 2,167317 0,000821
упустить 1,468347 0,000556
услышать 1,053374 0,000399
устроена 1,690196 0,000640
утра 0,576253 0,000218
участвующих 2,167317 0,000821
федор 0,000000 0,000000
федора 0,554533 0,000630
фетюкович 1,167317 0,000884
фетюковича 1,690196 0,000640
фетюковичем 2,167317 0,001642
физиономия 1,565257 0,000593
фраке 1,264227 0,000479
франтом 2,167317 0,000821
халат 1,866287 0,000707
характер 0,635838 0,000482
характеристику 1,866287 0,000707
характернейших 2,167317 0,000821
характеров 1,866287 0,000707
характеру 1,389166 0,000526
ходило 1,565257 0,000593
хорах 1,866287 0,000707
хотел 0,158717 0,000060
хоть 0,060107 0,000046
хохлакова 1,125925 0,000426
целая 0,845098 0,000320
целые 0,787106 0,000298
целый 0,486076 0,000184
цель 0,769377 0,000291
часа 0,000000 0,000000
часов 0,411442 0,000312
часть 0,002964 0,000002
чего 0,040213 0,000015
человек 0,036984 0,000070
человеком 0,504560 0,000382
черных 1,213075 0,000459
черты 0,963197 0,000365
честным 1,322219 0,000501
четверо 1,213075 0,000919
четвертая 0,426955 0,000323
четко 1,690196 0,000640
четыре 0,477121 0,000361
чиновник 0,963197 0,000365
чиновника 1,021189 0,000774
чиновникам 2,167317 0,000821
число 0,000000 0,000000
читаем 0,000000 0,000000
читалось 1,690196 0,000640
читатели 1,866287 0,000707
читать 0,000000 0,000000
члена 1,866287 0,000707
членов 1,322219 0,000501
чрезвычайно 0,217927 0,000248
чтоб 0,073896 0,000028
чтобы 0,030597 0,000023
чьего 0,000000 0,000000
шагами 0,963197 0,000365
шагов 0,720159 0,000273
шевеление 2,167317 0,000821
шелковый 1,866287 0,000707
шепот 1,690196 0,000640
шесть 0,611015 0,000231
щегольском 2,167317 0,000821
экспертов 1,690196 0,000640
элемент 2,167317 0,000821
элемента 2,167317 0,000821
эпизод 1,167317 0,000442
эпизоде 1,690196 0,000640
эстрадой 2,167317 0,000821
этим 0,189594 0,000287
этих 0,213075 0,000161
этого 0,053374 0,000020
этой 0,118099 0,000089
этом 0,046743 0,000018
этому 0,322219 0,000244
этот 0,011981 0,000018
юридическая 2,167317 0,000821
юридическом 1,690196 0,000640
юристов 2,167317 0,002463
юристы 1,565257 0,000593
явились 1,088136 0,001649
явился 0,623249 0,000472
явление 1,690196 0,000640
являлся 1,213075 0,000459
явятся 2,167317 0,000821
