автор 0,000000 0,000000
автором 0,000000 0,000000
авторского 0,000000 0,000000
авторы 0,000000 0,000000
алексей 0,000000 0,000000
алексея 0,000000 0,000000
алеша 0,381987 0,000181
анекдотик 1,690196 0,000803
арестом 1,690196 0,001606
аффект 1,690196 0,000803
аффекта 2,167317 0,002059
аффекте 1,866287 0,000887
бегал 1,213075 0,000576
бедного 0,845098 0,000401
бедный 0,824895 0,000392
бедных 1,389166 0,000660
белою 1,690196 0,000803
бернар 1,690196 0,000803
бескорыстен 2,167317 0,001030
беспрерывно 0,623249 0,000296
библиотека 0,000000 0,000000
благодарить 1,389166 0,000660
благодарный 2,167317 0,002059
благоприятное 1,690196 0,000803
благословил 1,213075 0,000576
благочестивый 1,690196 0,001606
божий 0,936868 0,000445
более 0,000000 0,000000
болезненном 1,264227 0,000601
болезненным 1,468347 0,000698
больному 1,213075 0,000576
больных 1,322219 0,001256
большой 0,495219 0,000235
бороться 1,322219 0,000628
браво 1,167317 0,000555
брал 1,213075 0,000576
брат 0,303994 0,000144
братья 0,176091 0,000335
брошенным 1,866287 0,000887
будет 0,077412 0,000074
будто 0,099131 0,000047
бывало 0,554533 0,000263
было 0,000000 0,000000
важнейшего 2,167317 0,001030
варвинский 1,389166 0,000660
варвинского 1,866287 0,000887
вдруг 0,005949 0,000023
везде 0,866287 0,000412
вернее 1,053374 0,000500
вертя 2,167317 0,001030
весьма 0,243038 0,000346
взгляд 0,396465 0,000377
вздрогнул 0,565257 0,000269
видал 0,623249 0,000592
видел 0,248239 0,000118
визиты 0,000000 0,000000
влечением 1,690196 0,000803
вовсе 0,150284 0,000143
возбужденном 1,468347 0,000698
вознаграждения 0,000000 0,000000
войдя 0,735954 0,000699
вообще 0,459747 0,000218
вперед 0,426955 0,000203
впереди 0,912045 0,000867
впечатление 0,544068 0,000258
впечатлением 1,213075 0,000576
вполне 0,316059 0,000150
впоследствии 0,662167 0,000315
впрочем 0,118099 0,000224
врач 1,389166 0,003960
врача 1,866287 0,002660
время 0,043466 0,000041
всегда 0,129891 0,000123
всего 0,040213 0,000019
всей 0,248239 0,000118
всем 0,070407 0,000134
всех 0,060107 0,000114
всею 0,888564 0,000422
вспоминает 1,866287 0,000887
вспомнил 0,704919 0,000670
всякий 0,514105 0,000244
входит 1,264227 0,000601
входя 1,088136 0,002068
вывод 1,866287 0,000887
выводил 1,866287 0,000887
вызвавшей 2,167317 0,001030
вызвало 1,690196 0,000803
вызванные 2,167317 0,002059
выиграть 1,389166 0,000660
выплаты 0,000000 0,000000
выразил 1,167317 0,000555
выразительнейшие 2,167317 0,001030
выскакивали 2,167317 0,001030
высшей 0,544068 0,000258
высшие 1,389166 0,000660
выходила 1,389166 0,000660
вышло 0,523865 0,000249
гернгутер 2,167317 0,001030
герценштубе 1,088136 0,004135
главное 0,189594 0,000090
главный 0,963197 0,000458
глаза 0,129891 0,000062
глазами 0,403889 0,000384
глубокое 1,322219 0,000628
гнева 0,912045 0,000433
говорил 0,095435 0,000136
говорилось 1,389166 0,000660
говорит 0,189594 0,000360
говорить 0,162996 0,000155
говорю 0,203530 0,000387
года 0,477121 0,000227
голове 0,554533 0,000263
головой 0,533849 0,000254
голосе 0,963197 0,000458
гораздо 0,443041 0,000210
города 0,704919 0,000335
городе 0,565257 0,000806
гости 0,769377 0,000365
гулять 1,088136 0,001034
давно 0,158717 0,000151
даже 0,005949 0,000031
дальше 0,002964 0,000001
дамы 0,648803 0,000925
данную 1,866287 0,001773
данные 0,000000 0,000000
данным 1,565257 0,000744
дарований 2,167317 0,001030
даром 0,769377 0,000365
дарят 2,167317 0,001030
двадцати 0,675956 0,000321
двадцать 0,411442 0,000195
двенадцатая 0,936868 0,000890
двор 1,053374 0,000500
дворе 0,787106 0,000374
действие 1,167317 0,000555
действительно 0,106619 0,000101
действия 1,866287 0,000887
деле 0,162996 0,000077
дело 0,063514 0,000030
денег 0,309985 0,000147
день 0,162996 0,000077
деньги 0,280827 0,000133
дереве 1,866287 0,000887
держал 0,866287 0,000823
десяток 1,690196 0,000803
дети 0,662167 0,000315
детства 0,912045 0,000433
детстве 1,053374 0,001001
дней 0,514105 0,000244
добр 1,468347 0,000698
добросовестный 2,167317 0,001030
довольно 0,129891 0,000062
доказал 1,264227 0,000601
доктор 0,735954 0,005594
доктора 0,936868 0,000890
докторов 1,690196 0,000803
должен 0,258832 0,000984
дорогу 0,599116 0,000285
достоевский 0,000000 0,000000
достоинством 0,866287 0,000412
достояние 0,000000 0,000000
другие 0,389166 0,000185
другим 0,533849 0,000254
других 0,459747 0,000218
другой 0,146128 0,000069
думать 0,486076 0,000231
душевного 1,389166 0,000660
дядя 1,468347 0,000698
единственно 0,477121 0,000227
если 0,011981 0,000023
есть 0,018098 0,000026
жаль 0,635838 0,000604
жаром 0,587534 0,000279
ждать 0,554533 0,000263
женщин 0,888564 0,000422
жизнь 0,162996 0,000232
забывал 1,125925 0,000535
забыл 0,328468 0,000468
зависит 1,021189 0,000970
задний 1,866287 0,000887
заканчивая 2,167317 0,001030
заключать 1,468347 0,000698
заключения 1,565257 0,000744
заключил 0,523865 0,000498
залу 0,735954 0,001748
замахал 1,264227 0,000601
замечание 1,088136 0,001034
замечательнее 2,167317 0,001030
замечу 1,088136 0,000517
заплакал 0,866287 0,000412
засела 2,167317 0,001030
засмеялся 0,495219 0,000706
заставляет 1,866287 0,000887
затем 0,237898 0,000226
защита 1,690196 0,000803
защитника 1,125925 0,000535
защитником 1,690196 0,000803
защиты 1,322219 0,001884
заявил 0,912045 0,000433
здесь 0,095435 0,000091
здравому 2,167317 0,001030
земле 0,648803 0,000308
знавший 1,565257 0,000744
знал 0,114239 0,000054
знали 0,426955 0,000203
знаменитого 1,264227 0,000601
знаменитый 1,389166 0,001980
знаю 0,095435 0,000091
знающий 1,565257 0,000744
ивановны 0,554533 0,000790
игривости 2,167317 0,001030
игривый 1,866287 0,000887
идеальные 2,167317 0,001030
идеи 0,866287 0,000412
избы 1,264227 0,000601
известно 0,334808 0,000159
издавна 1,866287 0,000887
изъяснялся 1,866287 0,000887
имевший 1,264227 0,000601
имел 0,347773 0,000330
имело 1,389166 0,000660
именно 0,066947 0,000159
имея 0,752344 0,000357
интересных 1,866287 0,000887
иронически 1,565257 0,000744
искал 1,021189 0,000485
использоваться 0,000000 0,000000
исступление 1,264227 0,000601
источник 0,000000 0,000000
кабинете 1,322219 0,000628
каждая 1,213075 0,000576
каждый 0,367977 0,000175
кажется 0,118099 0,000056
какая 0,194189 0,000092
какие 0,232819 0,000111
какого 0,347773 0,000165
какое 0,227798 0,000108
какой 0,095435 0,000091
карамазовы 0,180546 0,000343
карамазовых 1,264227 0,000601
картофельное 2,167317 0,001030
касалось 1,565257 0,000744
катастрофе 1,389166 0,000660
катерины 0,752344 0,001072
качестве 1,088136 0,000517
кинулись 2,167317 0,001030
кладут 1,866287 0,000887
книга 0,176091 0,000167
книги 0,000000 0,000000
когда 0,015029 0,000043
кого 0,222835 0,000106
комаров 0,000000 0,000000
комизм 1,866287 0,000887
комическое 1,866287 0,000887
конец 0,495219 0,000235
конечно 0,060107 0,000114
конуры 2,167317 0,001030
которого 0,198834 0,000283
которой 0,213075 0,000101
котором 0,347773 0,000496
которые 0,189594 0,000270
который 0,110412 0,000105
которых 0,426955 0,000608
крепкого 1,690196 0,000803
крестьян 1,565257 0,000744
крикнул 0,381987 0,000363
кричит 0,805589 0,000383
кроме 0,158717 0,000151
кстати 0,468347 0,000222
куда 0,248239 0,000236
купили 1,690196 0,000803
купить 1,021189 0,000485
легко 0,752344 0,000357
лекарство 1,866287 0,000887
лекарь 1,866287 0,000887
лепетал 1,322219 0,000628
лечение 1,389166 0,000660
лечил 1,866287 0,001773
либо 0,000000 0,000000
литература 0,000000 0,000000
лицом 0,000000 0,000000
лишь 0,185046 0,000088
логике 1,866287 0,000887
лучше 0,162996 0,000232
лучшем 1,565257 0,000744
лучшие 1,322219 0,000628
лучшую 1,866287 0,001773
любил 0,374926 0,000356
любили 0,866287 0,000412
любитель 1,690196 0,000803
любым 0,000000 0,000000
любят 0,752344 0,000357
маленькие 1,021189 0,000485
мальчик 0,495219 0,000235
мальчика 0,648803 0,000616
мальчику 1,125925 0,000535
малюткой 2,167317 0,001030
манер 1,690196 0,000803
манию 1,866287 0,002660
махал 1,468347 0,000698
медицинская 1,468347 0,002093
медленно 0,805589 0,000383
между 0,129891 0,000123
менее 0,635838 0,000302
меня 0,027438 0,000013
места 0,389166 0,000370
место 0,334808 0,000159
мигом 0,504560 0,000240
мимо 0,514105 0,000244
минуту 0,084532 0,000161
мире 0,704919 0,000335
мите 0,735954 0,000699
мити 0,611015 0,000581
митю 0,623249 0,000296
митя 0,587534 0,000558
мнение 0,690196 0,000656
мнению 0,845098 0,000401
мнения 0,936868 0,000445
многих 0,704919 0,000670
много 0,080958 0,000154
мной 0,237898 0,000113
могла 0,286504 0,000272
могло 0,403889 0,000576
могу 0,171682 0,000163
моего 0,367977 0,000175
моем 0,599116 0,000285
может 0,000000 0,000000
молодого 0,752344 0,000357
молодой 0,381987 0,001089
молодость 1,322219 0,000628
момента 0,000000 0,000000
моравский 2,167317 0,001030
москвы 0,888564 0,000422
московский 1,565257 0,002231
наверно 0,264227 0,000126
надежда 1,088136 0,000517
надо 0,036984 0,000070
назад 0,000000 0,000000
название 0,000000 0,000000
называется 1,053374 0,000500
найти 0,000000 0,000000
наконец 0,073896 0,000070
налево 0,824895 0,001176
наоборот 1,690196 0,000803
написано 0,000000 0,000000
направо 0,787106 0,000748
напротив 0,180546 0,000172
нарочно 0,227798 0,000108
настойчиво 0,787106 0,000374
настоянию 1,468347 0,000698
настоятельно 0,991226 0,000471
насчет 0,354404 0,000505
наука 0,000000 0,000000
находился 0,963197 0,000458
находится 1,167317 0,000555
находиться 1,565257 0,000744
начались 1,167317 0,000555
начатую 1,866287 0,000887
нашего 0,396465 0,000188
нашем 0,662167 0,000315
невозможно 0,411442 0,000195
невольно 0,704919 0,000335
него 0,000000 0,000000
некоторое 0,486076 0,000231
некоторому 1,167317 0,000555
некоторые 0,533849 0,000254
некоторым 0,690196 0,000328
немец 1,565257 0,000744
немецки 1,565257 0,000744
немецкий 1,866287 0,000887
немецкое 2,167317 0,001030
нему 0,080958 0,000077
ненормального 2,167317 0,001030
ненормальное 1,866287 0,000887
ненормальность 2,167317 0,002059
необъяснимый 2,167317 0,001030
необыкновенный 1,690196 0,000803
необычайного 1,389166 0,000660
неожиданно 0,523865 0,000498
неожиданное 1,088136 0,000517
неожиданный 1,264227 0,001201
неподвижно 0,936868 0,000445
неподвижный 1,565257 0,000744
непонятное 1,468347 0,000698
нервное 2,167317 0,001030
нервном 1,565257 0,000744
несколько 0,102859 0,000147
несомненном 1,866287 0,000887
нестяжателен 2,167317 0,001030
нетерпении 0,963197 0,000458
неудачах 1,866287 0,000887
нечто 0,389166 0,000185
нибудь 0,030597 0,000029
никак 0,396465 0,000188
никакого 0,403889 0,000192
никогда 0,088136 0,000126
никто 0,185046 0,000264
ничего 0,030597 0,000015
нормальное 1,866287 0,000887
нормальном 2,167317 0,001030
нотка 1,389166 0,000660
нравственным 1,690196 0,000803
обвинения 1,021189 0,000970
обидах 1,866287 0,000887
обидных 2,167317 0,001030
обманутым 2,167317 0,001030
обнял 1,088136 0,000517
обоих 0,635838 0,000302
обрадовались 1,565257 0,000744
образом 0,347773 0,000165
образцовую 2,167317 0,001030
обстоятельствам 1,322219 0,000628
общественное 0,000000 0,000000
объяснить 0,623249 0,000296
обычай 2,167317 0,001030
обычные 1,866287 0,000887
овладевшим 1,866287 0,000887
один 0,046743 0,000222
однако 0,102859 0,000049
одно 0,099131 0,000047
одного 0,150284 0,000071
одной 0,243038 0,000115
оказалось 0,486076 0,000462
окритиковал 2,167317 0,001030
опасные 1,468347 0,000698
опроса 1,866287 0,000887
опубликовано 0,000000 0,000000
опускаю 2,167317 0,001030
опять 0,027438 0,000026
орехи 2,167317 0,002059
орехов 1,565257 0,005949
основании 1,264227 0,000601
особенно 0,129891 0,000062
особенного 0,888564 0,000422
особенный 1,125925 0,000535
оставлял 1,468347 0,000698
остановили 1,565257 0,000744
острить 1,690196 0,000803
остроумие 1,322219 0,000628
отец 0,316059 0,000300
отзывов 2,167317 0,001030
отлично 0,805589 0,000383
отца 0,222835 0,000106
отчасти 0,611015 0,000290
отыщет 2,167317 0,001030
оформление 0,000000 0,000000
охотно 1,322219 0,000628
очевидных 2,167317 0,001030
очень 0,024303 0,000127
очередь 0,805589 0,000383
ошибочно 1,690196 0,000803
палец 0,991226 0,000942
панталончиками 2,167317 0,001030
пачкал 1,866287 0,000887
первым 0,769377 0,000365
передаю 1,468347 0,000698
перешло 0,000000 0,000000
плакал 0,824895 0,000784
плакать 0,866287 0,000412
плачу 1,322219 0,001256
плешивый 2,167317 0,001030
повернулось 1,690196 0,000803
подборка 0,000000 0,000000
поднял 0,504560 0,000479
подобного 1,264227 0,000601
подсказал 1,088136 0,000517
подсудимого 0,991226 0,001413
подсудимому 1,167317 0,000555
подсудимый 1,088136 0,004652
подтвердил 0,690196 0,000656
подхватил 0,533849 0,000254
пожалели 1,565257 0,000744
позволил 1,213075 0,000576
показалось 0,495219 0,000235
показание 0,912045 0,000433
показанием 1,565257 0,000744
показаний 1,213075 0,000576
покупал 1,866287 0,000887
пола 1,322219 0,000628
положении 0,704919 0,000335
положительного 2,167317 0,001030
получить 0,752344 0,000357
пользу 0,824895 0,000784
помешательству 1,565257 0,000744
помнил 0,845098 0,000401
помню 0,486076 0,000231
помогла 2,167317 0,001030
помощи 1,088136 0,000517
попросили 1,264227 0,000601
посетителей 0,000000 0,000000
посетители 0,000000 0,000000
после 0,084532 0,000080
последние 0,533849 0,000254
пословиц 2,167317 0,001030
пословица 1,866287 0,000887
пословицам 2,167317 0,001030
пословицы 1,866287 0,000887
послужил 1,468347 0,000698
послышалась 1,690196 0,000803
посмертно 0,000000 0,000000
посмотреть 0,704919 0,000335
постоянное 1,866287 0,000887
поступков 1,322219 0,000628
потерял 0,866287 0,000412
потерянное 2,167317 0,001030
потом 0,084532 0,000040
потому 0,024303 0,000012
почему 0,099131 0,000094
почти 0,024303 0,000035
пошел 0,275223 0,000131
появились 1,389166 0,000660
пребывания 1,468347 0,000698
пред 0,033778 0,000144
председатель 1,167317 0,000555
представив 1,866287 0,000887
предчувствуя 1,213075 0,000576
прежде 0,077412 0,000147
прежних 0,991226 0,000471
прекрасного 1,213075 0,000576
прекрасный 1,088136 0,000517
преступление 0,845098 0,000401
преступлении 1,264227 0,000601
прибавил 0,275223 0,000131
прибавить 1,088136 0,000517
прибегать 1,690196 0,000803
привязался 1,264227 0,000601
придал 1,690196 0,000803
придет 0,514105 0,000244
приезда 1,167317 0,000555
приезжий 1,690196 0,000803
приехавший 2,167317 0,001030
приехал 0,554533 0,000527
прижизненно 0,000000 0,000000
признаком 1,389166 0,000660
принес 0,805589 0,000765
приносил 1,565257 0,000744
принудить 2,167317 0,001030
припомнил 0,888564 0,000422
присовокупил 1,690196 0,001606
притом 0,769377 0,000365
приходил 0,720159 0,000342
причин 1,264227 0,000601
пришел 0,322219 0,000459
проговорил 0,154480 0,000073
программирование 0,000000 0,000000
прогуливаться 2,167317 0,001030
продолжал 0,292256 0,000278
продолжать 0,690196 0,000328
проиграть 1,565257 0,000744
произведен 1,866287 0,000887
произведение 0,000000 0,000000
произведений 0,000000 0,000000
произведения 0,000000 0,000000
произвел 1,088136 0,000517
производимым 2,167317 0,001030
произошла 0,991226 0,000471
происходить 1,322219 0,000628
прокурор 0,888564 0,000422
прокурором 1,322219 0,000628
проникновенная 2,167317 0,001030
пропавшего 2,167317 0,001030
пророчило 2,167317 0,001030
просто 0,232819 0,000111
простодушия 1,565257 0,000744
против 0,389166 0,000185
проч 0,662167 0,000315
прошло 0,000000 0,000000
прямо 0,118099 0,000337
прямотой 1,866287 0,000887
прямую 1,866287 0,000887
публикации 0,000000 0,000000
публике 0,936868 0,001335
публику 1,213075 0,000576
пуговке 1,866287 0,000887
пункта 1,468347 0,000698
пустил 1,167317 0,001664
пьяного 1,264227 0,000601
пяти 0,662167 0,000315
пять 0,275223 0,000131
радикально 1,690196 0,000803
радостно 0,888564 0,000422
разговора 0,805589 0,000383
разговоре 0,963197 0,000458
раздражение 1,468347 0,000698
раздражения 1,468347 0,000698
разногласию 2,167317 0,002059
разрешения 0,000000 0,000000
рассеянности 1,389166 0,000660
рассчитывал 0,963197 0,000458
растет 1,565257 0,000744
растянуто 1,866287 0,000887
ревности 1,088136 0,000517
резко 0,648803 0,000308
резкостью 1,866287 0,000887
речь 0,704919 0,001005
решается 1,213075 0,000576
решающее 2,167317 0,001030
решительно 0,341243 0,000162
роста 0,936868 0,000445
рублей 0,367977 0,000350
руками 0,280827 0,000133
рукой 0,486076 0,000462
русская 0,000000 0,000000
русски 0,991226 0,000471
русские 1,088136 0,000517
русский 0,752344 0,000357
русским 1,213075 0,000576
русских 1,053374 0,000500
русскую 1,213075 0,000576
сайте 0,000000 0,000000
сама 0,208276 0,000099
самодовольное 2,167317 0,001030
самое 0,167317 0,000159
самой 0,258832 0,000123
самом 0,114239 0,000109
самые 0,381987 0,000181
самым 0,280827 0,000267
самых 0,468347 0,000222
сапожек 1,565257 0,001487
сбить 1,565257 0,000744
сверх 0,752344 0,000357
свидетели 0,991226 0,001413
свидетель 1,167317 0,000555
свидетельства 1,468347 0,000698
свидетельствуют 1,468347 0,000698
свободно 0,000000 0,000000
свое 0,150284 0,000214
своего 0,091770 0,000262
своем 0,198834 0,000094
своеобразным 1,565257 0,000744
свои 0,146128 0,000069
своим 0,208276 0,000297
своими 0,495219 0,000471
своих 0,237898 0,000113
свой 0,189594 0,000180
свою 0,073896 0,000105
святой 0,912045 0,000433
себе 0,033778 0,000032
себя 0,005949 0,000017
сегодня 0,000000 0,000000
седой 1,565257 0,000744
сейчас 0,070407 0,000100
семейство 0,936868 0,000445
семидесяти 0,000000 0,000000
семидесятилетний 1,866287 0,000887
сердца 0,334808 0,000159
сердце 0,171682 0,000082
серьезно 0,419129 0,000199
сидели 0,963197 0,000458
сидят 1,213075 0,000576
сижу 0,824895 0,000392
скажу 0,275223 0,000261
скажут 0,963197 0,000458
сказал 0,099131 0,000094
сколько 0,280827 0,000133
скромное 1,690196 0,000803
скромному 2,167317 0,001030
слабость 1,088136 0,000517
слова 0,129891 0,000247
словам 0,888564 0,000422
словами 0,805589 0,000383
словечко 1,053374 0,000500
слово 0,232819 0,000111
сложения 1,264227 0,000601
случае 0,248239 0,000118
случаю 0,936868 0,000445
смеется 0,611015 0,000290
смех 0,704919 0,000335
смеялся 0,576253 0,000274
смеясь 0,787106 0,000374
смотрел 0,298086 0,000283
смотреть 0,477121 0,001360
смотря 0,322219 0,000153
смущало 1,468347 0,000698
смущаясь 2,167317 0,001030
смыслу 1,866287 0,000887
собирают 2,167317 0,001030
собой 0,253503 0,000482
собою 0,347773 0,000165
собрание 0,000000 0,000000
собранным 2,167317 0,001030
собрата 2,167317 0,001030
совершенно 0,180546 0,000257
совершенному 1,866287 0,000887
совершил 1,213075 0,000576
советами 1,866287 0,000887
совсем 0,021189 0,000010
согласились 1,167317 0,000555
согласия 0,000000 0,000000
соглашаюсь 1,565257 0,000744
сознавая 1,125925 0,000535
солдат 1,125925 0,000535
соображения 1,565257 0,000744
сообразив 1,264227 0,000601
сорок 0,845098 0,000401
состояние 0,805589 0,001148
состоянии 0,459747 0,000218
состояния 1,021189 0,000970
сочинений 0,000000 0,000000
специальным 2,167317 0,001030
спокойным 1,088136 0,000517
способностей 1,167317 0,000555
справкам 2,167317 0,001030
спрашивал 0,769377 0,000365
спросил 0,222835 0,000106
спрошен 2,167317 0,002059
спрошенного 2,167317 0,001030
спрошенный 1,866287 0,001773
сравнения 2,167317 0,001030
среднего 1,264227 0,000601
стало 0,091770 0,000087
старик 0,434924 0,000413
старичка 1,322219 0,001884
старичок 0,991226 0,000942
старожил 2,167317 0,001030
степени 0,389166 0,000185
странные 0,824895 0,000392
странным 0,752344 0,000357
суда 0,787106 0,000748
судьба 0,866287 0,000412
существа 1,021189 0,000485
счастливую 1,866287 0,000887
счастье 0,787106 0,000374
считает 1,088136 0,001034
считать 0,720159 0,000342
считаться 1,866287 0,000887
сюда 0,232819 0,000111
также 0,000000 0,000000
таким 0,243038 0,000115
такое 0,114239 0,000054
твоем 1,322219 0,000628
тебе 0,203530 0,000097
текст 0,000000 0,000000
теперь 0,015029 0,000064
тогда 0,050046 0,000214
того 0,005949 0,000011
тоже 0,043466 0,000062
только 0,002964 0,000006
томах 0,000000 0,000000
точно 0,121994 0,000058
третий 0,544068 0,000258
третьего 0,662167 0,000315
трех 0,374926 0,000356
тугое 1,866287 0,000887
тысяч 0,451314 0,000214
тысячах 1,021189 0,000485
уважали 1,690196 0,000803
увезли 1,468347 0,000698
уверяя 1,565257 0,000744
ужасно 0,167317 0,000079
узнал 0,381987 0,000181
узнать 0,374926 0,000178
указал 0,866287 0,000412
улыбается 1,468347 0,000698
улыбнулась 1,125925 0,000535
умершим 0,000000 0,000000
умно 1,264227 0,000601
умный 0,936868 0,000445
умом 0,752344 0,000357
умственное 1,565257 0,000744
умственных 1,690196 0,000803
упираясь 1,866287 0,000887
упрям 2,167317 0,001030
упрямо 1,690196 0,000803
усматривается 2,167317 0,003089
усматривал 1,866287 0,001773
утверждаю 1,213075 0,000576
утро 0,662167 0,000315
ухватить 1,690196 0,000803
участь 1,389166 0,002640
ученого 1,690196 0,000803
ученым 1,690196 0,000803
ученых 1,264227 0,000601
ушел 0,599116 0,000285
факт 0,675956 0,000321
федор 0,000000 0,000000
фетюкович 1,167317 0,001109
фигурировали 2,167317 0,001030
фраза 1,468347 0,000698
франц 0,635838 0,000302
фунт 1,565257 0,010410
ходил 0,611015 0,000290
холостой 1,565257 0,000744
хорошего 0,991226 0,000471
хорошо 0,189594 0,000270
хоть 0,060107 0,000029
хотя 0,050046 0,000071
цветущий 1,866287 0,000887
целомудренный 1,690196 0,000803
ценили 1,690196 0,000803
ценя 1,690196 0,000803
часа 0,000000 0,000000
часто 0,292256 0,000278
часть 0,002964 0,000003
чего 0,040213 0,000038
человек 0,036984 0,000141
человеколюбив 2,167317 0,001030
через 0,258832 0,000123
честного 1,264227 0,000601
четвертая 0,426955 0,000406
число 0,000000 0,000000
читаем 0,000000 0,000000
читать 0,000000 0,000000
члены 1,213075 0,000576
чрезвычайно 0,217927 0,000207
чрезвычайною 0,991226 0,000471
чрезвычайным 0,720159 0,000342
чувствительная 1,866287 0,000887
чувствительный 1,866287 0,000887
чудный 2,167317 0,001030
чьего 0,000000 0,000000
шагал 1,213075 0,000576
шепот 1,690196 0,000803
шпацирен 2,167317 0,001030
эксперта 1,866287 0,000887
экспертами 2,167317 0,001030
экспертиза 1,565257 0,002231
экспертов 1,690196 0,000803
этих 0,213075 0,000202
этой 0,118099 0,000056
этом 0,046743 0,000022
эфика 1,866287 0,000887
эффект 1,389166 0,000660
юноша 1,021189 0,000485
яблоки 2,167317 0,002059
явились 1,088136 0,000517
являясь 2,167317 0,001030
языком 0,991226 0,000942
