абсолютное 2,167317 0,000273
абсолютным 2,167317 0,000273
автодафе 2,167317 0,000819
автор 0,000000 0,000000
авторитет 1,690196 0,000213
авторитете 2,167317 0,000273
автором 0,000000 0,000000
авторского 0,000000 0,000000
авторы 0,000000 0,000000
адом 2,167317 0,000273
азарте 1,690196 0,000213
акридами 2,167317 0,000546
алексей 0,000000 0,000000
алексея 0,000000 0,000000
алеша 0,381987 0,000626
алеши 0,544068 0,000274
америки 2,167317 0,000273
ангелам 2,167317 0,000273
ангелов 1,690196 0,000213
ангелы 1,565257 0,000394
антропофагией 2,167317 0,000273
антропофагии 1,690196 0,000213
армии 1,690196 0,000213
армия 2,167317 0,000273
армиями 2,167317 0,000273
архангел 2,167317 0,000273
архангелам 2,167317 0,000273
бабьему 1,866287 0,000235
башней 2,167317 0,000273
башни 1,690196 0,000426
башню 1,866287 0,000470
башня 2,167317 0,000273
бедный 0,824895 0,000104
бежал 0,963197 0,000121
безбожие 2,167317 0,000273
безбожником 2,167317 0,000273
безбрежная 2,167317 0,000546
бездыханная 2,167317 0,000273
безмерному 1,690196 0,000213
безо 0,599116 0,000151
безумию 2,167317 0,000273
белый 1,213075 0,000153
белых 1,565257 0,000197
берем 2,167317 0,000273
берешь 1,565257 0,000197
бесконечного 1,866287 0,000235
бескровные 2,167317 0,000273
бесновался 2,167317 0,000273
беспрерывнее 2,167317 0,000273
бессилие 1,565257 0,000197
бессильны 1,866287 0,000235
бесследно 2,167317 0,000273
бессознательно 1,125925 0,000142
бесспорнее 2,167317 0,000273
бесспорно 1,021189 0,000386
бесспорное 1,866287 0,000235
бесспорный 1,213075 0,000153
бестолковая 1,866287 0,000235
бестолкового 1,866287 0,000235
бесчинства 2,167317 0,000273
бесчинстве 2,167317 0,000273
библиотека 0,000000 0,000000
благ 1,690196 0,001065
благодарное 1,866287 0,000235
благодарят 2,167317 0,000273
благодетелей 2,167317 0,000273
благословил 1,213075 0,000153
благословляет 2,167317 0,000546
благословлял 1,389166 0,000175
благословляя 1,690196 0,000213
блаженство 1,690196 0,000213
блеск 1,690196 0,000213
ближе 0,752344 0,000095
блистающая 2,167317 0,000273
блудница 2,167317 0,000273
бога 0,451314 0,000398
богам 2,167317 0,000273
боги 1,565257 0,000592
богов 2,167317 0,001092
богом 0,866287 0,000327
богоматери 2,167317 0,000273
богоматерь 2,167317 0,000546
богородицы 1,690196 0,000213
богословов 2,167317 0,000273
богохульно 2,167317 0,000273
богохульства 2,167317 0,000273
богохульством 2,167317 0,000273
божиим 1,322219 0,000167
божиих 1,468347 0,000185
божий 0,936868 0,000236
божию 1,389166 0,000175
более 0,000000 0,000000
больше 0,137934 0,000052
большею 1,021189 0,000129
боюсь 0,504560 0,000064
боятся 1,264227 0,000159
брат 0,303994 0,000192
брата 0,389166 0,000098
брате 1,167317 0,000147
брату 0,752344 0,000095
братья 0,176091 0,000089
бред 1,053374 0,000133
бременем 1,866287 0,000235
брови 1,125925 0,000284
бросают 2,167317 0,000273
бросился 0,451314 0,000057
бросит 1,389166 0,000175
бросится 1,565257 0,000394
бросить 0,963197 0,000121
броситься 1,389166 0,000175
бросьте 1,866287 0,000235
будем 0,648803 0,000572
будет 0,077412 0,000156
будешь 0,648803 0,000245
будто 0,099131 0,000012
буду 0,208276 0,000026
будут 0,565257 0,001282
будущего 1,167317 0,000294
будущее 1,389166 0,000175
будущую 1,565257 0,000197
буйное 2,167317 0,000273
буквально 0,805589 0,000101
букет 1,866287 0,000235
бунт 1,322219 0,000167
бунта 2,167317 0,000273
бунтовать 1,866287 0,000235
бунтовщиками 2,167317 0,000546
бунтовщики 2,167317 0,001365
бунтовщиков 2,167317 0,000819
бунтовщиком 2,167317 0,000546
бунтует 1,690196 0,000426
бунтующее 2,167317 0,000273
была 0,046743 0,000024
были 0,099131 0,000112
было 0,000000 0,000000
быстро 0,232819 0,000029
бытия 1,866287 0,000235
быть 0,002964 0,000009
вавилонская 2,167317 0,000273
вавилонскую 2,167317 0,000273
важно 0,675956 0,000085
вашим 0,587534 0,000074
ваших 0,554533 0,000070
вдоволь 2,167317 0,000273
вдруг 0,005949 0,000014
вдумчивою 2,167317 0,000273
ведут 1,565257 0,000197
ведь 0,043466 0,000033
века 1,264227 0,000319
веков 1,125925 0,001844
вековечную 2,167317 0,000273
вековечным 2,167317 0,000273
вековые 1,866287 0,000235
великанов 2,167317 0,000273
великая 0,912045 0,000115
великие 1,468347 0,000185
великий 0,845098 0,000745
великим 1,322219 0,000333
великих 1,264227 0,000478
великого 0,866287 0,000109
великой 1,322219 0,000333
великолепно 1,125925 0,000142
великолепной 2,167317 0,000273
великолепном 2,167317 0,000273
великолепных 1,866287 0,000470
великою 1,690196 0,000426
великую 1,167317 0,000147
велит 1,053374 0,000265
вера 0,769377 0,000194
верзись 2,167317 0,000273
веришь 0,912045 0,000230
верными 1,866287 0,000235
веровавший 2,167317 0,000273
веровал 1,213075 0,000153
верой 1,213075 0,000459
веру 0,845098 0,000106
верует 1,322219 0,000167
верую 1,088136 0,000137
веруют 1,264227 0,000159
вершине 2,167317 0,000273
веры 0,845098 0,000426
верь 1,125925 0,000142
верят 1,468347 0,000185
весельем 1,866287 0,000235
веселью 2,167317 0,000273
вести 1,125925 0,000142
весь 0,099131 0,000087
ветер 1,167317 0,000147
ветхого 1,866287 0,000235
вечно 0,824895 0,000312
вечною 2,167317 0,000273
взбунтовавшиеся 2,167317 0,000273
взбунтуются 2,167317 0,000273
взгляд 0,396465 0,000050
взглядом 0,504560 0,000064
взгляни 1,565257 0,000197
вздор 0,599116 0,000075
вздрагивает 1,866287 0,000235
взывали 2,167317 0,000273
взывало 2,167317 0,000273
взяв 1,088136 0,000137
взявшие 2,167317 0,000546
взявших 2,167317 0,000273
взял 0,269690 0,000102
взяли 1,021189 0,000386
взятые 1,690196 0,000213
взять 0,533849 0,000135
виданы 2,167317 0,000273
виде 0,434924 0,000110
видел 0,248239 0,000156
видела 0,888564 0,000112
видение 1,468347 0,000185
видении 1,866287 0,000235
видеть 0,381987 0,000048
видим 1,264227 0,000159
видимо 0,328468 0,000083
видит 0,690196 0,000261
видишь 0,599116 0,000302
видно 0,504560 0,000064
видят 1,264227 0,000159
вижу 0,286504 0,000036
визиты 0,000000 0,000000
виктора 2,167317 0,000273
вини 1,866287 0,000235
виноват 0,523865 0,000066
виновата 0,888564 0,000112
виноваты 1,021189 0,000129
вихрь 1,468347 0,000185
владели 2,167317 0,000273
владеть 2,167317 0,000273
владеют 2,167317 0,000273
власти 1,322219 0,000666
вместе 0,208276 0,000157
вместить 1,866287 0,000235
вместо 0,411442 0,000259
внезапно 0,623249 0,000079
внести 1,866287 0,000235
вниз 0,752344 0,000284
вновь 0,720159 0,000817
вносят 2,167317 0,000273
вовеки 1,565257 0,000197
вовсе 0,150284 0,000095
возвестил 1,053374 0,000265
возвестить 1,690196 0,000213
возвестишь 2,167317 0,000273
возводить 2,167317 0,000273
возвращаемся 2,167317 0,000273
возвышенной 2,167317 0,000273
воздвиг 1,690196 0,000213
воздвигнем 2,167317 0,000273
воздвигнется 2,167317 0,000546
воздвигнут 2,167317 0,000546
воздух 1,053374 0,000133
возжелал 1,866287 0,000941
возлюбил 1,690196 0,000213
возможно 0,735954 0,000185
возможным 1,322219 0,000167
вознаграждения 0,000000 0,000000
вознес 2,167317 0,000546
возопиют 2,167317 0,000546
возрадовался 2,167317 0,000273
возражать 1,322219 0,000167
возразил 1,322219 0,000167
возьмем 1,866287 0,000470
воистину 0,912045 0,000115
воли 1,021189 0,000129
волнении 0,675956 0,000085
вопиют 2,167317 0,000546
вопль 1,264227 0,000159
вопрос 0,222835 0,000056
вопроса 0,704919 0,000178
вопросам 1,690196 0,000426
вопросах 1,468347 0,000555
вопросе 1,125925 0,000142
вопросов 0,866287 0,000218
вопрошал 2,167317 0,000273
воровство 1,565257 0,000197
воротились 1,565257 0,000197
воротился 0,599116 0,000226
воротиться 1,053374 0,000133
восемь 0,824895 0,000208
воскликнул 0,309985 0,000078
воскликнут 1,690196 0,000213
восклицает 1,264227 0,000319
восклицал 0,845098 0,000106
восклицая 1,468347 0,000185
воскресения 1,690196 0,000213
воскреси 2,167317 0,000273
воскресит 2,167317 0,000273
воскресла 2,167317 0,000273
восполнил 2,167317 0,000273
восполнить 2,167317 0,000273
восста 2,167317 0,000273
восстанет 1,690196 0,000213
восстановить 1,866287 0,000235
востока 1,690196 0,000213
восторг 0,888564 0,000112
восторгов 2,167317 0,000273
восторгу 2,167317 0,000273
восходят 2,167317 0,000273
вошел 0,403889 0,000051
впалыми 1,690196 0,000213
вполне 0,316059 0,000040
вправе 1,565257 0,000197
впредь 0,752344 0,000095
впрочем 0,118099 0,000030
впрямь 0,769377 0,000097
врагов 1,322219 0,000167
времен 1,264227 0,000319
временам 1,565257 0,000197
времени 0,269690 0,000068
время 0,043466 0,000038
вроде 0,662167 0,000250
вручить 1,866287 0,000235
всегда 0,129891 0,000033
всего 0,040213 0,000035
всей 0,248239 0,000125
вселенную 1,866287 0,000235
всем 0,070407 0,000062
всеми 0,434924 0,000055
всемилостивой 2,167317 0,000273
всемирно 2,167317 0,000273
всемирного 2,167317 0,000546
всемирное 2,167317 0,000273
всемирном 2,167317 0,000273
всемирному 2,167317 0,000273
всемирности 2,167317 0,000273
всемирный 2,167317 0,000273
всему 0,486076 0,000061
всеобщего 1,866287 0,000235
всеобщее 1,322219 0,000167
всеобщему 1,866287 0,000235
всеобщую 2,167317 0,000273
всех 0,060107 0,000068
вскричал 0,292256 0,000074
вслед 0,523865 0,000066
вслух 0,533849 0,000067
всматривается 2,167317 0,000273
вспоминая 1,322219 0,000167
вспомни 1,468347 0,000370
вспомнят 2,167317 0,000273
вставай 2,167317 0,000273
встал 0,403889 0,000051
встану 1,565257 0,000197
встретились 1,213075 0,000153
всякий 0,514105 0,000130
всяких 0,991226 0,000125
всякого 0,514105 0,000194
вторая 0,514105 0,000130
входе 1,322219 0,000167
входит 1,264227 0,000159
вчера 0,341243 0,000172
вчерашнее 1,389166 0,000175
вчерашним 1,866287 0,000235
выбора 1,866287 0,000470
выводили 1,866287 0,000235
выгнавшие 2,167317 0,000273
выдержавшего 2,167317 0,000273
выдерживающие 2,167317 0,000273
выдержит 1,690196 0,000213
выдержишь 2,167317 0,000273
выйдет 0,587534 0,000074
вымаливает 2,167317 0,000273
вынести 0,888564 0,000112
выносит 1,690196 0,000213
выносить 1,213075 0,000153
выплаты 0,000000 0,000000
выплыть 2,167317 0,000273
выпускает 1,866287 0,000235
выражали 1,866287 0,000235
выражение 0,805589 0,000101
выразили 1,690196 0,000213
вырвалось 0,704919 0,000089
высказать 0,866287 0,000109
высказаться 1,167317 0,000147
высказывается 1,866287 0,000235
выскочил 1,125925 0,000142
выслушав 0,805589 0,000101
высокий 0,991226 0,000125
высоко 1,088136 0,000137
выстрадает 2,167317 0,000273
высшая 1,690196 0,000213
вытерпели 1,866287 0,000470
вытерпеть 1,690196 0,000213
выше 0,720159 0,000181
вышедший 1,690196 0,000213
вышла 0,495219 0,000062
вышли 0,912045 0,000115
вышло 0,523865 0,000066
вящей 2,167317 0,000273
гадательного 2,167317 0,000273
гадкое 1,866287 0,000235
гармонии 1,468347 0,000185
германии 2,167317 0,000273
главе 1,213075 0,000764
главнейшее 1,866287 0,000235
главное 0,189594 0,000024
глаз 0,554533 0,000140
глаза 0,129891 0,000033
глазами 0,403889 0,000102
глазах 0,459747 0,000116
глазками 1,125925 0,000142
глубине 1,167317 0,000147
глубины 1,167317 0,000294
глубоко 0,611015 0,000077
глубокого 1,468347 0,000185
глупые 1,213075 0,000153
глупыми 2,167317 0,000273
глядел 0,554533 0,000070
глядеть 0,720159 0,000091
глядит 0,866287 0,000218
глядишь 1,389166 0,000175
глядя 0,611015 0,000077
гнева 0,912045 0,000115
говорил 0,095435 0,000048
говорит 0,189594 0,000191
говоришь 0,752344 0,000095
говорю 0,203530 0,000128
говоря 0,434924 0,000055
говорят 0,309985 0,000156
года 0,477121 0,000060
годам 1,690196 0,000213
головами 1,565257 0,000197
голове 0,554533 0,000070
голодной 2,167317 0,000273
голодные 2,167317 0,000273
голосом 0,396465 0,000050
голубое 1,389166 0,000175
голыми 1,866287 0,000235
гонимы 2,167317 0,000273
гордится 1,866287 0,000235
гордиться 1,690196 0,000639
гордишься 2,167317 0,000273
гордо 1,053374 0,000133
гордость 0,963197 0,000121
гордостью 1,468347 0,000185
гордыми 1,866287 0,000235
гордых 1,690196 0,000213
горели 1,389166 0,000175
горестно 1,125925 0,000284
горит 1,264227 0,000319
горние 2,167317 0,000273
города 0,704919 0,000089
горьки 2,167317 0,000273
горькое 1,690196 0,000213
горячая 1,468347 0,000185
горячие 1,690196 0,000213
горящем 2,167317 0,000273
господа 0,389166 0,000098
господи 0,451314 0,000284
господней 2,167317 0,000273
господствовать 2,167317 0,000273
господствуем 2,167317 0,000273
готовился 1,322219 0,000167
града 2,167317 0,000273
гражданина 1,565257 0,000197
грех 0,888564 0,000336
греха 1,213075 0,000306
грехи 1,468347 0,000740
греческого 2,167317 0,000273
грешить 2,167317 0,000546
грешники 1,690196 0,000213
грешников 1,690196 0,000426
грешному 1,866287 0,000235
гроб 1,088136 0,000137
гроба 1,322219 0,000167
гробе 1,389166 0,000175
гробик 1,468347 0,000370
гробового 2,167317 0,000273
гробом 1,389166 0,000175
гробу 1,468347 0,000185
громовое 2,167317 0,000273
грубой 1,690196 0,000213
груди 0,675956 0,000085
грусти 1,690196 0,000213
гряду 2,167317 0,000273
грязных 1,690196 0,000852
губы 0,599116 0,000075
гусей 1,690196 0,000213
густые 1,690196 0,000213
гюго 2,167317 0,000273
давали 1,389166 0,000175
давалось 2,167317 0,000273
давно 0,158717 0,000060
дадим 1,565257 0,000197
дается 1,866287 0,000235
даже 0,005949 0,000012
далее 0,648803 0,000082
дали 0,635838 0,000080
дальнейшая 1,866287 0,000235
дальше 0,002964 0,000000
данные 0,000000 0,000000
данта 2,167317 0,000273
дантовских 2,167317 0,000273
даров 1,866287 0,000235
даровое 2,167317 0,000273
даст 0,963197 0,000121
дать 0,623249 0,000079
дашь 1,468347 0,000185
двенадцати 1,125925 0,000142
двери 0,599116 0,000075
дверь 0,367977 0,000093
движение 1,264227 0,000319
движения 0,912045 0,000115
двора 0,912045 0,000115
двух 0,264227 0,000033
дебри 2,167317 0,000273
девица 1,213075 0,000306
девочка 1,021189 0,000257
девы 2,167317 0,000273
девяносто 1,690196 0,000639
девяностолетнего 2,167317 0,000273
девяностолетние 2,167317 0,000273
девяностолетний 2,167317 0,000273
действие 1,167317 0,000294
действительно 0,106619 0,000040
действовали 1,565257 0,000197
дела 0,309985 0,000078
делая 1,167317 0,000147
деле 0,162996 0,000103
дело 0,063514 0,000064
день 0,162996 0,000062
держащая 2,167317 0,000273
дескать 0,419129 0,000053
десятками 2,167317 0,000273
десятки 1,565257 0,000592
десять 0,374926 0,000047
детей 0,576253 0,000290
дети 0,662167 0,000417
детский 1,468347 0,000185
детскими 2,167317 0,000273
детских 1,389166 0,000175
детское 1,468347 0,000185
детской 1,866287 0,000235
детскую 1,866287 0,000235
дивиться 2,167317 0,000546
дитя 0,912045 0,000230
дмитрии 1,468347 0,000185
дмитрий 0,468347 0,000118
дмитрия 0,599116 0,000075
дней 0,514105 0,000065
добра 1,322219 0,000333
добро 1,125925 0,000142
добродетели 1,264227 0,000159
добытые 2,167317 0,000546
доводила 2,167317 0,000273
довольно 0,129891 0,000131
догадался 0,752344 0,000095
догадаются 1,866287 0,000235
докажем 1,565257 0,000197
докажешь 2,167317 0,000273
докончили 2,167317 0,000273
долго 0,222835 0,000056
должен 0,258832 0,000065
должно 0,286504 0,000144
должны 0,576253 0,000218
доныне 2,167317 0,000273
допетровскую 2,167317 0,000273
допустить 0,912045 0,000115
дороге 0,611015 0,000077
дороги 0,704919 0,000178
дорогие 1,565257 0,000197
дорого 1,021189 0,000257
дорогой 0,565257 0,000071
дорогу 0,599116 0,000075
дороже 1,322219 0,000333
достигнем 2,167317 0,000273
достигнет 1,690196 0,000213
достигнуть 1,468347 0,000185
достоевский 0,000000 0,000000
достояние 0,000000 0,000000
достроим 2,167317 0,000273
достроит 2,167317 0,000273
достроится 2,167317 0,000273
дотянуть 2,167317 0,000273
дофина 2,167317 0,000273
дочь 0,587534 0,000074
драгоценное 1,468347 0,000185
дразня 1,866287 0,000235
драматические 2,167317 0,000273
драматических 2,167317 0,000273
древнего 1,690196 0,000213
древнем 1,866287 0,000235
дремлет 1,866287 0,000235
друг 0,269690 0,000136
друга 0,419129 0,000158
другие 0,389166 0,000049
других 0,459747 0,000058
другого 0,396465 0,000050
другое 0,309985 0,000039
другом 0,477121 0,000060
другому 0,845098 0,000106
другу 0,752344 0,000095
думаешь 0,752344 0,000284
думал 0,258832 0,000065
думать 0,486076 0,000061
дурно 0,888564 0,000112
духа 0,787106 0,000595
духом 0,866287 0,000109
душа 0,565257 0,000071
душевное 1,565257 0,000197
душевных 2,167317 0,000273
душу 0,451314 0,000057
дьявол 1,468347 0,000185
едешь 1,565257 0,000197
един 2,167317 0,000273
единению 1,866287 0,000235
едино 2,167317 0,000273
единолично 1,690196 0,000213
единоличного 2,167317 0,000273
единства 2,167317 0,000273
единственная 1,565257 0,000197
единственное 1,565257 0,000197
единственные 1,866287 0,000235
единственный 0,991226 0,000125
единые 2,167317 0,000273
единый 1,264227 0,000159
единым 1,866287 0,000235
едиными 2,167317 0,000273
единых 2,167317 0,000273
ежедневно 1,021189 0,000129
ереси 2,167317 0,000273
ересь 2,167317 0,000273
еретиков 2,167317 0,001365
еретиком 2,167317 0,000273
если 0,011981 0,000038
есть 0,018098 0,000046
жаждал 1,213075 0,000306
жаждой 1,565257 0,000197
жаждут 1,690196 0,000213
жаждущей 2,167317 0,000273
жалкие 1,866287 0,000470
жалких 1,690196 0,000426
жаркие 1,866287 0,000235
ждать 0,554533 0,000070
ждет 0,787106 0,000198
ждут 0,936868 0,000118
желал 0,611015 0,000077
желание 0,888564 0,000224
желающих 1,866287 0,000235
желая 0,662167 0,000083
железная 1,690196 0,000213
женами 1,565257 0,000197
женщин 0,888564 0,000112
женщина 0,396465 0,000050
жертвы 1,213075 0,000153
жизнеописаниям 2,167317 0,000273
жизни 0,222835 0,000056
жизнь 0,162996 0,000103
житиях 2,167317 0,000273
жить 0,451314 0,000398
забот 2,167317 0,000273
забота 1,167317 0,000147
заботы 1,322219 0,000500
забывает 1,690196 0,000213
забыл 0,328468 0,000041
забыть 0,623249 0,000079
заведут 2,167317 0,000273
завершения 2,167317 0,000546
завета 1,866287 0,000235
завоеватели 2,167317 0,000273
завоевать 2,167317 0,000273
завтра 0,298086 0,000225
заговаривай 2,167317 0,000273
заговорил 0,599116 0,000075
задавить 1,866287 0,000235
задать 1,389166 0,000175
задач 1,866287 0,000235
задачу 1,264227 0,000159
задержал 1,468347 0,000185
закате 2,167317 0,000273
заключалась 1,389166 0,000175
заключалось 1,264227 0,000159
заключаться 2,167317 0,000273
закона 1,468347 0,000185
зале 0,936868 0,000118
залоги 1,690196 0,000213
залогов 2,167317 0,000273
зальют 1,866287 0,000235
заметили 0,611015 0,000077
заметь 1,213075 0,000153
замечает 1,690196 0,000213
замечал 1,021189 0,000129
замечаньице 2,167317 0,000273
занимались 1,866287 0,000235
запада 2,167317 0,000273
запирает 2,167317 0,000273
запирается 2,167317 0,000273
записано 1,565257 0,000197
запрещать 1,866287 0,000235
заприметил 1,690196 0,000213
заслугу 2,167317 0,000273
заслужил 1,213075 0,000153
засмеялся 0,495219 0,000187
заставим 2,167317 0,000273
заставить 1,565257 0,000197
затрещали 2,167317 0,000273
захотел 0,787106 0,000298
захочу 0,936868 0,000118
зачем 0,146128 0,000055
зашумели 2,167317 0,000273
защищая 2,167317 0,000273
звезда 1,468347 0,000185
звере 1,866287 0,000235
зверь 1,125925 0,000142
зверю 1,866287 0,000235
зверя 1,690196 0,000213
здание 1,565257 0,000197
здании 2,167317 0,000273
земле 0,648803 0,000736
землей 1,264227 0,000159
земли 0,769377 0,000388
землю 0,565257 0,000356
земля 1,322219 0,000333
земного 1,468347 0,000555
земной 1,088136 0,000137
земные 2,167317 0,000273
земным 2,167317 0,000546
земными 2,167317 0,000273
земных 1,690196 0,000426
злейшего 2,167317 0,000273
зловещим 1,690196 0,000213
злых 1,468347 0,000185
знавших 1,866287 0,000235
знаем 1,088136 0,000137
знает 0,171682 0,000065
знаешь 0,533849 0,000404
знай 0,888564 0,000448
знал 0,114239 0,000043
знамени 2,167317 0,000273
знамя 1,690196 0,001065
знатного 1,468347 0,000185
знать 0,328468 0,000083
знахарскому 2,167317 0,000273
значил 1,866287 0,000235
значит 0,243038 0,000061
знаю 0,095435 0,000036
иван 0,303994 0,000613
иваном 0,845098 0,000106
игру 1,322219 0,000167
идеал 1,213075 0,000306
идеалист 2,167317 0,000273
идее 1,468347 0,000370
идеи 0,866287 0,000109
идем 0,963197 0,000121
идет 0,514105 0,000194
идешь 1,125925 0,000142
идея 0,824895 0,000208
идолами 2,167317 0,000273
идти 0,434924 0,000110
иезуитам 1,866287 0,000235
иезуитами 2,167317 0,000273
иезуитов 1,866287 0,000235
иезуиты 1,565257 0,000592
избавит 1,866287 0,000235
избегнешь 1,866287 0,000470
избегну 2,167317 0,000273
избежать 1,565257 0,000197
избранниками 2,167317 0,000819
избранники 2,167317 0,000273
избранников 2,167317 0,000546
избранным 1,866287 0,000235
избранных 1,866287 0,000235
известно 0,334808 0,000084
известном 1,213075 0,000153
издали 1,053374 0,000133
издеваясь 2,167317 0,000273
излечился 2,167317 0,000273
изливаясь 1,866287 0,000235
изрек 1,213075 0,000153
иисусу 2,167317 0,000273
имеет 0,623249 0,000079
имеешь 1,264227 0,000637
имел 0,347773 0,000088
именно 0,066947 0,000067
иметь 0,587534 0,000148
имею 0,565257 0,000214
имея 0,752344 0,000095
императором 1,866287 0,000235
инквизитор 1,565257 0,001775
инквизитором 2,167317 0,000546
инквизиторы 2,167317 0,000546
инквизиции 2,167317 0,000273
инквизицию 2,167317 0,000273
иносказании 2,167317 0,000273
интересен 1,866287 0,000235
интересно 1,213075 0,000153
иную 1,866287 0,000235
иным 1,389166 0,000175
иных 0,704919 0,000089
иронизирует 2,167317 0,000273
искорка 1,866287 0,000235
искуплен 2,167317 0,000273
искусил 2,167317 0,000273
искушавший 2,167317 0,000273
искушал 1,866287 0,000235
искушение 1,690196 0,000213
искушений 2,167317 0,000273
искушениями 2,167317 0,000273
испании 2,167317 0,000273
исполнить 1,167317 0,000147
использоваться 0,000000 0,000000
исправили 2,167317 0,000546
иссохшим 1,690196 0,000213
истиннее 2,167317 0,000273
историей 1,690196 0,000213
исторические 2,167317 0,000273
историю 0,845098 0,000106
история 0,845098 0,000106
источник 0,000000 0,000000
источники 1,690196 0,000213
истребит 2,167317 0,000273
истребляли 2,167317 0,000273
истреблять 1,866287 0,000235
истребят 1,866287 0,000470
исходил 1,866287 0,000235
исходит 1,866287 0,000235
исцеления 1,565257 0,000197
исцели 2,167317 0,000273
исчезнут 2,167317 0,000273
исчерпано 2,167317 0,000273
итак 0,805589 0,000101
ищет 0,963197 0,000364
каждого 0,888564 0,000224
кажется 0,118099 0,000030
какая 0,194189 0,000073
какие 0,232819 0,000059
каким 0,194189 0,000073
какими 0,888564 0,000112
каких 0,468347 0,000118
каков 0,888564 0,000112
какова 1,167317 0,000147
какое 0,227798 0,000086
какой 0,095435 0,000024
камней 1,690196 0,000213
камни 1,468347 0,000555
карамазовская 1,468347 0,000185
карамазовски 2,167317 0,000273
карамазовской 2,167317 0,000273
карамазовы 0,180546 0,000091
кардинал 1,866287 0,000235
кардиналов 2,167317 0,000273
кардиналом 2,167317 0,000273
кардинальских 2,167317 0,000273
картинами 2,167317 0,000273
катакомбах 2,167317 0,000273
католики 2,167317 0,000273
католическое 2,167317 0,000273
католичества 1,866287 0,000470
кесаря 2,167317 0,001092
кесарями 2,167317 0,000273
классе 1,213075 0,000153
классов 1,690196 0,000213
клейкие 1,866287 0,000470
клерки 2,167317 0,000273
клянусь 0,635838 0,000080
книга 0,176091 0,000044
книгах 1,565257 0,000789
книги 0,000000 0,000000
когда 0,015029 0,000038
кого 0,222835 0,000028
колдовству 1,690196 0,000213
колена 1,389166 0,000175
колоссально 1,866287 0,000235
комаров 0,000000 0,000000
кому 0,341243 0,000172
конец 0,495219 0,000250
конечно 0,060107 0,000091
конкурентов 2,167317 0,000273
концах 1,264227 0,000159
конце 0,611015 0,000154
концов 0,912045 0,000115
кончается 1,690196 0,000426
кончат 1,690196 0,000426
кончена 1,690196 0,000213
кончено 1,021189 0,000386
кончил 0,587534 0,000074
кончится 0,963197 0,000121
кончить 1,053374 0,000133
коренья 2,167317 0,000273
кореньями 2,167317 0,000546
короля 2,167317 0,000273
костер 2,167317 0,000273
костре 2,167317 0,000273
костру 2,167317 0,000546
костры 1,866287 0,000470
которого 0,198834 0,000150
которое 0,426955 0,000215
которой 0,213075 0,000054
котором 0,347773 0,000175
которою 0,805589 0,000101
которую 0,292256 0,000110
которые 0,189594 0,000191
который 0,110412 0,000125
которым 0,389166 0,000245
которых 0,426955 0,000269
крайней 0,298086 0,000113
краснея 1,389166 0,000175
красовался 1,866287 0,000235
крепко 0,443041 0,000112
крепостного 1,264227 0,000159
крест 0,912045 0,000115
креста 1,389166 0,000350
крестной 1,866287 0,000235
криво 1,322219 0,000167
крики 1,125925 0,000142
критики 1,389166 0,000175
кричали 0,991226 0,000125
кричат 1,213075 0,000153
кровавыми 1,866287 0,000235
кровью 0,845098 0,000106
кроме 0,158717 0,000040
кроткими 1,866287 0,000235
кротко 1,322219 0,000167
кругом 0,419129 0,000211
крыльца 1,088136 0,000137
кубок 1,690196 0,000426
куда 0,248239 0,000031
куми 1,866287 0,000235
куплено 1,866287 0,000235
лавром 2,167317 0,000273
лгать 1,125925 0,000142
левого 1,690196 0,000213
легко 0,752344 0,000095
легче 0,787106 0,000099
лежала 1,021189 0,000129
лежит 0,648803 0,000082
лесок 1,690196 0,000213
либо 0,000000 0,000000
лизать 2,167317 0,000273
лимоном 2,167317 0,000273
листочки 1,565257 0,000394
литература 0,000000 0,000000
литературного 2,167317 0,000273
литературное 1,866287 0,000235
лица 0,322219 0,000041
лицо 0,114239 0,000029
лицом 0,000000 0,000000
лично 0,720159 0,000091
личного 1,125925 0,000142
лишить 1,690196 0,000213
лишь 0,185046 0,000699
ложь 0,866287 0,000109
лучи 1,468347 0,000185
лучше 0,162996 0,000021
лучших 1,322219 0,000167
любви 0,504560 0,000509
любивший 1,866287 0,000235
любили 0,866287 0,000109
любим 1,167317 0,000147
любимая 1,690196 0,000213
любить 0,523865 0,000198
люблю 0,347773 0,000044
любовию 1,690196 0,000213
любовницами 2,167317 0,000273
любовь 0,523865 0,000066
любовью 0,824895 0,000104
любым 0,000000 0,000000
любя 1,213075 0,000153
любят 0,752344 0,000095
любящего 1,866287 0,000235
любящему 2,167317 0,000273
любящий 1,866287 0,000235
любящих 1,690196 0,000213
людей 0,298086 0,000864
люди 0,269690 0,000238
людовике 2,167317 0,000273
людского 2,167317 0,000273
людскою 2,167317 0,000273
людьми 0,623249 0,000157
людям 0,720159 0,000272
людях 1,213075 0,000153
мадонну 2,167317 0,000273
маленькие 1,021189 0,000129
мало 0,208276 0,000052
малосильны 2,167317 0,000273
малосильные 2,167317 0,000546
малосильных 2,167317 0,000546
манить 2,167317 0,000273
мановению 1,690196 0,000639
марии 1,866287 0,000235
масон 1,866287 0,000235
масонов 2,167317 0,000546
матери 0,451314 0,000114
материалом 2,167317 0,000273
материальных 2,167317 0,000546
мгновение 0,396465 0,000050
мгновенье 1,866287 0,000470
медленно 0,805589 0,000101
между 0,129891 0,000180
менее 0,635838 0,000160
меня 0,027438 0,000041
мере 0,269690 0,000102
мерещится 1,389166 0,000175
мертвый 1,565257 0,000197
мест 1,088136 0,000137
места 0,389166 0,000098
месте 0,286504 0,000036
мечом 1,690196 0,000213
мечтал 1,125925 0,000142
мешай 1,690196 0,000213
мешать 1,389166 0,000875
миллионами 1,866287 0,000235
миллионов 1,322219 0,000500
миллионы 1,565257 0,000592
милосердию 2,167317 0,000273
милосердный 1,866287 0,000470
милый 0,477121 0,000060
мимо 0,514105 0,000194
минуло 1,389166 0,000350
минуту 0,084532 0,000064
мира 1,125925 0,000567
мире 0,704919 0,000089
миру 1,053374 0,000133
митенькина 2,167317 0,000273
миусов 1,088136 0,000137
михаил 1,088136 0,000137
младенцев 1,389166 0,000350
младенчески 1,866287 0,000235
мнению 0,845098 0,000106
многие 0,468347 0,000059
многих 0,704919 0,000089
много 0,080958 0,000071
многочисленном 2,167317 0,000273
многочисленные 2,167317 0,000273
мной 0,237898 0,000060
могилы 1,690196 0,000213
могла 0,286504 0,000036
могли 0,374926 0,000189
могло 0,403889 0,000153
могут 0,495219 0,000250
могучего 2,167317 0,000273
могучи 2,167317 0,000273
могучие 2,167317 0,000273
могучим 2,167317 0,000273
могучими 2,167317 0,000273
могучих 2,167317 0,000546
могуществом 2,167317 0,000273
могущие 2,167317 0,000273
моей 0,280827 0,000035
моему 0,354404 0,000134
может 0,000000 0,000000
можешь 0,704919 0,000355
можно 0,088136 0,000033
моих 0,554533 0,000070
молило 2,167317 0,000273
молить 1,264227 0,000159
молния 1,866287 0,000235
молча 0,367977 0,000371
молчал 0,565257 0,000071
молчание 0,912045 0,000115
молчания 1,088136 0,000137
молчи 0,912045 0,000115
молчит 0,991226 0,000125
молящим 1,468347 0,000185
момента 0,000000 0,000000
моментально 1,866287 0,000235
моменты 1,690196 0,000426
монастырская 1,866287 0,000235
монастырь 0,720159 0,000091
монастырю 1,213075 0,000153
монастырям 1,690196 0,000426
монахи 1,125925 0,000142
монашеской 2,167317 0,000273
морской 1,690196 0,000213
москве 0,690196 0,000087
мрака 1,322219 0,000167
мрачно 0,866287 0,000109
мрачную 1,866287 0,000235
мрачные 1,690196 0,000213
мудрецов 2,167317 0,000273
мукам 2,167317 0,000546
муки 0,991226 0,000125
муравейник 2,167317 0,000273
мучающемуся 2,167317 0,000273
мучение 1,690196 0,000426
мучении 1,866287 0,000235
мученикам 2,167317 0,000273
мучеников 1,690196 0,000213
мучения 1,264227 0,000159
мучениями 1,866287 0,000235
мучились 1,866287 0,000235
мучимого 2,167317 0,000273
мучимы 2,167317 0,000273
мучителей 1,690196 0,000213
мучительнее 1,565257 0,000592
мучительные 1,866287 0,000235
мучительных 1,468347 0,000185
мысль 0,264227 0,000033
мыслями 1,322219 0,000167
наблюдает 1,866287 0,000235
навеки 0,648803 0,000163
наверно 0,264227 0,000033
навсегда 0,735954 0,000371
навстречу 1,125925 0,000142
нагой 2,167317 0,000546
наградой 2,167317 0,000273
надеются 2,167317 0,000273
надо 0,036984 0,000023
надобности 1,264227 0,000159
назад 0,000000 0,000000
название 0,000000 0,000000
названием 1,322219 0,000167
названо 1,690196 0,000213
назидательное 2,167317 0,000273
наивно 1,322219 0,000167
найдут 1,866287 0,000235
найти 0,000000 0,000000
наказание 1,322219 0,000167
накануне 0,662167 0,000083
наконец 0,073896 0,000149
накорми 1,866287 0,000235
накормим 2,167317 0,000273
накормит 1,866287 0,000235
накормите 2,167317 0,000546
накормят 1,866287 0,000235
налагают 2,167317 0,000273
налево 0,824895 0,000104
написал 0,662167 0,000167
написано 0,000000 0,000000
напишут 2,167317 0,000273
направо 0,787106 0,000099
например 0,298086 0,000038
напротив 0,180546 0,000023
нарастает 1,866287 0,000235
нарастало 1,690196 0,000213
народ 0,735954 0,000464
народе 1,264227 0,000159
народов 1,866287 0,000235
народом 1,264227 0,000159
народу 1,264227 0,000478
народы 1,389166 0,000175
нарочно 0,227798 0,000029
наружностью 1,690196 0,000213
наседке 2,167317 0,000273
населении 2,167317 0,000273
насмешкой 1,264227 0,000159
насмешку 1,213075 0,000306
насоздаст 2,167317 0,000273
настает 2,167317 0,000273
настанет 1,690196 0,000213
настоятельно 0,991226 0,000125
настоящая 1,213075 0,000153
настоящее 0,963197 0,000121
наступившего 1,690196 0,000213
насчет 0,354404 0,000045
наука 0,000000 0,000000
науки 1,322219 0,000333
научил 1,322219 0,000167
нахмурился 0,991226 0,000125
начав 1,565257 0,000197
начала 0,381987 0,000048
начале 0,787106 0,000099
началось 1,053374 0,000265
наша 0,787106 0,000099
наше 0,662167 0,000250
нашего 0,396465 0,000150
нашей 0,599116 0,000075
нашелся 1,213075 0,000153
нашему 0,888564 0,000224
наши 0,544068 0,000069
нашим 0,936868 0,000472
наших 0,690196 0,000087
нашлась 1,690196 0,000213
нашу 0,824895 0,000104
небес 1,565257 0,000394
небеси 1,565257 0,000394
небесная 2,167317 0,000546
небесного 1,468347 0,000555
небесной 2,167317 0,000273
небесною 1,866287 0,000235
небесный 1,866287 0,000705
неблагородного 2,167317 0,000273
небо 1,021189 0,000129
небытия 1,866287 0,000235
неведомо 1,866287 0,000235
неведомым 2,167317 0,000273
невелико 2,167317 0,000273
невинными 2,167317 0,000273
невозможно 0,411442 0,000156
невозможное 1,264227 0,000159
невольника 2,167317 0,000273
невольники 2,167317 0,000273
невыносимее 1,866287 0,000235
него 0,000000 0,000000
негодованием 0,787106 0,000099
негодования 0,845098 0,000106
недоделанные 2,167317 0,000273
недоразумение 1,866287 0,000235
недостатка 1,866287 0,000470
недоумением 1,088136 0,000137
недоумении 0,805589 0,000101
недурна 1,866287 0,000235
незаметно 1,866287 0,000235
неизмеримом 2,167317 0,000273
некоторое 0,486076 0,000061
нелепость 1,088136 0,000137
нельзя 0,176091 0,000022
немедленно 0,554533 0,000070
немного 0,426955 0,000054
нему 0,080958 0,000071
немыслимы 1,690196 0,000213
ненавидят 1,565257 0,000197
необычайного 1,389166 0,000175
неожиданным 0,963197 0,000121
неопределенного 1,866287 0,000235
непобедимою 2,167317 0,000273
непокорные 2,167317 0,000546
непониманию 2,167317 0,000273
неправда 0,845098 0,000106
непременно 0,133894 0,000084
неразрешимые 2,167317 0,000273
неразрешимыми 2,167317 0,000273
неразрешимых 1,866287 0,000235
несколько 0,102859 0,000039
несмотря 0,275223 0,000035
неспокойство 2,167317 0,000273
несчастие 1,125925 0,000142
несчастнее 1,322219 0,000333
несчастное 1,468347 0,000185
несчастны 1,213075 0,000306
несчастные 2,167317 0,000273
несчастных 1,389166 0,000175
несчастье 1,264227 0,000159
неужели 0,389166 0,000294
неужто 0,599116 0,000075
неясная 1,690196 0,000213
нибудь 0,030597 0,000046
ниву 2,167317 0,000273
ниже 0,912045 0,000345
низости 1,322219 0,000167
никакая 1,690196 0,000213
никаких 0,565257 0,000142
никакого 0,403889 0,000051
никогда 0,088136 0,000155
никого 0,411442 0,000052
никто 0,185046 0,000023
нимало 0,991226 0,000125
ними 0,275223 0,000069
ниспровергнут 2,167317 0,000273
ничего 0,030597 0,000039
ничтожны 2,167317 0,000273
новая 0,787106 0,000099
новое 0,845098 0,000213
новой 0,936868 0,000118
новых 0,963197 0,000121
ногам 1,468347 0,000925
ноги 0,477121 0,000180
носители 2,167317 0,000273
ночь 0,248239 0,000063
ноша 2,167317 0,000273
ношей 2,167317 0,000273
ношу 1,468347 0,000185
нравственное 1,565257 0,000197
нуждаясь 1,389166 0,000175
ныне 1,021189 0,000129
обетование 1,565257 0,000197
обетом 1,866287 0,000235
обещал 1,088136 0,000274
обещали 1,468347 0,000185
обещание 1,167317 0,000294
обещанию 1,866287 0,000235
обиделся 1,264227 0,000159
облегчив 1,866287 0,000235
обливаясь 1,690196 0,000213
обман 1,125925 0,000284
обмане 2,167317 0,000273
обманем 2,167317 0,000273
обманывать 1,690196 0,000213
обнажат 2,167317 0,000273
обожать 1,866287 0,000235
обольстит 2,167317 0,000273
обольстительнее 2,167317 0,000273
оборачиваясь 1,468347 0,000185
обрадовались 1,565257 0,000197
образ 0,888564 0,000224
образа 1,389166 0,000175
образе 1,690196 0,000213
образом 0,347773 0,000088
обрати 2,167317 0,000273
обратили 1,468347 0,000185
обратились 1,322219 0,000167
обращались 1,565257 0,000197
обременил 2,167317 0,000273
обрызжет 2,167317 0,000273
обрящут 1,866287 0,000235
общества 0,787106 0,000099
общественное 0,000000 0,000000
общий 1,167317 0,000147
общности 2,167317 0,000273
объявили 1,322219 0,000167
объяснение 0,845098 0,000106
обычае 1,866287 0,000235
овладевает 2,167317 0,000273
овладеет 2,167317 0,000273
овладеть 1,690196 0,000426
огнем 1,468347 0,000185
огненная 2,167317 0,000273
огонь 1,264227 0,000319
огромная 1,389166 0,000175
одеждам 2,167317 0,000273
одеждах 2,167317 0,000273
один 0,046743 0,000035
одна 0,185046 0,000070
однажды 0,635838 0,000080
однако 0,102859 0,000052
одни 0,459747 0,000116
одним 0,286504 0,000072
одних 0,888564 0,000448
одно 0,099131 0,000062
одного 0,150284 0,000076
одному 0,334808 0,000042
одну 0,232819 0,000029
ожидая 0,936868 0,000118
озере 1,866287 0,000235
озеро 1,690196 0,000213
озрись 2,167317 0,000273
окончанию 2,167317 0,000273
окружает 2,167317 0,000273
омрачилось 1,690196 0,000213
опозорена 2,167317 0,000273
оправдалось 1,690196 0,000213
опубликовано 0,000000 0,000000
опускают 2,167317 0,000273
опять 0,027438 0,000041
оробеют 2,167317 0,000273
осанна 1,866287 0,000235
оскудевал 2,167317 0,000273
осмыслить 1,389166 0,000175
основ 1,565257 0,000197
основал 1,565257 0,000197
основали 1,866287 0,000235
основание 1,389166 0,000175
основе 1,866287 0,000235
основная 2,167317 0,000273
основную 1,690196 0,000213
основных 1,690196 0,000213
особенно 0,129891 0,000033
оспорит 2,167317 0,000273
оставаться 0,769377 0,000291
оставив 0,991226 0,000125
оставить 0,690196 0,000087
оставшиеся 1,690196 0,000426
оставшись 1,264227 0,000159
остается 0,787106 0,000099
остались 0,735954 0,000093
остальные 0,704919 0,000266
остальных 1,167317 0,000147
останавливается 1,690196 0,000852
останется 0,704919 0,000178
остановились 1,053374 0,000133
остановился 0,419129 0,000053
остановку 2,167317 0,000273
осужу 1,866287 0,000235
отверг 1,468347 0,001850
отвергли 1,565257 0,000197
отвергнет 1,690196 0,000639
отвергнуть 1,866287 0,000235
ответ 0,533849 0,000067
ответа 0,720159 0,000181
ответил 0,237898 0,000030
ответит 1,213075 0,000153
ответною 2,167317 0,000273
отвечает 1,021189 0,000129
отвечай 1,088136 0,000137
отворяет 2,167317 0,000273
отворяется 1,565257 0,000197
отдать 0,752344 0,000095
отец 0,316059 0,000119
откажутся 2,167317 0,000273
открытый 1,866287 0,000235
откуда 0,523865 0,000132
отмстит 2,167317 0,000273
отнять 1,468347 0,000370
отрекаюсь 1,565257 0,000197
отрекусь 2,167317 0,000273
отречешься 2,167317 0,000273
отрицать 1,468347 0,000185
отрываясь 1,167317 0,000147
отходит 1,468347 0,000185
отца 0,222835 0,000028
отчаянии 0,912045 0,000115
отшельник 2,167317 0,000273
отшельников 2,167317 0,000273
отымешь 2,167317 0,000273
отыщут 2,167317 0,000273
оформление 0,000000 0,000000
оценят 1,866287 0,000235
очей 2,167317 0,000273
очень 0,024303 0,000009
очнулся 0,912045 0,000115
очутился 0,912045 0,000115
ошибка 1,021189 0,000129
падает 1,213075 0,000153
падут 2,167317 0,000273
паисий 1,088136 0,000274
пала 1,565257 0,000197
папе 1,690196 0,000213
паперти 1,690196 0,000213
паперть 2,167317 0,000273
папы 1,866287 0,000235
париже 1,322219 0,000167
парижской 1,866287 0,000235
пастырь 1,866287 0,000235
пасть 1,565257 0,000197
патер 1,866287 0,000235
пахнет 1,468347 0,000185
первого 0,411442 0,000052
первому 1,021189 0,000129
первосвященниками 2,167317 0,000273
первосвященников 2,167317 0,000273
первосвященником 2,167317 0,000273
первый 0,248239 0,000094
перебить 1,866287 0,000235
переводами 2,167317 0,000273
переговорено 2,167317 0,000273
переговорил 1,389166 0,000175
переговорить 1,389166 0,000175
передал 0,690196 0,000087
передано 1,866287 0,000470
передать 0,690196 0,000087
перестав 1,468347 0,000185
переходить 1,468347 0,000185
переходя 1,690196 0,000213
перешло 0,000000 0,000000
перст 1,322219 0,000167
песенке 2,167317 0,000273
песнями 2,167317 0,000273
песок 1,690196 0,000213
печальном 2,167317 0,000546
питался 2,167317 0,000273
питаясь 2,167317 0,000273
пишут 1,053374 0,000133
пламенем 1,690196 0,000213
пламеннее 1,866287 0,000235
плачем 1,468347 0,000185
плачет 0,824895 0,000104
плачущая 2,167317 0,000273
плачущей 1,690196 0,000213
племени 1,690196 0,000213
племя 1,866287 0,000235
плененный 2,167317 0,000273
пленить 2,167317 0,000273
пленник 2,167317 0,001092
пленника 2,167317 0,000546
плечо 0,866287 0,000109
плоть 1,866287 0,000235
площади 1,021189 0,000129
плясками 2,167317 0,000273
победит 1,565257 0,000197
победить 1,322219 0,000167
победишь 2,167317 0,000273
побежал 0,623249 0,000079
побеждая 1,866287 0,000235
побежит 1,690196 0,000213
побледнел 0,704919 0,000089
побороли 2,167317 0,000273
повели 1,690196 0,000213
повергается 2,167317 0,000273
поверит 1,125925 0,000142
повернулся 0,587534 0,000148
поверят 1,389166 0,000175
повестей 2,167317 0,000273
повиноваться 2,167317 0,000273
повсеместно 1,088136 0,000274
повторяю 0,648803 0,000245
повторяют 1,866287 0,000235
поглядеть 1,088136 0,000137
погружаются 2,167317 0,000273
подал 0,752344 0,000095
подборка 0,000000 0,000000
подвиг 1,167317 0,000735
подгребать 2,167317 0,000546
поддался 1,866287 0,000235
поди 1,125925 0,000142
подл 1,264227 0,000159
поднялся 0,635838 0,000080
подобен 1,866287 0,000235
подобие 1,565257 0,000197
подобная 1,565257 0,000197
подобное 1,213075 0,000306
подождал 1,264227 0,000159
подошел 0,514105 0,000065
подумал 0,334808 0,000042
подхватил 0,533849 0,000067
подхватят 2,167317 0,000273
подходит 1,264227 0,000159
подчиниться 1,565257 0,000197
подымается 1,690196 0,000213
поеду 1,053374 0,000133
пожалуй 0,237898 0,000090
позволения 1,264227 0,000319
позволено 1,053374 0,000531
позволим 2,167317 0,000273
позволь 1,125925 0,000142
позволяем 2,167317 0,000273
позволять 1,690196 0,000213
познании 1,866287 0,000235
познания 1,690196 0,000213
пойдет 0,720159 0,000091
пойдут 1,125925 0,000284
поймут 1,322219 0,000333
пока 0,213075 0,000081
показав 1,565257 0,000197
показалось 0,495219 0,000062
показать 0,720159 0,000091
поклонится 1,866287 0,000235
поклониться 1,690196 0,000213
покой 1,322219 0,000167
покорен 2,167317 0,000273
покорится 2,167317 0,000273
покорно 1,565257 0,000197
покорятся 2,167317 0,000273
покоряться 2,167317 0,000273
покоя 1,468347 0,000185
полному 2,167317 0,000273
положил 0,599116 0,000151
положили 1,088136 0,000137
полторы 1,021189 0,000129
получают 1,690196 0,000213
получая 1,690196 0,000426
помещиками 1,866287 0,000235
помиловании 2,167317 0,000273
помилования 2,167317 0,000273
помимо 1,866287 0,000235
помнить 0,991226 0,000125
помощники 2,167317 0,000273
помыслим 2,167317 0,000273
помыслить 1,690196 0,000426
понадеялся 1,690196 0,000213
понесли 1,690196 0,000213
понесут 2,167317 0,000819
понесших 2,167317 0,000273
понимать 0,690196 0,000174
понимаю 0,381987 0,000096
поняв 1,053374 0,000133
понял 0,396465 0,000050
понятие 1,053374 0,000133
понять 0,396465 0,000050
поправляющих 2,167317 0,000273
пора 0,845098 0,000106
поработите 2,167317 0,000273
поработить 2,167317 0,000273
порабощения 2,167317 0,000273
пораженная 1,690196 0,000213
поразить 1,389166 0,000175
порочного 1,866287 0,000235
порочны 2,167317 0,000546
порфиру 2,167317 0,000546
порядке 0,936868 0,000118
посетителей 0,000000 0,000000
посетители 0,000000 0,000000
посетить 1,468347 0,000185
посещает 1,468347 0,000185
посещал 1,565257 0,000197
поскорее 0,486076 0,000122
после 0,084532 0,000021
последнее 0,486076 0,000122
последний 0,403889 0,000102
последних 0,866287 0,000218
послужить 1,167317 0,000147
послушал 2,167317 0,000273
послушание 1,468347 0,000185
послушанию 2,167317 0,000273
послушен 1,866287 0,000235
послушное 2,167317 0,000546
послушны 2,167317 0,000273
послушными 2,167317 0,000273
посмертно 0,000000 0,000000
посмеяться 1,264227 0,000159
посмотри 1,125925 0,000142
поставил 0,845098 0,000213
поставили 1,322219 0,000167
поставят 2,167317 0,000273
пострадать 1,565257 0,000197
поступил 0,991226 0,000375
посягнет 2,167317 0,000273
потерял 0,866287 0,000109
потом 0,084532 0,000011
потому 0,024303 0,000028
потонуть 2,167317 0,000273
потребность 0,963197 0,000485
потребовал 1,264227 0,000319
похоже 0,845098 0,000106
поцеловал 0,866287 0,000109
поцелуй 1,264227 0,000159
почему 0,099131 0,000050
почти 0,024303 0,000018
пошел 0,275223 0,000069
пошли 0,735954 0,000093
поэм 1,866287 0,000235
поэма 1,468347 0,000555
поэме 2,167317 0,000273
поэмка 1,866287 0,000470
поэмы 1,866287 0,000470
поэтических 2,167317 0,000273
поэтов 1,866287 0,000235
поют 1,468347 0,000185
появился 1,021189 0,000129
появиться 2,167317 0,000273
появлении 1,565257 0,000197
появления 1,125925 0,000142
появляется 1,565257 0,000197
прав 0,769377 0,000291
права 0,554533 0,000210
правда 0,162996 0,000082
правдивости 1,690196 0,000213
правду 0,443041 0,000112
праведникам 2,167317 0,000273
праведников 1,866287 0,000235
правителей 2,167317 0,000273
право 0,361137 0,000137
правое 1,866287 0,000235
православии 1,866287 0,000235
правы 1,021189 0,000515
пред 0,033778 0,000089
пределов 1,690196 0,000213
предисловия 1,690196 0,000426
предлагал 1,468347 0,000185
предлагалось 2,167317 0,000546
предложение 0,963197 0,000243
предложены 1,866287 0,000235
предположи 2,167317 0,000273
предсказана 2,167317 0,000273
предсказано 2,167317 0,000273
представление 1,690196 0,000213
представлений 1,866287 0,000235
представления 1,468347 0,000555
предупреждали 2,167317 0,000273
предупреждении 2,167317 0,000273
предупреждений 2,167317 0,000273
предупреждениях 2,167317 0,000273
прежде 0,077412 0,000059
прежней 0,936868 0,000118
прежнему 0,587534 0,000074
прежнею 1,322219 0,000167
прежним 0,963197 0,000121
прежняя 1,322219 0,000167
презанимательный 2,167317 0,000273
преклонение 2,167317 0,000273
преклонения 1,866287 0,000470
преклонились 2,167317 0,000273
преклонится 1,866287 0,000235
преклониться 2,167317 0,001638
прекратились 2,167317 0,000273
прекратятся 2,167317 0,000273
прелестнейших 2,167317 0,000273
прельщенный 1,866287 0,000235
премудрости 1,690196 0,000213
премудрость 1,690196 0,000213
премудрый 1,866287 0,000235
пренебречь 2,167317 0,000273
прервал 0,735954 0,000093
пресвятой 1,866287 0,000235
престолом 1,866287 0,000235
преступления 0,963197 0,000121
претерпел 2,167317 0,000273
прибавил 0,275223 0,000104
прибавить 1,088136 0,000137
прибавляет 1,690196 0,000426
прибавлять 1,866287 0,000705
приближается 2,167317 0,000273
привести 1,389166 0,000175
приводит 2,167317 0,000273
придворных 2,167317 0,000273
придет 0,514105 0,000065
придешь 1,322219 0,000333
придите 1,468347 0,000185
приду 0,675956 0,000085
придумайте 2,167317 0,000273
придумать 1,389166 0,000350
придут 1,125925 0,000142
приеду 1,264227 0,000159
прижизненно 0,000000 0,000000
прижиматься 2,167317 0,000273
прийти 0,662167 0,000083
прикосновения 1,866287 0,000235
пример 1,125925 0,000142
примера 1,866287 0,000235
прими 1,565257 0,000394
примкнул 1,866287 0,000705
примкнуть 1,690196 0,000213
принесли 1,264227 0,000159
принесут 1,565257 0,000197
принесший 2,167317 0,000273
приняв 1,322219 0,000500
принять 0,523865 0,000066
приползет 2,167317 0,000273
приползут 2,167317 0,000273
припоминал 0,936868 0,000118
природа 1,125925 0,000284
природе 1,125925 0,000142
природы 1,021189 0,000257
прирожденном 2,167317 0,000273
присутствии 1,264227 0,000159
притом 0,769377 0,000097
приучен 2,167317 0,000273
приходи 1,322219 0,000500
приходил 0,720159 0,000091
пришел 0,322219 0,000325
пришлось 0,769377 0,000097
пробные 2,167317 0,000273
пробы 1,690196 0,000213
провозгласит 2,167317 0,000273
прогвожденные 2,167317 0,000273
проговорил 0,154480 0,000058
программирование 0,000000 0,000000
продолжает 1,213075 0,000306
прозревший 2,167317 0,000273
произведение 0,000000 0,000000
произведений 0,000000 0,000000
произведения 0,000000 0,000000
произведениях 2,167317 0,000273
производившие 2,167317 0,000273
произнесено 1,213075 0,000153
произносит 1,866287 0,000235
произносят 1,866287 0,000235
происходит 0,936868 0,000118
пройдут 1,565257 0,000394
проклятие 1,322219 0,000333
проклятый 1,021189 0,000129
пролетели 1,866287 0,000235
промелькнуло 1,125925 0,000284
промучившись 2,167317 0,000273
проникновенно 1,389166 0,000350
проникновенном 2,167317 0,000273
проповедовать 1,866287 0,000235
пророк 1,866287 0,000470
пророчествуют 1,866287 0,000235
просвещения 1,468347 0,000185
просит 0,866287 0,000109
простирает 1,866287 0,000470
простирая 1,389166 0,000175
просто 0,232819 0,000059
простодушно 1,322219 0,000167
простое 1,468347 0,000185
простоте 1,389166 0,000175
против 0,389166 0,000098
противоречия 1,690196 0,000213
проходит 1,565257 0,001183
процессия 2,167317 0,000273
прочим 0,662167 0,000083
прошло 0,000000 0,000000
прошу 0,599116 0,000151
прощаемся 2,167317 0,000273
прощу 1,264227 0,000159
прямо 0,118099 0,000060
прямой 1,125925 0,000142
птенцы 1,866287 0,000235
публикации 0,000000 0,000000
пустим 2,167317 0,000273
пустыне 1,468347 0,001295
пустыни 2,167317 0,000273
пусть 0,253503 0,000064
путаница 1,690196 0,000213
путь 0,912045 0,000115
путям 2,167317 0,000273
пытавшийся 2,167317 0,000273
пятая 1,264227 0,000319
пятнадцать 0,936868 0,000826
пятницы 2,167317 0,000273
работать 1,213075 0,000153
рабских 2,167317 0,000273
рабском 1,866287 0,000235
рабства 1,690196 0,000213
рабы 2,167317 0,000273
равно 0,303994 0,000077
радости 0,635838 0,000080
радостию 1,389166 0,000175
радостью 0,991226 0,000125
рады 1,125925 0,000142
разбаловал 2,167317 0,000273
разбился 1,690196 0,000213
разбора 2,167317 0,000273
разве 0,146128 0,000092
разврате 1,690196 0,000213
развязывать 2,167317 0,000273
разговор 0,434924 0,000055
разгоряченного 2,167317 0,000273
разгорячился 1,468347 0,000370
раздается 1,690196 0,000213
раздать 1,866287 0,000235
раздвигается 1,866287 0,000235
разделиться 1,866287 0,000235
раздражительно 0,752344 0,000095
раздробил 2,167317 0,000273
раздробление 2,167317 0,000273
раздумье 1,125925 0,000142
различия 1,690196 0,000213
размеру 1,866287 0,000235
разом 0,389166 0,000098
разорвут 2,167317 0,000273
разрешения 0,000000 0,000000
разрешив 2,167317 0,000273
разрешим 1,866287 0,000470
разрушению 2,167317 0,000546
разрушения 1,866287 0,000235
разрушится 2,167317 0,000273
разряд 1,690196 0,000213
разыскать 1,565257 0,000197
раскаленной 2,167317 0,000273
раскачиваясь 1,866287 0,000235
раскрытыми 2,167317 0,000273
рассердись 1,866287 0,000235
рассердишься 1,690196 0,000213
расслабленно 2,167317 0,000273
рассмеялся 0,805589 0,000203
расстался 1,468347 0,000185
расстоянии 1,565257 0,000197
рассудил 1,125925 0,000142
рассыпал 2,167317 0,000273
растлении 2,167317 0,000273
расхочу 2,167317 0,000273
расшибется 2,167317 0,000273
ратуши 2,167317 0,000273
реализм 1,322219 0,000167
ребенка 0,787106 0,000198
ребенок 0,648803 0,000082
ребятишек 2,167317 0,000273
редакция 1,866287 0,000235
речь 0,704919 0,000089
решать 1,468347 0,000185
решение 0,735954 0,000093
решением 1,565257 0,000197
решению 1,565257 0,000197
решения 0,991226 0,000125
реши 1,866287 0,000235
римская 1,866287 0,000235
римским 2,167317 0,000273
римскими 2,167317 0,000273
римского 1,690196 0,000426
римской 1,866287 0,000235
робки 2,167317 0,000273
ровно 0,533849 0,000067
роде 0,504560 0,000127
родная 1,389166 0,000175
рождается 1,565257 0,000197
рождения 0,888564 0,000112
руками 0,280827 0,000071
руках 0,396465 0,000250
руке 0,735954 0,000093
руки 0,167317 0,000084
руководит 2,167317 0,000273
руководстве 2,167317 0,000273
руководящая 2,167317 0,000273
руку 0,222835 0,000028
русская 0,000000 0,000000
рыдания 1,866287 0,000235
рыцарей 2,167317 0,000273
рясе 1,866287 0,000235
садится 1,690196 0,000213
сайте 0,000000 0,000000
сама 0,208276 0,000079
самая 0,599116 0,000075
сами 0,142011 0,000054
самих 1,264227 0,000478
самого 0,118099 0,000045
самое 0,167317 0,000042
самом 0,114239 0,000086
самому 0,426955 0,000054
самоуничтожения 2,167317 0,000273
самую 0,459747 0,000174
самые 0,381987 0,000144
самый 0,198834 0,000025
самых 0,468347 0,000059
сбудется 1,690196 0,000213
сведение 1,690196 0,000213
сверкает 2,167317 0,000273
сверх 0,752344 0,000095
света 0,845098 0,000106
свете 0,426955 0,000108
светильник 2,167317 0,000273
светильником 2,167317 0,000273
светильнику 2,167317 0,000273
светится 2,167317 0,000273
светлой 1,565257 0,000197
свидания 0,787106 0,000099
свирепые 2,167317 0,000273
свобода 1,866287 0,001646
свободе 1,468347 0,000370
свободно 0,000000 0,000000
свободного 1,468347 0,000555
свободное 2,167317 0,000546
свободной 2,167317 0,001365
свободны 2,167317 0,000273
свободные 1,866287 0,000235
свободный 1,389166 0,000175
свободным 1,866287 0,000941
свободными 2,167317 0,001365
свободных 2,167317 0,000273
свободой 2,167317 0,001365
свободу 1,264227 0,001115
свободы 1,389166 0,001925
сводить 1,690196 0,000213
сводчатую 2,167317 0,000273
свое 0,150284 0,000019
своего 0,091770 0,000058
своей 0,066947 0,000076
своем 0,198834 0,000100
своему 0,367977 0,000139
своею 0,443041 0,000167
свои 0,146128 0,000018
своим 0,208276 0,000052
своими 0,495219 0,000312
своих 0,237898 0,000210
свой 0,189594 0,000048
свою 0,073896 0,000084
связывать 2,167317 0,000273
святого 0,991226 0,000125
святые 1,264227 0,000319
святым 1,468347 0,000185
святых 1,167317 0,000294
священная 1,866287 0,000235
сделав 1,264227 0,000159
сделал 0,381987 0,000096
сделали 0,787106 0,000298
сделан 1,866287 0,000235
сделать 0,403889 0,000204
сдерживавший 2,167317 0,000273
себе 0,033778 0,000026
себя 0,005949 0,000013
севере 1,866287 0,000235
севилье 2,167317 0,000273
севильи 2,167317 0,000273
севильская 2,167317 0,000273
севильского 2,167317 0,000273
сего 0,611015 0,000154
сегодня 0,000000 0,000000
седые 1,690196 0,000213
секрет 0,787106 0,000397
секретов 2,167317 0,000273
семидесяти 0,000000 0,000000
семилетняя 2,167317 0,000273
сему 1,264227 0,000159
семь 0,787106 0,000099
сердец 1,468347 0,000370
сердца 0,334808 0,000127
сердце 0,171682 0,000087
сердцем 0,675956 0,000170
серьез 2,167317 0,000273
сжигали 2,167317 0,000546
сзади 0,824895 0,000104
сидящая 1,866287 0,000235
сила 0,936868 0,000708
силам 1,468347 0,000185
силах 0,623249 0,000314
силе 1,213075 0,000153
силой 0,675956 0,000085
силу 0,866287 0,000109
силы 0,514105 0,000453
сильнее 0,866287 0,000109
сильно 0,292256 0,000037
сильных 1,322219 0,000500
скажем 1,389166 0,000700
скажет 0,587534 0,000074
скажешь 1,322219 0,000167
скажи 0,662167 0,000167
скажу 0,275223 0,000035
скажут 0,963197 0,000243
сказал 0,099131 0,000050
сказанное 1,866287 0,000470
сказано 0,662167 0,000334
сказать 0,073896 0,000028
скверных 1,565257 0,000197
скит 1,389166 0,000175
скитский 2,167317 0,000273
склоняется 2,167317 0,000273
сколь 1,389166 0,000175
сколько 0,280827 0,000071
скончания 1,866287 0,000235
скорбном 1,866287 0,000235
скорбью 1,565257 0,000394
скорей 0,845098 0,000106
скоро 0,298086 0,000038
скрою 1,690196 0,000213
скрывать 1,264227 0,000159
скрывающихся 2,167317 0,000273
слаб 1,213075 0,000153
слабая 1,690196 0,000213
слабее 2,167317 0,000273
слабого 1,389166 0,000175
слабое 1,866287 0,000235
слабосильной 2,167317 0,000273
слабосильны 2,167317 0,000273
слабосильные 2,167317 0,000546
слабосильных 2,167317 0,000546
слабы 1,866287 0,000235
слабые 2,167317 0,000546
слабых 1,565257 0,000197
славе 1,690196 0,000426
славу 1,468347 0,000185
слаще 1,866287 0,000235
следует 0,936868 0,000118
следуют 1,866287 0,000235
следуя 2,167317 0,000273
слезами 0,554533 0,000140
слезоточивы 2,167317 0,000273
слезы 0,554533 0,000070
слепо 1,690196 0,000213
слепой 2,167317 0,000546
слепцы 1,866287 0,000235
слишком 0,133894 0,000101
слов 0,367977 0,000046
слова 0,129891 0,000033
словах 0,635838 0,000080
слово 0,232819 0,000029
словом 0,367977 0,000046
словцо 1,125925 0,000142
служить 1,053374 0,000133
случайно 0,866287 0,000109
случались 1,468347 0,000185
случаях 0,599116 0,000075
случиться 1,213075 0,000306
слушавший 1,565257 0,000394
слушай 0,635838 0,000080
слушал 0,576253 0,000073
слышишь 0,866287 0,000109
смеется 0,611015 0,000077
смеешь 1,389166 0,000175
смелостью 1,866287 0,000235
смеркалось 1,690196 0,000213
смерти 0,468347 0,000118
смерть 0,805589 0,000304
смертью 1,264227 0,000159
смеху 0,991226 0,000125
смеялся 0,576253 0,000073
смиренно 1,167317 0,000147
смиренное 1,866287 0,000235
смиренным 1,866287 0,000235
смиренных 1,690196 0,000213
смотреть 0,477121 0,000060
смотрит 0,690196 0,000261
смотришь 1,021189 0,000129
смотря 0,322219 0,000122
смрадно 2,167317 0,000273
смысл 0,991226 0,000125
смысле 0,752344 0,000095
смятение 1,389166 0,000350
смятении 1,264227 0,000159
смятения 1,565257 0,000197
снизойти 1,866287 0,000235
снисходил 2,167317 0,000273
снисходит 2,167317 0,000273
сносном 2,167317 0,000273
снят 2,167317 0,000273
соберется 1,866287 0,000235
собора 1,565257 0,000394
соборе 2,167317 0,000273
соборный 2,167317 0,000273
собою 0,347773 0,000088
собрание 0,000000 0,000000
собрать 2,167317 0,000273
собственного 0,963197 0,000121
собственных 0,991226 0,000125
события 1,264227 0,000159
совершались 2,167317 0,000273
совершенным 1,389166 0,000175
совершено 1,565257 0,000197
совершенства 1,866287 0,000235
совести 0,690196 0,000348
совесть 0,805589 0,000406
совестью 1,389166 0,000350
совет 1,213075 0,000153
советы 1,690196 0,000213
совокупились 2,167317 0,000273
совокуплена 2,167317 0,000273
современный 1,565257 0,000197
совсем 0,021189 0,000019
согласие 1,021189 0,000129
согласились 1,167317 0,000294
согласится 1,389166 0,000175
согласия 0,000000 0,000000
согласный 1,866287 0,000235
соединения 2,167317 0,000546
соединившаяся 2,167317 0,000273
соединиться 1,866287 0,000235
сожгу 2,167317 0,000819
сожжена 2,167317 0,000273
сожженных 2,167317 0,000273
создавший 2,167317 0,000273
создан 2,167317 0,000273
создана 1,866287 0,000235
созданий 1,690196 0,000213
созданные 2,167317 0,000273
созданы 1,690196 0,000426
созидали 2,167317 0,000273
созиждется 2,167317 0,000273
сознав 1,565257 0,000197
сознавали 2,167317 0,000273
сознательно 1,389166 0,000175
сознаются 2,167317 0,000273
сойди 2,167317 0,000273
сойдутся 1,565257 0,000197
сойти 1,389166 0,000175
сократить 1,468347 0,000185
солжем 2,167317 0,000546
солнце 0,845098 0,000106
сомнение 1,565257 0,000197
сомнения 0,523865 0,000066
сонма 2,167317 0,000273
сонме 1,866287 0,000235
сонму 2,167317 0,000273
соответствовали 2,167317 0,000273
сорвался 1,389166 0,000175
сосны 1,565257 0,000197
состоит 1,088136 0,000274
состраданием 1,565257 0,000197
сострадании 1,866287 0,000235
сострадания 1,053374 0,000133
сострадать 1,866287 0,000235
сотни 1,468347 0,000185
сотня 1,690196 0,000213
сотрясают 2,167317 0,000273
сохраним 2,167317 0,000273
сохранится 2,167317 0,000273
сочинением 1,866287 0,000235
сочинений 0,000000 0,000000
сочините 2,167317 0,000273
сочинитель 1,690196 0,000213
сочинителя 2,167317 0,000273
сочинить 1,690196 0,000213
сошел 0,787106 0,000198
сошествие 2,167317 0,000273
союз 1,322219 0,000167
спасать 1,866287 0,000235
спасет 1,322219 0,000167
спасибо 0,866287 0,000109
спасите 1,565257 0,000197
спасли 1,322219 0,000333
списыванием 2,167317 0,000273
спокойствие 1,322219 0,000167
способствовал 1,468347 0,000185
спохватился 1,167317 0,000147
справиться 1,167317 0,000147
спрашивает 1,125925 0,000284
спрашивай 1,866287 0,000235
спрашиваю 0,845098 0,000106
спросил 0,222835 0,000056
сравниться 1,866287 0,000235
сразится 2,167317 0,000273
среди 0,769377 0,000388
став 1,322219 0,000167
ставит 1,690196 0,000426
стадо 1,389166 0,001225
стали 0,322219 0,000081
стало 0,091770 0,000035
станем 1,264227 0,000159
станет 0,623249 0,000079
станется 1,389166 0,000175
станут 1,213075 0,001070
старик 0,434924 0,000712
старика 0,587534 0,000148
стариков 1,866287 0,000235
старику 1,053374 0,000664
старину 1,565257 0,000197
старой 1,167317 0,000147
старцем 1,167317 0,000147
стать 0,845098 0,000319
стихов 1,264227 0,000319
стогна 2,167317 0,000273
стогны 2,167317 0,000273
стоило 1,021189 0,000129
стоить 1,468347 0,000185
стой 0,912045 0,000230
стол 0,486076 0,000061
столетии 1,468347 0,000185
столь 0,434924 0,000548
столько 0,477121 0,000361
стороны 0,185046 0,000023
стоял 0,309985 0,000039
стоящего 1,690196 0,000213
стоящими 2,167317 0,000273
страдальца 1,866287 0,000235
страдальцев 1,866287 0,000235
страдание 0,936868 0,000236
страдания 0,888564 0,000112
страдающему 2,167317 0,000273
страдающий 1,690196 0,000213
стража 1,866287 0,000470
стражам 2,167317 0,000273
стражами 2,167317 0,000273
стране 2,167317 0,000273
странно 0,354404 0,000089
странное 0,690196 0,000087
страстно 1,322219 0,000167
страхе 0,991226 0,000125
страшатся 2,167317 0,000273
страшная 0,805589 0,000203
страшно 0,434924 0,000055
страшного 1,213075 0,000459
страшное 0,991226 0,000250
страшные 1,053374 0,000133
страшный 0,845098 0,000319
страшным 1,213075 0,000153
страшных 1,565257 0,000592
стрелка 2,167317 0,000273
стремилось 2,167317 0,000273
стремится 1,389166 0,000175
стремясь 1,866287 0,000235
строго 0,576253 0,000073
студента 1,690196 0,000213
ступай 0,735954 0,000185
судейские 2,167317 0,000273
суди 1,866287 0,000470
судил 1,322219 0,000333
судилища 2,167317 0,000273
судя 1,021189 0,000129
сумеют 1,866287 0,000235
существ 1,389166 0,000700
существа 1,021189 0,000257
существо 0,690196 0,000087
существует 0,866287 0,000218
сходила 1,565257 0,000197
сходит 1,565257 0,000197
сцене 1,213075 0,000153
сцену 0,845098 0,000106
счастии 1,690196 0,000426
счастия 1,088136 0,000548
счастливой 1,468347 0,000185
счастливы 1,213075 0,000306
счастливыми 1,690196 0,001065
счастливых 1,468347 0,000370
счастье 0,787106 0,000298
счастью 1,866287 0,000235
счастья 0,888564 0,000224
считали 1,167317 0,000147
считать 0,720159 0,000091
сына 0,576253 0,000073
сыскать 1,866287 0,000705
сядем 1,866287 0,000235
тайн 1,565257 0,000789
тайна 0,963197 0,000971
тайнами 2,167317 0,000273
тайне 1,264227 0,000159
тайной 1,565257 0,000197
тайну 0,991226 0,000624
тайны 1,389166 0,000700
тайный 1,690196 0,000213
такая 0,309985 0,000039
также 0,000000 0,000000
таки 0,066947 0,000025
такие 0,232819 0,000117
таким 0,243038 0,000092
такими 0,690196 0,000087
таких 0,243038 0,000153
такова 1,088136 0,000137
таковых 1,389166 0,000175
такого 0,243038 0,000153
такое 0,114239 0,000043
такой 0,077412 0,000039
талифа 1,866287 0,000235
татарщину 2,167317 0,000273
твердо 0,419129 0,000053
твердого 1,565257 0,000394
твердым 1,125925 0,000142
твердых 1,866287 0,000235
твое 0,845098 0,000852
твоего 0,787106 0,000298
твоей 0,888564 0,000336
твоем 1,322219 0,000167
твоему 0,912045 0,000345
твои 0,787106 0,000298
твоими 1,565257 0,000197
твоих 0,963197 0,000243
твой 0,735954 0,001113
твою 0,912045 0,000115
твоя 0,635838 0,000320
тебе 0,203530 0,000718
тебя 0,198834 0,000902
текст 0,000000 0,000000
текут 1,690196 0,000213
текущим 2,167317 0,000273
тело 1,125925 0,000142
темная 1,389166 0,000175
темные 1,167317 0,000147
темы 1,389166 0,000175
теперешний 1,167317 0,000147
теперешних 1,468347 0,000185
теперь 0,015029 0,000030
тесную 2,167317 0,000273
тимуры 2,167317 0,000273
тихо 0,354404 0,000357
тихое 1,468347 0,000185
тихою 1,389166 0,000175
тобой 0,419129 0,000264
тобою 0,845098 0,000958
тогда 0,050046 0,000183
того 0,005949 0,000018
тоже 0,043466 0,000044
токмо 1,565257 0,000197
толпа 0,991226 0,000250
толпой 1,322219 0,000167
толпы 1,167317 0,000294
только 0,002964 0,000009
томах 0,000000 0,000000
тому 0,095435 0,000108
торжественное 1,690196 0,000213
тоску 1,264227 0,000159
тотчас 0,046743 0,000018
точно 0,121994 0,000015
трагедия 1,213075 0,000153
трактира 1,322219 0,000167
трем 1,264227 0,000159
трепетать 1,690196 0,000213
трепетно 2,167317 0,000273
трепещущее 2,167317 0,000273
третий 0,544068 0,000069
третье 1,125925 0,000284
третьи 1,690196 0,000213
трех 0,374926 0,000331
тридцати 1,021189 0,000386
троицына 2,167317 0,000273
труда 1,690196 0,000213
туда 0,495219 0,000062
тысяч 0,451314 0,000398
тысячемиллионное 2,167317 0,000273
тысячи 0,426955 0,000215
тысячу 0,769377 0,000194
тьфу 1,213075 0,000153
тюрьму 1,565257 0,000394
тюрьмы 2,167317 0,000273
тютчев 2,167317 0,000273
тяжело 0,565257 0,000071
убавить 2,167317 0,000273
убедим 2,167317 0,000546
убедиться 1,125925 0,000142
убедясь 1,690196 0,000213
убедятся 2,167317 0,000546
убеждается 2,167317 0,000273
убил 0,523865 0,000066
убьешь 1,468347 0,000185
уважая 1,468347 0,000370
увеличил 2,167317 0,000273
уверены 0,805589 0,000101
уверовали 1,866287 0,000235
уверуем 2,167317 0,000273
увидавший 2,167317 0,000273
увидел 0,648803 0,000082
увидишь 1,125925 0,000142
увидят 1,264227 0,000159
увижу 1,213075 0,000153
увлечением 1,468347 0,000185
уводят 2,167317 0,000273
угадано 2,167317 0,000273
угаснут 2,167317 0,000273
угли 1,866287 0,000470
угнетут 2,167317 0,000273
удел 1,866287 0,000235
удивленными 2,167317 0,000273
удостоиваешь 2,167317 0,000273
удрученный 1,866287 0,000235
уеду 1,322219 0,000167
уезжая 1,565257 0,000197
уехал 0,752344 0,000095
ужасаться 1,866287 0,000235
ужасно 0,167317 0,000021
ужаснувшим 2,167317 0,000273
ужасов 1,565257 0,000197
узнаешь 1,565257 0,000197
узнать 0,374926 0,000047
узнают 1,389166 0,000350
узник 2,167317 0,000273
узрю 2,167317 0,000273
укажу 1,690196 0,000213
указании 2,167317 0,000273
указанию 1,565257 0,000197
указаниях 2,167317 0,000273
указать 1,125925 0,000142
указывает 1,322219 0,000167
украл 0,963197 0,000121
улыбаясь 0,805589 0,000101
улыбкой 0,468347 0,000059
улыбнулся 0,533849 0,000135
умереть 0,936868 0,000118
умершего 1,322219 0,000167
умершим 0,000000 0,000000
умилением 1,167317 0,000147
умирает 1,053374 0,000133
умного 1,565257 0,000197
умножил 2,167317 0,000273
умны 1,322219 0,000167
умный 0,936868 0,000236
умным 1,021189 0,000386
умолк 1,322219 0,000167
умоляет 1,690196 0,000213
умом 0,752344 0,000095
умрет 0,824895 0,000104
умрут 1,690196 0,000213
упадет 1,690196 0,000213
упорно 0,866287 0,000109
управляющих 1,866287 0,000235
услышать 1,053374 0,000133
усмехнулся 0,443041 0,000056
усмешкой 0,963197 0,000121
усмешкою 1,866287 0,000235
усмирить 1,866287 0,000235
успели 0,912045 0,000115
успокоения 1,866287 0,000235
успокоим 2,167317 0,000273
успокоит 1,866287 0,000235
уста 1,468347 0,000370
устали 1,565257 0,000197
устами 1,866287 0,000235
устроен 1,565257 0,000197
устроенный 2,167317 0,000273
устроенными 2,167317 0,000273
устроим 1,690196 0,000213
устроить 1,053374 0,000265
устроиться 1,389166 0,000175
утвердил 2,167317 0,000273
утрачены 2,167317 0,000273
утром 0,411442 0,000052
уходит 0,888564 0,000112
уходить 0,845098 0,000106
уходя 1,125925 0,000142
участников 2,167317 0,000273
ученых 1,264227 0,000159
учит 1,468347 0,000185
учителя 1,389166 0,000175
учить 1,088136 0,000137
ушел 0,599116 0,000151
фантазия 1,053374 0,000664
фантастического 1,690196 0,000426
федор 0,000000 0,000000
философов 2,167317 0,000273
формулы 2,167317 0,000273
фразах 1,866287 0,000235
франц 0,635838 0,000240
франции 1,866287 0,000235
французского 1,264227 0,000159
ханы 2,167317 0,000273
хвала 2,167317 0,000273
хватит 1,565257 0,000197
хлеб 1,389166 0,000700
хлеба 0,912045 0,000689
хлебами 2,167317 0,000273
хлебом 1,322219 0,000500
хлебу 2,167317 0,000273
хлебы 1,866287 0,002351
хмурит 2,167317 0,000546
ходил 0,611015 0,000077
ходило 1,565257 0,000197
хождение 1,468347 0,000185
холодною 1,389166 0,000175
хором 1,690196 0,000213
хотел 0,158717 0,000060
хотелось 0,381987 0,000048
хоть 0,060107 0,000129
хотя 0,050046 0,000095
хочешь 0,544068 0,000411
хочу 0,243038 0,000092
храм 1,565257 0,000394
храма 1,565257 0,000394
храмы 2,167317 0,000273
хранения 2,167317 0,000546
хранящие 2,167317 0,000273
христа 0,912045 0,000115
худшие 2,167317 0,000273
хула 2,167317 0,000273
царица 1,322219 0,000167
царства 2,167317 0,000819
царствии 1,866287 0,000235
царство 1,690196 0,000852
царь 1,866287 0,000235
царями 2,167317 0,000546
цветах 1,866287 0,000235
цветы 1,389166 0,000175
целая 0,845098 0,000106
целовал 1,088136 0,000137
целого 1,125925 0,000426
целое 1,053374 0,000133
целом 0,866287 0,000109
целует 1,690196 0,000426
целуй 1,690196 0,000213
целые 0,787106 0,000099
целящая 2,167317 0,000273
церкви 1,088136 0,000137
часа 0,000000 0,000000
часе 2,167317 0,000273
часов 0,411442 0,000052
часто 0,292256 0,000037
часть 0,002964 0,000001
часы 0,805589 0,000101
чашу 1,565257 0,000197
чего 0,040213 0,000015
человек 0,036984 0,000065
человека 0,154480 0,000195
человеку 0,459747 0,000116
человеческая 1,322219 0,000500
человеческим 1,866287 0,000235
человеческих 1,322219 0,000167
человеческого 1,125925 0,000284
человеческой 1,125925 0,000426
человеческом 1,690196 0,000213
человеческую 1,866287 0,000235
человечества 1,264227 0,000956
человечестве 1,322219 0,000167
человечество 1,088136 0,001097
человечеству 1,264227 0,000159
чему 0,341243 0,000086
черта 0,845098 0,000106
честь 0,554533 0,000070
чешуя 2,167317 0,000273
чингис 2,167317 0,000273
число 0,000000 0,000000
читаем 0,000000 0,000000
читал 0,735954 0,000093
читать 0,000000 0,000000
читаю 1,565257 0,000197
чрезвычайной 1,213075 0,000153
чрезвычайном 0,824895 0,000104
чрезвычайною 0,991226 0,000125
чтоб 0,073896 0,000056
чтобы 0,030597 0,000081
чувством 0,704919 0,000089
чуда 1,565257 0,000394
чудами 2,167317 0,000273
чуде 1,565257 0,000394
чудес 1,565257 0,000789
чудеса 1,322219 0,000167
чудесной 2,167317 0,000273
чудесные 2,167317 0,000273
чудо 1,053374 0,000796
чудом 1,468347 0,000185
чуду 1,690196 0,000426
чуть 0,176091 0,000044
чьего 0,000000 0,000000
чьих 1,866287 0,000235
шевельнулось 1,690196 0,000213
шестнадцатом 2,167317 0,000273
школьника 1,565257 0,000197
этим 0,189594 0,000024
этих 0,213075 0,000322
этого 0,053374 0,000047
этой 0,118099 0,000060
этом 0,046743 0,000059
этому 0,322219 0,000041
этот 0,011981 0,000008
этою 0,599116 0,000075
южного 2,167317 0,000273
явилась 1,021189 0,000257
явися 2,167317 0,000273
явится 1,264227 0,000319
явлены 2,167317 0,000273
является 1,389166 0,000350
ясно 0,354404 0,000089
