аблакат 2,167317 0,000495
автор 0,000000 0,000000
автором 0,000000 0,000000
авторского 0,000000 0,000000
автору 2,167317 0,000495
авторы 0,000000 0,000000
адвокат 1,167317 0,000533
адвоката 1,565257 0,000358
алексей 0,000000 0,000000
алексея 0,000000 0,000000
алеша 0,381987 0,001571
алешка 1,088136 0,000746
ангельская 1,690196 0,000386
ангельским 2,167317 0,000495
анекдотики 2,167317 0,000495
аргументации 2,167317 0,000495
арестантам 2,167317 0,000495
артист 1,565257 0,000358
артистически 2,167317 0,000495
архиве 1,866287 0,000426
архитектором 2,167317 0,000495
ахинею 1,690196 0,000386
ахинея 1,690196 0,000386
балете 1,866287 0,000426
беги 1,264227 0,000578
бедного 0,845098 0,000193
бедную 1,264227 0,000289
бежит 1,125925 0,000257
безгрешный 1,866287 0,000426
беззащитную 2,167317 0,000495
безмерное 2,167317 0,000495
безумии 2,167317 0,000495
бесенок 1,389166 0,000317
бесконечности 1,866287 0,000426
беспокойством 0,888564 0,000203
бесчисленно 1,690196 0,000386
бесчисленное 1,690196 0,000386
библиотека 0,000000 0,000000
бившего 2,167317 0,000495
билет 1,468347 0,000671
били 1,690196 0,001158
битье 1,690196 0,000386
битья 2,167317 0,000990
благовоспитанного 2,167317 0,000495
благодать 2,167317 0,003466
благодетель 1,322219 0,000302
благодеяний 1,690196 0,000386
благородные 1,468347 0,000335
благосклонно 1,866287 0,000426
благотворительная 2,167317 0,000495
благотворительные 2,167317 0,000990
благотворителями 2,167317 0,000495
благочестивая 2,167317 0,000495
бледною 1,866287 0,000426
ближайшее 1,866287 0,000426
ближнего 1,468347 0,000335
ближних 1,565257 0,000715
блудный 2,167317 0,000495
бога 0,451314 0,000206
богатейший 2,167317 0,000495
боги 1,565257 0,000358
богохульствую 2,167317 0,000495
боженьке 2,167317 0,001485
божий 0,936868 0,000214
бози 2,167317 0,000495
боком 1,565257 0,000358
болгарии 2,167317 0,000495
болгарин 2,167317 0,000495
более 0,000000 0,000000
болезней 1,690196 0,000386
болезни 0,565257 0,000129
болит 1,264227 0,000289
больно 0,787106 0,000180
больных 1,322219 0,000302
больше 0,137934 0,000189
большими 1,088136 0,000249
больших 0,991226 0,000453
борзых 2,167317 0,000495
браво 1,167317 0,000267
брат 0,303994 0,000417
брата 0,389166 0,000267
братски 1,690196 0,000386
братств 2,167317 0,000495
брату 0,752344 0,000172
братьев 1,088136 0,000249
братья 0,176091 0,000201
бреду 0,912045 0,000208
бросает 1,322219 0,000302
бросания 2,167317 0,000495
брошюрка 2,167317 0,000990
будет 0,077412 0,000053
будешь 0,648803 0,000148
будто 0,099131 0,000159
буду 0,208276 0,000095
будут 0,565257 0,000129
будущую 1,565257 0,000715
буквального 2,167317 0,000495
бунт 1,322219 0,001208
бунтом 1,866287 0,000426
бывали 0,824895 0,000377
бывают 0,936868 0,000214
была 0,046743 0,000011
были 0,099131 0,000045
было 0,000000 0,000000
быть 0,002964 0,000007
бьет 1,264227 0,001155
бьют 2,167317 0,000495
ваши 0,434924 0,000099
вблизи 1,389166 0,000635
вверх 0,866287 0,000198
вдруг 0,005949 0,000007
ведь 0,043466 0,000129
вези 1,690196 0,000772
везут 1,468347 0,000335
великий 0,845098 0,000386
велит 1,053374 0,000241
венец 1,565257 0,000358
вере 1,021189 0,000233
веришь 0,912045 0,000208
веровал 1,213075 0,000277
верую 1,088136 0,000249
вершках 2,167317 0,000495
веселая 1,468347 0,000335
весь 0,099131 0,000023
вечную 1,565257 0,000358
вешают 1,866287 0,000426
вещь 0,720159 0,000329
взволновалось 2,167317 0,000495
взор 1,468347 0,000335
взрастили 2,167317 0,000495
взял 0,269690 0,000185
взяли 1,021189 0,000700
взять 0,533849 0,000244
видал 0,623249 0,000142
видеть 0,381987 0,000175
видишь 0,599116 0,000411
видом 0,389166 0,000089
визиты 0,000000 0,000000
виноваты 1,021189 0,000233
виновного 1,690196 0,000386
виновны 1,565257 0,000358
виновных 1,866287 0,000853
вместе 0,208276 0,000048
вовсе 0,150284 0,000103
возводишь 2,167317 0,000495
возвратить 1,167317 0,000533
возвращаю 2,167317 0,000495
возгласят 2,167317 0,000495
возмездие 1,866287 0,001279
возмездии 2,167317 0,000495
возможно 0,735954 0,000168
вознаградили 2,167317 0,000495
вознаграждения 0,000000 0,000000
возненавидели 2,167317 0,000495
возом 2,167317 0,000495
возрос 2,167317 0,000495
вокруг 1,264227 0,000289
вообразить 0,963197 0,000220
вообще 0,459747 0,000105
вопит 2,167317 0,000495
вопрос 0,222835 0,000102
вопросов 0,866287 0,000198
воровать 1,866287 0,000426
воскликнет 1,690196 0,000386
воскликну 2,167317 0,000495
воскликнул 0,309985 0,000071
воскликнут 1,690196 0,000386
восклицать 1,322219 0,000302
воскресну 1,866287 0,000426
воскресят 2,167317 0,000495
воспитанные 2,167317 0,000495
восстания 2,167317 0,000495
восторге 0,824895 0,000188
восьми 1,125925 0,000257
восьмилетнего 2,167317 0,000495
вошедшие 2,167317 0,000495
вошли 0,720159 0,000165
вошло 1,468347 0,000335
впереди 0,912045 0,000208
впрочем 0,118099 0,000027
времени 0,269690 0,000062
время 0,043466 0,000030
всевозможным 2,167317 0,000495
всего 0,040213 0,000064
вселенной 1,690196 0,000386
всем 0,070407 0,000080
всеми 0,434924 0,000099
всех 0,060107 0,000069
вслед 0,523865 0,000120
встанет 1,468347 0,000335
всяком 0,544068 0,000124
втащили 2,167317 0,000495
вторая 0,514105 0,000235
вторых 0,720159 0,000165
вход 1,213075 0,000554
вывезла 2,167317 0,000495
выводишь 1,866287 0,000426
выводят 1,690196 0,000386
выгоднее 1,468347 0,000335
выдумал 0,888564 0,000406
выезжает 1,866287 0,000426
выносят 2,167317 0,000495
выплаты 0,000000 0,000000
выражаются 2,167317 0,000495
вырастет 1,565257 0,000358
вырезания 2,167317 0,000495
вырос 1,690196 0,000386
выслужили 2,167317 0,000495
выставляют 2,167317 0,000495
высшего 0,991226 0,000453
высшей 0,544068 0,000249
высшем 1,389166 0,000317
вытащить 1,690196 0,000386
выходит 0,752344 0,000172
вышло 0,523865 0,000120
гадкую 1,866287 0,000426
газет 1,866287 0,000426
газетах 1,088136 0,000249
газеты 1,690196 0,000386
гамлете 2,167317 0,000495
гармонии 1,468347 0,001006
гармонию 1,690196 0,001931
гармония 1,866287 0,000853
гвоздями 1,866287 0,001279
генерал 0,554533 0,001014
генерала 0,662167 0,000151
генеральской 2,167317 0,000495
гильотину 1,866287 0,000426
главное 0,189594 0,000043
главную 1,468347 0,000335
глазам 0,963197 0,000660
глазами 0,403889 0,000185
глазах 0,459747 0,000315
глас 2,167317 0,000495
глубоко 0,611015 0,000140
глупое 1,088136 0,000249
гневливости 2,167317 0,000495
гноящийся 2,167317 0,000495
говори 0,769377 0,000176
говорил 0,095435 0,000044
говорит 0,189594 0,000087
говорить 0,162996 0,000074
говоришь 0,752344 0,000172
говорю 0,203530 0,000139
говорят 0,309985 0,000142
годы 0,963197 0,000220
голова 0,787106 0,000180
головку 1,690196 0,000386
голову 0,227798 0,000156
голод 1,866287 0,000426
голодный 1,468347 0,000335
гони 1,690196 0,000386
гончей 2,167317 0,000495
горестно 1,125925 0,000257
горным 2,167317 0,000495
господа 0,389166 0,000089
господе 2,167317 0,001981
господи 0,451314 0,000412
господин 0,514105 0,000117
господу 1,389166 0,000635
господь 0,888564 0,000203
грабежа 1,264227 0,000289
границей 1,021189 0,000233
грациозно 2,167317 0,000495
грехе 1,690196 0,000772
грудку 2,167317 0,000495
грудной 1,690196 0,000386
грудных 1,866287 0,000426
грудь 0,752344 0,000344
грустно 0,735954 0,000336
грызет 2,167317 0,000495
грязных 1,690196 0,000386
гуманные 2,167317 0,000495
давали 1,389166 0,000635
давили 1,866287 0,000426
давно 0,158717 0,000073
даже 0,005949 0,000019
дальних 1,866287 0,000426
дальше 0,002964 0,000001
дама 0,735954 0,000168
дамы 0,648803 0,000296
данные 0,000000 0,000000
даром 0,769377 0,000176
дать 0,623249 0,000142
двадцатитрехлетнего 2,167317 0,000495
двигается 1,866287 0,000426
движения 0,912045 0,000208
дворе 0,787106 0,000180
дворня 2,167317 0,000495
дворовый 2,167317 0,000495
двух 0,264227 0,000060
девочку 1,264227 0,000289
девчоночку 1,866287 0,000426
действительно 0,106619 0,000024
делает 0,805589 0,000368
делается 1,088136 0,000249
делал 0,963197 0,000440
делать 0,426955 0,000098
делаю 1,125925 0,000257
делая 1,167317 0,000267
деле 0,162996 0,000112
дело 0,063514 0,000029
день 0,162996 0,000112
деньги 0,280827 0,000064
дескать 0,419129 0,000192
десять 0,374926 0,000257
детей 0,576253 0,001580
дети 0,662167 0,000454
детками 2,167317 0,000495
детках 2,167317 0,000990
детки 1,468347 0,000671
деток 1,468347 0,001342
деточек 2,167317 0,000495
деточки 1,565257 0,000358
детство 1,690196 0,000772
деться 1,866287 0,000426
дикарь 2,167317 0,000495
дикий 1,213075 0,000277
дитя 0,912045 0,000208
дитяти 1,866287 0,000853
дичь 1,690196 0,000386
дней 0,514105 0,000235
добра 1,322219 0,000302
добро 1,125925 0,000514
добывать 1,866287 0,000426
добытое 2,167317 0,000495
доверчивость 1,565257 0,000358
довольно 0,129891 0,000030
доживу 1,866287 0,000426
докладывают 2,167317 0,000495
долго 0,222835 0,000051
долгом 1,565257 0,000358
должен 0,258832 0,000177
должно 0,286504 0,000131
должны 0,576253 0,000527
домах 1,322219 0,000302
донага 2,167317 0,000495
допустит 1,690196 0,000772
допустить 0,912045 0,000417
дорог 1,088136 0,000249
дорого 1,021189 0,000233
достигли 1,690196 0,000386
достоевский 0,000000 0,000000
достояние 0,000000 0,000000
доходит 1,264227 0,000289
дочку 1,389166 0,000635
дочь 0,587534 0,000134
дошли 1,213075 0,000277
дошло 1,021189 0,000233
древностей 2,167317 0,000495
дрожа 1,021189 0,000233
дрожит 1,468347 0,000335
друг 0,269690 0,000062
другим 0,533849 0,000244
других 0,459747 0,000105
другого 0,396465 0,000362
другое 0,309985 0,000071
другой 0,146128 0,000067
другою 1,021189 0,000233
думаешь 0,752344 0,000172
думаю 0,328468 0,000075
дурно 0,888564 0,000203
дурны 2,167317 0,000495
дурных 1,565257 0,000715
дыша 1,389166 0,000317
дышать 1,866287 0,000426
дьявол 1,468347 0,000335
евангелие 1,213075 0,000277
евангелии 1,866287 0,000426
европейские 1,866287 0,000426
европейцы 2,167317 0,000495
единого 0,787106 0,000180
единый 1,264227 0,000289
ежеминутно 1,690196 0,000386
если 0,011981 0,000047
есть 0,018098 0,000079
жалеть 1,322219 0,000302
жалкому 1,866287 0,000426
жаром 0,587534 0,000134
жгут 1,866287 0,000426
желал 0,611015 0,000140
желании 1,389166 0,000317
женева 2,167317 0,000495
женеве 2,167317 0,001485
женщин 0,888564 0,000203
жертвы 1,213075 0,000277
жесток 1,468347 0,000671
жестокие 1,322219 0,000302
жестокость 1,565257 0,000358
живет 0,662167 0,000151
живое 1,866287 0,000426
жившее 2,167317 0,000495
жизни 0,222835 0,000051
жизнь 0,162996 0,000037
жить 0,451314 0,000309
забирался 2,167317 0,000495
забору 1,690196 0,000386
забыл 0,328468 0,000225
завидовал 1,690196 0,000386
завопил 0,787106 0,000180
завязла 1,866287 0,000426
заговорить 1,021189 0,000233
задумывался 1,213075 0,000277
задыхается 1,866287 0,000426
заинтересовавшая 2,167317 0,000495
заказанной 2,167317 0,000495
законы 1,389166 0,000317
заметил 0,154480 0,000071
заметь 1,213075 0,000277
замученного 2,167317 0,000990
замучены 2,167317 0,000495
замучить 1,866287 0,000426
заодно 1,565257 0,000358
запертого 1,690196 0,000386
запирали 1,866287 0,000426
записано 1,565257 0,000358
записываю 1,866287 0,000426
запомнил 1,053374 0,000241
запятая 2,167317 0,000495
заранее 0,576253 0,000263
зарезанный 2,167317 0,000495
зарезать 1,565257 0,000358
засверкавшими 1,866287 0,000426
заслуживают 2,167317 0,000495
засмеялся 0,495219 0,000226
заставляла 1,690196 0,000386
заставляли 1,690196 0,000386
затеялась 2,167317 0,000495
зато 0,468347 0,000107
затравил 2,167317 0,000495
затравили 2,167317 0,000495
захотели 1,264227 0,000289
захочу 0,936868 0,000214
зачем 0,146128 0,000134
зашиб 2,167317 0,000990
защитил 1,690196 0,000386
защиту 1,468347 0,000335
зверей 2,167317 0,000495
зверенок 1,866287 0,000426
зверскую 2,167317 0,000495
зверь 1,125925 0,001543
здание 1,565257 0,001073
здесь 0,095435 0,000044
здравствует 1,866287 0,000426
земле 0,648803 0,001186
землею 1,468347 0,000335
земля 1,322219 0,000302
земному 2,167317 0,000495
зиждутся 2,167317 0,000495
зловонной 2,167317 0,000495
зловонный 2,167317 0,000495
злого 2,167317 0,000495
злодействами 2,167317 0,000495
злодействах 2,167317 0,000495
злодействуют 2,167317 0,000495
злодея 1,389166 0,000317
знаем 1,088136 0,000497
знаешь 0,533849 0,000488
знай 0,888564 0,000203
знакомятся 1,690196 0,000386
знал 0,114239 0,000052
знатный 1,565257 0,000358
значит 0,243038 0,000167
знаю 0,095435 0,000153
зная 0,623249 0,000285
зову 1,690196 0,000386
зосима 1,021189 0,000233
зосиме 1,565257 0,000358
иван 0,303994 0,000764
играющих 2,167317 0,000495
играя 2,167317 0,000495
идешь 1,125925 0,000257
идею 0,963197 0,000660
идти 0,434924 0,000099
избивая 2,167317 0,000495
изверг 1,021189 0,000467
издали 1,053374 0,000241
изданиях 2,167317 0,000495
изменю 1,866287 0,000426
имеет 0,623249 0,000142
имело 1,389166 0,000635
имени 0,912045 0,000208
именно 0,066947 0,000031
иначе 0,367977 0,000168
инквизитор 1,565257 0,000715
иногда 0,208276 0,000143
иной 0,587534 0,000134
иностранцы 2,167317 0,000495
интеллигентный 2,167317 0,000495
иоанна 1,690196 0,000386
искупишь 2,167317 0,000495
искуплены 1,866287 0,000426
использоваться 0,000000 0,000000
испытуешь 2,167317 0,000495
истина 1,088136 0,000249
истины 1,125925 0,000257
историческое 1,866287 0,000426
источник 0,000000 0,000000
истреблю 2,167317 0,000495
истязанием 2,167317 0,000495
истязанию 2,167317 0,000495
истязаниям 2,167317 0,000495
истязатели 1,866287 0,000426
истязателя 2,167317 0,000990
истязуемой 2,167317 0,000495
каждым 0,769377 0,000352
кажется 0,118099 0,000135
казнили 2,167317 0,000495
какая 0,194189 0,000044
каким 0,194189 0,000089
какими 0,888564 0,000203
каково 0,991226 0,000226
какого 0,347773 0,000079
какое 0,227798 0,000052
какой 0,095435 0,000065
каком 0,381987 0,000175
какою 0,599116 0,000274
калом 2,167317 0,000495
камнем 1,565257 0,000715
карамазов 0,587534 0,000134
карамазовцы 2,167317 0,000495
карамазовы 0,180546 0,000165
карману 1,866287 0,000426
картинка 1,866287 0,000426
картинки 2,167317 0,000495
картинку 1,866287 0,000426
карьеру 1,322219 0,000302
качеств 1,866287 0,000426
кинжалом 2,167317 0,000495
клиента 1,468347 0,000335
клоп 1,866287 0,000426
клочки 1,866287 0,000426
клячонка 2,167317 0,000495
книга 0,176091 0,000080
книги 0,000000 0,000000
кнут 2,167317 0,000495
кнутом 1,866287 0,000426
когда 0,015029 0,000055
кого 0,222835 0,000051
колесницей 2,167317 0,000495
коли 0,269690 0,000062
коллекцию 2,167317 0,000495
коллекция 2,167317 0,000495
коль 0,720159 0,000165
командует 1,866287 0,000426
комаров 0,000000 0,000000
кому 0,341243 0,000156
конечно 0,060107 0,000096
конуре 2,167317 0,000495
кончил 0,587534 0,000134
коня 1,690196 0,000386
конях 1,866287 0,000853
корм 2,167317 0,000495
кормить 1,565257 0,000358
корму 2,167317 0,000990
кормя 1,866287 0,000426
коры 2,167317 0,000495
которая 0,361137 0,000083
которого 0,198834 0,000045
которое 0,426955 0,000293
которой 0,213075 0,000049
которому 0,468347 0,000107
которую 0,292256 0,000067
которые 0,189594 0,000130
который 0,110412 0,000050
которыми 0,888564 0,000203
которых 0,426955 0,000098
крал 1,866287 0,000853
красть 2,167317 0,000495
крепким 1,468347 0,000335
крепостного 1,264227 0,000289
криков 1,565257 0,000358
кричал 0,824895 0,000188
кричат 1,213075 0,000831
кричать 1,125925 0,000257
кричит 0,805589 0,000368
кровавыми 1,866287 0,000426
крови 0,662167 0,000151
кровь 0,662167 0,000756
кроме 0,158717 0,000036
кротким 2,167317 0,000990
кроткими 1,866287 0,000426
кротко 1,322219 0,000302
крохотное 1,690196 0,000386
крошечным 1,866287 0,000426
кругом 0,419129 0,000192
кружевах 1,690196 0,000386
кстати 0,468347 0,000214
кулачком 2,167317 0,000495
кулачонком 2,167317 0,000990
купить 1,021189 0,000233
курок 1,690196 0,000386
кутузке 2,167317 0,000495
кутузки 2,167317 0,000495
лань 2,167317 0,000495
ласкают 2,167317 0,000495
лета 1,264227 0,000289
либо 0,000000 0,000000
литература 0,000000 0,000000
лица 0,322219 0,000074
лицо 0,114239 0,000183
лицом 0,000000 0,000000
лишает 2,167317 0,000495
лишь 0,185046 0,000254
ловчие 2,167317 0,000495
лохмотьях 1,690196 0,000386
лошадей 1,088136 0,000249
лошаденка 2,167317 0,000495
лошадь 1,866287 0,000853
лучше 0,162996 0,000149
лучший 1,468347 0,000335
льва 1,125925 0,000257
любви 0,504560 0,000692
любил 0,374926 0,000086
любимая 1,690196 0,000386
любимой 1,565257 0,000358
любитель 1,690196 0,000386
любить 0,523865 0,000718
любишь 0,888564 0,000406
люблю 0,347773 0,000079
любоваться 2,167317 0,000990
любовь 0,523865 0,000359
любопытства 0,912045 0,000208
любым 0,000000 0,000000
любят 0,752344 0,000688
людей 0,298086 0,000409
люди 0,269690 0,000308
людьми 0,623249 0,000142
людям 0,720159 0,000329
лютеранствующими 2,167317 0,000495
ляжет 1,866287 0,000426
маленький 0,662167 0,000151
маленького 0,963197 0,000440
маленькое 1,053374 0,000241
маленькую 1,021189 0,000233
малого 1,167317 0,000267
мальчик 0,495219 0,000566
мальчика 0,648803 0,000593
матерей 1,690196 0,000772
матери 0,451314 0,000412
материал 1,565257 0,000358
материнское 2,167317 0,000495
мать 0,389166 0,000711
между 0,129891 0,000059
мелких 1,690196 0,000386
меня 0,027438 0,000150
мертв 1,690196 0,000386
меры 1,021189 0,000233
месива 2,167317 0,000495
месте 0,286504 0,000131
место 0,334808 0,000076
мешает 1,565257 0,000358
милостивого 2,167317 0,000495
милостыню 1,565257 0,000715
минут 0,486076 0,000333
минуту 0,084532 0,000058
мира 1,125925 0,000514
мире 0,704919 0,000322
младенец 1,264227 0,000289
младенца 1,053374 0,000481
младенцев 1,389166 0,000317
младенцем 1,866287 0,000426
младенчик 2,167317 0,000495
многим 0,912045 0,000208
многих 0,704919 0,000161
много 0,080958 0,000037
множество 0,936868 0,000428
мной 0,237898 0,000109
могла 0,286504 0,000065
могло 0,403889 0,000185
могу 0,171682 0,000275
моей 0,280827 0,000064
моем 0,599116 0,000274
моему 0,354404 0,000324
может 0,000000 0,000000
можешь 0,704919 0,000322
можно 0,088136 0,000141
моими 0,991226 0,000226
моих 0,554533 0,000127
мокреть 2,167317 0,000495
молился 1,322219 0,000302
момента 0,000000 0,000000
мороз 1,213075 0,000277
москве 0,690196 0,000158
мрачное 1,167317 0,000267
мрачный 1,167317 0,000267
мужик 0,888564 0,000406
мундирах 2,167317 0,000495
мучаю 1,468347 0,000335
мучили 1,322219 0,000302
мучителей 1,690196 0,000772
мучителем 2,167317 0,001485
мучителю 2,167317 0,000495
мучителя 1,690196 0,000772
мучить 0,888564 0,000203
мучиться 1,565257 0,000358
навалили 2,167317 0,000495
навеки 0,648803 0,000148
наверно 0,264227 0,000060
наводит 1,866287 0,000426
нагрешить 1,866287 0,000426
надо 0,036984 0,000042
надорванную 2,167317 0,000495
надрывом 1,690196 0,000772
нажитых 2,167317 0,000495
назад 0,000000 0,000000
назвал 1,167317 0,000267
название 0,000000 0,000000
назидания 1,690196 0,000386
называется 1,053374 0,000241
найти 0,000000 0,000000
наказаны 2,167317 0,000495
наконец 0,073896 0,000152
нанимается 2,167317 0,000495
нанятая 2,167317 0,000495
напирали 1,866287 0,000426
написал 0,662167 0,000454
написано 0,000000 0,000000
например 0,298086 0,000477
напротив 0,180546 0,000124
народ 0,735954 0,000168
народа 1,053374 0,000481
нарочно 0,227798 0,000052
наружу 1,322219 0,000302
насилуют 2,167317 0,000495
наслаждение 1,264227 0,000289
настанет 1,690196 0,000386
наступает 1,690196 0,000386
натащенной 2,167317 0,000495
натура 1,264227 0,000289
наука 0,000000 0,000000
наутро 0,991226 0,000226
научили 2,167317 0,000990
научиться 2,167317 0,000495
находили 1,690196 0,000386
национальна 2,167317 0,000495
национально 2,167317 0,000495
национальным 1,866287 0,000853
начал 0,137934 0,000063
начале 0,787106 0,000360
начинает 0,991226 0,000453
начиная 0,991226 0,000226
наше 0,662167 0,000151
нашем 0,662167 0,000151
нашему 0,888564 0,000203
наших 0,690196 0,000315
небе 1,125925 0,000257
небеси 1,565257 0,000358
невиновен 1,866287 0,000426
невозможно 0,411442 0,000282
невозможное 1,264227 0,000289
него 0,000000 0,000000
негодовании 0,912045 0,000208
недавно 0,576253 0,000263
неестественно 1,213075 0,000277
незаконнорожденный 2,167317 0,000495
незащищенность 2,167317 0,000495
незлобивыми 2,167317 0,000495
неискупленными 2,167317 0,000990
некоторого 0,752344 0,000172
некоторых 0,824895 0,000188
некрасова 2,167317 0,000990
некуда 1,389166 0,000317
нелепая 1,690196 0,000386
нелепо 1,167317 0,000267
нелепости 1,322219 0,000302
нелепость 1,088136 0,000249
нелепостях 2,167317 0,000495
нельзя 0,176091 0,000040
немедленно 0,554533 0,000127
неминуемо 1,866287 0,000426
немногих 2,167317 0,000495
нему 0,080958 0,000055
немыслимы 1,690196 0,000386
необходима 1,866287 0,000426
необходимо 0,963197 0,000220
необходимым 1,125925 0,000257
неоправданной 2,167317 0,000495
неопытным 2,167317 0,000495
неотомщенном 2,167317 0,000495
неотомщенными 2,167317 0,000495
неотомщенных 2,167317 0,000495
неотразимо 1,264227 0,000289
неповинному 2,167317 0,000990
неповинную 2,167317 0,000495
непонятна 2,167317 0,000495
непонятно 1,389166 0,000317
непонятное 1,468347 0,000335
непосредственное 2,167317 0,000495
неправ 1,866287 0,000426
неприличным 1,866287 0,000426
несколько 0,102859 0,000023
несправедливо 1,021189 0,000233
несчастны 1,213075 0,000277
неужто 0,599116 0,000137
неутоленном 2,167317 0,000495
нехорошо 0,963197 0,000220
нечего 0,381987 0,000087
нечто 0,389166 0,000089
нибудь 0,030597 0,000021
никогда 0,088136 0,000141
никто 0,185046 0,000042
ними 0,275223 0,000126
ничего 0,030597 0,000042
ничему 1,053374 0,000241
нищие 1,690196 0,001158
ногами 0,912045 0,000208
ногу 0,805589 0,000552
ночам 1,125925 0,000257
ночь 0,248239 0,000170
ночью 0,587534 0,000268
нравственного 1,213075 0,000277
нравы 2,167317 0,000495
нужна 1,213075 0,000277
нужны 0,936868 0,000214
обезумел 1,690196 0,000386
обидно 1,053374 0,000481
обмазывали 2,167317 0,000495
обмерзший 2,167317 0,000495
обнималась 2,167317 0,000495
обнимают 1,866287 0,000426
обнимется 2,167317 0,000990
обнявшуюся 2,167317 0,000495
обнял 1,088136 0,000249
обнять 1,125925 0,000257
оборачивать 2,167317 0,000495
образованные 1,866287 0,001279
образованный 1,322219 0,000302
образу 1,690196 0,000772
обратившегося 2,167317 0,000495
обратили 1,468347 0,000335
обратился 0,443041 0,000101
обратно 0,675956 0,000154
общества 0,787106 0,000180
обществе 0,675956 0,000154
общественное 0,000000 0,000000
объяснится 1,565257 0,000358
обыкновенно 0,720159 0,000165
обыкновенное 1,389166 0,000317
обязан 1,125925 0,000257
оглядел 1,021189 0,000233
огонь 1,264227 0,000289
ограбил 1,213075 0,000277
оградить 2,167317 0,000495
одежды 1,690196 0,000386
один 0,046743 0,000032
одна 0,185046 0,000085
однако 0,102859 0,000070
одних 0,888564 0,001218
одно 0,099131 0,000068
одного 0,150284 0,000172
одном 0,504560 0,000115
одну 0,232819 0,000106
озарил 1,690196 0,000386
окна 0,648803 0,000148
окно 0,635838 0,000145
окружают 1,866287 0,000426
опасаясь 1,468347 0,000335
опеку 1,866287 0,000426
описывает 1,866287 0,000426
оправдали 1,866287 0,000426
оправдательный 2,167317 0,000495
опубликовано 0,000000 0,000000
опьянении 2,167317 0,000495
освободитель 2,167317 0,000495
осенний 2,167317 0,000495
осмыслить 1,389166 0,000317
основать 1,866287 0,000426
особенно 0,129891 0,000059
особенное 0,888564 0,000203
оставаться 0,769377 0,000527
оставляют 1,565257 0,000358
остались 0,735954 0,000168
остальных 1,167317 0,000267
остановимся 1,866287 0,000426
останусь 1,125925 0,000257
остаться 0,912045 0,000208
остервенением 1,468347 0,000335
острога 1,690196 0,000386
остроге 1,866287 0,000853
осчастливить 1,866287 0,000426
отвечай 1,088136 0,000249
отвлеченно 1,866287 0,000426
отвратительны 1,866287 0,000426
отдавил 2,167317 0,000495
отдало 2,167317 0,000495
отец 0,316059 0,000144
отказываюсь 1,322219 0,000302
откармливаемым 2,167317 0,000495
открылись 2,167317 0,000990
откуда 0,523865 0,000120
отмщение 1,866287 0,000426
относятся 2,167317 0,000495
отнято 2,167317 0,000495
отомщены 2,167317 0,000495
отстоят 2,167317 0,000495
оттого 0,675956 0,000154
оттяпали 2,167317 0,000495
отхожее 2,167317 0,000495
отцами 1,690196 0,000386
отцов 1,125925 0,000772
оформление 0,000000 0,000000
охоту 2,167317 0,000495
охоты 2,167317 0,000495
охромела 2,167317 0,000495
оценили 2,167317 0,000495
очевиднее 1,866287 0,000426
очень 0,024303 0,000067
очистились 2,167317 0,000495
память 0,936868 0,000214
папа 1,021189 0,000467
папенька 1,565257 0,000358
папочка 1,565257 0,000715
параде 1,866287 0,000426
пасти 1,866287 0,000426
пасторы 2,167317 0,000990
пастухам 2,167317 0,000495
пастухи 2,167317 0,000495
пахнет 1,468347 0,000335
первый 0,248239 0,000057
первых 0,367977 0,000084
переведена 2,167317 0,000495
перевод 1,565257 0,000358
перекосившеюся 2,167317 0,000495
перестану 1,866287 0,000426
перешло 0,000000 0,000000
печенок 2,167317 0,000495
пешком 1,389166 0,000317
пикнуть 2,167317 0,000495
пилили 2,167317 0,000495
пинали 2,167317 0,000495
писать 0,912045 0,000208
пистолет 1,053374 0,000481
платить 1,389166 0,000317
плачет 0,824895 0,000565
плачущим 1,866287 0,000426
плеть 2,167317 0,000990
плотоядные 2,167317 0,000495
повсеместно 1,088136 0,000249
повторяет 1,866287 0,000426
повторяю 0,648803 0,000296
повыше 1,690196 0,000386
поголовного 2,167317 0,000495
подагр 2,167317 0,000495
подарен 2,167317 0,000495
подарили 1,565257 0,000715
подборка 0,000000 0,000000
подвергали 2,167317 0,000495
подданных 2,167317 0,000495
поденною 2,167317 0,000495
подивись 2,167317 0,000495
подле 0,419129 0,000096
подлом 1,690196 0,000772
подняв 1,264227 0,000289
подобию 2,167317 0,000990
подобной 1,565257 0,000358
подробно 1,053374 0,000241
подхватывания 2,167317 0,000495
поесть 2,167317 0,000495
пожалуй 0,237898 0,000109
пожалуйста 0,662167 0,000151
позволено 1,053374 0,000241
познавать 1,866287 0,000426
познал 1,866287 0,000426
познали 2,167317 0,000495
познания 1,690196 0,000772
позорно 1,389166 0,000317
позорною 2,167317 0,000495
поймал 1,088136 0,000249
пока 0,213075 0,000292
покажет 1,468347 0,000335
показываться 2,167317 0,000495
покой 1,322219 0,000604
покрытого 2,167317 0,000495
покупать 1,565257 0,000358
покупки 2,167317 0,000495
полном 1,125925 0,000257
положили 1,088136 0,000249
положим 0,720159 0,000165
положительно 0,805589 0,000184
полоний 2,167317 0,000495
получше 1,565257 0,000715
полюбить 1,264227 0,000289
поместье 1,389166 0,000317
помещик 1,053374 0,000241
помолчал 0,991226 0,000226
понимаешь 0,769377 0,000527
понимать 0,690196 0,000473
понимаю 0,381987 0,000349
понимая 0,787106 0,000180
понятно 0,936868 0,000214
понять 0,396465 0,000272
попали 1,565257 0,000358
попало 1,389166 0,000317
пополнение 2,167317 0,000495
поправить 1,322219 0,000302
попросил 0,635838 0,000145
посек 2,167317 0,000495
посетителей 0,000000 0,000000
посетители 0,000000 0,000000
посечь 2,167317 0,000495
послал 0,720159 0,000165
последний 0,403889 0,000092
последующим 2,167317 0,000495
послушник 1,389166 0,000635
посмертно 0,000000 0,000000
посмотрит 1,866287 0,000426
поставить 1,053374 0,000241
постель 0,936868 0,000214
посылали 1,690196 0,000386
потерять 1,565257 0,000358
потому 0,024303 0,000061
потупившись 1,322219 0,000302
поутру 0,845098 0,000193
похитили 1,866287 0,000426
поцелуями 1,690196 0,000386
почему 0,099131 0,000045
почтеннейшие 2,167317 0,000495
почти 0,024303 0,000028
почтительнейше 1,565257 0,000358
пошел 0,275223 0,000063
пошла 0,845098 0,000193
пошли 0,735954 0,000168
поэма 1,468347 0,000335
поэму 1,866287 0,001279
появляются 1,866287 0,000426
прав 0,769377 0,000703
права 0,554533 0,000253
правда 0,162996 0,000186
праве 1,125925 0,000257
право 0,361137 0,000248
пред 0,033778 0,000008
предложение 0,963197 0,000220
представь 1,167317 0,000533
предстояло 1,322219 0,000302
прежде 0,077412 0,000035
прелестная 1,690196 0,000386
прелестные 1,468347 0,000335
преступлении 1,264227 0,000289
прибивать 2,167317 0,000495
прибивают 2,167317 0,000495
прибитые 2,167317 0,000495
прививается 2,167317 0,000495
приговор 1,125925 0,000257
приживальщики 1,690196 0,000386
приживальщиков 2,167317 0,000495
прижизненно 0,000000 0,000000
признание 1,125925 0,000257
признать 1,213075 0,000277
признаю 1,389166 0,000317
принижением 2,167317 0,000495
принимаю 1,021189 0,000233
приняв 1,322219 0,000302
принять 0,523865 0,000239
припрыжкой 2,167317 0,000495
природой 1,468347 0,000335
присудили 1,690196 0,000386
присяжные 1,125925 0,000257
приучил 1,690196 0,000386
приходить 0,888564 0,000203
приходят 1,088136 0,000249
пришел 0,322219 0,000074
пробормотал 0,334808 0,000076
пробыть 1,690196 0,000386
провел 1,053374 0,000241
проговорил 0,154480 0,000141
программирование 0,000000 0,000000
прогрессивнее 2,167317 0,000495
продажу 2,167317 0,000495
продолжал 0,292256 0,000134
продолжают 1,565257 0,000358
произведение 0,000000 0,000000
произведений 0,000000 0,000000
произведения 0,000000 0,000000
произнес 0,361137 0,000083
произойдет 0,963197 0,000220
произошло 0,495219 0,000113
происходит 0,936868 0,000214
пролил 1,468347 0,000671
проникновенно 1,389166 0,000317
пропала 1,322219 0,000302
пропивал 2,167317 0,000495
пропитана 2,167317 0,000495
просвещения 1,468347 0,000335
просидел 1,021189 0,000233
просилась 2,167317 0,000495
просить 0,504560 0,000115
проситься 2,167317 0,000495
простил 1,167317 0,000267
простит 0,888564 0,000406
простить 0,824895 0,001319
просто 0,232819 0,000106
простое 1,468347 0,000335
просят 1,167317 0,000267
прохожий 1,866287 0,000426
проч 0,662167 0,000454
прочел 0,752344 0,000344
прочим 0,662167 0,000151
прошло 0,000000 0,000000
прощать 1,322219 0,000302
прутья 2,167317 0,000495
прямо 0,118099 0,000081
псами 2,167317 0,000990
псарей 2,167317 0,000495
псари 2,167317 0,000990
псарня 2,167317 0,000495
публика 1,322219 0,000302
публикации 0,000000 0,000000
пустил 1,167317 0,000533
пусть 0,253503 0,000348
пути 1,021189 0,000467
пятая 1,264227 0,000578
пятилетний 2,167317 0,000495
пятилетнюю 2,167317 0,000990
пять 0,275223 0,000126
работой 1,565257 0,000358
работу 1,690196 0,000386
равно 0,303994 0,000139
радостно 0,888564 0,000203
разбойника 1,565257 0,000358
разве 0,146128 0,000100
разврате 1,690196 0,000386
разгорячаются 2,167317 0,000495
раздевают 2,167317 0,000495
раздеть 2,167317 0,000495
раздробляет 2,167317 0,000495
размеры 1,690196 0,000386
разных 0,866287 0,000198
разослана 2,167317 0,000495
разрешения 0,000000 0,000000
разумеется 0,328468 0,000075
раскаивался 1,565257 0,000358
раскаявшегося 2,167317 0,000495
распаляемости 2,167317 0,000495
распаляет 2,167317 0,000495
рассказал 0,587534 0,000134
рассказов 1,690196 0,000386
рассказывал 0,554533 0,000127
рассказывать 0,704919 0,000161
расслабленный 1,690196 0,000386
рассмешить 1,690196 0,000386
рассмеялся 0,805589 0,000184
расстояния 1,389166 0,000317
расстрелять 2,167317 0,001485
рассуждение 1,322219 0,000302
растерзавшим 2,167317 0,000990
растерзали 2,167317 0,000495
растерзанного 2,167317 0,000495
растолковали 2,167317 0,000495
рванула 1,866287 0,000426
рваных 2,167317 0,000495
рвет 1,866287 0,000426
рвется 1,690196 0,000386
ребенка 0,787106 0,000539
ребенок 0,648803 0,000593
ребеночка 1,565257 0,001430
ревет 1,690196 0,000386
редких 1,468347 0,000335
редко 0,690196 0,000158
режут 1,690196 0,000386
религии 1,690196 0,000386
религиозного 1,866287 0,000426
решил 0,514105 0,000235
решить 0,936868 0,000214
ринулось 2,167317 0,000495
ришар 2,167317 0,002971
ришара 2,167317 0,001981
ришаром 2,167317 0,000495
ришару 2,167317 0,000495
рода 0,866287 0,000396
роде 0,504560 0,000115
родители 1,167317 0,000533
родную 1,866287 0,000426
родные 1,690196 0,000386
розга 2,167317 0,000495
розгами 1,565257 0,000358
розги 1,690196 0,000386
рубить 2,167317 0,000495
руках 0,396465 0,000091
русизм 1,866287 0,000426
русская 0,000000 0,000000
русски 0,991226 0,000226
русский 0,752344 0,000172
русскими 1,690196 0,000386
русских 1,053374 0,000241
русского 0,936868 0,000214
ручонками 1,690196 0,000386
рявкнул 1,468347 0,000335
садче 2,167317 0,000990
сажать 1,866287 0,000426
сайте 0,000000 0,000000
сами 0,142011 0,000130
самих 1,264227 0,000289
само 0,888564 0,000203
самого 0,118099 0,000027
самое 0,167317 0,000038
самом 0,114239 0,000078
самые 0,381987 0,000087
самый 0,198834 0,000045
самым 0,280827 0,000064
сборников 2,167317 0,000495
сверх 0,752344 0,000172
свет 0,468347 0,000107
свидетельствует 1,322219 0,000302
свиней 2,167317 0,001485
свиньям 2,167317 0,000495
свободно 0,000000 0,000000
свободы 1,389166 0,000317
свое 0,150284 0,000172
своего 0,091770 0,000042
своей 0,066947 0,000015
своем 0,198834 0,000136
своему 0,367977 0,000168
свои 0,146128 0,000033
своим 0,208276 0,000095
своими 0,495219 0,000339
своих 0,237898 0,000326
свой 0,189594 0,000043
свойство 1,690196 0,000386
свою 0,073896 0,000034
связями 1,690196 0,000386
святого 0,991226 0,000226
сделал 0,381987 0,000087
сделать 0,403889 0,000185
сдружился 1,866287 0,000426
себе 0,033778 0,000023
себя 0,005949 0,000014
сего 0,611015 0,000140
сегодня 0,000000 0,000000
сейчас 0,070407 0,000048
секли 2,167317 0,000495
секут 1,866287 0,001706
секущие 2,167317 0,000495
семейное 2,167317 0,000495
семейства 0,690196 0,000158
семи 0,991226 0,000679
семидесяти 0,000000 0,000000
сентиментальничают 2,167317 0,000495
сердечке 1,690196 0,000386
сердца 0,334808 0,000076
сердцу 0,769377 0,000176
сечет 1,866287 0,000853
сечь 1,565257 0,001073
сидит 0,565257 0,000129
сидя 0,845098 0,000193
силах 0,623249 0,000285
сильно 0,292256 0,000067
синяки 1,866287 0,000426
скажет 0,587534 0,000134
скажешь 1,322219 0,000302
скажи 0,662167 0,000454
скажу 0,275223 0,000063
сказал 0,099131 0,000091
сказать 0,073896 0,000034
слабосильная 2,167317 0,000495
славян 1,866287 0,000426
сладкое 1,866287 0,000426
сладострастием 2,167317 0,000495
сладострастия 1,866287 0,000853
сладострастной 2,167317 0,000495
сладость 1,690196 0,000386
слезами 0,554533 0,000127
слезах 1,021189 0,000233
слезинки 1,565257 0,000358
слезками 2,167317 0,000990
слезках 2,167317 0,000495
слезки 1,866287 0,000426
слезок 2,167317 0,000495
слишком 0,133894 0,000122
слова 0,129891 0,000059
слове 1,125925 0,000257
словечки 1,468347 0,000335
службы 1,213075 0,000277
случае 0,248239 0,000057
случаем 1,389166 0,000317
случалось 0,824895 0,000188
случаях 0,599116 0,000137
случится 1,167317 0,000267
слушай 0,635838 0,000291
слушатель 1,866287 0,000426
слушателя 1,690196 0,000386
слушаю 1,167317 0,000267
слушая 0,991226 0,000226
слышались 1,468347 0,000335
смеет 1,053374 0,000963
смейся 1,389166 0,000317
смерти 0,468347 0,000107
смерть 0,805589 0,000184
смеют 1,468347 0,000335
смеются 1,021189 0,000233
смиренный 1,468347 0,000335
смотрел 0,298086 0,000068
смотря 0,322219 0,000074
смысле 0,752344 0,000172
сном 0,936868 0,000214
собак 1,690196 0,000772
собака 1,264227 0,000289
собаками 2,167317 0,000495
собаки 1,264227 0,000289
собиратель 2,167317 0,000495
собираю 2,167317 0,000495
соблазняет 2,167317 0,000495
собой 0,253503 0,000058
собою 0,347773 0,000079
собрана 2,167317 0,000495
собрание 0,000000 0,000000
собрано 1,866287 0,000426
собственную 1,213075 0,000277
совершенно 0,180546 0,000041
совесть 0,805589 0,000184
совсем 0,021189 0,000024
согласились 1,167317 0,000267
согласился 0,735954 0,000336
согласится 1,389166 0,000635
согласиться 1,213075 0,000277
согласия 0,000000 0,000000
согреть 2,167317 0,000495
создал 1,565257 0,001073
создана 1,866287 0,000426
созданий 1,690196 0,000386
созданьице 2,167317 0,000495
созиждается 2,167317 0,000495
сознается 1,565257 0,000358
солидарность 2,167317 0,001485
солидарны 2,167317 0,000495
сольется 1,866287 0,000426
сообщить 0,635838 0,000145
соседей 1,866287 0,000426
составляло 1,389166 0,000317
сотня 1,690196 0,000386
сотнями 1,690196 0,000386
сотрясение 1,690196 0,000386
сотый 1,468347 0,000335
сочинений 0,000000 0,000000
сочинил 1,322219 0,000604
сошла 1,088136 0,001492
спать 0,635838 0,000145
спешу 1,264227 0,000867
спорах 1,866287 0,000426
справиться 1,167317 0,000267
спросил 0,222835 0,000102
спрятался 1,322219 0,000302
спускает 2,167317 0,000495
спущенного 2,167317 0,000495
спящий 1,690196 0,000386
стадо 1,389166 0,000317
стал 0,125925 0,000058
стали 0,322219 0,000147
стало 0,091770 0,000042
стану 0,662167 0,000151
станут 1,213075 0,000277
старец 0,787106 0,000180
старика 0,587534 0,000134
старине 1,866287 0,000426
стаю 1,690196 0,000386
степени 0,389166 0,000089
стипендию 2,167317 0,000495
стихи 1,125925 0,000257
стихов 1,264227 0,000289
стоит 0,316059 0,000433
столетия 1,264227 0,000578
столько 0,477121 0,000109
столького 2,167317 0,000495
стоны 1,565257 0,000358
страдал 1,389166 0,000317
страдали 1,565257 0,000358
страдальца 1,866287 0,000426
страдание 0,936868 0,001284
страданием 1,167317 0,000267
страдании 2,167317 0,000990
страданий 1,468347 0,000335
страдания 0,888564 0,000609
страданиями 1,866287 0,001279
страданиях 1,866287 0,000426
страдать 1,264227 0,001155
страдаю 1,565257 0,000358
страдают 1,690196 0,000386
страдающего 2,167317 0,000495
странности 1,125925 0,000257
странным 0,752344 0,000172
страстные 1,690196 0,000386
страха 0,824895 0,000188
страшно 0,434924 0,000199
строишь 2,167317 0,000495
стыду 1,866287 0,000426
субъектам 2,167317 0,000495
суда 0,787106 0,000360
судили 1,866287 0,000426
суду 1,167317 0,000267
судьбы 0,991226 0,000226
судьи 1,322219 0,000302
сузил 1,866287 0,000426
суммы 1,053374 0,000241
сучками 2,167317 0,000495
существо 0,690196 0,000788
существует 0,866287 0,000198
схватили 1,264227 0,000289
схватить 1,389166 0,000317
схимник 2,167317 0,000495
сцене 1,213075 0,000277
счастие 1,322219 0,000302
счастливейший 2,167317 0,000495
счастливыми 1,690196 0,000386
счастья 0,888564 0,000203
считал 0,648803 0,000148
съевших 2,167317 0,000495
съели 2,167317 0,001485
сына 0,576253 0,000263
таится 1,866287 0,000426
также 0,000000 0,000000
таки 0,066947 0,000061
такие 0,232819 0,000160
таких 0,243038 0,000056
такова 1,088136 0,000249
такого 0,243038 0,000056
такое 0,114239 0,000026
такой 0,077412 0,000018
таком 0,309985 0,000071
такому 0,752344 0,000172
такую 0,334808 0,000076
танцуя 2,167317 0,000495
татары 2,167317 0,000495
твоему 0,912045 0,000208
твои 0,787106 0,000360
твой 0,735954 0,000336
тебе 0,203530 0,000186
тебя 0,198834 0,000409
текст 0,000000 0,000000
тело 1,125925 0,000257
темноте 0,912045 0,000208
тему 0,963197 0,000220
теперь 0,015029 0,000017
терять 1,125925 0,000257
течет 1,565257 0,000358
тигр 1,690196 0,000386
тихо 0,354404 0,000243
тогда 0,050046 0,000080
того 0,005949 0,000014
тоже 0,043466 0,000070
толковать 1,690196 0,000386
только 0,002964 0,000008
томах 0,000000 0,000000
тому 0,095435 0,000087
торжественно 0,888564 0,000203
тотчас 0,046743 0,000011
точку 1,264227 0,000289
точно 0,121994 0,000056
трепещущей 2,167317 0,000495
третирует 1,690196 0,000386
трое 0,824895 0,000188
туманный 2,167317 0,000495
турецких 2,167317 0,000495
турки 2,167317 0,002476
турок 2,167317 0,000495
тысячи 0,426955 0,000098
тюремном 2,167317 0,000495
тюрьме 1,389166 0,000635
тюрьму 1,565257 0,000358
тянется 1,690196 0,000386
убеждали 2,167317 0,000495
убежден 0,752344 0,000172
убежденные 2,167317 0,000495
убившим 2,167317 0,000495
убийцу 1,322219 0,000302
убил 0,523865 0,000120
уверены 0,805589 0,000184
увидал 0,735954 0,000168
увидать 1,264227 0,000289
увидит 1,053374 0,000241
удается 1,565257 0,000358
удаляются 2,167317 0,000495
удаляясь 2,167317 0,000495
ударом 1,468347 0,000671
удержу 1,322219 0,000302
удивительно 0,866287 0,000198
удивлялся 1,125925 0,000257
удовлетворения 1,389166 0,000317
удостоился 1,690196 0,000386
ужасно 0,167317 0,000153
ужасной 1,213075 0,000277
узнать 0,374926 0,000086
узнают 1,389166 0,000317
укрепившись 2,167317 0,000495
улыбкой 0,468347 0,000107
умеет 1,021189 0,000233
умеешь 1,468347 0,000335
уменьшит 2,167317 0,000495
умереть 0,936868 0,000428
умершим 0,000000 0,000000
умеющее 2,167317 0,000495
умилении 1,468347 0,000335
умираю 1,389166 0,000317
умри 1,565257 0,001430
унавозили 2,167317 0,000495
унавозить 2,167317 0,000495
унижающее 2,167317 0,000495
унизительное 1,866287 0,000426
употреблять 1,690196 0,000386
упустить 1,468347 0,000335
уравновешивается 2,167317 0,000495
условиях 1,690196 0,000386
усмехнулся 0,443041 0,000101
усовещевали 2,167317 0,000495
успеет 1,468347 0,000335
устроено 1,468347 0,000335
устроились 2,167317 0,000495
уступлю 1,565257 0,000358
утверждаю 1,213075 0,000554
утонченности 2,167317 0,000495
утра 0,576253 0,000132
учредить 2,167317 0,000495
факте 1,389166 0,000635
фактиков 2,167317 0,000495
факту 1,389166 0,000317
фантазии 1,389166 0,000317
федор 0,000000 0,000000
федорович 0,253503 0,000058
финале 1,565257 0,000358
французского 1,264227 0,000289
характерная 1,565257 0,000358
характерно 1,468347 0,000335
хвалебный 2,167317 0,000495
холод 1,565257 0,000715
холоде 1,866287 0,000426
холодный 1,322219 0,000302
хорош 1,053374 0,000241
хороша 0,963197 0,000220
хорошая 1,389166 0,000317
хотел 0,158717 0,000073
хоть 0,060107 0,000055
хотя 0,050046 0,000046
хохочет 1,565257 0,000358
хочет 0,322219 0,000074
хочется 0,704919 0,000161
хочешь 0,544068 0,000124
хочу 0,243038 0,000944
христианской 2,167317 0,000495
христова 1,264227 0,000289
христовой 1,866287 0,000426
христовых 2,167317 0,000495
художественно 1,690196 0,000772
хуже 0,635838 0,000145
целуют 1,690196 0,000386
целые 0,787106 0,000180
целью 0,824895 0,000188
центра 2,167317 0,000495
цены 1,690196 0,000386
цепи 1,565257 0,000358
часа 0,000000 0,000000
часто 0,292256 0,000067
часть 0,002964 0,000001
часу 0,720159 0,000165
чаще 0,866287 0,000198
чванится 2,167317 0,000495
чего 0,040213 0,000092
человек 0,036984 0,000059
человека 0,154480 0,000176
человеке 1,167317 0,000267
человеческих 1,322219 0,000302
человеческого 1,125925 0,000257
человеческой 1,125925 0,000257
человеческому 1,690196 0,000386
человечества 1,264227 0,000289
человечестве 1,322219 0,000604
человечеству 1,264227 0,000289
чему 0,341243 0,000078
черкесы 2,167317 0,000495
черт 0,477121 0,000218
чертово 2,167317 0,000495
чертовым 2,167317 0,000495
честный 1,021189 0,000233
честь 0,554533 0,000127
четырех 0,888564 0,000203
чиновные 2,167317 0,000495
число 0,000000 0,000000
чисто 1,213075 0,000277
читаем 0,000000 0,000000
читал 0,735954 0,000168
читатель 1,322219 0,000302
читать 0,000000 0,000000
члены 1,213075 0,000277
чрева 1,866287 0,000426
чрез 0,275223 0,000063
чтоб 0,073896 0,000101
чтобы 0,030597 0,000063
чувства 0,495219 0,000113
чудо 1,053374 0,000241
чуть 0,176091 0,000201
чьего 0,000000 0,000000
швейцарским 2,167317 0,000495
шелковых 2,167317 0,000495
шести 0,963197 0,000220
штука 1,389166 0,000317
штучка 2,167317 0,000495
штучки 2,167317 0,000495
штык 2,167317 0,000495
шутник 2,167317 0,000495
шутов 1,866287 0,000426
эвклидовская 2,167317 0,000495
эвклидовскому 2,167317 0,000495
экипажах 1,690196 0,000386
эпитимии 2,167317 0,000495
этих 0,213075 0,000146
этого 0,053374 0,000061
этом 0,046743 0,000053
этот 0,011981 0,000008
эшафот 1,468347 0,000335
эшафота 1,866287 0,000426
эшафотом 2,167317 0,000495
эшафоту 2,167317 0,000495
юность 1,468347 0,000671
яблоко 2,167317 0,001485
ясно 0,354404 0,000081
