авось 1,389166 0,000521
автор 0,000000 0,000000
автором 0,000000 0,000000
авторского 0,000000 0,000000
авторы 0,000000 0,000000
аглицкому 2,167317 0,000813
адвокат 1,167317 0,000438
алексей 0,000000 0,000000
алексея 0,000000 0,000000
алеша 0,381987 0,003581
алеше 0,523865 0,000196
алешей 0,752344 0,000282
алеши 0,544068 0,000408
алешку 1,389166 0,000521
алешу 0,565257 0,000424
американка 2,167317 0,000813
американскими 2,167317 0,000813
американца 2,167317 0,000813
америке 1,690196 0,001267
америку 1,389166 0,001563
англичане 2,167317 0,000813
арестантами 2,167317 0,000813
арестантское 2,167317 0,000813
аршин 1,468347 0,000551
беги 1,264227 0,000474
бежать 0,769377 0,000288
бежим 2,167317 0,000813
беззаветно 1,690196 0,000634
безмолвный 1,866287 0,000700
безудерж 1,866287 0,000700
безудержно 1,866287 0,000700
безумно 1,389166 0,000521
безумным 2,167317 0,000813
беспокойся 1,125925 0,000422
беспрерывным 1,690196 0,000634
бессмысленные 2,167317 0,000813
библиотека 0,000000 0,000000
бить 1,088136 0,000408
бога 0,451314 0,000169
боже 0,459747 0,000172
боится 0,690196 0,000259
более 0,000000 0,000000
боли 0,963197 0,000722
больницу 1,690196 0,001267
больничной 2,167317 0,000813
больничном 2,167317 0,000813
больший 2,167317 0,000813
большого 0,769377 0,000288
большой 0,495219 0,000186
борисыч 1,389166 0,000521
бородавку 1,866287 0,000700
бороду 1,322219 0,000496
брат 0,303994 0,000456
брата 0,389166 0,000584
брату 0,752344 0,000282
братья 0,176091 0,000264
бремена 2,167317 0,000813
бросилась 0,648803 0,000243
будем 0,648803 0,000243
будет 0,077412 0,000174
будто 0,099131 0,000037
буду 0,208276 0,000469
будущем 1,021189 0,000383
будь 0,720159 0,000540
были 0,099131 0,000037
было 0,000000 0,000000
быстро 0,232819 0,000175
быть 0,002964 0,000010
важное 0,845098 0,000634
вами 0,232819 0,000087
варвинский 1,389166 0,001042
варвинского 1,866287 0,000700
вдруг 0,005949 0,000036
ведь 0,043466 0,000114
великодушен 1,866287 0,000700
великомученический 2,167317 0,000813
верила 1,264227 0,001896
верили 1,468347 0,000551
верить 0,635838 0,000238
веришь 0,912045 0,000684
весь 0,099131 0,000037
вечер 0,477121 0,000179
вечером 0,533849 0,000400
вечно 0,824895 0,000619
взгляде 0,769377 0,000288
взглядом 0,504560 0,000378
вздохнув 1,866287 0,000700
вздрогнул 0,565257 0,000212
взыску 2,167317 0,000813
взяла 0,824895 0,000309
видеть 0,381987 0,000143
видно 0,504560 0,000189
визиты 0,000000 0,000000
виновата 0,888564 0,000333
внезапно 0,623249 0,000467
вовеки 1,565257 0,000587
вовсе 0,150284 0,000056
водою 1,866287 0,000700
вознаграждения 0,000000 0,000000
возродить 1,565257 0,000587
возрождению 2,167317 0,000813
возропщешь 1,866287 0,000700
возьмется 2,167317 0,000813
возьмусь 1,866287 0,000700
воистину 0,912045 0,000684
волнение 0,824895 0,000309
вообще 0,459747 0,000172
воскликнул 0,309985 0,000814
воскликнула 0,845098 0,000317
вошедшего 1,322219 0,000496
вошла 0,912045 0,000684
впредь 0,752344 0,000282
впрочем 0,118099 0,000044
впрямь 0,769377 0,000288
впускать 1,565257 0,000587
врач 1,389166 0,000521
времени 0,269690 0,000202
время 0,043466 0,000016
всегда 0,129891 0,000146
всего 0,040213 0,000030
всем 0,070407 0,000026
всех 0,060107 0,000023
вскочил 0,587534 0,000220
вскрикнула 0,866287 0,000325
встретила 1,389166 0,000521
встретить 0,866287 0,000325
второй 0,704919 0,000264
входила 1,565257 0,000587
вчера 0,341243 0,000256
выбежала 1,213075 0,000455
выдумал 0,888564 0,000333
выздоровеет 1,468347 0,003303
вымолвить 1,866287 0,000700
вынесу 1,565257 0,000587
выплаты 0,000000 0,000000
выпуская 1,389166 0,000521
выражением 1,125925 0,000422
выразило 1,565257 0,000587
вырвалось 0,704919 0,000793
выучимся 2,167317 0,000813
выходил 0,963197 0,000361
галдарею 2,167317 0,000813
гимн 1,264227 0,000474
глаз 0,554533 0,000416
глаза 0,129891 0,000097
глазами 0,403889 0,000151
глуши 1,866287 0,000700
говори 0,769377 0,000288
говорил 0,095435 0,000107
говорили 0,374926 0,000141
говорить 0,162996 0,000122
говорю 0,203530 0,000076
говорят 0,309985 0,000814
года 0,477121 0,000358
головою 1,565257 0,000587
голос 0,533849 0,000200
голосе 0,963197 0,000361
голосом 0,396465 0,000595
гордые 1,389166 0,000521
горизонта 1,866287 0,000700
городишко 1,565257 0,000587
городскую 2,167317 0,000813
горько 0,690196 0,000259
горя 1,088136 0,000408
горячо 0,544068 0,000204
господи 0,451314 0,000169
готов 0,544068 0,000408
готовому 2,167317 0,000813
гражданами 2,167317 0,000813
грамматика 2,167317 0,000813
грамматику 1,866287 0,000700
грех 0,888564 0,000333
гробик 1,468347 0,000551
громко 0,504560 0,000189
груша 1,389166 0,001563
груше 1,866287 0,000700
грушей 1,866287 0,000700
грушенька 0,675956 0,000760
грушеньке 0,824895 0,000309
грушенькой 1,088136 0,000816
грушу 1,866287 0,001400
губах 1,053374 0,000395
губы 0,599116 0,000225
даже 0,005949 0,000011
дальше 0,002964 0,000002
дамся 2,167317 0,000813
данные 0,000000 0,000000
двадцать 0,411442 0,000154
двенадцатая 0,936868 0,000703
дверям 1,125925 0,000422
двор 1,053374 0,000395
действительно 0,106619 0,000040
деле 0,162996 0,000122
денег 0,309985 0,000116
день 0,162996 0,000061
деньгами 0,675956 0,000253
деньги 0,280827 0,000105
дери 1,213075 0,000455
дикими 2,167317 0,000813
дикою 1,690196 0,000634
дней 0,514105 0,000193
днях 1,125925 0,000422
добрый 0,824895 0,000309
довольно 0,129891 0,000049
доктор 0,735954 0,000276
доктором 1,167317 0,000438
долг 0,888564 0,000333
должен 0,258832 0,000097
дорого 1,021189 0,000383
дорогой 0,565257 0,000212
доски 1,866287 0,000700
достоевский 0,000000 0,000000
достояние 0,000000 0,000000
дрожанием 2,167317 0,000813
дрожащим 0,991226 0,000372
друг 0,269690 0,000202
друга 0,419129 0,000157
другие 0,389166 0,000146
других 0,459747 0,000172
другого 0,396465 0,000297
другом 0,477121 0,000179
другу 0,752344 0,000282
другую 0,495219 0,000371
душе 0,514105 0,000386
души 0,523865 0,000393
единого 0,787106 0,000295
если 0,011981 0,000054
есть 0,018098 0,000020
жадно 1,053374 0,000395
жару 1,167317 0,000438
ждал 0,495219 0,000186
желая 0,662167 0,000248
женщина 0,396465 0,000149
жестокое 1,389166 0,000521
жизнь 0,162996 0,000428
жить 0,451314 0,000169
заболел 1,264227 0,000474
забывая 1,866287 0,000700
забыла 1,021189 0,000383
завидев 1,322219 0,000496
заговаривал 1,322219 0,000496
заговорил 0,599116 0,000449
задавив 2,167317 0,000813
задрожал 1,167317 0,000438
задумчив 1,167317 0,000438
задумчивости 0,991226 0,000372
зазвеневшим 2,167317 0,000813
законную 2,167317 0,000813
замаливать 2,167317 0,000813
замелькала 1,866287 0,000700
заметил 0,154480 0,000174
замолкла 2,167317 0,000813
запеть 2,167317 0,000813
зарежь 2,167317 0,000813
засверкав 1,264227 0,000474
застал 0,866287 0,000325
зато 0,468347 0,000527
затоскует 1,866287 0,000700
звонят 1,866287 0,000700
здесь 0,095435 0,000072
здешней 1,468347 0,000551
здешний 1,053374 0,000395
земле 0,648803 0,000487
землю 0,565257 0,000212
злобой 0,963197 0,000722
знаешь 0,533849 0,000601
знай 0,888564 0,000666
знакомых 1,125925 0,000422
знал 0,114239 0,000043
значит 0,243038 0,000273
знаю 0,095435 0,000215
иван 0,303994 0,000342
ивана 0,504560 0,000189
ивану 0,623249 0,000234
идти 0,434924 0,000163
иезуитом 1,866287 0,000700
иезуиты 1,565257 0,000587
избавит 1,866287 0,000700
известие 0,662167 0,000248
издохну 2,167317 0,000813
изменюсь 2,167317 0,000813
илюшечки 1,468347 0,000551
имеешь 1,264227 0,000474
иногда 0,208276 0,000156
иных 0,704919 0,000264
искаженным 1,866287 0,001400
искривленною 1,468347 0,000551
использоваться 0,000000 0,000000
исправником 2,167317 0,000813
испуг 1,125925 0,000844
исступленно 1,021189 0,000383
исступленные 1,690196 0,000634
источник 0,000000 0,000000
ищет 0,963197 0,000361
каждом 1,053374 0,000395
каждый 0,367977 0,000138
кажется 0,118099 0,000133
казалось 0,316059 0,000119
казнить 1,866287 0,002099
какие 0,232819 0,000087
каким 0,194189 0,000364
какое 0,227798 0,000085
какой 0,095435 0,000036
какую 0,419129 0,000157
камня 1,322219 0,000496
каморке 1,468347 0,000551
карамазов 0,587534 0,000220
карамазовский 1,690196 0,000634
карамазовы 0,180546 0,000271
кате 1,468347 0,000551
катей 1,690196 0,000634
кати 1,322219 0,001487
каторгу 0,991226 0,000372
катю 1,322219 0,000496
катя 1,053374 0,003950
клада 2,167317 0,000813
книга 0,176091 0,000132
книги 0,000000 0,000000
когда 0,015029 0,000028
койке 1,866287 0,001400
комаров 0,000000 0,000000
комнату 0,468347 0,000176
комнаты 0,443041 0,000166
конец 0,495219 0,000186
конечно 0,060107 0,000023
конца 0,704919 0,000264
конце 0,611015 0,000229
кончила 1,213075 0,000455
коридора 1,866287 0,000700
косточки 1,866287 0,000700
которой 0,213075 0,000080
которые 0,189594 0,000071
край 1,167317 0,000438
краснокожие 2,167317 0,000813
краю 1,264227 0,000474
крепко 0,443041 0,000166
крест 0,912045 0,001368
креста 1,389166 0,000521
крестной 1,866287 0,000700
крикнул 0,381987 0,000286
кроме 0,158717 0,000060
куда 0,248239 0,000186
куролесить 1,866287 0,000700
легче 0,787106 0,000295
лежал 0,648803 0,000730
лепет 1,866287 0,000700
лепетали 2,167317 0,000813
либо 0,000000 0,000000
лизы 1,565257 0,000587
литература 0,000000 0,000000
лихорадкой 1,866287 0,000700
лицо 0,114239 0,000086
лицом 0,000000 0,000000
ложь 0,866287 0,000650
лучше 0,162996 0,000061
люби 1,213075 0,000910
любил 0,374926 0,000141
любила 0,845098 0,000317
любит 0,389166 0,000146
любить 0,523865 0,000393
любишь 0,888564 0,000333
люблю 0,347773 0,000913
любовный 1,866287 0,000700
любовь 0,523865 0,000196
любым 0,000000 0,000000
люди 0,269690 0,000101
мало 0,208276 0,000078
матери 0,451314 0,000169
мать 0,389166 0,000146
машинисты 2,167317 0,000813
мгновение 0,396465 0,000297
медведями 2,167317 0,000813
между 0,129891 0,000049
меня 0,027438 0,000165
места 0,389166 0,000146
место 0,334808 0,000126
механики 2,167317 0,000813
минутку 0,704919 0,000793
минуту 0,084532 0,000127
минуты 0,322219 0,000121
мити 0,611015 0,000229
митька 1,389166 0,000521
митю 0,623249 0,001168
митя 0,587534 0,004626
многих 0,704919 0,000264
много 0,080958 0,000061
мной 0,237898 0,000089
могиканам 2,167317 0,000813
могла 0,286504 0,000215
могло 0,403889 0,000151
могу 0,171682 0,000193
моего 0,367977 0,000138
моей 0,280827 0,000316
моему 0,354404 0,000133
может 0,000000 0,000000
можно 0,088136 0,000033
молиться 1,167317 0,000438
молодой 0,381987 0,000143
молча 0,367977 0,000276
молчал 0,565257 0,000212
молчание 0,912045 0,000342
момента 0,000000 0,000000
москве 0,690196 0,000259
мошенников 1,690196 0,000634
мошеннику 2,167317 0,000813
муке 1,690196 0,000634
муки 0,991226 0,000372
мукой 1,565257 0,000587
мучило 1,125925 0,000422
мучительно 1,021189 0,000766
мысли 0,316059 0,000237
мысль 0,264227 0,000099
навек 1,468347 0,000551
наверно 0,264227 0,000099
навсегда 0,735954 0,000276
нагнал 2,167317 0,001625
надеюсь 0,912045 0,000342
надо 0,036984 0,000083
надоел 1,389166 0,000521
назад 0,000000 0,000000
название 0,000000 0,000000
найдется 1,565257 0,000587
найти 0,000000 0,000000
наконец 0,073896 0,000055
написано 0,000000 0,000000
например 0,298086 0,000112
настойчиво 0,787106 0,000295
наступило 1,866287 0,000700
насчет 0,354404 0,000133
наука 0,000000 0,000000
научимся 2,167317 0,000813
начал 0,137934 0,000052
начала 0,381987 0,000286
начинал 0,662167 0,000248
начинают 1,167317 0,000438
нашу 0,824895 0,000309
невинен 1,468347 0,000551
невозможное 1,264227 0,000474
невозможны 1,565257 0,000587
него 0,000000 0,000000
недавний 1,468347 0,000551
недаром 1,389166 0,000521
немного 0,426955 0,000160
нему 0,080958 0,000030
немыслимым 1,866287 0,000700
ненавидела 1,565257 0,000587
ненавижу 1,088136 0,000816
необъятные 1,866287 0,000700
неопределенным 2,167317 0,000813
непохожим 2,167317 0,000813
неправдивые 2,167317 0,000813
непреложно 1,866287 0,000700
непременно 0,133894 0,000100
нервною 1,565257 0,000587
несколько 0,102859 0,000039
неудержимо 1,167317 0,000438
неужто 0,599116 0,000449
нечаянно 0,752344 0,000282
нечестивый 1,866287 0,000700
нечестно 1,690196 0,000634
нибудь 0,030597 0,000069
никак 0,396465 0,000149
никогда 0,088136 0,000099
никто 0,185046 0,000069
ними 0,275223 0,000206
ничего 0,030597 0,000034
новым 0,991226 0,000372
ноги 0,477121 0,000358
ножом 1,322219 0,000496
ночь 0,248239 0,000093
нужен 0,963197 0,000361
нужны 0,936868 0,000351
обдумывая 1,690196 0,000634
обедне 1,468347 0,000551
обернутой 2,167317 0,000813
обнять 1,125925 0,000422
ободряет 1,866287 0,000700
обозначить 1,690196 0,000634
обратился 0,443041 0,000166
общественное 0,000000 0,000000
ограды 1,468347 0,000551
один 0,046743 0,000018
одно 0,099131 0,000037
одного 0,150284 0,000056
одну 0,232819 0,000087
одобряешь 2,167317 0,000813
одобряю 1,565257 0,000587
ожидал 0,675956 0,000760
ожидая 0,936868 0,000351
озарялось 2,167317 0,000813
озирая 2,167317 0,000813
оказалось 0,486076 0,000182
окно 0,635838 0,000238
омерзением 1,866287 0,000700
опоздали 1,322219 0,000496
опомниться 1,565257 0,000587
опубликовано 0,000000 0,000000
опять 0,027438 0,000103
орудовать 1,866287 0,000700
орудует 2,167317 0,000813
осилить 2,167317 0,000813
оставим 1,322219 0,000496
оставлю 1,053374 0,000395
оставьте 1,088136 0,001224
остались 0,735954 0,000276
остальное 0,963197 0,000361
остальную 1,690196 0,000634
останавливались 1,866287 0,000700
останешься 1,690196 0,000634
остановилась 1,088136 0,000816
осудили 1,866287 0,000700
осужу 1,866287 0,002099
отвергаешь 1,866287 0,000700
ответе 1,322219 0,000496
ответила 0,824895 0,000309
отделаться 1,565257 0,000587
отделение 1,565257 0,000587
отдельно 1,322219 0,000496
отдирает 2,167317 0,000813
отправлен 1,690196 0,000634
отпущу 1,866287 0,000700
отравленным 2,167317 0,000813
отрезала 1,021189 0,000383
оттудова 1,690196 0,000634
отца 0,222835 0,000084
отшатнулась 1,690196 0,000634
офицеры 1,690196 0,000634
оформление 0,000000 0,000000
очень 0,024303 0,000018
ощутишь 2,167317 0,000813
ощущением 1,322219 0,000496
паспортом 2,167317 0,000813
пахать 1,866287 0,001400
перевести 1,468347 0,000551
переводя 1,565257 0,000587
перед 0,554533 0,000416
переждав 1,866287 0,000700
перенес 1,389166 0,000521
перенесешь 2,167317 0,000813
пересказал 1,690196 0,000634
перестала 1,389166 0,000521
перешагнуть 2,167317 0,000813
перешло 0,000000 0,000000
план 1,053374 0,000395
побег 1,690196 0,000634
побега 1,690196 0,000634
побежал 0,623249 0,000234
побелела 2,167317 0,000813
поблажку 2,167317 0,000813
побледнел 0,704919 0,000264
побои 1,565257 0,000587
повернувшись 1,213075 0,000455
подавив 2,167317 0,000813
подальше 1,264227 0,001422
подборка 0,000000 0,000000
подвели 1,866287 0,002099
подделает 2,167317 0,000813
подействовало 1,389166 0,000521
поделом 1,690196 0,000634
подкупать 1,866287 0,000700
подкупил 2,167317 0,000813
подле 0,419129 0,000314
подлец 0,662167 0,000497
поднялась 1,021189 0,000383
подозревая 1,690196 0,000634
подробности 0,648803 0,000243
подхватил 0,533849 0,000200
подымает 1,690196 0,000634
пожалуй 0,237898 0,000089
пожалуйста 0,662167 0,000497
позволил 1,213075 0,000455
поздней 1,690196 0,000634
поймал 1,088136 0,000408
показывала 1,468347 0,001101
показывать 1,021189 0,000383
покойна 1,866287 0,000700
полным 1,088136 0,000408
половину 0,888564 0,000333
половицы 1,866287 0,000700
полотенцем 1,389166 0,000521
полторы 1,021189 0,000383
получасу 1,690196 0,000634
поместил 1,866287 0,000700
помни 1,264227 0,000474
помнишь 0,845098 0,000317
поможешь 2,167317 0,000813
помрем 2,167317 0,000813
понесли 1,690196 0,000634
понимает 0,720159 0,000540
понимал 0,554533 0,000416
поняла 0,787106 0,000295
поравнявшись 1,565257 0,000587
пороге 1,053374 0,000395
поручение 1,213075 0,000455
поручили 1,565257 0,000587
порывались 2,167317 0,000813
порывался 2,167317 0,000813
поседею 2,167317 0,000813
посетили 1,866287 0,000700
посетителей 0,000000 0,000000
посетители 0,000000 0,000000
посещения 1,088136 0,000408
послала 1,322219 0,000496
после 0,084532 0,000063
последним 1,053374 0,000395
послужит 1,468347 0,000551
посмел 1,125925 0,000844
посмертно 0,000000 0,000000
посмотрел 0,459747 0,000517
посмотрела 1,053374 0,000395
посмотри 1,125925 0,000422
поспешил 0,845098 0,000634
постель 0,936868 0,000351
постоялый 1,866287 0,000700
поступишь 2,167317 0,000813
потерянным 1,565257 0,000587
потом 0,084532 0,000032
потому 0,024303 0,000036
похороны 1,565257 0,001174
почти 0,024303 0,000055
пошел 0,275223 0,000310
появилась 1,322219 0,000496
права 0,554533 0,000208
правда 0,162996 0,000122
правдой 1,565257 0,001761
правду 0,443041 0,000498
превзойдет 2,167317 0,000813
представлять 1,468347 0,000551
представь 1,167317 0,000438
прежде 0,077412 0,000029
презрительное 1,690196 0,000634
прибавила 0,690196 0,000259
привыкнуть 1,690196 0,000634
придет 0,514105 0,001928
приду 0,675956 0,000507
приедем 2,167317 0,000813
приехал 0,554533 0,000208
прижизненно 0,000000 0,000000
прийти 0,662167 0,000248
приковавшись 2,167317 0,000813
приникла 1,866287 0,000700
принял 0,565257 0,000212
принять 0,523865 0,000196
приостановилась 1,866287 0,000700
пристально 0,389166 0,000146
присутствующего 2,167317 0,000813
пришла 0,648803 0,000487
пробормотал 0,334808 0,000126
проговорил 0,154480 0,000232
проговорила 0,533849 0,000400
программирование 0,000000 0,000000
продолжал 0,292256 0,000110
проекты 1,690196 0,000634
произведение 0,000000 0,000000
произведений 0,000000 0,000000
произведения 0,000000 0,000000
произнесла 0,936868 0,000351
проколю 2,167317 0,000813
прокричал 0,720159 0,000540
прокурор 0,888564 0,000333
пролепетал 1,053374 0,000395
пролепетала 1,468347 0,000551
промелькнул 1,866287 0,000700
промолчал 1,167317 0,000438
просил 0,599116 0,000225
прости 0,912045 0,000684
простила 1,389166 0,001042
простите 0,648803 0,000243
простить 0,824895 0,000928
простишь 1,389166 0,000521
простонал 1,468347 0,000551
простонала 1,690196 0,001267
просьбе 1,053374 0,000395
просящая 2,167317 0,000813
противоречить 1,866287 0,000700
протянул 0,675956 0,000253
проч 0,662167 0,000248
прочим 0,662167 0,000248
прошептала 1,125925 0,001267
прошла 0,845098 0,000317
прошло 0,000000 0,000000
прощение 1,468347 0,000551
прощу 1,264227 0,000474
прямо 0,118099 0,000044
публикации 0,000000 0,000000
публике 0,936868 0,000351
пусти 1,866287 0,000700
пусть 0,253503 0,000380
пустяками 1,468347 0,000551
пустят 1,690196 0,001267
пытать 1,866287 0,000700
пять 0,275223 0,000103
работа 1,565257 0,000587
работать 1,213075 0,000455
равно 0,303994 0,000342
радости 0,635838 0,000238
радостно 0,888564 0,000666
радость 0,805589 0,000604
радостью 0,991226 0,000372
раза 0,426955 0,000160
разве 0,146128 0,000110
разверну 2,167317 0,000813
разговора 0,805589 0,000302
раздумчиво 2,167317 0,000813
разнес 2,167317 0,000813
разорил 2,167317 0,000813
разрешения 0,000000 0,000000
разрешены 2,167317 0,000813
ракитин 0,963197 0,000361
рассказал 0,587534 0,000220
рассмотрел 1,264227 0,000474
расстреляют 2,167317 0,000813
расцеловать 2,167317 0,000813
речи 0,769377 0,000288
речь 0,704919 0,000264
решения 0,991226 0,000372
решено 1,021189 0,000383
решетчатое 2,167317 0,000813
решил 0,514105 0,000386
робкая 1,866287 0,000700
робко 0,787106 0,000590
родной 1,053374 0,000790
родных 1,322219 0,000496
россии 0,623249 0,000234
россию 0,866287 0,000650
руке 0,735954 0,000276
руки 0,167317 0,000188
рукой 0,486076 0,000182
русская 0,000000 0,000000
русского 0,936868 0,000351
сайте 0,000000 0,000000
сама 0,208276 0,000234
сами 0,142011 0,000053
самого 0,118099 0,000044
самой 0,258832 0,000097
самые 0,381987 0,000143
самых 0,468347 0,000176
сверкнули 1,053374 0,000395
свободно 0,000000 0,000000
своему 0,367977 0,000138
свой 0,189594 0,000142
свою 0,073896 0,000028
себе 0,033778 0,000063
себя 0,005949 0,000018
север 1,866287 0,000700
сегодня 0,000000 0,000000
седую 1,866287 0,000700
сейчас 0,070407 0,000079
сейчашний 2,167317 0,000813
села 1,053374 0,000395
семидесяти 0,000000 0,000000
сердце 0,171682 0,000064
сердцем 0,675956 0,000253
сжать 2,167317 0,000813
сжимала 2,167317 0,001625
сидящим 1,565257 0,000587
силах 0,623249 0,000234
силой 0,675956 0,000253
сильного 1,213075 0,000455
скажешь 1,322219 0,000992
скажи 0,662167 0,000248
скажите 0,576253 0,000216
сказал 0,099131 0,000223
сказала 0,486076 0,001094
сказано 0,662167 0,000248
сказать 0,073896 0,000166
сквитался 1,866287 0,000700
скоро 0,298086 0,000112
скривились 2,167317 0,000813
слез 0,787106 0,000590
слезы 0,554533 0,000208
слишком 0,133894 0,000050
слове 1,125925 0,000422
сложения 1,264227 0,000474
случае 0,248239 0,000186
слушай 0,635838 0,001430
слушайте 0,912045 0,000342
слышишь 0,866287 0,000974
смей 1,264227 0,000474
смердов 2,167317 0,000813
смердяков 0,587534 0,000220
смеясь 0,787106 0,000295
смири 2,167317 0,000813
смолк 2,167317 0,000813
смолкли 2,167317 0,000813
смолчала 2,167317 0,000813
смотрел 0,298086 0,000112
смотрели 0,769377 0,000288
смотрит 0,690196 0,000259
смотрителем 2,167317 0,000813
смотря 0,322219 0,000121
смоченным 2,167317 0,000813
смущенный 1,468347 0,000551
смыслю 2,167317 0,000813
собрание 0,000000 0,000000
собственно 0,565257 0,000212
совесть 0,805589 0,000302
совсем 0,021189 0,000064
согласие 1,021189 0,000383
согласия 0,000000 0,000000
сожалел 1,690196 0,000634
сознался 1,264227 0,000474
сойду 1,866287 0,000700
солгу 1,565257 0,000587
солдаты 1,322219 0,000496
сомневается 1,690196 0,000634
сомнения 0,523865 0,000196
сообщество 1,866287 0,000700
сострадательный 2,167317 0,000813
сочинений 0,000000 0,000000
спаси 1,389166 0,000521
спасти 0,769377 0,000288
спасу 1,565257 0,000587
сперва 0,735954 0,000276
спешила 1,866287 0,000700
спокоен 1,213075 0,000455
способен 0,787106 0,000295
спрашиваю 0,845098 0,000317
спросить 0,495219 0,000371
спрятал 1,468347 0,000551
спрячемся 2,167317 0,000813
ссылают 1,866287 0,000700
стал 0,125925 0,000047
стала 0,544068 0,000408
станут 1,213075 0,000455
сторож 1,565257 0,000587
сторожа 1,565257 0,000587
сторожевского 2,167317 0,000813
стоял 0,309985 0,000232
страданием 1,167317 0,000875
страданию 1,866287 0,000700
странно 0,354404 0,000133
странною 1,264227 0,000474
страху 0,845098 0,000317
страшно 0,434924 0,000326
стремительно 0,936868 0,001405
суда 0,787106 0,000590
суде 0,888564 0,000333
судил 1,322219 0,000496
судить 0,912045 0,000342
судорожно 1,167317 0,000438
судьба 0,866287 0,000325
судьей 1,690196 0,000634
судья 1,264227 0,000474
суетливо 1,389166 0,000521
схватила 0,912045 0,000342
счастье 0,787106 0,000295
счет 0,690196 0,000259
считал 0,648803 0,000243
сюда 0,232819 0,000175
также 0,000000 0,000000
таки 0,066947 0,000050
такого 0,243038 0,000091
такой 0,077412 0,000087
такому 0,752344 0,000282
тамошних 1,690196 0,000634
твое 0,845098 0,000317
твоей 0,888564 0,000333
твои 0,787106 0,000295
твоим 1,088136 0,000408
твой 0,735954 0,000276
твою 0,912045 0,000684
тебе 0,203530 0,001450
тебя 0,198834 0,001267
текст 0,000000 0,000000
теперь 0,015029 0,000079
тихо 0,354404 0,000532
тобой 0,419129 0,000314
тогда 0,050046 0,000038
того 0,005949 0,000009
тоже 0,043466 0,000049
только 0,002964 0,000011
томах 0,000000 0,000000
тому 0,095435 0,000143
торопливо 1,167317 0,000438
тоскует 2,167317 0,000813
тотчас 0,046743 0,000105
требую 1,322219 0,001487
тревожно 1,213075 0,000910
трепещет 1,690196 0,000634
трифон 1,264227 0,000474
трудно 0,459747 0,000345
туго 1,565257 0,000587
туда 0,495219 0,001114
тыканья 2,167317 0,000813
тысячи 0,426955 0,000160
тяжело 0,565257 0,000848
тяжкие 1,866287 0,000700
убегу 1,468347 0,001652
убежал 0,888564 0,000333
убежать 1,322219 0,000496
убеждена 1,322219 0,000496
убийц 1,690196 0,000634
убил 0,523865 0,000393
убью 0,963197 0,000361
уверен 0,635838 0,000238
уверена 1,322219 0,000992
уверила 2,167317 0,001625
уверяют 1,565257 0,000587
увидел 0,648803 0,000243
увидеться 2,167317 0,000813
угрожающим 2,167317 0,000813
удар 1,167317 0,000438
уединении 1,389166 0,000521
ужасно 0,167317 0,000063
узнай 1,690196 0,000634
узнать 0,374926 0,000141
узнают 1,389166 0,001042
уйти 0,787106 0,000295
уксусом 1,866287 0,000700
улыбка 0,936868 0,000351
улыбкой 0,468347 0,000351
улыбнулся 0,533849 0,000601
умении 2,167317 0,000813
умершим 0,000000 0,000000
умрет 0,824895 0,000619
упала 1,125925 0,000422
упор 0,963197 0,000361
упрекать 1,565257 0,000587
упреком 1,322219 0,000496
усадила 1,389166 0,000521
успокоил 1,389166 0,000521
уста 1,468347 0,000551
устами 1,866287 0,000700
утаишь 2,167317 0,000813
утром 0,411442 0,000309
федор 0,000000 0,000000
халате 1,565257 0,000587
хлынули 2,167317 0,000813
хотел 0,158717 0,000238
хотела 0,648803 0,000243
хотелось 0,381987 0,000143
хоть 0,060107 0,000090
хотя 0,050046 0,000019
хохлаковой 0,787106 0,000295
хочешь 0,544068 0,000204
хуже 0,635838 0,000715
цветов 1,264227 0,000474
цельную 2,167317 0,000813
часа 0,000000 0,000000
часовой 2,167317 0,000813
часть 0,002964 0,000002
чего 0,040213 0,000045
человек 0,036984 0,000014
человека 0,154480 0,000058
человеке 1,167317 0,000438
черт 0,477121 0,000358
четвертая 0,426955 0,000320
число 0,000000 0,000000
читаем 0,000000 0,000000
читать 0,000000 0,000000
чтоб 0,073896 0,000028
чтобы 0,030597 0,000011
чувства 0,495219 0,000186
чувствовал 0,635838 0,000238
чуть 0,176091 0,000066
чьего 0,000000 0,000000
шагнула 1,866287 0,000700
шепотом 0,675956 0,000253
щепки 1,866287 0,000700
этак 0,690196 0,000776
этапный 2,167317 0,000813
этим 0,189594 0,000071
этого 0,053374 0,000020
этой 0,118099 0,000089
этом 0,046743 0,000123
этому 0,322219 0,000121
этот 0,011981 0,000018
явимся 1,866287 0,000700
ядовитым 1,866287 0,000700
язвой 2,167317 0,000813
языку 1,866287 0,000700
