автор 0,000000 0,000000
автором 0,000000 0,000000
авторского 0,000000 0,000000
авторы 0,000000 0,000000
александрович 0,991226 0,000899
александровна 0,787106 0,000714
александровне 1,021189 0,000927
александровну 1,213075 0,001651
алексей 0,000000 0,000000
алексея 0,000000 0,000000
ардалион 1,565257 0,001420
ардалионович 0,805589 0,000366
бежит 1,125925 0,000511
безобразием 1,690196 0,000767
безобразная 1,866287 0,000847
белой 1,565257 0,000710
бери 1,322219 0,000600
беспокойным 1,565257 0,000710
беспрестанно 1,690196 0,000767
бесстыжею 2,167317 0,000983
бесстыжую 1,565257 0,000710
бешенства 1,322219 0,000600
бешенстве 1,468347 0,000666
библиотека 0,000000 0,000000
бискуп 1,690196 0,000767
бледневший 2,167317 0,000983
бледное 1,468347 0,000666
боже 0,459747 0,000209
божеству 2,167317 0,000983
более 0,000000 0,000000
болезненно 1,167317 0,000530
бормотал 0,720159 0,000327
браво 1,167317 0,000530
брат 0,303994 0,000276
брата 0,389166 0,000177
брату 0,752344 0,000341
бросив 1,264227 0,000574
бросил 0,554533 0,000252
бросился 0,451314 0,000819
брось 1,389166 0,000630
будет 0,077412 0,000070
будете 0,769377 0,000349
будешь 0,648803 0,000883
будочниками 2,167317 0,000983
будто 0,099131 0,000090
будут 0,565257 0,000513
бумаге 1,565257 0,000710
была 0,046743 0,000042
были 0,099131 0,000045
было 0,000000 0,000000
быстро 0,232819 0,000423
быть 0,002964 0,000003
важном 1,264227 0,000574
валила 2,167317 0,000983
вами 0,232819 0,000317
ванька 1,565257 0,000710
вари 1,468347 0,001332
варю 1,213075 0,001651
варя 1,053374 0,002868
васильевский 1,565257 0,000710
ваша 0,554533 0,000252
вглядевшись 1,690196 0,000767
вдруг 0,005949 0,000057
ведь 0,043466 0,000059
венчаетесь 2,167317 0,000983
вероятно 0,623249 0,000283
вершков 1,565257 0,000710
веселостью 1,565257 0,000710
весь 0,099131 0,000045
вечер 0,477121 0,000216
вечера 0,623249 0,000283
вечеру 0,936868 0,000850
вечно 0,824895 0,000374
взволновано 2,167317 0,000983
взгляд 0,396465 0,000180
взглядом 0,504560 0,000687
взглянула 1,167317 0,001059
вздохнул 1,125925 0,000511
вздрогнул 0,565257 0,000256
вздумали 2,167317 0,000983
взрыв 1,866287 0,000847
взрывом 1,866287 0,000847
взял 0,269690 0,000122
взяла 0,824895 0,000374
взять 0,533849 0,000242
видела 0,888564 0,000806
видели 0,495219 0,000225
видим 1,264227 0,000574
видимому 0,648803 0,000294
видно 0,504560 0,000458
видом 0,389166 0,000353
визит 1,088136 0,000494
визиты 0,000000 0,000000
вишь 1,213075 0,001101
вместе 0,208276 0,000094
внезапно 0,623249 0,000566
внезапность 1,866287 0,000847
внезапный 1,690196 0,000767
возвращалась 1,690196 0,000767
возвысил 1,690196 0,000767
вознаграждения 0,000000 0,000000
войти 0,675956 0,000613
волнение 0,824895 0,000374
вопрос 0,222835 0,000202
воротилась 1,053374 0,000478
воротился 0,599116 0,000272
ворчать 1,866287 0,000847
восемнадцать 1,389166 0,001891
воскликнул 0,309985 0,000141
восклицания 1,167317 0,000530
восторга 0,720159 0,000327
вошедший 1,322219 0,000600
вошедших 1,389166 0,000630
вошел 0,403889 0,000183
вошли 0,720159 0,000327
вошло 1,468347 0,001332
впечатление 0,544068 0,000247
впрочем 0,118099 0,000054
времени 0,269690 0,000122
время 0,043466 0,000020
врет 1,322219 0,000600
всего 0,040213 0,000091
всей 0,248239 0,000225
всем 0,070407 0,000064
всех 0,060107 0,000109
вскрикивали 2,167317 0,000983
вскрикивало 2,167317 0,000983
вскрикнул 0,936868 0,000850
вскрикнула 0,866287 0,000393
вскрикнуть 2,167317 0,000983
вскричал 0,292256 0,000398
вслед 0,523865 0,000713
всплеснул 1,167317 0,000530
вспомнив 1,264227 0,000574
вспыхнув 1,468347 0,000666
встали 1,167317 0,000530
встретить 0,866287 0,000393
встречался 1,866287 0,001694
встречей 1,866287 0,000847
входили 1,264227 0,000574
входить 1,125925 0,000511
входу 1,866287 0,000847
выбираясь 2,167317 0,000983
вывести 1,053374 0,000478
выговаривал 1,565257 0,000710
выдержал 0,888564 0,000403
выдержала 1,167317 0,000530
вызова 1,866287 0,000847
вызовом 1,053374 0,000478
выказывать 1,468347 0,000666
вынь 1,866287 0,000847
выплаты 0,000000 0,000000
выручай 2,167317 0,001967
высокомерным 1,866287 0,000847
выходила 1,389166 0,000630
выходке 1,690196 0,000767
выходки 1,167317 0,000530
вышла 0,495219 0,000449
гаврила 0,824895 0,000374
гане 1,125925 0,000511
гани 1,125925 0,001533
ганину 2,167317 0,000983
ганька 1,389166 0,003151
ганькой 2,167317 0,000983
ганю 1,125925 0,002043
ганя 0,769377 0,004189
гармонировавшее 1,866287 0,000847
главе 1,213075 0,000550
глаза 0,129891 0,000118
глазами 0,403889 0,000183
глазах 0,459747 0,000209
глубоким 1,167317 0,001059
глядел 0,554533 0,000252
глядела 1,125925 0,000511
глядя 0,611015 0,000554
гнева 0,912045 0,000414
говорили 0,374926 0,000170
говорило 1,866287 0,000847
говорю 0,203530 0,000092
говорят 0,309985 0,000141
голос 0,533849 0,001211
голосов 1,322219 0,001200
голосом 0,396465 0,000180
горячо 0,544068 0,000247
господа 0,389166 0,000177
господин 0,514105 0,000700
господина 0,824895 0,000374
гостей 0,752344 0,000341
гостиной 0,888564 0,002016
гостиную 0,963197 0,000437
грозно 0,888564 0,000403
громадности 2,167317 0,000983
громко 0,504560 0,000458
губам 1,264227 0,000574
губы 0,599116 0,000544
давешний 1,213075 0,000550
давешним 1,468347 0,000666
давно 0,158717 0,000072
даже 0,005949 0,000016
дальше 0,002964 0,000001
дамы 0,648803 0,000589
данные 0,000000 0,000000
двенадцати 1,125925 0,001022
дверь 0,367977 0,000334
дверях 0,991226 0,000899
двести 0,991226 0,000450
двора 0,912045 0,000414
девушка 0,805589 0,000366
действительно 0,106619 0,000097
деле 0,162996 0,000148
денег 0,309985 0,000141
деньги 0,280827 0,000127
держал 0,866287 0,000393
дерзости 2,167317 0,000983
дернула 2,167317 0,000983
десяти 0,704919 0,000320
дивана 0,963197 0,000437
довольно 0,129891 0,000059
догнал 1,866287 0,000847
договорить 1,389166 0,000630
дойдет 1,389166 0,000630
дойдя 1,264227 0,001147
докажу 1,322219 0,000600
доползешь 1,866287 0,000847
дорогу 0,599116 0,000272
досады 1,264227 0,000574
доселе 0,912045 0,000414
доставай 2,167317 0,000983
достоевский 0,000000 0,000000
достояние 0,000000 0,000000
дрожа 1,021189 0,000463
дрожала 1,167317 0,000530
дрожали 1,322219 0,000600
друг 0,269690 0,000367
друга 0,419129 0,000380
другая 0,648803 0,000294
друге 1,690196 0,000767
другим 0,533849 0,000242
другого 0,396465 0,000180
другой 0,146128 0,000199
дура 1,088136 0,000494
дурак 0,769377 0,000698
душа 0,565257 0,001026
душу 0,451314 0,000205
едва 0,554533 0,000252
есть 0,018098 0,000008
ехал 1,468347 0,000666
ехать 0,866287 0,000393
ждал 0,495219 0,000225
ждала 0,805589 0,000366
ждали 0,720159 0,000327
желая 0,662167 0,000300
живьем 2,167317 0,000983
забыв 0,991226 0,000450
забывшись 1,468347 0,000666
забылся 1,468347 0,000666
завитой 1,690196 0,000767
загадка 1,125925 0,000511
заглядывали 1,866287 0,000847
заговорил 0,599116 0,000272
задал 1,167317 0,000530
задумчивое 1,565257 0,000710
задумчивый 1,389166 0,000630
задыхался 0,912045 0,000414
закрасневшись 1,866287 0,000847
закричал 0,599116 0,000544
закрыл 0,991226 0,000450
заложил 1,264227 0,000574
залу 0,735954 0,001336
замахнулся 2,167317 0,000983
замиранием 1,866287 0,000847
заревел 1,565257 0,000710
засверкавшим 2,167317 0,000983
засмеялась 0,866287 0,000393
засмеялся 0,495219 0,000225
затащил 1,866287 0,000847
затворялась 1,866287 0,000847
затем 0,237898 0,000108
затеснились 1,866287 0,000847
зато 0,468347 0,000212
затолкала 2,167317 0,000983
захлопнул 1,866287 0,000847
захочу 0,936868 0,000425
зачем 0,146128 0,000066
зашептал 1,389166 0,000630
звать 0,991226 0,000450
здесь 0,095435 0,000087
здравствуй 1,468347 0,001332
злобно 0,599116 0,000272
злобой 0,963197 0,000437
знаешь 0,533849 0,000242
знакомый 0,936868 0,000425
значит 0,243038 0,000110
зубы 1,053374 0,000478
идиот 0,443041 0,000804
испепелить 1,866287 0,000847
использоваться 0,000000 0,000000
испугался 0,704919 0,000320
испуганно 1,021189 0,000463
испуганным 1,389166 0,000630
исступление 1,264227 0,000574
исступленный 1,389166 0,000630
источник 0,000000 0,000000
иуда 1,866287 0,000847
кажется 0,118099 0,000107
казались 1,468347 0,000666
казалось 0,316059 0,000430
казался 0,963197 0,000437
казни 1,125925 0,000511
какая 0,194189 0,000088
какие 0,232819 0,000106
каков 0,888564 0,000403
какое 0,227798 0,000103
какой 0,095435 0,000173
какому 0,805589 0,000366
какою 0,599116 0,000272
карачках 1,866287 0,000847
кармана 0,720159 0,000327
каяться 1,866287 0,000847
квартиры 1,088136 0,000494
книги 0,000000 0,000000
книф 2,167317 0,000983
князе 1,167317 0,000530
князем 0,704919 0,000320
князь 0,477121 0,001515
князю 0,504560 0,000687
князя 0,468347 0,000425
коли 0,269690 0,000122
коля 0,565257 0,001026
команда 1,690196 0,000767
комаров 0,000000 0,000000
комизма 1,866287 0,000847
компания 1,021189 0,000463
конец 0,495219 0,000225
конечно 0,060107 0,000027
контенансу 1,866287 0,000847
конюшню 2,167317 0,000983
коротенький 1,690196 0,000767
которому 0,468347 0,000212
которую 0,292256 0,000133
красневший 1,866287 0,000847
кривила 1,866287 0,000847
крикнул 0,381987 0,000693
крикнула 0,824895 0,001123
кроме 0,158717 0,000072
крючком 1,866287 0,000847
куда 0,248239 0,000338
кулаками 1,565257 0,001420
кулаки 1,690196 0,000767
купить 1,021189 0,000463
куплю 1,468347 0,003997
купчиков 2,167317 0,000983
лебедев 0,735954 0,001336
лебедева 0,752344 0,000683
лестнице 1,088136 0,000987
лестницы 0,991226 0,000450
лету 1,389166 0,000630
либо 0,000000 0,000000
литература 0,000000 0,000000
лице 0,403889 0,000183
лицо 0,114239 0,000311
лицом 0,000000 0,000000
лицу 0,587534 0,000267
ложилась 1,690196 0,000767
лучше 0,162996 0,000074
любит 0,389166 0,000177
любопытством 0,459747 0,000209
любым 0,000000 0,000000
людно 2,167317 0,000983
магниту 2,167317 0,000983
маленький 0,662167 0,000300
мать 0,389166 0,000706
машинально 1,053374 0,000478
мгновений 1,264227 0,000574
медицинский 2,167317 0,000983
между 0,129891 0,000118
меньшего 2,167317 0,000983
меня 0,027438 0,000062
мерещился 2,167317 0,000983
меру 1,125925 0,000511
мест 1,088136 0,000494
места 0,389166 0,000177
месте 0,286504 0,000130
месяца 0,477121 0,000216
мешало 1,866287 0,000847
мимо 0,514105 0,000467
минута 0,888564 0,000403
минуту 0,084532 0,000038
много 0,080958 0,000073
может 0,000000 0,000000
можно 0,088136 0,000080
молнией 2,167317 0,000983
молча 0,367977 0,000334
молчавшего 2,167317 0,000983
молчаливый 1,213075 0,000550
момента 0,000000 0,000000
мрачно 0,866287 0,000393
мрачный 1,167317 0,000530
мужик 0,888564 0,000403
наблюдал 1,125925 0,000511
навеселе 1,866287 0,000847
наглою 2,167317 0,000983
нагреешь 2,167317 0,000983
надеявшийся 2,167317 0,000983
назад 0,000000 0,000000
название 0,000000 0,000000
называют 1,125925 0,000511
найдется 1,565257 0,000710
найти 0,000000 0,000000
накануне 0,662167 0,000300
наконец 0,073896 0,000134
накрест 1,468347 0,000666
налево 0,824895 0,000374
намерение 0,888564 0,000403
намерением 1,088136 0,000494
написано 0,000000 0,000000
направо 0,787106 0,000357
напускным 2,167317 0,000983
наскоро 0,888564 0,000403
насмешка 1,389166 0,000630
насмешливым 1,468347 0,000666
настасьи 0,845098 0,000383
настасью 0,888564 0,001209
настасья 0,805589 0,004752
настойчиво 0,787106 0,000714
наука 0,000000 0,000000
находишься 2,167317 0,000983
начал 0,137934 0,000063
начала 0,381987 0,000173
начать 0,720159 0,000327
нашептывал 2,167317 0,000983
невесту 1,125925 0,000511
невозможно 0,411442 0,000187
него 0,000000 0,000000
недостало 1,565257 0,000710
неистовою 2,167317 0,000983
некоторые 0,533849 0,000242
некоторым 0,690196 0,000313
нему 0,080958 0,000037
необыкновенное 0,912045 0,000414
необычайно 1,866287 0,000847
неотлагательном 2,167317 0,000983
неподходящая 2,167317 0,000983
неподходящею 2,167317 0,000983
непременно 0,133894 0,000122
нескольких 1,088136 0,000494
несколько 0,102859 0,000373
несмотря 0,275223 0,000125
несравненно 1,264227 0,000574
неужели 0,389166 0,000177
нечего 0,381987 0,000173
низкий 1,389166 0,000630
никакие 1,690196 0,000767
никто 0,185046 0,000084
ними 0,275223 0,000125
нина 0,963197 0,000874
нине 1,213075 0,001101
нину 1,468347 0,001999
ничего 0,030597 0,000028
новым 0,991226 0,000450
носом 1,389166 0,000630
нуждались 1,866287 0,000847
обернутую 2,167317 0,000983
обещались 1,690196 0,000767
обмерила 1,866287 0,000847
обморок 1,088136 0,000494
обнимать 1,389166 0,000630
ободряясь 1,866287 0,000847
обращаясь 0,675956 0,000307
общественное 0,000000 0,000000
обыкновенно 0,720159 0,000327
овцу 2,167317 0,000983
оглядев 1,565257 0,000710
огромный 1,213075 0,000550
один 0,046743 0,000064
однако 0,102859 0,000140
одного 0,150284 0,000205
одушевился 1,690196 0,000767
ожидал 0,675956 0,000307
озабоченным 1,322219 0,000600
оказывался 1,565257 0,000710
окриком 2,167317 0,000983
опомнился 1,167317 0,001059
опрокинутое 1,866287 0,000847
опубликовано 0,000000 0,000000
опять 0,027438 0,000037
освободившеюся 2,167317 0,000983
осклабился 1,125925 0,000511
оскорбил 1,125925 0,000511
оскорбила 1,690196 0,000767
осмелился 1,167317 0,000530
оставит 1,468347 0,000666
остальные 0,704919 0,000320
останавливаясь 1,389166 0,000630
остановила 1,322219 0,000600
остановился 0,419129 0,000190
остаться 0,912045 0,000414
осторожно 0,912045 0,000414
ответа 0,720159 0,000327
ответил 0,237898 0,000108
ответила 0,824895 0,000374
ответишь 2,167317 0,000983
ответом 1,389166 0,000630
отдельно 1,322219 0,000600
откуда 0,523865 0,000238
отличалась 1,690196 0,000767
отошел 1,125925 0,000511
отпарировала 2,167317 0,000983
отстававший 2,167317 0,000983
отступился 1,866287 0,000847
отсюда 0,805589 0,001097
отупении 2,167317 0,000983
отцовских 2,167317 0,000983
отчасти 0,611015 0,000277
оформление 0,000000 0,000000
очевидно 0,599116 0,001359
очень 0,024303 0,000011
пальто 0,936868 0,000850
парфена 1,468347 0,000666
парфеном 2,167317 0,000983
пачку 1,088136 0,000494
первая 0,419129 0,000380
первого 0,411442 0,000373
первых 0,367977 0,000167
переводя 1,565257 0,000710
переглянулись 1,213075 0,000550
перед 0,554533 0,000252
передергивал 2,167317 0,000983
передней 1,125925 0,000511
перейдя 1,565257 0,000710
переменила 1,690196 0,000767
переступать 2,167317 0,000983
перешло 0,000000 0,000000
плача 1,264227 0,000574
плохо 0,912045 0,000414
плюнула 1,690196 0,000767
плюнь 2,167317 0,000983
побледнел 0,704919 0,000640
повернувшись 1,213075 0,000550
повода 1,690196 0,000767
повторил 0,752344 0,000341
поглядел 0,554533 0,000252
поглядела 1,053374 0,000478
подборка 0,000000 0,000000
подвигался 1,690196 0,000767
подвигаясь 1,866287 0,000847
поддакнул 1,389166 0,001261
поддержки 1,389166 0,000630
поддразнивая 2,167317 0,000983
подействовало 1,389166 0,000630
подлец 0,662167 0,000901
подло 1,264227 0,000574
поднесла 1,866287 0,000847
подобные 1,565257 0,000710
подошла 1,053374 0,000478
подписку 2,167317 0,000983
подталкивали 2,167317 0,000983
подходя 1,088136 0,000494
поедем 1,468347 0,000666
позвольте 0,523865 0,000475
поздравляю 1,690196 0,000767
пойдем 0,912045 0,000414
покажи 1,468347 0,000666
полагая 1,690196 0,000767
полноте 0,866287 0,000393
положим 0,720159 0,000327
полоумный 1,389166 0,000630
полувоенном 2,167317 0,000983
полячок 2,167317 0,000983
помешали 1,866287 0,000847
помолвились 2,167317 0,000983
помутилось 1,690196 0,000767
помыслах 2,167317 0,000983
попеременно 1,565257 0,000710
попробовать 1,690196 0,000767
поражена 1,565257 0,000710
пораженный 0,888564 0,000403
порог 1,389166 0,000630
пороге 1,053374 0,000478
посетителей 0,000000 0,000000
посетители 0,000000 0,000000
посинели 1,690196 0,000767
последней 0,623249 0,000283
послушался 1,866287 0,000847
послышался 1,264227 0,001147
посмертно 0,000000 0,000000
посмотрел 0,459747 0,000209
постою 2,167317 0,000983
поступка 1,389166 0,000630
поступком 1,468347 0,000666
потерялся 1,213075 0,000550
потерянный 1,322219 0,000600
потерянным 1,565257 0,000710
потом 0,084532 0,000038
потому 0,024303 0,000011
потрясения 1,866287 0,000847
поцеловала 0,991226 0,000450
пошептала 2,167317 0,000983
пошла 0,845098 0,000383
пошлют 2,167317 0,000983
пощечину 1,167317 0,000530
правда 0,162996 0,000222
право 0,361137 0,000164
пред 0,033778 0,000015
предлагал 1,468347 0,000666
представить 0,576253 0,000261
представлю 1,690196 0,000767
представлялись 1,690196 0,000767
прежде 0,077412 0,000035
преимущественно 1,053374 0,000478
пренебрежительною 2,167317 0,000983
препятствуя 2,167317 0,000983
прерывающимся 1,690196 0,000767
прибавил 0,275223 0,000125
прибавила 0,690196 0,000313
приближаясь 1,866287 0,000847
привстала 1,690196 0,000767
приговоренного 1,690196 0,000767
придала 1,690196 0,000767
приехал 0,554533 0,000252
приехала 1,125925 0,001022
прижизненно 0,000000 0,000000
приискать 1,690196 0,000767
присутствие 1,322219 0,000600
притягиваясь 2,167317 0,000983
приходя 1,468347 0,000666
прихожей 1,565257 0,002131
прихожую 1,690196 0,000767
пришелся 1,690196 0,000767
пришла 0,648803 0,000294
проводила 1,866287 0,000847
провожайте 2,167317 0,000983
провожать 1,565257 0,000710
проговорил 0,154480 0,000350
проговорила 0,533849 0,000484
проговорить 1,389166 0,000630
прогоните 1,866287 0,000847
программирование 0,000000 0,000000
продолжала 0,720159 0,000327
продолжают 1,565257 0,000710
проиграл 1,690196 0,001534
произведение 0,000000 0,000000
произведений 0,000000 0,000000
произведения 0,000000 0,000000
произвел 1,088136 0,000494
просить 0,504560 0,000229
проскрежетал 1,322219 0,000600
простояли 1,565257 0,000710
против 0,389166 0,000530
протискивался 2,167317 0,000983
протягивала 1,690196 0,000767
проходя 1,167317 0,000530
процедил 2,167317 0,000983
процентная 2,167317 0,000983
прошел 0,662167 0,000300
прошептал 0,675956 0,000307
прошептала 1,125925 0,000511
прошло 0,000000 0,000000
прошу 0,599116 0,000272
прощения 0,690196 0,000313
прямо 0,118099 0,000107
пряча 1,866287 0,000847
птицын 0,824895 0,002620
птицыным 1,468347 0,000666
публикации 0,000000 0,000000
пусть 0,253503 0,000115
пьян 0,824895 0,001123
пьяная 1,264227 0,000574
пьяный 0,888564 0,000403
пьяных 1,866287 0,000847
радости 0,635838 0,000288
разве 0,146128 0,000133
развязно 1,565257 0,000710
разглядел 0,991226 0,000899
разгорячался 1,866287 0,000847
раздались 1,167317 0,000530
раздраженно 1,866287 0,000847
размаха 1,690196 0,000767
разнообразием 2,167317 0,000983
разнообразная 2,167317 0,000983
разом 0,389166 0,000177
разрешения 0,000000 0,000000
раскаянием 1,213075 0,000550
раскланивавшийся 2,167317 0,000983
рассердившийся 2,167317 0,000983
рассеянно 0,991226 0,000450
решаясь 1,690196 0,000767
решительно 0,341243 0,000155
робея 1,690196 0,000767
рогожин 0,704919 0,005437
рогожина 0,866287 0,001965
рогожинская 1,690196 0,000767
рогожину 1,053374 0,001434
рогожиным 0,936868 0,000850
рублей 0,367977 0,000334
рука 1,053374 0,000478
руками 0,280827 0,000255
руке 0,735954 0,000334
руки 0,167317 0,000076
рукой 0,486076 0,000221
руку 0,222835 0,000708
русская 0,000000 0,000000
сайте 0,000000 0,000000
самом 0,114239 0,000104
самый 0,198834 0,000090
сапогах 1,213075 0,000550
сбросивший 2,167317 0,000983
свадьбы 1,213075 0,000550
сверкали 1,167317 0,000530
свидания 0,787106 0,000357
свидетелем 0,991226 0,000450
свободно 0,000000 0,000000
свое 0,150284 0,000068
своего 0,091770 0,000042
своей 0,066947 0,000030
свои 0,146128 0,000066
своим 0,208276 0,000094
своих 0,237898 0,000108
свой 0,189594 0,000172
свою 0,073896 0,000067
сделала 0,963197 0,000874
сдерживало 2,167317 0,000983
себе 0,033778 0,000015
себя 0,005949 0,000008
сегодня 0,000000 0,000000
сейчас 0,070407 0,000032
семи 0,991226 0,000450
семидесяти 0,000000 0,000000
сердечным 1,866287 0,000847
сердца 0,334808 0,000152
серьезно 0,419129 0,000380
сестра 0,824895 0,001123
сестрица 1,389166 0,000630
сестрой 1,264227 0,000574
сестру 1,213075 0,000550
сестры 0,824895 0,000374
силились 2,167317 0,000983
силы 0,514105 0,000467
сильно 0,292256 0,000530
сильного 1,213075 0,000550
скажется 1,866287 0,000847
скажите 0,576253 0,000261
сказал 0,099131 0,000045
сказали 0,544068 0,000247
сказать 0,073896 0,000034
сквозь 0,936868 0,000425
сконфузившись 1,322219 0,000600
слова 0,129891 0,000059
словно 0,866287 0,000393
словцо 1,125925 0,000511
слышала 0,845098 0,000383
слышите 0,769377 0,000349
слышно 0,912045 0,000414
смелости 1,565257 0,000710
смелостью 1,866287 0,000847
смертной 1,322219 0,000600
смех 0,704919 0,000320
смехом 0,805589 0,000366
смешавшись 2,167317 0,000983
смеявшийся 2,167317 0,000983
смеяться 0,587534 0,000267
смотри 1,053374 0,000478
смотря 0,322219 0,000292
смущенный 1,468347 0,000666
снова 0,565257 0,000256
собираясь 1,264227 0,000574
собрание 0,000000 0,000000
совершенно 0,180546 0,000164
соврал 1,167317 0,000530
совсем 0,021189 0,000038
согласия 0,000000 0,000000
сомневаться 1,389166 0,000630
соображал 1,213075 0,000550
сообразить 1,264227 0,000574
сорок 0,845098 0,001534
составляли 1,389166 0,000630
сочинений 0,000000 0,000000
сошел 0,787106 0,000357
спохватился 1,167317 0,000530
спрашивать 0,752344 0,000341
спьяна 1,866287 0,000847
срамить 1,690196 0,000767
стал 0,125925 0,000057
стало 0,091770 0,000083
старанием 1,866287 0,000847
старик 0,434924 0,000592
старика 0,587534 0,000267
стати 1,213075 0,000550
стене 1,053374 0,000478
степени 0,389166 0,000177
стол 0,486076 0,000221
столик 1,213075 0,000550
сторон 0,735954 0,000334
стороны 0,185046 0,000084
стоял 0,309985 0,000563
странная 0,824895 0,000374
странный 0,787106 0,000357
странным 0,752344 0,000341
страшно 0,434924 0,000197
строго 0,576253 0,000261
студент 2,167317 0,001967
ступай 0,735954 0,000334
ступал 2,167317 0,000983
стыда 0,805589 0,000366
стыдиться 1,389166 0,001261
стыдно 0,504560 0,000229
суммы 1,053374 0,000478
схватил 0,533849 0,000242
сцена 1,167317 0,000530
сцену 0,845098 0,000383
такая 0,309985 0,000281
также 0,000000 0,000000
таки 0,066947 0,000061
таких 0,243038 0,000110
такова 1,088136 0,000494
такое 0,114239 0,000052
такую 0,334808 0,000304
тащишь 2,167317 0,000983
твердил 1,565257 0,000710
твоим 1,088136 0,000494
твой 0,735954 0,000334
твою 0,912045 0,000414
твоя 0,635838 0,000288
тебе 0,203530 0,000185
тебя 0,198834 0,000361
текст 0,000000 0,000000
тень 1,468347 0,000666
теперь 0,015029 0,000034
терять 1,125925 0,000511
тихо 0,354404 0,000482
тобой 0,419129 0,000190
того 0,005949 0,000003
тоже 0,043466 0,000099
толковали 1,866287 0,000847
толпа 0,991226 0,000450
толпы 1,167317 0,000530
толстый 1,468347 0,001332
толстяк 2,167317 0,000983
только 0,002964 0,000007
томах 0,000000 0,000000
торжествуя 1,690196 0,000767
тоске 1,053374 0,000478
тотчас 0,046743 0,000021
точно 0,121994 0,000055
тревожно 1,213075 0,000550
трепеща 1,468347 0,000666
третирует 1,690196 0,000767
трогаясь 2,167317 0,000983
трудом 0,991226 0,000450
тысяч 0,451314 0,001433
тысячи 0,426955 0,000194
тысячу 0,769377 0,000349
тяжелая 1,565257 0,000710
тяжелее 1,866287 0,000847
увивавшийся 2,167317 0,000983
увидел 0,648803 0,000294
увидя 1,264227 0,000574
угадал 1,125925 0,000511
угадать 1,021189 0,000463
угол 0,735954 0,000334
удар 1,167317 0,000530
удивилась 1,264227 0,000574
удивлением 0,523865 0,000475
удивленный 1,213075 0,000550
узнает 0,912045 0,000414
узнаешь 1,565257 0,001420
узнал 0,381987 0,000173
узнать 0,374926 0,000340
укором 1,690196 0,000767
укоряющим 2,167317 0,000983
улице 0,635838 0,000288
улыбка 0,936868 0,000425
улыбкой 0,468347 0,000212
улыбку 1,213075 0,000550
умер 0,662167 0,000300
умершим 0,000000 0,000000
уничтоженный 2,167317 0,000983
упадет 1,690196 0,000767
усиливалась 1,866287 0,000847
усмехнулась 1,167317 0,000530
успел 0,354404 0,000322
уходила 1,389166 0,000630
уходит 0,888564 0,000403
фамильярностью 1,866287 0,000847
федор 0,000000 0,000000
филипповна 0,824895 0,004866
филипповну 0,888564 0,001209
филипповны 0,845098 0,000383
хватая 1,565257 0,000710
хмелел 1,866287 0,000847
хотелось 0,381987 0,000347
хошь 1,690196 0,000767
целая 0,845098 0,000383
целковых 1,213075 0,000550
целовать 0,845098 0,000383
часа 0,000000 0,000000
часам 1,213075 0,000550
часть 0,002964 0,000003
чего 0,040213 0,000036
человек 0,036984 0,000084
чиновник 0,963197 0,000437
число 0,000000 0,000000
читаем 0,000000 0,000000
читать 0,000000 0,000000
чрезвычайно 0,217927 0,000692
чрезвычайным 0,720159 0,000327
чтоб 0,073896 0,000067
чтобы 0,030597 0,000028
чувством 0,704919 0,000320
чуть 0,176091 0,000080
чьего 0,000000 0,000000
шайку 2,167317 0,000983
шаркнул 1,866287 0,000847
шнурками 2,167317 0,000983
штиблетишках 2,167317 0,000983
шубах 2,167317 0,000983
шубу 1,322219 0,000600
шумно 1,565257 0,000710
щеголем 2,167317 0,000983
этом 0,046743 0,000042
этот 0,011981 0,000011
