автор 0,000000 0,000000
автором 0,000000 0,000000
авторского 0,000000 0,000000
авторы 0,000000 0,000000
аграфены 1,565257 0,000412
адвокат 1,167317 0,000307
азартом 1,389166 0,000732
александровны 1,167317 0,000307
алексей 0,000000 0,000000
алексея 0,000000 0,000000
алеша 0,381987 0,001810
алеше 0,523865 0,000138
алешей 0,752344 0,000198
алешу 0,565257 0,000298
альбом 1,565257 0,000412
амурами 2,167317 0,000571
армейский 2,167317 0,000571
аффект 1,690196 0,005340
аффекте 1,866287 0,002457
ахнула 2,167317 0,000571
бантики 2,167317 0,000571
бедный 0,824895 0,000217
бежал 0,963197 0,000254
безнаказанно 1,690196 0,000445
безнравственности 2,167317 0,000571
берете 1,690196 0,000445
бесенок 1,389166 0,000366
беспокоит 1,565257 0,000412
беспокойство 0,936868 0,000247
библиотека 0,000000 0,000000
благодеяние 1,866287 0,000983
благородно 1,167317 0,000615
благородного 1,088136 0,000287
благородный 1,088136 0,000287
благородным 1,565257 0,000412
богу 0,434924 0,000115
боже 0,459747 0,000605
более 0,000000 0,000000
болезнь 0,704919 0,000186
больная 1,053374 0,000555
больной 0,611015 0,000161
больную 1,389166 0,000732
больше 0,137934 0,000145
боюсь 0,504560 0,000133
бранит 2,167317 0,002283
брат 0,303994 0,000080
брата 0,389166 0,000307
брате 1,167317 0,000307
братом 0,769377 0,000203
брату 0,752344 0,000396
братья 0,176091 0,000185
бросилась 0,648803 0,000171
будет 0,077412 0,000204
буду 0,208276 0,000274
будуаре 2,167317 0,000571
будут 0,565257 0,000446
будущий 1,322219 0,000348
бывает 0,599116 0,000158
бывать 1,322219 0,000348
бывшего 1,088136 0,000287
была 0,046743 0,000074
были 0,099131 0,000131
было 0,000000 0,000000
быстро 0,232819 0,000123
быть 0,002964 0,000009
бьется 1,468347 0,000387
важному 1,088136 0,000287
вами 0,232819 0,000184
вашего 0,443041 0,000350
вашем 0,690196 0,000182
вашему 0,576253 0,000303
вашим 0,587534 0,000155
ваших 0,554533 0,000146
вдовиц 2,167317 0,000571
вдруг 0,005949 0,000060
ведь 0,043466 0,000149
века 1,264227 0,000999
верите 0,735954 0,000581
верное 1,468347 0,000387
верных 1,690196 0,000445
весьма 0,243038 0,000064
вечер 0,477121 0,000126
вечеру 0,936868 0,000247
вечный 1,468347 0,000387
взбесился 2,167317 0,000571
вздумал 0,805589 0,000212
взломали 2,167317 0,000571
взрослую 2,167317 0,000571
взял 0,269690 0,000071
взяла 0,824895 0,000217
взятки 1,866287 0,000491
видала 1,213075 0,000319
видел 0,248239 0,000065
видела 0,888564 0,000234
видели 0,495219 0,000130
видимо 0,328468 0,000173
видит 0,690196 0,000363
видите 0,396465 0,000522
видом 0,389166 0,000102
вижу 0,286504 0,000075
визг 1,690196 0,000445
визит 1,088136 0,000573
визиты 0,000000 0,000000
виновата 0,888564 0,000234
влиял 2,167317 0,000571
влюбиться 1,468347 0,000387
влюблена 1,322219 0,000348
вместе 0,208276 0,000055
вместо 0,411442 0,000108
вначале 0,936868 0,000247
внесут 2,167317 0,000571
внутри 1,053374 0,000277
вовремя 1,167317 0,000307
вовсе 0,150284 0,000158
возбуждении 1,088136 0,000287
возвращении 1,322219 0,000348
вознаграждения 0,000000 0,000000
возражаю 1,866287 0,000491
возьмете 1,690196 0,000445
войдя 0,735954 0,000194
вообразите 1,264227 0,000333
вообще 0,459747 0,000484
восторга 0,720159 0,000190
вошел 0,403889 0,000106
вполне 0,316059 0,000083
впредь 0,752344 0,000396
впрочем 0,118099 0,000062
всегда 0,129891 0,000103
всего 0,040213 0,000032
всей 0,248239 0,000131
всех 0,060107 0,000063
вскрикнула 0,866287 0,000456
вскричал 0,292256 0,000077
вслед 0,523865 0,000138
вспухла 2,167317 0,000571
встал 0,403889 0,000213
встаю 1,565257 0,000412
встретила 1,389166 0,000366
встречал 1,322219 0,000348
встречали 1,866287 0,000491
встречаюсь 2,167317 0,000571
входит 1,264227 0,000333
входящего 1,565257 0,000412
вчера 0,341243 0,000809
вывести 1,053374 0,000277
выгнала 1,866287 0,000983
выйти 0,587534 0,000155
выписала 1,565257 0,000412
выписали 1,690196 0,000445
выпихнула 1,866287 0,000491
выплаты 0,000000 0,000000
выпрыгнете 2,167317 0,000571
выпытать 1,866287 0,000491
выпьем 1,389166 0,000366
вышел 0,275223 0,000072
гадкое 1,866287 0,000491
газетах 1,088136 0,000287
газете 1,690196 0,001780
газетное 2,167317 0,000571
газетный 1,866287 0,000491
главное 0,189594 0,000549
глаза 0,129891 0,000034
глафира 2,167317 0,000571
глафиры 2,167317 0,000571
гнал 1,690196 0,000445
говорит 0,189594 0,000749
говорите 0,533849 0,000141
говорится 1,468347 0,000387
говорить 0,162996 0,000129
говорю 0,203530 0,000268
говоря 0,434924 0,000115
говорят 0,309985 0,000163
года 0,477121 0,000126
голове 0,554533 0,000292
голову 0,227798 0,000060
голос 0,533849 0,000281
голубчик 0,587534 0,000155
гораздо 0,443041 0,000350
городе 0,565257 0,000298
городок 1,389166 0,000366
горько 0,690196 0,000182
господи 0,451314 0,000238
госпожа 0,963197 0,002029
госпоже 1,021189 0,000538
госпожи 0,991226 0,000261
госпожу 1,866287 0,000491
гостей 0,752344 0,000198
гостя 1,021189 0,000269
гостями 1,389166 0,000366
государственный 1,866287 0,000491
готовлюсь 2,167317 0,000571
григорий 0,720159 0,000758
гроб 1,088136 0,000287
грушеньки 0,787106 0,000207
гуманно 2,167317 0,000571
гуманности 1,866287 0,000491
давайте 1,167317 0,000307
давеча 0,232819 0,000061
давно 0,158717 0,000084
даже 0,005949 0,000009
дальше 0,002964 0,000001
дама 0,735954 0,000194
дамы 0,648803 0,000171
данные 0,000000 0,000000
дверь 0,367977 0,000097
девочки 1,264227 0,000333
девушка 0,805589 0,000212
девушками 2,167317 0,000571
девушку 1,053374 0,000277
дезабилье 2,167317 0,000571
действительно 0,106619 0,000028
делает 0,805589 0,000212
делать 0,426955 0,000112
деле 0,162996 0,000043
дело 0,063514 0,000050
денег 0,309985 0,000163
день 0,162996 0,000257
дескать 0,419129 0,000221
дети 0,662167 0,000174
детская 1,690196 0,000445
детское 1,468347 0,000387
дикие 1,866287 0,000491
дикий 1,213075 0,000319
дипломат 2,167317 0,000571
дмитрием 1,021189 0,000269
дмитрий 0,468347 0,000493
дней 0,514105 0,000271
днем 1,264227 0,000333
доверить 2,167317 0,000571
доверяю 1,690196 0,000890
догадалась 1,690196 0,000445
догадался 0,752344 0,000396
докладывать 1,322219 0,000348
доктор 0,735954 0,000969
доктора 0,936868 0,000493
долго 0,222835 0,000117
должно 0,286504 0,000075
должны 0,576253 0,000152
дома 0,298086 0,000157
доме 0,322219 0,000255
домой 0,459747 0,000121
достали 1,468347 0,000387
достоевский 0,000000 0,000000
достойного 2,167317 0,000571
достойному 1,866287 0,000491
достойный 1,565257 0,000412
достояние 0,000000 0,000000
дочь 0,587534 0,000309
друг 0,269690 0,000355
друга 0,419129 0,000110
другие 0,389166 0,000102
других 0,459747 0,000121
другое 0,309985 0,000082
другой 0,146128 0,000231
другом 0,477121 0,000251
друзья 0,963197 0,000254
дрянные 2,167317 0,000571
думал 0,258832 0,000068
думала 0,720159 0,000379
думаю 0,328468 0,000605
душу 0,451314 0,000119
если 0,011981 0,000028
есть 0,018098 0,000029
желаю 0,735954 0,000194
женские 1,690196 0,000445
женщины 0,576253 0,000152
женятся 1,690196 0,000445
жизни 0,222835 0,000059
жить 0,451314 0,000119
забудете 1,866287 0,000983
забуду 1,088136 0,000287
забыла 1,021189 0,000269
забыть 0,623249 0,000328
завидя 1,690196 0,000445
завтра 0,298086 0,000078
завтрашнем 1,690196 0,000890
загадочная 2,167317 0,000571
заговорюсь 2,167317 0,000571
заинтересовало 1,389166 0,000366
заканчивалась 2,167317 0,000571
закричала 1,021189 0,000269
закрыла 1,125925 0,000296
залепетала 1,690196 0,000445
замелькала 1,866287 0,000491
заметил 0,154480 0,000041
замуж 0,735954 0,000194
занимался 1,866287 0,000491
заплакав 2,167317 0,000571
заплатила 1,866287 0,000491
запомнить 1,322219 0,000348
затворился 1,866287 0,000491
затем 0,237898 0,000188
заходил 1,125925 0,000296
заходите 1,866287 0,000491
захохотал 1,021189 0,000269
зачем 0,146128 0,000115
зашел 0,912045 0,000480
звала 1,322219 0,000348
здесь 0,095435 0,000101
здоровье 0,824895 0,000434
злодей 1,389166 0,000366
злюсь 1,866287 0,000491
знает 0,171682 0,000045
знаете 0,286504 0,000679
знакомы 1,468347 0,000387
знакомый 0,936868 0,000247
знакомых 1,125925 0,000296
знал 0,114239 0,000090
знала 0,635838 0,000335
знали 0,426955 0,000112
знать 0,328468 0,000173
знаю 0,095435 0,000251
зная 0,623249 0,000328
золотые 1,088136 0,000860
зосиме 1,565257 0,000412
зосимой 2,167317 0,000571
зосимы 1,088136 0,000287
иван 0,303994 0,000080
ивана 0,504560 0,000133
иванович 1,167317 0,000922
ивановича 1,213075 0,000319
ивановичу 1,468347 0,000387
ивану 0,623249 0,000328
игривая 2,167317 0,001141
игривый 1,866287 0,000491
идеей 1,322219 0,000348
идет 0,514105 0,000135
идут 1,322219 0,000348
известие 0,662167 0,000349
известий 1,264227 0,000333
известия 1,125925 0,000296
извещалось 2,167317 0,000571
извиняется 2,167317 0,000571
издаваться 2,167317 0,000571
ильич 1,389166 0,002195
ильича 1,468347 0,001160
ильичу 1,565257 0,000412
имеете 1,053374 0,000277
имена 1,690196 0,000445
именно 0,066947 0,000071
имеющая 2,167317 0,000571
иначе 0,367977 0,000097
иногда 0,208276 0,000055
искренно 0,523865 0,000138
исповеди 1,167317 0,000307
использоваться 0,000000 0,000000
истерика 1,213075 0,000319
истерики 1,468347 0,000387
истории 0,752344 0,000198
историю 0,845098 0,000223
источник 0,000000 0,000000
каждый 0,367977 0,000291
кажется 0,118099 0,000062
какая 0,194189 0,000051
какие 0,232819 0,000184
каков 0,888564 0,000234
какой 0,095435 0,000126
капитан 0,991226 0,000261
карамазова 0,912045 0,000240
карамазовы 0,180546 0,000190
карамазовых 1,264227 0,000333
катя 1,053374 0,001664
книга 0,176091 0,000093
книги 0,000000 0,000000
ковру 1,866287 0,000491
когда 0,015029 0,000012
кого 0,222835 0,000235
кокетливо 2,167317 0,000571
коли 0,269690 0,000071
комаров 0,000000 0,000000
комнаты 0,443041 0,000117
комок 1,866287 0,000983
конечно 0,060107 0,000079
коротенькие 2,167317 0,000571
коротенькое 2,167317 0,000571
корреспонденции 1,565257 0,000412
корреспонденция 2,167317 0,000571
коснулось 1,866287 0,000491
костюм 1,565257 0,000412
которого 0,198834 0,000157
которой 0,213075 0,000056
которые 0,189594 0,000050
который 0,110412 0,000087
кофе 1,468347 0,001160
крайней 0,298086 0,000078
крепко 0,443041 0,000117
крепостник 2,167317 0,001141
крепостного 1,264227 0,000333
креслах 1,125925 0,000593
крик 0,769377 0,000203
криками 1,565257 0,000412
крикнуть 1,389166 0,000732
критиковать 1,866287 0,000491
кричать 1,125925 0,000296
кричи 1,468347 0,000773
кричит 0,805589 0,000636
куда 0,248239 0,000065
кушетке 1,565257 0,000824
лгала 1,565257 0,000412
легкомысленный 1,565257 0,000412
легкостью 2,167317 0,000571
лежавший 1,690196 0,000445
лежал 0,648803 0,000171
лежала 1,021189 0,000807
лежат 0,991226 0,000261
лежу 1,322219 0,001044
лентяй 2,167317 0,000571
либо 0,000000 0,000000
лиза 1,565257 0,000824
лизе 1,690196 0,001335
лизу 1,565257 0,000412
листок 1,690196 0,000890
литература 0,000000 0,000000
лицом 0,000000 0,000000
лицу 0,587534 0,000155
лишиться 2,167317 0,000571
лишь 0,185046 0,000097
лучше 0,162996 0,000429
люблю 0,347773 0,000183
любопытства 0,912045 0,000240
любопытством 0,459747 0,000121
любым 0,000000 0,000000
люди 0,269690 0,000071
маленькая 0,866287 0,000684
мамаши 1,322219 0,000348
матери 0,451314 0,000238
мать 0,389166 0,000205
между 0,129891 0,000068
меня 0,027438 0,000238
меняется 1,866287 0,000491
мере 0,269690 0,000071
месте 0,286504 0,000075
месяц 0,451314 0,000119
месяца 0,477121 0,000377
милая 1,021189 0,000269
миллион 1,264227 0,000333
мило 1,389166 0,000366
милого 1,389166 0,000366
милое 1,264227 0,000666
милый 0,477121 0,000754
милым 1,167317 0,000307
минут 0,486076 0,000128
минутку 0,704919 0,000186
минуту 0,084532 0,000045
мировым 1,866287 0,000491
мите 0,735954 0,000194
михаил 1,088136 0,000860
михаила 1,565257 0,000412
михаилу 1,690196 0,000445
много 0,080958 0,000021
мной 0,237898 0,000063
мною 0,635838 0,000167
могла 0,286504 0,000151
могу 0,171682 0,000362
моего 0,367977 0,000194
моей 0,280827 0,000074
моем 0,599116 0,000315
моему 0,354404 0,000093
может 0,000000 0,000000
можно 0,088136 0,000093
моими 0,991226 0,000522
молить 1,264227 0,000333
молодежь 1,389166 0,000366
молодого 0,752344 0,000396
молодой 0,381987 0,000302
молодому 0,963197 0,000254
молодящаяся 2,167317 0,000571
молчите 1,213075 0,000639
момента 0,000000 0,000000
монастырский 2,167317 0,000571
монастыря 0,912045 0,000240
монструозно 2,167317 0,000571
монумент 2,167317 0,000571
москве 0,690196 0,000182
москвы 0,888564 0,000468
мучаюсь 1,565257 0,000824
мучить 0,888564 0,000234
мысли 0,316059 0,000166
мычит 2,167317 0,000571
наверно 0,264227 0,000278
надежды 0,912045 0,000480
надо 0,036984 0,000029
назад 0,000000 0,000000
назвала 1,468347 0,000387
название 0,000000 0,000000
называется 1,053374 0,000277
называю 1,468347 0,000387
найти 0,000000 0,000000
наколочки 2,167317 0,000571
наконец 0,073896 0,000039
намекать 1,565257 0,000412
напечатали 1,468347 0,000387
написал 0,662167 0,001046
написали 1,167317 0,000615
написано 0,000000 0,000000
напомнили 1,866287 0,000491
напомните 2,167317 0,000571
направлением 1,866287 0,000491
напротив 0,180546 0,000143
нарочно 0,227798 0,000120
насмешки 1,053374 0,000555
насмешливо 0,787106 0,000207
настоятельною 1,866287 0,000491
насупился 2,167317 0,000571
насчет 0,354404 0,000093
натуральна 2,167317 0,000571
наука 0,000000 0,000000
нахального 2,167317 0,000571
начал 0,137934 0,000073
начала 0,381987 0,000201
начинает 0,991226 0,000261
начинаю 1,565257 0,000412
невинною 1,468347 0,000387
него 0,000000 0,000000
негодованием 0,787106 0,000207
недавно 0,576253 0,000455
недели 0,565257 0,000446
неделю 0,662167 0,000174
некоторым 0,690196 0,000182
некоторых 0,824895 0,000217
немедленно 0,554533 0,000292
немного 0,426955 0,000112
немножко 1,021189 0,000269
нему 0,080958 0,000021
ненавижу 1,088136 0,000287
неожиданности 1,565257 0,000412
непременно 0,133894 0,000141
неприлично 0,824895 0,000217
нервическом 2,167317 0,000571
несколько 0,102859 0,000027
несмотря 0,275223 0,000072
несчастие 1,125925 0,000296
несчастного 0,824895 0,000217
несчастье 1,264227 0,000333
несчастьем 2,167317 0,000571
нетерпение 1,389166 0,000366
неужто 0,599116 0,000158
нечего 0,381987 0,000201
нибудь 0,030597 0,000040
низость 1,088136 0,000287
никак 0,396465 0,000209
никаких 0,565257 0,000149
никакой 0,635838 0,000167
никогда 0,088136 0,000046
ничего 0,030597 0,000081
новые 1,088136 0,000573
новый 0,648803 0,000342
новых 0,963197 0,000507
нога 1,213075 0,000639
ноги 0,477121 0,000126
ногу 0,805589 0,000424
ножка 1,468347 0,001546
ножке 1,866287 0,000491
ножки 1,167317 0,000307
носите 2,167317 0,000571
ночь 0,248239 0,000131
ночью 0,587534 0,000309
нравоучительное 2,167317 0,000571
нужно 0,514105 0,000135
нынешнего 1,690196 0,000445
обеда 0,912045 0,000240
обедать 1,125925 0,000296
обещание 1,167317 0,000615
обморок 1,088136 0,000287
обнимает 1,690196 0,000445
обоих 0,635838 0,000167
обомлела 2,167317 0,000571
обратно 0,675956 0,000178
обстоятельству 1,264227 0,000333
общественное 0,000000 0,000000
объявил 0,599116 0,000158
объявить 1,021189 0,000269
объяснения 1,088136 0,000287
объяснил 0,752344 0,000198
огласка 1,866287 0,000491
огорчает 2,167317 0,001141
ограбить 1,468347 0,000387
одет 1,021189 0,000269
одетая 1,389166 0,000366
один 0,046743 0,000037
одиннадцатая 1,088136 0,000573
одиночестве 2,167317 0,000571
одна 0,185046 0,000195
одним 0,286504 0,000528
одной 0,243038 0,000192
одном 0,504560 0,000133
одну 0,232819 0,000123
одолевали 1,866287 0,000491
озаглавлено 2,167317 0,000571
озарило 1,565257 0,000412
оказались 1,021189 0,000269
опасен 1,565257 0,000412
описал 1,322219 0,000348
опоздал 1,322219 0,000348
опоздали 1,322219 0,000696
опоздать 1,565257 0,000412
опровергали 2,167317 0,000571
опубликовано 0,000000 0,000000
опять 0,027438 0,000022
оскорбительно 1,565257 0,000412
особа 1,021189 0,000269
особенно 0,129891 0,000068
отворена 1,690196 0,000445
отказали 1,866287 0,000983
отказать 1,167317 0,000307
отказывать 2,167317 0,000571
открою 1,389166 0,000366
открыли 1,468347 0,000387
отставной 1,088136 0,000287
отца 0,222835 0,000176
отцеубийства 1,690196 0,000445
отцу 0,565257 0,000149
отчего 0,554533 0,000292
оформление 0,000000 0,000000
очаровательная 2,167317 0,000571
очень 0,024303 0,000045
очнулся 0,912045 0,000240
павловича 0,451314 0,000119
первое 0,565257 0,000149
первый 0,248239 0,000065
первых 0,367977 0,000097
передал 0,690196 0,000182
перекрестилась 1,468347 0,000387
перенесли 1,389166 0,000366
перескочить 1,565257 0,000412
перестал 0,675956 0,000178
перестаю 1,866287 0,000491
перешло 0,000000 0,000000
перхотин 1,468347 0,000387
перхотина 1,213075 0,000639
петербурге 0,690196 0,000182
петербургской 1,322219 0,000348
петр 0,936868 0,001480
петра 1,167317 0,000922
петру 1,389166 0,000366
писали 1,389166 0,000732
писать 0,912045 0,000240
пистолет 1,053374 0,000277
плакала 0,866287 0,000684
плакать 0,866287 0,000456
поблагодарил 1,565257 0,000412
поблагодарила 2,167317 0,000571
поблагодарить 1,690196 0,000445
поверхностно 2,167317 0,000571
повсеместно 1,088136 0,000287
погубила 1,690196 0,000445
подборка 0,000000 0,000000
подействовать 1,690196 0,000445
подерутся 1,866287 0,000491
подозреваю 1,213075 0,000319
подписалась 1,866287 0,000491
подтвердили 1,690196 0,000445
подтверждают 1,690196 0,000890
подушкой 1,213075 0,000319
подходит 1,264227 0,000333
поедет 1,389166 0,000366
поеду 1,053374 0,000277
поет 1,690196 0,000445
пожал 1,322219 0,000696
пожалуйста 0,662167 0,000174
позабыла 1,468347 0,000387
позвала 1,264227 0,001664
позволено 1,053374 0,000277
поздно 0,735954 0,000194
познаниями 1,468347 0,000387
позову 1,565257 0,000412
пойдет 0,720159 0,000190
пойду 0,623249 0,000164
пойти 0,675956 0,000178
пока 0,213075 0,000112
покажу 0,991226 0,000522
показалось 0,495219 0,000130
показываю 1,866287 0,000491
покаюсь 1,866287 0,000491
покончить 1,088136 0,000287
полулежала 2,167317 0,000571
получил 0,635838 0,000335
получила 1,213075 0,000319
польза 1,690196 0,000445
польщен 2,167317 0,000571
помешал 1,690196 0,000445
помешалась 1,866287 0,000491
помилуйте 0,824895 0,000434
поминутно 0,635838 0,000167
помнит 1,389166 0,000732
помня 1,021189 0,000538
понимаете 0,866287 0,000456
понравилось 0,936868 0,000247
поняли 0,769377 0,000203
попало 1,389166 0,000366
попросить 1,088136 0,000287
поразило 0,720159 0,000190
портного 1,866287 0,000491
посетителей 0,000000 0,000000
посетители 0,000000 0,000000
посещать 1,565257 0,000824
поскорее 0,486076 0,000256
послал 0,720159 0,000190
послать 0,963197 0,000254
после 0,084532 0,000134
последние 0,533849 0,000141
последний 0,403889 0,000106
послушайте 0,787106 0,000207
посмертно 0,000000 0,000000
поспеть 1,468347 0,000387
поспешил 0,845098 0,000445
поспешно 0,866287 0,000228
постели 0,787106 0,000207
постойте 1,167317 0,000307
поступок 0,912045 0,000240
посхимился 2,167317 0,000571
посылать 1,565257 0,000412
потащилась 2,167317 0,000571
потом 0,084532 0,000356
потому 0,024303 0,000083
потребовать 1,690196 0,000445
похвалил 1,322219 0,000348
почему 0,099131 0,000078
почитать 1,866287 0,000491
почти 0,024303 0,000032
пошел 0,275223 0,000217
пошиба 2,167317 0,000571
поэты 1,690196 0,000445
права 0,554533 0,000146
правда 0,162996 0,000086
празднично 2,167317 0,000571
праздные 2,167317 0,000571
пред 0,033778 0,000009
предлагала 2,167317 0,001141
предпочел 1,565257 0,000412
представьте 0,720159 0,001327
предчувствовала 1,322219 0,000348
прежде 0,077412 0,000061
прелести 1,866287 0,000983
прелестною 2,167317 0,000571
прелесть 1,322219 0,000696
прелестями 2,167317 0,000571
прельстилась 1,866287 0,000491
премило 1,690196 0,000445
прервал 0,735954 0,000194
преступления 0,963197 0,000507
преступник 1,053374 0,000277
претендовала 2,167317 0,000571
прибытии 1,389166 0,000366
привлекательном 2,167317 0,000571
пригласили 1,389166 0,000366
придет 0,514105 0,000271
придя 1,565257 0,000412
приехал 0,554533 0,000292
прижизненно 0,000000 0,000000
признается 1,565257 0,000412
призываю 1,866287 0,000491
прииски 1,322219 0,001044
прийти 0,662167 0,000349
примеров 2,167317 0,000571
приметила 1,866287 0,000491
примечать 2,167317 0,000571
принимает 0,912045 0,000240
принимали 1,213075 0,000319
принимать 0,936868 0,000493
приносит 2,167317 0,000571
принял 0,565257 0,000149
приняла 1,125925 0,000296
принять 0,523865 0,000138
припадки 1,088136 0,000287
припадок 1,053374 0,000555
прислала 1,389166 0,001097
пристойном 2,167317 0,000571
присягу 2,167317 0,000571
притом 0,769377 0,000608
прихварывала 2,167317 0,000571
приходит 0,824895 0,000652
приходят 1,088136 0,000287
причинам 1,264227 0,000333
пришел 0,322219 0,000339
пришли 0,704919 0,000186
пробормотал 0,334808 0,000088
проговорить 1,389166 0,000366
прогоню 1,389166 0,000366
программирование 0,000000 0,000000
продолжаться 1,866287 0,000491
продолжаю 1,167317 0,000307
произведение 0,000000 0,000000
произведений 0,000000 0,000000
произведения 0,000000 0,000000
пройдут 1,565257 0,000412
пройти 0,991226 0,000522
прокричала 1,125925 0,000296
пролепетал 1,053374 0,000277
просвещенных 2,167317 0,000571
просидевшей 2,167317 0,000571
просидел 1,021189 0,000269
просила 1,053374 0,000277
просить 0,504560 0,000133
просияв 2,167317 0,000571
проснулась 1,690196 0,000445
прости 0,912045 0,000240
простите 0,648803 0,000512
просто 0,232819 0,000245
простят 1,468347 0,001546
просьбой 1,167317 0,000307
просьбу 1,322219 0,000348
противился 1,866287 0,000491
протянет 2,167317 0,000571
протянула 1,088136 0,000287
процесс 1,389166 0,000732
процессе 2,167317 0,000571
процессу 2,167317 0,000571
прочесть 1,088136 0,000287
прочими 1,264227 0,000333
прочла 1,125925 0,000593
прочтя 1,389166 0,000366
прошла 0,845098 0,000223
прошло 0,000000 0,000000
прошу 0,599116 0,000158
прощаю 1,389166 0,000366
прощают 1,565257 0,000824
прямо 0,118099 0,000155
публикации 0,000000 0,000000
пункте 1,264227 0,000333
пусть 0,253503 0,000267
пушкину 2,167317 0,000571
пять 0,275223 0,000072
пятьдесят 0,888564 0,000234
равно 0,303994 0,000160
рада 0,866287 0,000228
раза 0,426955 0,000112
разбила 1,866287 0,000491
разбита 2,167317 0,000571
разболелась 2,167317 0,000571
разболелася 2,167317 0,000571
разве 0,146128 0,000038
развитие 1,264227 0,000333
раздражительны 1,690196 0,000445
разрешения 0,000000 0,000000
разузнать 1,468347 0,000387
разумеется 0,328468 0,000259
ракитин 0,963197 0,000761
распашоночки 2,167317 0,000571
расплакалась 1,468347 0,000387
рассердилась 1,021189 0,000269
расскажу 0,912045 0,000240
рассказать 0,623249 0,000164
рассмешила 1,866287 0,000491
рассмеяться 2,167317 0,000571
расспрашивает 2,167317 0,000571
расстроена 1,690196 0,000445
рассудил 1,125925 0,000296
рассчитывая 1,213075 0,000319
расхохоталась 1,322219 0,000348
редко 0,690196 0,000182
резко 0,648803 0,000171
ретируясь 2,167317 0,000571
решайте 1,565257 0,000412
решительно 0,341243 0,000090
решить 0,936868 0,000247
робкий 1,866287 0,000491
родителей 1,213075 0,000319
романс 1,866287 0,000491
россии 0,623249 0,000164
рублей 0,367977 0,000194
руках 0,396465 0,000104
рукой 0,486076 0,000128
руку 0,222835 0,000117
русская 0,000000 0,000000
рыцарского 1,866287 0,000491
садился 1,322219 0,000348
садитесь 1,088136 0,000287
сайте 0,000000 0,000000
сама 0,208276 0,000274
самая 0,599116 0,000158
сами 0,142011 0,000187
само 0,888564 0,000234
самого 0,118099 0,000062
самое 0,167317 0,000176
самом 0,114239 0,000060
самые 0,381987 0,000101
самый 0,198834 0,000052
сапогах 1,213075 0,000319
сбиваете 1,866287 0,000491
сбилась 1,866287 0,000491
свернул 1,866287 0,000491
свернулось 2,167317 0,000571
свидетелях 1,264227 0,000333
свободно 0,000000 0,000000
сводит 1,690196 0,000445
свое 0,150284 0,000079
своей 0,066947 0,000018
своем 0,198834 0,000105
своему 0,367977 0,000097
свои 0,146128 0,000038
своим 0,208276 0,000055
свою 0,073896 0,000019
святая 1,468347 0,000387
сделала 0,963197 0,000254
сделали 0,787106 0,000207
сделалось 1,389166 0,000366
сделать 0,403889 0,000319
себе 0,033778 0,000071
себя 0,005949 0,000006
сегодня 0,000000 0,000000
сейчас 0,070407 0,000148
семидесяти 0,000000 0,000000
семинарист 1,468347 0,000387
сердилась 1,565257 0,000412
сердиться 1,468347 0,000387
сердце 0,171682 0,000045
сержусь 1,213075 0,000319
серьезный 1,125925 0,000296
сибирь 0,991226 0,000783
сидела 0,824895 0,000434
сидеть 0,662167 0,000523
сидим 1,322219 0,000348
сидит 0,565257 0,000298
сижу 0,824895 0,000217
скажите 0,576253 0,000152
скажу 0,275223 0,000072
сказал 0,099131 0,000078
сказала 0,486076 0,000128
сказано 0,662167 0,000174
сказать 0,073896 0,000078
скверно 1,088136 0,000287
сколько 0,280827 0,000148
скотопригоньевска 2,167317 0,000571
скромного 1,565257 0,000412
скромную 2,167317 0,000571
скрывал 1,088136 0,000287
скрыты 2,167317 0,000571
скуки 1,468347 0,000387
скучающей 2,167317 0,000571
скучающих 2,167317 0,001141
слава 0,769377 0,000405
следует 0,936868 0,000247
слова 0,129891 0,000034
словами 0,805589 0,000212
слово 0,232819 0,000061
словом 0,367977 0,000581
служит 1,167317 0,000307
слухи 1,322219 0,002089
слушает 1,389166 0,000366
слушал 0,576253 0,000152
слыхал 0,845098 0,000668
слыхала 1,389166 0,000366
слышали 0,611015 0,000161
смеется 0,611015 0,000161
смекал 2,167317 0,000571
смерти 0,468347 0,000247
смерть 0,805589 0,000212
смешалось 2,167317 0,000571
смеюсь 1,125925 0,000296
смотрит 0,690196 0,000182
смотрю 0,866287 0,000456
смотрят 1,125925 0,000296
собираются 2,167317 0,000571
собрание 0,000000 0,000000
совсем 0,021189 0,000039
согласия 0,000000 0,000000
созову 1,866287 0,000491
сойдутся 1,565257 0,000412
сорокалетние 2,167317 0,001141
сорокалетними 2,167317 0,000571
соседнем 2,167317 0,000571
сосредоточиться 2,167317 0,000571
сочинений 0,000000 0,000000
сочинил 1,322219 0,000348
спас 1,264227 0,000333
сперва 0,735954 0,000194
спите 1,866287 0,000491
способна 1,468347 0,000387
спросить 0,495219 0,000130
спустя 0,533849 0,000141
среди 0,769377 0,000203
среду 1,565257 0,000412
ставить 1,468347 0,000387
стал 0,125925 0,000066
стала 0,544068 0,000287
стали 0,322219 0,000085
стало 0,091770 0,000024
старик 0,434924 0,000115
старики 1,690196 0,000445
старуха 0,845098 0,000223
старца 0,735954 0,000194
старцем 1,167317 0,000307
старцу 1,167317 0,000307
стати 1,213075 0,000319
стихах 1,125925 0,000296
стихи 1,125925 0,000889
стихов 1,264227 0,000666
стишки 2,167317 0,000571
стишонки 1,866287 0,000491
столько 0,477121 0,000251
стоя 0,963197 0,000254
странные 0,824895 0,000217
страху 0,845098 0,000223
суда 0,787106 0,000207
судебный 1,389166 0,000366
судить 0,912045 0,000240
судов 1,866287 0,000983
суды 1,690196 0,000890
судьба 0,866287 0,000684
судьбу 0,912045 0,000240
судьей 1,690196 0,000445
судья 1,264227 0,000333
судят 1,389166 0,000366
сумасшедший 0,805589 0,000212
сумасшедших 1,690196 0,000445
существо 0,690196 0,000182
схимника 2,167317 0,000571
схимником 2,167317 0,000571
сцена 1,167317 0,000615
счастие 1,322219 0,000348
счастью 1,866287 0,000491
считать 0,720159 0,000190
считаю 0,845098 0,000223
тайком 1,468347 0,000387
такая 0,309985 0,000082
также 0,000000 0,000000
таки 0,066947 0,000053
такие 0,232819 0,000061
таким 0,243038 0,000256
такими 0,690196 0,000182
таких 0,243038 0,000064
такого 0,243038 0,000064
такое 0,114239 0,000030
такой 0,077412 0,000082
такому 0,752344 0,000198
такою 0,690196 0,000182
талантливую 2,167317 0,000571
тащиться 2,167317 0,000571
текст 0,000000 0,000000
теперешнее 1,322219 0,000348
теперешних 1,468347 0,000387
теперь 0,015029 0,000059
терпение 1,322219 0,000348
тогда 0,050046 0,000079
того 0,005949 0,000006
тоже 0,043466 0,000011
только 0,002964 0,000020
томах 0,000000 0,000000
тому 0,095435 0,000075
тона 1,213075 0,000319
тороплюсь 1,690196 0,000890
тотчас 0,046743 0,000049
требую 1,322219 0,000348
треском 1,866287 0,000491
третий 0,544068 0,000143
третьего 0,662167 0,000174
туда 0,495219 0,000130
тысячи 0,426955 0,000450
убегу 1,468347 0,000387
убивать 1,264227 0,000333
убил 0,523865 0,001655
убить 0,599116 0,000158
уверена 1,322219 0,001044
ударил 0,912045 0,000480
ударила 1,565257 0,000412
удивился 0,635838 0,000335
удивлению 1,053374 0,000277
удовлетворить 1,565257 0,000412
ужас 0,866287 0,000228
ужасная 1,088136 0,000287
ужасно 0,167317 0,000220
ужасном 1,053374 0,000277
ужасный 0,991226 0,000522
ужасы 1,690196 0,000445
узнав 0,936868 0,000247
узнает 0,912045 0,000240
узнала 0,805589 0,000848
узнали 0,824895 0,000217
узнаю 1,021189 0,000269
улыбнулась 1,125925 0,000296
улыбочка 1,866287 0,000491
умеете 1,264227 0,000333
умершим 0,000000 0,000000
умираю 1,389166 0,000366
умру 0,805589 0,000636
упала 1,125925 0,000296
упокой 1,468347 0,000387
упоминалось 1,565257 0,000412
усмешкой 0,963197 0,000254
успел 0,354404 0,000093
успела 0,824895 0,000217
устала 1,866287 0,000491
устах 1,866287 0,000491
утекли 2,167317 0,000571
утром 0,411442 0,000108
уходя 1,125925 0,000296
ушел 0,599116 0,000158
ушли 1,021189 0,000269
фантазия 1,053374 0,000277
федор 0,000000 0,000000
федора 0,554533 0,000146
федорович 0,253503 0,000868
федоровича 0,426955 0,000112
федоровичем 0,704919 0,000186
федоровичу 0,599116 0,000315
франц 0,635838 0,000335
фраппировало 1,866287 0,000491
характерное 1,690196 0,000445
хвалю 1,866287 0,000491
хлопот 1,264227 0,000333
ходила 1,125925 0,000296
ходит 0,769377 0,000203
ходить 0,576253 0,000303
хороши 1,088136 0,000287
хорошо 0,189594 0,000100
хотел 0,158717 0,000042
хотела 0,648803 0,000342
хотели 0,690196 0,000182
хоть 0,060107 0,000047
хотя 0,050046 0,000132
хотят 0,735954 0,000194
хохлакова 1,125925 0,002372
хохлаковой 0,787106 0,000622
хохлакову 1,690196 0,000445
хочет 0,322219 0,000085
хочу 0,243038 0,000256
целовать 0,845098 0,000223
целует 1,690196 0,000445
целую 0,735954 0,000194
целуя 1,565257 0,000412
целые 0,787106 0,000207
целых 1,565257 0,000412
цыпочках 1,468347 0,000387
часа 0,000000 0,000000
частые 1,690196 0,000445
часть 0,002964 0,000002
чаще 0,866287 0,000228
чего 0,040213 0,000011
человек 0,036984 0,000049
человека 0,154480 0,000081
человеку 0,459747 0,000121
черта 0,845098 0,000223
черточка 1,322219 0,000348
четвертая 0,426955 0,000225
четыре 0,477121 0,000377
чиновник 0,963197 0,000254
число 0,000000 0,000000
читаем 0,000000 0,000000
читайте 1,468347 0,000387
читала 1,213075 0,000319
читать 0,000000 0,000000
чрез 0,275223 0,000145
чрезвычайном 0,824895 0,000217
чтоб 0,073896 0,000058
чтобы 0,030597 0,000048
чувств 0,704919 0,000186
чувствуете 1,389166 0,000366
чуть 0,176091 0,000046
чьего 0,000000 0,000000
шесть 0,611015 0,000161
шпыняет 2,167317 0,001141
шутку 1,167317 0,000307
щеголять 1,866287 0,000491
щекотливо 1,866287 0,000491
этих 0,213075 0,000056
этого 0,053374 0,000098
этой 0,118099 0,000031
этом 0,046743 0,000012
этот 0,011981 0,000041
юлии 2,167317 0,000571
юлию 1,690196 0,000445
юлия 1,690196 0,000445
явились 1,088136 0,000287
явиться 0,991226 0,000261
ящик 1,167317 0,000307
