автор 0,000000 0,000000
автора 1,468347 0,000323
автором 0,000000 0,000000
авторского 0,000000 0,000000
авторы 0,000000 0,000000
алексей 0,000000 0,000000
алексея 0,000000 0,000000
алеша 0,381987 0,000588
алеше 0,523865 0,000115
алеши 0,544068 0,000239
алешу 0,565257 0,000249
афоне 1,690196 0,000744
барыни 1,167317 0,000514
безбоязненно 1,866287 0,000411
безгласно 2,167317 0,000477
бездну 1,389166 0,000306
безмерно 1,322219 0,000291
безнадежное 2,167317 0,000477
безошибочно 1,565257 0,000344
безумный 1,468347 0,000323
березовым 2,167317 0,000477
бесед 1,565257 0,000344
беспокойством 0,888564 0,000196
бесспорно 1,021189 0,000225
бестолковее 1,866287 0,000411
бестолковых 1,866287 0,000411
бесхарактерная 2,167317 0,000477
библиотека 0,000000 0,000000
библиотекарь 1,690196 0,000372
благовестят 2,167317 0,000477
благолепное 1,866287 0,000411
благословясь 2,167317 0,000477
благоухание 2,167317 0,000954
благочестивого 2,167317 0,000477
благочиние 2,167317 0,001907
богобоязненные 2,167317 0,000477
богомолье 1,690196 0,000372
богомольцам 2,167317 0,000477
богомольцев 1,866287 0,000821
богомольцы 1,866287 0,000411
божией 1,565257 0,000344
божий 0,936868 0,000412
боком 1,565257 0,000344
более 0,000000 0,000000
боль 1,125925 0,000248
больных 1,322219 0,000291
большей 1,690196 0,000372
большие 0,720159 0,000158
большинство 1,264227 0,000556
большого 0,769377 0,000169
большой 0,495219 0,000109
большом 0,888564 0,000196
босы 2,167317 0,000477
боязненно 2,167317 0,000477
боязнью 1,866287 0,000411
братии 1,690196 0,000372
братию 1,866287 0,000821
братья 0,176091 0,000155
бросились 1,167317 0,000257
будто 0,099131 0,000022
будущего 1,167317 0,000257
будущем 1,021189 0,000225
будущим 1,690196 0,000372
бывало 0,554533 0,000122
бывший 0,845098 0,000372
бывшую 1,565257 0,000344
была 0,046743 0,000051
были 0,099131 0,000153
было 0,000000 0,000000
быстро 0,232819 0,000205
быстрыми 1,389166 0,000306
быть 0,002964 0,000003
варение 2,167317 0,000477
варсонофии 1,866287 0,000411
варсонофия 2,167317 0,000477
вашей 0,504560 0,000111
ваших 0,554533 0,000122
вверил 2,167317 0,000477
вдруг 0,005949 0,000026
вдумчиво 1,389166 0,000306
ведь 0,043466 0,000010
везде 0,866287 0,000762
великая 0,912045 0,000201
великих 1,264227 0,000278
великого 0,866287 0,000572
великое 0,888564 0,000391
великом 1,389166 0,000917
величайшем 1,866287 0,000411
величайший 1,565257 0,000344
веником 2,167317 0,000477
вервием 2,167317 0,000477
вере 1,021189 0,000225
вериги 1,866287 0,000411
веровал 1,213075 0,000267
вероятного 2,167317 0,000477
веру 0,845098 0,000186
веруеши 1,866287 0,000411
верующего 1,866287 0,000411
верующих 2,167317 0,001431
веруя 1,389166 0,000306
верх 1,088136 0,000239
веры 0,845098 0,000186
веселию 2,167317 0,000477
весть 1,389166 0,000611
весь 0,099131 0,000109
весьма 0,243038 0,000321
взбежавшего 2,167317 0,000477
взволновало 1,866287 0,000411
взволнованные 2,167317 0,000477
взволнованными 2,167317 0,000477
взглядом 0,504560 0,000111
взглянул 0,805589 0,000354
взирая 1,565257 0,000344
взорах 2,167317 0,000477
взору 2,167317 0,000477
взоры 2,167317 0,000477
виде 0,434924 0,000096
видел 0,248239 0,000055
видеть 0,381987 0,000084
видим 1,264227 0,000556
видимо 0,328468 0,000072
видимому 0,648803 0,000143
видимою 1,468347 0,000323
видно 0,504560 0,000333
видом 0,389166 0,000086
виду 0,544068 0,000359
визиты 0,000000 0,000000
вишневое 1,866287 0,000411
владыка 2,167317 0,000477
влияли 2,167317 0,000477
вместе 0,208276 0,000046
вместо 0,411442 0,000091
внезапная 1,264227 0,000278
внезапного 1,322219 0,000291
вниз 0,752344 0,000331
внизу 0,936868 0,000412
внимательно 0,845098 0,000186
вновь 0,720159 0,000158
внушения 1,866287 0,000411
внушительные 2,167317 0,000477
вовсе 0,150284 0,000066
водой 1,021189 0,000225
возбуждавшие 2,167317 0,000477
возвратишься 1,866287 0,000411
возвысил 1,690196 0,000372
возвышает 1,866287 0,000411
возгласы 2,167317 0,000477
возгордились 2,167317 0,000477
возгордясь 2,167317 0,000477
воздвиг 1,690196 0,000372
воздевая 1,866287 0,000411
воздел 2,167317 0,000954
возду 2,167317 0,000477
воздыхая 2,167317 0,000477
возлюбленный 1,690196 0,000372
возможное 1,866287 0,000411
возможности 0,690196 0,000152
возмущаешь 2,167317 0,000477
возмущай 2,167317 0,000477
возмущался 2,167317 0,000477
вознаграждения 0,000000 0,000000
вознамерились 2,167317 0,000477
вознеслись 2,167317 0,000954
возник 2,167317 0,000477
возопил 1,565257 0,000344
возрадовавшиеся 2,167317 0,000477
возрадовались 2,167317 0,000477
возражать 1,322219 0,000582
возрастало 1,690196 0,000372
войдет 1,167317 0,000257
волею 1,690196 0,000372
волнение 0,824895 0,000181
волнения 0,991226 0,000436
волновавшихся 1,866287 0,000411
волнующимися 2,167317 0,000477
волнующихся 2,167317 0,000477
волосами 1,125925 0,000248
вопрос 0,222835 0,000196
вопросил 2,167317 0,000954
вопрошавшего 2,167317 0,000477
вопрошавшему 2,167317 0,000477
ворот 0,963197 0,000212
воск 2,167317 0,000477
воскликнул 0,309985 0,000068
восклицания 1,167317 0,000257
восклицать 1,322219 0,000291
вослед 1,565257 0,000689
воспоминание 0,963197 0,000212
воспоминания 1,088136 0,000239
воспрещено 2,167317 0,000477
восхощу 2,167317 0,000477
вошли 0,720159 0,000158
впервые 1,565257 0,000344
вперед 0,426955 0,000094
вплоть 0,866287 0,000191
впрочем 0,118099 0,000052
враги 1,213075 0,000267
врагов 1,322219 0,000291
вражда 2,167317 0,000477
вразрез 1,866287 0,000411
вратам 2,167317 0,000477
вреда 1,565257 0,000344
временно 1,690196 0,000372
время 0,043466 0,000019
всегда 0,129891 0,000029
всего 0,040213 0,000035
всей 0,248239 0,000164
всем 0,070407 0,000077
всеми 0,434924 0,000096
всему 0,486076 0,000107
всеобщему 1,866287 0,000411
всех 0,060107 0,000159
вскинул 1,021189 0,000225
вскоре 0,991226 0,000218
вскорости 1,167317 0,000514
вслед 0,523865 0,000576
вследствие 0,888564 0,000196
вслух 0,533849 0,000117
вспоминается 1,866287 0,000411
вспоминали 1,690196 0,000372
вспоминать 1,322219 0,000582
вспомни 1,468347 0,000323
вспомнил 0,704919 0,000310
вспомянул 1,866287 0,000411
встретились 1,213075 0,000267
встречаясь 1,565257 0,000689
встречи 1,053374 0,000232
всюду 1,468347 0,000323
всякого 0,514105 0,000113
входа 1,167317 0,000257
входившими 2,167317 0,000477
входивших 2,167317 0,000477
входил 1,053374 0,000232
входило 2,167317 0,000477
вчера 0,341243 0,000225
выглядывала 1,468347 0,000323
выглянули 2,167317 0,000477
выговаривать 1,866287 0,000411
выгоду 1,468347 0,000323
выдавался 2,167317 0,000477
вызвали 1,565257 0,000344
выйдя 0,963197 0,000212
выказываемое 1,866287 0,000411
выметать 2,167317 0,000477
вымолвив 1,565257 0,000689
вымолвил 1,468347 0,000323
вымолвили 1,866287 0,000411
вынесли 1,468347 0,000323
выносе 2,167317 0,000477
выплаты 0,000000 0,000000
выпустил 1,866287 0,000411
выражение 0,805589 0,000177
высказал 0,912045 0,000201
высказанный 2,167317 0,000477
выслушивал 1,690196 0,000372
выступил 1,565257 0,000344
выходившими 2,167317 0,000477
выходил 0,963197 0,000212
выходит 0,752344 0,000331
выходным 1,866287 0,000411
вышел 0,275223 0,000061
вышло 0,523865 0,000115
вящше 2,167317 0,000477
героя 1,167317 0,000257
главами 2,167317 0,000954
главнейший 1,565257 0,000344
главного 1,213075 0,000267
главное 0,189594 0,000083
главным 1,468347 0,000323
главою 1,866287 0,000411
главу 1,866287 0,000411
глаза 0,129891 0,000057
глазки 1,167317 0,000257
гласа 2,167317 0,000477
глубине 1,167317 0,000257
глубоко 0,611015 0,000269
глядя 0,611015 0,000134
говорил 0,095435 0,000021
говорили 0,374926 0,000247
годах 1,690196 0,000372
годы 0,963197 0,000212
голову 0,227798 0,000100
голос 0,533849 0,000352
голоса 1,021189 0,000674
гордо 1,053374 0,000232
горе 0,769377 0,000169
горестию 1,866287 0,000411
горестно 1,125925 0,000248
горестным 1,690196 0,000372
города 0,704919 0,000465
городе 0,565257 0,000124
городской 1,468347 0,000323
горько 0,690196 0,000152
господне 1,866287 0,000411
господу 1,389166 0,000306
господь 0,888564 0,000978
госпожи 0,991226 0,000218
гостей 0,752344 0,000166
гостиниц 2,167317 0,000477
гость 1,053374 0,000464
гостя 1,021189 0,000449
грех 0,888564 0,000196
греческою 2,167317 0,000477
грешного 1,866287 0,000411
гроб 1,088136 0,001197
гроба 1,322219 0,001164
гробах 2,167317 0,000477
гробниц 2,167317 0,000477
гробов 2,167317 0,000477
гробом 1,389166 0,000306
гробу 1,468347 0,000323
грубо 1,125925 0,000248
грубой 1,690196 0,000372
грудь 0,752344 0,000166
грусть 1,264227 0,000556
губкой 2,167317 0,000477
губою 2,167317 0,000477
губят 1,690196 0,000372
давал 0,805589 0,000177
давно 0,158717 0,000279
даже 0,005949 0,000051
далее 0,648803 0,000428
далеко 0,599116 0,000132
далекого 1,565257 0,000344
дальше 0,002964 0,000001
данные 0,000000 0,000000
двадцать 0,411442 0,000091
дверь 0,367977 0,000162
действие 1,167317 0,000257
действительно 0,106619 0,000023
дела 0,309985 0,000068
делал 0,963197 0,000212
деле 0,162996 0,000036
дело 0,063514 0,000028
день 0,162996 0,000215
деревянной 1,690196 0,000372
дерзновение 2,167317 0,000477
десятых 2,167317 0,000477
детей 0,576253 0,000127
дитя 0,912045 0,000201
дней 0,514105 0,000113
днесь 1,866287 0,000411
добрая 1,021189 0,000225
доброго 1,088136 0,000239
догадался 0,752344 0,000166
догмат 2,167317 0,000477
дожившем 2,167317 0,000477
долго 0,222835 0,000049
должное 1,690196 0,000372
донеслась 2,167317 0,000477
доносил 2,167317 0,000477
допустил 1,264227 0,000278
допущена 2,167317 0,000477
доселе 0,912045 0,000201
достаточно 1,264227 0,000278
достигать 2,167317 0,000477
достигло 1,389166 0,000306
достигнуть 1,468347 0,000323
достоевский 0,000000 0,000000
достойная 1,866287 0,000411
достояние 0,000000 0,000000
дошло 1,021189 0,000225
древле 1,866287 0,001232
друг 0,269690 0,000178
другие 0,389166 0,000514
другим 0,533849 0,000117
другого 0,396465 0,000087
другом 0,477121 0,000210
другому 0,845098 0,000186
другу 0,752344 0,000166
думаю 0,328468 0,000072
думая 0,963197 0,000212
дурачествам 1,866287 0,000411
духа 0,787106 0,000346
духом 0,866287 0,000191
духу 1,264227 0,000834
душе 0,514105 0,000113
душевный 1,690196 0,000372
душевным 2,167317 0,000477
души 0,523865 0,000115
душу 0,451314 0,000099
евангелие 1,213075 0,000534
евангелия 1,565257 0,000344
егда 1,866287 0,000411
единого 0,787106 0,000173
единому 1,690196 0,000372
если 0,011981 0,000029
есмь 1,213075 0,000534
естественно 0,888564 0,000391
естественном 2,167317 0,000477
естество 1,866287 0,000821
есть 0,018098 0,000028
ждал 0,495219 0,000218
ждали 0,720159 0,000475
желанием 1,167317 0,000257
желты 2,167317 0,000954
женщина 0,396465 0,000087
жертвовал 2,167317 0,000477
жестокие 1,322219 0,000291
жестокостью 1,690196 0,000372
жива 1,264227 0,000278
живо 1,389166 0,000306
живостию 2,167317 0,000477
живые 1,690196 0,000372
жизни 0,222835 0,000343
жизнь 0,162996 0,000072
житейская 2,167317 0,000954
заботясь 1,690196 0,000372
забыл 0,328468 0,000072
завиствующих 2,167317 0,000477
завистников 2,167317 0,000477
зависть 1,866287 0,000411
завопил 0,787106 0,000346
заглядывали 1,866287 0,000411
заготовленный 2,167317 0,000477
загремел 1,565257 0,000344
загрустило 2,167317 0,000477
задолго 1,468347 0,000323
зазорно 1,866287 0,000411
заключение 0,991226 0,000218
заключил 0,523865 0,000115
заключить 0,824895 0,000181
заколебалась 2,167317 0,000477
закоренелая 2,167317 0,000477
закрыв 1,167317 0,000257
закрыли 2,167317 0,000477
закрылся 1,690196 0,000372
замедлили 2,167317 0,000477
замедлить 2,167317 0,000477
заменил 2,167317 0,000477
заметил 0,154480 0,000068
заметили 0,611015 0,000134
заметить 0,635838 0,000280
замечаемый 2,167317 0,000477
замечал 1,021189 0,000225
замечая 1,213075 0,000267
замолчавших 2,167317 0,000477
замутилось 2,167317 0,000477
занят 1,088136 0,000239
заодно 1,565257 0,000344
заплачет 1,389166 0,000306
заприметил 1,690196 0,000372
зарыдал 1,389166 0,000306
заслужил 1,213075 0,000267
заслышав 1,389166 0,000306
заслышал 1,866287 0,000411
застал 0,866287 0,000191
засыпал 1,565257 0,000344
затихли 1,565257 0,000344
затосковало 2,167317 0,000477
заутра 1,866287 0,000411
захватили 1,565257 0,000344
заходящего 1,690196 0,000372
заходящу 2,167317 0,000477
зачем 0,146128 0,000064
защитил 1,690196 0,000372
звенеть 1,866287 0,000411
здесь 0,095435 0,000042
здешних 1,213075 0,000267
земле 0,648803 0,000428
землю 0,565257 0,000373
злобное 1,322219 0,000291
злобным 1,565257 0,000344
злобы 0,824895 0,000181
зловредному 2,167317 0,000477
злорадно 1,866287 0,000411
злорадные 2,167317 0,000477
злословников 2,167317 0,000477
злоупотреблял 2,167317 0,000477
знает 0,171682 0,000038
знаешь 0,533849 0,000117
знак 1,167317 0,000257
знал 0,114239 0,000050
знали 0,426955 0,000094
знамением 1,866287 0,000411
знаменитого 1,264227 0,000278
знаменитом 2,167317 0,000477
знать 0,328468 0,000072
значит 0,243038 0,000267
значительного 1,690196 0,000372
зосима 1,021189 0,000225
зосиму 1,389166 0,000306
зосимы 1,088136 0,000958
идолу 2,167317 0,000477
иеродиаконам 2,167317 0,000477
иеромонах 1,322219 0,000291
иеромонахам 2,167317 0,000477
иеросхимонах 2,167317 0,000477
иеросхимонаха 1,565257 0,000344
иеросхимонахе 2,167317 0,000477
иеросхимонахом 2,167317 0,000477
извергая 2,167317 0,000954
извергну 2,167317 0,000954
известие 0,662167 0,000291
известия 1,125925 0,000248
известно 0,334808 0,000221
известной 1,088136 0,000239
известным 1,468347 0,000323
извне 2,167317 0,000477
изгонит 2,167317 0,000477
изгоняешь 2,167317 0,000477
изгонять 2,167317 0,000477
издревле 1,690196 0,000372
изошел 2,167317 0,000477
изрек 1,213075 0,000534
изрекшего 2,167317 0,000477
изувер 1,866287 0,000411
изуверов 2,167317 0,000477
изыди 2,167317 0,002384
изыду 2,167317 0,000477
икону 1,866287 0,000411
имел 0,347773 0,000153
именно 0,066947 0,000044
инок 1,389166 0,000306
инока 1,866287 0,000821
иноками 2,167317 0,000477
иноки 1,565257 0,001722
иноков 1,690196 0,002603
иные 0,599116 0,000791
иных 0,704919 0,000155
иове 2,167317 0,000477
иосиф 1,389166 0,001223
иосифа 1,690196 0,000372
иосифом 2,167317 0,000477
иосифу 2,167317 0,000477
исповеди 1,167317 0,000257
исполнил 1,088136 0,000239
исполняет 1,866287 0,000411
использоваться 0,000000 0,000000
испугались 1,389166 0,000306
исступление 1,264227 0,000278
исступленными 1,866287 0,000411
истинных 2,167317 0,000477
истлеют 2,167317 0,000477
источник 0,000000 0,000000
исходил 1,866287 0,000411
исходить 2,167317 0,000477
исходом 1,565257 0,000344
исцеления 1,565257 0,000344
итак 0,805589 0,000177
ихнего 1,690196 0,000372
ихним 2,167317 0,000477
каждого 0,888564 0,000196
каждому 0,912045 0,000201
каждою 1,866287 0,000411
каждые 1,322219 0,000291
каждым 0,769377 0,000169
казалось 0,316059 0,000070
какая 0,194189 0,000085
каким 0,194189 0,000085
како 1,468347 0,000323
какого 0,347773 0,000077
какое 0,227798 0,000100
какой 0,095435 0,000063
каком 0,381987 0,000168
камне 1,690196 0,000372
канон 2,167317 0,000954
карамазовы 0,180546 0,000159
карманах 1,866287 0,000411
келейки 1,866287 0,000411
келейку 1,866287 0,000411
келий 2,167317 0,000477
келье 1,125925 0,000743
кельи 1,322219 0,000873
келью 1,264227 0,000834
келья 1,565257 0,000344
кладбище 1,468347 0,000323
кликами 2,167317 0,000477
книга 0,176091 0,000039
книги 0,000000 0,000000
когда 0,015029 0,000023
коего 2,167317 0,000477
коих 1,866287 0,001232
коленах 2,167317 0,000477
коленках 1,213075 0,000267
коленки 1,468347 0,000323
колокол 2,167317 0,000477
колоколов 2,167317 0,000477
комаров 0,000000 0,000000
комнате 0,389166 0,000171
комнату 0,468347 0,000103
кому 0,341243 0,000225
конец 0,495219 0,000109
конечно 0,060107 0,000040
конфетою 2,167317 0,000477
конце 0,611015 0,000134
костей 1,866287 0,000411
кости 1,565257 0,000344
костям 2,167317 0,000477
которая 0,361137 0,000079
которого 0,198834 0,000131
которое 0,426955 0,000094
которой 0,213075 0,000141
которому 0,468347 0,000103
которые 0,189594 0,000042
крайности 1,389166 0,000306
кресла 1,125925 0,000248
крест 0,912045 0,000201
крестить 1,866287 0,000411
креститься 2,167317 0,000477
крестным 1,690196 0,000372
крестом 1,167317 0,000514
крестообразно 2,167317 0,000477
криво 1,322219 0,000291
криком 1,322219 0,000291
кроме 0,158717 0,000070
кроткий 1,389166 0,000306
кругом 0,419129 0,000184
крылечка 1,468347 0,000646
крылечко 1,468347 0,000646
куда 0,248239 0,000164
куколь 2,167317 0,000954
ладонь 1,264227 0,000278
ладонями 1,264227 0,000556
легкомысленное 1,565257 0,000344
легкомысленны 1,690196 0,000744
легкомыслие 1,468347 0,000646
легкомыслия 1,468347 0,000323
лежали 1,021189 0,000225
лекарства 1,866287 0,000411
лесенке 1,866287 0,000411
либо 0,000000 0,000000
лики 1,690196 0,000372
литература 0,000000 0,000000
лица 0,322219 0,000071
лицо 0,114239 0,000075
лицом 0,000000 0,000000
лично 0,720159 0,000475
лишь 0,185046 0,000570
любившие 2,167317 0,000477
любил 0,374926 0,000165
любимец 2,167317 0,000477
любовно 1,565257 0,000344
любовью 0,824895 0,000181
любопытные 1,565257 0,000344
любопытства 0,912045 0,000201
любопытством 0,459747 0,000101
любым 0,000000 0,000000
любят 0,752344 0,000166
любящих 1,690196 0,000372
люди 0,269690 0,000059
людие 2,167317 0,000477
малейшего 0,720159 0,000158
малейшую 2,167317 0,000477
маленького 0,963197 0,000212
мало 0,208276 0,000275
маловерными 1,866287 0,000411
малого 1,167317 0,000257
малограмотен 2,167317 0,000477
малое 1,213075 0,000267
малой 1,468347 0,000646
малом 1,866287 0,000411
малый 1,053374 0,000464
мантиею 2,167317 0,000477
материального 2,167317 0,000477
махать 1,866287 0,000411
махнув 1,264227 0,000278
махнул 1,213075 0,000267
между 0,129891 0,000314
мельком 0,912045 0,000201
менее 0,635838 0,000420
меньшинство 2,167317 0,000477
меня 0,027438 0,000018
мертвецов 1,866287 0,000411
местах 1,213075 0,000267
месте 0,286504 0,000063
место 0,334808 0,000074
мигом 0,504560 0,000111
милого 1,389166 0,000306
милый 0,477121 0,000105
мимо 0,514105 0,000113
мимоходом 1,264227 0,000278
минуло 1,389166 0,000306
минутка 1,565257 0,000344
минутой 1,213075 0,000267
минуту 0,084532 0,000074
минуты 0,322219 0,000071
мирских 1,690196 0,000744
миру 1,053374 0,000232
младоумный 2,167317 0,000477
младый 2,167317 0,000477
мнение 0,690196 0,000456
многие 0,468347 0,000412
многих 0,704919 0,000465
много 0,080958 0,000107
мною 0,635838 0,000140
могил 1,866287 0,000411
могила 1,468347 0,000323
могилу 1,565257 0,000344
могильном 2,167317 0,000477
могла 0,286504 0,000126
могло 0,403889 0,000267
модному 1,866287 0,000411
моего 0,367977 0,000081
моем 0,599116 0,000264
может 0,000000 0,000000
можно 0,088136 0,000058
моим 0,675956 0,000149
молитву 1,213075 0,000267
молитвы 1,866287 0,000411
молодого 0,752344 0,000166
молодых 0,912045 0,000201
молча 0,367977 0,000081
молчальника 1,866287 0,000411
молчальнике 2,167317 0,000477
молчальников 2,167317 0,000477
молящегося 2,167317 0,000477
момента 0,000000 0,000000
монастыре 0,936868 0,000825
монастырские 1,565257 0,000344
монастырскими 2,167317 0,000477
монастырских 1,690196 0,000744
монастырской 1,866287 0,000411
монастырь 0,720159 0,000317
монастыря 0,912045 0,000201
монах 0,991226 0,000218
монаха 1,468347 0,000323
монахов 1,468347 0,000969
монашек 1,468347 0,000323
монашеское 2,167317 0,000477
мысль 0,264227 0,000058
наблюдал 1,125925 0,000743
набожный 2,167317 0,000477
надеждах 2,167317 0,000477
надел 1,264227 0,000278
надменным 1,565257 0,000344
надо 0,036984 0,000024
назад 0,000000 0,000000
название 0,000000 0,000000
назначенный 1,866287 0,000411
наиболее 1,125925 0,000743
найти 0,000000 0,000000
наконец 0,073896 0,000065
накопили 1,866287 0,000411
написано 0,000000 0,000000
наполняя 2,167317 0,000477
напоминали 2,167317 0,000477
например 0,298086 0,000262
напротив 0,180546 0,000040
нараспев 1,690196 0,000372
народу 1,264227 0,000278
нарочитый 2,167317 0,000477
нарочно 0,227798 0,000150
наружно 1,389166 0,000306
нарушавший 2,167317 0,000477
нарушаешь 1,866287 0,000411
нарушалось 2,167317 0,000477
нарушаться 2,167317 0,000477
нарушить 2,167317 0,000477
насквозь 1,167317 0,000257
насмешливые 1,690196 0,000372
насмешливый 1,389166 0,000306
настежь 1,468347 0,000646
настойчиво 0,787106 0,000173
настоятелем 2,167317 0,000477
настоятель 1,866287 0,000411
настоятельно 0,991226 0,000436
наука 0,000000 0,000000
находившимися 2,167317 0,000477
находил 1,088136 0,000239
начал 0,137934 0,000061
начали 0,735954 0,000162
начало 1,053374 0,000464
началось 1,053374 0,000232
начинается 1,389166 0,000306
начинающуюся 2,167317 0,000477
нашего 0,396465 0,000087
нашей 0,599116 0,000132
нашем 0,662167 0,000146
наши 0,544068 0,000120
нашлись 1,565257 0,000689
наяву 1,213075 0,000267
неблаговидное 2,167317 0,000477
невеликое 2,167317 0,000477
неверующие 1,866287 0,000411
неверующих 2,167317 0,000954
невозможно 0,411442 0,000091
невозможного 1,690196 0,000372
него 0,000000 0,000000
недавно 0,576253 0,000127
недаром 1,389166 0,000306
недолго 1,053374 0,000232
незамеченным 2,167317 0,000477
незыблемо 1,468347 0,000323
неистово 1,213075 0,000267
некие 2,167317 0,000954
некиих 1,866287 0,000411
некое 1,690196 0,000372
некоему 1,866287 0,000411
некоторой 1,125925 0,000248
некоторые 0,533849 0,000705
некоторым 0,690196 0,000304
некую 2,167317 0,000477
нелепое 1,213075 0,000267
нелепость 1,088136 0,000239
немедленно 0,554533 0,000244
немедленное 2,167317 0,000477
немедленную 2,167317 0,000477
нему 0,080958 0,000036
ненасытимой 2,167317 0,000477
необходимости 1,322219 0,000291
необходимость 1,264227 0,000278
необычайное 1,167317 0,000514
необычайном 1,866287 0,000411
необычайный 1,468347 0,000323
неопределенно 1,213075 0,000267
неопровержимо 2,167317 0,000477
неотразимо 1,264227 0,000278
неподобающее 2,167317 0,000954
непослушание 2,167317 0,000477
непостоянный 1,866287 0,000411
непрерывную 2,167317 0,000477
неприятны 2,167317 0,000477
нерушимо 1,565257 0,000344
несвязное 1,866287 0,000411
несколько 0,102859 0,000068
неслыханное 1,565257 0,000344
несмотря 0,275223 0,000182
несомненно 0,704919 0,000155
несомненного 2,167317 0,000477
несомненным 1,565257 0,000344
несправедливо 1,021189 0,000225
нетерпеливое 1,565257 0,000689
нетерпеливыми 2,167317 0,000477
нетерпением 0,866287 0,000191
нетление 2,167317 0,000477
нетления 2,167317 0,000477
нетленными 2,167317 0,000477
неужто 0,599116 0,000264
нечего 0,381987 0,000084
нечистая 2,167317 0,000477
нечистого 2,167317 0,000477
нечистую 2,167317 0,000477
нечто 0,389166 0,000685
никем 1,690196 0,000372
никому 0,504560 0,000111
никто 0,185046 0,000163
ними 0,275223 0,000121
ничто 1,213075 0,000267
ничтожеством 2,167317 0,000477
новопреставившегося 2,167317 0,000477
новшеств 2,167317 0,000477
новшества 2,167317 0,000954
новшеству 2,167317 0,000954
ногах 0,866287 0,000191
ноги 0,477121 0,000105
носил 0,991226 0,000218
ночи 0,675956 0,000297
ночь 0,248239 0,000055
ныне 1,021189 0,000449
нынешнего 1,690196 0,000372
обвил 2,167317 0,000477
обвинения 1,021189 0,000225
обвить 2,167317 0,000477
обдорский 1,866287 0,001232
обдорского 1,866287 0,000821
обеими 0,787106 0,000346
обернулся 0,824895 0,000181
обетование 1,565257 0,000344
обижены 1,866287 0,000411
облетело 2,167317 0,000477
обнаженная 2,167317 0,000477
обнаженно 1,565257 0,000344
обнаруживалось 2,167317 0,000477
обнаруживаться 1,866287 0,000821
обнаружившееся 1,866287 0,000411
обнаружившийся 2,167317 0,000477
обнаружили 2,167317 0,000477
обнаружилось 1,322219 0,000291
обнаружился 2,167317 0,000477
обнаружиться 1,866287 0,000411
ободняло 2,167317 0,000477
ободрявшиеся 2,167317 0,000477
обоих 0,635838 0,000280
обойтись 1,125925 0,000248
обрадованы 2,167317 0,000477
образованных 1,866287 0,000411
образом 0,347773 0,000230
обратился 0,443041 0,000097
обращаясь 0,675956 0,000149
обременять 2,167317 0,000477
обросшая 2,167317 0,000477
обрящутся 2,167317 0,000954
обуяло 2,167317 0,000477
обходя 1,690196 0,000372
общественное 0,000000 0,000000
общим 1,468347 0,000646
объяснить 0,623249 0,000137
оглядываясь 1,322219 0,000291
огня 1,565257 0,000344
ограде 1,866287 0,000411
ограды 1,468347 0,000323
ограждая 2,167317 0,000477
одел 2,167317 0,000477
одержало 2,167317 0,000477
одеяние 1,866287 0,000411
один 0,046743 0,000031
однажды 0,635838 0,000140
однако 0,102859 0,000045
одни 0,459747 0,000101
одних 0,888564 0,000196
одновременно 1,866287 0,000411
одного 0,150284 0,000099
одном 0,504560 0,000111
одному 0,334808 0,000147
ожесточенных 2,167317 0,000477
ожидавшая 2,167317 0,000477
ожидавших 1,690196 0,000372
ожидаемое 1,690196 0,000372
ожидал 0,675956 0,000149
ожидание 1,264227 0,001113
ожидании 0,824895 0,000181
ожидания 1,264227 0,000278
ожиданиями 2,167317 0,000477
ожиданное 1,866287 0,000411
ожидающим 2,167317 0,000477
озабочен 1,322219 0,000291
озлобления 1,468347 0,000323
озлобленно 1,866287 0,000411
озлобленных 2,167317 0,000477
оказалось 0,486076 0,000107
окна 0,648803 0,000143
около 0,443041 0,000097
окончательно 0,565257 0,000124
окончил 1,565257 0,000344
окрестности 2,167317 0,000477
омывают 2,167317 0,000477
опубликовано 0,000000 0,000000
опустил 1,088136 0,000479
опять 0,027438 0,000018
оскорблены 1,866287 0,000411
особенно 0,129891 0,000086
особенным 0,912045 0,000201
особливо 1,565257 0,000344
особливой 1,866287 0,000411
особливом 2,167317 0,000477
особливому 1,866287 0,000411
особы 1,468347 0,000323
особым 1,213075 0,000267
оставить 0,690196 0,000152
оставлен 2,167317 0,000477
оставляли 1,866287 0,000411
оставляя 1,565257 0,000344
остался 0,523865 0,000115
останки 2,167317 0,000477
остановился 0,419129 0,000184
остановясь 1,468347 0,000646
острые 2,167317 0,000477
осуждения 1,468347 0,000323
осьмиконечным 2,167317 0,000477
осязалось 2,167317 0,000477
отвел 1,264227 0,000556
отвергал 1,866287 0,000411
отвергнет 1,690196 0,000372
отверзших 2,167317 0,000477
отвернулся 1,088136 0,000239
ответа 0,720159 0,000475
ответное 2,167317 0,000477
отворилась 1,088136 0,000479
отворить 1,264227 0,000278
отвращением 1,021189 0,000225
отдаленном 2,167317 0,000477
отдых 2,167317 0,000477
отец 0,316059 0,003129
отирает 2,167317 0,000477
отирания 2,167317 0,000477
открыв 2,167317 0,000477
открыл 0,963197 0,000212
открытым 1,866287 0,000411
откуда 0,523865 0,000115
относительно 1,167317 0,000257
отойдя 1,866287 0,000411
отошел 1,125925 0,000495
отпевания 2,167317 0,000477
отперта 1,468347 0,000323
отпор 1,690196 0,000372
отрядила 2,167317 0,000477
отходя 1,468347 0,000323
отца 0,222835 0,000392
отце 1,565257 0,000344
отцов 1,125925 0,000248
отцом 0,599116 0,000395
отцу 0,565257 0,000373
отче 1,866287 0,002464
отчего 0,554533 0,000122
отшедший 1,866287 0,000411
отыдет 2,167317 0,000477
оформление 0,000000 0,000000
очень 0,024303 0,000021
очутился 0,912045 0,000201
падение 1,389166 0,000306
паисий 1,088136 0,006464
паисию 1,866287 0,000411
паисия 1,389166 0,000306
памяти 0,752344 0,000166
памятник 1,866287 0,000411
память 0,936868 0,000412
панихиды 2,167317 0,000954
пасеке 1,866287 0,000411
пауки 2,167317 0,000477
первее 2,167317 0,000477
первой 0,720159 0,000158
первую 0,805589 0,000177
первых 0,367977 0,000081
переворот 1,322219 0,000291
передал 0,690196 0,000152
передать 0,690196 0,000304
перезабыли 2,167317 0,000477
переложили 1,866287 0,000411
перелом 1,866287 0,000411
перемена 1,088136 0,000239
перешло 0,000000 0,000000
персех 2,167317 0,000477
перст 1,322219 0,000291
перстом 1,866287 0,000411
петь 1,565257 0,000344
письменно 2,167317 0,000477
плачет 0,824895 0,000181
плачь 1,167317 0,000514
победил 1,866287 0,000821
повелеваю 2,167317 0,000477
повелительно 1,565257 0,000344
повергались 1,690196 0,000372
повергло 1,866287 0,000411
повернулся 0,587534 0,000259
повесть 1,468347 0,000323
повлиявших 2,167317 0,000477
повлияло 2,167317 0,000954
повторил 0,752344 0,000331
повторял 0,912045 0,000201
повторяли 2,167317 0,000477
повторяю 0,648803 0,000143
повторяясь 1,866287 0,000411
поган 1,866287 0,000411
поганых 1,866287 0,000411
погребению 2,167317 0,000954
погребены 2,167317 0,000477
подборка 0,000000 0,000000
подвигам 1,866287 0,000411
подвижнике 2,167317 0,000477
подвижничеству 2,167317 0,000477
подкосил 2,167317 0,000477
подняв 1,264227 0,000278
подняли 1,389166 0,000306
поднялись 1,468347 0,000323
поднялся 0,635838 0,000140
подозрительными 1,866287 0,000411
подойдя 1,167317 0,000257
подолгу 1,389166 0,000306
подохну 2,167317 0,000477
подпоясанной 2,167317 0,000477
подражать 1,690196 0,000744
подробная 2,167317 0,000477
подробности 0,648803 0,000143
подтвердить 1,866287 0,000411
подумывал 1,866287 0,000411
подхватили 1,468347 0,000323
подчиниться 1,565257 0,000344
подымал 1,322219 0,000291
пожалуй 0,237898 0,000157
пожелавший 2,167317 0,000477
пожилой 1,322219 0,000291
позднее 1,866287 0,000411
позор 0,824895 0,000181
пока 0,213075 0,000047
показался 1,125925 0,000495
показывали 1,866287 0,000411
покивали 1,866287 0,000411
покивая 1,866287 0,000821
покидая 2,167317 0,000477
поклонения 1,866287 0,000411
покое 1,264227 0,000278
покойник 1,264227 0,000278
покойного 0,936868 0,000618
покойный 1,322219 0,000873
поколебаться 1,866287 0,000411
покровитель 1,690196 0,000372
покровителя 1,690196 0,000372
полагать 1,565257 0,000344
полагаю 1,264227 0,000278
полежат 2,167317 0,000477
полно 1,053374 0,000464
положили 1,088136 0,000479
полудня 2,167317 0,000477
полчаса 0,824895 0,000181
помалу 0,675956 0,000297
помогло 1,866287 0,000411
помолчал 0,991226 0,000218
помощник 2,167317 0,000477
помощника 2,167317 0,000477
помышлением 2,167317 0,000477
поняли 0,769377 0,000169
понять 0,396465 0,000087
попеременно 1,565257 0,000344
пополудни 1,213075 0,000801
попрекнул 1,866287 0,000411
попущали 2,167317 0,000477
попущалось 2,167317 0,000477
поражало 1,264227 0,000278
поразил 0,912045 0,000201
порешили 1,690196 0,000372
пороге 1,053374 0,000464
породил 2,167317 0,000954
поручению 1,866287 0,000411
порядке 0,936868 0,000206
посему 1,690196 0,000372
посетителей 0,000000 0,000000
посетители 0,000000 0,000000
посещавший 2,167317 0,000477
посконной 1,866287 0,000411
поскорее 0,486076 0,000107
послал 0,720159 0,000158
после 0,084532 0,000112
послужат 2,167317 0,000477
послужит 1,468347 0,000323
послушанием 1,866287 0,000411
посмертно 0,000000 0,000000
посоветовал 1,264227 0,000556
поспешаешь 1,866287 0,000411
поспешая 2,167317 0,000954
поспешили 2,167317 0,000477
поспешно 0,866287 0,000381
поспешностью 1,264227 0,000278
пост 1,468347 0,000323
поста 1,866287 0,000411
постепенно 1,088136 0,000718
постепенность 2,167317 0,000477
постиг 1,389166 0,000306
постника 1,866287 0,000411
постнике 2,167317 0,000477
постников 2,167317 0,000477
постов 2,167317 0,000477
постоит 2,167317 0,000477
постоял 1,167317 0,000257
посту 2,167317 0,000954
посыпались 2,167317 0,000477
потаенно 1,866287 0,000411
потекли 1,565257 0,000344
потерпел 2,167317 0,000477
потеснились 2,167317 0,000477
потом 0,084532 0,000074
потому 0,024303 0,000005
потрясение 1,690196 0,000372
потрясший 2,167317 0,000477
поучений 1,690196 0,000744
почему 0,099131 0,000065
почившего 1,565257 0,001033
почивший 2,167317 0,000477
почитал 1,565257 0,000344
почти 0,024303 0,000027
почтительности 1,389166 0,000306
почто 2,167317 0,001431
почувствовал 0,623249 0,000411
почувствовали 1,264227 0,000278
пошел 0,275223 0,000121
пошли 0,735954 0,000162
поют 1,468347 0,000323
поются 2,167317 0,000477
появившийся 1,866287 0,000411
правде 0,991226 0,000218
правдиво 1,690196 0,000372
праве 1,125925 0,000248
праведен 1,690196 0,000744
праведников 1,866287 0,000411
праведного 1,468347 0,000646
праведной 2,167317 0,000477
праведность 2,167317 0,000477
правилом 2,167317 0,000477
правилу 1,866287 0,000411
правой 0,912045 0,000201
православие 1,866287 0,000821
православии 1,866287 0,000411
православных 2,167317 0,000477
правую 0,936868 0,000206
пребывавшего 1,866287 0,000411
превеликим 1,690196 0,000372
превеликого 2,167317 0,000477
превысившим 2,167317 0,000477
пред 0,033778 0,000015
предании 2,167317 0,000477
преданию 1,565257 0,000344
преданных 2,167317 0,000954
представить 0,576253 0,000127
представиться 1,866287 0,000411
представлявшимся 2,167317 0,000477
представляться 1,322219 0,000291
предугадал 1,866287 0,000411
предупредил 1,322219 0,000582
предчувствию 1,866287 0,000411
предчувствовали 1,565257 0,000344
предчувствованным 2,167317 0,000477
прежде 0,077412 0,000085
прежнему 0,587534 0,000129
прельщался 2,167317 0,000477
премудрости 1,690196 0,000372
прервал 0,735954 0,000162
преславный 2,167317 0,000477
преставившемся 2,167317 0,001431
преставившихся 2,167317 0,000477
прибавил 0,275223 0,000121
прибавлю 1,389166 0,000306
прибавляли 1,690196 0,001488
прибывавших 2,167317 0,000477
прибывать 2,167317 0,000477
прибывающим 2,167317 0,000477
прибывающими 2,167317 0,000477
прибывших 1,866287 0,000411
прибыли 1,389166 0,000306
прибыть 1,389166 0,000306
привлек 1,866287 0,000411
привозили 2,167317 0,000477
пригорюнившись 1,866287 0,000411
приготовили 1,690196 0,000372
придет 0,514105 0,000113
приемную 1,866287 0,000411
приехали 0,963197 0,000212
прижизненно 0,000000 0,000000
признавал 2,167317 0,000477
признаком 1,389166 0,000306
призывая 1,690196 0,000372
прилагали 2,167317 0,000477
прилив 1,565257 0,000344
приложив 1,690196 0,000372
примерно 0,963197 0,000212
приметил 1,565257 0,000344
примеч 2,167317 0,000477
примечалось 2,167317 0,000477
принимавшие 2,167317 0,000477
принимаемое 2,167317 0,000477
принимал 1,088136 0,000479
принималось 2,167317 0,000477
принял 0,565257 0,000249
принять 0,523865 0,000115
приобыкли 2,167317 0,000477
припоминали 2,167317 0,000477
припоминая 1,125925 0,000248
припомнить 0,963197 0,000212
приросшее 2,167317 0,000477
прислушивался 1,264227 0,000278
присоединяли 2,167317 0,000954
присутствие 1,322219 0,000291
присутствующих 1,468347 0,000323
присылали 1,866287 0,000411
притек 2,167317 0,000954
приходившие 1,690196 0,000372
приходят 1,088136 0,000239
причин 1,264227 0,000278
причину 1,468347 0,000323
причины 0,752344 0,000166
пришел 0,322219 0,000213
провидел 2,167317 0,000477
провонял 1,866287 0,000411
проговорил 0,154480 0,000102
программирование 0,000000 0,000000
прогремел 1,690196 0,000372
продолжал 0,292256 0,000129
продолжались 1,866287 0,000411
продолжая 1,021189 0,000225
произведение 0,000000 0,000000
произведений 0,000000 0,000000
произведения 0,000000 0,000000
производило 1,866287 0,000411
произнес 0,361137 0,000318
произойдет 0,963197 0,000212
произойти 0,963197 0,000424
происходила 1,565257 0,000344
происходило 0,845098 0,000186
происходит 0,936868 0,000412
происшествии 1,690196 0,000372
проклятому 1,866287 0,000411
прокричал 0,720159 0,000317
промеж 1,468347 0,000323
пронеслись 2,167317 0,000477
пронзающим 2,167317 0,000477
прониклась 2,167317 0,000477
проникло 1,690196 0,000372
просветлели 2,167317 0,000477
просиши 2,167317 0,000477
прославил 2,167317 0,000477
прославления 2,167317 0,000477
проснулась 1,690196 0,000372
простого 1,213075 0,000267
простонародья 1,690196 0,000372
противники 1,690196 0,000372
противно 1,468347 0,000323
противоположного 1,468347 0,000323
проходил 1,125925 0,000248
прочие 1,322219 0,000291
прочими 1,264227 0,000278
прочувствованно 2,167317 0,000477
прошептал 0,675956 0,000149
прошло 0,000000 0,000000
прошлой 1,088136 0,000479
прямо 0,118099 0,000026
прямую 1,866287 0,000411
прятался 1,690196 0,000372
псалтирь 2,167317 0,000477
публикации 0,000000 0,000000
пурганцу 2,167317 0,000477
пусто 1,866287 0,000411
пустом 1,690196 0,000372
пуще 0,599116 0,000132
пяти 0,662167 0,000146
равно 0,303994 0,000134
ради 0,752344 0,000331
радости 0,635838 0,000140
радость 0,805589 0,000177
радуйся 1,866287 0,000411
разве 0,146128 0,000032
развелись 2,167317 0,000477
раздавались 1,565257 0,000344
раздались 1,167317 0,000257
раздельно 1,213075 0,000267
раздраженное 2,167317 0,000477
разнузданного 1,866287 0,000411
разных 0,866287 0,000191
разрезал 2,167317 0,000477
разрешал 1,690196 0,000372
разрешения 0,000000 0,000000
разум 1,468347 0,000323
разума 1,866287 0,000411
разумные 1,866287 0,000411
разуму 1,866287 0,000411
ракитина 0,991226 0,000872
рано 0,787106 0,000173
распивать 2,167317 0,000477
располагали 1,866287 0,000411
распоряжении 1,866287 0,000411
распростирая 2,167317 0,000477
распухшее 2,167317 0,000477
рассказа 0,845098 0,000186
рассказе 1,389166 0,000306
рассказу 1,322219 0,000291
расспрашивал 1,088136 0,000239
рассудительные 2,167317 0,000477
рассыпанных 2,167317 0,000477
расходившийся 2,167317 0,000954
расходиться 2,167317 0,000477
рвении 2,167317 0,000477
ребенка 0,787106 0,000173
редко 0,690196 0,000152
речи 0,769377 0,000169
робко 0,787106 0,000173
ропота 2,167317 0,000477
рубахи 2,167317 0,000477
руками 0,280827 0,000062
руках 0,396465 0,000087
руки 0,167317 0,000258
руководитель 2,167317 0,000477
рукой 0,486076 0,000321
русская 0,000000 0,000000
рухнулся 1,866287 0,000411
рыдание 2,167317 0,000477
рыданий 1,468347 0,000323
рясе 1,866287 0,000411
рясой 2,167317 0,000477
сайте 0,000000 0,000000
сама 0,208276 0,000046
самая 0,599116 0,000264
самими 1,690196 0,000372
самих 1,264227 0,000278
самого 0,118099 0,000026
самое 0,167317 0,000110
самой 0,258832 0,000228
самом 0,114239 0,000101
самые 0,381987 0,000336
самый 0,198834 0,000044
самым 0,280827 0,000062
самых 0,468347 0,000206
сатана 1,264227 0,000556
сбегал 1,468347 0,000323
светлейшей 2,167317 0,000477
светлый 1,264227 0,000278
светские 1,690196 0,000372
светский 1,468347 0,000323
светскими 1,866287 0,000821
светских 1,322219 0,000582
свету 1,167317 0,000257
свитую 2,167317 0,000477
свободно 0,000000 0,000000
свое 0,150284 0,000099
своего 0,091770 0,000040
своей 0,066947 0,000088
своем 0,198834 0,000175
свои 0,146128 0,000096
своим 0,208276 0,000092
своих 0,237898 0,000209
свой 0,189594 0,000042
свою 0,073896 0,000033
связывая 2,167317 0,000477
свят 1,690196 0,001116
святее 1,565257 0,000344
святого 0,991226 0,000654
святой 0,912045 0,000201
святости 1,866287 0,000411
святым 1,468347 0,000323
святых 1,167317 0,000257
сделает 0,963197 0,000212
сделал 0,381987 0,000084
себе 0,033778 0,000045
себя 0,005949 0,000024
сего 0,611015 0,000672
сегодня 0,000000 0,000000
седыми 1,866287 0,000411
седьмая 1,565257 0,000344
сейчас 0,070407 0,000031
семидесяти 0,000000 0,000000
сенях 1,088136 0,000239
сердца 0,334808 0,000147
сердце 0,171682 0,000189
сидел 0,322219 0,000142
сидеть 0,662167 0,000146
сидят 1,213075 0,000267
сидящего 2,167317 0,000477
сидящим 1,565257 0,000344
сила 0,936868 0,000206
силах 0,623249 0,000137
силу 0,866287 0,000381
сильвестра 1,690196 0,000372
сильная 1,468347 0,000323
сильнейшим 1,866287 0,000411
сильно 0,292256 0,000129
сиявшей 2,167317 0,000477
скажет 0,587534 0,000259
сказали 0,544068 0,000120
сказано 0,662167 0,000146
сказать 0,073896 0,000033
скит 1,389166 0,001223
скита 1,322219 0,001455
ските 1,565257 0,000344
скитских 2,167317 0,000954
скиту 1,690196 0,000744
сколь 1,389166 0,000306
сколько 0,280827 0,000062
скончавшегося 2,167317 0,000477
скорбно 1,866287 0,000411
скорее 0,514105 0,000113
скорости 1,866287 0,000411
скрывать 1,264227 0,000556
скученных 2,167317 0,000477
славы 1,322219 0,000582
сладобился 2,167317 0,000477
сладости 1,866287 0,000411
сладость 1,690196 0,000744
сладостями 2,167317 0,000477
следовало 0,805589 0,000177
следующим 1,690196 0,000372
следя 1,264227 0,000278
слез 0,787106 0,000346
слезки 1,866287 0,000411
слезно 1,565257 0,000344
слезное 2,167317 0,000477
слезы 0,554533 0,000122
слишком 0,133894 0,000059
слова 0,129891 0,000057
слове 1,125925 0,000248
словеса 1,690196 0,001116
слово 0,232819 0,000051
службе 1,053374 0,000695
службы 1,213075 0,000267
служишь 2,167317 0,000477
слух 1,167317 0,000257
случае 0,248239 0,000109
случалось 0,824895 0,000181
случилось 0,403889 0,000089
случиться 1,213075 0,000267
слушали 1,021189 0,000225
слушать 0,735954 0,000162
слышалось 1,322219 0,000291
слышать 0,888564 0,000196
смерти 0,468347 0,000103
смирение 1,468347 0,000323
смиренного 2,167317 0,000477
смиренное 1,866287 0,000411
смиренных 1,690196 0,000372
смотрю 0,866287 0,000191
смотря 0,322219 0,000142
смутившись 1,468347 0,000323
смущаются 2,167317 0,000477
смущен 1,264227 0,000278
смущением 1,866287 0,000411
смысле 0,752344 0,000331
сначала 0,434924 0,000191
сниться 1,866287 0,000411
снова 0,565257 0,000622
соблазн 1,468347 0,000323
соблазна 1,690196 0,001116
соблазнился 1,690196 0,000372
соблазнительного 2,167317 0,000477
соблазнительном 2,167317 0,000477
соблазном 2,167317 0,000477
соблазнялись 2,167317 0,000477
собой 0,253503 0,000056
собою 0,347773 0,000153
собрание 0,000000 0,000000
событием 1,690196 0,000744
событии 1,565257 0,000344
совершавшегося 2,167317 0,000477
совершается 1,565257 0,000344
совершенно 0,180546 0,000040
совершилось 1,088136 0,000239
совсем 0,021189 0,000014
согласия 0,000000 0,000000
соглядатаями 2,167317 0,000477
содержал 1,565257 0,000344
сожаления 1,468347 0,000323
сожалея 2,167317 0,000477
сожалительно 2,167317 0,000477
сознаться 1,322219 0,000291
солнца 0,936868 0,000206
солнцу 1,866287 0,000821
сомнения 0,523865 0,000115
сообразно 1,565257 0,000344
сообщить 0,635838 0,000140
сопровождавшие 1,866287 0,000821
сопровождавших 2,167317 0,000477
составив 2,167317 0,000477
сотрясаться 2,167317 0,000477
сотрясаясь 1,322219 0,000582
сохранилось 1,866287 0,001232
сохраняется 1,690196 0,000372
сохранялась 2,167317 0,000477
сочинений 0,000000 0,000000
сошел 0,787106 0,000346
сошлось 1,213075 0,000534
спасенных 2,167317 0,000477
спасителя 1,866287 0,000411
сперва 0,735954 0,000162
спиной 1,213075 0,000267
справедливо 0,805589 0,000177
спросил 0,222835 0,000049
спросясь 1,866287 0,000411
сравнительно 1,088136 0,000239
срам 1,213075 0,000267
среду 1,565257 0,000344
срок 0,888564 0,000196
стадо 1,389166 0,000611
стал 0,125925 0,000139
стала 0,544068 0,000120
стали 0,322219 0,000284
стало 0,091770 0,000061
станет 0,623249 0,000137
станут 1,213075 0,000267
старания 2,167317 0,000477
старейших 2,167317 0,000477
старец 0,787106 0,000693
старик 0,434924 0,000096
старому 1,565257 0,000344
старца 0,735954 0,001781
старцах 1,866287 0,000821
старце 1,264227 0,000556
старцу 1,167317 0,000771
старцы 1,389166 0,000306
старчества 1,690196 0,001116
старчество 1,565257 0,000344
старчеством 2,167317 0,000477
старчеству 2,167317 0,000477
стены 0,963197 0,000212
степени 0,389166 0,000171
стихирчик 2,167317 0,000477
стихиры 2,167317 0,000477
столетия 1,264227 0,000278
столпилось 2,167317 0,000954
столь 0,434924 0,001435
столько 0,477121 0,000105
сторону 0,611015 0,000269
стороны 0,185046 0,000041
стоя 0,963197 0,000424
стоявший 1,088136 0,000239
стоял 0,309985 0,000136
странах 2,167317 0,000477
странно 0,354404 0,000156
страха 0,824895 0,000363
страхе 0,991226 0,000218
страхом 0,912045 0,000201
страшно 0,434924 0,000096
стремительным 2,167317 0,000477
строг 1,565257 0,000344
строгим 1,167317 0,000257
строго 0,576253 0,000127
ступенькам 1,468347 0,000323
судил 1,322219 0,000291
судят 1,389166 0,000306
суетливо 1,389166 0,000306
суетная 2,167317 0,000477
суетном 2,167317 0,000477
суету 2,167317 0,000477
суетящимся 2,167317 0,000477
суждение 1,866287 0,000411
суровых 2,167317 0,000477
сутки 1,213075 0,000267
сухое 1,468347 0,000323
сущая 1,690196 0,000372
сущности 0,752344 0,000166
схимников 2,167317 0,000477
схимнику 2,167317 0,000477
схимонаха 2,167317 0,000477
схимы 2,167317 0,000477
счел 1,565257 0,000344
считается 1,389166 0,000306
считала 1,565257 0,000344
считали 1,167317 0,000257
считать 0,720159 0,000158
считают 1,264227 0,000278
сыне 1,468347 0,000323
сюда 0,232819 0,000051
сядет 1,690196 0,000744
сяду 1,322219 0,000291
таившаяся 1,866287 0,000411
таинственно 1,213075 0,000534
таинственным 1,389166 0,000306
таинством 1,866287 0,000411
тайных 1,690196 0,000372
такая 0,309985 0,000068
также 0,000000 0,000000
таки 0,066947 0,000015
такие 0,232819 0,000051
такими 0,690196 0,000152
таковая 1,866287 0,000411
таковое 1,690196 0,000372
таковые 1,565257 0,000344
таковых 1,389166 0,000611
такого 0,243038 0,000160
такое 0,114239 0,000025
такой 0,077412 0,000034
таком 0,309985 0,000136
такою 0,690196 0,000152
твердевшие 2,167317 0,000477
твердо 0,419129 0,000277
твердостью 1,690196 0,000372
твоего 0,787106 0,000173
твоему 0,912045 0,000201
твои 0,787106 0,000520
творя 2,167317 0,000477
тебе 0,203530 0,000090
текст 0,000000 0,000000
тела 1,264227 0,000834
телес 2,167317 0,000954
телеса 1,866287 0,000411
телесное 2,167317 0,000477
тело 1,125925 0,000991
телом 1,053374 0,000232
теперь 0,015029 0,000013
теплою 2,167317 0,000477
теснившейся 2,167317 0,000954
тихие 1,389166 0,000306
тление 1,866287 0,000411
тления 2,167317 0,000954
тлетворного 2,167317 0,000477
тлетворный 1,866287 0,001642
тлетворным 2,167317 0,000477
тогда 0,050046 0,000055
того 0,005949 0,000008
тоже 0,043466 0,000010
толпа 0,991226 0,000218
толпами 1,866287 0,000411
толпе 0,991226 0,000654
толпились 1,690196 0,000372
толпою 2,167317 0,000477
только 0,002964 0,000006
томах 0,000000 0,000000
тому 0,095435 0,000042
торжество 1,565257 0,000344
тотчас 0,046743 0,000134
точилось 1,866287 0,000411
точно 0,121994 0,000054
требнике 2,167317 0,000477
требованием 1,690196 0,000372
трем 1,264227 0,000556
третья 0,486076 0,000214
трех 0,374926 0,000165
труднейшее 2,167317 0,000477
трудно 0,459747 0,000202
туркой 2,167317 0,000477
уважением 1,389166 0,000306
увидав 0,888564 0,000196
увидел 0,648803 0,000143
угла 0,963197 0,000212
углам 1,389166 0,000306
углу 0,599116 0,000132
уготованное 2,167317 0,000477
ударил 0,912045 0,000201
удивление 1,021189 0,000225
удивлением 0,523865 0,000346
удивлялись 1,690196 0,000372
удивляюсь 0,912045 0,000201
удостоил 1,389166 0,000306
ужасались 2,167317 0,000477
ужасе 1,167317 0,000257
ужасно 0,167317 0,000037
узнала 0,805589 0,000177
указание 1,322219 0,000873
указать 1,125925 0,000495
указывали 1,866287 0,000411
указывая 0,963197 0,000212
укорял 1,690196 0,000372
укрепивший 2,167317 0,000477
умах 1,690196 0,000372
умел 0,866287 0,000191
умершим 0,000000 0,000000
умерших 1,866287 0,000411
умиленным 1,690196 0,000372
умилительно 1,468347 0,000323
умилительные 2,167317 0,000477
умирали 1,565257 0,000344
умирая 1,468347 0,000323
умственному 2,167317 0,000477
унимался 1,690196 0,000372
упадка 1,866287 0,000411
упованию 1,866287 0,000411
уповая 1,565257 0,000344
упоминая 1,866287 0,000411
упоминовения 2,167317 0,000477
упомянул 1,053374 0,000695
усиленный 1,866287 0,000411
усиливавшийся 2,167317 0,000477
усилился 1,565257 0,000344
усматривал 1,866287 0,000411
усмехнулся 0,443041 0,000097
усмешки 1,565257 0,000344
усопшего 2,167317 0,004769
усопшем 2,167317 0,000477
усопшему 2,167317 0,000477
усопший 1,866287 0,000411
усопшим 2,167317 0,000477
успокоить 1,264227 0,000278
уста 1,468347 0,000323
устав 2,167317 0,000477
уставом 1,866287 0,000411
уставу 1,866287 0,000411
установившейся 1,866287 0,000411
установившихся 2,167317 0,000477
установление 1,866287 0,000411
установленному 2,167317 0,000477
усугубить 2,167317 0,000477
утерпевшего 2,167317 0,000477
утром 0,411442 0,000091
утру 1,322219 0,000291
уходишь 2,167317 0,000477
ученость 2,167317 0,000477
ученые 1,690196 0,000372
учил 1,322219 0,000582
учиненный 2,167317 0,000477
федор 0,000000 0,000000
ферапонт 1,690196 0,004834
ферапонта 1,866287 0,000821
ферапонтом 1,866287 0,000411
ферапонту 1,866287 0,000411
ходит 0,769377 0,000169
ходить 0,576253 0,000127
хотел 0,158717 0,000105
хотели 0,690196 0,000152
хотя 0,050046 0,000099
хохлаковой 0,787106 0,000173
хочу 0,243038 0,000053
храма 1,565257 0,000689
христос 0,936868 0,000412
хуже 0,635838 0,000140
хулители 2,167317 0,000477
цвет 1,389166 0,000306
цели 0,662167 0,000146
целую 0,735954 0,000162
целый 0,486076 0,000107
церкви 1,088136 0,000239
церковь 0,912045 0,000602
чаем 1,690196 0,000744
часа 0,000000 0,000000
часам 1,213075 0,000534
часов 0,411442 0,000181
часть 0,002964 0,000001
чего 0,040213 0,000053
челе 2,167317 0,000477
человек 0,036984 0,000008
человека 0,154480 0,000034
человеки 1,565257 0,000344
человеков 2,167317 0,000477
человеческий 1,468347 0,000323
черны 2,167317 0,000477
черным 1,389166 0,000306
чертей 1,866287 0,001232
чесо 2,167317 0,000954
честный 1,021189 0,000225
четыре 0,477121 0,000210
чина 1,468347 0,000323
чиновник 0,963197 0,000212
чину 1,690196 0,001116
числе 0,912045 0,000201
число 0,000000 0,000000
чистоте 1,866287 0,000411
читавший 2,167317 0,000477
читаем 0,000000 0,000000
читать 0,000000 0,000000
чреву 2,167317 0,000477
чрез 0,275223 0,000121
чрезвычайно 0,217927 0,000048
чрезвычайною 0,991226 0,000218
чрезвычайным 0,720159 0,000158
чтение 1,389166 0,001223
чтивших 2,167317 0,000477
чтоб 0,073896 0,000033
чтобы 0,030597 0,000013
чудесами 2,167317 0,000477
чудесное 1,690196 0,000372
чудно 1,322219 0,000291
чуть 0,176091 0,000116
чьего 0,000000 0,000000
шагами 0,963197 0,000212
шагов 0,720159 0,000158
шепотом 0,675956 0,000149
шептался 2,167317 0,000477
шумом 1,389166 0,000306
щеке 1,322219 0,000291
этом 0,046743 0,000031
этот 0,011981 0,000003
юноша 1,021189 0,000225
юноши 1,322219 0,000291
юродивого 1,690196 0,000372
юродивому 2,167317 0,000477
юродствуя 2,167317 0,000477
явление 1,690196 0,000372
являлся 1,213075 0,000267
являться 1,322219 0,000291
явно 1,088136 0,000479
явною 1,565257 0,000344
явных 2,167317 0,000477
явственно 1,866287 0,000821
якобы 2,167317 0,000954
ярые 1,866287 0,000411
ясно 0,354404 0,000234
ясный 1,213075 0,000267
