автор 0,000000 0,000000
автором 0,000000 0,000000
авторского 0,000000 0,000000
авторы 0,000000 0,000000
алексей 0,000000 0,000000
алексея 0,000000 0,000000
анекдотик 1,690196 0,000641
барыньке 2,167317 0,000822
бежать 0,769377 0,000292
безмерному 1,690196 0,000641
безмолвно 1,322219 0,000501
безнаказанно 1,690196 0,000641
безусловно 1,866287 0,000708
безучастная 2,167317 0,000822
берут 1,468347 0,000557
беспримерную 2,167317 0,000822
бесчестным 1,690196 0,000641
библиотека 0,000000 0,000000
благоволите 1,866287 0,000708
благоволю 2,167317 0,000822
благодарю 0,824895 0,000313
благоразумным 1,866287 0,000708
благороднейшему 1,690196 0,000641
благороднейшие 1,690196 0,000641
благороднейшим 1,322219 0,000501
благороднейших 1,866287 0,000708
благородные 1,468347 0,000557
близоруких 2,167317 0,000822
бога 0,451314 0,000342
боком 1,565257 0,000594
более 0,000000 0,000000
больной 0,611015 0,000232
больших 0,991226 0,000376
большой 0,495219 0,000188
боюсь 0,504560 0,000191
боялись 1,125925 0,000427
брали 1,866287 0,000708
братья 0,176091 0,000267
брыкливость 2,167317 0,000822
будет 0,077412 0,000029
будто 0,099131 0,000038
буквально 0,805589 0,000305
было 0,000000 0,000000
быстро 0,232819 0,000088
быть 0,002964 0,000004
важно 0,675956 0,000256
важности 1,264227 0,000479
вами 0,232819 0,000353
ваша 0,554533 0,000421
вашего 0,443041 0,000672
вашею 1,053374 0,000399
вашим 0,587534 0,000223
вашими 1,322219 0,000501
ваших 0,554533 0,000210
вашу 0,504560 0,000383
ввиду 1,088136 0,000413
ввязался 1,213075 0,000460
вдруг 0,005949 0,000027
ведем 1,866287 0,000708
ведите 1,866287 0,000708
ведь 0,043466 0,000247
вежливо 0,936868 0,000711
верил 0,752344 0,000285
верить 0,635838 0,000482
вернейшее 1,866287 0,000708
верст 1,125925 0,000427
весь 0,099131 0,000038
весьма 0,243038 0,000184
взаимной 2,167317 0,000822
взаимном 1,866287 0,000708
взаймы 1,167317 0,000443
взбесит 2,167317 0,000822
взгляда 0,662167 0,000251
взглядов 1,167317 0,000443
взял 0,269690 0,000205
взяли 1,021189 0,000775
видеть 0,381987 0,000145
видимо 0,328468 0,000249
видимым 1,125925 0,000427
видите 0,396465 0,001052
видом 0,389166 0,000148
вижу 0,286504 0,000326
визиты 0,000000 0,000000
внезапного 1,322219 0,000501
вникли 2,167317 0,000822
внимание 0,704919 0,000535
внимательно 0,845098 0,000320
вновь 0,720159 0,000819
внутренно 1,322219 0,000501
внушением 1,866287 0,001415
вовсе 0,150284 0,000057
возбудила 1,866287 0,000708
возвращения 1,389166 0,000527
вознаграждения 0,000000 0,000000
волк 2,167317 0,000822
волка 1,866287 0,000708
вообще 0,459747 0,000174
вооружаясь 2,167317 0,000822
вооружились 2,167317 0,000822
вопрос 0,222835 0,000085
вопроса 0,704919 0,000267
вопросами 1,264227 0,001438
вопросом 1,053374 0,000399
вопросы 0,599116 0,000454
воротились 1,565257 0,000594
воротился 0,599116 0,000227
воскликнул 0,309985 0,000118
восклицая 1,468347 0,000557
восторженно 0,936868 0,000355
востренький 1,866287 0,000708
вполне 0,316059 0,000360
впрочем 0,118099 0,000090
врать 1,565257 0,000594
вреда 1,565257 0,000594
времени 0,269690 0,000102
время 0,043466 0,000033
всего 0,040213 0,000030
всеобщий 1,565257 0,000594
вскипел 1,389166 0,000527
вскрикивал 1,690196 0,000641
вскрикнул 0,936868 0,000355
встал 0,403889 0,000153
встали 1,167317 0,000443
встать 1,053374 0,000399
всякий 0,514105 0,000195
всякое 0,912045 0,000692
всяком 0,544068 0,000206
вторгаться 2,167317 0,000822
вторичного 2,167317 0,000822
второе 1,125925 0,000854
вчера 0,341243 0,000129
вчерашнего 0,866287 0,000657
вызовом 1,053374 0,000399
выйдет 0,587534 0,000668
выйдя 0,963197 0,000365
вылетело 1,468347 0,000557
вымогать 2,167317 0,000822
вынул 0,599116 0,000227
выплаты 0,000000 0,000000
выразили 1,690196 0,000641
вырвалось 0,704919 0,000535
выслушанию 2,167317 0,000822
выставляет 1,866287 0,000708
высшего 0,991226 0,000376
высшей 0,544068 0,000206
выходкой 1,690196 0,000641
выходя 0,936868 0,000355
вышло 0,523865 0,000199
гамазня 2,167317 0,000822
главное 0,189594 0,000072
глаз 0,554533 0,000210
глазах 0,459747 0,000174
глазком 1,690196 0,000641
глуп 1,021189 0,000387
глупости 0,912045 0,000346
гнева 0,912045 0,000346
говорил 0,095435 0,000072
говорить 0,162996 0,000062
голове 0,554533 0,000210
головке 1,322219 0,000501
голову 0,227798 0,000086
головы 0,787106 0,000298
голосе 0,963197 0,000365
гонится 2,167317 0,001644
город 0,523865 0,000596
города 0,704919 0,000267
горячо 0,544068 0,000206
господа 0,389166 0,004427
государь 1,053374 0,000399
готовностью 1,322219 0,000501
григория 0,845098 0,000320
громко 0,504560 0,000191
гроша 1,389166 0,000527
грустно 0,735954 0,000279
грушенька 0,675956 0,000256
грушенькой 1,088136 0,000825
давно 0,158717 0,000060
даже 0,005949 0,000018
дайте 0,735954 0,000279
далее 0,648803 0,000246
дали 0,635838 0,000241
дальше 0,002964 0,000002
данные 0,000000 0,000000
дать 0,623249 0,000236
дверь 0,367977 0,000140
движение 1,264227 0,000479
движения 0,912045 0,000346
двора 0,912045 0,000346
дворянством 2,167317 0,000822
девятая 1,167317 0,000885
действительно 0,106619 0,000040
действительной 1,468347 0,000557
дела 0,309985 0,000470
делаете 1,167317 0,000443
делах 0,963197 0,000365
деле 0,162996 0,000124
дело 0,063514 0,000193
делу 0,468347 0,000178
денег 0,309985 0,000470
дерзость 1,468347 0,000557
дескать 0,419129 0,000159
десяти 0,704919 0,000267
десять 0,374926 0,000142
диване 0,845098 0,000320
дмитрий 0,468347 0,000533
дней 0,514105 0,000195
добреть 2,167317 0,000822
добродушием 2,167317 0,000822
добродушно 1,866287 0,000708
добродушною 1,866287 0,000708
доброту 1,690196 0,000641
добрыми 1,565257 0,000594
добыть 1,565257 0,000594
довел 1,322219 0,000501
доверенности 1,565257 0,000594
доверии 2,167317 0,000822
довольно 0,129891 0,000099
довольны 1,213075 0,000460
догадывался 1,565257 0,000594
докончу 2,167317 0,000822
долг 0,888564 0,001011
дольше 1,322219 0,000501
доме 0,322219 0,000122
допроса 1,322219 0,000501
доро 2,167317 0,000822
дороги 0,704919 0,000535
дорогу 0,599116 0,000227
досада 1,468347 0,000557
досаде 1,088136 0,000413
достать 0,936868 0,000355
достоевский 0,000000 0,000000
достоинство 1,322219 0,000501
достойную 2,167317 0,000822
достояние 0,000000 0,000000
дошло 1,021189 0,000387
другое 0,309985 0,000118
другой 0,146128 0,000055
дружески 0,991226 0,000376
друзей 0,991226 0,000376
думаете 0,504560 0,000191
думайте 1,565257 0,000594
думу 2,167317 0,000822
дурное 1,264227 0,000479
души 0,523865 0,000397
душу 0,451314 0,000342
единственный 0,991226 0,000376
единственным 1,322219 0,000501
ездил 0,866287 0,000657
ездили 1,866287 0,000708
если 0,011981 0,000045
есть 0,018098 0,000034
желает 1,021189 0,000387
желающего 1,866287 0,000708
желая 0,662167 0,000251
женщин 0,888564 0,000337
жизни 0,222835 0,000169
жизнь 0,162996 0,000185
забормотал 1,468347 0,000557
забыли 1,088136 0,000413
завелся 1,468347 0,000557
зависит 1,021189 0,000387
заговорил 0,599116 0,000227
задах 1,565257 0,000594
заклад 0,845098 0,000320
заключил 0,523865 0,000199
закончу 1,866287 0,000708
заложил 1,264227 0,001438
заметил 0,154480 0,000059
заметили 0,611015 0,000232
замечу 1,088136 0,000413
занимать 1,866287 0,000708
записали 1,565257 0,001781
записать 1,690196 0,003205
записывайте 1,866287 0,000708
записывали 1,866287 0,000708
записывать 1,468347 0,000557
запишете 2,167317 0,000822
запиши 1,565257 0,000594
зарезать 1,565257 0,001187
засиявшим 2,167317 0,000822
затем 0,237898 0,000180
зато 0,468347 0,000178
захватил 0,936868 0,000355
зачем 0,146128 0,000111
здешнему 2,167317 0,000822
зиждется 2,167317 0,000822
злобно 0,599116 0,000227
злобы 0,824895 0,000313
знает 0,171682 0,000130
знаете 0,286504 0,000109
знаком 0,936868 0,000711
знали 0,426955 0,000324
знаю 0,095435 0,000072
зорко 1,565257 0,000594
избе 1,088136 0,000413
известная 1,565257 0,000594
известно 0,334808 0,000254
извинительно 2,167317 0,001644
извинить 1,565257 0,000594
извольте 0,963197 0,000365
излияниями 1,866287 0,000708
изложу 1,866287 0,000708
изменял 2,167317 0,000822
ильича 1,468347 0,000557
имеем 1,264227 0,000479
имеете 1,053374 0,000799
имели 1,088136 0,000413
именно 0,066947 0,000203
иногда 0,208276 0,000237
интимнейшие 2,167317 0,000822
ипполит 0,675956 0,000256
ипполита 0,888564 0,000337
ипполиту 1,053374 0,000399
искренно 0,523865 0,000397
исполненного 1,866287 0,000708
использоваться 0,000000 0,000000
исступленною 1,866287 0,000708
истину 1,125925 0,000427
историю 0,845098 0,000320
источник 0,000000 0,000000
истязуемому 2,167317 0,000822
ищет 0,963197 0,000365
каждым 0,769377 0,000292
казенщина 1,866287 0,000708
казенщине 2,167317 0,000822
казнь 1,322219 0,000501
какое 0,227798 0,000086
какою 0,599116 0,000227
какую 0,419129 0,000318
карамазов 0,587534 0,000223
карамазовы 0,180546 0,000274
кипела 1,866287 0,000708
кипятился 1,866287 0,000708
кириллович 1,088136 0,000413
кирилловича 1,389166 0,000527
кирилловичу 1,866287 0,000708
клянусь 0,635838 0,000241
книга 0,176091 0,000134
книги 0,000000 0,000000
когда 0,015029 0,000028
кого 0,222835 0,000254
комаров 0,000000 0,000000
кому 0,341243 0,000259
кондратьевны 1,565257 0,000594
конечно 0,060107 0,000023
констатировать 2,167317 0,000822
которого 0,198834 0,000151
которой 0,213075 0,000081
которому 0,468347 0,000178
которые 0,189594 0,000288
который 0,110412 0,000084
которым 0,389166 0,000148
которых 0,426955 0,000162
криво 1,322219 0,000501
крикнул 0,381987 0,000145
кричу 1,167317 0,000443
крючкотворные 2,167317 0,000822
куда 0,248239 0,000282
купчине 2,167317 0,000822
лежавший 1,690196 0,000641
лету 1,389166 0,000527
либо 0,000000 0,000000
литература 0,000000 0,000000
лице 0,403889 0,000306
лицо 0,114239 0,000043
лицом 0,000000 0,000000
личного 1,125925 0,000427
лишения 2,167317 0,001644
ломать 1,468347 0,000557
лучших 1,322219 0,000501
лыко 1,866287 0,000708
любопытные 1,565257 0,000594
любопытный 1,264227 0,000479
любым 0,000000 0,000000
людей 0,298086 0,000113
люди 0,269690 0,000205
людям 0,720159 0,000273
лягавому 1,565257 0,000594
малейшего 0,720159 0,000819
малейшей 1,021189 0,000775
мало 0,208276 0,000079
мальчик 0,495219 0,000188
мальчика 0,648803 0,000246
марьи 1,322219 0,000501
медный 1,167317 0,000443
мелочи 1,565257 0,001781
мелочными 2,167317 0,000822
мелькнуло 0,805589 0,000305
меня 0,027438 0,000104
мере 0,269690 0,000102
мерещится 1,389166 0,000527
месте 0,286504 0,000109
мешало 1,866287 0,000708
мигом 0,504560 0,000191
мизерного 2,167317 0,000822
милостивый 1,088136 0,000413
минуте 1,468347 0,000557
минуту 0,084532 0,000096
мире 0,704919 0,000267
мите 0,735954 0,000837
мити 0,611015 0,000232
митька 1,389166 0,000527
митьке 2,167317 0,000822
митю 0,623249 0,000236
митя 0,587534 0,002674
много 0,080958 0,000031
мной 0,237898 0,000180
могли 0,374926 0,000142
моего 0,367977 0,000279
моей 0,280827 0,000213
может 0,000000 0,000000
можете 0,504560 0,000383
можно 0,088136 0,000033
моим 0,675956 0,000256
моих 0,554533 0,000210
молоденький 1,468347 0,000557
молча 0,367977 0,000140
молчи 0,912045 0,001038
момента 0,000000 0,000000
мрачно 0,866287 0,001314
мужиков 1,213075 0,000460
муки 0,991226 0,000376
мытарствам 1,565257 0,000594
мытарство 1,468347 0,002227
мягко 1,167317 0,000443
наблюдательный 1,866287 0,000708
наблюдать 1,125925 0,000427
наблюсти 2,167317 0,000822
навсегда 0,735954 0,000279
навыкате 1,866287 0,000708
надеется 1,264227 0,000479
надо 0,036984 0,000042
надул 1,322219 0,000501
надули 1,866287 0,000708
назад 0,000000 0,000000
название 0,000000 0,000000
найти 0,000000 0,000000
накануне 0,662167 0,000251
наконец 0,073896 0,000112
накрывай 2,167317 0,000822
намерениями 1,866287 0,000708
напился 1,690196 0,000641
написано 0,000000 0,000000
наплевать 1,167317 0,000443
напомнить 1,468347 0,000557
напрасно 0,805589 0,001222
например 0,298086 0,000113
напротив 0,180546 0,000068
нарочно 0,227798 0,000086
насладиться 2,167317 0,000822
настоящее 0,963197 0,000365
настоящую 1,021189 0,000387
настроения 1,389166 0,000527
насчет 0,354404 0,000269
наука 0,000000 0,000000
начал 0,137934 0,000262
начала 0,381987 0,000290
начали 0,735954 0,000837
начать 0,720159 0,000273
начинай 1,468347 0,000557
наше 0,662167 0,000251
нашего 0,396465 0,000150
нашей 0,599116 0,000454
нашему 0,888564 0,000337
нашли 0,805589 0,000305
небось 0,912045 0,000346
невозможно 0,411442 0,000156
него 0,000000 0,000000
негодованию 1,690196 0,000641
недавний 1,468347 0,000557
некогда 0,912045 0,000346
нельзя 0,176091 0,000200
необходимо 0,963197 0,000731
необыкновенное 0,912045 0,000346
необычайный 1,468347 0,000557
неприлично 0,824895 0,000313
неровня 2,167317 0,000822
несколько 0,102859 0,000117
нетерпеливо 0,936868 0,000355
нетерпеливою 1,690196 0,000641
нибудь 0,030597 0,000058
никакого 0,403889 0,000153
никакой 0,635838 0,000241
николай 0,845098 0,003205
николая 1,088136 0,000825
ничего 0,030597 0,000012
ничтожного 1,690196 0,000641
новоприбывший 2,167317 0,000822
ноткой 1,690196 0,000641
ночь 0,248239 0,000094
ночью 0,587534 0,000446
нужным 0,936868 0,000355
обернувшись 1,690196 0,000641
обеспечение 1,565257 0,000594
обидно 1,053374 0,000799
обижен 1,322219 0,000501
обиженного 1,690196 0,000641
обиженный 1,690196 0,000641
облегчив 1,866287 0,000708
облокотился 1,213075 0,000460
обманула 1,866287 0,000708
ободряете 2,167317 0,000822
обокрал 1,690196 0,000641
оборвал 1,264227 0,000479
обошлось 1,565257 0,000594
образования 1,264227 0,000479
образованных 1,866287 0,000708
образом 0,347773 0,000132
обратился 0,443041 0,000168
обратно 0,675956 0,000256
обращаясь 0,675956 0,000256
обстоятельно 1,565257 0,000594
обстоятельства 0,912045 0,000346
обстоятельство 0,787106 0,000298
обширно 2,167317 0,000822
общественное 0,000000 0,000000
объявить 1,021189 0,000387
объяснимся 1,866287 0,000708
оглупел 2,167317 0,000822
один 0,046743 0,000053
однако 0,102859 0,000117
одобрил 1,565257 0,000594
одобрительно 1,866287 0,000708
одобряете 2,167317 0,000822
одолжение 0,936868 0,000711
оживленным 2,167317 0,000822
оказался 0,824895 0,000313
около 0,443041 0,000168
опасался 1,690196 0,000641
описав 1,690196 0,001282
описания 2,167317 0,000822
описывать 1,565257 0,000594
оправдать 1,088136 0,000413
опубликовано 0,000000 0,000000
опять 0,027438 0,000052
ораторский 2,167317 0,000822
орудием 2,167317 0,000822
оружие 1,167317 0,000443
осведомился 0,888564 0,000337
особенно 0,129891 0,000099
особенной 1,264227 0,000479
особенным 0,912045 0,000346
особый 1,690196 0,000641
останавливали 1,690196 0,000641
остановил 0,991226 0,000752
остановили 1,565257 0,000594
острить 1,690196 0,000641
осуждал 2,167317 0,000822
отвели 1,690196 0,000641
ответ 0,533849 0,000202
ответил 0,237898 0,000090
ответы 1,690196 0,000641
отвечать 0,824895 0,000626
отдать 0,752344 0,000856
откажусь 2,167317 0,000822
отказываюсь 1,322219 0,000501
отказываясь 1,866287 0,000708
отлично 0,805589 0,000305
отлучались 2,167317 0,000822
отметили 1,866287 0,000708
относится 1,690196 0,001282
отозвался 1,088136 0,000413
отрезвел 2,167317 0,000822
отрезвился 2,167317 0,000822
отца 0,222835 0,000085
отцу 0,565257 0,000214
отчаяние 1,053374 0,000399
оформление 0,000000 0,000000
охотники 1,866287 0,000708
оценил 1,468347 0,000557
очень 0,024303 0,000028
очередь 0,805589 0,000305
очки 1,468347 0,000557
ошеломляющим 2,167317 0,000822
павловича 0,451314 0,000342
памяти 0,752344 0,000285
парфенович 1,213075 0,004600
парфеновича 1,322219 0,001003
первое 0,565257 0,000214
первоначально 1,389166 0,000527
перебивайте 1,565257 0,000594
перебил 0,635838 0,000241
переглянулись 1,213075 0,000460
перейдем 1,866287 0,000708
перейдя 1,565257 0,000594
перейти 1,322219 0,000501
переносил 1,866287 0,000708
пересиливал 2,167317 0,000822
пересиливая 2,167317 0,001644
перестану 1,866287 0,000708
перешло 0,000000 0,000000
перхотина 1,213075 0,000460
пестик 1,167317 0,002213
петербурге 0,690196 0,000262
петра 1,167317 0,000443
писарю 1,866287 0,000708
пистолетов 1,866287 0,000708
пишите 1,468347 0,000557
плевое 2,167317 0,000822
плюнул 1,213075 0,000460
побежал 0,623249 0,000945
поверил 0,787106 0,000298
поверите 1,264227 0,000479
поверьте 0,866287 0,000329
повествовать 2,167317 0,000822
повесть 1,468347 0,000557
повторяется 1,690196 0,000641
погладите 2,167317 0,000822
подборка 0,000000 0,000000
подле 0,419129 0,000159
подмига 2,167317 0,000822
подобное 1,213075 0,000460
подобной 1,565257 0,000594
подобном 2,167317 0,000822
подобными 1,866287 0,000708
подождал 1,264227 0,000479
подозреваемое 2,167317 0,000822
подпер 2,167317 0,000822
подробно 1,053374 0,000399
подробности 0,648803 0,000492
подсудимому 1,167317 0,000443
подтверждения 1,690196 0,000641
подумал 0,334808 0,000127
подходящий 2,167317 0,000822
подчинялся 1,866287 0,000708
поехал 1,167317 0,000443
поехали 1,389166 0,000527
позволили 1,322219 0,000501
позвольте 0,523865 0,001192
позволю 1,053374 0,000399
позор 0,824895 0,000626
поймете 1,389166 0,000527
пока 0,213075 0,000323
показал 0,769377 0,000292
показание 0,912045 0,000692
показаний 1,213075 0,000460
покраснев 1,125925 0,000427
полгода 0,963197 0,000365
полное 0,845098 0,000320
полную 1,053374 0,000399
положение 0,866287 0,000329
положительно 0,805589 0,000305
полуночи 1,690196 0,000641
полуслова 2,167317 0,000822
полюбил 0,888564 0,000337
помалу 0,675956 0,000256
помилуйте 0,824895 0,000313
понадобилась 1,690196 0,001923
понимаем 1,213075 0,000460
понимал 0,554533 0,000210
понимаю 0,381987 0,000724
понял 0,396465 0,000150
поприща 1,690196 0,000641
портфель 2,167317 0,000822
поручено 1,690196 0,000641
порывам 1,866287 0,000708
порывом 1,322219 0,000501
посетителей 0,000000 0,000000
посетители 0,000000 0,000000
поскорей 0,769377 0,000292
последней 0,623249 0,000236
последую 1,866287 0,000708
посмертно 0,000000 0,000000
посмотрел 0,459747 0,000174
посмотреть 0,704919 0,000267
потому 0,024303 0,000046
потребуется 1,690196 0,000641
поумнел 1,690196 0,000641
поутру 0,845098 0,000320
похоже 0,845098 0,000320
почему 0,099131 0,000150
почти 0,024303 0,000037
почтительность 1,389166 0,000527
почувствовал 0,623249 0,000236
пошел 0,275223 0,000313
прав 0,769377 0,000584
права 0,554533 0,000421
правда 0,162996 0,000124
правдивым 1,866287 0,000708
правило 1,468347 0,000557
право 0,361137 0,000274
пред 0,033778 0,000038
предлагаемые 2,167317 0,000822
предложил 0,888564 0,000337
предмет 0,936868 0,000355
предмете 1,565257 0,000594
предоставьте 2,167317 0,000822
представить 0,576253 0,000219
представляем 2,167317 0,000822
предстоящего 1,565257 0,000594
предупредить 1,167317 0,000443
прежде 0,077412 0,000059
прекрасно 0,735954 0,000558
прервать 1,690196 0,000641
преступник 1,053374 0,000399
преступника 1,021189 0,000387
преступнику 1,389166 0,000527
привел 0,991226 0,000376
приводить 1,565257 0,000594
приехали 0,963197 0,000365
прижизненно 0,000000 0,000000
принцип 1,866287 0,001415
приспичило 2,167317 0,001644
пристально 0,389166 0,000295
присудят 2,167317 0,000822
притворяется 1,866287 0,000708
причине 1,322219 0,000501
приятеля 1,389166 0,000527
проведенную 2,167317 0,000822
проговорил 0,154480 0,000351
программирование 0,000000 0,000000
продажа 2,167317 0,000822
продолжать 0,690196 0,000785
продолжая 1,021189 0,000387
произведение 0,000000 0,000000
произведений 0,000000 0,000000
произведения 0,000000 0,000000
производите 2,167317 0,000822
прокурор 0,888564 0,004044
прокурора 0,912045 0,000692
прокурору 1,264227 0,001438
промучить 2,167317 0,000822
просидит 1,866287 0,000708
простите 0,648803 0,000246
просто 0,232819 0,000088
просьбой 1,167317 0,000443
просьбы 1,322219 0,000501
проч 0,662167 0,000251
прочь 0,866287 0,000329
прошло 0,000000 0,000000
прошу 0,599116 0,000454
прощаете 1,690196 0,000641
прячусь 1,866287 0,001415
психологический 1,690196 0,000641
публикации 0,000000 0,000000
пункт 1,264227 0,000479
пусть 0,253503 0,000096
пустяками 1,468347 0,000557
пустяки 1,213075 0,000460
путешествие 1,866287 0,000708
пьян 0,824895 0,000626
пяти 0,662167 0,000251
развеселился 1,866287 0,000708
разглядывал 1,468347 0,000557
раздражаете 2,167317 0,000822
раздражении 1,264227 0,000479
раздражения 1,468347 0,000557
различие 2,167317 0,000822
разницу 1,565257 0,000594
разрешения 0,000000 0,000000
разучитесь 2,167317 0,000822
разъяснить 0,936868 0,000355
раскрыв 1,468347 0,000557
рассказ 0,866287 0,000657
рассказа 0,845098 0,000641
рассказав 1,565257 0,000594
рассказал 0,587534 0,000668
рассказать 0,623249 0,000945
рассказе 1,389166 0,000527
рассказу 1,322219 0,000501
рассказчик 1,866287 0,000708
рассказывал 0,554533 0,000210
рассказывать 0,704919 0,000267
рассмеялся 0,805589 0,000305
реализм 1,322219 0,001003
ревнивые 2,167317 0,000822
ревности 1,088136 0,000825
ропщите 2,167317 0,000822
рублей 0,367977 0,000419
рублях 1,565257 0,000594
рукой 0,486076 0,000184
руку 0,222835 0,000085
русская 0,000000 0,000000
сайте 0,000000 0,000000
сама 0,208276 0,000079
сами 0,142011 0,000162
самих 1,264227 0,000479
самого 0,118099 0,000269
самом 0,114239 0,000087
самому 0,426955 0,000162
самсонов 1,468347 0,001114
самсонова 1,213075 0,000460
самсонову 1,264227 0,000479
самый 0,198834 0,000075
самыми 1,053374 0,000399
сбивать 2,167317 0,000822
сбить 1,565257 0,000594
сведения 1,021189 0,000387
светло 1,167317 0,000443
светских 1,322219 0,000501
свободно 0,000000 0,000000
свое 0,150284 0,000057
своего 0,091770 0,000104
своей 0,066947 0,000051
свои 0,146128 0,000111
свой 0,189594 0,000144
свою 0,073896 0,000056
связанных 1,866287 0,000708
сговориться 1,565257 0,000594
сделайте 0,824895 0,000626
себе 0,033778 0,000026
себя 0,005949 0,000005
сего 0,611015 0,000232
сегодня 0,000000 0,000000
сейчас 0,070407 0,000160
семидесяти 0,000000 0,000000
сердился 1,322219 0,000501
сердитесь 0,936868 0,000355
сердце 0,171682 0,000065
сердцем 0,675956 0,000256
сержусь 1,213075 0,000460
серых 1,866287 0,000708
сидел 0,322219 0,000122
сижу 0,824895 0,000626
сильно 0,292256 0,000111
систематического 2,167317 0,000822
скажет 0,587534 0,000223
скажу 0,275223 0,000417
сказал 0,099131 0,000075
сказала 0,486076 0,000184
сказать 0,073896 0,000140
сконфуженный 1,468347 0,000557
скорей 0,845098 0,000320
скрепился 1,866287 0,000708
скрыл 1,565257 0,000594
скушали 2,167317 0,000822
следователь 1,213075 0,001380
следователю 1,565257 0,000594
следователя 1,389166 0,001054
слишком 0,133894 0,000152
слова 0,129891 0,000049
словечка 1,322219 0,000501
словом 0,367977 0,000140
службе 1,053374 0,000399
служил 1,021189 0,000387
случае 0,248239 0,000282
случай 0,443041 0,000168
случаях 0,599116 0,000227
слушал 0,576253 0,000219
слушали 1,021189 0,000387
слушаю 1,167317 0,000443
слышал 0,389166 0,000148
смел 0,991226 0,000376
смело 1,389166 0,000527
смердяков 0,587534 0,000223
смертную 1,389166 0,000527
смеялся 0,576253 0,000437
смеяться 0,587534 0,000223
смирительный 1,866287 0,000708
смиряйся 2,167317 0,001644
смотрел 0,298086 0,000113
смотря 0,322219 0,000122
смутила 2,167317 0,000822
смысле 0,752344 0,000285
снится 1,565257 0,000594
снял 0,963197 0,000365
собак 1,690196 0,000641
собой 0,253503 0,000096
собрание 0,000000 0,000000
собственное 0,888564 0,000337
собьюсь 1,866287 0,000708
совершенные 1,866287 0,000708
советам 1,866287 0,000708
совсем 0,021189 0,000008
согласился 0,735954 0,000279
согласитесь 0,845098 0,000320
согласия 0,000000 0,000000
сомнения 0,523865 0,000199
соображения 1,565257 0,000594
сообщения 1,565257 0,000594
сорок 0,845098 0,000320
состоит 1,088136 0,000413
сотоварища 2,167317 0,000822
сотрясения 1,565257 0,000594
сочинений 0,000000 0,000000
сошелся 1,213075 0,000460
сошлись 1,021189 0,000387
сперва 0,735954 0,000279
спода 2,167317 0,000822
спохватился 1,167317 0,000443
справедливо 0,805589 0,000305
спросили 1,213075 0,000460
спрятался 1,322219 0,000501
спуская 1,468347 0,000557
сравнение 1,565257 0,000594
сравнительно 1,088136 0,000413
стал 0,125925 0,000143
стали 0,322219 0,000122
стало 0,091770 0,000104
станем 1,264227 0,000479
становилось 0,963197 0,000365
становиться 1,690196 0,000641
старика 0,587534 0,000223
старикам 2,167317 0,000822
старшего 1,468347 0,000557
стену 1,125925 0,000427
степени 0,389166 0,000295
степень 1,088136 0,000413
стихом 2,167317 0,000822
стол 0,486076 0,000184
столом 0,735954 0,000279
столько 0,477121 0,000362
стороны 0,185046 0,000070
стоят 0,912045 0,000346
страхом 0,912045 0,000346
строгим 1,167317 0,000443
строгость 1,866287 0,000708
строку 1,866287 0,000708
ступил 1,167317 0,001771
стыд 0,912045 0,000346
стыднее 1,866287 0,001415
стыдно 0,504560 0,000191
стыдясь 1,389166 0,000527
суду 1,167317 0,000443
сумма 1,088136 0,000825
сухо 0,991226 0,000376
суховато 2,167317 0,000822
существенно 1,565257 0,000594
существенного 1,866287 0,000708
существенному 1,866287 0,000708
существенны 2,167317 0,000822
сущности 0,752344 0,000285
схватил 0,533849 0,000607
схватывал 1,866287 0,000708
считаете 1,264227 0,000479
считать 0,720159 0,000273
считаю 0,845098 0,000320
съел 1,322219 0,000501
сюда 0,232819 0,000088
такая 0,309985 0,000235
также 0,000000 0,000000
таки 0,066947 0,000076
такие 0,232819 0,000177
таким 0,243038 0,000276
такими 0,690196 0,000523
таких 0,243038 0,000092
такое 0,114239 0,000043
такой 0,077412 0,000059
талант 1,322219 0,000501
текст 0,000000 0,000000
темнота 2,167317 0,000822
темноте 0,912045 0,000346
темноты 2,167317 0,000822
теперешнему 1,866287 0,000708
теперешнюю 1,389166 0,000527
теперь 0,015029 0,000051
терпи 2,167317 0,001644
тогда 0,050046 0,000095
того 0,005949 0,000011
тоже 0,043466 0,000049
толку 0,912045 0,000346
только 0,002964 0,000009
томах 0,000000 0,000000
тому 0,095435 0,000036
тотчас 0,046743 0,000035
точки 0,912045 0,000346
травите 2,167317 0,000822
третье 1,125925 0,000427
третьеводнишнего 2,167317 0,000822
третьего 0,662167 0,000502
третья 0,486076 0,000369
трех 0,374926 0,000142
трое 0,824895 0,000313
трудом 0,991226 0,000376
тщательно 1,322219 0,000501
тысячи 0,426955 0,000648
тьфу 1,213075 0,000460
убил 0,523865 0,000397
убить 0,599116 0,000227
уважение 1,021189 0,000387
угарной 2,167317 0,000822
угрюмым 1,468347 0,000557
ударом 1,468347 0,000557
удивительным 1,866287 0,000708
удовольствием 0,704919 0,000267
ужасно 0,167317 0,000127
узнал 0,381987 0,000145
узнать 0,374926 0,000284
указание 1,322219 0,000501
уклоняетесь 1,866287 0,000708
умен 1,389166 0,000527
умершим 0,000000 0,000000
умному 1,389166 0,000527
унижения 1,468347 0,000557
унизительно 1,468347 0,000557
упишешь 2,167317 0,000822
упомянуть 1,264227 0,000479
употребим 2,167317 0,000822
упрячете 2,167317 0,000822
упустить 1,468347 0,000557
условиться 1,866287 0,000708
усмехнулся 0,443041 0,000504
успели 0,912045 0,000346
уставясь 1,866287 0,000708
устремленных 2,167317 0,000822
усыпив 2,167317 0,000822
усыпляйте 2,167317 0,000822
утра 0,576253 0,000437
утром 0,411442 0,000156
ушла 0,991226 0,000376
факт 0,675956 0,000256
фактик 1,866287 0,000708
факты 0,991226 0,000376
фамильярностью 1,866287 0,000708
федор 0,000000 0,000000
федора 0,554533 0,000421
федорович 0,253503 0,000288
феню 1,565257 0,000594
франц 0,635838 0,000241
хитрость 1,690196 0,000641
хитростями 2,167317 0,000822
хождение 1,468347 0,000557
хотел 0,158717 0,000301
хотелось 0,381987 0,000145
хотите 0,419129 0,000318
хоть 0,060107 0,000068
хотя 0,050046 0,000057
хохлаковой 0,787106 0,000597
цели 0,662167 0,000502
целом 0,866287 0,000329
цель 0,769377 0,000584
ценю 1,468347 0,000557
часа 0,000000 0,000000
часов 0,411442 0,000312
частная 1,866287 0,001415
частную 2,167317 0,000822
часто 0,292256 0,000111
часть 0,002964 0,000002
чего 0,040213 0,000076
человек 0,036984 0,000014
человека 0,154480 0,000059
человеком 0,504560 0,000191
человеку 0,459747 0,000349
черт 0,477121 0,000724
черточки 1,389166 0,001054
чести 0,735954 0,000558
честью 1,389166 0,000527
число 0,000000 0,000000
читаем 0,000000 0,000000
читателю 1,264227 0,000479
читать 0,000000 0,000000
чрезвычайно 0,217927 0,000083
чрезвычайное 0,735954 0,000279
чтоб 0,073896 0,000056
чтобы 0,030597 0,000093
чувства 0,495219 0,000188
чувство 0,611015 0,000232
чувствую 0,787106 0,000298
чьего 0,000000 0,000000
шесть 0,611015 0,000232
шкап 1,565257 0,000594
эдак 2,167317 0,000822
экспансивного 2,167317 0,000822
эпилог 1,690196 0,000641
этой 0,118099 0,000134
этом 0,046743 0,000018
этому 0,322219 0,000122
этот 0,011981 0,000023
этою 0,599116 0,000227
