автор 0,000000 0,000000
автором 0,000000 0,000000
авторского 0,000000 0,000000
авторы 0,000000 0,000000
алексей 0,000000 0,000000
алексея 0,000000 0,000000
алеша 0,381987 0,002562
алеше 0,523865 0,000370
алеши 0,544068 0,000384
алешка 1,088136 0,000384
алешу 0,565257 0,000200
безмятежным 1,866287 0,000659
безыскусствен 2,167317 0,000765
беседы 1,565257 0,000553
беспредельность 2,167317 0,000765
бесчестие 1,866287 0,001318
бесчестием 2,167317 0,000765
бесчестить 1,866287 0,000659
библиотека 0,000000 0,000000
благословение 1,389166 0,000490
благословив 1,866287 0,000659
благословил 1,213075 0,000428
благословлял 1,389166 0,000490
бога 0,451314 0,000159
богородицы 1,690196 0,000597
богу 0,434924 0,000154
боже 0,459747 0,000162
более 0,000000 0,000000
болезненном 1,264227 0,000446
болтать 1,468347 0,000518
больше 0,137934 0,000292
бормотал 0,720159 0,000254
брат 0,303994 0,000751
братией 2,167317 0,000765
братии 1,690196 0,003580
братишка 1,866287 0,000659
братия 1,690196 0,000597
братом 0,769377 0,000272
братских 2,167317 0,000765
братья 0,176091 0,000249
бред 1,053374 0,000744
бредишь 1,565257 0,000553
бременить 2,167317 0,000765
брови 1,125925 0,000397
бросила 1,053374 0,000372
бросилась 0,648803 0,000229
бросился 0,451314 0,000159
брошусь 1,866287 0,000659
будете 0,769377 0,000272
будить 1,468347 0,000518
будто 0,099131 0,000035
буду 0,208276 0,000147
будь 0,720159 0,000254
буквально 0,805589 0,000284
бумага 1,167317 0,000412
бунтующих 2,167317 0,000765
бурных 2,167317 0,000765
были 0,099131 0,000035
было 0,000000 0,000000
быстро 0,232819 0,000082
быстротой 1,264227 0,000446
быть 0,002964 0,000012
вами 0,232819 0,000082
вашими 1,322219 0,000467
ваших 0,554533 0,000196
вводят 2,167317 0,000765
вдруг 0,005949 0,000032
ведь 0,043466 0,000107
вела 1,866287 0,000659
великодушной 1,866287 0,000659
великую 1,167317 0,000412
веревку 1,866287 0,000659
верила 1,264227 0,000446
версты 1,565257 0,000553
веря 1,213075 0,000428
веселие 1,866287 0,000659
веселого 1,322219 0,000467
веси 2,167317 0,000765
весь 0,099131 0,000070
весьма 0,243038 0,000172
ветер 1,167317 0,000412
вечерней 2,167317 0,000765
вечернюю 2,167317 0,000765
вечеру 0,936868 0,000331
взаправду 1,322219 0,000933
взгляд 0,396465 0,000140
взгляну 2,167317 0,000765
вздор 0,599116 0,000211
вздрогнувший 2,167317 0,000765
вздрогнул 0,565257 0,000200
взяла 0,824895 0,000291
видеться 1,565257 0,001105
видите 0,396465 0,000140
видишь 0,599116 0,000634
видом 0,389166 0,000137
вижу 0,286504 0,000303
визиты 0,000000 0,000000
вини 1,866287 0,000659
виноват 0,523865 0,000185
висело 1,866287 0,000659
вложил 1,565257 0,000553
влюбилась 1,866287 0,000659
вместе 0,208276 0,000147
вместо 0,411442 0,000145
внимание 0,704919 0,000249
внимания 0,845098 0,000298
вовсе 0,150284 0,000053
возвратишься 1,866287 0,000659
возложенное 1,866287 0,000659
вознаграждения 0,000000 0,000000
войдете 1,690196 0,001193
вольного 2,167317 0,000765
вообразить 0,963197 0,000340
воротился 0,599116 0,000211
воротить 1,468347 0,000518
воротясь 1,389166 0,000490
воскликнул 0,309985 0,000109
восставали 2,167317 0,000765
восторг 0,888564 0,000627
восторге 0,824895 0,000582
вошел 0,403889 0,000428
вперед 0,426955 0,000151
впереди 0,912045 0,000322
впускали 1,866287 0,000659
времени 0,269690 0,000190
время 0,043466 0,000046
всегда 0,129891 0,000092
всего 0,040213 0,000043
всей 0,248239 0,000088
всем 0,070407 0,000025
всех 0,060107 0,000127
вскричал 0,292256 0,000103
вскрыл 2,167317 0,000765
вслед 0,523865 0,000185
вслух 0,533849 0,000188
вспоминал 0,963197 0,000680
встретясь 2,167317 0,000765
вступил 0,912045 0,000322
всякий 0,514105 0,000181
вторая 0,514105 0,000181
выделанно 1,866287 0,000659
выздороветь 1,866287 0,000659
выздоровлю 2,167317 0,000765
вызов 1,264227 0,000893
выйдет 0,587534 0,000207
выйдете 1,565257 0,000553
выкрикивал 1,322219 0,000467
выплаты 0,000000 0,000000
высказалась 1,389166 0,000490
выставляли 2,167317 0,000765
выходил 0,963197 0,000340
выше 0,720159 0,000254
вышел 0,275223 0,000097
генеральши 1,468347 0,000518
гибель 1,264227 0,000446
главные 1,264227 0,000893
глаза 0,129891 0,000092
глупая 1,264227 0,000446
глядел 0,554533 0,000196
глядите 1,468347 0,000518
глядя 0,611015 0,000216
гневное 2,167317 0,000765
говори 0,769377 0,000272
говорит 0,189594 0,000201
говорить 0,162996 0,000058
говоришь 0,752344 0,000266
говорю 0,203530 0,000072
говоря 0,434924 0,000307
говорят 0,309985 0,000109
головы 0,787106 0,000278
голосом 0,396465 0,000280
голубчик 0,587534 0,000207
гордая 1,125925 0,000397
гордость 0,963197 0,000340
гордых 1,690196 0,000597
города 0,704919 0,000249
городе 0,565257 0,000399
городу 0,888564 0,000314
горько 0,690196 0,000244
горячей 1,389166 0,000490
горячо 0,544068 0,000192
господи 0,451314 0,000319
госпожи 0,991226 0,000350
гостей 0,752344 0,000266
готовится 1,690196 0,000597
грех 0,888564 0,000314
греха 1,213075 0,000428
греховным 2,167317 0,000765
греху 2,167317 0,000765
грешные 2,167317 0,000765
грозным 1,866287 0,000659
грубому 1,690196 0,000597
груди 0,675956 0,000716
грушенька 0,675956 0,000477
грушеньке 0,824895 0,000582
грушеньки 0,787106 0,000278
грушеньку 0,845098 0,001193
грядущий 2,167317 0,001530
губы 0,599116 0,000211
давеча 0,232819 0,000493
давешних 1,565257 0,000553
дави 1,866287 0,001318
давно 0,158717 0,000224
даже 0,005949 0,000019
дальше 0,002964 0,000002
данное 2,167317 0,000765
данные 0,000000 0,000000
движения 0,912045 0,000322
двоих 1,866287 0,000659
действительно 0,106619 0,000075
действует 1,690196 0,000597
деле 0,162996 0,000115
день 0,162996 0,000115
дескать 0,419129 0,000296
десять 0,374926 0,000132
детства 0,912045 0,000322
диавола 1,866287 0,000659
диванчике 1,866287 0,000659
дико 1,167317 0,000412
длинном 1,468347 0,000518
дмитрий 0,468347 0,001157
доброй 1,565257 0,000553
довольно 0,129891 0,000046
догнавшая 2,167317 0,000765
дождаться 1,866287 0,000659
докончил 1,264227 0,000446
долго 0,222835 0,000079
долгое 1,125925 0,000397
должен 0,258832 0,000091
должно 0,286504 0,000101
дома 0,298086 0,000105
домой 0,459747 0,000162
дороге 0,611015 0,000431
дороги 0,704919 0,000498
дорогой 0,565257 0,000200
доселе 0,912045 0,000322
достигают 1,690196 0,000597
достоевский 0,000000 0,000000
достояние 0,000000 0,000000
дочерью 1,322219 0,000467
дрожало 1,565257 0,000553
другого 0,396465 0,000140
другую 0,495219 0,000175
думаешь 0,752344 0,000266
думаю 0,328468 0,000116
дура 1,088136 0,000384
дурак 0,769377 0,000272
дурачеству 2,167317 0,000765
дурное 1,264227 0,000446
душе 0,514105 0,000363
души 0,523865 0,000370
душу 0,451314 0,000159
дыша 1,389166 0,000490
единственно 0,477121 0,000168
ежедневно 1,021189 0,000360
епархиальному 2,167317 0,000765
если 0,011981 0,000034
есть 0,018098 0,000051
жаждал 1,213075 0,000428
ждать 0,554533 0,000196
жестком 1,866287 0,000659
жизнь 0,162996 0,000230
жить 0,451314 0,000159
заблудишься 2,167317 0,000765
заботой 1,690196 0,000597
забыл 0,328468 0,000116
забыть 0,623249 0,000220
завиделась 1,866287 0,000659
завтра 0,298086 0,000526
загорелось 1,468347 0,000518
задумался 0,866287 0,000306
зазнамо 2,167317 0,000765
законом 2,167317 0,000765
закричал 0,599116 0,000211
залился 1,389166 0,000981
заметь 1,213075 0,000428
замысел 1,690196 0,000597
заплакал 0,866287 0,000306
заплакать 1,389166 0,000490
зараз 1,866287 0,000659
заранее 0,576253 0,000407
засмеюсь 2,167317 0,000765
засмеялся 0,495219 0,000175
застал 0,866287 0,000306
засыпая 1,690196 0,000597
затем 0,237898 0,000084
заутра 1,866287 0,000659
заходивший 2,167317 0,000765
захочу 0,936868 0,000331
зачем 0,146128 0,000155
зашагал 1,389166 0,000490
зашитое 2,167317 0,000765
здесь 0,095435 0,000236
здоровии 2,167317 0,000765
земли 0,769377 0,000272
землю 0,565257 0,000200
знаешь 0,533849 0,000377
знай 0,888564 0,000627
знал 0,114239 0,000081
знать 0,328468 0,000116
значит 0,243038 0,000086
знаю 0,095435 0,000067
зосимы 1,088136 0,000384
зубы 1,053374 0,000372
ивановна 0,486076 0,000172
ивановне 0,720159 0,000254
ивановной 0,963197 0,000340
ивановну 0,805589 0,000284
ивановны 0,554533 0,000783
идеи 0,866287 0,000306
идет 0,514105 0,000181
идешь 1,125925 0,000397
идут 1,322219 0,000467
иеромонах 1,322219 0,000467
избрала 2,167317 0,000765
извините 0,735954 0,000260
изменилось 1,565257 0,000553
изрек 1,213075 0,000428
имеется 1,690196 0,000597
имения 1,468347 0,000518
именно 0,066947 0,000095
иначе 0,367977 0,000130
иногда 0,208276 0,000147
иное 1,053374 0,000372
инок 1,389166 0,000490
институточка 2,167317 0,000765
инфернальниц 2,167317 0,000765
инфернальница 2,167317 0,001530
иные 0,599116 0,000211
искренно 0,523865 0,000370
исповедей 2,167317 0,000765
исповеди 1,167317 0,000824
исповедовал 2,167317 0,000765
исповедовались 2,167317 0,000765
исповедь 1,021189 0,000360
использоваться 0,000000 0,000000
испугаю 2,167317 0,000765
испугу 1,690196 0,000597
исступление 1,264227 0,000446
источник 0,000000 0,000000
кавалерам 1,866287 0,000659
каждую 0,936868 0,000331
каждый 0,367977 0,000130
кажется 0,118099 0,000083
казнокрадстве 2,167317 0,000765
какая 0,194189 0,000137
каких 0,468347 0,000331
какой 0,095435 0,000067
каком 0,381987 0,000270
карамазовы 0,180546 0,000255
кармане 0,805589 0,000569
катенька 1,866287 0,000659
катерина 0,735954 0,000260
катерине 0,912045 0,000322
катериной 1,213075 0,000428
катерину 0,991226 0,000350
катерины 0,752344 0,001062
кати 1,322219 0,000467
катю 1,322219 0,000467
катя 1,053374 0,000372
келье 1,125925 0,000397
келью 1,264227 0,000893
кинжал 1,690196 0,000597
книга 0,176091 0,000124
книги 0,000000 0,000000
когда 0,015029 0,000032
кого 0,222835 0,000315
кожаном 1,690196 0,000597
колебания 1,264227 0,000446
колени 0,888564 0,000627
коленках 1,213075 0,000428
коленях 0,912045 0,000322
комаров 0,000000 0,000000
комнату 0,468347 0,000165
конвертик 1,866287 0,000659
конечно 0,060107 0,000042
кончины 1,565257 0,000553
кончить 1,053374 0,000372
которая 0,361137 0,000255
которого 0,198834 0,000070
которое 0,426955 0,000452
которой 0,213075 0,000075
котором 0,347773 0,000368
которому 0,468347 0,000165
который 0,110412 0,000039
которых 0,426955 0,000151
кошелек 1,565257 0,001658
кощунство 2,167317 0,000765
краснеет 1,690196 0,001193
красу 1,866287 0,000659
крепко 0,443041 0,000156
крестясь 1,866287 0,000659
крик 0,769377 0,000272
кричал 0,824895 0,000291
кричала 1,088136 0,000384
кровь 0,662167 0,000234
кроме 0,158717 0,000056
кругом 0,419129 0,000148
кулаком 0,963197 0,000340
ладонью 1,389166 0,000490
легкий 1,690196 0,000597
легкомыслие 1,468347 0,000518
лежало 1,565257 0,000553
либо 0,000000 0,000000
литература 0,000000 0,000000
лицо 0,114239 0,000121
лицом 0,000000 0,000000
лишился 1,322219 0,000467
лишь 0,185046 0,000261
любил 0,374926 0,000132
люблю 0,347773 0,000737
любовно 1,565257 0,000553
любовное 1,690196 0,000597
любовь 0,523865 0,000185
любовью 0,824895 0,000291
любым 0,000000 0,000000
маленький 0,662167 0,000234
мало 0,208276 0,000074
мамаши 1,322219 0,000467
маменьку 1,468347 0,000518
маяться 2,167317 0,000765
мгновение 0,396465 0,000280
медленно 0,805589 0,000284
медного 2,167317 0,000765
между 0,129891 0,000092
меня 0,027438 0,000126
места 0,389166 0,000137
месте 0,286504 0,000101
место 0,334808 0,000236
мечта 0,963197 0,000340
мечту 1,389166 0,000490
мечты 1,264227 0,000446
милый 0,477121 0,000505
минут 0,486076 0,000343
минуту 0,084532 0,000060
минуты 0,322219 0,000227
мирил 2,167317 0,000765
мирское 2,167317 0,000765
миру 1,053374 0,001115
митя 0,587534 0,000415
мнения 0,936868 0,000331
многие 0,468347 0,000165
могло 0,403889 0,000428
могу 0,171682 0,000424
моей 0,280827 0,000198
моем 0,599116 0,000211
моему 0,354404 0,000125
может 0,000000 0,000000
можно 0,088136 0,000093
моим 0,675956 0,000239
мокром 0,963197 0,000340
молился 1,322219 0,000933
молись 1,690196 0,000597
молитв 2,167317 0,000765
молитва 1,468347 0,000518
молитве 1,213075 0,000428
молитву 1,213075 0,000428
молоденькою 2,167317 0,000765
молча 0,367977 0,000130
молюсь 1,565257 0,000553
молясь 1,866287 0,000659
момента 0,000000 0,000000
монастыре 0,936868 0,000331
монастырская 1,866287 0,000659
монастырь 0,720159 0,000763
монастырю 1,213075 0,000428
монастыря 0,912045 0,000966
москвы 0,888564 0,000314
московской 1,690196 0,000597
мрак 1,021189 0,000721
мрачная 2,167317 0,000765
мрачным 1,565257 0,001105
мучила 1,167317 0,000412
мысли 0,316059 0,000112
мысль 0,264227 0,000187
навеки 0,648803 0,000229
наглом 1,866287 0,000659
наглости 1,866287 0,000659
надо 0,036984 0,000091
надумал 1,565257 0,000553
назад 0,000000 0,000000
название 0,000000 0,000000
назидания 1,690196 0,000597
наименование 1,690196 0,000597
найти 0,000000 0,000000
наконец 0,073896 0,000026
накрывался 1,690196 0,000597
налагал 2,167317 0,000765
намерен 0,787106 0,000278
напала 1,565257 0,000553
написала 1,167317 0,000412
написано 0,000000 0,000000
направь 2,167317 0,000765
напрасно 0,805589 0,000284
напротив 0,180546 0,000127
нарочито 1,690196 0,000597
нарочно 0,227798 0,000161
насквозь 1,167317 0,000412
насмешницу 2,167317 0,000765
наставлял 2,167317 0,000765
насчет 0,354404 0,000125
наука 0,000000 0,000000
нахмурил 1,690196 0,000597
нахмурился 0,991226 0,000350
находились 1,264227 0,000446
начальству 1,167317 0,000412
наша 0,787106 0,000278
наших 0,690196 0,000244
нашу 0,824895 0,000291
нащупал 2,167317 0,000765
небольшим 1,565257 0,000553
невозможно 0,411442 0,000145
него 0,000000 0,000000
негодующие 2,167317 0,000765
недвижимо 1,866287 0,000659
неискренно 2,167317 0,000765
неистовым 1,866287 0,000659
некоторого 0,752344 0,000266
некоторое 0,486076 0,000172
некоторые 0,533849 0,000188
нелепому 2,167317 0,000765
нельзя 0,176091 0,000062
нему 0,080958 0,000057
неожиданнее 2,167317 0,000765
неподвижнее 2,167317 0,000765
неподвижностью 2,167317 0,000765
неподвижный 1,565257 0,000553
неподдельным 2,167317 0,000765
непостижимою 1,866287 0,000659
неправда 0,845098 0,000298
непременно 0,133894 0,000378
неприлично 0,824895 0,000291
неприметно 1,565257 0,000553
несмотря 0,275223 0,000097
несомненно 0,704919 0,000249
несомненный 2,167317 0,000765
несчастных 1,389166 0,000490
неудержимым 1,468347 0,000518
нехорошо 0,963197 0,000340
нечего 0,381987 0,000270
нечто 0,389166 0,000137
нибудь 0,030597 0,000011
низким 1,690196 0,000597
никогда 0,088136 0,000062
никого 0,411442 0,000145
никто 0,185046 0,000065
ничего 0,030597 0,000011
ничто 1,213075 0,000856
ночных 1,866287 0,000659
ночь 0,248239 0,000350
ношу 1,468347 0,000518
нуждаюсь 1,565257 0,000553
нужно 0,514105 0,000363
обдумала 2,167317 0,000765
обеих 0,866287 0,000612
обещание 1,167317 0,000412
обидел 1,125925 0,000397
обиду 1,088136 0,000384
обиды 1,088136 0,000384
облака 1,690196 0,000597
обошел 1,866287 0,000659
образ 0,888564 0,000627
обратил 1,088136 0,000768
общественное 0,000000 0,000000
объявляй 2,167317 0,000765
объяснять 1,468347 0,000518
обыкновенно 0,720159 0,000508
обычаю 1,690196 0,000597
обычной 1,866287 0,000659
огорчила 2,167317 0,000765
одеяла 2,167317 0,000765
одна 0,185046 0,000131
однако 0,102859 0,000073
одно 0,099131 0,000035
одного 0,150284 0,000053
одному 0,334808 0,000118
одною 0,787106 0,000278
одре 1,389166 0,000490
ожидал 0,675956 0,000239
озлился 1,389166 0,000490
окажутся 1,565257 0,000553
оказывалось 1,866287 0,000659
околдую 2,167317 0,000765
окошко 1,322219 0,000467
определил 1,389166 0,000490
опубликовано 0,000000 0,000000
опытнейшие 2,167317 0,000765
опять 0,027438 0,000019
оскорбленною 2,167317 0,000765
ослабел 1,565257 0,000553
осмыслил 1,565257 0,000553
оставил 0,648803 0,000229
останавливала 1,866287 0,000659
останется 0,704919 0,000249
остановить 0,991226 0,000700
остановиться 1,322219 0,000467
остановлю 2,167317 0,000765
остановлюсь 1,866287 0,000659
остановясь 1,468347 0,000518
остолбенел 1,125925 0,000397
отвечали 1,213075 0,000428
отворили 1,264227 0,000446
отделаться 1,565257 0,000553
отец 0,316059 0,000446
открытие 1,690196 0,000597
отправляясь 1,565257 0,000553
отпускал 1,690196 0,000597
оттуда 0,888564 0,000314
отходил 1,322219 0,000467
отца 0,222835 0,000236
отцом 0,599116 0,000211
офицеру 1,264227 0,000446
оформление 0,000000 0,000000
очень 0,024303 0,000009
паисий 1,088136 0,001152
пакет 1,053374 0,000372
пакетик 1,866287 0,000659
пели 1,866287 0,000659
первая 0,419129 0,000444
перед 0,554533 0,000391
передавая 1,690196 0,000597
передай 1,468347 0,000518
передал 0,690196 0,000244
передала 1,389166 0,000490
перекрестился 1,468347 0,000518
перекрестке 1,468347 0,000518
перекресток 2,167317 0,001530
переулок 1,322219 0,000467
перешло 0,000000 0,000000
перо 1,322219 0,000467
печально 1,690196 0,000597
писала 1,565257 0,000553
письма 0,704919 0,000249
письмецо 1,322219 0,000467
письмо 0,544068 0,000384
письму 1,389166 0,000490
пишу 1,389166 0,000490
плавно 1,468347 0,000518
плакал 0,824895 0,000291
плакала 0,866287 0,000612
плакать 0,866287 0,000306
платок 0,787106 0,000278
платье 0,704919 0,000249
плачу 1,322219 0,000467
побегу 1,690196 0,000597
победить 1,322219 0,000467
побежала 1,053374 0,000372
побоялась 2,167317 0,000765
поверите 1,264227 0,000446
повеселю 2,167317 0,000765
погибшая 1,565257 0,001105
погибшей 1,866287 0,000659
подборка 0,000000 0,000000
подвигался 1,690196 0,000597
подвиги 1,322219 0,000467
подвластно 2,167317 0,000765
подлец 0,662167 0,001402
подлости 1,389166 0,000490
подлый 1,565257 0,000553
поднимала 1,565257 0,000553
поднимая 1,866287 0,000659
поднялась 1,021189 0,000360
поднялся 0,635838 0,000224
подобрав 1,866287 0,000659
подождать 1,167317 0,000412
подождем 1,690196 0,000597
подписанное 2,167317 0,000765
подрясник 1,565257 0,001105
подтверди 2,167317 0,000765
подумаете 2,167317 0,000765
подумал 0,334808 0,000355
подумаю 1,866287 0,000659
подушку 0,912045 0,000322
пойми 1,468347 0,000518
пока 0,213075 0,000150
показался 1,125925 0,000397
покаяние 1,389166 0,000490
поклонился 0,912045 0,000322
полный 1,167317 0,000412
половине 0,936868 0,000331
половину 0,888564 0,000314
положению 1,468347 0,000518
получаемые 2,167317 0,000765
получателей 2,167317 0,000765
пользу 0,824895 0,000291
полюбил 0,888564 0,000314
помилуй 1,389166 0,000490
помолилась 2,167317 0,000765
помочи 2,167317 0,000765
помыслом 2,167317 0,000765
поневоле 1,167317 0,000412
понизила 2,167317 0,000765
понимала 1,213075 0,000428
понимаю 0,381987 0,000135
понял 0,396465 0,000140
поняла 0,787106 0,000278
порвалось 1,866287 0,000659
порфирий 1,690196 0,000597
посетителей 0,000000 0,000000
посетители 0,000000 0,000000
посещавшая 2,167317 0,000765
посещавшего 2,167317 0,000765
послал 0,720159 0,000254
после 0,084532 0,000090
последней 0,623249 0,000220
послушалась 1,690196 0,000597
послушание 1,468347 0,000518
послушания 1,690196 0,000597
послушник 1,389166 0,000490
посмертно 0,000000 0,000000
посмотри 1,125925 0,000397
постилать 2,167317 0,000765
потакать 2,167317 0,000765
потеряешься 2,167317 0,000765
потерянной 1,690196 0,000597
потому 0,024303 0,000060
потребность 0,963197 0,000340
потупившись 1,322219 0,000467
потупился 1,565257 0,000553
поутру 0,845098 0,000298
поцеловала 0,991226 0,001050
почти 0,024303 0,000034
пошел 0,275223 0,000194
пошлешь 1,866287 0,000659
правду 0,443041 0,000156
прегрешения 2,167317 0,000765
предвидит 1,866287 0,000659
предметы 1,468347 0,000518
предполагалось 1,866287 0,000659
представлялось 1,264227 0,000446
прежде 0,077412 0,000055
прежнего 0,824895 0,000291
презирайте 1,565257 0,000553
прибежать 2,167317 0,000765
придачу 1,468347 0,000518
придете 1,322219 0,000467
придите 1,468347 0,000518
придумать 1,389166 0,000490
придушить 2,167317 0,000765
прижизненно 0,000000 0,000000
признание 1,125925 0,000397
признанный 2,167317 0,000765
приказано 1,866287 0,000659
прилично 1,213075 0,000428
примете 2,167317 0,000765
принесут 1,565257 0,000553
принимал 1,088136 0,000384
принимаю 1,021189 0,000360
приносились 2,167317 0,000765
принося 1,866287 0,000659
приняли 1,125925 0,000397
припоминаю 1,264227 0,000893
пристально 0,389166 0,000137
присутствием 1,690196 0,000597
приходился 1,866287 0,000659
приходят 1,088136 0,000384
причаститься 1,690196 0,000597
пришел 0,322219 0,000114
пришла 0,648803 0,000458
программирование 0,000000 0,000000
продавать 1,565257 0,000553
прожить 1,167317 0,000412
прозевать 2,167317 0,000765
произведение 0,000000 0,000000
произведений 0,000000 0,000000
произведения 0,000000 0,000000
произнес 0,361137 0,000127
происходило 0,845098 0,000597
пройдет 1,021189 0,000360
проклял 1,866287 0,000659
прокричала 1,125925 0,000397
просил 0,599116 0,000634
прости 0,912045 0,000322
просыпался 2,167317 0,000765
против 0,389166 0,000137
противники 1,690196 0,000597
профанация 2,167317 0,000765
прочел 0,752344 0,000531
прочтете 2,167317 0,000765
прочь 0,866287 0,000306
прошел 0,662167 0,000467
прошло 0,000000 0,000000
прощай 0,805589 0,000853
прямо 0,118099 0,000083
публикации 0,000000 0,000000
пустынной 2,167317 0,000765
пусть 0,253503 0,000089
пути 1,021189 0,000721
путями 2,167317 0,000765
пьян 0,824895 0,000291
пяти 0,662167 0,000234
пять 0,275223 0,000097
равно 0,303994 0,000322
радостного 1,690196 0,000597
радость 0,805589 0,000569
раза 0,426955 0,000151
разбудить 1,322219 0,000467
раздвинулись 2,167317 0,000765
раздеваясь 1,690196 0,000597
рази 2,167317 0,000765
различать 1,468347 0,000518
разом 0,389166 0,000137
разрешал 1,690196 0,000597
разрешения 0,000000 0,000000
разумеется 0,328468 0,000116
разъяснить 0,936868 0,000331
разыщу 2,167317 0,001530
ракита 2,167317 0,000765
ракитой 2,167317 0,001530
распечатывал 2,167317 0,000765
рассердила 2,167317 0,000765
рассказ 0,866287 0,000306
рассказал 0,587534 0,001452
рассказывал 0,554533 0,000196
рассказывали 0,936868 0,000331
рассмеюсь 1,866287 0,000659
рассмеялся 0,805589 0,000284
рассуждая 1,565257 0,000553
расчетом 1,565257 0,000553
репутации 1,690196 0,000597
репутация 1,468347 0,001037
решил 0,514105 0,000181
риска 2,167317 0,000765
рискуя 1,866287 0,000659
ровно 0,533849 0,000188
роде 0,504560 0,000178
родилось 2,167317 0,000765
родная 1,389166 0,000490
родных 1,322219 0,000467
розовый 1,866287 0,000659
роковом 1,866287 0,000659
ропщет 2,167317 0,000765
рощу 1,468347 0,000518
рубашка 1,389166 0,000490
руках 0,396465 0,000280
руку 0,222835 0,000079
русская 0,000000 0,000000
ручке 1,866287 0,000659
ручку 0,888564 0,000627
рыдал 1,468347 0,001037
сайте 0,000000 0,000000
сама 0,208276 0,000294
самая 0,599116 0,000211
сами 0,142011 0,000050
самовластная 1,690196 0,000597
самой 0,258832 0,000274
самом 0,114239 0,000040
самою 0,866287 0,000306
самую 0,459747 0,000162
самые 0,381987 0,000270
самым 0,280827 0,000198
сапоги 1,213075 0,000428
света 0,845098 0,000298
свете 0,426955 0,000452
свиданья 1,125925 0,000795
свидетелем 0,991226 0,000350
свирепое 1,866287 0,000659
свить 2,167317 0,000765
свободно 0,000000 0,000000
свое 0,150284 0,000053
своей 0,066947 0,000024
своем 0,198834 0,000211
своею 0,443041 0,000313
свои 0,146128 0,000052
своим 0,208276 0,000074
свой 0,189594 0,000134
свою 0,073896 0,000026
святыня 1,866287 0,000659
сделал 0,381987 0,000135
сделала 0,963197 0,000680
себе 0,033778 0,000036
себя 0,005949 0,000006
сегодня 0,000000 0,000000
сегодняшние 2,167317 0,000765
сейчас 0,070407 0,000174
секрет 0,787106 0,000278
секретно 1,690196 0,000597
семидесяти 0,000000 0,000000
сердце 0,171682 0,000242
сердцем 0,675956 0,000239
сестра 0,824895 0,000291
сжал 1,167317 0,000412
сжатые 1,866287 0,000659
сильно 0,292256 0,000103
скажу 0,275223 0,000291
сказала 0,486076 0,000172
сказать 0,073896 0,000104
скверную 1,866287 0,000659
скит 1,389166 0,000490
скитниками 1,866287 0,000659
складно 1,690196 0,000597
сколько 0,280827 0,000099
славы 1,322219 0,000467
сладко 1,213075 0,000428
слетело 1,565257 0,000553
слишком 0,133894 0,000047
слова 0,129891 0,000092
служанка 1,088136 0,000384
службы 1,213075 0,000428
случайно 0,866287 0,000306
случались 1,468347 0,000518
случилось 0,403889 0,000143
слушал 0,576253 0,000203
слышу 0,991226 0,000350
смерти 0,468347 0,000165
смех 0,704919 0,000249
смеха 1,088136 0,000384
смехом 0,805589 0,000569
смеюсь 1,125925 0,000397
смеялась 0,805589 0,000284
смирения 1,468347 0,000518
смотрел 0,298086 0,000105
смотри 1,053374 0,000744
смотрите 0,805589 0,000569
смрадный 1,866287 0,000659
смутился 0,963197 0,000340
смущение 1,264227 0,000446
смущенье 1,866287 0,000659
смыслишь 1,866287 0,000659
смятение 1,389166 0,000490
сначала 0,434924 0,000154
снести 1,125925 0,000397
снимал 1,690196 0,000597
сном 0,936868 0,000661
сняв 1,866287 0,000659
соблазн 1,468347 0,000518
соблазны 1,690196 0,000597
собой 0,253503 0,000268
собою 0,347773 0,000123
собрание 0,000000 0,000000
собственные 1,088136 0,000384
совершается 1,565257 0,000553
совершаться 2,167317 0,000765
совершить 1,264227 0,000446
совершу 2,167317 0,001530
совсем 0,021189 0,000067
согласен 0,648803 0,000229
согласия 0,000000 0,000000
соединиться 1,866287 0,000659
сомнения 0,523865 0,000185
сонливость 2,167317 0,000765
сообщил 0,824895 0,000291
сорвавшись 1,866287 0,000659
сорвалась 2,167317 0,000765
сосновую 2,167317 0,000765
состояла 1,053374 0,000372
состояться 1,690196 0,000597
сострадание 1,088136 0,000384
сохрани 1,021189 0,000360
сохранялось 2,167317 0,000765
сочинений 0,000000 0,000000
спал 0,690196 0,000487
спаленку 1,866287 0,000659
спаси 1,389166 0,000490
спасительного 2,167317 0,000765
спасительными 2,167317 0,000765
спасся 1,866287 0,000659
спасти 0,769377 0,000272
спастись 2,167317 0,000765
сперва 0,735954 0,000260
спешно 2,167317 0,000765
спокойно 0,648803 0,000229
спокойный 1,565257 0,000553
спрашивал 0,769377 0,000272
спрятался 1,322219 0,000467
спустя 0,533849 0,000188
спящему 1,866287 0,000659
сравниться 1,866287 0,000659
сразу 0,991226 0,000350
срок 0,888564 0,000314
ссоры 1,565257 0,000553
стал 0,125925 0,000089
стала 0,544068 0,000192
стало 0,091770 0,000065
становилось 0,963197 0,000680
старец 0,787106 0,000834
старости 1,322219 0,000467
старца 0,735954 0,000779
старце 1,264227 0,000893
старцем 1,167317 0,000412
старцу 1,167317 0,000824
старчества 1,690196 0,000597
старшие 1,468347 0,000518
стекалась 2,167317 0,000765
стены 0,963197 0,000340
стиснул 1,565257 0,000553
стой 0,912045 0,000644
столь 0,434924 0,000154
стою 0,866287 0,000306
стоял 0,309985 0,000109
стояли 0,690196 0,000244
стран 1,866287 0,000659
странным 0,752344 0,000266
страхом 0,912045 0,000322
страшно 0,434924 0,000307
страшное 0,991226 0,000350
страшною 1,468347 0,000518
судьбе 0,936868 0,000661
суетное 2,167317 0,000765
супруга 0,787106 0,000278
схватывая 1,866287 0,000659
счастливо 1,213075 0,000428
таинства 2,167317 0,000765
тайком 1,468347 0,000518
тайна 0,963197 0,000340
также 0,000000 0,000000
такие 0,232819 0,000082
таким 0,243038 0,000086
таковые 1,565257 0,000553
такое 0,114239 0,000040
такой 0,077412 0,000027
такому 0,752344 0,000266
танцевать 1,322219 0,000467
таракана 1,565257 0,000553
твердо 0,419129 0,000148
твоей 0,888564 0,000314
твоим 1,088136 0,000384
тебе 0,203530 0,000503
тебя 0,198834 0,000421
текст 0,000000 0,000000
теперь 0,015029 0,000074
тетка 1,389166 0,000981
тигр 1,690196 0,001193
тихо 0,354404 0,000375
тишина 1,125925 0,000397
тобой 0,419129 0,000148
тогда 0,050046 0,000071
того 0,005949 0,000006
тоже 0,043466 0,000046
только 0,002964 0,000012
томах 0,000000 0,000000
тому 0,095435 0,000067
точно 0,121994 0,000172
третья 0,486076 0,000343
тридцати 1,021189 0,000360
трудно 0,459747 0,000325
тюфяк 1,690196 0,000597
тяготится 2,167317 0,000765
тяготятся 1,866287 0,000659
убежал 0,888564 0,000314
убежала 1,053374 0,000372
убережешься 2,167317 0,000765
убил 0,523865 0,000185
уверяю 0,648803 0,000458
увижу 1,213075 0,000856
удалился 1,322219 0,000467
ударил 0,912045 0,000322
ударял 1,468347 0,000518
удерживала 1,866287 0,000659
удержусь 1,565257 0,000553
удивился 0,635838 0,000224
удивлением 0,523865 0,000185
удостоился 1,690196 0,000597
уединенною 2,167317 0,000765
ужаснее 1,389166 0,000490
ужасного 1,389166 0,000490
узком 1,866287 0,000659
узнаешь 1,565257 0,000553
узнал 0,381987 0,000135
узнать 0,374926 0,000132
улегся 1,690196 0,000597
уличен 2,167317 0,000765
умершим 0,000000 0,000000
умиления 1,088136 0,000768
умоляю 1,322219 0,000467
унижению 2,167317 0,000765
упор 0,963197 0,000340
упорнее 1,866287 0,000659
упрекнул 1,690196 0,000597
условием 1,389166 0,000490
условливались 2,167317 0,000765
утешить 1,389166 0,000490
утром 0,411442 0,000290
ушел 0,599116 0,000423
факт 0,675956 0,000239
фальшиво 1,866287 0,000659
федор 0,000000 0,000000
федорович 0,253503 0,000626
фигура 1,565257 0,001105
форсила 1,866287 0,000659
хвалы 2,167317 0,000765
хватило 1,167317 0,000412
хитрым 2,167317 0,000765
ходили 1,125925 0,000397
ходить 0,576253 0,000407
хозяин 1,125925 0,000397
холодею 2,167317 0,000765
хотелось 0,381987 0,000135
хотя 0,050046 0,000088
хохлаковой 0,787106 0,000278
хохлаковыми 2,167317 0,000765
хочу 0,243038 0,000172
храме 1,565257 0,000553
хуже 0,635838 0,000449
царица 1,322219 0,000467
царицу 1,389166 0,000490
цели 0,662167 0,000234
целое 1,053374 0,000372
целую 0,735954 0,000260
цыганки 1,866287 0,000659
часа 0,000000 0,000000
часто 0,292256 0,000103
часть 0,002964 0,000003
чего 0,040213 0,000043
человек 0,036984 0,000013
человечек 1,167317 0,000412
через 0,258832 0,000091
черт 0,477121 0,000337
чертой 2,167317 0,000765
чести 0,735954 0,000260
четырех 0,888564 0,000314
число 0,000000 0,000000
читаем 0,000000 0,000000
читать 0,000000 0,000000
чтил 1,690196 0,000597
чтоб 0,073896 0,000052
чтобы 0,030597 0,000065
чувства 0,495219 0,000175
чуть 0,176091 0,000186
чьего 0,000000 0,000000
шагах 0,866287 0,000306
шалю 2,167317 0,000765
шепотом 0,675956 0,000239
шутишь 1,565257 0,000553
шутки 1,053374 0,000372
щади 1,866287 0,000659
этакий 1,565257 0,000553
этаких 1,125925 0,000397
этих 0,213075 0,000075
этого 0,053374 0,000038
этой 0,118099 0,000083
этом 0,046743 0,000049
этот 0,011981 0,000021
эшафот 1,468347 0,001037
ярко 1,125925 0,000397
ясно 0,354404 0,000250
