авось 1,389166 0,000338
автор 0,000000 0,000000
автором 0,000000 0,000000
авторского 0,000000 0,000000
авторы 0,000000 0,000000
аграфена 1,167317 0,000284
адвокат 1,167317 0,000284
александровна 0,787106 0,000191
алексей 0,000000 0,000000
алексея 0,000000 0,000000
алеша 0,381987 0,001485
алеше 0,523865 0,000255
алешей 0,752344 0,000183
алеши 0,544068 0,000132
алешу 0,565257 0,000275
ангел 0,912045 0,000443
ангела 1,264227 0,000307
ангелы 1,565257 0,000380
ангельский 1,866287 0,000454
ангельскою 2,167317 0,000527
аптеке 2,167317 0,000527
батюшка 0,675956 0,000164
батюшки 1,468347 0,000357
бедняк 2,167317 0,001053
бежавший 1,866287 0,000454
бежал 0,963197 0,000234
бежать 0,769377 0,000374
безжалостны 2,167317 0,000527
безжалостный 2,167317 0,000527
берегах 2,167317 0,000527
бесполезная 2,167317 0,000527
беспорядочный 1,866287 0,000454
библиотека 0,000000 0,000000
битый 1,866287 0,000454
благородная 1,389166 0,000338
благороднейшую 1,690196 0,000411
благородный 1,088136 0,000264
благородных 1,213075 0,000295
благородства 1,167317 0,000284
благородстве 1,690196 0,000411
бледный 0,888564 0,000216
бога 0,451314 0,000110
богатого 1,690196 0,000411
богатые 1,866287 0,000454
богатым 1,565257 0,000380
богу 0,434924 0,000106
божии 1,565257 0,000380
божий 0,936868 0,000228
боком 1,565257 0,000380
более 0,000000 0,000000
болтали 2,167317 0,000527
больно 0,787106 0,000574
больше 0,137934 0,000101
большим 0,704919 0,000171
большого 0,769377 0,000187
большое 0,963197 0,000234
большой 0,495219 0,000241
большущего 2,167317 0,000527
бормотал 0,720159 0,000175
бороденку 1,690196 0,001232
брат 0,303994 0,000222
брата 0,389166 0,000189
братец 1,264227 0,000307
брату 0,752344 0,000183
братца 1,322219 0,000643
братцу 1,468347 0,000357
братья 0,176091 0,000214
братьями 1,468347 0,000357
бредил 1,468347 0,000714
бременем 1,866287 0,000454
бросил 0,554533 0,000270
бросился 0,451314 0,000548
брошусь 1,866287 0,000454
брызгами 1,690196 0,000411
брызнут 2,167317 0,000527
будет 0,077412 0,000038
будто 0,099131 0,000072
буду 0,208276 0,000202
будь 0,720159 0,000175
была 0,046743 0,000011
были 0,099131 0,000024
было 0,000000 0,000000
быстро 0,232819 0,000057
быстрым 1,565257 0,000380
быть 0,002964 0,000006
вами 0,232819 0,000113
ваннах 2,167317 0,000527
ванны 2,167317 0,000527
варвара 0,963197 0,000468
варвару 1,690196 0,000411
варю 1,213075 0,000295
ваше 0,434924 0,000211
вашего 0,443041 0,000538
вашему 0,576253 0,000140
ваши 0,434924 0,000528
вашим 0,587534 0,000143
ваших 0,554533 0,000135
вашу 0,504560 0,000123
вверх 0,866287 0,000211
вдавлены 2,167317 0,000527
вдруг 0,005949 0,000022
ведь 0,043466 0,000211
великий 0,845098 0,000205
верите 0,735954 0,000179
верно 0,523865 0,000127
верного 1,690196 0,000411
вернулся 1,389166 0,000338
весь 0,099131 0,000120
весьма 0,243038 0,000059
ветер 1,167317 0,000284
ветерок 2,167317 0,000527
вечер 0,477121 0,000116
вечером 0,533849 0,000519
вечеру 0,936868 0,000228
взвизгнул 1,565257 0,001141
взгляд 0,396465 0,000096
взглянув 1,213075 0,000295
вздрагивают 2,167317 0,000527
вздрогнул 0,565257 0,000275
вздрогнули 1,468347 0,000357
взором 1,866287 0,000454
взял 0,269690 0,000262
взяли 1,021189 0,000248
видал 0,623249 0,000151
виде 0,434924 0,000106
видел 0,248239 0,000121
видели 0,495219 0,000722
видит 0,690196 0,000168
видите 0,396465 0,000289
видно 0,504560 0,000123
видом 0,389166 0,000095
виду 0,544068 0,000132
вижу 0,286504 0,000139
визиты 0,000000 0,000000
вкратце 1,389166 0,000338
вместе 0,208276 0,000152
вместо 0,411442 0,000100
внутри 1,053374 0,000256
вовсе 0,150284 0,000073
вода 1,468347 0,000714
воды 0,912045 0,000222
воздух 1,053374 0,000512
воздухе 1,468347 0,000714
вознаграждения 0,000000 0,000000
возьмет 0,888564 0,000216
возьмешь 1,468347 0,000357
возьмите 1,021189 0,000248
возьму 0,936868 0,000228
воистину 0,912045 0,000222
войти 0,675956 0,000164
волю 1,264227 0,000307
вороненькую 2,167317 0,001053
воротиться 1,053374 0,000768
ворчать 1,866287 0,000454
воскликнул 0,309985 0,000226
восклицать 1,322219 0,000321
восклицая 1,468347 0,000357
воспрянул 2,167317 0,000527
восстал 1,565257 0,000380
восторг 0,888564 0,000216
восхитился 2,167317 0,000527
восчувствуете 2,167317 0,000527
вошла 0,912045 0,000222
впечатление 0,544068 0,000132
вправду 0,888564 0,000432
впредь 0,752344 0,000183
впрямь 0,769377 0,000374
врагами 1,468347 0,000357
время 0,043466 0,000032
всего 0,040213 0,000088
всем 0,070407 0,000034
всеми 0,434924 0,000317
всему 0,486076 0,000118
всех 0,060107 0,000131
вскрикивает 2,167317 0,000527
вскричал 0,292256 0,000213
вслед 0,523865 0,000127
вследствие 0,888564 0,000216
вспомнила 1,866287 0,000454
вспоможение 1,690196 0,000411
вторая 0,514105 0,000250
вчера 0,341243 0,000083
вчерашний 1,264227 0,000307
выбью 1,866287 0,000454
вывел 1,053374 0,000512
вывертом 2,167317 0,000527
выговорить 0,963197 0,000234
выгон 2,167317 0,000527
вызвать 1,468347 0,000714
вызовешь 2,167317 0,000527
вызови 1,690196 0,000821
вызову 2,167317 0,000527
вызывает 1,866287 0,000454
выйдут 1,468347 0,000357
выкинуть 1,690196 0,000411
вымолила 2,167317 0,000527
вынес 1,053374 0,000256
вынесла 1,565257 0,000380
выпил 0,991226 0,000241
выпить 1,167317 0,000284
выплаты 0,000000 0,000000
выпрямился 1,866287 0,000454
выразил 1,167317 0,000284
выразит 1,866287 0,000454
выразить 0,936868 0,000228
вырасту 2,167317 0,000527
вырвать 1,690196 0,000411
высеку 1,690196 0,000411
высказать 0,866287 0,000211
выслушайте 1,468347 0,001070
выслушал 0,805589 0,000196
выслушать 1,088136 0,000264
высочайшем 2,167317 0,000527
высылать 2,167317 0,000527
вытянув 2,167317 0,001053
вытянул 1,565257 0,000380
выходили 1,167317 0,000284
выходят 1,468347 0,000357
вышло 0,523865 0,000127
герценштубе 1,088136 0,000264
главное 0,189594 0,000138
глаз 0,554533 0,000135
глазах 0,459747 0,000112
глазенки 1,690196 0,000821
глубины 1,167317 0,000284
глупое 1,088136 0,000264
глупы 2,167317 0,000527
глядел 0,554533 0,000135
глядит 0,866287 0,000632
глядите 1,468347 0,000357
гнев 0,936868 0,000911
говорил 0,095435 0,000070
говорит 0,189594 0,000599
говорю 0,203530 0,000692
говорят 0,309985 0,000151
говядины 1,866287 0,000454
года 0,477121 0,000116
головке 1,322219 0,000321
голову 0,227798 0,000111
голубчик 0,587534 0,000143
горбатая 1,690196 0,000411
горбатенького 2,167317 0,000527
гордость 0,963197 0,000234
гордые 1,389166 0,000338
горе 0,769377 0,000187
город 0,523865 0,000637
городской 1,468347 0,000357
горы 0,963197 0,000234
горя 1,088136 0,000529
горят 1,690196 0,000411
горячих 1,565257 0,000380
горячо 0,544068 0,000132
господи 0,451314 0,000329
господь 0,888564 0,000216
грешно 1,690196 0,000411
грешный 1,690196 0,000411
грудкой 1,866287 0,000454
грудь 0,752344 0,000183
грустно 0,735954 0,000179
грустью 1,690196 0,000411
губами 1,088136 0,000793
губенки 2,167317 0,000527
губернии 0,991226 0,000241
губернию 1,690196 0,000411
губы 0,599116 0,000146
гудят 2,167317 0,000527
гуляем 2,167317 0,000527
гулять 1,088136 0,000529
гуще 2,167317 0,000527
давеча 0,232819 0,000170
давешним 1,468347 0,000357
дадут 1,021189 0,000248
даже 0,005949 0,000016
дальше 0,002964 0,000001
дама 0,735954 0,000358
дамы 0,648803 0,000158
данные 0,000000 0,000000
даст 0,963197 0,000468
двести 0,991226 0,001204
двое 0,963197 0,000234
дворянами 1,866287 0,000454
девицы 1,021189 0,000496
девушку 1,053374 0,000256
девять 1,088136 0,000529
действовал 2,167317 0,000527
дела 0,309985 0,000075
делает 0,805589 0,000196
делать 0,426955 0,000104
деле 0,162996 0,000040
дело 0,063514 0,000046
денег 0,309985 0,000301
денежки 1,322219 0,000321
день 0,162996 0,000317
деньги 0,280827 0,000409
держал 0,866287 0,000211
дескать 0,419129 0,000102
десять 0,374926 0,000182
дети 0,662167 0,000322
детки 1,468347 0,001070
детства 0,912045 0,000222
диету 2,167317 0,000527
дикий 1,213075 0,000295
дико 1,167317 0,000284
дикою 1,690196 0,000411
дмитрий 0,468347 0,000228
дмитрия 0,599116 0,000146
доброте 1,167317 0,000284
добрые 1,125925 0,000547
добудется 2,167317 0,000527
доверяет 1,690196 0,000411
доверять 1,690196 0,000411
доволен 0,735954 0,000179
докладывать 1,322219 0,000321
доктор 0,735954 0,000179
долго 0,222835 0,000108
должен 0,258832 0,000063
должно 0,286504 0,000070
должны 0,576253 0,000560
должок 2,167317 0,000527
доложите 1,565257 0,000380
допрежь 1,690196 0,000411
дороге 0,611015 0,000148
дорогу 0,599116 0,000146
досказать 2,167317 0,000527
доставил 1,565257 0,000380
достанет 1,468347 0,001070
достоевский 0,000000 0,000000
достояние 0,000000 0,000000
дотрагиваясь 2,167317 0,000527
дочку 1,389166 0,000338
дошли 1,213075 0,000295
дразнить 1,389166 0,000675
дразнят 1,565257 0,000380
дрожала 1,167317 0,000284
друг 0,269690 0,000131
друга 0,419129 0,000102
другая 0,648803 0,000158
другим 0,533849 0,000130
другое 0,309985 0,000075
другой 0,146128 0,000142
другу 0,752344 0,000183
другую 0,495219 0,000120
думал 0,258832 0,000063
думать 0,486076 0,000118
думаю 0,328468 0,000319
душа 0,565257 0,000275
душевной 1,565257 0,000380
дуэль 1,264227 0,001536
ежедневно 1,021189 0,000496
если 0,011981 0,000038
есть 0,018098 0,000031
жаловаться 1,053374 0,000256
жаром 0,587534 0,000143
желая 0,662167 0,000322
женщины 0,576253 0,000140
жизнь 0,162996 0,000040
заболел 1,264227 0,000307
забора 1,264227 0,000307
забуду 1,088136 0,000264
забыл 0,328468 0,000080
заведу 2,167317 0,000527
заглянули 1,866287 0,000454
загоревшимся 2,167317 0,000527
загудел 2,167317 0,000527
задыхаясь 1,021189 0,000248
зажал 1,565257 0,000380
зажглось 2,167317 0,000527
заинтересовать 1,690196 0,000411
закроем 2,167317 0,000527
замахнусь 2,167317 0,000527
заметил 0,154480 0,000075
занесет 2,167317 0,000527
запомнил 1,053374 0,000256
запрягли 2,167317 0,000527
запустить 2,167317 0,000527
запущены 2,167317 0,000527
заработаешь 2,167317 0,000527
заработала 2,167317 0,000527
заработаю 2,167317 0,000527
заручившись 2,167317 0,000527
зарыдал 1,389166 0,000675
заставлю 1,690196 0,000411
застыдился 1,690196 0,000411
затараторил 2,167317 0,000527
затем 0,237898 0,000058
затмилось 2,167317 0,000527
затрясся 1,125925 0,000547
захлебывающеюся 2,167317 0,000527
захотел 0,787106 0,000191
захрустели 2,167317 0,000527
звать 0,991226 0,000241
звуков 1,565257 0,000380
здесь 0,095435 0,000046
здешней 1,468347 0,000357
здешний 1,053374 0,000256
земле 0,648803 0,000158
зимы 1,565257 0,000380
злобой 0,963197 0,000234
злым 1,690196 0,000411
змеев 2,167317 0,000527
змеек 2,167317 0,000527
змеи 1,866287 0,000454
змеиный 2,167317 0,000527
знает 0,171682 0,000083
знаете 0,286504 0,000557
знакомый 0,936868 0,000228
знал 0,114239 0,000083
знать 0,328468 0,000080
значит 0,243038 0,000118
значительная 1,690196 0,000411
значить 1,468347 0,000357
знаю 0,095435 0,000023
знают 0,720159 0,000175
ивановна 0,486076 0,000118
ивановне 0,720159 0,000175
идем 0,963197 0,000702
идет 0,514105 0,000250
избе 1,088136 0,000264
известно 0,334808 0,000081
изволили 0,845098 0,000205
излагаю 2,167317 0,000527
изложил 1,167317 0,000284
изобразил 1,690196 0,000411
изобразить 1,866287 0,000454
изредка 0,888564 0,000216
изъяснить 1,690196 0,000411
илюша 1,213075 0,002653
илюше 1,690196 0,000411
илюшей 1,468347 0,000714
илюшечка 1,389166 0,000675
илюшечку 1,565257 0,000380
илюши 1,565257 0,000380
илюшка 2,167317 0,000527
илюшкой 2,167317 0,000527
илюшу 1,468347 0,001427
именно 0,066947 0,000081
имею 0,565257 0,000412
иначе 0,367977 0,000268
искалечит 2,167317 0,000527
искренним 1,264227 0,000307
искривленного 2,167317 0,000527
использоваться 0,000000 0,000000
испугался 0,704919 0,000171
испуге 0,690196 0,000168
исследуют 2,167317 0,000527
исступлении 0,735954 0,000179
исступленною 1,866287 0,000454
исступленный 1,389166 0,000338
исступленным 1,690196 0,000411
истина 1,088136 0,000529
истину 1,125925 0,000547
источник 0,000000 0,000000
исхода 1,389166 0,000338
исходит 1,866287 0,000454
исчез 1,125925 0,000274
каблуком 1,866287 0,000454
каждый 0,367977 0,000089
каждым 0,769377 0,000187
казалось 0,316059 0,000077
каким 0,194189 0,000047
какое 0,227798 0,000055
какой 0,095435 0,000139
каком 0,381987 0,000093
калека 2,167317 0,000527
калитки 1,565257 0,000380
камень 1,167317 0,000567
камне 1,690196 0,000411
камнем 1,565257 0,000380
камня 1,322219 0,000964
камнями 1,322219 0,000321
капитан 0,991226 0,002168
капитана 1,053374 0,000256
капризная 2,167317 0,000527
карамазову 1,088136 0,000264
карамазовы 0,180546 0,000175
карман 0,888564 0,000216
картина 0,991226 0,000241
катерина 0,735954 0,000179
катерине 0,912045 0,000222
каторжная 2,167317 0,000527
кибитку 2,167317 0,000527
класса 1,322219 0,000321
клюкнул 2,167317 0,000527
клянусь 0,635838 0,000618
клячу 2,167317 0,000527
книга 0,176091 0,000128
книги 0,000000 0,000000
когда 0,015029 0,000015
кого 0,222835 0,000217
кодекс 2,167317 0,000527
коленях 0,912045 0,000222
коли 0,269690 0,000066
комаров 0,000000 0,000000
конторе 2,167317 0,000527
кончил 0,587534 0,000286
копеек 1,125925 0,000274
которая 0,361137 0,000088
которого 0,198834 0,000048
которой 0,213075 0,000052
которому 0,468347 0,000114
которые 0,189594 0,000046
который 0,110412 0,000054
красоткин 1,213075 0,000295
красоткину 1,389166 0,000338
кредитки 1,389166 0,002363
крепится 2,167317 0,000527
крепко 0,443041 0,000108
кричал 0,824895 0,000200
кричат 1,213075 0,000295
кричит 0,805589 0,000783
кроме 0,158717 0,000039
кротостью 1,866287 0,000454
кругом 0,419129 0,000102
кстати 0,468347 0,000114
кувшинов 2,167317 0,000527
кулак 1,565257 0,000380
кулаке 1,690196 0,000411
кулаком 0,963197 0,000234
купать 2,167317 0,000527
купец 1,213075 0,000590
купим 2,167317 0,001053
куплю 1,468347 0,000357
купцу 1,468347 0,000357
курсистка 2,167317 0,000527
курсистку 2,167317 0,000527
куска 1,690196 0,000411
кусок 1,264227 0,000307
кушаем 2,167317 0,000527
ладонь 1,264227 0,000307
левую 1,213075 0,000590
левый 1,565257 0,000380
лежит 0,648803 0,000315
лежу 1,322219 0,000321
лекарств 2,167317 0,000527
летит 1,690196 0,000411
летом 1,264227 0,000307
лечение 1,389166 0,000338
леченье 2,167317 0,000527
либо 0,000000 0,000000
литература 0,000000 0,000000
лихорадке 0,991226 0,000241
лица 0,322219 0,000078
лице 0,403889 0,000196
лицо 0,114239 0,000028
лицом 0,000000 0,000000
личико 1,264227 0,000307
личную 2,167317 0,000527
лишь 0,185046 0,000180
лошадка 2,167317 0,000527
лошадкой 2,167317 0,000527
лошадку 2,167317 0,002107
лучше 0,162996 0,000040
люблю 0,347773 0,000085
любым 0,000000 0,000000
люди 0,269690 0,000131
маленьком 1,125925 0,000274
мало 0,208276 0,000051
мальчик 0,495219 0,000481
мальчика 0,648803 0,000631
мальчике 1,565257 0,000380
мальчиком 1,389166 0,000338
мальчику 1,125925 0,000547
мальчишки 1,322219 0,000321
маменька 0,936868 0,001138
маменьку 1,468347 0,001784
махонькая 2,167317 0,000527
мгновения 0,991226 0,000241
мелкая 1,690196 0,000411
меня 0,027438 0,000187
мерещилось 1,167317 0,000284
мерзавец 1,565257 0,000380
месте 0,286504 0,000070
место 0,334808 0,000163
метет 1,866287 0,000454
мечта 0,963197 0,000468
мечталась 1,866287 0,000454
мечтать 1,322219 0,000321
мечту 1,389166 0,000675
милостыню 1,565257 0,000380
милый 0,477121 0,000116
милых 1,690196 0,000411
минеральная 2,167317 0,001053
минута 0,888564 0,000216
минуту 0,084532 0,000082
мирись 2,167317 0,001580
много 0,080958 0,000020
многого 0,991226 0,000241
мной 0,237898 0,000058
могу 0,171682 0,000125
могут 0,495219 0,000241
моего 0,367977 0,000179
моей 0,280827 0,000136
моему 0,354404 0,000258
моет 2,167317 0,000527
может 0,000000 0,000000
можете 0,504560 0,000123
можешь 0,704919 0,000171
можно 0,088136 0,000021
моим 0,675956 0,000164
моими 0,991226 0,000241
молчал 0,565257 0,000137
молчаливые 2,167317 0,000527
молчит 0,991226 0,000964
момента 0,000000 0,000000
мочалка 1,468347 0,001070
мочалкой 1,866287 0,000907
мочалку 1,690196 0,000821
мошенничество 1,866287 0,000907
мрачен 1,468347 0,000357
мрачный 1,167317 0,000284
мучается 1,690196 0,000411
мщении 2,167317 0,000527
мыслей 0,735954 0,000179
навеки 0,648803 0,000473
навести 1,389166 0,000338
наградит 2,167317 0,000527
надо 0,036984 0,000045
надобно 0,866287 0,000211
надрыв 1,468347 0,000357
назад 0,000000 0,000000
название 0,000000 0,000000
называет 1,389166 0,000338
найти 0,000000 0,000000
накормит 1,866287 0,000907
нанять 2,167317 0,000527
нападает 1,690196 0,000411
написали 1,167317 0,000284
написано 0,000000 0,000000
направлю 2,167317 0,000527
напротив 0,180546 0,000044
народ 0,735954 0,000179
наука 0,000000 0,000000
находится 1,167317 0,000284
начала 0,381987 0,000093
начали 0,735954 0,000179
начался 1,088136 0,000264
начать 0,720159 0,000175
начинается 1,389166 0,000338
нашей 0,599116 0,000146
наши 0,544068 0,000264
наших 0,690196 0,000168
наяву 1,213075 0,000295
небесах 1,690196 0,000411
невероятно 1,213075 0,000295
невесту 1,125925 0,000274
невы 1,866287 0,000454
невыразимою 2,167317 0,000527
него 0,000000 0,000000
неделю 0,662167 0,000161
недостойная 1,690196 0,000411
недра 1,690196 0,000411
недрами 1,866287 0,000454
неизъяснимую 2,167317 0,000527
некоторое 0,486076 0,000118
нельзя 0,176091 0,000128
нему 0,080958 0,000020
непременно 0,133894 0,000033
несвежо 2,167317 0,000527
несомненную 1,866287 0,000454
несправедливых 2,167317 0,000527
несчастное 1,468347 0,000357
нехороший 2,167317 0,000527
нечего 0,381987 0,000093
нибудь 0,030597 0,000015
никаких 0,565257 0,000137
никогда 0,088136 0,000064
никого 0,411442 0,000100
николавна 1,866287 0,000907
николавну 2,167317 0,000527
никто 0,185046 0,000180
ними 0,275223 0,000134
ниночка 1,468347 0,000357
ниночку 1,690196 0,001232
ничего 0,030597 0,000037
нищих 2,167317 0,000527
новенькие 2,167317 0,001053
новое 0,845098 0,000411
новую 0,752344 0,000366
ногами 0,912045 0,000222
ноги 0,477121 0,000232
ногу 0,805589 0,000196
ноет 2,167317 0,000527
ножиком 1,565257 0,000380
ножные 2,167317 0,000527
ночам 1,125925 0,000274
ночь 0,248239 0,000121
ночью 0,587534 0,000143
ныне 1,021189 0,000248
обеими 0,787106 0,000383
обеих 0,866287 0,000211
обернется 1,866287 0,000454
обернулся 0,824895 0,000401
обеспокоить 1,322219 0,000321
обиду 1,088136 0,000793
обидчика 1,213075 0,000295
обидчику 1,468347 0,000357
обиды 1,088136 0,000264
обиженная 1,866287 0,000454
обижены 1,866287 0,000454
обмочил 2,167317 0,000527
обнаружится 1,866287 0,000454
обнимает 1,690196 0,000411
обнявшись 1,866287 0,000454
обнял 1,088136 0,000264
обнять 1,125925 0,000274
ободрило 1,565257 0,000380
обоим 1,125925 0,000274
оборачиваясь 1,468347 0,000357
обрадовался 0,888564 0,000216
образа 1,389166 0,000338
образом 0,347773 0,000085
общественное 0,000000 0,000000
обыкновению 0,936868 0,000228
обыкновенный 1,322219 0,000321
один 0,046743 0,000091
одна 0,185046 0,000090
однако 0,102859 0,000050
одним 0,286504 0,000070
одно 0,099131 0,000048
одного 0,150284 0,000037
одной 0,243038 0,000177
одному 0,334808 0,000081
ожидал 0,675956 0,000164
озлился 1,389166 0,000675
оказалось 0,486076 0,000118
окну 0,963197 0,000234
опасаясь 1,468347 0,000357
опасно 1,389166 0,000675
опишу 2,167317 0,000527
опубликовано 0,000000 0,000000
опять 0,027438 0,000080
оседлали 2,167317 0,000527
осенью 1,866287 0,000454
оскорбил 1,125925 0,000274
оскорбление 1,565257 0,000380
осматривал 1,468347 0,000357
особенно 0,129891 0,000063
оставаться 0,769377 0,000187
остается 0,787106 0,000191
остались 0,735954 0,000358
остановился 0,419129 0,000102
остервенением 1,468347 0,000357
осуждайте 2,167317 0,000527
осуществим 2,167317 0,000527
осчастливленным 2,167317 0,000527
отвечать 0,824895 0,000200
отвечаю 1,213075 0,000295
отвлечь 1,690196 0,000411
отдадите 1,866287 0,000454
отделался 1,690196 0,000411
отец 0,316059 0,000077
открыть 1,021189 0,000248
отложила 2,167317 0,000527
отнимаю 2,167317 0,000527
отнюдь 0,824895 0,000200
отомстил 2,167317 0,000527
отпечатлелась 2,167317 0,000527
отправимся 1,866287 0,000907
отрываясь 1,167317 0,000284
отскочил 1,468347 0,000357
оттуда 0,888564 0,000216
отца 0,222835 0,000217
отчего 0,554533 0,000135
отъезд 1,866287 0,000454
отыскивать 1,690196 0,000411
офицер 1,125925 0,000547
офицерском 1,565257 0,000380
офицеры 1,690196 0,000411
оформление 0,000000 0,000000
охает 1,690196 0,000411
очень 0,024303 0,000053
павлович 0,419129 0,000102
павловича 0,451314 0,000110
пальцами 0,866287 0,000211
пальцем 1,021189 0,000248
пальчик 1,565257 0,000380
пальчики 1,565257 0,000761
памяти 0,752344 0,000183
папа 1,021189 0,005211
папочка 1,565257 0,001902
папочку 2,167317 0,001053
паяцы 2,167317 0,000527
первый 0,248239 0,000121
передавали 1,264227 0,000307
переедем 2,167317 0,002107
переезд 1,565257 0,000380
перекидывался 2,167317 0,000527
перемогают 2,167317 0,000527
перестал 0,675956 0,000164
перешло 0,000000 0,000000
перочинным 1,565257 0,000380
перст 1,322219 0,000321
песком 1,866287 0,000454
песок 1,690196 0,000821
петербург 0,662167 0,000483
пешечком 1,866287 0,000907
письмоводителя 2,167317 0,000527
плакать 0,866287 0,000211
плачет 0,824895 0,000200
плачущею 2,167317 0,000527
плетня 1,690196 0,000411
плохо 0,912045 0,000222
площади 1,021189 0,000744
площадь 1,322219 0,000321
поберечь 2,167317 0,000527
поблагодарите 1,866287 0,000454
побледневшим 1,690196 0,000411
побледнел 0,704919 0,000171
повалю 2,167317 0,001053
повез 2,167317 0,000527
повернувшись 1,213075 0,000295
повернулся 0,587534 0,000143
повесть 1,468347 0,000357
повеяло 1,866287 0,000454
повыше 1,690196 0,000411
погулять 2,167317 0,000527
подборка 0,000000 0,000000
подведу 2,167317 0,000527
подле 0,419129 0,000204
подлецом 1,389166 0,000675
подняв 1,264227 0,000614
поднял 0,504560 0,000123
подняли 1,389166 0,000338
подобного 1,264227 0,000307
подробность 2,167317 0,000527
подсажу 2,167317 0,000527
подхватил 0,533849 0,000130
поедет 1,389166 0,000338
поединке 1,866287 0,000454
пожалуй 0,237898 0,000058
позвать 1,322219 0,000321
позвольте 0,523865 0,000382
позовешь 2,167317 0,000527
позор 0,824895 0,000200
пойдем 0,912045 0,000222
пойду 0,623249 0,000303
пока 0,213075 0,000052
покажу 0,991226 0,000241
показав 1,565257 0,000380
показывая 1,213075 0,000295
поклонится 1,866287 0,000454
покраснел 0,675956 0,000164
покус 2,167317 0,000527
полететь 1,866287 0,000454
полечить 2,167317 0,000527
полку 1,565257 0,000380
полным 1,088136 0,000264
половина 0,866287 0,000211
положение 0,866287 0,000211
положил 0,599116 0,000146
получить 0,752344 0,000366
пользу 0,824895 0,000200
поминутно 0,635838 0,000155
помириться 1,264227 0,000307
помню 0,486076 0,000236
помолчал 0,991226 0,000241
помощи 1,088136 0,000264
помощь 1,167317 0,000567
помощью 1,690196 0,000411
понесло 2,167317 0,000527
понимаете 0,866287 0,000211
понимал 0,554533 0,000135
понимаю 0,381987 0,000093
понять 0,396465 0,000193
попало 1,389166 0,000675
пора 0,845098 0,000205
порознь 1,565257 0,000380
поручение 1,213075 0,000295
поручения 2,167317 0,000527
поручила 2,167317 0,001053
порядочного 1,389166 0,000338
посадить 1,264227 0,000614
посажу 2,167317 0,000527
посетителей 0,000000 0,000000
посетители 0,000000 0,000000
поскорее 0,486076 0,000118
пославшим 2,167317 0,000527
после 0,084532 0,000021
последнего 0,635838 0,000155
последние 0,533849 0,000130
последний 0,403889 0,000196
послушайте 0,787106 0,000383
посмеет 1,866287 0,000454
посмертно 0,000000 0,000000
посреди 1,322219 0,000321
постель 0,936868 0,000228
постепенно 1,088136 0,000264
посторонней 1,866287 0,000454
посудите 1,866287 0,000454
посуды 2,167317 0,000527
посылает 1,389166 0,000338
посылать 1,565257 0,000380
потекут 1,866287 0,000454
потом 0,084532 0,000041
потому 0,024303 0,000018
почему 0,099131 0,000024
починю 2,167317 0,000527
почти 0,024303 0,000012
почувствовал 0,623249 0,000151
пошел 0,275223 0,000134
пошлю 1,468347 0,000357
пояснить 2,167317 0,000527
права 0,554533 0,000135
правая 1,565257 0,000380
правда 0,162996 0,000040
правду 0,443041 0,000215
правды 0,963197 0,000234
править 2,167317 0,000527
право 0,361137 0,000088
правой 0,912045 0,000443
правую 0,936868 0,000228
правы 1,021189 0,000248
правым 1,690196 0,000411
пред 0,033778 0,000008
предпринять 1,690196 0,000411
представивишуюся 2,167317 0,000527
прежнему 0,587534 0,000143
презирайте 1,565257 0,000380
презрения 0,963197 0,000234
презренных 2,167317 0,000527
прекрасное 0,991226 0,000241
преследовать 1,565257 0,000380
прибавляет 1,690196 0,000411
прибыла 1,690196 0,000411
придет 0,514105 0,000125
придется 0,991226 0,000241
придумать 1,389166 0,000338
приеду 1,264227 0,000614
приезжал 1,389166 0,000338
прижизненно 0,000000 0,000000
прижимает 2,167317 0,000527
призывает 1,690196 0,000411
приказу 1,468347 0,000357
приковался 1,565257 0,000380
приму 1,125925 0,000547
примут 1,167317 0,000284
принесет 1,468347 0,000357
принять 0,523865 0,000509
приобретено 1,866287 0,000454
припадает 2,167317 0,000527
прислуги 1,565257 0,000380
присылай 1,866287 0,000454
притих 2,167317 0,000527
приходили 0,936868 0,000228
приходить 0,888564 0,000216
приходя 1,468347 0,000357
причине 1,322219 0,000321
пришел 0,322219 0,000157
пришибла 2,167317 0,001053
пришла 0,648803 0,000158
пришлет 1,322219 0,000321
прищурился 1,690196 0,000411
приятель 1,264227 0,000307
пробежав 1,690196 0,000411
пробежал 1,468347 0,000357
пробормотал 0,334808 0,000081
проговорив 1,053374 0,000256
прогоню 1,389166 0,000338
программирование 0,000000 0,000000
продает 2,167317 0,000527
продолжал 0,292256 0,000284
продолжение 0,912045 0,000222
прожекте 2,167317 0,000527
прожили 1,565257 0,000380
прозвали 1,690196 0,000411
произведение 0,000000 0,000000
произведений 0,000000 0,000000
произведения 0,000000 0,000000
произвели 1,125925 0,000274
произнес 0,361137 0,000088
произойти 0,963197 0,000234
произошел 0,888564 0,000432
пройдемте 2,167317 0,000527
пройдет 1,021189 0,000248
прокричал 0,720159 0,000350
проломить 2,167317 0,000527
промелькнуло 1,125925 0,000274
пропащий 2,167317 0,000527
прописал 2,167317 0,001580
прорвутся 2,167317 0,000527
просил 0,599116 0,000291
просить 0,504560 0,000245
простирая 1,389166 0,000338
простите 0,648803 0,000631
против 0,389166 0,000189
протянул 0,675956 0,000164
процессик 2,167317 0,000527
прошептал 0,675956 0,000164
прошло 0,000000 0,000000
прошлогодний 2,167317 0,000527
прощаю 1,389166 0,000338
прощения 0,690196 0,000335
прямо 0,118099 0,000029
публикации 0,000000 0,000000
публично 1,213075 0,000295
пустил 1,167317 0,000284
пустите 1,866287 0,000907
пустынное 1,866287 0,000454
пути 1,021189 0,000248
пылкого 2,167317 0,000527
пырнул 1,565257 0,000380
пьяные 1,468347 0,000714
пятая 1,264227 0,000307
пяти 0,662167 0,000322
работает 1,690196 0,000411
работать 1,213075 0,000295
радужные 1,468347 0,000714
разбогатеете 2,167317 0,001053
разбогатею 2,167317 0,000527
разбудить 1,322219 0,000321
разве 0,146128 0,000071
разверните 2,167317 0,000527
развертывал 1,468347 0,000357
развлек 2,167317 0,000527
разгладив 2,167317 0,000527
разглаживал 2,167317 0,000527
разговаривать 1,264227 0,000614
разговор 0,434924 0,000106
разговора 0,805589 0,000196
раздражен 1,125925 0,000274
размаху 1,389166 0,000338
разобью 1,866287 0,000454
разрешения 0,000000 0,000000
разу 0,704919 0,000171
разумное 1,866287 0,000907
раскаяние 1,167317 0,000284
расписками 1,866287 0,000454
расписывали 2,167317 0,000527
распоряжению 1,565257 0,000380
растворе 2,167317 0,000527
рвется 1,690196 0,000411
ревматизме 2,167317 0,000527
рецепт 2,167317 0,000527
речь 0,704919 0,000171
решившегося 2,167317 0,000527
решился 0,554533 0,000135
ровно 0,533849 0,000130
родится 2,167317 0,000527
родословная 2,167317 0,000527
роду 1,389166 0,000338
россии 0,623249 0,000151
рублей 0,367977 0,000715
руками 0,280827 0,000068
руке 0,735954 0,000358
руки 0,167317 0,000163
руку 0,222835 0,000217
русская 0,000000 0,000000
русский 0,752344 0,000183
русской 1,088136 0,000264
ручка 1,866287 0,000907
ручки 1,213075 0,000295
ручкой 1,565257 0,000380
ручку 0,888564 0,000216
ручонками 1,690196 0,000821
ручьи 2,167317 0,000527
рыцарский 2,167317 0,000527
рыцарском 2,167317 0,000527
саблей 2,167317 0,001580
саблю 1,866287 0,000454
садиться 1,167317 0,000284
сайте 0,000000 0,000000
сами 0,142011 0,000104
самого 0,118099 0,000086
самой 0,258832 0,000189
самом 0,114239 0,000028
самому 0,426955 0,000104
самую 0,459747 0,000335
самые 0,381987 0,000278
самый 0,198834 0,000145
самым 0,280827 0,000136
сбит 1,690196 0,000411
сбоку 0,912045 0,000222
сверкают 1,690196 0,000821
свете 0,426955 0,000415
свету 1,167317 0,000284
свободно 0,000000 0,000000
своего 0,091770 0,000045
своей 0,066947 0,000033
своею 0,443041 0,000108
свои 0,146128 0,000036
своим 0,208276 0,000101
свою 0,073896 0,000054
своя 1,322219 0,000321
святой 0,912045 0,000222
сгонит 2,167317 0,001053
сделал 0,381987 0,000093
сделать 0,403889 0,000098
себе 0,033778 0,000016
себя 0,005949 0,000003
сего 0,611015 0,000148
сегодня 0,000000 0,000000
сезон 1,866287 0,000454
сейчас 0,070407 0,000120
секунданта 1,866287 0,000454
семидесяти 0,000000 0,000000
сентябре 2,167317 0,000527
сердца 0,334808 0,000244
сердце 0,171682 0,000042
сестра 0,824895 0,000601
сестриц 2,167317 0,000527
сестры 0,824895 0,000401
сидим 1,322219 0,000321
сидят 1,213075 0,000295
сижу 0,824895 0,000401
силе 1,213075 0,000295
сильнее 0,866287 0,000421
синяк 2,167317 0,000527
сиротой 2,167317 0,000527
скажу 0,275223 0,000134
сказал 0,099131 0,000072
сказали 0,544068 0,000132
сказать 0,073896 0,000018
ской 1,690196 0,000411
сколько 0,280827 0,000136
скомкает 2,167317 0,000527
скоплю 2,167317 0,000527
скороговоркой 1,264227 0,000614
скривился 2,167317 0,000527
слабоумная 2,167317 0,000527
слабый 1,021189 0,000248
слава 0,769377 0,000187
слез 0,787106 0,000191
слезами 0,554533 0,000135
слезливая 2,167317 0,000527
слезы 0,554533 0,000270
слишком 0,133894 0,000033
слова 0,129891 0,000032
словно 0,866287 0,000211
слово 0,232819 0,000113
сложил 1,264227 0,000307
служанку 1,468347 0,000357
служим 2,167317 0,000527
случае 0,248239 0,000060
случаю 0,936868 0,000228
слушайте 0,912045 0,000665
слышал 0,389166 0,000095
слышали 0,611015 0,000148
слышу 0,991226 0,000241
смей 1,264227 0,000307
смеркалось 1,690196 0,000411
смех 0,704919 0,000171
смеха 1,088136 0,000264
смирился 1,565257 0,000380
смотрел 0,298086 0,000072
смотрю 0,866287 0,000211
смотря 0,322219 0,000078
смыслах 2,167317 0,000527
смягчила 2,167317 0,000527
смял 2,167317 0,000527
смяты 2,167317 0,000527
смятые 1,866287 0,000454
сначала 0,434924 0,000106
снести 1,125925 0,000274
снова 0,565257 0,000137
собаке 1,322219 0,000321
соберемся 1,866287 0,000454
собой 0,253503 0,000062
собрание 0,000000 0,000000
события 1,264227 0,000307
совершенно 0,180546 0,000044
советовал 1,468347 0,000357
совсем 0,021189 0,000021
согласился 0,735954 0,000179
согласия 0,000000 0,000000
солнце 0,845098 0,000205
сообщил 0,824895 0,000401
сорок 0,845098 0,000205
состоянии 0,459747 0,000112
сотрясаемся 2,167317 0,000527
сотрясалось 2,167317 0,000527
сочинений 0,000000 0,000000
сочинить 1,690196 0,000411
сошка 2,167317 0,000527
спасение 1,389166 0,000338
спасением 1,866287 0,000454
спеша 0,866287 0,000211
сплетен 1,565257 0,000380
сплюснуты 2,167317 0,000527
спрашивает 1,125925 0,000274
спросить 0,495219 0,000120
спрошу 1,125925 0,000274
спрятан 1,565257 0,000380
срывалась 2,167317 0,000527
срывался 1,866287 0,000454
срывающеюся 2,167317 0,000527
стал 0,125925 0,000061
стала 0,544068 0,000132
стали 0,322219 0,000157
стало 0,091770 0,000022
станется 1,389166 0,000675
старика 0,587534 0,000143
стиснул 1,565257 0,000380
стоила 1,866287 0,000454
стоит 0,316059 0,000154
стойте 1,389166 0,000675
столь 0,434924 0,000106
столько 0,477121 0,000232
стонет 1,389166 0,000338
сторону 0,611015 0,000297
сторублевые 1,690196 0,000411
стою 0,866287 0,000632
стоял 0,309985 0,000075
стояли 0,690196 0,000168
страдает 1,468347 0,000357
странно 0,354404 0,000172
страшное 0,991226 0,000241
сударь 1,053374 0,000768
судороге 1,690196 0,000411
сумасшедшая 1,088136 0,000264
сунул 1,167317 0,000284
существ 1,389166 0,000338
существе 1,565257 0,000380
схватил 0,533849 0,000389
схватился 1,389166 0,000338
сцену 0,845098 0,000205
счастия 1,088136 0,000264
счет 0,690196 0,000168
такая 0,309985 0,000151
также 0,000000 0,000000
таки 0,066947 0,000049
таких 0,243038 0,000118
такого 0,243038 0,000059
такое 0,114239 0,000028
такой 0,077412 0,000038
таком 0,309985 0,000151
такую 0,334808 0,000081
тащили 1,866287 0,000454
тащить 1,565257 0,000761
твердым 1,125925 0,000274
твое 0,845098 0,000205
твоего 0,787106 0,000191
тебе 0,203530 0,000099
тебя 0,198834 0,000435
текст 0,000000 0,000000
тележку 2,167317 0,000527
темных 1,322219 0,000321
теперь 0,015029 0,000051
теплыми 2,167317 0,000527
тихого 1,565257 0,000380
тобой 0,419129 0,000102
товарищами 1,565257 0,000380
тогда 0,050046 0,000207
того 0,005949 0,000012
тоже 0,043466 0,000085
толку 0,912045 0,000222
только 0,002964 0,000012
томах 0,000000 0,000000
тому 0,095435 0,000070
тоненькие 1,866287 0,000454
топтать 2,167317 0,000527
торопился 1,125925 0,000274
торопясь 1,021189 0,000248
тотчас 0,046743 0,000011
точно 0,121994 0,000119
трактира 1,322219 0,000643
третий 0,544068 0,000132
третьего 0,662167 0,000483
третья 0,486076 0,000118
трещат 1,866287 0,000454
тридцать 0,769377 0,000374
трус 1,389166 0,000338
тягостно 2,167317 0,000527
тянет 1,468347 0,000357
убивать 1,264227 0,000307
убить 0,599116 0,000291
убьет 0,936868 0,000455
убью 0,963197 0,000234
уважаемой 1,866287 0,000454
увидал 0,735954 0,000179
угла 0,963197 0,000234
уговариваете 2,167317 0,000527
уговорить 1,565257 0,000380
угодно 0,504560 0,000123
уголок 1,468347 0,000357
удалились 1,322219 0,000321
удар 1,167317 0,000284
ударил 0,912045 0,000222
ударом 1,468347 0,000357
удивления 0,963197 0,000234
удовлетворение 1,565257 0,000380
удовлетворения 1,389166 0,000675
ужасно 0,167317 0,000041
узнав 0,936868 0,000455
узнает 0,912045 0,000443
узнал 0,381987 0,000093
узнали 0,824895 0,000200
узнать 0,374926 0,000091
узнаю 1,021189 0,000248
узнают 1,389166 0,000338
уймется 2,167317 0,000527
указательным 1,866287 0,000454
укладывает 2,167317 0,000527
укусил 1,389166 0,000338
улыбаясь 0,805589 0,000196
умершим 0,000000 0,000000
умная 1,866287 0,000454
умоляет 1,690196 0,000411
умри 1,565257 0,000380
унизил 1,565257 0,000380
упекут 2,167317 0,000527
упор 0,963197 0,000234
уроками 1,866287 0,000454
уроки 1,213075 0,000590
усадим 2,167317 0,000527
успехе 1,866287 0,000454
устроили 1,866287 0,000454
утешил 2,167317 0,000527
утра 0,576253 0,000140
утром 0,411442 0,000200
участие 0,888564 0,000216
учит 1,468347 0,000357
фамильная 2,167317 0,000527
федор 0,000000 0,000000
федора 0,554533 0,000135
федорович 0,253503 0,000493
фокус 1,866287 0,000907
фокусик 2,167317 0,001580
формуляр 2,167317 0,000527
хватается 2,167317 0,000527
хлопоты 1,565257 0,000380
ходим 1,866287 0,000454
ходит 0,769377 0,000187
холодненькие 2,167317 0,000527
холодов 2,167317 0,000527
хоромах 2,167317 0,002633
хорош 1,053374 0,000256
хороший 0,963197 0,000234
хотел 0,158717 0,000077
хотелось 0,381987 0,000186
хотите 0,419129 0,000102
хотя 0,050046 0,000036
хочет 0,322219 0,000235
хуже 0,635838 0,000155
царь 1,866287 0,000454
целовал 1,088136 0,000529
целует 1,690196 0,000821
целы 1,468347 0,000357
целый 0,486076 0,000118
часа 0,000000 0,000000
часто 0,292256 0,000071
часть 0,002964 0,000001
чего 0,040213 0,000010
человек 0,036984 0,000018
человека 0,154480 0,000075
человеком 0,504560 0,000123
чести 0,735954 0,000179
честно 0,991226 0,000241
четвертая 0,426955 0,000208
четыре 0,477121 0,000116
чинит 2,167317 0,000527
чиновник 0,963197 0,000234
число 0,000000 0,000000
чистом 1,264227 0,000614
чистый 1,213075 0,000295
читаем 0,000000 0,000000
читать 0,000000 0,000000
чрез 0,275223 0,000067
чрезвычайно 0,217927 0,000053
чрезвычайное 0,735954 0,000179
чтобы 0,030597 0,000030
чьего 0,000000 0,000000
чьему 2,167317 0,000527
шагов 0,720159 0,000350
шажком 2,167317 0,000527
швырнет 2,167317 0,000527
шепотом 0,675956 0,000164
шептал 1,389166 0,001013
шестнадцать 2,167317 0,000527
школах 1,690196 0,000821
школе 1,468347 0,001070
школу 1,389166 0,001013
школы 1,565257 0,001522
школьниками 1,468347 0,000357
школьники 1,690196 0,001643
штабс 1,021189 0,002482
шуты 1,866287 0,000454
этим 0,189594 0,000046
этими 0,635838 0,000309
этого 0,053374 0,000039
этом 0,046743 0,000057
этот 0,011981 0,000023
юродливым 2,167317 0,000527
ясно 0,354404 0,000086
