автор 0,000000 0,000000
автором 0,000000 0,000000
авторского 0,000000 0,000000
авторы 0,000000 0,000000
агафьей 2,167317 0,001469
агафью 2,167317 0,000735
агафья 1,866287 0,001898
азартом 1,389166 0,000471
аксессуар 2,167317 0,000735
алексей 0,000000 0,000000
алексея 0,000000 0,000000
алеша 0,381987 0,000777
алешка 1,088136 0,000369
аллегорически 1,866287 0,000633
альбом 1,565257 0,000531
ангелами 1,866287 0,000633
анекдотах 1,565257 0,001061
арест 1,866287 0,000633
аристократического 2,167317 0,000735
бабы 1,167317 0,000791
балов 1,866287 0,000633
барыньки 2,167317 0,000735
барышней 1,690196 0,000573
барышня 1,690196 0,000573
баталион 2,167317 0,001469
баталионе 2,167317 0,000735
батарейного 2,167317 0,000735
бедную 1,264227 0,000429
бедняжка 1,565257 0,000531
безгрешно 1,866287 0,000633
безо 0,599116 0,000203
безответную 1,690196 0,000573
безумнейшей 2,167317 0,000735
безыменный 2,167317 0,000735
берут 1,468347 0,000995
беспокойся 1,125925 0,000382
беспокойтесь 0,805589 0,000273
бессловесная 1,866287 0,000633
бесчестен 1,213075 0,000411
библиотека 0,000000 0,000000
билет 1,468347 0,000498
благодарны 1,690196 0,000573
благородная 1,389166 0,000471
благороднейшим 1,322219 0,000448
богат 1,690196 0,000573
бойкая 1,468347 0,000498
более 0,000000 0,000000
болен 0,704919 0,000239
болтаю 1,690196 0,000573
больше 0,137934 0,000047
большинстве 1,468347 0,000498
большого 0,769377 0,000261
бородачу 2,167317 0,000735
борьбах 2,167317 0,000735
борьбы 1,468347 0,000498
боюсь 0,504560 0,000171
брат 0,303994 0,000515
братья 0,176091 0,000239
бросал 1,565257 0,000531
бросаю 2,167317 0,000735
бросилась 0,648803 0,000220
бросился 0,451314 0,000153
будет 0,077412 0,000079
будто 0,099131 0,000034
буду 0,208276 0,000141
бурбон 1,866287 0,000633
бывало 0,554533 0,000564
бывают 0,936868 0,000318
бывший 0,845098 0,000286
была 0,046743 0,000206
были 0,099131 0,000235
было 0,000000 0,000000
быть 0,002964 0,000007
вашу 0,504560 0,000171
вбежали 1,565257 0,000531
вверх 0,866287 0,000587
вверху 1,468347 0,000498
вдовцу 2,167317 0,000735
вдруг 0,005949 0,000024
ведь 0,043466 0,000147
велено 1,468347 0,000498
великодушия 1,125925 0,000382
велит 1,053374 0,000357
величии 1,866287 0,000633
верил 0,752344 0,000255
верили 1,468347 0,000498
веришь 0,912045 0,000309
вернейшему 2,167317 0,000735
верхнюю 1,565257 0,000531
верь 1,125925 0,000382
веселило 2,167317 0,000735
веселить 1,690196 0,000573
веселости 1,468347 0,000498
веселю 2,167317 0,000735
вестовой 2,167317 0,000735
весь 0,099131 0,000168
вечере 1,389166 0,000471
вещественных 1,866287 0,000633
вещи 0,735954 0,000249
вещь 0,720159 0,000488
взглядом 0,504560 0,000171
взглянул 0,805589 0,000273
вздрогнула 1,322219 0,000448
взял 0,269690 0,000183
виде 0,434924 0,000147
видел 0,248239 0,000337
видимо 0,328468 0,000111
видишь 0,599116 0,000203
вижу 0,286504 0,000194
визиты 0,000000 0,000000
виноват 0,523865 0,000178
вкатил 2,167317 0,000735
вкусе 1,690196 0,000573
вложил 1,565257 0,000531
вместе 0,208276 0,000141
внимательно 0,845098 0,000286
вовсе 0,150284 0,000051
возвратил 1,322219 0,000448
возвратясь 1,322219 0,000448
возвращает 2,167317 0,000735
вознаграждения 0,000000 0,000000
воистину 0,912045 0,000309
волнении 0,675956 0,000458
волосок 1,690196 0,000573
ворвалась 2,167317 0,000735
воспоминаний 1,389166 0,000471
восторга 0,720159 0,000488
вошла 0,912045 0,000309
вперед 0,426955 0,000145
впрочем 0,118099 0,000120
впрямь 0,769377 0,000261
враги 1,213075 0,000822
времени 0,269690 0,000091
время 0,043466 0,000029
вроде 0,662167 0,000224
всегда 0,129891 0,000088
всего 0,040213 0,000027
всей 0,248239 0,000168
всем 0,070407 0,000095
всему 0,486076 0,000165
всех 0,060107 0,000082
вскоре 0,991226 0,000336
вскочила 0,888564 0,000301
вслед 0,523865 0,000178
вспоминая 1,322219 0,000448
встал 0,403889 0,000274
встречаю 1,565257 0,000531
вступать 1,690196 0,001146
вступит 1,866287 0,000633
всякого 0,514105 0,000349
всякою 1,690196 0,000573
вторая 0,514105 0,000523
второй 0,704919 0,000239
выбежала 1,213075 0,000411
выгонят 1,866287 0,000633
выдавал 1,866287 0,000633
выдержала 1,167317 0,000396
выйдет 0,587534 0,000199
выкинуть 1,690196 0,000573
вынул 0,599116 0,000406
выплаты 0,000000 0,000000
выслали 2,167317 0,000735
высокая 1,389166 0,000471
выстрелило 2,167317 0,000735
вытолкать 1,866287 0,000633
выходила 1,389166 0,000471
выходить 0,963197 0,000327
вышла 0,495219 0,000504
вышло 0,523865 0,000355
генерал 0,554533 0,000188
генеральского 2,167317 0,000735
главное 0,189594 0,000129
глаза 0,129891 0,000088
глазами 0,403889 0,000137
глазки 1,167317 0,000396
глазом 1,322219 0,000448
глубоко 0,611015 0,000207
глупость 0,912045 0,000309
глухие 1,690196 0,000573
глядел 0,554533 0,000376
глядит 0,866287 0,000294
говорил 0,095435 0,000032
говорила 0,587534 0,000199
говорит 0,189594 0,000129
говорите 0,533849 0,000181
говорю 0,203530 0,000276
говоря 0,434924 0,000147
года 0,477121 0,000162
головами 1,565257 0,000531
голову 0,227798 0,000077
голос 0,533849 0,000362
голубчик 0,587534 0,000199
гордая 1,125925 0,000382
гордился 1,565257 0,000531
гордячку 2,167317 0,000735
горели 1,389166 0,000471
горничными 2,167317 0,000735
город 0,523865 0,000533
городе 0,565257 0,000383
городишке 1,690196 0,001146
городишко 1,565257 0,001061
городом 1,866287 0,000633
городу 0,888564 0,000301
горячего 1,322219 0,001793
гостинцами 2,167317 0,000735
гостинцу 1,866287 0,000633
готовят 1,866287 0,000633
грубоватое 2,167317 0,000735
грудь 0,752344 0,000255
грушенька 0,675956 0,000229
грязи 1,389166 0,000942
губах 1,053374 0,000357
губки 1,468347 0,000498
гувернанток 1,866287 0,000633
давеча 0,232819 0,000079
давно 0,158717 0,000161
дадите 1,565257 0,000531
даже 0,005949 0,000016
дайте 0,735954 0,000249
далеко 0,599116 0,000406
дальше 0,002964 0,000001
дама 0,735954 0,000249
дамы 0,648803 0,000220
данные 0,000000 0,000000
дарили 1,866287 0,000633
двадцати 0,675956 0,000229
дверь 0,367977 0,000249
двинуться 1,866287 0,000633
двое 0,963197 0,000653
двора 0,912045 0,000309
двух 0,264227 0,000090
двухствольное 2,167317 0,000735
дебелая 2,167317 0,000735
девиц 1,167317 0,000396
девицу 1,468347 0,000498
девицы 1,021189 0,000346
девичью 2,167317 0,000735
девочку 1,264227 0,000429
девою 2,167317 0,000735
девушка 0,805589 0,000273
девчоночка 2,167317 0,000735
действительно 0,106619 0,000072
дела 0,309985 0,000105
делала 1,468347 0,000498
деле 0,162996 0,000055
дело 0,063514 0,000065
денег 0,309985 0,000525
денежных 1,866287 0,000633
деньги 0,280827 0,000571
держат 1,565257 0,000531
дерзко 1,468347 0,000498
дери 1,213075 0,000411
дескать 0,419129 0,000426
дивизии 1,866287 0,000633
дмитрий 0,468347 0,000159
дней 0,514105 0,000174
добровольно 1,322219 0,000448
добродетельная 1,690196 0,000573
добродушнейшего 2,167317 0,000735
довольно 0,129891 0,000088
довольны 1,213075 0,000411
доктор 0,735954 0,000249
долго 0,222835 0,000076
должен 0,258832 0,000088
должно 0,286504 0,000194
дома 0,298086 0,000404
досконально 2,167317 0,000735
достал 1,167317 0,000396
достоверно 1,690196 0,000573
достоевский 0,000000 0,000000
достояние 0,000000 0,000000
дочку 1,389166 0,000471
дочь 0,587534 0,000797
древнейших 1,690196 0,000573
другим 0,533849 0,000362
другого 0,396465 0,000134
другое 0,309985 0,000105
другой 0,146128 0,000099
другую 0,495219 0,000168
дружбу 1,125925 0,000382
дружески 0,991226 0,000672
дряни 2,167317 0,000735
думаешь 0,752344 0,000255
думал 0,258832 0,000088
думала 0,720159 0,000244
думаю 0,328468 0,000111
душе 0,514105 0,000174
души 0,523865 0,000178
душой 0,824895 0,000280
единою 2,167317 0,000735
если 0,011981 0,000012
есть 0,018098 0,000037
жаром 0,587534 0,000199
жару 1,167317 0,000396
жать 1,866287 0,000633
желаний 1,389166 0,000471
желаниями 1,866287 0,000633
жена 0,912045 0,000309
жениха 1,167317 0,000396
женского 1,125925 0,000382
женщинами 1,690196 0,000573
женщиной 1,125925 0,000382
женщины 0,576253 0,000195
жены 1,053374 0,000714
жертвы 1,213075 0,000411
жестокое 1,389166 0,000471
жестокость 1,565257 0,000531
живут 1,088136 0,000369
живые 1,690196 0,000573
жизнь 0,162996 0,000055
жила 1,125925 0,000382
жили 1,167317 0,000396
забавляла 2,167317 0,000735
заболевает 2,167317 0,000735
заведомо 2,167317 0,000735
завершить 1,866287 0,000633
зависит 1,021189 0,000346
завтра 0,298086 0,000404
загаженного 2,167317 0,000735
загаженное 2,167317 0,000735
загалдел 2,167317 0,000735
заговорил 0,599116 0,000203
заговорили 1,167317 0,000396
задержал 1,468347 0,000498
задохлась 2,167317 0,000735
задрожали 1,322219 0,000448
зазвал 1,866287 0,000633
закипела 1,565257 0,000531
закололся 2,167317 0,000735
заколоть 2,167317 0,000735
закоулочки 2,167317 0,000735
закуску 1,468347 0,000498
залы 1,213075 0,000411
заметил 0,154480 0,000105
заметь 1,213075 0,000822
замолчали 1,468347 0,000498
замуж 0,735954 0,000249
запомнила 1,389166 0,000471
зарядил 1,690196 0,000573
затем 0,237898 0,000242
зато 0,468347 0,000159
захватила 1,690196 0,000573
захотелось 0,787106 0,000267
звали 1,125925 0,000382
здоровья 1,322219 0,000448
земли 0,769377 0,000261
зимой 1,322219 0,000448
злое 1,322219 0,000896
злой 1,167317 0,000396
злому 1,866287 0,000633
злость 1,389166 0,000471
знает 0,171682 0,000233
знаете 0,286504 0,000097
знакомиться 1,565257 0,000531
знал 0,114239 0,000116
знатная 1,690196 0,000573
знатного 1,468347 0,000498
знатные 1,565257 0,000531
знаток 1,389166 0,000471
знать 0,328468 0,000111
значат 1,866287 0,000633
значит 0,243038 0,000165
знаю 0,095435 0,000065
золотых 1,389166 0,000471
иван 0,303994 0,000412
ивана 0,504560 0,000171
ивановна 0,486076 0,000330
ивановной 0,963197 0,000653
ивановну 0,805589 0,000273
игра 1,322219 0,000448
идет 0,514105 0,000174
известно 0,334808 0,000113
изволили 0,845098 0,000286
именно 0,066947 0,000068
иного 1,053374 0,000357
института 1,866287 0,000633
институтка 2,167317 0,001469
институтку 1,866287 0,000633
институтски 2,167317 0,000735
интонацией 2,167317 0,000735
инфернально 2,167317 0,000735
искать 0,769377 0,000261
исключая 1,322219 0,000448
исповедь 1,021189 0,001385
использоваться 0,000000 0,000000
испугалась 1,213075 0,000822
истекло 2,167317 0,000735
истории 0,752344 0,000255
источник 0,000000 0,000000
исчезала 1,866287 0,000633
каждый 0,367977 0,000125
кажется 0,118099 0,000080
казалось 0,316059 0,000107
казенной 1,866287 0,000633
казенную 1,690196 0,000573
казенных 1,866287 0,000633
какие 0,232819 0,000079
каких 0,468347 0,000318
какого 0,347773 0,000236
какой 0,095435 0,000162
какою 0,599116 0,000203
кануло 2,167317 0,000735
карамазов 0,587534 0,000199
карамазовская 1,468347 0,000498
карамазовы 0,180546 0,000245
картины 1,213075 0,000411
катенька 1,866287 0,000633
катерина 0,735954 0,000499
катериной 1,213075 0,000411
катю 1,322219 0,000448
квартире 1,167317 0,000396
квартиру 0,805589 0,000273
кидать 1,690196 0,000573
кладу 1,866287 0,000633
клоп 1,866287 0,001265
клопа 2,167317 0,000735
клопу 2,167317 0,000735
книга 0,176091 0,000119
книге 1,322219 0,000448
книги 0,000000 0,000000
книгою 2,167317 0,000735
когда 0,015029 0,000046
кого 0,222835 0,000076
коли 0,269690 0,000091
командира 2,167317 0,000735
комаров 0,000000 0,000000
кому 0,341243 0,000116
конечно 0,060107 0,000102
концы 1,468347 0,000498
корил 2,167317 0,000735
кормил 2,167317 0,000735
которое 0,426955 0,000145
которой 0,213075 0,000144
который 0,110412 0,000037
кравченко 2,167317 0,000735
красавиц 1,866287 0,000633
красавица 1,167317 0,000396
красива 2,167317 0,001469
краснеешь 2,167317 0,000735
крест 0,912045 0,000309
крикнул 0,381987 0,000129
кроткого 1,690196 0,000573
кроткую 1,866287 0,000633
кругом 0,419129 0,000142
куда 0,248239 0,000084
купеческую 1,866287 0,000633
купцу 1,468347 0,000498
купчик 1,690196 0,000573
курок 1,690196 0,000573
кутеж 1,322219 0,000448
кутил 1,389166 0,000471
кучеру 1,565257 0,000531
кучу 1,565257 0,000531
лбом 1,264227 0,000429
легковерно 2,167317 0,000735
легкомыслие 1,468347 0,000498
лежал 0,648803 0,000220
лексиконе 1,690196 0,000573
либо 0,000000 0,000000
линейном 2,167317 0,000735
линии 1,468347 0,000498
литература 0,000000 0,000000
лицо 0,114239 0,000039
лицом 0,000000 0,000000
лицу 0,587534 0,000199
лучше 0,162996 0,000055
льдом 1,866287 0,000633
льду 1,468347 0,000498
любви 0,504560 0,000342
любезности 1,690196 0,000573
любил 0,374926 0,000635
любили 0,866287 0,000881
люблю 0,347773 0,000236
любопытнее 1,866287 0,000633
любопытнейшую 2,167317 0,000735
любым 0,000000 0,000000
любя 1,213075 0,000411
любят 0,752344 0,000255
майор 1,866287 0,000633
мальчишки 1,322219 0,000448
матери 0,451314 0,000153
меня 0,027438 0,000195
мерзлому 2,167317 0,000735
мерзостей 2,167317 0,000735
месте 0,286504 0,000097
место 0,334808 0,000113
месту 1,125925 0,000382
месяцев 0,866287 0,000587
миленьким 2,167317 0,000735
милую 1,389166 0,000471
милый 0,477121 0,000162
минуту 0,084532 0,000057
митя 0,587534 0,000199
многие 0,468347 0,000159
много 0,080958 0,000027
многое 0,662167 0,000224
мной 0,237898 0,000081
мною 0,635838 0,000216
могила 1,468347 0,001493
могло 0,403889 0,000137
моей 0,280827 0,000095
моему 0,354404 0,000120
может 0,000000 0,000000
можно 0,088136 0,000120
моим 0,675956 0,000229
молодец 1,322219 0,000448
молча 0,367977 0,000125
молчи 0,912045 0,000618
молчу 1,468347 0,001493
момента 0,000000 0,000000
мстительно 1,866287 0,000633
музыка 1,264227 0,000429
мундир 1,690196 0,000573
мухами 2,167317 0,001469
мысль 0,264227 0,000358
мягко 1,167317 0,000396
навсегда 0,735954 0,000249
надежды 0,912045 0,000309
надзором 1,468347 0,000498
надлежащего 2,167317 0,000735
надо 0,036984 0,000050
надушил 2,167317 0,000735
назад 0,000000 0,000000
название 0,000000 0,000000
назвать 1,088136 0,000369
найти 0,000000 0,000000
наконец 0,073896 0,000025
налицо 1,468347 0,000498
наличности 2,167317 0,000735
нанимал 1,690196 0,000573
написано 0,000000 0,000000
напрасно 0,805589 0,000273
напротив 0,180546 0,000061
нарочно 0,227798 0,000077
насекомого 2,167317 0,000735
насекомое 1,565257 0,001592
наследника 2,167317 0,000735
насмешкой 1,264227 0,000429
наука 0,000000 0,000000
начали 0,735954 0,000249
начальник 1,690196 0,000573
начальство 1,389166 0,000471
нашему 0,888564 0,000602
наши 0,544068 0,000184
нашим 0,936868 0,000318
наших 0,690196 0,000234
небылицей 2,167317 0,000735
невзлюбил 1,690196 0,000573
невинная 1,468347 0,000498
невинностей 2,167317 0,000735
него 0,000000 0,000000
негодовании 0,912045 0,000309
негодования 0,845098 0,000286
недавно 0,576253 0,000195
недели 0,565257 0,000192
недовольны 2,167317 0,000735
недурна 1,866287 0,000633
недурного 2,167317 0,000735
нельзя 0,176091 0,000119
немедленно 0,554533 0,000188
немного 0,426955 0,000289
немножко 1,021189 0,000346
нему 0,080958 0,000082
ненавистью 1,088136 0,001107
неожиданности 1,565257 0,000531
непременно 0,133894 0,000045
нерешительность 2,167317 0,000735
нерушимо 1,565257 0,000531
несколько 0,102859 0,000035
нескольку 1,264227 0,000429
неужели 0,389166 0,000132
нибудь 0,030597 0,000021
нижнюю 1,468347 0,000498
низких 1,866287 0,000633
низок 1,213075 0,000411
низость 1,088136 0,000369
низостью 1,468347 0,000498
низшей 2,167317 0,000735
никак 0,396465 0,000134
никаких 0,565257 0,000192
никакой 0,635838 0,000216
никогда 0,088136 0,000209
никого 0,411442 0,000139
никому 0,504560 0,000513
никто 0,185046 0,000125
нимало 0,991226 0,000336
ними 0,275223 0,000187
ничего 0,030597 0,000062
новый 0,648803 0,000220
ноги 0,477121 0,000323
ногой 1,125925 0,000382
ножны 2,167317 0,000735
нравственные 1,690196 0,000573
нуждались 1,866287 0,000633
ныне 1,021189 0,000346
обвязал 2,167317 0,000735
обернулся 0,824895 0,000280
обеспокоить 1,322219 0,000448
обмерил 1,565257 0,000531
обмерила 1,866287 0,000633
обновился 2,167317 0,000735
обняла 1,690196 0,000573
обожали 1,866287 0,000633
обожгло 1,866287 0,000633
обольщение 1,866287 0,000633
обольщении 2,167317 0,000735
оборот 1,565257 0,000531
образованием 1,389166 0,000471
образом 0,347773 0,000236
обстановка 1,866287 0,000633
обтер 1,866287 0,000633
общественное 0,000000 0,000000
обществом 1,565257 0,000531
огнем 1,468347 0,000498
огоньком 1,690196 0,001146
огорошить 1,690196 0,000573
одеваться 1,565257 0,000531
оделся 1,322219 0,000448
один 0,046743 0,000016
одна 0,185046 0,000125
однажды 0,635838 0,000216
однако 0,102859 0,000035
одни 0,459747 0,000156
одним 0,286504 0,000097
одно 0,099131 0,000067
одного 0,150284 0,000102
одному 0,334808 0,000227
однородное 2,167317 0,000735
одну 0,232819 0,000316
окажется 1,125925 0,000382
оказались 1,021189 0,000346
окну 0,963197 0,000327
около 0,443041 0,000300
опубликовано 0,000000 0,000000
опять 0,027438 0,000019
ославил 2,167317 0,001469
ославляй 2,167317 0,000735
особа 1,021189 0,000346
оставила 1,264227 0,000429
остального 1,565257 0,000531
остальные 0,704919 0,000239
отвалю 2,167317 0,000735
ответ 0,533849 0,000181
отворил 0,824895 0,000559
отворяется 1,565257 0,000531
отдавал 1,690196 0,000573
отдал 0,866287 0,000294
отец 0,316059 0,000214
отказала 1,264227 0,000429
отказывалась 1,866287 0,000633
откровенности 1,322219 0,000448
откровенные 1,690196 0,000573
отмочить 2,167317 0,000735
отмстить 1,690196 0,000573
отмщу 2,167317 0,000735
отняли 1,866287 0,000633
отречение 1,866287 0,000633
отсмотрит 2,167317 0,000735
отставку 1,468347 0,000498
отступя 2,167317 0,000735
оттого 0,675956 0,000229
отхлынули 2,167317 0,000735
отца 0,222835 0,000151
отцом 0,599116 0,000406
оформление 0,000000 0,000000
охлаждение 2,167317 0,000735
охотничье 2,167317 0,000735
охотою 2,167317 0,000735
очень 0,024303 0,000025
очерчена 2,167317 0,000735
очках 1,468347 0,000498
пальцев 1,468347 0,000498
папаши 1,389166 0,000942
первая 0,419129 0,000710
первому 1,021189 0,000346
первых 0,367977 0,000125
перед 0,554533 0,000188
передай 1,468347 0,000498
перейдем 1,866287 0,000633
пересекло 1,866287 0,000633
переулков 2,167317 0,000735
переулочки 2,167317 0,000735
перешло 0,000000 0,000000
пикник 2,167317 0,000735
пикников 2,167317 0,000735
письмецу 2,167317 0,000735
платил 1,690196 0,000573
платок 0,787106 0,000534
племянница 1,866287 0,000633
площадью 2,167317 0,000735
побежала 1,053374 0,000357
побледнела 1,690196 0,000573
повернуться 1,690196 0,000573
поглядела 1,053374 0,000357
поглядеть 1,088136 0,000369
погостить 1,866287 0,000633
погром 2,167317 0,000735
подать 1,213075 0,000411
подборка 0,000000 0,000000
подкралась 2,167317 0,000735
подлейшую 2,167317 0,000735
подлец 0,662167 0,000673
подлеца 1,088136 0,000369
подожди 1,053374 0,000357
подозревала 1,866287 0,000633
подозревают 1,866287 0,000633
подошел 0,514105 0,000697
подпись 1,565257 0,000531
подполковник 1,565257 0,004245
подполковника 2,167317 0,002204
подполковником 1,866287 0,000633
подполковнику 2,167317 0,001469
подробности 0,648803 0,000220
подростка 2,167317 0,000735
подсмотрела 2,167317 0,000735
поехали 1,389166 0,000471
пожалует 1,866287 0,000633
пожалуй 0,237898 0,000161
пожалуйста 0,662167 0,000224
позволила 1,468347 0,000995
пока 0,213075 0,000144
показал 0,769377 0,000261
покивали 1,866287 0,000633
поклонился 0,912045 0,000309
поклоном 1,389166 0,000471
покойница 1,690196 0,000573
покойной 1,690196 0,000573
покраснел 0,675956 0,000458
поле 1,125925 0,000382
полковница 2,167317 0,000735
полнотелая 1,866287 0,000633
положим 0,720159 0,000244
полотенцем 1,389166 0,000471
полслова 1,468347 0,000498
получал 1,468347 0,000498
получать 1,389166 0,000471
получив 1,322219 0,000448
польдекоковские 2,167317 0,000735
пользу 0,824895 0,000280
поля 1,389166 0,000471
померли 1,866287 0,000633
помню 0,486076 0,000165
понимаешь 0,769377 0,000522
понимал 0,554533 0,000376
понял 0,396465 0,000269
поросячью 2,167317 0,000735
портниха 2,167317 0,000735
порывом 1,322219 0,000448
порядке 0,936868 0,000318
посадил 1,167317 0,000396
посетителей 0,000000 0,000000
посетители 0,000000 0,000000
послал 0,720159 0,000244
после 0,084532 0,000086
последних 0,866287 0,000294
посмертно 0,000000 0,000000
посмотрела 1,053374 0,000357
поступил 0,991226 0,000336
поступить 1,053374 0,000357
потерял 0,866287 0,000294
потолок 1,690196 0,000573
потом 0,084532 0,000201
потому 0,024303 0,000025
потребуют 1,866287 0,000633
похвалить 1,468347 0,000498
поцеловал 0,866287 0,000294
поцеловать 1,125925 0,000382
поцелуям 2,167317 0,000735
почему 0,099131 0,000034
почтения 1,468347 0,000498
почтительнейшим 2,167317 0,000735
почтительные 2,167317 0,000735
пошлет 1,690196 0,000573
пошутил 1,468347 0,000498
пощажу 2,167317 0,000735
пояс 1,690196 0,000573
правду 0,443041 0,000300
право 0,361137 0,000122
правой 0,912045 0,000309
прапорщиком 1,866287 0,000633
превосходительные 2,167317 0,000735
пред 0,033778 0,000011
предложение 0,963197 0,000653
предложением 1,389166 0,000471
предо 0,769377 0,000261
представь 1,167317 0,000396
прежде 0,077412 0,000026
презрительные 1,866287 0,000633
прекрасными 1,468347 0,000498
прелестнее 2,167317 0,000735
пренебрегаю 2,167317 0,000735
пререканиях 2,167317 0,000735
пресекся 1,389166 0,000471
прибежал 1,264227 0,000429
привозит 2,167317 0,000735
пригоршнями 2,167317 0,000735
придирался 2,167317 0,000735
придраться 1,866287 0,000633
приду 0,675956 0,000229
приедешь 1,565257 0,000531
приеду 1,264227 0,000429
приезда 1,167317 0,000396
приезжает 2,167317 0,000735
приехал 0,554533 0,000564
приехала 1,125925 0,000382
прижизненно 0,000000 0,000000
признаться 1,053374 0,000357
приказом 2,167317 0,000735
приказу 1,468347 0,000498
прикладывают 2,167317 0,000735
приключения 1,213075 0,000411
приложил 1,322219 0,000448
принесла 1,264227 0,000429
принижали 2,167317 0,000735
принижая 2,167317 0,000735
принимает 0,912045 0,000309
принимал 1,088136 0,000738
принимать 0,936868 0,000318
принудил 2,167317 0,000735
приняли 1,125925 0,000382
принять 0,523865 0,000178
прислал 1,053374 0,000357
прислуживали 2,167317 0,000735
присовокупить 2,167317 0,000735
пристально 0,389166 0,000132
причесался 1,866287 0,000633
пришла 0,648803 0,000220
пришлите 1,866287 0,000633
приятеля 1,389166 0,000471
проговорил 0,154480 0,000052
программирование 0,000000 0,000000
произведение 0,000000 0,000000
произведений 0,000000 0,000000
произведения 0,000000 0,000000
производил 1,690196 0,000573
произнес 0,361137 0,000122
пролежал 1,213075 0,000411
проникновеннейшим 2,167317 0,000735
просить 0,504560 0,000171
просто 0,232819 0,000079
простота 2,167317 0,001469
простую 1,866287 0,000633
простых 1,690196 0,000573
процентики 2,167317 0,000735
прошла 0,845098 0,000286
прошло 0,000000 0,000000
прямо 0,118099 0,000120
публикации 0,000000 0,000000
пугайте 1,690196 0,000573
пулю 1,565257 0,000531
пусть 0,253503 0,000258
пуще 0,599116 0,000203
пятами 1,565257 0,000531
пятипроцентный 2,167317 0,000735
пятисот 1,468347 0,000498
пятитысячный 2,167317 0,000735
пять 0,275223 0,000373
пятьсот 1,088136 0,000738
равно 0,303994 0,000206
равняясь 2,167317 0,000735
разве 0,146128 0,000099
разврат 1,866287 0,000633
разврата 1,565257 0,000531
развратнейшего 2,167317 0,000735
разговор 0,434924 0,000147
размазал 2,167317 0,000735
разрасталось 1,866287 0,000633
разрешения 0,000000 0,000000
разрывая 2,167317 0,000735
разумеется 0,328468 0,000223
ранило 2,167317 0,000735
раньше 0,599116 0,000203
раскаяния 1,322219 0,000448
раскрасавица 1,866287 0,000633
распек 2,167317 0,000735
расписался 2,167317 0,000735
расскажу 0,912045 0,000618
рассказывал 0,554533 0,000188
рассказывать 0,704919 0,000239
рассказывая 1,264227 0,000429
расхватали 2,167317 0,000735
расчете 1,866287 0,000633
речей 1,565257 0,000531
решительно 0,341243 0,000116
родней 1,468347 0,000498
росло 1,866287 0,000633
рублей 0,367977 0,000249
ружье 2,167317 0,002939
рука 1,053374 0,000357
руки 0,167317 0,000170
русская 0,000000 0,000000
русски 0,991226 0,000336
русском 1,389166 0,000471
ручку 0,888564 0,000602
сайте 0,000000 0,000000
сама 0,208276 0,000071
самая 0,599116 0,000203
самого 0,118099 0,000040
самое 0,167317 0,000057
самой 0,258832 0,000088
самом 0,114239 0,000039
самородки 2,167317 0,000735
самою 0,866287 0,000294
самую 0,459747 0,000156
самые 0,381987 0,000129
самых 0,468347 0,000318
санях 2,167317 0,000735
сапог 1,565257 0,000531
сватались 2,167317 0,000735
сверкнули 1,053374 0,000357
свет 0,468347 0,000318
свинский 2,167317 0,000735
свободно 0,000000 0,000000
свое 0,150284 0,000051
своего 0,091770 0,000031
своей 0,066947 0,000023
свою 0,073896 0,000025
свято 1,389166 0,000471
святости 1,866287 0,000633
сдает 2,167317 0,000735
сдать 2,167317 0,000735
сделает 0,963197 0,000327
сделать 0,403889 0,000137
сделаю 0,845098 0,000286
себе 0,033778 0,000046
себя 0,005949 0,000016
сегодня 0,000000 0,000000
сейчас 0,070407 0,000048
секрет 0,787106 0,000534
секретно 1,690196 0,000573
секрету 2,167317 0,000735
секунду 0,824895 0,000559
секунды 1,088136 0,000369
семи 0,991226 0,000336
семидесяти 0,000000 0,000000
сени 1,125925 0,000382
сердца 0,334808 0,000567
сердце 0,171682 0,000116
сердясь 1,690196 0,000573
сестра 0,824895 0,000280
сестрой 1,264227 0,000429
сестру 1,213075 0,000411
сзади 0,824895 0,000280
сидел 0,322219 0,000218
сидит 0,565257 0,000383
скажешь 1,322219 0,000448
скажу 0,275223 0,000373
сказал 0,099131 0,000067
сказала 0,486076 0,000330
сказано 0,662167 0,000224
сказать 0,073896 0,000100
скамью 1,866287 0,000633
скатерть 1,690196 0,000573
склонилась 1,866287 0,000633
скрыла 1,565257 0,000531
сладострастие 1,866287 0,000633
следили 1,690196 0,000573
слишком 0,133894 0,000045
слова 0,129891 0,000132
слово 0,232819 0,000079
словом 0,367977 0,000125
сложил 1,264227 0,000429
сложила 1,565257 0,000531
случаев 1,468347 0,000498
случай 0,443041 0,000150
случайно 0,866287 0,000294
случалось 0,824895 0,000559
случая 1,053374 0,000357
слушаешь 1,690196 0,000573
слушай 0,635838 0,000216
слушал 0,576253 0,000195
слушались 1,690196 0,000573
слышали 0,611015 0,000207
слышу 0,991226 0,000336
слюнявого 2,167317 0,000735
смеете 1,468347 0,000498
смеется 0,611015 0,000207
смотрю 0,866287 0,000294
смотрят 1,125925 0,000382
снял 0,963197 0,000327
собрание 0,000000 0,000000
собственно 0,565257 0,000192
совершенно 0,180546 0,000184
соврал 1,167317 0,000791
совсем 0,021189 0,000022
согласия 0,000000 0,000000
сожаления 1,468347 0,000498
солдатскую 2,167317 0,000735
солдаты 1,322219 0,000448
соседскую 2,167317 0,000735
состоял 1,088136 0,000369
состоялось 1,322219 0,000448
состряпали 2,167317 0,000735
сосчитали 1,866287 0,000633
сотенки 2,167317 0,000735
сохранен 2,167317 0,000735
сохраню 2,167317 0,000735
сочинений 0,000000 0,000000
сошелся 1,213075 0,000411
спальню 1,213075 0,000411
спишь 1,866287 0,000633
спустя 0,533849 0,000362
срам 1,213075 0,000411
сряду 0,991226 0,000336
ссориться 1,389166 0,000471
ссужал 2,167317 0,000735
ссыльный 1,866287 0,000633
стал 0,125925 0,000085
стало 0,091770 0,000062
старик 0,434924 0,000295
старикашка 1,264227 0,000429
старого 0,991226 0,000336
старому 1,565257 0,000531
старости 1,322219 0,000448
старух 1,690196 0,000573
старшая 1,088136 0,000369
старый 0,824895 0,000280
стеклу 2,167317 0,000735
стены 0,963197 0,000327
степени 0,389166 0,000132
стихах 1,125925 0,000382
стоило 1,021189 0,000346
стоит 0,316059 0,000214
столицы 1,866287 0,000633
столичного 2,167317 0,000735
столу 0,752344 0,000255
стоял 0,309985 0,000105
странности 1,125925 0,000382
страшная 0,805589 0,000273
страшно 0,434924 0,000295
страшном 0,991226 0,000336
страшною 1,468347 0,000498
ступеньки 1,565257 0,000531
ступеньку 1,690196 0,000573
ступил 1,167317 0,000396
стыжусь 1,468347 0,000498
сударыня 1,213075 0,000411
судить 0,912045 0,000309
сумерки 1,468347 0,000498
сумма 1,088136 0,000369
сумму 0,912045 0,000309
суммы 1,053374 0,000357
суток 1,322219 0,000448
сущности 0,752344 0,000255
схватили 1,264227 0,000429
сходился 1,565257 0,000531
счастливо 1,213075 0,000411
счет 0,690196 0,000468
съездит 2,167317 0,000735
съест 1,565257 0,000531
сына 0,576253 0,000195
сынишки 2,167317 0,000735
сюда 0,232819 0,000158
такая 0,309985 0,000105
также 0,000000 0,000000
такие 0,232819 0,000158
таких 0,243038 0,000082
такое 0,114239 0,000039
такой 0,077412 0,000052
такую 0,334808 0,000113
талант 1,322219 0,000448
танцуют 2,167317 0,001469
танцы 1,866287 0,000633
тарантулу 2,167317 0,000735
твои 0,787106 0,000267
твоих 0,963197 0,000327
твою 0,912045 0,000309
тебе 0,203530 0,000483
тебя 0,198834 0,000539
текст 0,000000 0,000000
телом 1,053374 0,000357
темени 1,565257 0,000531
темноте 0,912045 0,000618
темные 1,167317 0,000791
теперешнему 1,866287 0,000633
теперешних 1,468347 0,000498
теперь 0,015029 0,000031
теряла 1,690196 0,000573
тетка 1,389166 0,000942
теткой 1,866287 0,001265
тихо 0,354404 0,000120
тобой 0,419129 0,000142
тогда 0,050046 0,000254
тогдашние 1,389166 0,000471
тогдашних 1,468347 0,000498
того 0,005949 0,000012
тоже 0,043466 0,000088
только 0,002964 0,000017
томах 0,000000 0,000000
томления 2,167317 0,000735
тому 0,095435 0,000129
тотчас 0,046743 0,000063
точно 0,121994 0,000083
трагедии 1,565257 0,000531
трагедию 1,690196 0,000573
требовала 1,565257 0,000531
требовало 1,565257 0,000531
требовать 1,213075 0,000411
третья 0,486076 0,000330
тринадцатой 2,167317 0,000735
трифонов 2,167317 0,000735
трифонова 2,167317 0,000735
трифонову 2,167317 0,000735
тройках 1,690196 0,000573
тумбы 2,167317 0,000735
тысяч 0,451314 0,000459
тысячи 0,426955 0,000434
тысячки 1,690196 0,001146
убежала 1,053374 0,000357
убить 0,599116 0,000203
уверял 1,021189 0,000346
угла 0,963197 0,000327
угодил 1,690196 0,000573
угодить 1,565257 0,000531
удивляйся 1,866287 0,000633
удовольствием 0,704919 0,000239
удрал 2,167317 0,000735
уехала 1,213075 0,000411
ужаснейший 1,866287 0,000633
ужасно 0,167317 0,000057
ужины 2,167317 0,000735
узнал 0,381987 0,000518
укусила 1,565257 0,001061
улице 0,635838 0,000216
уличная 1,866287 0,000633
умеет 1,021189 0,000346
умершим 0,000000 0,000000
умиления 1,088136 0,000369
умом 0,752344 0,000255
упер 1,866287 0,000633
упоминать 1,866287 0,000633
упрямца 2,167317 0,000735
услуги 1,565257 0,000531
участие 0,888564 0,000301
ушла 0,991226 0,000336
фаланга 2,167317 0,001469
фаланги 2,167317 0,000735
фамилии 1,088136 0,000369
фантом 1,866287 0,000633
федор 0,000000 0,000000
федорович 0,253503 0,000086
форменное 1,866287 0,000633
французском 1,690196 0,000573
фуражку 1,468347 0,000498
характера 0,824895 0,000280
характером 0,866287 0,000294
хватил 1,565257 0,000531
хлебосола 2,167317 0,000735
хорошее 1,125925 0,000382
хорошо 0,189594 0,000064
хотел 0,158717 0,000269
хоть 0,060107 0,000102
хотя 0,050046 0,000068
хочется 0,704919 0,000239
хранил 1,866287 0,000633
царица 1,322219 0,000448
цветочки 1,866287 0,000633
целости 1,468347 0,000498
целый 0,486076 0,000165
ценили 1,690196 0,000573
цыганки 1,866287 0,000633
часа 0,000000 0,000000
часто 0,292256 0,000099
часть 0,002964 0,000002
чего 0,040213 0,000014
человек 0,036984 0,000013
человека 0,154480 0,000052
человеках 2,167317 0,000735
человеку 0,459747 0,000156
человеческого 1,125925 0,000382
через 0,258832 0,000088
черт 0,477121 0,000162
черту 0,912045 0,000309
черты 0,963197 0,000327
честный 1,021189 0,000346
четыре 0,477121 0,000970
четырех 0,888564 0,000602
чиновника 1,021189 0,000692
чиновниц 2,167317 0,000735
число 0,000000 0,000000
чисто 1,213075 0,000411
чистыми 1,468347 0,000498
читаем 0,000000 0,000000
читать 0,000000 0,000000
чрез 0,275223 0,000093
чрезвычайно 0,217927 0,000074
чрезмерное 2,167317 0,000735
чтоб 0,073896 0,000025
чтобы 0,030597 0,000062
чувствовал 0,635838 0,000431
чувствует 0,866287 0,000294
чугунные 2,167317 0,000735
чуть 0,176091 0,000060
чьего 0,000000 0,000000
шагнул 1,125925 0,000382
шельма 1,322219 0,000448
шепни 2,167317 0,000735
шесть 0,611015 0,000414
широко 1,167317 0,000396
шпаге 2,167317 0,000735
шпагу 1,690196 0,001146
шпионов 2,167317 0,000735
штука 1,389166 0,000471
штуки 1,565257 0,000531
штуку 1,322219 0,000896
штучку 1,866287 0,001265
этакая 1,468347 0,000498
этаким 1,565257 0,000531
этакую 1,167317 0,000396
этих 0,213075 0,000072
этого 0,053374 0,000054
этой 0,118099 0,000200
этом 0,046743 0,000032
этому 0,322219 0,000109
этот 0,011981 0,000012
ярмарки 2,167317 0,001469
ярмарку 2,167317 0,000735
ящик 1,167317 0,000396
