автор 0,000000 0,000000
автором 0,000000 0,000000
авторского 0,000000 0,000000
авторы 0,000000 0,000000
алексей 0,000000 0,000000
алексея 0,000000 0,000000
алешей 0,752344 0,000365
анекдот 0,991226 0,000481
ареста 1,322219 0,000641
арестован 1,866287 0,000905
бедность 1,125925 0,000546
беды 1,213075 0,000588
безнадежной 1,866287 0,000905
безнравственного 1,866287 0,000905
безобразную 1,866287 0,001810
безудержною 2,167317 0,001051
безумный 1,468347 0,000712
беседы 1,565257 0,000759
бесплодную 2,167317 0,001051
беспрерывной 1,690196 0,000820
бессознательно 1,125925 0,001092
бесспорно 1,021189 0,000495
бесспорным 1,690196 0,000820
бешенства 1,322219 0,000641
библиотека 0,000000 0,000000
биллиарде 1,866287 0,000905
благодетелем 1,565257 0,000759
благонравно 1,690196 0,000820
благоразумнейший 2,167317 0,001051
благоразумно 1,565257 0,000759
ближайшую 2,167317 0,001051
богатого 1,690196 0,000820
богу 0,434924 0,000422
более 0,000000 0,000000
болен 0,704919 0,000342
больше 0,137934 0,000067
братья 0,176091 0,000342
бросает 1,322219 0,000641
бросившего 2,167317 0,001051
бросить 0,963197 0,000467
будто 0,099131 0,000144
буду 0,208276 0,000101
бушующим 2,167317 0,001051
была 0,046743 0,000113
было 0,000000 0,000000
быть 0,002964 0,000009
важнее 1,213075 0,000588
важным 1,264227 0,000613
вашему 0,576253 0,000279
вашим 0,587534 0,000285
вверенных 1,866287 0,000905
вводный 2,167317 0,001051
вдруг 0,005949 0,000012
верховцевой 1,468347 0,000712
весь 0,099131 0,000192
весьма 0,243038 0,000589
вечер 0,477121 0,000231
взвешены 2,167317 0,001051
взгляд 0,396465 0,000192
взгляде 0,769377 0,000373
взявший 2,167317 0,001051
взять 0,533849 0,000259
виде 0,434924 0,000844
видевшие 1,866287 0,000905
визиты 0,000000 0,000000
виновата 0,888564 0,000431
влетело 2,167317 0,001051
вместе 0,208276 0,000202
вместо 0,411442 0,000200
внимание 0,704919 0,000342
возбуждавшая 2,167317 0,001051
возвращается 1,565257 0,000759
возлюбленная 1,866287 0,000905
возможности 0,690196 0,000335
вознаграждения 0,000000 0,000000
войдя 0,735954 0,000357
войти 0,675956 0,000328
ворвался 1,468347 0,000712
воротишь 1,690196 0,000820
восклицала 1,167317 0,000566
восклицание 1,690196 0,000820
впереди 0,912045 0,000442
вполне 0,316059 0,000153
впрочем 0,118099 0,000057
врача 1,866287 0,000905
временной 2,167317 0,001051
время 0,043466 0,000063
всегдашнее 2,167317 0,001051
всего 0,040213 0,000020
всеми 0,434924 0,000211
всех 0,060107 0,000087
вскоре 0,991226 0,000481
встречали 1,866287 0,000905
встречу 1,125925 0,000546
входили 1,264227 0,000613
вывезет 2,167317 0,001051
вывозила 2,167317 0,001051
выказываемое 1,866287 0,000905
выплаты 0,000000 0,000000
выражаясь 2,167317 0,001051
высокоуважаемой 2,167317 0,001051
героини 2,167317 0,001051
главное 0,189594 0,000184
глубокая 1,389166 0,000674
гнев 0,936868 0,000909
говорил 0,095435 0,000046
говорит 0,189594 0,000092
голову 0,227798 0,000221
голодный 1,468347 0,000712
гораздо 0,443041 0,000215
город 0,523865 0,000508
городе 0,565257 0,000274
городу 0,888564 0,000431
господа 0,389166 0,000566
господин 0,514105 0,000249
госпоже 1,021189 0,000495
госпожою 1,468347 0,000712
грабежа 1,264227 0,000613
грушенька 0,675956 0,000328
грушеньке 0,824895 0,000400
давно 0,158717 0,000077
дадут 1,021189 0,000495
даже 0,005949 0,000012
дальше 0,002964 0,000001
дама 0,735954 0,000357
данные 0,000000 0,000000
двенадцатая 0,936868 0,000909
двое 0,963197 0,000934
действительно 0,106619 0,000052
делать 0,426955 0,000207
деле 0,162996 0,000079
делиться 1,866287 0,000905
дело 0,063514 0,000185
денег 0,309985 0,000451
деньгам 1,468347 0,000712
деньгами 0,675956 0,000328
деньгах 0,866287 0,000420
деньги 0,280827 0,000272
добыть 1,565257 0,000759
доведен 1,866287 0,000905
довела 1,565257 0,000759
доказать 0,936868 0,000454
документа 1,690196 0,000820
документам 1,866287 0,000905
должен 0,258832 0,000126
должно 0,286504 0,000278
доме 0,322219 0,000156
достанет 1,468347 0,000712
достоевский 0,000000 0,000000
достояние 0,000000 0,000000
доходит 1,264227 0,000613
другим 0,533849 0,000777
другое 0,309985 0,000150
другой 0,146128 0,000142
думаю 0,328468 0,000159
духа 0,787106 0,000382
душа 0,565257 0,000274
единственно 0,477121 0,000231
если 0,011981 0,000017
жаждущему 2,167317 0,001051
желание 0,888564 0,000431
жениха 1,167317 0,000566
женщина 0,396465 0,000192
жительнице 2,167317 0,001051
жить 0,451314 0,000219
забожилась 1,866287 0,000905
заботы 1,322219 0,000641
завтра 0,298086 0,000289
заглядывает 1,690196 0,000820
задах 1,565257 0,000759
задумал 1,866287 0,000905
задуманное 2,167317 0,001051
задумано 2,167317 0,001051
зажглись 2,167317 0,002102
заключавшем 2,167317 0,001051
заключался 1,565257 0,000759
заключил 0,523865 0,000254
заклялась 1,866287 0,000905
законною 2,167317 0,001051
заметьте 0,936868 0,000454
замысла 1,565257 0,000759
зарождалась 2,167317 0,001051
заседатели 1,213075 0,000588
затаился 2,167317 0,001051
затем 0,237898 0,000346
захватил 0,936868 0,000454
захватывает 1,866287 0,000905
захотелось 0,787106 0,000382
зачем 0,146128 0,000142
звезду 1,690196 0,000820
здесь 0,095435 0,000139
здешнего 1,322219 0,000641
здешней 1,468347 0,000712
злобной 1,565257 0,000759
знаками 1,468347 0,000712
знаки 1,125925 0,000546
знаков 1,565257 0,000759
знали 0,426955 0,000207
значение 1,125925 0,001092
знающих 2,167317 0,001051
золотые 1,088136 0,000528
зрения 1,468347 0,000712
иван 0,303994 0,000295
игра 1,322219 0,000641
играл 1,088136 0,000528
игры 1,167317 0,001132
идеи 0,866287 0,000420
идет 0,514105 0,000249
идея 0,824895 0,000400
избежать 1,565257 0,001518
избить 1,690196 0,001639
известие 0,662167 0,000321
известно 0,334808 0,000162
известном 1,213075 0,000588
измена 2,167317 0,001051
изменницей 2,167317 0,001051
измены 1,468347 0,000712
измученного 1,866287 0,000905
измученный 1,468347 0,000712
имеем 1,264227 0,001839
именно 0,066947 0,000195
имея 0,752344 0,000365
инфернальные 1,866287 0,000905
ипполит 0,675956 0,002623
искреннем 1,866287 0,000905
исполнения 1,565257 0,001518
исполнено 1,690196 0,001639
исполнит 1,565257 0,000759
использоваться 0,000000 0,000000
исступление 1,264227 0,001226
исступлении 0,735954 0,000357
исступления 1,322219 0,000641
исступленного 1,690196 0,000820
исторический 1,565257 0,001518
источник 0,000000 0,000000
исход 1,468347 0,001424
исхода 1,389166 0,000674
исчерпать 2,167317 0,001051
какие 0,232819 0,000113
какое 0,227798 0,000110
какой 0,095435 0,000093
каком 0,381987 0,000185
капитал 1,088136 0,000528
капитане 1,565257 0,000759
карамазовскою 2,167317 0,001051
карамазовы 0,180546 0,000350
картину 1,053374 0,001022
каторгу 0,991226 0,000481
кириллович 1,088136 0,004222
клятвою 1,866287 0,000905
книга 0,176091 0,000171
книги 0,000000 0,000000
когда 0,015029 0,000051
колебался 1,690196 0,001639
коленях 0,912045 0,000442
комаров 0,000000 0,000000
комнате 0,389166 0,000189
кому 0,341243 0,000165
кончилось 0,845098 0,000410
копящий 2,167317 0,001051
которого 0,198834 0,000096
которой 0,213075 0,000103
котором 0,347773 0,000169
которые 0,189594 0,000092
который 0,110412 0,000054
которыми 0,888564 0,000431
которых 0,426955 0,000207
красною 1,389166 0,000674
кривая 1,866287 0,000905
крики 1,125925 0,000546
кричал 0,824895 0,000800
кричим 2,167317 0,002102
кричит 0,805589 0,000391
кровавого 1,866287 0,000905
кровь 0,662167 0,000321
кровью 0,845098 0,000410
кроме 0,158717 0,000077
купеческого 1,690196 0,000820
кутеж 1,322219 0,000641
ленточкой 1,866287 0,000905
либо 0,000000 0,000000
литература 0,000000 0,000000
лицом 0,000000 0,000000
лишь 0,185046 0,000897
любви 0,504560 0,000734
любим 1,167317 0,001132
любовь 0,523865 0,000254
любым 0,000000 0,000000
людей 0,298086 0,000145
люди 0,269690 0,000262
людьми 0,623249 0,000302
людям 0,720159 0,000349
людях 1,213075 0,000588
лягавому 1,565257 0,000759
мания 2,167317 0,001051
маньяк 2,167317 0,002102
матери 0,451314 0,000219
мгновенно 0,888564 0,000431
мгновенное 1,866287 0,000905
медиков 1,866287 0,000905
медный 1,167317 0,000566
мелькнуло 0,805589 0,000391
менее 0,635838 0,000925
меньше 0,787106 0,000382
меня 0,027438 0,000027
места 0,389166 0,000189
месяц 0,451314 0,001094
минуту 0,084532 0,000123
мити 0,611015 0,000296
мнением 1,468347 0,000712
много 0,080958 0,000157
многократно 1,866287 0,000905
могла 0,286504 0,000278
могут 0,495219 0,000240
может 0,000000 0,000000
можно 0,088136 0,000043
мокром 0,963197 0,000467
молодого 0,752344 0,000365
молодой 0,381987 0,000556
молодом 1,322219 0,000641
молодому 0,963197 0,000467
молодых 0,912045 0,000442
молчалив 1,213075 0,000588
молчит 0,991226 0,000481
момент 0,720159 0,001048
момента 0,000000 0,000000
монастыре 0,936868 0,000454
мрак 1,021189 0,000495
мстительность 2,167317 0,001051
мучаясь 1,866287 0,000905
мучительницей 2,167317 0,001051
мысли 0,316059 0,000153
мыслию 1,468347 0,000712
мысль 0,264227 0,000128
наблюдательный 1,866287 0,000905
навсегда 0,735954 0,000357
надежда 1,088136 0,001055
надежды 0,912045 0,000442
надеялись 1,389166 0,000674
назад 0,000000 0,000000
название 0,000000 0,000000
найти 0,000000 0,000000
наклонность 2,167317 0,001051
наконец 0,073896 0,000143
накричал 2,167317 0,001051
намерение 0,888564 0,000431
намерении 1,565257 0,000759
нами 0,648803 0,000629
напившись 1,866287 0,000905
написал 0,662167 0,000321
написалось 2,167317 0,001051
написано 0,000000 0,000000
напрашивавшегося 2,167317 0,001051
насилия 1,690196 0,000820
наследством 2,167317 0,001051
насмешливость 2,167317 0,001051
настойчиво 0,787106 0,000382
настоящая 1,213075 0,000588
настоящее 0,963197 0,000467
наука 0,000000 0,000000
находившего 2,167317 0,001051
начал 0,137934 0,000067
начало 1,053374 0,000511
нашел 0,648803 0,000315
нашему 0,888564 0,000431
наши 0,544068 0,000528
невесте 1,468347 0,000712
невольно 0,704919 0,000342
него 0,000000 0,000000
недоплаченные 2,167317 0,001051
неизвестно 0,936868 0,000454
нему 0,080958 0,000079
необходимым 1,125925 0,000546
нервами 1,866287 0,000905
нескольких 1,088136 0,000528
несколько 0,102859 0,000050
несмотря 0,275223 0,000133
несомненны 2,167317 0,001051
несравненно 1,264227 0,000613
несчастного 0,824895 0,000800
несчастное 1,468347 0,000712
несчастному 1,389166 0,000674
несчастный 0,824895 0,000400
нибудь 0,030597 0,000015
ничего 0,030597 0,000030
ногам 1,468347 0,000712
нормальными 2,167317 0,001051
ночь 0,248239 0,000120
нравственных 1,322219 0,000641
нраву 1,866287 0,000905
обагренные 2,167317 0,001051
обвинение 1,053374 0,000511
обвинению 1,866287 0,000905
обдуманно 1,866287 0,001810
обдуманность 2,167317 0,001051
обдумано 1,690196 0,000820
обеда 0,912045 0,000442
обзор 1,690196 0,001639
обитель 1,866287 0,000905
обладая 1,690196 0,000820
обман 1,125925 0,001092
обманула 1,866287 0,000905
обойти 1,565257 0,000759
обойтись 1,125925 0,000546
обольстительница 1,866287 0,000905
обольстителя 1,565257 0,000759
образовалась 1,866287 0,000905
образовался 1,690196 0,000820
образом 0,347773 0,000169
обращая 1,468347 0,000712
обстоятельно 1,565257 0,000759
обстоятельств 1,088136 0,000528
обстоятельства 0,912045 0,000442
общественное 0,000000 0,000000
обществу 1,322219 0,000641
объявлено 1,690196 0,000820
объявлял 1,468347 0,000712
объяснить 0,623249 0,000302
объятиях 1,565257 0,000759
обыкновения 2,167317 0,001051
огласки 1,866287 0,000905
однако 0,102859 0,000050
одни 0,459747 0,000223
одно 0,099131 0,000096
одного 0,150284 0,000146
одном 0,504560 0,000245
озлимся 2,167317 0,001051
озлоблен 1,866287 0,000905
озлобления 1,468347 0,000712
оказался 0,824895 0,000400
окну 0,963197 0,000467
окончательным 1,866287 0,000905
омерзительным 2,167317 0,001051
опасение 2,167317 0,001051
опасного 1,866287 0,000905
опасные 1,468347 0,000712
опешила 2,167317 0,001051
описав 1,690196 0,001639
описал 1,322219 0,001282
описанию 2,167317 0,001051
описать 1,690196 0,000820
определяет 2,167317 0,001051
определяла 2,167317 0,002102
опубликовано 0,000000 0,000000
опять 0,027438 0,000027
оружие 1,167317 0,001698
оружием 1,468347 0,000712
оружия 1,690196 0,000820
осмеянный 1,866287 0,000905
особая 1,389166 0,000674
особе 1,468347 0,000712
особенность 1,866287 0,000905
особу 1,690196 0,001639
особы 1,468347 0,000712
оставил 0,648803 0,000315
оставить 0,690196 0,000335
оставленному 2,167317 0,001051
остался 0,523865 0,000254
отвечали 1,213075 0,000588
отец 0,316059 0,000153
откуда 0,523865 0,000254
отпереть 1,389166 0,000674
отправился 0,936868 0,000454
отправиться 1,125925 0,000546
отрицается 2,167317 0,001051
отца 0,222835 0,000432
отцеубийства 1,690196 0,000820
отцовском 1,866287 0,000905
отцом 0,599116 0,000581
отцу 0,565257 0,000548
оформление 0,000000 0,000000
очевиден 2,167317 0,001051
очевидна 2,167317 0,001051
павловича 0,451314 0,000438
павловичу 0,805589 0,000391
падение 1,389166 0,000674
падений 2,167317 0,001051
падучей 1,021189 0,000495
пакете 1,213075 0,000588
пали 1,565257 0,000759
перед 0,554533 0,000538
перейдут 2,167317 0,001051
перенести 1,053374 0,000511
перешел 0,936868 0,000454
перешло 0,000000 0,000000
пестик 1,167317 0,001698
писал 0,963197 0,000467
писаному 1,690196 0,001639
письмо 0,544068 0,000528
письмом 1,167317 0,000566
пишет 1,053374 0,000511
план 1,053374 0,000511
планов 1,866287 0,000905
побежденные 2,167317 0,001051
поводу 0,720159 0,000699
подавала 2,167317 0,001051
подана 1,866287 0,000905
подборка 0,000000 0,000000
поддакивали 2,167317 0,001051
подкрадывается 2,167317 0,001051
подозревая 1,690196 0,000820
подозрение 1,167317 0,001132
подозрении 1,866287 0,000905
подозрения 1,322219 0,000641
подписано 1,866287 0,000905
подписи 1,866287 0,000905
подробному 2,167317 0,001051
подсудимого 0,991226 0,004326
подсудимом 2,167317 0,001051
подсудимому 1,167317 0,000566
подсудимый 1,088136 0,005277
подсудимым 1,322219 0,000641
подушки 1,264227 0,000613
пожалуй 0,237898 0,000231
поклонявшийся 2,167317 0,001051
покончить 1,088136 0,001055
покровительство 1,468347 0,000712
покровителю 1,565257 0,000759
поле 1,125925 0,001092
полнейшею 2,167317 0,001051
полное 0,845098 0,000410
полными 2,167317 0,001051
положении 0,704919 0,000342
положил 0,599116 0,000291
положить 1,167317 0,000566
полторы 1,021189 0,000495
получил 0,635838 0,000308
пользовался 1,690196 0,000820
пользуется 2,167317 0,001051
помешательству 1,565257 0,000759
понимающих 2,167317 0,001051
поняли 0,769377 0,000373
понятно 0,936868 0,000454
поры 1,468347 0,000712
посетила 1,690196 0,000820
посетителей 0,000000 0,000000
посетители 0,000000 0,000000
поскорее 0,486076 0,000236
после 0,084532 0,000082
последний 0,403889 0,000196
послужить 1,167317 0,001132
посмертно 0,000000 0,000000
посмеяться 1,264227 0,000613
пост 1,468347 0,000712
постепенно 1,088136 0,000528
постоянного 1,866287 0,000905
потом 0,084532 0,000082
потому 0,024303 0,000035
похождения 2,167317 0,001051
почел 1,125925 0,000546
почему 0,099131 0,000048
почти 0,024303 0,000024
почтительно 1,053374 0,000511
почувствовали 1,264227 0,000613
пошлите 1,690196 0,000820
пояснил 1,322219 0,000641
правда 0,162996 0,000158
праздношатания 2,167317 0,001051
пред 0,033778 0,000016
предварительно 0,991226 0,000481
предлагает 1,322219 0,000641
предмет 0,936868 0,001363
предмету 1,264227 0,000613
преднамерение 2,167317 0,001051
преднамерения 1,866287 0,001810
преднамеренно 1,565257 0,001518
преднамеренность 2,167317 0,001051
предположению 2,167317 0,001051
представленного 1,866287 0,000905
представляла 1,866287 0,000905
представляли 1,690196 0,000820
предстояла 2,167317 0,001051
прежде 0,077412 0,000113
прежним 0,963197 0,000467
презрение 1,125925 0,000546
прельщает 2,167317 0,001051
препятствовали 2,167317 0,001051
преступление 0,845098 0,000410
преступления 0,963197 0,001401
привычке 1,264227 0,000613
приготовил 1,167317 0,000566
приготовлялись 2,167317 0,001051
прижизненно 0,000000 0,000000
признали 1,565257 0,000759
признание 1,125925 0,000546
признаться 1,053374 0,000511
признаюсь 0,769377 0,000373
прииски 1,322219 0,000641
прийти 0,662167 0,000321
приказчика 1,468347 0,000712
приключений 1,690196 0,000820
присвоения 2,167317 0,001051
присовокупил 1,690196 0,000820
приступил 1,389166 0,000674
присяжные 1,125925 0,000546
причина 1,125925 0,001092
провожает 1,690196 0,000820
программа 1,690196 0,000820
программирование 0,000000 0,000000
программы 2,167317 0,001051
продавший 2,167317 0,001051
продолжал 0,292256 0,000142
произведение 0,000000 0,000000
произведений 0,000000 0,000000
произведения 0,000000 0,000000
произошло 0,495219 0,000240
проклятие 1,322219 0,000641
прокурор 0,888564 0,000431
прокурора 0,912045 0,000442
прольется 2,167317 0,001051
просить 0,504560 0,000245
проследил 1,866287 0,000905
простирал 1,690196 0,000820
пространно 1,866287 0,000905
против 0,389166 0,000189
прошло 0,000000 0,000000
прямо 0,118099 0,000057
психологическая 1,866287 0,000905
публикации 0,000000 0,000000
пункте 1,264227 0,000613
пустился 0,936868 0,000454
путешествие 1,866287 0,001810
пьяное 1,468347 0,000712
пьяном 1,213075 0,001765
пьяный 0,888564 0,000431
разбивалось 2,167317 0,001051
развернул 1,053374 0,000511
разговоры 1,125925 0,000546
раздражен 1,125925 0,000546
разнесем 2,167317 0,001051
разочарование 1,866287 0,000905
разрешения 0,000000 0,000000
ракитин 0,963197 0,000467
раннее 1,468347 0,000712
ранней 1,690196 0,000820
ранний 1,690196 0,000820
раскаянии 1,690196 0,000820
распространиться 2,167317 0,001051
расчетливый 1,866287 0,000905
ревнивого 1,866287 0,000905
ревнивы 2,167317 0,001051
ревности 1,088136 0,000528
ревность 1,167317 0,001132
ревностью 2,167317 0,001051
речь 0,704919 0,000342
решается 1,213075 0,000588
решением 1,565257 0,000759
роде 0,504560 0,000245
родовыми 2,167317 0,001051
рокового 1,468347 0,000712
роковое 1,213075 0,001177
роковой 1,167317 0,001698
роковую 1,468347 0,000712
романическому 2,167317 0,001051
рублей 0,367977 0,000357
руках 0,396465 0,000192
руки 0,167317 0,000081
русская 0,000000 0,000000
саду 0,936868 0,000454
сайте 0,000000 0,000000
сама 0,208276 0,000202
сами 0,142011 0,000069
самого 0,118099 0,000057
самом 0,114239 0,000055
самою 0,866287 0,000840
самсонова 1,213075 0,001177
самсонову 1,264227 0,001226
самые 0,381987 0,000185
самый 0,198834 0,000096
самыми 1,053374 0,000511
свет 0,468347 0,000227
свидетелей 0,912045 0,000885
свидетельства 1,468347 0,000712
свободно 0,000000 0,000000
свое 0,150284 0,000219
своего 0,091770 0,000089
своей 0,066947 0,000130
своем 0,198834 0,000386
своему 0,367977 0,000178
своеобразным 1,565257 0,000759
своею 0,443041 0,000215
своим 0,208276 0,000303
своими 0,495219 0,000240
свою 0,073896 0,000036
сделал 0,381987 0,000371
себе 0,033778 0,000082
себя 0,005949 0,000009
сегодня 0,000000 0,000000
сейчас 0,070407 0,000034
семейную 1,866287 0,000905
семидесяти 0,000000 0,000000
семьи 1,389166 0,000674
сердца 0,334808 0,000325
сердце 0,171682 0,000083
сжатых 2,167317 0,001051
сибирь 0,991226 0,000481
сидел 0,322219 0,000156
силам 1,468347 0,000712
симпатией 2,167317 0,001051
скажут 0,963197 0,000934
сказать 0,073896 0,000036
слава 0,769377 0,000373
следовал 1,468347 0,000712
слишком 0,133894 0,000130
словами 0,805589 0,000391
сломя 1,125925 0,000546
слуга 0,888564 0,000431
служанка 1,088136 0,000528
случая 1,053374 0,000511
слышавшие 2,167317 0,001051
слышали 0,611015 0,000296
слышите 0,769377 0,000373
сманивает 2,167317 0,001051
смеется 0,611015 0,000296
смердяков 0,587534 0,000285
смердякова 0,752344 0,000365
смердякове 1,088136 0,001055
смеялась 0,805589 0,000391
смеяться 0,587534 0,000285
смиряется 2,167317 0,001051
сначала 0,434924 0,000211
снегиреве 2,167317 0,001051
соблазн 1,468347 0,000712
собою 0,347773 0,000169
собрание 0,000000 0,000000
собственно 0,565257 0,000274
собственное 0,888564 0,000862
собственными 1,389166 0,000674
совершен 1,690196 0,000820
совершенно 0,180546 0,000088
совершиться 1,213075 0,000588
советов 1,468347 0,000712
совпадение 1,565257 0,000759
совсем 0,021189 0,000010
согласен 0,648803 0,000629
согласилась 1,468347 0,000712
согласился 0,735954 0,000357
согласия 0,000000 0,000000
согнал 2,167317 0,001051
созерцал 1,468347 0,000712
созерцала 2,167317 0,002102
созерцали 2,167317 0,001051
сознание 1,021189 0,000495
сознательное 2,167317 0,001051
созревало 2,167317 0,001051
сообщать 1,322219 0,000641
соперника 1,264227 0,000613
соперником 1,565257 0,000759
сопротивляется 1,866287 0,000905
состояние 0,805589 0,000391
состоянии 0,459747 0,000446
сострадающая 2,167317 0,001051
сочинений 0,000000 0,000000
способностями 1,565257 0,000759
срока 1,468347 0,000712
ссоре 1,690196 0,000820
стало 0,091770 0,000045
стараний 1,690196 0,000820
старик 0,434924 0,000633
старика 0,587534 0,000285
стать 0,845098 0,000410
столичный 1,167317 0,000566
стороне 0,805589 0,000391
стороны 0,185046 0,000090
стоя 0,963197 0,000467
стояло 1,213075 0,000588
странное 0,690196 0,000335
страсти 0,866287 0,000840
страстью 1,389166 0,000674
страха 0,824895 0,000400
страшного 1,213075 0,000588
стремилась 1,866287 0,000905
стремится 1,389166 0,000674
стремление 1,690196 0,000820
суду 1,167317 0,000566
судьбе 0,936868 0,000454
сумме 1,690196 0,000820
супругой 1,213075 0,000588
суток 1,322219 0,001282
схватил 0,533849 0,000259
схватываем 2,167317 0,001051
сцену 0,845098 0,000410
сцены 1,167317 0,000566
счастье 0,787106 0,000763
считает 1,088136 0,001055
считал 0,648803 0,000315
таит 1,866287 0,000905
также 0,000000 0,000000
таки 0,066947 0,000162
таким 0,243038 0,000236
такова 1,088136 0,000528
такое 0,114239 0,000055
таком 0,309985 0,000150
талантливый 1,866287 0,000905
твердо 0,419129 0,000407
твердые 1,866287 0,000905
текст 0,000000 0,000000
теперь 0,015029 0,000036
тогда 0,050046 0,000024
того 0,005949 0,000017
только 0,002964 0,000010
томах 0,000000 0,000000
тому 0,095435 0,000093
тотчас 0,046743 0,000091
точку 1,264227 0,000613
трагедия 1,213075 0,000588
трактат 1,690196 0,000820
трактир 1,322219 0,001282
трактирам 1,565257 0,002277
трактире 0,866287 0,000420
трату 2,167317 0,001051
требуем 1,565257 0,000759
тревоги 1,322219 0,000641
трезвом 2,167317 0,003153
тремя 0,963197 0,000467
трех 0,374926 0,000182
тысячами 1,053374 0,000511
тысячах 1,021189 0,000495
тысячи 0,426955 0,000828
тяжело 0,565257 0,000274
убежден 0,752344 0,000365
убийства 1,264227 0,000613
убийстве 1,213075 0,000588
убийством 2,167317 0,001051
убил 0,523865 0,000254
убьет 0,936868 0,000454
уверить 1,565257 0,000759
угрозы 1,690196 0,001639
удивительное 1,322219 0,000641
уехал 0,752344 0,000730
узнает 0,912045 0,000442
уйдет 1,088136 0,000528
указывала 1,565257 0,000759
укоряет 1,866287 0,000905
уличению 2,167317 0,001051
уменьшает 2,167317 0,001051
умершим 0,000000 0,000000
умнее 1,053374 0,000511
умственными 2,167317 0,001051
упоминал 1,322219 0,000641
употребил 1,565257 0,000759
усилий 1,468347 0,000712
успей 2,167317 0,001051
утверждать 1,213075 0,000588
утверждаю 1,213075 0,000588
уходит 0,888564 0,000431
факт 0,675956 0,000328
фактам 1,690196 0,001639
факты 0,991226 0,000481
федор 0,000000 0,000000
федора 0,554533 0,000538
федору 0,936868 0,000454
фразах 1,866287 0,000905
характер 0,635838 0,000925
характеристика 1,690196 0,000820
характеристики 1,690196 0,000820
характерная 1,565257 0,000759
характерных 2,167317 0,001051
характеру 1,389166 0,000674
хорошего 0,991226 0,000481
хотелось 0,381987 0,000185
хотя 0,050046 0,000024
хотят 0,735954 0,000357
хохлаковой 0,787106 0,000382
хуже 0,635838 0,000308
целый 0,486076 0,000471
целью 0,824895 0,000400
цинизмом 1,866287 0,000905
часа 0,000000 0,000000
часть 0,002964 0,000003
часы 0,805589 0,000391
чего 0,040213 0,000020
человек 0,036984 0,000018
человека 0,154480 0,000075
человеку 0,459747 0,000223
чему 0,341243 0,000165
чести 0,735954 0,000357
честной 2,167317 0,001051
четвертая 0,426955 0,000414
число 0,000000 0,000000
чисто 1,213075 0,001177
читаем 0,000000 0,000000
читать 0,000000 0,000000
чтоб 0,073896 0,000323
чтобы 0,030597 0,000030
чужих 1,213075 0,000588
чуть 0,176091 0,000085
чьего 0,000000 0,000000
ширмами 1,389166 0,000674
штабс 1,021189 0,000495
экспертиза 1,565257 0,001518
эпизод 1,167317 0,000566
этим 0,189594 0,000276
этими 0,635838 0,000617
этих 0,213075 0,000103
этого 0,053374 0,000026
этой 0,118099 0,000286
этом 0,046743 0,000136
этому 0,322219 0,000156
этот 0,011981 0,000035
этою 0,599116 0,000291
явен 2,167317 0,001051
явиться 0,991226 0,000481
языком 0,991226 0,000481
