автор 0,000000 0,000000
автором 0,000000 0,000000
авторского 0,000000 0,000000
авторы 0,000000 0,000000
аграфена 1,167317 0,000503
аграфену 1,565257 0,000674
аккомпанируя 2,167317 0,000933
аккорд 2,167317 0,001867
александровна 0,787106 0,000339
александровну 1,213075 0,000522
алексей 0,000000 0,000000
алексея 0,000000 0,000000
алеша 0,381987 0,002468
алеши 0,544068 0,000703
алешу 0,565257 0,000730
англичан 2,167317 0,000933
аршин 1,468347 0,000632
аться 2,167317 0,000933
базаре 1,468347 0,000632
барина 0,936868 0,000403
беседке 1,565257 0,002022
беседки 1,866287 0,000804
беседку 1,690196 0,004367
беспрестанным 2,167317 0,000933
бесчеловечно 1,690196 0,000728
библиотека 0,000000 0,000000
благодарю 0,824895 0,000355
благодаря 1,264227 0,000544
благодетель 1,322219 0,000569
благородный 1,088136 0,000469
блеснула 1,690196 0,000728
ближе 0,752344 0,000324
более 0,000000 0,000000
большим 0,704919 0,000304
большом 0,888564 0,000383
ботинках 2,167317 0,000933
боюсь 0,504560 0,000217
боялся 0,587534 0,000253
брат 0,303994 0,000524
брата 0,389166 0,001173
братом 0,769377 0,000331
брату 0,752344 0,000324
братцем 1,565257 0,000674
братья 0,176091 0,000379
бросился 0,451314 0,000194
будет 0,077412 0,000033
будто 0,099131 0,000043
буду 0,208276 0,000269
будьте 0,735954 0,000317
бульонщик 1,690196 0,000728
бунтовать 1,866287 0,000804
бунтую 2,167317 0,000933
бывало 0,554533 0,000239
бываю 1,690196 0,000728
была 0,046743 0,000121
были 0,099131 0,000085
было 0,000000 0,000000
быстро 0,232819 0,000100
быть 0,002964 0,000015
важное 0,845098 0,000364
важному 1,088136 0,000469
васильевич 1,213075 0,000522
васильевичу 1,866287 0,000804
ваша 0,554533 0,000239
вблизи 1,389166 0,000598
вдруг 0,005949 0,000020
ведь 0,043466 0,000019
вежливо 0,936868 0,000403
великое 0,888564 0,000383
великой 1,322219 0,000569
великому 1,389166 0,001197
верно 0,523865 0,000451
веснушками 1,866287 0,000804
весь 0,099131 0,000043
весьма 0,243038 0,000105
ветхою 1,866287 0,000804
вечера 0,623249 0,000268
вздор 0,599116 0,000516
видеть 0,381987 0,000329
видимо 0,328468 0,000141
визиты 0,000000 0,000000
влево 1,690196 0,000728
вместе 0,208276 0,000090
вниз 0,752344 0,000324
вновь 0,720159 0,000310
вовремя 1,167317 0,000503
вовсе 0,150284 0,000129
военным 1,866287 0,001607
возможно 0,735954 0,000634
вознаграждения 0,000000 0,000000
войдя 0,735954 0,000317
войти 0,675956 0,000582
волнении 0,675956 0,000291
вонючий 1,866287 0,000804
ворота 0,963197 0,000415
воротится 1,213075 0,000522
восемь 0,824895 0,000355
воскликнул 0,309985 0,000133
воспоминание 0,963197 0,000415
впрочем 0,118099 0,000102
время 0,043466 0,000019
всегда 0,129891 0,000056
всегдашнему 1,866287 0,000804
всего 0,040213 0,000035
всем 0,070407 0,000121
всеми 0,434924 0,000187
всех 0,060107 0,000052
вскинул 1,021189 0,000440
вслед 0,523865 0,000226
встал 0,403889 0,000174
встретить 0,866287 0,000373
всякий 0,514105 0,000221
всякого 0,514105 0,000443
вторая 0,514105 0,000443
входить 1,125925 0,000485
вчера 0,341243 0,001176
вчерашнее 1,389166 0,000598
вчерашней 1,565257 0,000674
выверт 2,167317 0,000933
выговорить 0,963197 0,000415
выдавайте 1,690196 0,000728
вызвать 1,468347 0,000632
вызови 1,690196 0,000728
вынули 1,866287 0,000804
выплаты 0,000000 0,000000
выходило 0,991226 0,000854
вышел 0,275223 0,000119
гитара 2,167317 0,000933
гитаре 1,690196 0,000728
гитарой 1,690196 0,001456
гитары 2,167317 0,000933
глаза 0,129891 0,000056
глазами 0,403889 0,000174
глазками 1,125925 0,000485
глупее 1,468347 0,000632
глупое 1,088136 0,000469
глупую 1,468347 0,000632
говорил 0,095435 0,000082
говорили 0,374926 0,000646
говорит 0,189594 0,000082
говорить 0,162996 0,000070
говорю 0,203530 0,000088
говорят 0,309985 0,000267
году 1,088136 0,000469
голове 0,554533 0,000239
голову 0,227798 0,000098
голос 0,533849 0,001839
голосу 1,468347 0,000632
голоштанник 2,167317 0,000933
голубое 1,389166 0,000598
гораздо 0,443041 0,000191
город 0,523865 0,000226
городскому 2,167317 0,000933
господи 0,451314 0,000389
гости 0,769377 0,000331
готовлю 1,866287 0,000804
готовой 1,866287 0,000804
графского 2,167317 0,000933
григорий 0,720159 0,000310
григорию 1,125925 0,000485
грозили 2,167317 0,000933
грустно 0,735954 0,000634
грушеньки 0,787106 0,000339
гусариком 2,167317 0,001867
давно 0,158717 0,000068
даете 1,690196 0,000728
даже 0,005949 0,000013
дальше 0,002964 0,000003
дама 0,735954 0,000634
данные 0,000000 0,000000
дать 0,623249 0,000268
двадцати 0,675956 0,000291
двенадцатом 1,322219 0,000569
двух 0,264227 0,000114
двухаршинным 2,167317 0,000933
девиц 1,167317 0,000503
девушка 0,805589 0,000347
действительно 0,106619 0,000046
делается 1,088136 0,000469
делать 0,426955 0,000184
делая 1,167317 0,000503
дело 0,063514 0,000055
делу 0,468347 0,000403
денег 0,309985 0,000133
день 0,162996 0,000070
держать 0,963197 0,000415
дескать 0,419129 0,000361
детьми 1,053374 0,000454
дмитрий 0,468347 0,001008
дмитрия 0,599116 0,001548
дозволил 1,866287 0,000804
долго 0,222835 0,000096
должен 0,258832 0,000111
должно 0,286504 0,000247
доме 0,322219 0,000139
домика 1,866287 0,000804
домой 0,459747 0,000198
достоевский 0,000000 0,000000
достоинством 0,866287 0,000373
достояние 0,000000 0,000000
дочка 1,389166 0,000598
дочь 0,587534 0,000253
другие 0,389166 0,000168
другого 0,396465 0,000171
другое 0,309985 0,000267
другой 0,146128 0,000126
дрянною 2,167317 0,000933
думал 0,258832 0,000111
думаю 0,328468 0,000141
дурного 1,053374 0,000454
дуэли 1,690196 0,001456
дуэль 1,264227 0,000544
единственно 0,477121 0,000205
если 0,011981 0,000052
ждать 0,554533 0,000478
желаете 1,389166 0,000598
желал 0,611015 0,000263
желаю 0,735954 0,000951
жеманством 2,167317 0,000933
женский 1,053374 0,001815
женщина 0,396465 0,000171
живу 1,264227 0,000544
жизнь 0,162996 0,000070
жизнью 1,167317 0,000503
жить 0,451314 0,000194
жребий 1,690196 0,000728
забор 1,125925 0,000485
забора 1,264227 0,000544
завитой 1,690196 0,000728
заговор 1,565257 0,000674
заигрывала 2,167317 0,000933
закричал 0,599116 0,000258
залилась 1,264227 0,000544
заметил 0,154480 0,000133
заметила 0,787106 0,000339
заметили 0,611015 0,000263
запел 1,690196 0,001456
засесть 2,167317 0,000933
застал 0,866287 0,000373
затворены 2,167317 0,000933
захватить 1,322219 0,001139
захотелось 0,787106 0,000339
защищать 1,053374 0,000907
заявить 1,125925 0,000485
звал 1,213075 0,000522
здесь 0,095435 0,000206
здешнего 1,322219 0,000569
здешние 1,565257 0,000674
здешний 1,053374 0,000454
здорова 1,866287 0,001607
зеленая 1,468347 0,000632
зеленом 1,866287 0,000804
знаем 1,088136 0,000469
знает 0,171682 0,000074
знаете 0,286504 0,000123
знакомству 1,468347 0,001265
знакомятся 1,690196 0,000728
знал 0,114239 0,000049
знать 0,328468 0,000566
знаю 0,095435 0,000082
иван 0,303994 0,000655
ивана 0,504560 0,000217
иваном 0,845098 0,000364
игнатьевне 1,565257 0,000674
известен 1,053374 0,000454
известие 0,662167 0,000570
извинением 2,167317 0,000933
извините 0,735954 0,000317
изволили 0,845098 0,000728
илуй 2,167317 0,001867
именно 0,066947 0,000115
иметь 0,587534 0,000506
императора 1,690196 0,000728
иного 1,053374 0,000454
иное 1,053374 0,000454
иностранец 1,565257 0,001348
иностранцев 2,167317 0,000933
исполнить 1,167317 0,000503
использоваться 0,000000 0,000000
истолку 2,167317 0,000933
источник 0,000000 0,000000
ихнее 2,167317 0,000933
ихней 1,389166 0,000598
ихнему 1,468347 0,000632
ихнюю 2,167317 0,000933
ищут 1,322219 0,000569
кабы 1,125925 0,001940
каждым 0,769377 0,000331
кажется 0,118099 0,000051
какой 0,095435 0,000041
калитку 1,322219 0,000569
карамазовы 0,180546 0,000311
караулит 1,866287 0,000804
кармане 0,805589 0,000347
картинка 1,866287 0,000804
катастрофа 1,389166 0,000598
катастрофе 1,389166 0,000598
кафе 1,690196 0,000728
квартире 1,167317 0,000503
квартиру 0,805589 0,000347
книга 0,176091 0,000152
книги 0,000000 0,000000
когда 0,015029 0,000032
коли 0,269690 0,000348
колтуном 2,167317 0,000933
комаров 0,000000 0,000000
комнате 0,389166 0,000168
кондратьевна 1,322219 0,006833
кондратьевне 1,690196 0,000728
коньяком 2,167317 0,000933
корона 2,167317 0,000933
корону 2,167317 0,000933
которая 0,361137 0,000156
котором 0,347773 0,000150
которую 0,292256 0,000126
который 0,110412 0,000095
крайней 0,298086 0,000257
крикнула 0,824895 0,000355
кроме 0,158717 0,000068
круглым 1,389166 0,000598
кружок 2,167317 0,000933
крыльцо 1,167317 0,000503
куда 0,248239 0,000107
куплет 2,167317 0,000933
куплетом 2,167317 0,000933
кустами 2,167317 0,000933
кустах 1,866287 0,000804
лакей 0,912045 0,000393
лакейский 2,167317 0,001867
лакея 1,167317 0,000503
лакированных 2,167317 0,001867
ласкался 2,167317 0,000933
ласкательно 2,167317 0,000933
легли 1,468347 0,000632
лежала 1,021189 0,000440
лезли 1,866287 0,000804
лестнице 1,088136 0,000469
либо 0,000000 0,000000
литература 0,000000 0,000000
лицом 0,000000 0,000000
лишь 0,185046 0,000080
ложесна 2,167317 0,001867
лучше 0,162996 0,000211
люблю 0,347773 0,000300
любым 0,000000 0,000000
люди 0,269690 0,000116
малыим 2,167317 0,002800
малым 1,322219 0,000569
маменька 0,936868 0,000403
манером 1,264227 0,000544
марфе 1,322219 0,000569
марье 1,565257 0,000674
марья 1,125925 0,005819
медленно 0,805589 0,000694
между 0,129891 0,000056
мелькнула 1,088136 0,000469
мелькнуло 0,805589 0,000347
меня 0,027438 0,000189
мере 0,269690 0,000232
места 0,389166 0,000168
месте 0,286504 0,000123
место 0,334808 0,000288
мигом 0,504560 0,000217
милая 1,021189 0,000440
милой 1,690196 0,000728
милочка 2,167317 0,000933
мимо 0,514105 0,000221
минутного 2,167317 0,000933
минуту 0,084532 0,000146
много 0,080958 0,000070
могли 0,374926 0,000161
могу 0,171682 0,000370
могут 0,495219 0,000213
моего 0,367977 0,000158
моем 0,599116 0,000516
можем 1,053374 0,000454
может 0,000000 0,000000
можешь 0,704919 0,000304
можно 0,088136 0,000076
молоденькая 1,866287 0,000804
молоденьким 2,167317 0,000933
молодые 1,213075 0,000522
молодых 0,912045 0,000393
молчания 1,088136 0,000469
момента 0,000000 0,000000
монастырь 0,720159 0,000620
москве 0,690196 0,000892
москвы 0,888564 0,000383
мужик 0,888564 0,000383
мужицкая 2,167317 0,000933
мужицкие 2,167317 0,000933
мужской 1,565257 0,001348
мужчина 1,389166 0,001197
мысли 0,316059 0,000136
мысль 0,264227 0,000228
наблюдать 1,125925 0,000485
наводит 1,866287 0,000804
наводят 2,167317 0,000933
навстречу 1,125925 0,000485
надеюсь 0,912045 0,000393
надо 0,036984 0,000048
надумался 2,167317 0,000933
назад 0,000000 0,000000
название 0,000000 0,000000
найти 0,000000 0,000000
наконец 0,073896 0,000032
намедни 1,167317 0,000503
намерен 0,787106 0,000339
написано 0,000000 0,000000
наполеона 1,690196 0,000728
напомаженный 2,167317 0,000933
например 0,298086 0,000128
напротив 0,180546 0,000156
нарастало 1,690196 0,000728
народ 0,735954 0,000317
насказали 2,167317 0,000933
наслажда 2,167317 0,000933
настойчивым 1,866287 0,000804
наука 0,000000 0,000000
находит 1,690196 0,000728
находится 1,167317 0,000503
нация 1,866287 0,000804
начал 0,137934 0,000119
начальства 1,322219 0,000569
начальству 1,167317 0,000503
нашего 0,396465 0,000171
нашествие 2,167317 0,000933
наши 0,544068 0,000234
наших 0,690196 0,000297
невозмутимо 2,167317 0,000933
него 0,000000 0,000000
неделикатности 1,866287 0,000804
недурная 2,167317 0,000933
нежнее 1,468347 0,000632
нежно 1,167317 0,000503
неизвестности 1,389166 0,000598
некогда 0,912045 0,000393
неминуемой 2,167317 0,000933
ненавижу 1,088136 0,000469
необразованности 2,167317 0,000933
неожиданность 1,866287 0,000804
непобедимой 2,167317 0,000933
непременно 0,133894 0,000058
непригодные 2,167317 0,000933
неприлично 0,824895 0,000355
неприятель 2,167317 0,000933
неужто 0,599116 0,000258
нечаянно 0,752344 0,000648
нибудь 0,030597 0,000040
низенькая 2,167317 0,000933
никак 0,396465 0,000171
никакого 0,403889 0,000174
никого 0,411442 0,000177
ничего 0,030597 0,000066
нищете 1,565257 0,000674
нищетой 2,167317 0,000933
носит 1,322219 0,000569
нынешнему 2,167317 0,000933
обедал 1,468347 0,000632
обедать 1,125925 0,000970
обещались 1,690196 0,000728
обижаться 2,167317 0,000933
обожает 1,690196 0,000728
обоюдный 2,167317 0,000933
образованного 1,565257 0,000674
образом 0,347773 0,000150
обратился 0,443041 0,000191
общественное 0,000000 0,000000
объяснил 0,752344 0,000324
оглядел 1,021189 0,000440
одежде 1,468347 0,000632
один 0,046743 0,000081
однако 0,102859 0,000089
одни 0,459747 0,000198
одно 0,099131 0,000043
одолжишь 2,167317 0,000933
ожидания 1,264227 0,000544
озерную 1,866287 0,000804
окна 0,648803 0,000279
окно 0,635838 0,000274
определил 1,389166 0,000598
опубликовано 0,000000 0,000000
опять 0,027438 0,000024
осведомиться 1,565257 0,000674
особенно 0,129891 0,000056
остановился 0,419129 0,000181
ответил 0,237898 0,000205
ответить 0,735954 0,000317
отворилось 1,690196 0,000728
отдельной 1,690196 0,000728
открыть 1,021189 0,000440
отнеслись 1,690196 0,000728
отобедали 2,167317 0,000933
отопру 1,866287 0,000804
отпечатался 2,167317 0,000933
отрезал 0,824895 0,000355
отсюда 0,805589 0,000347
отца 0,222835 0,000192
офицерики 2,167317 0,000933
оформление 0,000000 0,000000
очевидно 0,599116 0,000258
очень 0,024303 0,000126
ошибаются 1,565257 0,000674
павел 1,690196 0,000728
павлович 0,419129 0,000361
палят 1,866287 0,000804
первейшего 1,866287 0,000804
первого 0,411442 0,000177
первому 1,021189 0,000440
перелез 1,866287 0,000804
перелезть 1,690196 0,000728
переночует 2,167317 0,000933
переползло 2,167317 0,000933
пересилила 2,167317 0,000933
переспросил 1,167317 0,000503
переулка 1,690196 0,000728
перешло 0,000000 0,000000
песни 1,264227 0,000544
петровке 2,167317 0,000933
пистолета 1,468347 0,000632
пистолетами 1,389166 0,000598
письма 0,704919 0,000304
план 1,053374 0,000454
плана 1,565257 0,000674
платье 0,704919 0,000911
плетень 1,690196 0,002184
площади 1,021189 0,000880
побежали 1,213075 0,000522
поведением 1,565257 0,000674
поверьте 0,866287 0,000373
подать 1,213075 0,000522
подборка 0,000000 0,000000
подлец 0,662167 0,000570
подошел 0,514105 0,000221
подробностях 1,167317 0,000503
подумал 0,334808 0,000144
позабыли 1,468347 0,000632
пойдет 0,720159 0,000310
пойду 0,623249 0,000268
поймать 1,389166 0,000598
показалась 1,125925 0,000970
покойны 1,690196 0,000728
покорила 2,167317 0,000933
покорили 2,167317 0,000933
положим 0,720159 0,000310
польщенная 2,167317 0,000933
помехи 2,167317 0,000933
попасть 1,322219 0,000569
пополудни 1,213075 0,000522
попрекает 2,167317 0,000933
пороть 1,565257 0,000674
порядки 1,690196 0,000728
посетителей 0,000000 0,000000
посетители 0,000000 0,000000
послали 1,389166 0,000598
после 0,084532 0,000036
последним 1,053374 0,000454
послышался 1,264227 0,000544
посмертно 0,000000 0,000000
посмотреть 0,704919 0,000304
потому 0,024303 0,000031
потребность 0,963197 0,000415
потрясло 1,389166 0,000598
похожи 1,468347 0,000632
почему 0,099131 0,000171
почивать 2,167317 0,000933
почтен 1,690196 0,000728
почти 0,024303 0,000010
пошел 0,275223 0,000237
правильно 1,167317 0,000503
пребывание 1,866287 0,000804
пред 0,033778 0,000015
предуведомить 1,866287 0,000804
прежде 0,077412 0,000033
прежнему 0,587534 0,000253
презираете 1,389166 0,000598
пренебрежительно 2,167317 0,000933
преобладал 2,167317 0,000933
прибавила 0,690196 0,000297
привержен 2,167317 0,000933
придет 0,514105 0,000664
приехала 1,125925 0,000485
прижизненно 0,000000 0,000000
приказаний 2,167317 0,000933
приказанию 1,690196 0,000728
пример 1,125925 0,000485
приподнялась 1,690196 0,000728
приподнялся 1,264227 0,000544
присоединила 2,167317 0,000933
пристально 0,389166 0,000168
притаиться 2,167317 0,000933
притихли 2,167317 0,000933
приход 1,866287 0,000804
приходил 0,720159 0,000310
приходили 0,936868 0,000403
приходит 0,824895 0,000355
пришли 0,704919 0,000304
пришлось 0,769377 0,000331
пробрался 1,690196 0,000728
проговорил 0,154480 0,000067
проговорила 0,533849 0,000230
программирование 0,000000 0,000000
продолжаете 2,167317 0,000933
продолжал 0,292256 0,000126
произведение 0,000000 0,000000
произведений 0,000000 0,000000
произведения 0,000000 0,000000
произвести 1,322219 0,000569
произнес 0,361137 0,000311
произносят 1,866287 0,000804
произошел 0,888564 0,000383
произошли 2,167317 0,000933
произошло 0,495219 0,000213
происходить 1,322219 0,000569
пройти 0,991226 0,000427
пролепетала 1,468347 0,000632
променяю 1,866287 0,000804
пропущу 2,167317 0,000933
просвистал 1,866287 0,000804
просидел 1,021189 0,000440
просто 0,232819 0,000301
против 0,389166 0,000503
протянула 1,088136 0,000469
прошел 0,662167 0,000570
прошло 0,000000 0,000000
прошлый 1,264227 0,000544
прошу 0,599116 0,000258
прощался 2,167317 0,000933
прямо 0,118099 0,000051
публикации 0,000000 0,000000
пускали 1,690196 0,000728
пустилась 1,468347 0,000632
пустился 0,936868 0,000403
пустить 1,468347 0,000632
пустые 2,167317 0,000933
пусть 0,253503 0,000218
пуще 0,599116 0,000258
пятая 1,264227 0,001089
раза 0,426955 0,000184
разве 0,146128 0,000063
разверз 2,167317 0,000933
разврату 2,167317 0,000933
разговор 0,434924 0,000187
раздался 0,805589 0,000347
раздельно 1,213075 0,000522
разодетый 2,167317 0,000933
разрешения 0,000000 0,000000
рано 0,787106 0,000339
расплескавшейся 2,167317 0,000933
рассказывать 0,704919 0,000304
рассудите 1,088136 0,000469
рассуждал 1,565257 0,000674
ресторан 2,167317 0,000933
решил 0,514105 0,000221
рифму 2,167317 0,001867
робко 0,787106 0,000339
рождества 1,866287 0,000804
россию 0,866287 0,001119
росту 1,468347 0,000632
руках 0,396465 0,000171
русская 0,000000 0,000000
русский 0,752344 0,000648
рыло 2,167317 0,000933
рюмки 1,468347 0,000632
рядом 0,690196 0,000297
саблю 1,866287 0,000804
садовая 2,167317 0,000933
сайте 0,000000 0,000000
сами 0,142011 0,000245
самого 0,118099 0,000203
самое 0,167317 0,000216
самом 0,114239 0,000049
самому 0,426955 0,000184
самую 0,459747 0,000198
самые 0,381987 0,000329
самый 0,198834 0,000171
самым 0,280827 0,000121
самыми 1,053374 0,000907
самых 0,468347 0,000202
сапогах 1,213075 0,000522
сбегу 2,167317 0,000933
свет 0,468347 0,000403
свете 0,426955 0,000184
светло 1,167317 0,000503
свободно 0,000000 0,000000
свое 0,150284 0,000065
своей 0,066947 0,000086
своему 0,367977 0,000158
своею 0,443041 0,000191
свои 0,146128 0,000063
своим 0,208276 0,000090
своими 0,495219 0,000213
свой 0,189594 0,000082
сговор 1,866287 0,000804
сделаю 0,845098 0,000364
себе 0,033778 0,000029
себя 0,005949 0,000008
сегодня 0,000000 0,000000
сейчас 0,070407 0,000152
семидесяти 0,000000 0,000000
сидел 0,322219 0,000278
сидели 0,963197 0,000415
сидит 0,565257 0,000243
сидят 1,213075 0,000522
силой 0,675956 0,000291
сказавшись 1,866287 0,000804
сказал 0,099131 0,000043
сказали 0,544068 0,000234
сказать 0,073896 0,000127
сказываются 2,167317 0,000933
скамейка 1,690196 0,000728
скамейке 1,213075 0,001045
скамейки 1,322219 0,000569
складно 1,690196 0,000728
сколько 0,280827 0,000242
скорее 0,514105 0,000221
скоро 0,298086 0,000128
скрывающегося 2,167317 0,000933
скрытно 2,167317 0,000933
скучного 1,866287 0,000804
сладенькою 2,167317 0,000933
слеза 1,690196 0,000728
слезно 1,565257 0,000674
слишком 0,133894 0,000058
слова 0,129891 0,000056
словами 0,805589 0,000347
словах 0,635838 0,000274
слову 0,888564 0,000383
случилась 1,565257 0,000674
слушаться 1,565257 0,000674
смердит 1,565257 0,000674
смердяков 0,587534 0,003289
смердящей 1,565257 0,000674
смертью 1,264227 0,001089
смотреть 0,477121 0,000205
смотря 0,322219 0,000139
снова 0,565257 0,000243
собой 0,253503 0,000109
собрание 0,000000 0,000000
совершиться 1,213075 0,000522
совсем 0,021189 0,000027
согласия 0,000000 0,000000
солдат 1,125925 0,000485
сообщил 0,824895 0,000355
сообщили 1,322219 0,000569
сообщить 0,635838 0,000548
сопровождая 1,690196 0,000728
соседскому 2,167317 0,000933
составляет 1,125925 0,000485
состоял 1,088136 0,000937
состояла 1,053374 0,000454
сочинений 0,000000 0,000000
спас 1,264227 0,000544
спасти 0,769377 0,000331
спели 2,167317 0,000933
специально 1,389166 0,001197
спокойнее 1,389166 0,000598
спрашивают 1,088136 0,000469
спросил 0,222835 0,000192
спросом 2,167317 0,000933
стали 0,322219 0,000278
стало 0,091770 0,000119
стану 0,662167 0,000285
стараться 1,690196 0,000728
старая 0,936868 0,000403
стену 1,125925 0,000485
стеснили 2,167317 0,000933
стих 1,468347 0,001265
стихи 1,125925 0,000970
стишок 1,389166 0,000598
столе 0,824895 0,000355
столице 1,389166 0,000598
столичный 1,167317 0,000503
столь 0,434924 0,000187
сторожем 1,690196 0,000728
сторону 0,611015 0,000526
стороны 0,185046 0,000080
страшно 0,434924 0,000375
страшными 1,468347 0,000632
стремился 1,565257 0,000674
ступай 0,735954 0,000317
ступе 2,167317 0,001867
стыд 0,912045 0,000393
сумасшедший 0,805589 0,000347
сумма 1,088136 0,000469
супом 1,565257 0,000674
существенный 1,690196 0,000728
существом 1,264227 0,000544
счастье 0,787106 0,000339
считают 1,264227 0,000544
сыздетства 2,167317 0,001867
сына 0,576253 0,000248
сюда 0,232819 0,000301
такая 0,309985 0,000133
также 0,000000 0,000000
таков 0,787106 0,000339
такой 0,077412 0,000033
такою 0,690196 0,000297
тамошние 2,167317 0,000933
тамошний 2,167317 0,000933
твердым 1,125925 0,000485
тебе 0,203530 0,000088
тебя 0,198834 0,000086
текст 0,000000 0,000000
тенор 2,167317 0,000933
теперь 0,015029 0,000039
тихо 0,354404 0,000153
тогда 0,050046 0,000043
того 0,005949 0,000005
тоже 0,043466 0,000019
только 0,002964 0,000008
томах 0,000000 0,000000
томными 2,167317 0,000933
тому 0,095435 0,000041
торопился 1,125925 0,000485
точно 0,121994 0,000263
точь 0,787106 0,000678
трактир 1,322219 0,002847
трактире 0,866287 0,000373
трактиру 2,167317 0,001867
тревожной 1,690196 0,000728
третий 0,544068 0,000234
трех 0,374926 0,000161
туда 0,495219 0,000213
тужить 2,167317 0,002800
тыкали 2,167317 0,000933
убедительнейше 2,167317 0,000933
убеждение 0,824895 0,000355
убежите 1,866287 0,000804
убил 0,523865 0,000226
убить 0,599116 0,000258
убьют 1,565257 0,000674
уважаете 1,690196 0,000728
увидел 0,648803 0,000279
удаляться 2,167317 0,000933
удивился 0,635838 0,000274
удостоил 1,389166 0,000598
ужасно 0,167317 0,000216
ужасной 1,213075 0,000522
узнать 0,374926 0,000161
укорять 1,468347 0,000632
улицу 0,735954 0,000317
умеет 1,021189 0,000440
умершим 0,000000 0,000000
умирающему 2,167317 0,000933
умная 1,866287 0,000804
умны 1,322219 0,000569
умом 0,752344 0,000324
умрет 0,824895 0,000355
уничтожения 1,866287 0,000804
употребления 1,690196 0,000728
уселись 1,264227 0,000544
уселся 0,866287 0,000373
услышу 1,690196 0,000728
уходит 0,888564 0,000383
уходя 1,125925 0,000485
федор 0,000000 0,000000
федорович 0,253503 0,000764
федоровича 0,426955 0,000552
федоровичем 0,704919 0,000304
фистула 2,167317 0,000933
фистулою 2,167317 0,000933
фома 1,468347 0,000632
фоме 2,167317 0,000933
французского 1,264227 0,000544
французы 1,690196 0,000728
характеру 1,389166 0,000598
хвостом 1,322219 0,000569
хитрейшим 2,167317 0,000933
ходил 0,611015 0,000263
ходила 1,125925 0,000485
ходит 0,769377 0,000663
ходите 1,468347 0,000632
ходят 1,167317 0,000503
хозяева 1,468347 0,000632
хозяйка 1,088136 0,000469
хозяйкам 1,866287 0,000804
хозяйки 1,468347 0,000632
хозяйкина 2,167317 0,000933
хорошо 0,189594 0,000245
хотел 0,158717 0,000068
хотела 0,648803 0,000279
хотелось 0,381987 0,000165
хотя 0,050046 0,000129
храбро 1,866287 0,000804
хуже 0,635838 0,000274
царская 2,167317 0,000933
часа 0,000000 0,000000
часов 0,411442 0,000177
часом 1,322219 0,000569
часто 0,292256 0,000126
часть 0,002964 0,000003
чего 0,040213 0,000017
человек 0,036984 0,000016
человека 0,154480 0,000067
через 0,258832 0,000334
четверти 1,322219 0,000569
число 0,000000 0,000000
читаем 0,000000 0,000000
читать 0,000000 0,000000
чихнул 2,167317 0,000933
чреве 1,565257 0,000674
чрез 0,275223 0,000237
чтоб 0,073896 0,000032
чтобы 0,030597 0,000079
чувства 0,495219 0,000427
чувство 0,611015 0,000526
чуть 0,176091 0,000076
чьего 0,000000 0,000000
шагах 0,866287 0,000373
шельмы 1,565257 0,000674
шлейфом 2,167317 0,000933
щеголечка 2,167317 0,000933
щеколду 1,866287 0,000804
этак 0,690196 0,000297
этим 0,189594 0,000082
этими 0,635838 0,000274
этом 0,046743 0,000081
этот 0,011981 0,000010
юнкерочком 2,167317 0,000933
явлюсь 1,866287 0,000804
ясный 1,213075 0,000522
