автор 0,000000 0,000000
автором 0,000000 0,000000
авторского 0,000000 0,000000
авторы 0,000000 0,000000
аграфену 1,565257 0,000298
александровну 1,213075 0,000231
алексеевны 1,264227 0,000241
алексей 0,000000 0,000000
алексея 0,000000 0,000000
алеше 0,523865 0,000100
алеши 0,544068 0,000104
андреем 2,167317 0,000413
андрей 1,690196 0,002255
андрею 1,866287 0,000356
андрея 1,468347 0,000280
аппетита 1,468347 0,000280
арбуза 2,167317 0,000826
армяком 1,866287 0,000356
ахинею 1,690196 0,000322
бабушкой 1,866287 0,000356
бакалейный 2,167317 0,000413
бакалея 2,167317 0,000826
баловство 1,690196 0,000322
барин 1,053374 0,000201
барыню 1,389166 0,000265
барыня 0,963197 0,000184
батюшка 0,675956 0,000258
бегали 1,866287 0,000356
беги 1,264227 0,000241
бедной 1,264227 0,000241
бедный 0,824895 0,000157
бежал 0,963197 0,000367
безгласный 1,866287 0,000356
белого 1,690196 0,000644
белье 1,021189 0,000195
беспокойным 1,565257 0,000298
беспокойством 0,888564 0,000339
беспокойся 1,125925 0,000215
беспокоюсь 2,167317 0,000413
беспорядка 1,264227 0,000241
беспорядок 1,167317 0,000223
библиотека 0,000000 0,000000
били 1,690196 0,000322
биллиарде 1,866287 0,000712
благодарностию 2,167317 0,000413
благословить 1,322219 0,000252
благословляю 1,565257 0,000298
бледный 0,888564 0,000169
бледных 1,690196 0,000322
близкое 2,167317 0,000413
бога 0,451314 0,000172
богатых 1,468347 0,000280
богу 0,434924 0,000166
боже 0,459747 0,000088
боковой 1,264227 0,000482
более 0,000000 0,000000
болоночка 2,167317 0,000413
болоночку 2,167317 0,000413
большая 0,936868 0,000179
больше 0,137934 0,000237
бормотал 0,720159 0,000275
бороденку 1,690196 0,000322
боясь 0,963197 0,000184
браво 1,167317 0,000223
брал 1,213075 0,000231
брат 0,303994 0,000116
братьев 1,088136 0,000207
братья 0,176091 0,000134
бредишь 1,565257 0,000298
бросай 2,167317 0,000413
бросил 0,554533 0,000211
бросился 0,451314 0,000086
бубенчиками 2,167317 0,000413
будет 0,077412 0,000118
будто 0,099131 0,000057
будут 0,565257 0,000108
бумажка 1,264227 0,000241
бумажке 1,690196 0,000322
бумажки 1,565257 0,000895
бумажку 1,088136 0,000622
бутылки 1,167317 0,000445
бутылку 1,322219 0,000504
бухнулась 2,167317 0,000413
была 0,046743 0,000045
были 0,099131 0,000038
было 0,000000 0,000000
быстро 0,232819 0,000133
быть 0,002964 0,000005
вами 0,232819 0,000222
варвары 1,088136 0,000207
ваши 0,434924 0,000249
ваших 0,554533 0,000106
вашу 0,504560 0,000096
вбежал 1,322219 0,001008
ввязаться 1,866287 0,000356
вдруг 0,005949 0,000033
вдумчиво 1,389166 0,000530
ведь 0,043466 0,000083
велел 0,752344 0,000430
великолепнейшее 1,866287 0,000356
велось 2,167317 0,000413
вернулся 1,389166 0,000265
вероятно 0,623249 0,000119
верх 1,088136 0,000207
верхнюю 1,565257 0,000298
весел 0,963197 0,000184
весь 0,099131 0,000076
весьма 0,243038 0,000046
ветчины 2,167317 0,000413
вечно 0,824895 0,000314
взвизгнули 2,167317 0,000413
взглянуть 0,912045 0,000174
вздор 0,599116 0,001256
вздора 2,167317 0,000413
вздрогнул 0,565257 0,000108
вздумал 0,805589 0,000154
взлетит 2,167317 0,001239
взорвет 1,866287 0,000356
взял 0,269690 0,000206
видал 0,623249 0,000119
видел 0,248239 0,000095
видимо 0,328468 0,000063
видите 0,396465 0,000302
видишь 0,599116 0,000228
видно 0,504560 0,000192
вижу 0,286504 0,000055
визиты 0,000000 0,000000
вина 0,963197 0,000551
винами 1,866287 0,000356
висках 1,322219 0,000252
вкатив 2,167317 0,000413
вкатить 1,690196 0,000322
вложил 1,565257 0,000298
вместе 0,208276 0,000119
вместо 0,411442 0,000157
внезапное 1,264227 0,000482
вовсе 0,150284 0,000086
вода 1,468347 0,000280
водки 1,322219 0,000504
водку 1,866287 0,000356
воду 1,125925 0,000215
возле 1,565257 0,000298
вознаграждения 0,000000 0,000000
возьмет 0,888564 0,000169
возьми 0,704919 0,000134
войдет 1,167317 0,000223
волокут 2,167317 0,000413
волшебницей 2,167317 0,000413
воображение 1,468347 0,000280
вопил 1,565257 0,000298
вопрос 0,222835 0,000170
вопросительно 1,167317 0,000445
вопросы 0,599116 0,000114
ворота 0,963197 0,000184
воротам 1,468347 0,000280
воротился 0,599116 0,000114
воротишься 1,690196 0,000322
воскликнул 0,309985 0,000059
восторге 0,824895 0,000157
восторжен 2,167317 0,000413
восьмая 1,167317 0,000445
вошедшему 1,690196 0,000322
вошел 0,403889 0,000385
вперед 0,426955 0,000081
впилась 1,690196 0,000322
вполне 0,316059 0,000060
впопыхах 1,389166 0,000265
впредь 0,752344 0,000143
впрочем 0,118099 0,000023
вразбивку 2,167317 0,000413
времени 0,269690 0,000308
время 0,043466 0,000017
всадить 1,866287 0,000356
всегда 0,129891 0,000050
всего 0,040213 0,000092
всей 0,248239 0,000095
всем 0,070407 0,000054
всех 0,060107 0,000011
вскочил 0,587534 0,000112
вскочила 0,888564 0,000169
вскрикнул 0,936868 0,000536
вскричал 0,292256 0,000167
вслед 0,523865 0,000100
вслух 0,533849 0,000102
всполохнулся 1,866287 0,000356
вспомни 1,468347 0,000280
вспомнил 0,704919 0,000134
вспыхнул 1,213075 0,000231
встал 0,403889 0,000231
встань 1,690196 0,000322
встретивший 1,866287 0,000356
встретил 0,769377 0,000147
всыпал 2,167317 0,000413
всякая 1,167317 0,000223
всякие 1,213075 0,000231
всяким 1,565257 0,000298
всякого 0,514105 0,000098
входа 1,167317 0,000223
входит 1,264227 0,000241
вчетверо 2,167317 0,000413
выброшу 2,167317 0,000413
выдернул 1,866287 0,000356
выйдя 0,963197 0,000184
выкатили 2,167317 0,000413
выложить 1,866287 0,000356
вымойтесь 2,167317 0,000413
вынул 0,599116 0,000114
выпей 2,167317 0,000413
выпил 0,991226 0,000189
выпили 1,389166 0,000530
выпитого 2,167317 0,000413
выпить 1,167317 0,000445
выплаты 0,000000 0,000000
выпуча 2,167317 0,000413
выпьем 1,389166 0,001324
выражением 1,125925 0,000215
вырвался 1,468347 0,000280
высекли 1,690196 0,000322
выслушав 0,805589 0,000154
выслушал 0,805589 0,000154
высокий 0,991226 0,000189
выставив 1,690196 0,000322
высшего 0,991226 0,000189
высшему 1,565257 0,000597
высший 1,264227 0,000241
вытащили 2,167317 0,000413
вытирал 1,866287 0,000356
вытирая 2,167317 0,000826
выхватил 1,322219 0,000252
выхода 1,088136 0,000207
выходе 1,565257 0,000298
выходя 0,936868 0,000179
вышел 0,275223 0,000157
гамлета 1,866287 0,000356
главное 0,189594 0,000108
главный 0,963197 0,000184
гладкой 2,167317 0,000413
глаз 0,554533 0,000211
глаза 0,129891 0,000074
глазам 0,963197 0,000184
глазками 1,125925 0,000215
глубокой 1,565257 0,000298
глупый 1,021189 0,000195
глухому 2,167317 0,000413
глядел 0,554533 0,000317
глядела 1,125925 0,000215
глядя 0,611015 0,000116
гневно 1,264227 0,000241
говори 0,769377 0,000147
говорил 0,095435 0,000036
говорили 0,374926 0,000071
говорит 0,189594 0,000036
говорите 0,533849 0,000204
говорить 0,162996 0,000031
говоришь 0,752344 0,000143
говорю 0,203530 0,000116
годом 1,565257 0,000298
голову 0,227798 0,000043
голубчик 0,587534 0,000784
горацио 2,167317 0,000413
горе 0,769377 0,000293
горевать 1,690196 0,000322
горланы 2,167317 0,000413
горло 1,389166 0,000530
город 0,523865 0,000100
городе 0,565257 0,000216
горячий 1,167317 0,000223
господа 0,389166 0,000074
господи 0,451314 0,000086
гостем 1,389166 0,000265
гостинцев 1,565257 0,000298
гостя 1,021189 0,000195
готов 0,544068 0,000104
готовностью 1,322219 0,000252
готово 1,565257 0,000597
готовую 2,167317 0,000413
григорию 1,125925 0,000215
громко 0,504560 0,000096
гроша 1,389166 0,000265
грустен 1,264227 0,000241
грустно 0,735954 0,000561
груш 2,167317 0,000413
грушенька 0,675956 0,000129
грушеньки 0,787106 0,000300
грушенькинова 2,167317 0,000413
грушенькой 1,088136 0,000415
грязнейшею 2,167317 0,000413
давайте 1,167317 0,000445
давеча 0,232819 0,000266
давешний 1,213075 0,000231
даже 0,005949 0,000008
дала 0,720159 0,000275
дальше 0,002964 0,000002
дама 0,735954 0,000140
данные 0,000000 0,000000
даром 0,769377 0,000147
дать 0,623249 0,000356
двадцать 0,411442 0,000157
дверей 1,053374 0,000201
двугривенный 1,565257 0,000597
двух 0,264227 0,000050
девать 1,690196 0,000322
девки 1,468347 0,000280
девок 1,322219 0,000252
девяти 1,322219 0,000504
девятого 1,866287 0,000356
действительно 0,106619 0,000041
дела 0,309985 0,000059
деле 0,162996 0,000031
дело 0,063514 0,000036
делу 0,468347 0,000089
денег 0,309985 0,000295
денежки 1,322219 0,000252
дену 1,866287 0,000356
день 0,162996 0,000093
деньгами 0,675956 0,000258
деньги 0,280827 0,000589
деревенских 1,690196 0,000322
держа 1,125925 0,000215
держал 0,866287 0,000330
держит 1,468347 0,000280
дерут 1,690196 0,000322
десятирублевую 2,167317 0,000826
десять 0,374926 0,000286
дивясь 1,565257 0,000298
дикари 2,167317 0,001239
дики 2,167317 0,000413
дикий 1,213075 0,000231
дико 1,167317 0,000445
длинно 1,322219 0,000252
дмитрий 0,468347 0,001250
дмитрия 0,599116 0,000228
добивался 1,565257 0,000298
доверчивостью 1,565257 0,000597
доволен 0,735954 0,000421
довольно 0,129891 0,000173
догадался 0,752344 0,000143
докончив 1,565257 0,000298
должен 0,258832 0,000049
должно 0,286504 0,000109
дольше 1,322219 0,000252
дома 0,298086 0,000114
доме 0,322219 0,000061
домой 0,459747 0,000088
дому 0,675956 0,000129
дорогого 1,565257 0,000298
дорогой 0,565257 0,000323
дорогу 0,599116 0,000457
дороже 1,322219 0,000252
досаде 1,088136 0,000207
доставлено 2,167317 0,000413
достоевский 0,000000 0,000000
достояние 0,000000 0,000000
достучусь 2,167317 0,000826
дотрогивался 1,866287 0,000356
дрожавших 1,866287 0,000356
дрожали 1,322219 0,000252
друг 0,269690 0,000051
другая 0,648803 0,000124
другим 0,533849 0,000102
другую 0,495219 0,000189
думал 0,258832 0,000099
думать 0,486076 0,000093
дурак 0,769377 0,000293
дурное 1,264227 0,000241
духа 0,787106 0,000300
духом 0,866287 0,000495
душе 0,514105 0,000098
души 0,523865 0,000100
дюжинки 2,167317 0,000413
дюжины 2,167317 0,002066
дядька 2,167317 0,001239
едва 0,554533 0,000106
едете 1,565257 0,000298
езда 1,866287 0,000712
ездил 0,866287 0,000330
елисеевых 1,866287 0,000356
если 0,011981 0,000014
есть 0,018098 0,000014
ехали 1,690196 0,000322
жаром 0,587534 0,000224
ждали 0,720159 0,000275
желание 0,888564 0,000169
желая 0,662167 0,000379
женский 1,053374 0,000402
женщина 0,396465 0,000227
женщину 0,805589 0,000307
женщины 0,576253 0,000110
живи 1,565257 0,000298
живо 1,389166 0,000265
жизни 0,222835 0,000170
жизнь 0,162996 0,000404
жилета 1,866287 0,000356
жилетный 2,167317 0,000413
жить 0,451314 0,000086
забил 2,167317 0,000413
забор 1,125925 0,000859
забота 1,167317 0,000223
забрал 1,866287 0,000356
забыв 0,991226 0,000189
забывал 1,125925 0,000215
забыл 0,328468 0,000250
забыли 1,088136 0,000622
завопил 0,787106 0,000300
завтра 0,298086 0,000341
завтрашнего 1,565257 0,000298
загадай 2,167317 0,000413
загадаю 2,167317 0,000413
загадку 1,322219 0,000504
загадывая 2,167317 0,000413
загну 2,167317 0,000413
заговорил 0,599116 0,000228
заговорили 1,167317 0,000223
загорелось 1,468347 0,000280
загубите 2,167317 0,000413
задней 1,565257 0,000298
заднюю 2,167317 0,000413
задняя 2,167317 0,000413
задумчиво 0,912045 0,000174
зажал 1,565257 0,000298
зазвенел 1,565257 0,000298
закатился 2,167317 0,000413
заколотив 2,167317 0,000413
заколотить 2,167317 0,000413
закончено 2,167317 0,000413
закормил 2,167317 0,000413
закочевавший 2,167317 0,000413
закричал 0,599116 0,000114
закусок 2,167317 0,000413
заложил 1,264227 0,000482
залюбопытствовал 2,167317 0,000413
замерла 1,690196 0,000322
заметив 0,936868 0,000179
заметил 0,154480 0,000118
заметим 1,167317 0,000223
замуж 0,735954 0,000140
занесли 2,167317 0,000413
запачкались 2,167317 0,000413
запачканное 1,866287 0,000712
запачканы 1,866287 0,000356
запер 1,264227 0,000241
заперлись 1,690196 0,000322
запирали 1,866287 0,000356
запирают 2,167317 0,000413
запоил 2,167317 0,000413
запомнит 1,866287 0,000356
запыхавшись 1,690196 0,000322
заряд 2,167317 0,000413
заряжаете 2,167317 0,000413
заряжаю 2,167317 0,000413
заряжая 2,167317 0,000413
заскоруз 2,167317 0,000413
засмеялся 0,495219 0,000094
засуетился 1,690196 0,000322
засыхать 2,167317 0,000413
затем 0,237898 0,000091
затих 1,389166 0,000265
затихла 1,690196 0,000322
захватил 0,936868 0,000179
заходили 1,468347 0,000280
зачем 0,146128 0,000167
защититься 1,866287 0,000356
заявлял 1,866287 0,000356
звуком 2,167317 0,000413
здесь 0,095435 0,000109
земли 0,769377 0,000147
зеркалу 1,690196 0,000322
златокудрого 1,690196 0,000644
злобно 0,599116 0,000228
злобой 0,963197 0,000184
злясь 2,167317 0,000413
знаете 0,286504 0,000109
знаешь 0,533849 0,000102
знай 0,888564 0,000169
знал 0,114239 0,000131
значит 0,243038 0,000093
знаю 0,095435 0,000036
знают 0,720159 0,000275
зовут 1,389166 0,000265
золотые 1,088136 0,000415
зрачками 2,167317 0,000413
ивановича 1,213075 0,000231
играть 0,936868 0,000357
игру 1,322219 0,000252
идем 0,963197 0,001102
идите 1,322219 0,000252
идти 0,434924 0,000083
известие 0,662167 0,000126
изволите 1,088136 0,000207
излагать 1,690196 0,000322
изменчив 2,167317 0,000413
измучил 1,468347 0,000280
изнутри 1,690196 0,000322
икры 2,167317 0,000413
ильич 1,389166 0,011916
ильича 1,468347 0,000840
ильичом 1,866287 0,000356
ильичу 1,565257 0,001790
именно 0,066947 0,000026
интересно 1,213075 0,000231
интересовавшихся 2,167317 0,000413
использоваться 0,000000 0,000000
испуг 1,125925 0,000215
испуга 1,322219 0,000252
испугалась 1,213075 0,000231
испуганная 1,389166 0,000265
испуганными 1,866287 0,000356
испуге 0,690196 0,000263
исступлении 0,735954 0,000140
истерика 1,213075 0,000231
источник 0,000000 0,000000
истребить 1,690196 0,000322
итог 1,690196 0,000322
ихний 1,866287 0,000356
йорик 2,167317 0,001239
каждый 0,367977 0,000070
каждым 0,769377 0,000293
кажется 0,118099 0,000023
казну 2,167317 0,000826
казню 1,866287 0,000712
какая 0,194189 0,000111
какие 0,232819 0,000044
каким 0,194189 0,000037
какова 1,167317 0,000223
какого 0,347773 0,000066
какое 0,227798 0,000043
какой 0,095435 0,000073
каком 0,381987 0,000218
какому 0,805589 0,000154
какою 0,599116 0,000343
какую 0,419129 0,000080
каламбуришь 2,167317 0,000413
каламбурю 2,167317 0,000413
капитана 1,053374 0,000201
капитаном 1,322219 0,000504
капли 1,167317 0,000223
карамазова 0,912045 0,000348
карамазовы 0,180546 0,000138
карман 0,888564 0,001186
кармана 0,720159 0,000686
карманам 1,468347 0,000280
квартировала 1,866287 0,000356
кинул 1,690196 0,000322
кинулся 1,213075 0,000231
кланяться 1,322219 0,000252
кланяясь 1,866287 0,000356
ключиком 1,866287 0,000356
книга 0,176091 0,000067
книги 0,000000 0,000000
ковром 1,866287 0,000356
когда 0,015029 0,000029
кого 0,222835 0,000170
коли 0,269690 0,000206
колокольчик 1,167317 0,000223
колокольчиками 1,866287 0,000356
командовал 1,690196 0,000322
комаров 0,000000 0,000000
комиссию 2,167317 0,000413
комке 2,167317 0,000413
комнате 0,389166 0,000074
комнату 0,468347 0,000089
кому 0,341243 0,000130
конечно 0,060107 0,000046
конфет 1,866287 0,000712
конфетами 1,866287 0,000356
кончается 1,690196 0,000322
кончено 1,021189 0,000195
кончим 1,264227 0,000241
коньяку 1,565257 0,000597
коньячку 1,322219 0,000252
копченых 2,167317 0,000413
которая 0,361137 0,000069
которой 0,213075 0,000041
котором 0,347773 0,000066
которому 0,468347 0,000089
которые 0,189594 0,000036
который 0,110412 0,000063
которыми 0,888564 0,000169
кофе 1,468347 0,000280
кошелька 2,167317 0,000413
край 1,167317 0,000445
крал 1,866287 0,000356
красного 1,322219 0,000252
красные 1,322219 0,000252
кредит 1,690196 0,000322
кредитки 1,389166 0,000530
кредитку 1,866287 0,000356
кредиток 1,468347 0,000280
крепко 0,443041 0,000084
крикнул 0,381987 0,000437
криком 1,322219 0,000252
крича 1,389166 0,000265
кричал 0,824895 0,000157
кровавое 2,167317 0,000413
крови 0,662167 0,001136
кровь 0,662167 0,000505
кровью 0,845098 0,000322
кроме 0,158717 0,000030
кротко 1,322219 0,000252
крошечки 2,167317 0,000413
крошечным 1,866287 0,000356
крупным 2,167317 0,000413
круто 1,322219 0,000252
крякнул 1,690196 0,000322
кстати 0,468347 0,000179
кувшин 1,690196 0,000322
куда 0,248239 0,000331
кусочек 1,690196 0,000322
кутежа 1,322219 0,000252
кутить 1,866287 0,000712
кухарка 1,322219 0,000252
кухне 1,213075 0,000231
кухни 1,565257 0,000298
кучу 1,565257 0,000597
лавка 1,690196 0,000322
лавке 1,125925 0,001073
лавки 1,264227 0,000723
лавку 1,213075 0,000231
ладно 1,690196 0,000322
лапки 1,690196 0,000322
ласковый 1,565257 0,000298
левой 1,088136 0,000207
левую 1,213075 0,000231
легковерен 1,866287 0,000356
леденцов 1,866287 0,000356
лежал 0,648803 0,000124
лежат 0,991226 0,000189
лежи 1,565257 0,000298
либо 0,000000 0,000000
литература 0,000000 0,000000
лихом 1,565257 0,000298
лица 0,322219 0,000061
лице 0,403889 0,000077
лицо 0,114239 0,000152
лицом 0,000000 0,000000
лишь 0,185046 0,000035
ложиться 1,389166 0,000265
локоть 1,389166 0,000265
лужу 1,690196 0,000322
лучше 0,162996 0,000124
любил 0,374926 0,000071
любила 0,845098 0,000322
любит 0,389166 0,000148
люблю 0,347773 0,000331
любом 2,167317 0,000413
любопытство 0,866287 0,000165
любопытством 0,459747 0,000175
любым 0,000000 0,000000
любят 0,752344 0,000287
люди 0,269690 0,000051
магазин 1,866287 0,000356
магазине 2,167317 0,000413
маленькую 1,021189 0,000195
мало 0,208276 0,000119
малый 1,053374 0,000201
мальчик 0,495219 0,000094
мальчика 0,648803 0,000124
мальчику 1,125925 0,000429
мальчишку 1,213075 0,000231
марш 1,690196 0,000644
мастрюк 2,167317 0,000826
матери 0,451314 0,000172
мать 0,389166 0,000074
машинально 1,053374 0,000402
мгновениями 1,322219 0,000252
мельче 2,167317 0,000413
менее 0,635838 0,000121
меньше 0,787106 0,000150
меня 0,027438 0,000042
мерещатся 2,167317 0,000413
мерзко 1,866287 0,000356
мертвец 1,866287 0,000356
места 0,389166 0,000148
месте 0,286504 0,000055
местечка 2,167317 0,000413
месту 1,125925 0,000215
месяц 0,451314 0,000258
мигом 0,504560 0,000096
милому 1,690196 0,000322
милый 0,477121 0,000455
милым 1,167317 0,000223
мимо 0,514105 0,000098
минут 0,486076 0,000185
минутный 1,866287 0,000356
минуту 0,084532 0,000064
мите 0,735954 0,000281
митей 1,053374 0,000402
митенька 1,565257 0,000298
митеньке 1,468347 0,000280
митенькой 2,167317 0,000413
митеньку 1,468347 0,000280
мити 0,611015 0,000466
митю 0,623249 0,000594
митя 0,587534 0,005040
миша 1,690196 0,004511
мише 2,167317 0,000413
мишей 2,167317 0,000413
мишу 2,167317 0,000413
мной 0,237898 0,000091
могла 0,286504 0,000055
может 0,000000 0,000000
можно 0,088136 0,000034
мозг 1,866287 0,001067
моими 0,991226 0,000189
мокрое 1,053374 0,001807
мокром 0,963197 0,000367
молодой 0,381987 0,000073
молодому 0,963197 0,000184
молчал 0,565257 0,000108
молчание 0,912045 0,000174
момента 0,000000 0,000000
монпансье 2,167317 0,001239
морозовой 1,389166 0,000265
мужиков 1,213075 0,000462
мучить 0,888564 0,000169
мучусь 1,866287 0,000356
мчитесь 2,167317 0,000413
мыслью 1,125925 0,000215
мыться 2,167317 0,000826
наблюдать 1,125925 0,000215
навеки 0,648803 0,000124
наверно 0,264227 0,000050
надевая 1,565257 0,000298
наделаешь 2,167317 0,000413
наделаю 2,167317 0,000826
надеясь 1,322219 0,000252
надо 0,036984 0,000049
надуют 2,167317 0,000413
нажил 1,565257 0,000298
назад 0,000000 0,000000
назара 2,167317 0,000413
название 0,000000 0,000000
называла 1,468347 0,000280
найти 0,000000 0,000000
наказую 1,866287 0,000356
наказывал 2,167317 0,000413
накрытым 2,167317 0,000413
намылил 1,866287 0,000356
намылить 2,167317 0,000413
напившись 1,866287 0,000356
написал 0,662167 0,000126
написано 0,000000 0,000000
наплевать 1,167317 0,000223
напоказ 1,565257 0,000298
направился 0,912045 0,000174
напротив 0,180546 0,000034
напьются 2,167317 0,000413
нарочно 0,227798 0,000043
насекомое 1,565257 0,000298
насмерть 2,167317 0,000413
настаивал 0,845098 0,000161
натурально 0,991226 0,000189
наука 0,000000 0,000000
нахмурившись 1,213075 0,000231
нахмурился 0,991226 0,000189
начал 0,137934 0,000079
начала 0,381987 0,000073
начали 0,735954 0,000281
начаться 2,167317 0,000413
начинал 0,662167 0,000126
наша 0,787106 0,000150
нашего 0,396465 0,000151
нашей 0,599116 0,000114
нашел 0,648803 0,000124
нашем 0,662167 0,000126
нашли 0,805589 0,000154
небось 0,912045 0,000348
него 0,000000 0,000000
недели 0,565257 0,000108
недоверчиво 1,264227 0,000241
недоставало 1,264227 0,000241
недоумении 0,805589 0,000307
недурной 2,167317 0,000413
незнаком 1,866287 0,000356
некогда 0,912045 0,000522
нельзя 0,176091 0,000034
немного 0,426955 0,000081
нему 0,080958 0,000015
ненавистное 1,690196 0,000322
ненавистному 2,167317 0,000413
необходимые 1,690196 0,000322
необходимым 1,125925 0,000215
неожиданно 0,523865 0,000100
неожиданным 0,963197 0,000184
неподвижно 0,936868 0,000179
непреклонная 2,167317 0,000413
непременно 0,133894 0,000051
непреодолимая 2,167317 0,000413
неробкого 1,866287 0,000356
несколько 0,102859 0,000039
нетерпеливое 1,565257 0,000298
нетерпением 0,866287 0,000330
неуверенный 2,167317 0,000413
неужели 0,389166 0,000074
неужто 0,599116 0,000114
нечего 0,381987 0,000146
нибудь 0,030597 0,000017
никогда 0,088136 0,000034
никого 0,411442 0,000078
никто 0,185046 0,000106
ними 0,275223 0,000052
ничего 0,030597 0,000064
новая 0,787106 0,000150
нового 0,735954 0,000140
нога 1,213075 0,000231
ноги 0,477121 0,000091
ногтями 2,167317 0,000413
ножка 1,468347 0,000280
ножку 1,565257 0,000298
ночи 0,675956 0,000129
ночь 0,248239 0,000095
нрав 2,167317 0,000826
нравились 1,690196 0,000322
нужно 0,514105 0,000098
обеднел 2,167317 0,000413
обернулся 0,824895 0,000157
обидел 1,125925 0,000429
облекся 2,167317 0,000413
обозлил 2,167317 0,000413
обратился 0,443041 0,000169
обратно 0,675956 0,000129
обсчитают 2,167317 0,000413
обтереться 2,167317 0,000413
обшлаг 1,866287 0,000712
общественное 0,000000 0,000000
объяснил 0,752344 0,000143
объяснили 1,690196 0,000322
овладела 1,468347 0,000280
ограбил 1,213075 0,000231
огрызнулся 1,866287 0,000356
один 0,046743 0,000053
одна 0,185046 0,000071
однако 0,102859 0,000059
одним 0,286504 0,000055
одно 0,099131 0,000057
одного 0,150284 0,000057
одной 0,243038 0,000139
одном 0,504560 0,000096
одну 0,232819 0,000266
одумавшись 2,167317 0,000413
ожидавшим 1,866287 0,000356
окажется 1,125925 0,000215
оказался 0,824895 0,000157
окончание 1,866287 0,000356
окончательно 0,565257 0,000108
окошко 1,322219 0,000252
окровавленные 1,690196 0,000644
окровавленными 1,565257 0,000298
опасно 1,389166 0,000265
опоздаем 2,167317 0,000413
опубликовано 0,000000 0,000000
опустился 1,167317 0,000223
опять 0,027438 0,000084
осененный 2,167317 0,000413
осердился 1,690196 0,000322
особенно 0,129891 0,000025
особо 1,468347 0,000280
особой 1,468347 0,000280
осталась 0,866287 0,000165
остались 0,735954 0,000140
остался 0,523865 0,000100
остальными 1,866287 0,000356
остановились 1,053374 0,000201
остаться 0,912045 0,000174
остервенения 2,167317 0,000413
ответил 0,237898 0,000181
отвечал 0,648803 0,000124
отвечать 0,824895 0,000314
отдай 1,389166 0,000265
отдайте 1,468347 0,000280
отдал 0,866287 0,000330
откликнулся 2,167317 0,000413
откровенным 1,565257 0,000298
откуда 0,523865 0,000300
откупорю 2,167317 0,000413
отлично 0,805589 0,000154
отмыли 2,167317 0,000413
отнести 2,167317 0,000413
отношений 1,389166 0,000265
отнял 1,389166 0,000265
отозвался 1,088136 0,000207
отомкнул 2,167317 0,000413
отправится 1,866287 0,000356
отправиться 1,125925 0,000215
отправляюсь 2,167317 0,000413
отрапортовал 1,565257 0,000298
отрезал 0,824895 0,000157
отрезвил 2,167317 0,000413
отстанешь 2,167317 0,000413
отсыпала 2,167317 0,001239
отсыплет 2,167317 0,000413
отца 0,222835 0,000042
офицер 1,125925 0,000215
офицера 1,264227 0,000482
офицеру 1,264227 0,000723
оформление 0,000000 0,000000
охота 1,565257 0,000298
очень 0,024303 0,000028
очутилась 1,389166 0,000265
павловича 0,451314 0,000086
паклей 2,167317 0,000413
пальцами 0,866287 0,000330
пальцах 2,167317 0,000826
панталон 1,690196 0,000322
парень 1,167317 0,000223
партию 1,565257 0,000895
партия 1,866287 0,000356
партнеров 2,167317 0,000413
пачка 1,468347 0,000560
пачки 1,565257 0,000298
пачкой 1,866287 0,000356
пачку 1,088136 0,000622
первейших 2,167317 0,000413
первом 0,805589 0,000154
первый 0,248239 0,000047
перебил 0,635838 0,000364
переводились 1,565257 0,000298
переврет 2,167317 0,001239
переврешь 2,167317 0,000413
передней 1,125925 0,000215
переднюю 1,389166 0,000530
переложил 1,690196 0,000322
перемените 2,167317 0,000413
перепугал 2,167317 0,000413
перервали 2,167317 0,000413
перескочит 2,167317 0,000413
перешло 0,000000 0,000000
перо 1,322219 0,000252
перхотин 1,468347 0,000280
перхотину 1,468347 0,000280
петр 0,936868 0,008036
петра 1,167317 0,000668
петром 1,468347 0,000280
петру 1,389166 0,001589
пирогами 1,866287 0,000356
пирогов 1,565257 0,000298
пистолет 1,053374 0,000602
пистолетами 1,389166 0,000794
пистолеты 1,322219 0,002520
письмо 0,544068 0,000104
пишут 1,053374 0,000201
платком 1,125925 0,000215
платок 0,787106 0,000750
плетеный 2,167317 0,000413
плотненькая 2,167317 0,000413
плотниковым 2,167317 0,001239
плотниковых 1,389166 0,000794
плохо 0,912045 0,000174
площади 1,021189 0,000195
площадь 1,322219 0,000252
плюнул 1,213075 0,000231
поверили 1,167317 0,000223
повернул 1,322219 0,000252
повернулся 0,587534 0,000112
поглядев 1,264227 0,000241
поглядел 0,554533 0,000106
поговорить 0,866287 0,000330
погрузился 1,565257 0,000298
погубит 1,690196 0,000644
погубите 1,866287 0,000712
подадут 1,565257 0,000298
подал 0,752344 0,000143
подам 1,468347 0,000280
подборка 0,000000 0,000000
поддевке 1,690196 0,000322
подери 2,167317 0,000413
подерутся 1,866287 0,000712
поди 1,125925 0,000215
подл 1,264227 0,000482
подлеца 1,088136 0,000207
подлецы 1,389166 0,000265
подливал 2,167317 0,000413
подлинно 1,468347 0,000280
подмигнул 1,565257 0,000597
поднял 0,504560 0,000192
поднялся 0,635838 0,000121
подожди 1,053374 0,000201
подойдя 1,167317 0,000223
подошли 1,053374 0,000201
подрались 1,866287 0,001067
подраться 1,866287 0,000356
подробности 0,648803 0,000247
подскочил 1,125925 0,000215
подумал 0,334808 0,000191
подъезжать 2,167317 0,000413
поедем 1,468347 0,000560
поедете 2,167317 0,000413
поедут 2,167317 0,000413
поехала 1,389166 0,000530
пожалуй 0,237898 0,000181
пожалуйста 0,662167 0,000126
пожелал 1,322219 0,000252
пожеланиями 1,866287 0,000356
пожелают 2,167317 0,000413
позволила 1,468347 0,000560
позволь 1,125925 0,000215
позднейшие 2,167317 0,000413
поздно 0,735954 0,000421
позже 1,389166 0,000265
поиграть 1,690196 0,000322
пойдем 0,912045 0,000174
пойдемте 0,888564 0,000169
пойдете 1,264227 0,000482
пойдите 2,167317 0,000413
пойду 0,623249 0,000119
поймешь 1,565257 0,000298
показал 0,769377 0,000147
показывал 1,125925 0,000215
показывая 1,213075 0,000231
поклон 0,936868 0,000179
поклоне 1,866287 0,000356
поклонился 0,912045 0,000174
покончить 1,088136 0,000207
покрытой 2,167317 0,000413
покупатели 2,167317 0,000413
полдороги 2,167317 0,000413
полдюжины 1,690196 0,000322
ползало 2,167317 0,000413
полку 1,565257 0,000298
половина 0,866287 0,000165
положении 0,704919 0,000269
положил 0,599116 0,000114
положили 1,088136 0,000207
положите 1,866287 0,001423
положить 1,167317 0,000223
полотенцем 1,389166 0,000265
полслова 1,468347 0,000280
полу 0,735954 0,000140
получасом 2,167317 0,000413
получения 1,565257 0,000298
получил 0,635838 0,000121
полюбил 0,888564 0,000169
помалу 0,675956 0,000258
помешаю 1,690196 0,000322
помещики 1,866287 0,000356
помилуй 1,389166 0,000530
поминай 1,690196 0,000322
помирились 1,866287 0,000712
помирятся 2,167317 0,000413
помни 1,264227 0,000241
помнил 0,845098 0,000161
помнили 1,468347 0,000560
помнишь 0,845098 0,000322
помогать 1,322219 0,000252
помолчал 0,991226 0,000189
помочь 0,912045 0,000174
понимаешь 0,769377 0,000147
понимаю 0,381987 0,000073
понял 0,396465 0,000302
понятно 0,936868 0,000179
понять 0,396465 0,000076
попробовал 1,264227 0,000241
порет 2,167317 0,000413
порохом 1,565257 0,000298
порочен 2,167317 0,000413
портило 2,167317 0,000413
порядка 1,565257 0,000298
порядку 1,468347 0,000560
порядок 1,389166 0,000530
посетителей 0,000000 0,000000
посетители 0,000000 0,000000
посещение 1,468347 0,000280
поскорее 0,486076 0,000093
поскорей 0,769377 0,000147
послать 0,963197 0,000184
последнего 0,635838 0,000121
последнее 0,486076 0,000093
последней 0,623249 0,000238
последняя 1,088136 0,000207
последовали 2,167317 0,000413
послушайте 0,787106 0,000150
посмертно 0,000000 0,000000
посмотрел 0,459747 0,000351
посмотрите 0,888564 0,000169
поспела 2,167317 0,000413
поспешить 1,468347 0,000280
поспешно 0,866287 0,000165
поспешностью 1,264227 0,000241
поставил 0,845098 0,000161
постойте 1,167317 0,000668
постучался 1,690196 0,000322
потащил 1,468347 0,000280
потаю 2,167317 0,000413
потеряв 1,322219 0,000252
потеряете 1,866287 0,000712
потом 0,084532 0,000097
потому 0,024303 0,000019
потрафит 2,167317 0,000413
потрафят 2,167317 0,000413
потребление 2,167317 0,000413
потребовал 1,264227 0,000241
поужинав 2,167317 0,000413
похвалялся 2,167317 0,000413
похолодев 1,866287 0,000356
поцеловать 1,125925 0,000429
почему 0,099131 0,000038
почерком 1,866287 0,000356
почти 0,024303 0,000032
пошел 0,275223 0,000052
пошлю 1,468347 0,000280
появились 1,389166 0,000265
появления 1,125925 0,000215
правдинскую 2,167317 0,000413
правду 0,443041 0,000084
право 0,361137 0,000138
правого 1,866287 0,000356
правой 0,912045 0,000695
пред 0,033778 0,000071
предлагаю 1,690196 0,000322
предложили 1,565257 0,000298
предметы 1,468347 0,000560
предо 0,769377 0,000147
предчувствуя 1,213075 0,000231
прежде 0,077412 0,000030
прежнего 0,824895 0,000157
прежнему 0,587534 0,000336
прежний 1,021189 0,000195
прибавил 0,275223 0,000105
прибежала 1,213075 0,000231
прибили 1,690196 0,000322
прибудет 1,565257 0,000298
прибудут 1,468347 0,000280
прибыл 1,213075 0,000231
приветствиями 2,167317 0,000413
пригодятся 1,866287 0,000356
приготовили 1,690196 0,000322
придерживал 2,167317 0,000413
придете 1,322219 0,000252
приезда 1,167317 0,000223
прижизненно 0,000000 0,000000
признался 0,936868 0,000179
признанием 1,690196 0,000322
прииски 1,322219 0,001260
прикажет 2,167317 0,000413
приказчик 1,690196 0,000644
приказчика 1,468347 0,000560
приказчики 1,866287 0,000356
приказывал 1,866287 0,000356
прилавок 2,167317 0,000413
примостился 2,167317 0,000413
принес 0,805589 0,000154
принялась 1,264227 0,000241
приняли 1,125925 0,000215
принялся 1,167317 0,000668
принято 1,125925 0,000215
припасами 1,690196 0,000322
припомнил 0,888564 0,000339
прислал 1,053374 0,000201
присмотреть 1,866287 0,000356
приходилась 1,866287 0,000356
приходу 1,866287 0,000356
пришел 0,322219 0,000123
приятельски 1,866287 0,000356
пробормотал 0,334808 0,000191
провожали 1,690196 0,000322
прогнал 1,565257 0,000298
проговорил 0,154480 0,000177
проговорила 0,533849 0,000204
программирование 0,000000 0,000000
продолжал 0,292256 0,000056
произведение 0,000000 0,000000
произведений 0,000000 0,000000
произведения 0,000000 0,000000
произнес 0,361137 0,000138
произошло 0,495219 0,000094
прокричал 0,720159 0,000137
прокричала 1,125925 0,000429
пролилась 1,690196 0,000322
пропадут 1,866287 0,000356
просадил 2,167317 0,000413
просить 0,504560 0,000096
просочилась 2,167317 0,000413
просочилось 2,167317 0,000413
прости 0,912045 0,000348
простил 1,167317 0,000668
простишь 1,389166 0,000265
простоял 1,690196 0,000322
протрещала 2,167317 0,000413
протянул 0,675956 0,000129
проходите 1,866287 0,000356
процветала 2,167317 0,000413
проч 0,662167 0,000379
прочитав 2,167317 0,000413
прошел 0,662167 0,000126
прошло 0,000000 0,000000
прошлый 1,264227 0,000241
прощай 0,805589 0,000461
прямо 0,118099 0,000113
публикации 0,000000 0,000000
публичным 2,167317 0,000413
пулю 1,565257 0,001492
пуля 1,690196 0,000322
пустить 1,468347 0,000280
пусть 0,253503 0,000145
пустяков 1,866287 0,000356
пучком 1,866287 0,000356
пуще 0,599116 0,000114
пьян 0,824895 0,001258
пьяного 1,264227 0,000241
пьяный 0,888564 0,000169
пятна 1,389166 0,000265
пять 0,275223 0,000052
пятьдесят 0,888564 0,000169
равно 0,303994 0,000174
равняется 2,167317 0,000413
радость 0,805589 0,000154
радостью 0,991226 0,000189
радужные 1,468347 0,000280
радужных 1,565257 0,000597
разбогатели 1,866287 0,000356
разбрасывал 2,167317 0,000413
разбужу 2,167317 0,000413
разве 0,146128 0,000084
развернул 1,053374 0,000201
развернуться 2,167317 0,000413
развеселила 1,866287 0,000356
разговор 0,434924 0,000083
раздавил 2,167317 0,000413
раздавили 1,866287 0,000356
раздавшийся 2,167317 0,000413
раздражительно 0,752344 0,000143
разиня 2,167317 0,000413
разлива 1,866287 0,000356
размазанной 2,167317 0,000413
размененных 2,167317 0,000413
разменять 2,167317 0,000413
разменяют 2,167317 0,000413
разом 0,389166 0,000297
разошлись 1,389166 0,000265
разрешения 0,000000 0,000000
разузнать 1,468347 0,000280
разъехались 1,565257 0,000298
ракитина 0,991226 0,000189
ранены 2,167317 0,000413
раньше 0,599116 0,000114
раскидчив 1,866287 0,000356
раскровенились 2,167317 0,000413
раскрыв 1,468347 0,000280
расположении 1,264227 0,000482
расположился 1,468347 0,000280
распоряжаясь 2,167317 0,000413
рассвете 1,322219 0,000252
рассердившись 1,565257 0,000298
рассеян 1,125925 0,000215
рассеянно 0,991226 0,000378
рассеянности 1,389166 0,000265
рассказала 1,088136 0,000415
рассказать 0,623249 0,000119
рассказывали 0,936868 0,000179
рассматривая 1,389166 0,000794
рассмотрел 1,264227 0,000241
расспрашивать 1,213075 0,000462
расспросить 1,565257 0,000298
расспросы 1,213075 0,000231
рассыльных 2,167317 0,000413
расчет 0,991226 0,000189
расчетец 2,167317 0,000413
расширенными 2,167317 0,000413
ребенок 0,648803 0,000124
резко 0,648803 0,000124
речью 1,565257 0,000298
решение 0,735954 0,000281
решимость 1,088136 0,000207
решительно 0,341243 0,000065
решить 0,936868 0,000357
ровно 0,533849 0,000102
родила 1,389166 0,000265
рожок 1,866287 0,000356
рубашке 1,690196 0,000322
рубашки 1,565257 0,000298
рублей 0,367977 0,000772
рукава 1,690196 0,000967
руках 0,396465 0,000302
руке 0,735954 0,000421
руки 0,167317 0,000510
рукомойник 2,167317 0,000826
руку 0,222835 0,000085
румянец 1,565257 0,000298
русская 0,000000 0,000000
ручаемся 2,167317 0,000413
рыбу 2,167317 0,000413
рыжеватый 1,690196 0,000322
рюмку 1,690196 0,000322
садиться 1,167317 0,000223
сайте 0,000000 0,000000
салфеткой 1,690196 0,000322
сами 0,142011 0,000135
самого 0,118099 0,000045
самое 0,167317 0,000064
самой 0,258832 0,000049
самом 0,114239 0,000022
самому 0,426955 0,000081
самый 0,198834 0,000038
самым 0,280827 0,000054
сахар 2,167317 0,000413
сбегает 2,167317 0,000413
сбегать 2,167317 0,000413
сверху 0,936868 0,000179
свет 0,468347 0,000089
свете 0,426955 0,000081
свечкой 1,468347 0,000280
свободно 0,000000 0,000000
свое 0,150284 0,000057
своего 0,091770 0,000035
своей 0,066947 0,000013
своему 0,367977 0,000070
свои 0,146128 0,000084
своих 0,237898 0,000045
свой 0,189594 0,000036
свою 0,073896 0,000056
связываться 1,866287 0,000356
сдачи 1,866287 0,000356
себе 0,033778 0,000039
себя 0,005949 0,000008
сегодня 0,000000 0,000000
сегодняшний 1,468347 0,000280
сейчас 0,070407 0,000215
секунду 0,824895 0,000157
семидесяти 0,000000 0,000000
сердись 1,167317 0,000223
сердца 0,334808 0,000064
серьезно 0,419129 0,000080
сжимал 1,690196 0,000322
сибири 1,213075 0,000462
сиволапых 2,167317 0,000413
сигары 1,690196 0,000322
сигов 2,167317 0,000413
сидел 0,322219 0,000061
сидела 0,824895 0,000157
сидели 0,963197 0,000184
сиденье 2,167317 0,000826
сидя 0,845098 0,000161
силы 0,514105 0,000196
скажете 1,088136 0,000415
скажи 0,662167 0,000126
скажу 0,275223 0,000262
сказав 1,125925 0,000215
сказал 0,099131 0,000076
сказала 0,486076 0,000093
сказанье 2,167317 0,000413
сказать 0,073896 0,000014
сказывал 1,690196 0,000322
скандала 1,389166 0,000265
скандалу 1,468347 0,000280
скачи 2,167317 0,000413
сквернейшем 2,167317 0,000826
сколько 0,280827 0,000054
скорей 0,845098 0,000161
скороговоркой 1,264227 0,000482
скупо 1,866287 0,000356
слава 0,769377 0,000293
славя 1,866287 0,000356
сладить 1,866287 0,000356
слащавою 2,167317 0,000413
следил 1,167317 0,000223
следующий 1,866287 0,000356
слеза 1,690196 0,000644
слишком 0,133894 0,000077
слова 0,129891 0,000025
словами 0,805589 0,000154
словах 0,635838 0,000121
слог 1,468347 0,000280
слогом 1,468347 0,000280
сложил 1,264227 0,000241
сложила 1,565257 0,000298
сломана 2,167317 0,000413
слуга 0,888564 0,000169
случай 0,443041 0,000084
слушай 0,635838 0,000727
слушайте 0,912045 0,000174
слушал 0,576253 0,000220
слушателями 1,866287 0,000356
слушая 0,991226 0,000189
слыхал 0,845098 0,000322
слышали 0,611015 0,000116
слышите 0,769377 0,000147
слышишь 0,866287 0,000165
сметь 1,690196 0,000322
смехом 0,805589 0,000154
смеялись 0,752344 0,000287
смеясь 0,787106 0,000450
смеяться 0,587534 0,000112
смотрела 0,769377 0,000147
смотреть 0,477121 0,000091
смотрите 0,805589 0,000614
смотря 0,322219 0,000123
смрадное 2,167317 0,000413
снарядил 2,167317 0,000413
снаряжать 2,167317 0,000413
снимите 1,866287 0,000356
снова 0,565257 0,000216
сняв 1,866287 0,000356
снял 0,963197 0,000184
снять 1,264227 0,000241
собачка 1,866287 0,000356
собирались 1,690196 0,000322
собирался 1,264227 0,000241
собой 0,253503 0,000145
собою 0,347773 0,000265
собрание 0,000000 0,000000
собственные 1,088136 0,000207
собственным 0,963197 0,000184
совать 1,866287 0,000356
совсем 0,021189 0,000020
согласен 0,648803 0,000124
согласия 0,000000 0,000000
сожалением 1,322219 0,000252
созерцал 1,468347 0,000280
сознание 1,021189 0,000195
солнце 0,845098 0,000322
сомнительно 1,866287 0,000356
соображал 1,213075 0,000231
соображать 2,167317 0,000413
соображая 1,264227 0,000241
сообразил 0,963197 0,000184
сорить 2,167317 0,000413
сосредоточен 2,167317 0,000413
сосчитать 1,690196 0,000322
сотню 1,565257 0,000298
сочинений 0,000000 0,000000
сочинил 1,322219 0,000252
спали 1,468347 0,000280
спас 1,264227 0,000241
спасибо 0,866287 0,000165
спать 0,635838 0,000121
сперва 0,735954 0,000140
спеша 0,866287 0,000495
справьтесь 2,167317 0,000413
спросил 0,222835 0,000127
спросите 1,125925 0,000215
спросить 0,495219 0,000094
спрячьте 2,167317 0,000413
спустя 0,533849 0,000102
сроку 1,322219 0,000252
стакан 1,213075 0,000694
стакану 2,167317 0,000413
стал 0,125925 0,000144
стали 0,322219 0,000061
стало 0,091770 0,000052
старика 0,587534 0,000336
старуха 0,845098 0,000161
старушонку 1,866287 0,001067
старый 0,824895 0,000157
степени 0,389166 0,000074
стих 1,468347 0,000280
стишок 1,389166 0,000265
стой 0,912045 0,000174
стол 0,486076 0,000278
стола 0,675956 0,000258
столбняке 1,866287 0,000356
столиком 1,690196 0,000322
столице 1,389166 0,000265
столичный 1,167317 0,000223
столько 0,477121 0,000273
сторожах 1,866287 0,000356
сторублевую 1,565257 0,000298
сторублевые 1,690196 0,000322
сторублевых 1,468347 0,000280
стоял 0,309985 0,000177
стояла 0,623249 0,000238
страданием 1,167317 0,000223
странно 0,354404 0,000270
странном 1,213075 0,000231
странным 0,752344 0,000143
страсбургскими 2,167317 0,000413
страсбургских 2,167317 0,000413
страха 0,824895 0,000314
страшный 0,845098 0,000161
строки 1,468347 0,000280
стук 1,322219 0,000252
стул 0,648803 0,000124
стульчик 2,167317 0,000413
стучать 1,389166 0,000265
стыдно 0,504560 0,000096
судорожно 1,167317 0,000223
суете 2,167317 0,000413
суетившиеся 2,167317 0,000413
сумасшедшая 1,088136 0,000207
сумею 1,389166 0,000265
сундуке 1,565257 0,000298
сунул 1,167317 0,000223
суньте 2,167317 0,000826
сурово 1,088136 0,000207
сухо 0,991226 0,000189
сухощавый 1,866287 0,000356
существо 0,690196 0,000132
существу 1,565257 0,000298
схватив 1,053374 0,000201
схватил 0,533849 0,000305
сцепились 2,167317 0,000413
счет 0,690196 0,000132
счету 1,690196 0,000644
сыграл 2,167317 0,000413
сыру 1,690196 0,000322
сюда 0,232819 0,000266
сюртук 1,264227 0,001446
сюртуком 2,167317 0,000413
табор 2,167317 0,000413
тайне 1,264227 0,000241
также 0,000000 0,000000
таки 0,066947 0,000026
такие 0,232819 0,000044
такими 0,690196 0,000132
таких 0,243038 0,000046
такое 0,114239 0,000022
такую 0,334808 0,000064
таскали 2,167317 0,000413
тащил 1,690196 0,000322
твержу 2,167317 0,000413
твои 0,787106 0,000150
твой 0,735954 0,000140
творение 2,167317 0,000826
твою 0,912045 0,000174
тебе 0,203530 0,000272
тебя 0,198834 0,000190
текст 0,000000 0,000000
телеге 1,389166 0,000530
телегу 1,565257 0,000298
темноте 0,912045 0,000174
теперешнего 1,322219 0,000252
теперь 0,015029 0,000077
тереть 2,167317 0,000413
терять 1,125925 0,000215
тимофеем 1,690196 0,000322
тимофей 1,468347 0,000280
тимофея 2,167317 0,000413
тихий 1,125925 0,000215
тихо 0,354404 0,000068
тихонько 0,991226 0,000189
тишине 1,468347 0,000280
тобой 0,419129 0,000080
тобою 0,845098 0,000322
товаром 2,167317 0,000413
товару 1,690196 0,000967
тогда 0,050046 0,000134
тогдашнему 1,866287 0,000356
тогдашний 1,322219 0,000252
тогдашним 1,866287 0,000356
того 0,005949 0,000007
тоже 0,043466 0,000050
только 0,002964 0,000011
томах 0,000000 0,000000
тому 0,095435 0,000109
торговаться 2,167317 0,000413
торговля 2,167317 0,000413
торговцев 2,167317 0,000413
торгуясь 1,866287 0,000356
торопился 1,125925 0,000429
тороплюсь 1,690196 0,000322
торчала 1,866287 0,000356
тост 2,167317 0,000413
тотчас 0,046743 0,000062
точно 0,121994 0,000256
точностью 1,565257 0,000298
точь 0,787106 0,000300
трактир 1,322219 0,000756
трактира 1,322219 0,000252
трактире 0,866287 0,000991
трем 1,264227 0,000482
трепещущая 2,167317 0,000413
третью 1,565257 0,000597
третья 0,486076 0,000185
трех 0,374926 0,000071
триста 1,322219 0,000504
трите 2,167317 0,000413
трогай 1,866287 0,000356
тройка 1,264227 0,000241
тройке 1,468347 0,000280
тройкой 1,866287 0,000356
тройку 1,322219 0,000252
тронул 1,565257 0,000298
трудно 0,459747 0,000088
тряпки 1,565257 0,000298
туда 0,495219 0,000283
тщательно 1,322219 0,000252
тысяч 0,451314 0,000172
тысячам 1,866287 0,000356
тысячами 1,053374 0,000201
тысячи 0,426955 0,000814
тысячу 0,769377 0,000147
тягушек 1,866287 0,001067
тяжелая 1,565257 0,000298
убежал 0,888564 0,000169
убили 1,088136 0,000415
убирайся 1,468347 0,000280
убить 0,599116 0,000114
увидав 0,888564 0,000169
увидев 0,866287 0,000165
углу 0,599116 0,000228
угораздило 2,167317 0,000826
удары 2,167317 0,000413
удивился 0,635838 0,000121
удивительною 2,167317 0,001239
удивления 0,963197 0,000184
удивлялся 1,125925 0,000215
уехал 0,752344 0,000143
узнал 0,381987 0,000073
узнать 0,374926 0,000071
узнаю 1,021189 0,000195
уйти 0,787106 0,000150
указал 0,866287 0,000165
укатив 2,167317 0,000413
укатил 1,690196 0,000644
укоризною 2,167317 0,000413
украл 0,963197 0,000734
улетай 2,167317 0,000413
улиссом 2,167317 0,000413
улице 0,635838 0,000121
улицу 0,735954 0,000140
улицы 1,125925 0,000215
уложили 1,690196 0,000644
уложится 2,167317 0,000413
уложить 2,167317 0,000413
улыбнулся 0,533849 0,000204
умеешь 1,468347 0,000280
умершим 0,000000 0,000000
упали 1,866287 0,000356
упомянул 1,053374 0,000201
упредят 2,167317 0,000826
упрямое 1,866287 0,000356
усевшись 1,389166 0,000265
уселся 0,866287 0,000165
услужить 1,690196 0,000322
услышишь 1,690196 0,000322
усмехнулся 0,443041 0,000169
успеешь 1,565257 0,000298
успели 0,912045 0,000174
успокоиться 1,053374 0,000201
устраниться 1,866287 0,001067
устранюсь 2,167317 0,000826
устриц 2,167317 0,001653
усугубляя 2,167317 0,000413
утвердительно 1,125925 0,000215
фантазируй 2,167317 0,000413
феба 1,690196 0,000644
федор 0,000000 0,000000
федора 0,554533 0,000106
федорович 0,253503 0,000628
федоровича 0,426955 0,000081
фене 1,690196 0,000322
феней 2,167317 0,000826
фени 1,468347 0,000840
феню 1,565257 0,000895
феня 1,322219 0,003277
фрукты 2,167317 0,000413
характер 0,635838 0,000121
характера 0,824895 0,000157
харя 1,565257 0,000298
хваля 1,690196 0,000322
хитро 1,322219 0,000252
хлебнем 2,167317 0,000413
хозяйки 1,468347 0,000280
хорошенькую 1,866287 0,000356
хороший 0,963197 0,000184
хорошо 0,189594 0,000072
хотел 0,158717 0,000212
хотите 0,419129 0,000160
хоть 0,060107 0,000057
хотя 0,050046 0,000019
хохлаковой 0,787106 0,000300
хохлакову 1,690196 0,000322
хочется 0,704919 0,000134
хочешь 0,544068 0,000311
хочу 0,243038 0,000139
хранил 1,866287 0,000356
хуже 0,635838 0,000121
цариц 2,167317 0,000413
царица 1,322219 0,000252
царицу 1,389166 0,000530
целая 0,845098 0,000161
целый 0,486076 0,000185
цыган 1,565257 0,000298
часа 0,000000 0,000000
часок 1,468347 0,000280
часом 1,322219 0,001512
часочек 1,690196 0,000322
часть 0,002964 0,000001
часу 0,720159 0,000412
чего 0,040213 0,000046
человек 0,036984 0,000028
человека 0,154480 0,000029
человеком 0,504560 0,000096
человеческая 1,322219 0,000252
чему 0,341243 0,000130
через 0,258832 0,000148
череп 1,389166 0,000265
черными 1,322219 0,000252
черт 0,477121 0,000728
черта 0,845098 0,000161
черточки 1,389166 0,000265
черту 0,912045 0,001043
четким 2,167317 0,000413
четыре 0,477121 0,000455
четыреста 1,213075 0,000694
чиновника 1,021189 0,000195
чиновнику 1,468347 0,000560
число 0,000000 0,000000
чистой 1,389166 0,000265
чистыми 1,468347 0,000280
читаем 0,000000 0,000000
читать 0,000000 0,000000
чрезвычайною 0,991226 0,000189
чтоб 0,073896 0,000056
чтобы 0,030597 0,000087
чувством 0,704919 0,000134
чудище 2,167317 0,000826
чужое 1,565257 0,000597
чужой 1,088136 0,000415
чуть 0,176091 0,000034
чьего 0,000000 0,000000
шабаш 1,866287 0,000356
шампанским 1,468347 0,000560
шампанского 0,991226 0,000756
шампанское 1,264227 0,000723
шваркнул 1,866287 0,000356
шестом 1,565257 0,000298
шоколаду 1,866287 0,000356
штабс 1,021189 0,000389
щеках 1,167317 0,000223
щеке 1,322219 0,000252
эвона 1,565257 0,000298
эконом 2,167317 0,000413
эскападу 2,167317 0,000413
этак 0,690196 0,000395
этим 0,189594 0,000108
этими 0,635838 0,000121
этого 0,053374 0,000071
этой 0,118099 0,000023
этом 0,046743 0,000018
этот 0,011981 0,000014
юный 1,690196 0,000322
явилось 1,167317 0,000223
ямщик 1,468347 0,000280
ямщиком 1,866287 0,000356
ясно 0,354404 0,000068
ящик 1,167317 0,001335
ящике 1,690196 0,000322
