автор 0,000000 0,000000
автором 0,000000 0,000000
авторского 0,000000 0,000000
авторы 0,000000 0,000000
алексеем 1,213075 0,000439
алексей 0,000000 0,000000
алексея 0,000000 0,000000
ангелами 1,866287 0,000676
ангелов 1,690196 0,001224
ангельский 1,866287 0,000676
анекдоты 1,389166 0,000503
баба 1,213075 0,000439
бабу 1,690196 0,000612
бабы 1,167317 0,001268
батюшка 0,675956 0,001469
бедная 1,125925 0,000408
бедней 1,866287 0,000676
бедные 1,213075 0,000879
бедрягина 2,167317 0,000785
бежит 1,125925 0,000408
безвыходного 1,866287 0,000676
безо 0,599116 0,000217
бельишечко 2,167317 0,000785
береги 1,866287 0,000676
бесконечную 1,322219 0,000479
беснование 2,167317 0,000785
беснующейся 2,167317 0,000785
беспрерывно 0,623249 0,000226
бесценное 1,866287 0,000676
библиотека 0,000000 0,000000
благодетель 1,322219 0,000479
благородных 1,213075 0,000439
благослови 1,213075 0,000439
благословил 1,213075 0,000439
благословиться 1,565257 0,000567
благословлял 1,389166 0,000503
благословлять 1,565257 0,000567
блаженство 1,690196 0,000612
бледная 1,565257 0,000567
бога 0,451314 0,000654
богатая 1,690196 0,001224
богомолье 1,690196 0,000612
богомолья 2,167317 0,000785
богу 0,434924 0,000315
божиим 1,322219 0,000479
божиих 1,468347 0,000532
божия 1,866287 0,002704
божью 2,167317 0,001570
божья 2,167317 0,000785
бойся 1,264227 0,001832
более 0,000000 0,000000
болезни 0,565257 0,000205
болезнь 0,704919 0,000511
больная 1,053374 0,000382
больно 0,787106 0,000285
больной 0,611015 0,000443
больною 1,866287 0,000676
больную 1,389166 0,001006
больные 1,690196 0,000612
больше 0,137934 0,000100
больших 0,991226 0,000359
боюсь 0,504560 0,000548
боязнь 1,690196 0,000612
боялась 1,213075 0,000439
братья 0,176091 0,000255
бросила 1,053374 0,000382
брызнувшие 2,167317 0,000785
будет 0,077412 0,000084
будешь 0,648803 0,000235
буду 0,208276 0,000075
будут 0,565257 0,000205
будь 0,720159 0,000261
бывала 1,866287 0,000676
бывало 0,554533 0,000603
была 0,046743 0,000051
было 0,000000 0,000000
быть 0,002964 0,000004
бьющейся 2,167317 0,000785
васенька 2,167317 0,000785
вглядываясь 1,125925 0,000408
вдовею 2,167317 0,000785
вдовой 1,690196 0,001224
вдруг 0,005949 0,000006
ведем 1,866287 0,000676
ведь 0,043466 0,000031
везти 1,264227 0,000458
велика 1,565257 0,000567
великий 0,845098 0,000918
великого 0,866287 0,000941
верно 0,523865 0,000190
веровали 1,866287 0,000676
верой 1,213075 0,000439
вероятно 0,623249 0,000226
верст 1,125925 0,001631
веруй 1,866287 0,000676
верующие 1,565257 0,001134
верхней 1,565257 0,000567
веселится 1,565257 0,000567
весело 0,648803 0,000235
веселое 1,213075 0,000439
весны 1,468347 0,000532
весь 0,099131 0,000036
вещь 0,720159 0,000261
взвизгивая 1,690196 0,000612
взвою 2,167317 0,000785
взгляда 0,662167 0,000240
взгляде 0,769377 0,000279
взглядом 0,504560 0,000183
взглянула 1,167317 0,000846
вздохнула 1,565257 0,000567
вздрагивая 1,866287 0,000676
взял 0,269690 0,000098
видала 1,213075 0,000439
видать 1,389166 0,000503
видеть 0,381987 0,000138
видит 0,690196 0,000250
видно 0,504560 0,000183
вижу 0,286504 0,000208
визжали 2,167317 0,000785
визиты 0,000000 0,000000
вкусом 1,322219 0,000479
вместе 0,208276 0,000151
внизу 0,936868 0,000339
вовеки 1,565257 0,000567
вовсе 0,150284 0,000218
водили 2,167317 0,000785
возили 1,866287 0,000676
возможно 0,735954 0,000267
вознаграждения 0,000000 0,000000
возненавидела 1,866287 0,000676
возьми 0,704919 0,000255
воистину 0,912045 0,000661
воспевает 1,866287 0,000676
восторга 0,720159 0,000261
вошла 0,912045 0,000330
вполне 0,316059 0,000114
впоследствии 0,662167 0,000240
времена 1,322219 0,000479
времени 0,269690 0,000098
всегда 0,129891 0,000188
всего 0,040213 0,000058
всей 0,248239 0,000090
всем 0,070407 0,000051
всеми 0,434924 0,000158
всех 0,060107 0,000065
вскоре 0,991226 0,000718
вспоминай 2,167317 0,000785
вспомяну 2,167317 0,000785
вставая 1,088136 0,000394
встанет 1,468347 0,000532
всякой 0,635838 0,000230
всякую 0,866287 0,000314
вторая 0,514105 0,000372
вчера 0,341243 0,000124
вызванного 2,167317 0,000785
вызванное 2,167317 0,000785
выздоровеет 1,468347 0,000532
выйдет 0,587534 0,000213
выкупишь 2,167317 0,000785
вынести 0,888564 0,000322
выносили 1,690196 0,000612
выносить 1,213075 0,000439
вынула 1,264227 0,000458
выплаты 0,000000 0,000000
выхода 1,088136 0,000394
вышегорья 1,866287 0,000676
вышли 0,912045 0,000330
галерее 1,690196 0,000612
галерейки 1,866287 0,000676
галерейку 1,866287 0,001352
главное 0,189594 0,000069
глаза 0,129891 0,000094
глазам 0,963197 0,000349
глазами 0,403889 0,000146
глазах 0,459747 0,000167
глубоко 0,611015 0,000443
глядела 1,125925 0,000816
гляжу 1,389166 0,000503
глянуть 1,690196 0,000612
говорил 0,095435 0,000035
говорила 0,587534 0,000851
говорит 0,189594 0,000481
говоришь 0,752344 0,000272
говорю 0,203530 0,000221
говорят 0,309985 0,000112
годика 2,167317 0,000785
головой 0,533849 0,000193
голову 0,227798 0,000083
голосочком 2,167317 0,000785
голубчик 0,587534 0,000426
горе 0,769377 0,000836
города 0,704919 0,000255
городе 0,565257 0,000205
городски 2,167317 0,000785
городские 1,866287 0,002028
городских 1,565257 0,000567
городу 0,888564 0,000322
горькие 1,866287 0,000676
горя 1,088136 0,000788
горящие 1,690196 0,000612
господа 0,389166 0,000423
господи 0,451314 0,000163
господним 2,167317 0,000785
господу 1,389166 0,000503
господь 0,888564 0,001287
госпожа 0,963197 0,000349
границу 0,991226 0,000359
грех 0,888564 0,000965
греха 1,213075 0,001318
грехе 1,690196 0,000612
грехи 1,468347 0,001064
грехов 1,690196 0,000612
грехом 1,690196 0,000612
грешный 1,690196 0,000612
грудным 1,565257 0,000567
губам 1,264227 0,000458
давно 0,158717 0,000057
дает 0,845098 0,000306
даже 0,005949 0,000002
далекая 2,167317 0,000785
дальней 1,690196 0,000612
дальше 0,002964 0,000001
дама 0,735954 0,000533
данные 0,000000 0,000000
дарам 1,866287 0,002704
дарами 1,866287 0,000676
даровал 2,167317 0,000785
дары 1,565257 0,000567
двадцати 0,675956 0,000245
двадцать 0,411442 0,000149
дворе 0,787106 0,000285
двух 0,264227 0,000096
девочка 1,021189 0,001110
делам 1,088136 0,000394
дело 0,063514 0,000023
деревни 1,468347 0,000532
деревнях 2,167317 0,000785
деревянной 1,690196 0,000612
дерзновеннее 2,167317 0,000785
дерзновенно 2,167317 0,000785
дерзновенны 2,167317 0,000785
десяти 0,704919 0,000255
детстве 1,053374 0,000382
детушки 2,167317 0,000785
детях 1,866287 0,000676
длинном 1,468347 0,000532
длинными 1,213075 0,000439
добрая 1,021189 0,000370
добро 1,125925 0,000816
довольно 0,129891 0,000047
должно 0,286504 0,000104
доме 0,322219 0,000117
дому 0,675956 0,000245
допустили 1,213075 0,000879
дорогие 1,565257 0,000567
достоевский 0,000000 0,000000
достояние 0,000000 0,000000
дочери 0,787106 0,000285
дочь 0,587534 0,000426
древние 1,866287 0,000676
древний 1,866287 0,000676
древняя 1,565257 0,000567
другие 0,389166 0,000141
думай 1,468347 0,000532
думала 0,720159 0,000261
думаю 0,328468 0,000476
душа 0,565257 0,000409
душу 0,451314 0,000490
едва 0,554533 0,000402
единственном 2,167317 0,000785
едину 2,167317 0,000785
единый 1,264227 0,000458
если 0,011981 0,000004
есть 0,018098 0,000033
жалела 1,866287 0,000676
жаль 0,635838 0,000230
ждешь 1,690196 0,001224
желает 1,021189 0,000370
желал 0,611015 0,000221
желанный 2,167317 0,000785
жене 1,167317 0,000423
жено 1,866287 0,000676
женская 1,866287 0,000676
женские 1,690196 0,000612
женщин 0,888564 0,000965
женщина 0,396465 0,000574
женщине 0,991226 0,000359
женщину 0,805589 0,000292
женщины 0,576253 0,000626
жива 1,264227 0,000458
живую 2,167317 0,000785
жизнь 0,162996 0,000059
жили 1,167317 0,000423
заботься 2,167317 0,000785
забыл 0,328468 0,000238
забыла 1,021189 0,000740
забыть 0,623249 0,000226
завидела 2,167317 0,000785
загоревшую 2,167317 0,000785
зайди 1,468347 0,000532
закрыв 1,167317 0,000423
заливались 2,167317 0,000785
заметил 0,154480 0,000056
замужем 1,565257 0,000567
запиши 1,565257 0,000567
заплачет 1,389166 0,000503
заступницу 2,167317 0,000785
затеснилась 2,167317 0,000785
затихла 1,690196 0,000612
затоскует 1,866287 0,000676
затряслась 1,565257 0,001134
захожий 1,866287 0,000676
зачем 0,146128 0,000053
зашибаться 2,167317 0,000785
звали 1,125925 0,000408
здесь 0,095435 0,000035
здешнего 1,322219 0,000479
здоровую 2,167317 0,000785
здоровье 0,824895 0,000299
здравие 1,866287 0,000676
земле 0,648803 0,000470
земли 0,769377 0,000279
знает 0,171682 0,000124
знаешь 0,533849 0,000193
знай 0,888564 0,000644
знал 0,114239 0,000041
знали 0,426955 0,000155
знаю 0,095435 0,000069
играет 1,468347 0,000532
избил 0,963197 0,000349
извоз 2,167317 0,000785
извозчик 1,690196 0,000612
издалека 1,866287 0,004732
изнуренной 2,167317 0,000785
изнурительных 2,167317 0,000785
икать 2,167317 0,000785
ильинишна 2,167317 0,001570
имению 1,468347 0,000532
иные 0,599116 0,000434
иными 1,389166 0,000503
иных 0,704919 0,000255
иркутск 1,866287 0,000676
искоренить 2,167317 0,000785
испитую 1,866287 0,000676
исповеди 1,167317 0,000423
исполню 1,690196 0,000612
использоваться 0,000000 0,000000
испытано 1,866287 0,000676
исступленное 1,565257 0,000567
иссушил 2,167317 0,000785
истине 1,690196 0,000612
источник 0,000000 0,000000
истощил 2,167317 0,000785
исцеление 1,690196 0,000612
исцеления 1,565257 0,000567
исцелителя 2,167317 0,000785
каешься 2,167317 0,000785
каждый 0,367977 0,000133
кажется 0,118099 0,000043
какая 0,194189 0,000070
какого 0,347773 0,000126
какое 0,227798 0,000083
какой 0,095435 0,000069
карамазовы 0,180546 0,000262
кающемся 2,167317 0,000785
кающемуся 2,167317 0,000785
клерикалами 1,866287 0,000676
кликуш 1,866287 0,000676
кликушу 1,468347 0,001064
книга 0,176091 0,000128
книги 0,000000 0,000000
когда 0,015029 0,000011
колдовству 1,690196 0,000612
колен 1,468347 0,000532
колени 0,888564 0,000322
коленях 0,912045 0,000330
колесах 2,167317 0,000785
коли 0,269690 0,000293
коль 0,720159 0,001043
кольми 1,866287 0,000676
комаров 0,000000 0,000000
комиссариате 2,167317 0,000785
комнате 0,389166 0,000141
кому 0,341243 0,000124
конец 0,495219 0,000179
конечно 0,060107 0,000022
кончила 1,213075 0,001318
копеек 1,125925 0,000408
которого 0,198834 0,000072
которое 0,426955 0,000155
которой 0,213075 0,000077
которые 0,189594 0,000069
который 0,110412 0,000040
край 1,167317 0,000423
краткую 1,690196 0,000612
кресел 1,088136 0,000394
кресле 1,088136 0,000394
крестьянки 1,866287 0,000676
крестьянству 1,866287 0,000676
крикнет 1,690196 0,000612
кричит 0,805589 0,000292
кроме 0,158717 0,000057
кроткие 1,690196 0,000612
крылечку 1,866287 0,000676
кстати 0,468347 0,000170
купить 1,021189 0,000370
купчиха 1,866287 0,000676
ладонью 1,389166 0,000503
лаяли 2,167317 0,000785
легче 0,787106 0,000285
лежал 0,648803 0,000235
летом 1,264227 0,000458
либо 0,000000 0,000000
лизавета 0,662167 0,000240
лизавету 0,866287 0,000314
литература 0,000000 0,000000
лицом 0,000000 0,000000
личико 1,264227 0,000458
лишь 0,185046 0,000737
лошадок 2,167317 0,000785
лучше 0,162996 0,000118
любезные 1,690196 0,000612
любит 0,389166 0,000282
любить 0,523865 0,000190
любишь 0,888564 0,000322
люблю 0,347773 0,000126
любовь 0,523865 0,000569
любовью 0,824895 0,000299
любопытно 0,845098 0,000306
любым 0,000000 0,000000
людей 0,298086 0,000108
маленький 0,662167 0,000240
мало 0,208276 0,000075
маловерная 1,690196 0,000612
малоизвестной 2,167317 0,000785
мальчик 0,495219 0,000179
мальчика 0,648803 0,000235
мамаша 1,021189 0,000370
мамка 2,167317 0,000785
материнского 1,866287 0,000676
матерью 0,787106 0,000285
матерям 2,167317 0,000785
мать 0,389166 0,001410
мгновенное 1,866287 0,000676
медиков 1,866287 0,000676
медицинской 1,690196 0,000612
меня 0,027438 0,000080
месяц 0,451314 0,000163
месяцев 0,866287 0,000314
мещанству 2,167317 0,000785
милая 1,021189 0,000740
миловидная 2,167317 0,000785
милое 1,264227 0,000458
милые 1,125925 0,000408
милый 0,477121 0,000518
минуточку 1,690196 0,000612
минуту 0,084532 0,000031
минуты 0,322219 0,000233
младенец 1,264227 0,000916
младенца 1,053374 0,000382
младенце 2,167317 0,000785
младенцы 2,167317 0,000785
младенчика 2,167317 0,001570
многие 0,468347 0,000170
многократно 1,866287 0,000676
многотерпеливое 2,167317 0,000785
мной 0,237898 0,000086
могла 0,286504 0,000104
могу 0,171682 0,000062
могут 0,495219 0,000179
моего 0,367977 0,000133
моем 0,599116 0,000217
моему 0,354404 0,000128
может 0,000000 0,000000
можешь 0,704919 0,000255
можно 0,088136 0,000032
моих 0,554533 0,000201
молвил 1,690196 0,000612
молебщик 2,167317 0,000785
молебщиков 2,167317 0,000785
молит 2,167317 0,000785
молитве 1,213075 0,000439
молитву 1,213075 0,000439
молить 1,264227 0,000458
молодая 0,936868 0,000339
молодой 0,381987 0,000138
молча 0,367977 0,000267
молчаливого 1,690196 0,000612
молчаливое 2,167317 0,000785
молчит 0,991226 0,000359
момент 0,720159 0,000261
момента 0,000000 0,000000
монастыря 0,912045 0,000661
монастырям 1,690196 0,000612
монастырях 1,690196 0,000612
монах 0,991226 0,000359
мужу 1,565257 0,001701
мучаешься 1,690196 0,000612
мучусь 1,866287 0,000676
мысль 0,264227 0,000096
наверно 0,264227 0,000383
награди 2,167317 0,000785
надел 1,264227 0,000916
надлежащею 2,167317 0,000785
надо 0,036984 0,000013
надолго 1,167317 0,000423
надорванное 2,167317 0,000785
надоть 1,389166 0,000503
надрывают 2,167317 0,000785
назад 0,000000 0,000000
назвалась 2,167317 0,000785
название 0,000000 0,000000
найдет 1,389166 0,000503
найти 0,000000 0,000000
наклонят 2,167317 0,000785
наконец 0,073896 0,000027
накрыл 1,690196 0,000612
наложив 2,167317 0,000785
намедни 1,167317 0,000423
нами 0,648803 0,000235
написано 0,000000 0,000000
напишет 1,690196 0,000612
нараспев 1,690196 0,000612
народе 1,264227 0,000458
народу 1,264227 0,000458
наружной 2,167317 0,000785
нарушаешь 1,866287 0,000676
настасьюшка 2,167317 0,000785
настоятельно 0,991226 0,000359
натуральным 1,690196 0,000612
натуры 1,468347 0,000532
наука 0,000000 0,000000
начал 0,137934 0,000050
начала 0,381987 0,000553
нашего 0,396465 0,000144
нашей 0,599116 0,000217
нашем 0,662167 0,000240
наши 0,544068 0,000197
небе 1,125925 0,000408
небесном 2,167317 0,000785
небесную 2,167317 0,000785
невеликая 2,167317 0,000785
невидимо 2,167317 0,000785
него 0,000000 0,000000
неделю 0,662167 0,000240
незнанию 2,167317 0,000785
нелепо 1,167317 0,000423
нельзя 0,176091 0,000064
немедленно 0,554533 0,000201
немного 0,426955 0,000309
нему 0,080958 0,000205
неподвижным 1,565257 0,000567
неправда 0,845098 0,000306
неправды 2,167317 0,000785
неправильное 1,866287 0,000676
неправильных 2,167317 0,000785
непременно 0,133894 0,000048
непременного 2,167317 0,000785
непременное 1,690196 0,000612
непрестанном 2,167317 0,000785
неразумная 2,167317 0,000785
нервной 1,565257 0,000567
несколько 0,102859 0,000037
неуклонно 2,167317 0,000785
неутолимости 2,167317 0,000785
нечистый 1,565257 0,000567
нечто 0,389166 0,000141
нижнюю 1,468347 0,000532
низенькую 1,690196 0,000612
никакого 0,403889 0,000146
никитушка 2,167317 0,004710
никитушке 2,167317 0,000785
никитушкой 2,167317 0,000785
никогда 0,088136 0,000128
никого 0,411442 0,000298
ними 0,275223 0,000100
ничего 0,030597 0,000033
ноги 0,477121 0,000173
ножками 2,167317 0,001570
ножки 1,167317 0,000423
обедне 1,468347 0,000532
обеих 0,866287 0,000314
обиды 1,088136 0,000394
обители 1,866287 0,000676
облобызать 1,565257 0,000567
образок 1,565257 0,000567
образом 0,347773 0,000126
обратился 0,443041 0,000160
обратится 1,690196 0,000612
обратно 0,675956 0,000245
общему 2,167317 0,000785
общественное 0,000000 0,000000
объясняли 2,167317 0,000785
овладевший 2,167317 0,000785
огорчайся 2,167317 0,000785
ограды 1,468347 0,000532
одежды 1,690196 0,000612
одетая 1,389166 0,000503
одетой 1,866287 0,000676
один 0,046743 0,000017
однажды 0,635838 0,000230
однако 0,102859 0,000037
одно 0,099131 0,000036
одной 0,243038 0,000176
одном 0,504560 0,000183
одну 0,232819 0,000337
оживленными 2,167317 0,000785
ожидавшие 2,167317 0,000785
ожиданием 1,690196 0,000612
ожидании 0,824895 0,000598
около 0,443041 0,000160
опоздали 1,322219 0,000479
опубликовано 0,000000 0,000000
опять 0,027438 0,000030
организма 2,167317 0,000785
оскорбил 1,125925 0,000408
оскудевало 2,167317 0,000785
ослабеет 2,167317 0,000785
особа 1,021189 0,000370
особенно 0,129891 0,000094
оставался 0,963197 0,000349
оставлять 1,389166 0,000503
осталось 0,769377 0,000279
отведенном 2,167317 0,000785
отвернусь 2,167317 0,000785
отгони 2,167317 0,000785
отдай 1,389166 0,000503
отдать 0,752344 0,000272
отец 0,316059 0,000687
отпусти 1,866287 0,000676
отселе 1,690196 0,000612
отселева 1,389166 0,001006
отсюда 0,805589 0,000292
оттуда 0,888564 0,000965
отходит 1,468347 0,000532
отца 0,222835 0,000161
офицерскою 2,167317 0,000785
оформление 0,000000 0,000000
очень 0,024303 0,000044
очищения 1,690196 0,000612
пазухи 2,167317 0,000785
пальцами 0,866287 0,000314
память 0,936868 0,000339
параличом 2,167317 0,000785
паче 1,322219 0,000479
первая 0,419129 0,000304
первых 0,367977 0,000133
перекрестил 1,690196 0,000612
перестал 0,675956 0,000245
перешло 0,000000 0,000000
печаль 1,866287 0,000676
писал 0,963197 0,000349
писать 0,912045 0,000330
письмо 0,544068 0,000394
питается 2,167317 0,000785
плавно 1,468347 0,000532
плача 1,264227 0,000458
плачет 0,824895 0,000896
плачешь 1,565257 0,001701
плачущей 1,690196 0,000612
плачущую 1,866287 0,000676
плачь 1,167317 0,001268
побоев 1,866287 0,000676
побывала 2,167317 0,000785
поведать 1,866287 0,000676
повидать 1,866287 0,001352
повидаю 2,167317 0,000785
поглядел 0,554533 0,000201
поглядеть 1,088136 0,000394
подам 1,468347 0,000532
подборка 0,000000 0,000000
подведут 2,167317 0,000785
подведя 2,167317 0,000785
подводившие 2,167317 0,000785
подводили 1,690196 0,000612
подле 0,419129 0,000455
подобно 1,167317 0,000423
подошла 1,053374 0,000382
подпирая 2,167317 0,001570
подтверждения 1,690196 0,000612
поехал 1,167317 0,000423
пожалел 1,565257 0,000567
позументный 2,167317 0,000785
пойду 0,623249 0,000677
показавшийся 2,167317 0,000785
покачивая 1,866287 0,000676
покаяние 1,389166 0,000503
покаянии 1,866287 0,000676
поклонилась 1,322219 0,000958
поклонился 0,912045 0,000330
покойна 1,866287 0,000676
покойнику 1,565257 0,000567
покойном 1,565257 0,000567
покончила 2,167317 0,000785
покупается 1,866287 0,000676
полгода 0,963197 0,000349
полем 1,690196 0,000612
полною 1,389166 0,000503
положен 1,866287 0,000676
полушепотом 1,389166 0,000503
помещении 1,565257 0,000567
помещиков 1,264227 0,000458
помещицы 1,866287 0,000676
поминала 1,866287 0,000676
поминанье 2,167317 0,000785
помирать 1,866287 0,000676
помнить 0,991226 0,000359
помню 0,486076 0,000176
помоли 2,167317 0,000785
помощи 1,088136 0,000394
помощницу 2,167317 0,000785
помышляешь 2,167317 0,000785
помяни 1,866287 0,000676
помяну 1,866287 0,002704
поражало 1,264227 0,000458
посему 1,690196 0,001224
посетителей 0,000000 0,000000
посетители 0,000000 0,000000
посетительниц 2,167317 0,000785
посещали 1,866287 0,000676
после 0,084532 0,000061
последнего 0,635838 0,000230
последний 0,403889 0,000146
послыхать 2,167317 0,000785
посмертно 0,000000 0,000000
посмотрю 1,264227 0,000458
постой 0,991226 0,000359
потекли 1,565257 0,000567
потому 0,024303 0,000026
потребность 0,963197 0,000349
потупившись 1,322219 0,000479
почерневшую 2,167317 0,000785
почти 0,024303 0,000026
пошла 0,845098 0,000612
пошлет 1,690196 0,000612
поясочек 2,167317 0,001570
правда 0,162996 0,000059
правде 0,991226 0,000359
праведных 1,690196 0,000612
право 0,361137 0,000131
пребывает 1,565257 0,000567
превысил 2,167317 0,000785
пред 0,033778 0,000049
предел 1,389166 0,000503
предо 0,769377 0,000279
предстоит 1,565257 0,000567
прежде 0,077412 0,000084
преимуществу 1,468347 0,000532
преклонения 1,866287 0,000676
прекращалось 2,167317 0,000785
прелестное 2,167317 0,000785
престолом 1,866287 0,001352
приблизил 1,565257 0,000567
приблизилась 1,690196 0,000612
приблизиться 2,167317 0,000785
прибудет 1,565257 0,000567
прибыла 1,690196 0,000612
привели 1,322219 0,000479
приводили 1,565257 0,000567
приводились 2,167317 0,000785
привстал 1,264227 0,000458
приделанной 2,167317 0,000785
придет 0,514105 0,000559
приехали 0,963197 0,000349
прижизненно 0,000000 0,000000
призвал 2,167317 0,000785
признала 2,167317 0,000785
примеру 1,565257 0,000567
примирись 2,167317 0,000785
принимать 0,936868 0,000339
пристала 2,167317 0,000785
притаилась 2,167317 0,000785
притворства 1,866287 0,000676
притворство 2,167317 0,000785
притворством 2,167317 0,000785
притянули 1,690196 0,000612
причастию 2,167317 0,000785
причем 0,912045 0,000330
причитали 2,167317 0,000785
причитания 2,167317 0,001570
причитывания 2,167317 0,000785
причитывать 2,167317 0,000785
причитывая 2,167317 0,000785
пришла 0,648803 0,000705
пришлет 1,322219 0,000479
пробьется 2,167317 0,000785
проговорил 0,154480 0,000112
проговорила 0,533849 0,000193
программирование 0,000000 0,000000
продолжал 0,292256 0,000106
продолжать 0,690196 0,000250
проживаем 2,167317 0,000785
проживешь 2,167317 0,000785
произведение 0,000000 0,000000
произведений 0,000000 0,000000
произведения 0,000000 0,000000
происходило 0,845098 0,000612
происходить 1,322219 0,000479
происходящая 2,167317 0,000785
пройдет 1,021189 0,000370
промолвила 1,690196 0,001224
просили 1,213075 0,000879
прости 0,912045 0,000330
простил 1,167317 0,000423
простила 1,389166 0,000503
простит 0,888564 0,000322
просьбица 2,167317 0,000785
просят 1,167317 0,000423
прохоровна 1,866287 0,001352
проч 0,662167 0,000240
прочел 0,752344 0,000272
прошел 0,662167 0,000240
прошло 0,000000 0,000000
прощается 1,866287 0,000676
прощайте 0,845098 0,000612
прямо 0,118099 0,000086
психически 1,866287 0,000676
публикации 0,000000 0,000000
пять 0,275223 0,000100
пятьсот 1,088136 0,000394
работ 2,167317 0,000785
работать 1,213075 0,000439
радости 0,635838 0,000230
радость 0,805589 0,000292
радуется 1,690196 0,001224
радуйся 1,866287 0,001352
раза 0,426955 0,000464
развеселила 1,866287 0,000676
разговаривал 1,468347 0,000532
раздражать 1,468347 0,000532
разик 1,866287 0,001352
разложу 2,167317 0,000785
размышление 2,167317 0,000785
разные 0,912045 0,000330
разобрал 1,866287 0,000676
разочек 2,167317 0,001570
разрешения 0,000000 0,000000
разреши 1,690196 0,000612
рану 1,866287 0,000676
расспросы 1,213075 0,000439
растравляют 2,167317 0,000785
рахиль 2,167317 0,000785
рвались 1,866287 0,000676
ребенка 0,787106 0,000285
ребеночком 2,167317 0,001570
ресницами 1,866287 0,000676
родимце 2,167317 0,000785
родимый 2,167317 0,000785
родная 1,389166 0,000503
родненькая 2,167317 0,000785
родной 1,053374 0,000763
родов 1,690196 0,000612
рубашоночку 2,167317 0,000785
руках 0,396465 0,000287
руки 0,167317 0,000061
рукой 0,486076 0,000176
руси 1,264227 0,000458
русская 0,000000 0,000000
ручьем 1,866287 0,000676
рыданий 1,468347 0,000532
сайте 0,000000 0,000000
сама 0,208276 0,000226
самая 0,599116 0,000217
сами 0,142011 0,000051
самими 1,690196 0,000612
самою 0,866287 0,000314
самым 0,280827 0,000203
сапожки 1,690196 0,000612
сверх 0,752344 0,000272
свет 0,468347 0,000339
светилось 2,167317 0,000785
свидетельствующая 2,167317 0,000785
свободно 0,000000 0,000000
свое 0,150284 0,000163
своего 0,091770 0,000066
своей 0,066947 0,000048
своем 0,198834 0,000072
свои 0,146128 0,000106
своим 0,208276 0,000075
своими 0,495219 0,000359
своих 0,237898 0,000086
свой 0,189594 0,000137
святой 0,912045 0,001982
себя 0,005949 0,000004
северной 1,690196 0,000612
сего 0,611015 0,000443
сегодня 0,000000 0,000000
сельской 2,167317 0,000785
семидесяти 0,000000 0,000000
сердечного 1,690196 0,000612
сердись 1,167317 0,000423
сердце 0,171682 0,000249
сибирь 0,991226 0,000359
сидел 0,322219 0,000117
сидела 0,824895 0,000299
скажу 0,275223 0,000100
сказал 0,099131 0,000108
сказали 0,544068 0,000197
сказано 0,662167 0,000240
сквозь 0,936868 0,000339
сколь 1,389166 0,000503
скоро 0,298086 0,000108
скорую 1,866287 0,000676
слезами 0,554533 0,000603
слезы 0,554533 0,000603
слишком 0,133894 0,000048
слово 0,232819 0,000084
слову 0,888564 0,000322
служил 1,021189 0,000370
случалось 0,824895 0,000299
слушала 1,213075 0,000439
слыхать 2,167317 0,000785
слышали 0,611015 0,000443
слышать 0,888564 0,000322
смеется 0,611015 0,000221
смотрела 0,769377 0,000279
смотрит 0,690196 0,000250
смотрю 0,866287 0,000314
сначала 0,434924 0,000158
снеси 1,565257 0,000567
снится 1,565257 0,000567
снял 0,963197 0,000349
собачьи 2,167317 0,000785
собиралась 1,468347 0,000532
собою 0,347773 0,000126
собрались 1,125925 0,000408
собрание 0,000000 0,000000
совершалось 1,866287 0,000676
совершилось 1,088136 0,000394
совершится 1,468347 0,000532
совершить 1,264227 0,000458
совсем 0,021189 0,000015
согласия 0,000000 0,000000
согрешила 2,167317 0,000785
содержим 1,866287 0,000676
соединявшему 2,167317 0,000785
сокровище 1,468347 0,000532
сонме 1,866287 0,000676
сообщить 0,635838 0,000230
сотрясение 1,690196 0,001224
сочинений 0,000000 0,000000
спасается 1,690196 0,000612
спасающего 1,866287 0,000676
спасибо 0,866287 0,000941
сперва 0,735954 0,000267
специалистов 2,167317 0,000785
спеша 0,866287 0,000314
справиться 1,167317 0,000423
справлялась 1,565257 0,000567
спрашивать 0,752344 0,000272
спрашивают 1,088136 0,000394
спросил 0,222835 0,000081
стал 0,125925 0,000091
стала 0,544068 0,000394
старенькой 1,866287 0,000676
старец 0,787106 0,003991
старик 0,434924 0,000158
старушонке 2,167317 0,000785
старую 1,389166 0,000503
старца 0,735954 0,001599
старый 0,824895 0,000598
стене 1,053374 0,000382
степанида 1,866287 0,001352
стоит 0,316059 0,000114
столь 0,434924 0,000158
сторону 0,611015 0,000221
стороны 0,185046 0,000067
стоял 0,309985 0,000112
стояла 0,623249 0,000226
стояния 2,167317 0,000785
стоят 0,912045 0,000991
страдала 1,389166 0,000503
страннически 2,167317 0,000785
странное 0,690196 0,000250
страшная 0,805589 0,000292
стремящиеся 2,167317 0,000785
строгостью 1,866287 0,000676
стуле 0,805589 0,000292
ступай 0,735954 0,001333
ступеньках 1,690196 0,000612
ступеньке 1,866287 0,000676
ступеньку 1,690196 0,000612
стыдно 0,504560 0,000183
судьбе 0,936868 0,000339
сумлеваюсь 1,866287 0,000676
супруга 0,787106 0,000285
сходить 1,125925 0,000408
схоронила 1,866287 0,002028
счастья 0,888564 0,000322
сынок 1,389166 0,001006
сыночек 1,866287 0,002704
сыночка 1,866287 0,002028
сыночку 2,167317 0,001570
сюда 0,232819 0,000169
также 0,000000 0,000000
таки 0,066947 0,000024
таковой 1,264227 0,000458
такого 0,243038 0,000176
такое 0,114239 0,000083
такой 0,077412 0,000084
такую 0,334808 0,000121
твое 0,845098 0,000306
твоего 0,787106 0,000570
твоем 1,322219 0,000479
твоему 0,912045 0,000661
твои 0,787106 0,000570
твоим 1,088136 0,000394
твой 0,735954 0,001599
твою 0,912045 0,000330
тебе 0,203530 0,001179
тебя 0,198834 0,001008
текст 0,000000 0,000000
темных 1,322219 0,000479
теперь 0,015029 0,000076
теснившихся 1,866287 0,001352
тихим 1,264227 0,000458
тихо 0,354404 0,000128
тихого 1,565257 0,000567
тихую 1,690196 0,000612
тобой 0,419129 0,000152
тобою 0,845098 0,000306
тогда 0,050046 0,000073
того 0,005949 0,000006
тоже 0,043466 0,000094
толпа 0,991226 0,000359
толпе 0,991226 0,000359
толпились 1,690196 0,000612
только 0,002964 0,000020
томах 0,000000 0,000000
томилась 2,167317 0,000785
тому 0,095435 0,000035
тоска 1,088136 0,000394
тоскуй 2,167317 0,000785
тотчас 0,046743 0,000034
точно 0,121994 0,000088
третий 0,544068 0,000788
трех 0,374926 0,000679
трехлеточек 2,167317 0,000785
тридцати 1,021189 0,000370
триста 1,322219 0,000479
тяжело 0,565257 0,000205
тяжелой 2,167317 0,000785
тяжелых 1,866287 0,000676
уведомили 2,167317 0,000785
увидел 0,648803 0,000235
увидит 1,053374 0,000382
углу 0,599116 0,000217
удивлением 0,523865 0,000190
удивляло 1,690196 0,000612
узнал 0,381987 0,000138
узрели 2,167317 0,000785
узреть 2,167317 0,000785
указал 0,866287 0,000314
указали 1,468347 0,000532
указывает 1,322219 0,000479
уловить 1,866287 0,000676
умершим 0,000000 0,000000
умиления 1,088136 0,000788
умилился 1,690196 0,000612
умоляя 1,389166 0,000503
унтер 1,866287 0,000676
упокой 1,468347 0,001595
услыхать 1,866287 0,000676
услышал 0,824895 0,000299
услышала 1,322219 0,000958
услышу 1,690196 0,000612
успокоивались 2,167317 0,000785
успокоилась 1,866287 0,000676
установившейся 1,866287 0,000676
устраиваемым 2,167317 0,000785
устройством 2,167317 0,000785
утешайся 2,167317 0,001570
утешал 2,167317 0,000785
утешаться 2,167317 0,000785
утешения 1,322219 0,000479
утешиться 2,167317 0,000785
утоляют 2,167317 0,000785
уходит 0,888564 0,000644
учителей 2,167317 0,000785
федор 0,000000 0,000000
фокусом 2,167317 0,000785
хворать 2,167317 0,001570
хворый 1,866287 0,001352
ходить 0,576253 0,000209
хозяин 1,125925 0,000408
хорошо 0,189594 0,000069
хоть 0,060107 0,000022
хотя 0,050046 0,000091
хохлакова 1,125925 0,000408
хохлаковы 2,167317 0,000785
хочу 0,243038 0,000088
храме 1,565257 0,000567
худенькое 2,167317 0,000785
худую 2,167317 0,000785
царицу 1,389166 0,000503
царствии 1,866287 0,000676
церковь 0,912045 0,000661
часа 0,000000 0,000000
часто 0,292256 0,000318
часть 0,002964 0,000002
чахоточной 2,167317 0,000785
чего 0,040213 0,000044
человек 0,036984 0,000027
человека 0,154480 0,000112
черными 1,322219 0,000479
четверо 1,213075 0,000439
четырнадцатилетняя 2,167317 0,000785
число 0,000000 0,000000
читаем 0,000000 0,000000
читать 0,000000 0,000000
чрез 0,275223 0,000100
чтоб 0,073896 0,000027
чтобы 0,030597 0,000033
чувством 0,704919 0,000255
чуда 1,565257 0,000567
чужие 1,389166 0,000503
чуть 0,176091 0,000128
чьего 0,000000 0,000000
шагах 0,866287 0,000314
шаловливое 2,167317 0,000785
шепотом 0,675956 0,000245
шесть 0,611015 0,000443
шестьдесят 1,167317 0,000423
щеку 1,389166 0,001006
экипаж 1,389166 0,000503
эпитрахиль 2,167317 0,001570
эпитрахилью 2,167317 0,000785
этих 0,213075 0,000077
этого 0,053374 0,000019
этот 0,011981 0,000004
эффектом 1,690196 0,000612
