автор 0,000000 0,000000
автором 0,000000 0,000000
авторского 0,000000 0,000000
авторы 0,000000 0,000000
алексей 0,000000 0,000000
алексея 0,000000 0,000000
америку 1,389166 0,000269
ангел 0,912045 0,000177
апокалипсисе 1,565257 0,000304
атеист 1,565257 0,000304
балаганами 2,167317 0,000420
бегает 1,866287 0,000362
бегало 2,167317 0,000420
беден 1,690196 0,000328
бедны 1,690196 0,000328
бедняка 1,866287 0,000724
бежало 2,167317 0,000420
бездарный 1,866287 0,000362
безразлично 1,866287 0,000362
белого 1,690196 0,000328
бесконечная 1,690196 0,000328
беспокойства 1,565257 0,000304
беспокойством 0,888564 0,000172
беспокойтесь 0,805589 0,000156
беспрерывном 1,565257 0,000304
беспрерывными 1,690196 0,000328
бессвязно 1,167317 0,000226
бессовестно 1,690196 0,000328
бестолковая 1,866287 0,000362
бесчувствия 1,866287 0,000362
бешенства 1,322219 0,000256
бешенством 1,866287 0,000362
библиотека 0,000000 0,000000
благородных 1,213075 0,000235
бледной 1,866287 0,000362
ближе 0,752344 0,000146
ближнего 1,468347 0,000285
бога 0,451314 0,000088
богаты 1,690196 0,000328
богачами 2,167317 0,000420
боже 0,459747 0,000089
боитесь 1,264227 0,000245
бокал 1,322219 0,000256
бокового 1,468347 0,000285
более 0,000000 0,000000
болезненное 1,322219 0,000256
болен 0,704919 0,000137
боли 0,963197 0,000187
болтовня 2,167317 0,000420
боль 1,125925 0,000218
больной 0,611015 0,000118
большая 0,936868 0,000182
больше 0,137934 0,000267
большинство 1,264227 0,000245
большой 0,495219 0,000096
большою 1,167317 0,000226
бормотали 2,167317 0,000420
боялись 1,125925 0,000218
боялся 0,587534 0,000228
бранью 2,167317 0,000420
бред 1,053374 0,000204
бросал 1,565257 0,000304
бросать 1,690196 0,000328
бросил 0,554533 0,000108
бросила 1,053374 0,000204
бросилась 0,648803 0,000126
броситься 1,389166 0,000269
бросьте 1,866287 0,000362
брюзгливою 2,167317 0,000420
брякнет 2,167317 0,000420
брякнул 1,565257 0,000304
будет 0,077412 0,000120
будто 0,099131 0,000192
буду 0,208276 0,000121
будут 0,565257 0,000219
будьте 0,735954 0,000285
буквально 0,805589 0,000312
бумаги 1,021189 0,000198
бунтующий 2,167317 0,000420
бурдовского 1,213075 0,000235
бывали 0,824895 0,000160
бывало 0,554533 0,000108
были 0,099131 0,000115
было 0,000000 0,000000
быстро 0,232819 0,000135
быстротой 1,264227 0,000735
быть 0,002964 0,000014
валяется 2,167317 0,000420
вами 0,232819 0,000045
вашего 0,443041 0,000086
вашей 0,504560 0,000098
вашу 0,504560 0,000294
вблизи 1,389166 0,000269
ввернул 0,991226 0,000192
ввернуть 1,690196 0,000328
вдруг 0,005949 0,000032
ведь 0,043466 0,000051
вера 0,769377 0,000448
вернее 1,053374 0,000204
верно 0,523865 0,000102
вертелся 1,866287 0,000362
верхнего 1,866287 0,000362
вершка 1,565257 0,000911
вершок 2,167317 0,000420
вести 1,125925 0,000218
весь 0,099131 0,000058
вечер 0,477121 0,000093
вечера 0,623249 0,000121
вечере 1,389166 0,000269
вечная 1,264227 0,000735
вечно 0,824895 0,000640
вечном 2,167317 0,000420
вечный 1,468347 0,000285
взаперти 2,167317 0,000420
взвизгнула 1,389166 0,000269
взгляде 0,769377 0,000149
взглядов 1,167317 0,000226
взглядом 0,504560 0,000098
вздохнула 1,565257 0,000304
вздрогнул 0,565257 0,000219
вздумал 0,805589 0,000156
вздумалось 1,322219 0,000256
взошло 1,468347 0,000285
видав 2,167317 0,000420
видал 0,623249 0,000121
виде 0,434924 0,000253
видел 0,248239 0,000385
видеть 0,381987 0,000074
видимо 0,328468 0,000064
видимым 1,125925 0,000218
видите 0,396465 0,000077
видом 0,389166 0,000151
вижу 0,286504 0,000056
визгом 1,866287 0,000362
визиты 0,000000 0,000000
виноват 0,523865 0,000305
вкопанная 2,167317 0,000420
власти 1,322219 0,000256
влюблен 1,053374 0,000409
вначале 0,936868 0,000182
внезапно 0,623249 0,000242
внезапною 1,468347 0,000285
вникал 1,866287 0,000362
внимательнее 1,389166 0,000269
внимательно 0,845098 0,000164
вобрала 2,167317 0,000420
воды 0,912045 0,000177
воем 2,167317 0,000420
возвратился 1,866287 0,000362
воздух 1,053374 0,000204
возиться 1,468347 0,000285
возможно 0,735954 0,000143
вознаграждения 0,000000 0,000000
возьми 0,704919 0,000137
возьмите 1,021189 0,000198
волнение 0,824895 0,000320
волнения 0,991226 0,000192
волос 1,565257 0,000607
волы 2,167317 0,000420
вопрос 0,222835 0,000043
восемнадцатилетнего 2,167317 0,000420
восемнадцать 1,389166 0,000269
восемь 0,824895 0,000320
воскликнул 0,309985 0,000060
восход 1,866287 0,000362
вошел 0,403889 0,000157
впереди 0,912045 0,000354
впечатление 0,544068 0,000422
впечатлению 1,468347 0,000285
вполне 0,316059 0,000061
вправду 0,888564 0,000172
впрочем 0,118099 0,000275
впрямь 0,769377 0,000298
времени 0,269690 0,000157
время 0,043466 0,000025
вроде 0,662167 0,000128
всегда 0,129891 0,000101
всего 0,040213 0,000039
всем 0,070407 0,000068
всеми 0,434924 0,000084
всеотрицающее 2,167317 0,000420
всех 0,060107 0,000105
всею 0,888564 0,000172
вскочил 0,587534 0,000228
вскрикнул 0,936868 0,000363
вскричал 0,292256 0,000170
вслух 0,533849 0,000104
всползает 2,167317 0,000420
всползет 2,167317 0,000420
вспыхнув 1,468347 0,000285
вспыхнуло 1,866287 0,000362
встали 1,167317 0,000453
встанем 1,866287 0,000362
встревоженного 1,866287 0,000362
встретились 1,213075 0,000235
всякими 1,690196 0,000328
всякого 0,514105 0,000100
всякой 0,635838 0,000247
втором 1,213075 0,000470
вчера 0,341243 0,000331
вчерашнего 0,866287 0,000168
вывело 1,866287 0,000362
выгнали 1,565257 0,000304
выговорил 0,824895 0,000160
выговорить 0,963197 0,000187
вызовом 1,053374 0,000204
выйти 0,587534 0,000114
выносить 1,213075 0,000235
вынул 0,599116 0,000116
выпал 2,167317 0,000420
выпить 1,167317 0,000226
выплаты 0,000000 0,000000
выполз 1,866287 0,000362
выпуская 1,389166 0,000269
выражается 1,389166 0,000269
выражать 1,690196 0,000328
выразился 0,752344 0,000292
высказать 0,866287 0,000168
выскользнуть 2,167317 0,000420
высокий 0,991226 0,000192
высокой 1,565257 0,000304
выставить 1,088136 0,000211
высшее 1,322219 0,000256
высшей 0,544068 0,000106
вытащил 1,167317 0,000226
выходившие 2,167317 0,000420
выходить 0,963197 0,000560
выходят 1,468347 0,000285
выше 0,720159 0,000140
гада 1,565257 0,000304
гадина 1,866287 0,000724
гадиной 2,167317 0,000420
гадину 1,389166 0,000269
гадко 1,468347 0,000285
гадом 2,167317 0,000420
гаже 2,167317 0,000420
ганя 0,769377 0,000448
гениальной 2,167317 0,000420
гимназиста 1,866287 0,000362
главного 1,213075 0,000235
главное 0,189594 0,000037
глаза 0,129891 0,000076
глазами 0,403889 0,000235
глазками 1,125925 0,000218
глотая 2,167317 0,000420
глотнул 1,866287 0,000362
глубоко 0,611015 0,000118
глупость 0,912045 0,000177
глупый 1,021189 0,000396
глухой 1,866287 0,000362
говорил 0,095435 0,000056
говорили 0,374926 0,000145
говорит 0,189594 0,000074
говорить 0,162996 0,000063
говорю 0,203530 0,000118
говоря 0,434924 0,000084
говорят 0,309985 0,000120
голове 0,554533 0,000108
головой 0,533849 0,000104
голову 0,227798 0,000177
головы 0,787106 0,000611
голодного 2,167317 0,000420
голодны 2,167317 0,000420
голоду 1,322219 0,000513
голос 0,533849 0,000207
голую 2,167317 0,000420
гораздо 0,443041 0,000172
гордостью 1,468347 0,000285
городе 0,565257 0,000110
горы 0,963197 0,000560
горько 0,690196 0,000134
горячился 1,468347 0,000285
господа 0,389166 0,000981
гости 0,769377 0,000149
готовностию 1,690196 0,000328
готовом 2,167317 0,000841
градусов 1,565257 0,000304
грамматику 1,866287 0,000362
греческую 2,167317 0,000420
громко 0,504560 0,000098
грустно 0,735954 0,000143
грыз 2,167317 0,000420
грязной 1,690196 0,000328
губах 1,053374 0,000204
давеча 0,232819 0,000090
даже 0,005949 0,000020
дайте 0,735954 0,000143
далее 0,648803 0,000126
дальше 0,002964 0,000001
дама 0,735954 0,000143
данные 0,000000 0,000000
даче 1,053374 0,000204
дачу 1,389166 0,000269
двадцать 0,411442 0,000080
дверь 0,367977 0,000071
дверям 1,125925 0,000218
двугривенный 1,565257 0,000304
двум 1,322219 0,000256
двумя 0,720159 0,000140
двух 0,264227 0,000256
действительно 0,106619 0,000083
делая 1,167317 0,000226
деле 0,162996 0,000032
дело 0,063514 0,000074
день 0,162996 0,000063
деревьев 1,565257 0,000304
деревья 1,322219 0,000769
деревьями 1,690196 0,000983
десятой 2,167317 0,000420
дешево 1,322219 0,000256
диван 0,888564 0,000517
диване 0,845098 0,000164
диссертации 2,167317 0,000420
длинные 1,213075 0,000235
длиной 1,866287 0,000724
дням 1,690196 0,000328
довольно 0,129891 0,000050
догадался 0,752344 0,000146
дожить 2,167317 0,000420
дойду 1,565257 0,000304
долго 0,222835 0,000086
должен 0,258832 0,000050
должна 0,824895 0,000160
должно 0,286504 0,000056
доли 1,690196 0,000328
дома 0,298086 0,000058
доме 0,322219 0,000062
допустил 1,264227 0,000245
дорого 1,021189 0,000198
дорожат 2,167317 0,000420
дороже 1,322219 0,000513
досадой 0,991226 0,000192
достигло 1,389166 0,000269
достигнув 1,866287 0,000362
достоевский 0,000000 0,000000
достояние 0,000000 0,000000
дочь 0,587534 0,000114
дрожавших 1,866287 0,000362
дрожал 1,053374 0,000204
дрожала 1,167317 0,000226
дрожали 1,322219 0,000256
дрожащими 1,565257 0,000304
дрожь 1,565257 0,000304
другие 0,389166 0,000151
другим 0,533849 0,000104
другой 0,146128 0,000028
думаем 2,167317 0,000420
думаете 0,504560 0,000489
думали 0,936868 0,000182
думаю 0,328468 0,000191
дурак 0,769377 0,000149
дуракам 1,866287 0,000362
дурно 0,888564 0,000172
дурного 1,053374 0,000204
дурные 1,322219 0,000256
дыша 1,389166 0,000269
евгений 0,866287 0,000672
европу 1,565257 0,000304
едва 0,554533 0,000215
единого 0,787106 0,000458
если 0,011981 0,000033
естественно 0,888564 0,000172
есть 0,018098 0,000028
жадно 1,053374 0,000409
жадным 1,866287 0,000362
жалко 0,912045 0,000177
жалобно 2,167317 0,000420
жалости 1,053374 0,000204
ждал 0,495219 0,000096
ждали 0,720159 0,000140
ждать 0,554533 0,000108
желал 0,611015 0,000237
желании 1,389166 0,000269
желать 1,866287 0,000362
желаю 0,735954 0,000143
желчно 1,690196 0,000328
жена 0,912045 0,000177
жест 1,468347 0,000285
живет 0,662167 0,000257
животного 1,866287 0,000362
животное 1,565257 0,001214
животные 2,167317 0,000420
животных 1,866287 0,000362
жизни 0,222835 0,000259
жизнь 0,162996 0,000032
жизнью 1,167317 0,000453
жить 0,451314 0,000963
жребий 1,690196 0,000655
журнал 1,565257 0,000304
забыв 0,991226 0,000384
забыть 0,623249 0,000121
завидую 1,866287 0,000724
завилял 2,167317 0,000420
зависела 1,866287 0,000362
завтра 0,298086 0,000520
задрожал 1,167317 0,000226
задумываясь 1,866287 0,000362
задыхался 0,912045 0,000177
задыхаясь 1,021189 0,000198
заиграл 1,690196 0,000328
закинув 1,565257 0,000304
заключается 0,963197 0,000374
закричал 0,599116 0,000116
закройте 1,866287 0,000362
закрыться 2,167317 0,000420
закуска 1,690196 0,000655
закуски 1,690196 0,000328
закуску 1,468347 0,000285
закусывая 2,167317 0,000420
заметил 0,154480 0,000180
заметить 0,635838 0,000123
замечаю 1,088136 0,000211
заморозили 1,866287 0,000362
запечатай 2,167317 0,000420
запечатанный 1,866287 0,000362
записал 1,389166 0,000269
запишите 1,690196 0,000328
заплатил 1,866287 0,000362
заползало 2,167317 0,000420
заползло 2,167317 0,000420
запомните 1,565257 0,000304
запретил 1,690196 0,000328
запрещенное 2,167317 0,000420
запрещено 1,468347 0,000285
заранее 0,576253 0,000112
зарницын 2,167317 0,000420
зарождающейся 2,167317 0,000420
заснувший 2,167317 0,000420
заснул 0,963197 0,000187
заставляла 1,690196 0,000328
застыдившись 1,866287 0,000362
затрещала 2,167317 0,000420
заучил 1,866287 0,000362
захочет 0,888564 0,000172
зачем 0,146128 0,000283
звере 1,866287 0,000362
здесь 0,095435 0,000019
здорового 1,866287 0,000362
зеленым 1,866287 0,000362
зелень 2,167317 0,000420
зимой 1,322219 0,000256
злится 1,690196 0,000328
злиться 2,167317 0,000841
злобно 0,599116 0,000116
злость 1,389166 0,000269
злостью 2,167317 0,000420
змейки 2,167317 0,000420
знает 0,171682 0,000033
знаете 0,286504 0,000056
знакомого 1,088136 0,000211
знакомый 0,936868 0,000182
знал 0,114239 0,000089
значит 0,243038 0,000094
знаю 0,095435 0,000074
знающего 2,167317 0,000420
зная 0,623249 0,000483
золотых 1,389166 0,000269
зубами 1,125925 0,000218
зубах 2,167317 0,000420
зубы 1,053374 0,000204
иван 0,303994 0,000059
игривые 2,167317 0,000420
идеи 0,866287 0,000168
идея 0,824895 0,000320
идиот 0,443041 0,000430
идти 0,434924 0,000084
известных 1,213075 0,000235
извивались 2,167317 0,000420
извивался 1,866287 0,000362
извиваясь 1,866287 0,000724
изловчилась 2,167317 0,000420
изменяясь 2,167317 0,000420
изумлении 1,167317 0,000226
изучать 1,866287 0,000362
имел 0,347773 0,000067
именно 0,066947 0,000052
имея 0,752344 0,000438
империалов 2,167317 0,000420
иначе 0,367977 0,000071
иногда 0,208276 0,000162
интереса 1,690196 0,000328
интереснее 1,565257 0,000304
интересовался 1,264227 0,000245
интересом 1,565257 0,000304
интересуетесь 1,690196 0,000328
интересуются 1,866287 0,000362
иные 0,599116 0,000116
ипполит 0,675956 0,002622
ипполита 0,888564 0,000517
ипполиту 1,053374 0,000204
искренен 1,389166 0,000269
искреннем 1,866287 0,000362
искренно 0,523865 0,000102
исписали 2,167317 0,000420
исписанных 1,866287 0,000362
использоваться 0,000000 0,000000
испуг 1,125925 0,000218
испуга 1,322219 0,000769
испугал 1,213075 0,000235
испуганно 1,021189 0,000198
испуге 0,690196 0,000402
истерически 1,125925 0,000218
источник 0,000000 0,000000
исчезло 1,389166 0,000539
ихнею 2,167317 0,000420
каждой 1,264227 0,000490
каждые 1,322219 0,000256
каждый 0,367977 0,000071
кажется 0,118099 0,000160
казаться 1,468347 0,000285
казни 1,125925 0,000218
казнил 2,167317 0,000420
какая 0,194189 0,000226
каким 0,194189 0,000188
какое 0,227798 0,000177
какой 0,095435 0,000074
каком 0,381987 0,000074
какою 0,599116 0,000232
какую 0,419129 0,000081
канцелярского 1,866287 0,000362
кармана 0,720159 0,000140
касается 0,769377 0,000149
кашель 1,468347 0,000285
квартиры 1,088136 0,000211
кверху 1,468347 0,000285
келлер 0,991226 0,000192
кивая 1,565257 0,000304
кирпичи 2,167317 0,000420
кислородов 2,167317 0,000420
кислородова 2,167317 0,000420
класса 1,322219 0,000256
кликнула 1,565257 0,000304
книги 0,000000 0,000000
книгу 0,936868 0,000363
князь 0,477121 0,002220
князю 0,504560 0,000391
князя 0,468347 0,000272
когда 0,015029 0,000047
кого 0,222835 0,000130
коли 0,269690 0,000052
коломне 2,167317 0,000420
колумб 2,167317 0,000841
колю 0,805589 0,000156
коля 0,565257 0,000329
комаров 0,000000 0,000000
комната 1,021189 0,000198
комнате 0,389166 0,000377
комнату 0,468347 0,000636
комнаты 0,443041 0,000258
комод 1,690196 0,000655
кому 0,341243 0,000132
конец 0,495219 0,000192
конечно 0,060107 0,000047
концами 2,167317 0,000420
конце 0,611015 0,000592
концов 0,912045 0,000531
кончено 1,021189 0,000594
кончик 1,690196 0,000328
кончил 0,587534 0,000456
кончилась 1,264227 0,000245
кончить 1,053374 0,000204
копеек 1,125925 0,000218
корабля 2,167317 0,000420
коричневое 2,167317 0,000420
коричневые 1,866287 0,000362
которого 0,198834 0,000077
котором 0,347773 0,000067
которому 0,468347 0,000182
которые 0,189594 0,000037
который 0,110412 0,000107
которых 0,426955 0,000083
краешком 2,167317 0,000841
крайней 0,298086 0,000116
краснейте 2,167317 0,000420
красною 1,389166 0,000539
красную 1,690196 0,000328
красными 1,565257 0,000304
красота 1,167317 0,000679
крепких 2,167317 0,000420
крепко 0,443041 0,000086
кривившейся 2,167317 0,000420
кривившеюся 2,167317 0,000420
крикнул 0,381987 0,000222
кричать 1,125925 0,000437
кричит 0,805589 0,000156
кровать 1,264227 0,000490
кроме 0,158717 0,000062
кругом 0,419129 0,000406
купить 1,021189 0,000198
куска 1,690196 0,000328
лапами 1,866287 0,000362
лапы 1,866287 0,001086
лгать 1,125925 0,000218
лебедев 0,735954 0,000856
лебедева 0,752344 0,000292
легла 1,690196 0,000328
легче 0,787106 0,000458
лекарства 1,866287 0,000362
лениво 1,690196 0,000328
лету 1,389166 0,000539
лечь 1,322219 0,000256
лжет 1,021189 0,000198
либо 0,000000 0,000000
листочки 1,565257 0,000304
листочков 2,167317 0,000420
листы 1,866287 0,000362
литература 0,000000 0,000000
лихорадочно 1,468347 0,000285
лица 0,322219 0,000062
лице 0,403889 0,000078
лицом 0,000000 0,000000
личного 1,125925 0,000218
лишнего 1,389166 0,000269
лишнее 1,264227 0,000245
ловить 1,389166 0,000269
логическое 1,690196 0,000328
ложитесь 1,690196 0,000328
локтями 1,468347 0,000569
лохматый 2,167317 0,000420
лукьяновна 1,866287 0,000362
лучше 0,162996 0,000158
любите 0,845098 0,000492
любишь 0,888564 0,000172
люблю 0,347773 0,000270
любопытно 0,845098 0,000164
любопытными 1,866287 0,000362
любопытством 0,459747 0,000089
любым 0,000000 0,000000
людей 0,298086 0,000116
люди 0,269690 0,000105
людьми 0,623249 0,000121
людям 0,720159 0,000140
магнит 2,167317 0,000420
масленице 2,167317 0,000420
материалист 1,866287 0,001086
материалы 2,167317 0,000420
матрене 1,866287 0,000362
мать 0,389166 0,000151
мгновение 0,396465 0,000077
мгновений 1,264227 0,000245
меблирована 2,167317 0,000420
медик 1,690196 0,000328
медленно 0,805589 0,000625
между 0,129891 0,000101
мейерова 1,866287 0,000362
мейеровою 2,167317 0,000420
мелко 1,690196 0,000328
мелочи 1,565257 0,000304
мелькнула 1,088136 0,000422
мелькнуло 0,805589 0,000156
меня 0,027438 0,000186
мере 0,269690 0,000157
месяц 0,451314 0,000263
месяца 0,477121 0,000185
месяцев 0,866287 0,000840
мечтал 1,125925 0,000437
миллионов 1,322219 0,000256
миновала 1,866287 0,000362
минут 0,486076 0,000283
минутами 1,021189 0,000198
минуту 0,084532 0,000082
минуты 0,322219 0,000062
мистического 2,167317 0,000420
мистическое 1,565257 0,000304
мнению 0,845098 0,000328
многим 0,912045 0,000177
много 0,080958 0,000078
многое 0,662167 0,000128
множество 0,936868 0,000182
мною 0,635838 0,000123
могу 0,171682 0,000033
могут 0,495219 0,000096
могучий 1,690196 0,000328
моего 0,367977 0,000285
моей 0,280827 0,000327
моем 0,599116 0,000349
моему 0,354404 0,000069
моею 1,021189 0,000396
может 0,000000 0,000000
можно 0,088136 0,000017
моим 0,675956 0,000393
моих 0,554533 0,000108
молодая 0,936868 0,000182
молча 0,367977 0,000071
молчавший 1,468347 0,000285
молчали 1,088136 0,000211
момент 0,720159 0,000279
момента 0,000000 0,000000
монетка 2,167317 0,000420
монетку 2,167317 0,000841
мрачно 0,866287 0,000168
муху 1,690196 0,000328
мучило 1,125925 0,000218
мучился 1,053374 0,000204
мучить 0,888564 0,000172
мысли 0,316059 0,000368
мысль 0,264227 0,000256
мыслью 1,125925 0,000218
набрасывающеюся 2,167317 0,000420
навеки 0,648803 0,000252
наверно 0,264227 0,000154
навязывает 1,866287 0,000362
надеялся 1,322219 0,000256
надо 0,036984 0,000036
назад 0,000000 0,000000
название 0,000000 0,000000
называете 1,322219 0,000256
наискось 1,468347 0,000569
найти 0,000000 0,000000
наконец 0,073896 0,000086
налейте 2,167317 0,000420
намерен 0,787106 0,000305
намерением 1,088136 0,000211
нами 0,648803 0,000126
написал 0,662167 0,000514
написано 0,000000 0,000000
напишу 1,264227 0,000245
наполеондоров 2,167317 0,000420
наполнял 1,866287 0,000362
напрасно 0,805589 0,000156
напрашивающеюся 2,167317 0,000420
например 0,298086 0,000116
напролет 1,565257 0,000304
напротив 0,180546 0,000035
наравне 1,866287 0,000362
народа 1,053374 0,000204
нарочно 0,227798 0,000221
насмешливо 0,787106 0,000153
настаивал 0,845098 0,000164
настаивать 1,565257 0,000304
настоящим 1,167317 0,000226
насчет 0,354404 0,000069
наука 0,000000 0,000000
нахмурившись 1,213075 0,000235
начал 0,137934 0,000027
началось 1,053374 0,000204
начинал 0,662167 0,000128
начинать 1,167317 0,000226
нашем 0,662167 0,000128
нашу 0,824895 0,000160
него 0,000000 0,000000
неделе 1,088136 0,000422
недели 0,565257 0,000438
недель 0,991226 0,000769
неделю 0,662167 0,000128
недостойны 1,565257 0,000304
недоумевая 1,690196 0,000328
нежданным 2,167317 0,000420
нежничая 2,167317 0,000420
независимо 1,690196 0,000328
неизлечимая 2,167317 0,000420
некогда 0,912045 0,000531
некоторою 1,167317 0,000226
некоторые 0,533849 0,000207
нелепость 1,088136 0,000211
неловко 1,125925 0,000218
нельзя 0,176091 0,000137
нему 0,080958 0,000031
ненависть 1,213075 0,000470
необходимое 1,468347 0,000569
необходимым 1,125925 0,000218
необыкновенного 1,264227 0,000490
необыкновенное 0,912045 0,000177
необыкновенною 0,912045 0,000177
неожиданно 0,523865 0,000102
неожиданной 1,565257 0,000304
неожиданность 1,866287 0,000362
неосторожности 2,167317 0,000420
непосредственного 1,866287 0,000362
непостижимая 2,167317 0,000420
непременно 0,133894 0,000104
неровно 2,167317 0,000420
несколько 0,102859 0,000080
несмотря 0,275223 0,000160
несчастны 1,213075 0,000235
несчастный 0,824895 0,000160
нетерпением 0,866287 0,000168
неужели 0,389166 0,000377
нечего 0,381987 0,000148
нечто 0,389166 0,000151
нибудь 0,030597 0,000059
нигилист 2,167317 0,000420
низшего 1,468347 0,000285
никак 0,396465 0,000154
никакого 0,403889 0,000157
никакой 0,635838 0,000247
никогда 0,088136 0,000051
никого 0,411442 0,000080
никому 0,504560 0,000098
никто 0,185046 0,000072
ними 0,275223 0,000053
ничего 0,030597 0,000030
нового 0,735954 0,000143
новой 0,936868 0,000182
новом 1,213075 0,000235
ногами 0,912045 0,000177
ноги 0,477121 0,000093
норма 2,167317 0,001261
норму 2,167317 0,000420
нормы 2,167317 0,000420
ночам 1,125925 0,000218
ночи 0,675956 0,000393
ночь 0,248239 0,000048
ночью 0,587534 0,000342
нужно 0,514105 0,000100
обводя 1,690196 0,000655
обделывать 1,866287 0,000362
обернулся 0,824895 0,000160
обжегшись 2,167317 0,000420
облегчатся 2,167317 0,000420
облиневанный 2,167317 0,000420
облокотился 1,213075 0,000470
обманывал 1,866287 0,000362
обоими 1,264227 0,000245
оборвался 1,565257 0,000304
образом 0,347773 0,000135
обращаясь 0,675956 0,000262
обстоятельства 0,912045 0,000177
обсыпавшимися 2,167317 0,000420
обтирал 1,866287 0,000362
общая 1,389166 0,000269
обществе 0,675956 0,000131
общественное 0,000000 0,000000
общие 1,866287 0,000362
объявляю 1,389166 0,000269
объяснение 0,845098 0,000655
объяснением 1,866287 0,000362
объяснении 1,468347 0,000285
объятия 1,322219 0,000256
овладевавшее 2,167317 0,000420
овладела 1,468347 0,000285
огромнейшем 2,167317 0,000420
огромную 1,690196 0,000328
огромный 1,213075 0,000470
одетого 1,866287 0,000362
одеяло 1,866287 0,000362
одеялом 2,167317 0,000420
один 0,046743 0,000018
одна 0,185046 0,000144
однако 0,102859 0,000100
одним 0,286504 0,000111
одно 0,099131 0,000019
одного 0,150284 0,000087
одной 0,243038 0,000189
одною 0,787106 0,000153
одну 0,232819 0,000090
одолевать 2,167317 0,000420
одолело 2,167317 0,000420
одушевление 1,565257 0,000304
оживить 1,690196 0,000328
оживляясь 1,322219 0,000513
озабоченного 2,167317 0,000420
озирался 1,690196 0,000328
озлобление 1,866287 0,000362
означают 1,866287 0,000362
окна 0,648803 0,000126
окно 0,635838 0,000123
около 0,443041 0,000258
окончательного 1,565257 0,000304
опасливо 1,264227 0,000245
определить 1,167317 0,000226
опубликовано 0,000000 0,000000
опустил 1,088136 0,000211
опять 0,027438 0,000069
оратор 1,468347 0,000285
орел 1,690196 0,000983
осведомился 0,888564 0,000172
осведомлялись 2,167317 0,000420
оскалила 2,167317 0,000420
осклабился 1,125925 0,000218
осматривался 2,167317 0,000420
осмеливавшийся 2,167317 0,000420
осмотрел 1,468347 0,000285
осмотрелся 1,322219 0,000256
особым 1,213075 0,000235
оставалось 0,991226 0,000192
оставил 0,648803 0,000126
оставили 0,888564 0,000172
оставлял 1,468347 0,000285
оставлять 1,389166 0,000539
оставляю 1,125925 0,000218
остается 0,787106 0,000305
осталось 0,769377 0,000298
остальные 0,704919 0,000137
останется 0,704919 0,000273
остановился 0,419129 0,000081
осторожно 0,912045 0,000177
отвердел 2,167317 0,000420
ответил 0,237898 0,000231
отвечаете 1,866287 0,000362
отворила 1,322219 0,000256
отвратительнее 1,866287 0,000362
отдайте 1,468347 0,000285
откровенностью 1,565257 0,000304
открывал 1,389166 0,000269
открывании 2,167317 0,000420
открыл 0,963197 0,000374
открыла 1,690196 0,000328
открытии 2,167317 0,000420
открытия 1,866287 0,000362
отодвигалась 2,167317 0,000420
отодвинул 1,690196 0,000328
отрывались 2,167317 0,000420
отрываясь 1,167317 0,000226
оттого 0,675956 0,000131
отца 0,222835 0,000086
отчаянии 0,912045 0,000177
отчаянным 1,690196 0,000328
оформление 0,000000 0,000000
охватившим 2,167317 0,000420
охрип 2,167317 0,000420
очень 0,024303 0,000038
ошибаюсь 1,389166 0,000269
ошибется 2,167317 0,000420
ошибки 1,690196 0,000328
ошибся 0,963197 0,000187
ощущаю 1,565257 0,000304
ощущениям 2,167317 0,000420
павлович 0,419129 0,000244
павловск 1,088136 0,000633
павловске 1,053374 0,000613
павловских 2,167317 0,000420
павлыч 1,053374 0,000204
пакет 1,053374 0,001634
палец 0,991226 0,000192
пальца 1,690196 0,000328
парень 1,167317 0,000679
пасти 1,866287 0,000362
пасть 1,565257 0,000304
пастью 2,167317 0,000420
первой 0,720159 0,000140
первом 0,805589 0,000156
первый 0,248239 0,000048
первым 0,769377 0,000149
перебежало 2,167317 0,000420
перебил 0,635838 0,000247
перевел 1,213075 0,000235
перед 0,554533 0,000108
передав 1,690196 0,000328
передать 0,690196 0,000268
передумал 1,468347 0,000285
переехать 1,565257 0,000304
перемену 1,468347 0,000285
переменятся 2,167317 0,000841
переправлять 1,866287 0,000724
переселиться 1,565257 0,000304
пересказал 1,690196 0,000328
пересказать 1,690196 0,000328
пересказывать 1,690196 0,000328
перескочил 1,264227 0,000245
перестал 0,675956 0,000131
перечитать 2,167317 0,000420
перечитывал 2,167317 0,000420
перечитывать 2,167317 0,000420
перечту 2,167317 0,000420
перешло 0,000000 0,000000
печаль 1,866287 0,000362
печать 1,866287 0,000362
печатью 1,866287 0,000724
писал 0,963197 0,000187
пить 0,888564 0,000345
плакала 0,866287 0,000168
платком 1,125925 0,000218
плачется 2,167317 0,000420
побеждена 2,167317 0,000420
побледнел 0,704919 0,000273
повадились 1,866287 0,000362
поверить 0,824895 0,000160
повернулся 0,587534 0,000114
поворотил 1,690196 0,000328
повторил 0,752344 0,000146
повторяю 0,648803 0,000126
поговорим 1,866287 0,000362
подал 0,752344 0,000146
подборка 0,000000 0,000000
поддержать 1,389166 0,000269
поджав 2,167317 0,000420
поджал 2,167317 0,000420
поднял 0,504560 0,000196
подозреваю 1,213075 0,000235
подошел 0,514105 0,000100
подошли 1,053374 0,000204
подразумевает 2,167317 0,000420
подтвердил 0,690196 0,000134
подумал 0,334808 0,000065
подушку 0,912045 0,000354
подхватил 0,533849 0,000104
подходили 2,167317 0,000420
подымать 1,468347 0,000285
пожалуй 0,237898 0,000092
пожимаю 2,167317 0,000420
пожму 2,167317 0,000420
позвал 1,468347 0,000285
поймала 1,866287 0,000362
поймут 1,322219 0,000256
пока 0,213075 0,000041
показал 0,769377 0,000298
показалось 0,495219 0,000192
показывает 1,213075 0,000235
показывая 1,213075 0,000235
покраснел 0,675956 0,000131
покрытая 2,167317 0,000420
покупать 1,565257 0,000304
полагаете 1,565257 0,000304
полз 1,866287 0,000362
ползшим 2,167317 0,000420
полминуты 1,322219 0,000256
полного 1,264227 0,000245
полной 0,991226 0,000192
половины 0,936868 0,000182
положении 0,704919 0,000273
положив 1,690196 0,000328
положил 0,599116 0,000232
положительно 0,805589 0,000156
полу 0,735954 0,000143
полураздавленного 2,167317 0,000420
пользуются 2,167317 0,000420
помер 0,963197 0,000187
пометался 2,167317 0,000420
помешанного 1,866287 0,000362
помните 0,690196 0,000134
помню 0,486076 0,000094
помолчав 0,936868 0,000182
помолчал 0,991226 0,000192
помру 1,866287 0,000362
понимает 0,720159 0,000140
понимал 0,554533 0,000323
понимали 1,264227 0,000245
понимаю 0,381987 0,000148
понимают 1,053374 0,000204
понимая 0,787106 0,000153
понял 0,396465 0,000077
попадется 2,167317 0,000420
поперек 1,565257 0,000304
пополуночи 1,866287 0,000362
поправить 1,322219 0,000256
попросят 1,866287 0,000362
пора 0,845098 0,000164
поручениям 1,690196 0,000328
посетителей 0,000000 0,000000
посетители 0,000000 0,000000
посиневших 2,167317 0,000420
поскорей 0,769377 0,000298
после 0,084532 0,000049
последнего 0,635838 0,000247
последнее 0,486076 0,000094
последней 0,623249 0,000121
последний 0,403889 0,000157
последнюю 0,888564 0,000172
последняя 1,088136 0,000422
послушайте 0,787106 0,000153
посмертно 0,000000 0,000000
посмотрел 0,459747 0,000267
посмотрела 1,053374 0,000204
посмотреть 0,704919 0,000137
поспешил 0,845098 0,000164
поспешить 1,468347 0,000285
поставить 1,053374 0,000204
постепенно 1,088136 0,000211
посылках 1,866287 0,000362
потом 0,084532 0,000115
потому 0,024303 0,000019
потоп 1,866287 0,000362
похоже 0,845098 0,000164
похожего 1,690196 0,000328
почему 0,099131 0,000096
почти 0,024303 0,000042
почтовой 1,690196 0,000328
почувствовала 1,468347 0,000285
пошла 0,845098 0,000164
пощелкивая 2,167317 0,000420
правда 0,162996 0,000284
правду 0,443041 0,000172
праве 1,125925 0,000218
правильно 1,167317 0,000226
пред 0,033778 0,000026
предаваться 2,167317 0,000420
предисловий 2,167317 0,000420
предложения 1,690196 0,000328
предмет 0,936868 0,000182
представляется 1,213075 0,000235
представляющего 2,167317 0,000420
предчувствует 1,866287 0,000362
прежде 0,077412 0,000030
прежнею 1,322219 0,000256
прекрасно 0,735954 0,000143
прерывал 1,565257 0,000304
прерывать 1,565257 0,000304
пресмыкающийся 2,167317 0,000420
прибавил 0,275223 0,000320
прибавлю 1,389166 0,000269
прибитого 2,167317 0,000420
приблизил 1,565257 0,000304
приводили 1,565257 0,000304
привскочил 1,468347 0,000285
пригласил 1,213075 0,000235
приговор 1,125925 0,000218
приговора 1,213075 0,000235
приговоренного 1,690196 0,000328
приговоренный 1,866287 0,000362
придвинулся 1,690196 0,000328
приеду 1,264227 0,000245
приезжал 1,389166 0,000539
прижизненно 0,000000 0,000000
признавайтесь 2,167317 0,000420
приказывать 1,866287 0,000362
приключилось 1,468347 0,000285
прикрытого 2,167317 0,000420
примут 1,167317 0,000226
принимает 0,912045 0,000177
приноровилась 2,167317 0,000420
принуждаю 2,167317 0,000841
принял 0,565257 0,000219
припев 2,167317 0,000420
приподнялся 1,264227 0,000490
припоминаю 1,264227 0,000490
припомнил 0,888564 0,000345
природа 1,125925 0,000218
природе 1,125925 0,000218
природой 1,468347 0,000285
прислал 1,053374 0,000204
приставив 2,167317 0,000420
приступить 1,866287 0,000362
притягивал 1,866287 0,000362
прихода 1,213075 0,000235
приходил 0,720159 0,000140
приходили 0,936868 0,000363
приходом 1,389166 0,000269
приходя 1,468347 0,000285
пришел 0,322219 0,000062
пришли 0,704919 0,000137
пришлось 0,769377 0,000149
пробовал 1,468347 0,000285
пробовать 1,866287 0,000362
пробормотал 0,334808 0,000065
пробу 2,167317 0,000420
провалился 1,866287 0,000362
провизию 2,167317 0,000420
провозгласил 0,991226 0,000384
провозглашает 2,167317 0,000420
проворчал 1,389166 0,000269
проговорил 0,154480 0,000060
прогоняет 2,167317 0,000420
программирование 0,000000 0,000000
продолжал 0,292256 0,000057
продолжать 0,690196 0,000134
продолжаю 1,167317 0,000226
продранными 2,167317 0,000420
прожить 1,167317 0,000226
произведение 0,000000 0,000000
произведений 0,000000 0,000000
произведения 0,000000 0,000000
произведет 1,866287 0,000362
произведут 2,167317 0,000420
произвела 1,264227 0,000245
произвели 1,125925 0,000437
производить 1,866287 0,000362
произнес 0,361137 0,000070
произошел 0,888564 0,000172
проклятая 1,468347 0,000285
проникновения 1,690196 0,000328
проснулся 0,963197 0,000374
проспал 1,690196 0,000655
проститься 1,125925 0,000218
просто 0,232819 0,000045
противоречу 1,565257 0,000304
протянул 0,675956 0,000131
протянули 1,690196 0,000328
прочесть 1,088136 0,000633
прочим 0,662167 0,000128
прочитанного 1,866287 0,000362
прочли 1,125925 0,000218
прочту 1,322219 0,000256
прошел 0,662167 0,000128
прошептал 0,675956 0,000393
прошипел 1,690196 0,000328
прошло 0,000000 0,000000
прошлой 1,088136 0,000422
прощения 0,690196 0,000134
прямо 0,118099 0,000046
пряталось 2,167317 0,000420
психологическая 1,866287 0,000362
публикации 0,000000 0,000000
публику 1,213075 0,000235
пугали 1,866287 0,000362
пугливый 2,167317 0,000420
пуговицами 2,167317 0,000420
пускай 1,565257 0,000304
пусть 0,253503 0,000147
пустяки 1,213075 0,000235
пытать 1,866287 0,000362
пятен 2,167317 0,000420
пятимесячная 2,167317 0,000420
пятна 1,389166 0,000269
пятнами 1,866287 0,000362
пять 0,275223 0,000267
работаем 2,167317 0,000420
работают 1,690196 0,000328
работы 1,322219 0,000256
рабочие 2,167317 0,000420
равно 0,303994 0,000236
ради 0,752344 0,000146
раза 0,426955 0,000083
разве 0,146128 0,000028
развертывать 1,866287 0,000362
развиться 2,167317 0,000420
разглядел 0,991226 0,000384
разговоритесь 2,167317 0,000420
разговору 1,125925 0,000218
разгрызенная 2,167317 0,000420
раздавить 1,690196 0,000328
раздавленного 1,690196 0,000328
раздавленный 1,866287 0,000362
раздался 0,805589 0,000156
размера 1,468347 0,000285
разных 0,866287 0,000168
разрешения 0,000000 0,000000
разрешить 1,088136 0,000211
разрознились 2,167317 0,000420
разумеется 0,328468 0,000064
раньше 0,599116 0,000116
раскрыла 1,866287 0,000362
распечатал 1,690196 0,000328
распечатать 1,690196 0,000328
распечатывать 1,565257 0,000304
распечатываю 2,167317 0,000420
расползлись 2,167317 0,000420
распорядившийся 2,167317 0,000420
расправлять 2,167317 0,000420
рассвело 1,565257 0,000304
рассказывал 0,554533 0,000108
рассказывали 0,936868 0,000182
расслабленный 1,690196 0,000328
рассматривал 1,389166 0,000269
рассмотрел 1,264227 0,000245
растолковывали 2,167317 0,000420
растопырят 2,167317 0,000420
расходятся 1,866287 0,000362
рвал 1,866287 0,000362
рванулся 1,565257 0,000304
ребенка 0,787106 0,000153
ревностный 2,167317 0,000420
резко 0,648803 0,000126
решением 1,565257 0,000304
решения 0,991226 0,000192
решетка 1,866287 0,000362
решилась 1,053374 0,000204
решился 0,554533 0,000108
решимостию 2,167317 0,000420
решительном 1,213075 0,000235
робко 0,787106 0,000153
ровно 0,533849 0,000104
рогожин 0,704919 0,000957
рогожина 0,866287 0,000336
родственников 1,565257 0,000304
роковое 1,213075 0,000235
ротшильд 2,167317 0,000420
ротшильда 2,167317 0,000420
рубище 2,167317 0,000420
руками 0,280827 0,000054
руках 0,396465 0,000077
руки 0,167317 0,000097
рукописи 1,690196 0,000328
рукопись 1,690196 0,000655
руку 0,222835 0,000216
румянец 1,565257 0,000304
русская 0,000000 0,000000
рынок 2,167317 0,000420
рядом 0,690196 0,000134
сайте 0,000000 0,000000
сами 0,142011 0,000055
самого 0,118099 0,000069
самое 0,167317 0,000065
самой 0,258832 0,000050
самом 0,114239 0,000044
самые 0,381987 0,000074
самый 0,198834 0,000077
самым 0,280827 0,000054
сбросив 2,167317 0,000420
сверкая 1,468347 0,000569
сверху 0,936868 0,000182
света 0,845098 0,000164
свете 0,426955 0,000083
светлая 1,468347 0,000285
светлее 1,866287 0,000362
свечки 1,468347 0,000285
свидетелям 1,690196 0,000328
свободен 1,690196 0,000328
свободно 0,000000 0,000000
свое 0,150284 0,000058
своего 0,091770 0,000071
своем 0,198834 0,000039
своею 0,443041 0,000086
свои 0,146128 0,000113
своим 0,208276 0,000081
своими 0,495219 0,000096
свою 0,073896 0,000029
сделал 0,381987 0,000074
сделался 1,389166 0,000269
сделать 0,403889 0,000157
сделаться 1,264227 0,000245
сдернули 2,167317 0,000420
себе 0,033778 0,000020
себя 0,005949 0,000015
сегодня 0,000000 0,000000
седых 2,167317 0,000420
сейчас 0,070407 0,000082
секунду 0,824895 0,000160
семидесяти 0,000000 0,000000
семь 0,787106 0,000153
серьезно 0,419129 0,000081
серьезной 1,866287 0,000362
сзади 0,824895 0,000160
сидевшего 1,690196 0,000328
сидел 0,322219 0,000125
сидели 0,963197 0,000187
силился 1,690196 0,000328
сильно 0,292256 0,000170
сильный 0,991226 0,000192
синтаксиса 2,167317 0,000420
скажут 0,963197 0,000560
сказал 0,099131 0,000173
сказали 0,544068 0,000211
сказать 0,073896 0,000029
сказки 1,866287 0,000724
сказок 1,866287 0,000362
скорлупа 2,167317 0,000420
скорлупу 2,167317 0,000420
скорлупчатое 2,167317 0,000420
скоро 0,298086 0,000058
скорпион 2,167317 0,000420
скорпиона 2,167317 0,000420
скучно 1,021189 0,000198
следить 1,264227 0,000245
слишком 0,133894 0,000182
слова 0,129891 0,000176
слово 0,232819 0,000135
словом 0,367977 0,000143
сложить 1,866287 0,000362
слухами 2,167317 0,000420
случившийся 1,690196 0,000328
слушай 0,635838 0,000123
слушайте 0,912045 0,000177
слушателей 1,264227 0,000490
слушать 0,735954 0,000285
слушают 1,690196 0,000328
слышно 0,912045 0,000177
смерти 0,468347 0,000182
смертного 1,690196 0,000328
смертной 1,322219 0,000256
смертный 1,690196 0,000328
смех 0,704919 0,000137
смехом 0,805589 0,000156
смеются 1,021189 0,000198
смеялось 2,167317 0,000420
смеясь 0,787106 0,000305
сморчка 1,866287 0,000362
сморчок 1,866287 0,000362
смотрел 0,298086 0,000116
смотрела 0,769377 0,000149
смотрели 0,769377 0,000149
смотреть 0,477121 0,000278
смотря 0,322219 0,000125
смотрят 1,125925 0,000218
смысл 0,991226 0,000192
снов 1,468347 0,000285
сновал 1,866287 0,000362
сном 0,936868 0,000182
снятся 1,690196 0,000328
собаки 1,264227 0,000245
собаку 1,468347 0,000285
собираете 2,167317 0,000420
собиралась 1,468347 0,000285
собой 0,253503 0,000147
собрание 0,000000 0,000000
собственно 0,565257 0,000110
совершенно 0,180546 0,000210
совсем 0,021189 0,000016
согласен 0,648803 0,000126
согласился 0,735954 0,000285
согласия 0,000000 0,000000
соглашаюсь 1,565257 0,000304
содержанье 2,167317 0,000420
сожалеть 1,565257 0,000304
сока 2,167317 0,000420
солгал 1,053374 0,000204
солнца 0,936868 0,000363
солнце 0,845098 0,000164
сомнения 0,523865 0,000102
соображал 1,213075 0,000235
соображая 1,264227 0,000245
сообразил 0,963197 0,000187
сообщил 0,824895 0,000160
сорвал 1,389166 0,000269
сорок 0,845098 0,000328
состоянии 0,459747 0,000089
сотнями 1,690196 0,000328
сочинение 1,866287 0,000362
сочинений 0,000000 0,000000
сочтет 1,690196 0,000655
сочтут 1,565257 0,000304
спал 0,690196 0,000268
спали 1,468347 0,000285
спасет 1,322219 0,000769
спать 0,635838 0,000123
сплетником 1,690196 0,000328
сплошь 1,125925 0,000218
спокойнее 1,389166 0,000269
спрашивал 0,769377 0,000149
спрашивали 0,963197 0,000187
спрашиваю 0,845098 0,000328
спросил 0,222835 0,000130
спросите 1,125925 0,000437
спросонья 1,866287 0,000362
спятил 1,690196 0,000328
ставят 2,167317 0,000420
стакана 1,468347 0,000285
стал 0,125925 0,000122
стала 0,544068 0,000422
стали 0,322219 0,000125
стало 0,091770 0,000231
станет 0,623249 0,000242
становилось 0,963197 0,000187
становился 0,824895 0,000160
стану 0,662167 0,000128
стараясь 1,021189 0,000198
старшая 1,088136 0,000211
статьи 1,264227 0,000490
статью 1,264227 0,000490
статья 1,322219 0,000513
стеганым 2,167317 0,000420
стена 1,690196 0,000655
стене 1,053374 0,000409
стеной 1,565257 0,000304
стену 1,125925 0,000218
степени 0,389166 0,000151
стоит 0,316059 0,000306
стол 0,486076 0,000660
стола 0,675956 0,000262
столу 0,752344 0,000146
столько 0,477121 0,000093
стороны 0,185046 0,000036
страницы 2,167317 0,000420
странная 0,824895 0,000160
странное 0,690196 0,000134
странные 0,824895 0,000160
странным 0,752344 0,000292
страха 0,824895 0,000160
страхе 0,991226 0,000192
страшные 1,053374 0,000204
строк 1,565257 0,000304
строчки 1,468347 0,000285
студента 1,690196 0,000328
стул 0,648803 0,000377
стула 0,735954 0,000285
стуле 0,805589 0,000312
стыд 0,912045 0,000177
стыдно 0,504560 0,000196
судорожнее 2,167317 0,000420
судьба 0,866287 0,000168
судьбы 0,991226 0,000192
суета 1,866287 0,000362
суетится 2,167317 0,000420
суетящегося 2,167317 0,000420
сумасшедший 0,805589 0,000156
сумел 0,936868 0,000363
суриков 1,866287 0,000362
существо 0,690196 0,000134
сущности 0,752344 0,000146
схватил 0,533849 0,000104
схватила 0,912045 0,000177
схватился 1,389166 0,000808
сходном 2,167317 0,000420
сходят 1,690196 0,000328
счастлив 0,963197 0,000187
счастье 0,787106 0,000153
счастья 0,888564 0,000172
считал 0,648803 0,000126
считали 1,167317 0,000226
таинственное 1,565257 0,000304
таинственность 1,866287 0,000362
тайна 0,963197 0,000934
такая 0,309985 0,000060
также 0,000000 0,000000
таки 0,066947 0,000065
такие 0,232819 0,000135
таким 0,243038 0,000047
таких 0,243038 0,000094
такого 0,243038 0,000047
такое 0,114239 0,000199
такой 0,077412 0,000045
таком 0,309985 0,000060
таракана 1,565257 0,000304
текст 0,000000 0,000000
темный 1,690196 0,000328
теперешнего 1,322219 0,000256
теперь 0,015029 0,000085
терпения 1,690196 0,000328
террасе 1,213075 0,000235
течение 1,088136 0,000211
тешился 2,167317 0,000420
тихо 0,354404 0,000137
тогда 0,050046 0,000087
того 0,005949 0,000008
тоже 0,043466 0,000042
толкнул 1,389166 0,000269
толщиной 2,167317 0,000841
только 0,002964 0,000007
томах 0,000000 0,000000
тому 0,095435 0,000074
томы 2,167317 0,000420
тоньше 2,167317 0,000420
торжественная 2,167317 0,000841
торжествующее 2,167317 0,000420
торопливо 1,167317 0,000226
торопясь 1,021189 0,000198
тотчас 0,046743 0,000036
точно 0,121994 0,000237
точности 0,866287 0,000168
тратить 1,565257 0,000304
тревога 1,264227 0,000245
тревожно 1,213075 0,000235
трезубца 2,167317 0,000420
трем 1,264227 0,000245
трескучий 2,167317 0,000420
третий 0,544068 0,000106
третьего 0,662167 0,000128
третьем 1,167317 0,000226
третья 0,486076 0,000189
тридцать 0,769377 0,000149
тронула 1,690196 0,000328
тротуарам 1,866287 0,000362
трудимся 2,167317 0,000420
трудятся 2,167317 0,000420
туловища 2,167317 0,000841
туловище 2,167317 0,000420
тягость 2,167317 0,000420
тяжело 0,565257 0,000110
убедился 0,963197 0,000187
убеждение 0,824895 0,000480
убеждением 1,213075 0,000235
убеждении 1,264227 0,000245
убеждения 0,991226 0,000384
убеждениям 1,690196 0,000328
убог 2,167317 0,000420
уверен 0,635838 0,000370
уверены 0,805589 0,000312
уверяю 0,648803 0,000126
увидать 1,264227 0,000245
увидел 0,648803 0,000252
увидите 0,769377 0,000298
угадал 1,125925 0,000218
угадать 1,021189 0,000198
угадывать 1,468347 0,000285
угла 0,963197 0,000187
углом 1,565257 0,000304
углу 0,599116 0,000116
углы 1,690196 0,000328
уговорил 1,565257 0,000304
угрюмая 1,866287 0,000362
угрюмого 1,866287 0,000362
удалимся 2,167317 0,000420
удалиться 1,866287 0,000362
удивило 1,264227 0,000245
удивительная 1,468347 0,000285
удивлением 0,523865 0,000102
удивлении 0,936868 0,000182
удивляюсь 0,912045 0,000177
удовольствием 0,704919 0,000137
ужалит 2,167317 0,000420
ужалить 2,167317 0,000841
ужас 0,866287 0,000168
ужаснее 1,389166 0,000269
ужаснейшие 2,167317 0,000420
ужасно 0,167317 0,000130
ужасное 1,167317 0,000453
ужасною 1,866287 0,000362
ужасную 1,213075 0,000235
ужасный 0,991226 0,000192
узнавать 1,389166 0,000269
узнаете 1,213075 0,000235
узнал 0,381987 0,000074
указательный 2,167317 0,000420
улица 1,690196 0,000328
улицу 0,735954 0,000285
улыбка 0,936868 0,000182
улыбке 1,565257 0,000304
улыбкой 0,468347 0,000182
улыбнулся 0,533849 0,000104
улягусь 2,167317 0,000420
умел 0,866287 0,000168
умер 0,662167 0,000128
умереть 0,936868 0,000727
умерла 0,963197 0,000560
умершим 0,000000 0,000000
умеют 1,167317 0,000453
умирать 1,389166 0,000808
умрете 1,866287 0,000362
умру 0,805589 0,000156
унизил 1,565257 0,000304
унимавшуюся 2,167317 0,000420
упираясь 1,866287 0,000362
упор 0,963197 0,000187
упорством 1,565257 0,000304
усевшийся 1,866287 0,000362
уселись 1,264227 0,000245
усика 1,866287 0,000724
усиков 2,167317 0,000420
усилием 1,389166 0,000269
услышал 0,824895 0,000160
усмехнулся 0,443041 0,000086
успела 0,824895 0,000160
усталый 1,389166 0,000269
устроиться 1,389166 0,000269
утвердительно 1,125925 0,000218
утверждает 1,389166 0,000269
утверждаю 1,213075 0,000235
утихать 2,167317 0,000420
утра 0,576253 0,000223
утро 0,662167 0,000128
утром 0,411442 0,000239
уцепилась 1,866287 0,000362
ученика 1,690196 0,000328
ушли 1,021189 0,000198
факт 0,675956 0,000131
факты 0,991226 0,000192
федор 0,000000 0,000000
фердыщенка 1,322219 0,000256
фердыщенко 1,088136 0,000211
физическую 1,565257 0,000304
фомич 1,690196 0,000328
фразы 1,322219 0,000256
франц 0,635838 0,000123
хватая 1,565257 0,000304
хвоста 1,866287 0,001086
хвостик 1,866287 0,000362
хвостом 1,322219 0,000513
хвосту 1,866287 0,000362
хитрое 1,565257 0,000304
хлеба 0,912045 0,000177
хнычет 1,866287 0,000362
хороша 0,963197 0,000187
хорошенький 1,389166 0,000269
хорошие 1,322219 0,000256
хорошо 0,189594 0,000037
хотел 0,158717 0,000154
хотелось 0,381987 0,000074
хотите 0,419129 0,000081
хоть 0,060107 0,000035
хотя 0,050046 0,000029
хотят 0,735954 0,000143
хочет 0,322219 0,000125
хочу 0,243038 0,000094
христианин 1,565257 0,000304
христианином 1,866287 0,000362
целей 1,389166 0,000269
целую 0,735954 0,000143
целые 0,787106 0,000611
целый 0,486076 0,000189
целым 1,167317 0,000226
цеплялся 2,167317 0,000420
цепляясь 1,866287 0,000362
церемонии 1,125925 0,000437
церемониться 1,866287 0,000362
часа 0,000000 0,000000
часть 0,002964 0,000001
часу 0,720159 0,000559
часы 0,805589 0,000156
чахотка 1,264227 0,000245
чахотке 1,690196 0,000328
чахоточные 1,866287 0,000362
чахоточный 1,565257 0,000304
чего 0,040213 0,000039
человека 0,154480 0,000090
человеческой 1,125925 0,000437
чему 0,341243 0,000265
черепа 2,167317 0,000420
черного 1,866287 0,000362
черный 1,565257 0,000304
черт 0,477121 0,000278
черта 0,845098 0,000328
честное 1,088136 0,000211
честь 0,554533 0,000108
четыре 0,477121 0,000185
число 0,000000 0,000000
чистый 1,213075 0,000235
читаем 0,000000 0,000000
читайте 1,468347 0,000285
читал 0,735954 0,000143
читали 1,167317 0,000226
читатель 1,322219 0,000256
читать 0,000000 0,000000
членами 1,866287 0,000362
чрез 0,275223 0,000053
чрезвычайное 0,735954 0,000143
чрезвычайною 0,991226 0,000192
чрезвычайную 1,322219 0,000256
чрезвычайным 0,720159 0,000279
чтение 1,389166 0,001347
чтением 1,690196 0,000655
чтения 1,468347 0,000569
чтоб 0,073896 0,000029
чтобы 0,030597 0,000042
чувствам 1,389166 0,000269
чувствовать 1,125925 0,000437
чудовище 1,866287 0,000362
чужого 1,322219 0,000256
чуть 0,176091 0,000171
чьего 0,000000 0,000000
чьей 2,167317 0,000420
чьим 1,690196 0,000328
шампанского 0,991226 0,000192
шевелилась 1,690196 0,000328
шевелились 1,866287 0,000362
шелест 2,167317 0,000420
шелковым 1,565257 0,000304
шепотом 0,675956 0,000131
шестидесяти 1,389166 0,000269
шесть 0,611015 0,000592
шестьдесят 1,167317 0,000226
широкая 1,866287 0,000362
шкаф 1,565257 0,000607
шныряющего 2,167317 0,000420
щеголеватостию 2,167317 0,000420
щеках 1,167317 0,000453
экипаж 1,389166 0,000269
экспансивностью 2,167317 0,000420
эпиграф 2,167317 0,000841
эпизод 1,167317 0,000226
этим 0,189594 0,000074
этого 0,053374 0,000052
этой 0,118099 0,000092
этом 0,046743 0,000045
этот 0,011981 0,000014
этою 0,599116 0,000116
эффект 1,389166 0,000269
эффекта 1,565257 0,000304
явилось 1,167317 0,000226
ядовитое 2,167317 0,000420
язык 1,167317 0,000453
ярких 2,167317 0,000420
яснее 1,213075 0,000235
ясно 0,354404 0,000137
