автор 0,000000 0,000000
авторский 0,000000 0,000000
аграфена 0,912045 0,000174
александрович 0,504560 0,000096
алексеевич 0,963197 0,000184
алексей 0,000000 0,000000
алеш 0,328468 0,000125
андрей 1,468347 0,002799
аппетит 1,389166 0,000265
арбуз 2,167317 0,000826
армяк 1,866287 0,000356
ахинея 1,389166 0,000265
бабушка 1,322219 0,000252
бакалейный 2,167317 0,000413
бакалея 2,167317 0,000826
баловство 1,690196 0,000322
барин 0,787106 0,000150
барыня 0,704919 0,000269
батюшка 0,635838 0,000242
бегать 0,912045 0,000174
бедный 0,328468 0,000125
бежать 0,434924 0,000249
безгласный 1,565257 0,000298
белый 0,720159 0,000275
бельё 0,845098 0,000161
беспокоиться 0,514105 0,000196
беспокойный 0,824895 0,000157
беспокойство 0,514105 0,000196
беспорядок 0,787106 0,000300
библиотека 1,866287 0,001067
биллиард 1,690196 0,000644
бить 0,769377 0,000147
благодарность 0,991226 0,000189
благословить 0,735954 0,000140
благословлять 1,053374 0,000201
бледный 0,443041 0,000169
близкий 0,477121 0,000091
бог 0,154480 0,000147
богатый 0,587534 0,000112
боков 1,264227 0,000482
более 0,000000 0,000000
болоночка 2,167317 0,000826
больший 0,248239 0,000047
большой 0,056728 0,000097
бормотать 0,662167 0,000252
бородёнка 1,468347 0,000280
бояться 0,158717 0,000030
браво 1,167317 0,000223
брат 0,060107 0,000080
брать 0,486076 0,000093
бредить 0,912045 0,000174
бросать 0,787106 0,000150
бросить 0,269690 0,000103
броситься 0,258832 0,000049
бубенчик 2,167317 0,000413
будто 0,099131 0,000057
бумажка 0,845098 0,001289
бутылка 0,845098 0,000644
бухнуться 1,866287 0,000356
быстро 0,232819 0,000133
быть 0,000000 0,000000
варвара 0,845098 0,000161
ваш 0,121994 0,000116
вбежать 1,021189 0,000779
ввязаться 1,088136 0,000207
вдруг 0,005949 0,000033
вдумчиво 1,389166 0,000530
ведь 0,043466 0,000083
велеть 0,576253 0,000330
великолепный 0,824895 0,000157
вернуться 0,963197 0,000184
вероятно 0,623249 0,000119
верх 0,963197 0,000184
верхний 1,053374 0,000201
вестись 1,565257 0,000298
весь 0,002964 0,000013
весьма 0,243038 0,000046
весёлый 0,389166 0,000074
ветчина 2,167317 0,000413
вечно 0,824895 0,000314
взвизгнуть 1,125925 0,000215
взглянуть 0,468347 0,000089
вздор 0,565257 0,001293
вздрогнуть 0,486076 0,000093
вздумать 0,720159 0,000137
взлететь 2,167317 0,001239
взорвать 1,565257 0,000298
взять 0,077412 0,000089
видать 0,419129 0,000080
видеть 0,027438 0,000047
видимо 0,328468 0,000063
видно 0,504560 0,000192
визит 0,845098 0,000161
вино 0,752344 0,000574
висок 1,167317 0,000223
вкатить 1,565257 0,000597
вложить 1,264227 0,000241
вместе 0,208276 0,000119
вместо 0,411442 0,000157
внезапный 0,533849 0,000204
вовсе 0,150284 0,000086
вода 0,587534 0,000224
водка 1,167317 0,000668
возле 1,565257 0,000298
вознаграждение 0,000000 0,000000
войти 0,137934 0,000184
волочь 2,167317 0,000413
волшебница 1,866287 0,000356
воображение 1,125925 0,000215
вопить 1,322219 0,000252
вопрос 0,146128 0,000139
вопросительно 1,167317 0,000445
ворота 0,720159 0,000275
воротиться 0,303994 0,000116
воскликнуть 0,269690 0,000051
восторг 0,419129 0,000080
восторжный 2,167317 0,000413
восьмой 0,888564 0,000339
вперёд 0,426955 0,000081
впиться 1,053374 0,000201
вполне 0,316059 0,000060
впопыхах 1,389166 0,000265
впредь 0,752344 0,000143
впрочем 0,118099 0,000023
вразбивку 2,167317 0,000413
время 0,018098 0,000028
всадить 1,866287 0,000356
всегда 0,129891 0,000050
вскочить 0,451314 0,000172
вскрикнуть 0,611015 0,000349
вскричать 0,253503 0,000145
вслед 0,523865 0,000100
вслух 0,533849 0,000102
всполохнуться 1,690196 0,000322
вспомнить 0,434924 0,000166
вспыхнуть 0,805589 0,000154
встать 0,269690 0,000206
встретить 0,459747 0,000175
всыпать 1,690196 0,000322
всякий 0,106619 0,000081
вход 0,752344 0,000143
входить 0,477121 0,000091
вчетверо 2,167317 0,000413
вы 0,232819 0,000222
выбросить 1,690196 0,000322
выдернуть 1,690196 0,000322
выйти 0,063514 0,000048
выкатить 1,690196 0,000322
выложить 1,264227 0,000241
вымыться 2,167317 0,000413
вынуть 0,451314 0,000086
выпилить 1,389166 0,000530
выпить 0,704919 0,001344
выплата 0,000000 0,000000
выпучить 1,167317 0,000223
выражение 0,514105 0,000098
вырваться 0,565257 0,000108
высечь 1,264227 0,000241
выслушать 0,426955 0,000163
высокий 0,213075 0,000203
выставить 0,845098 0,000161
вытащить 0,991226 0,000189
вытирать 1,866287 0,001067
выхватить 1,125925 0,000215
выход 0,769377 0,000293
выходить 0,258832 0,000049
гамлет 1,565257 0,000298
главное 0,185046 0,000106
главный 0,426955 0,000081
гладкий 1,468347 0,000280
глаз 0,056728 0,000065
глазок 0,805589 0,000154
глубокий 0,477121 0,000091
глупый 0,419129 0,000080
глухой 1,213075 0,000231
глядеть 0,243038 0,000232
гневно 1,264227 0,000241
говорить 0,011981 0,000027
год 0,292256 0,000056
голова 0,114239 0,000022
голубчик 0,565257 0,000754
гора 0,805589 0,000307
горацио 2,167317 0,000413
горевать 1,264227 0,000241
горлан 2,167317 0,000413
горло 1,213075 0,000462
город 0,248239 0,000142
горячий 0,523865 0,000100
господин 0,208276 0,000040
господь 0,374926 0,000071
гостинец 1,389166 0,000265
гость 0,434924 0,000166
готовность 1,088136 0,000207
готовый 0,367977 0,000281
григорий 0,648803 0,000124
громко 0,504560 0,000096
грош 1,125925 0,000215
грустно 0,735954 0,000561
грустный 0,735954 0,000140
груша 1,322219 0,000252
грушенек 0,787106 0,000450
грушенький 1,088136 0,000415
грушенькинов 2,167317 0,000413
грязный 0,824895 0,000157
давать 0,253503 0,000097
давеча 0,232819 0,000266
давешний 0,611015 0,000116
даже 0,005949 0,000008
далёкий 0,411442 0,000235
дама 0,434924 0,000083
даром 0,769377 0,000147
дать 0,171682 0,000196
два 0,198834 0,000038
двадцать 0,303994 0,000116
дверь 0,258832 0,000049
двугривенный 1,322219 0,000504
девать 1,690196 0,000322
девка 1,021189 0,000389
девятый 0,991226 0,000189
девять 0,888564 0,000339
действительно 0,106619 0,000041
дело 0,011981 0,000014
ден 1,866287 0,000356
денежка 1,322219 0,000252
день 0,118099 0,000068
деньга 0,185046 0,000635
деревенский 1,264227 0,000241
держать 0,403889 0,000308
десятирублёвый 2,167317 0,000826
десять 0,298086 0,000227
дивиться 0,787106 0,000150
дикарь 1,866287 0,001067
дикий 0,720159 0,000275
дико 1,167317 0,000445
длинно 1,322219 0,000252
дмитрий 0,396465 0,001209
добиваться 1,389166 0,000265
доверчивость 1,213075 0,000462
довольно 0,129891 0,000173
довольный 0,495219 0,000283
догадаться 0,554533 0,000106
докончить 0,888564 0,000169
долгий 0,720159 0,000137
должный 0,099131 0,000057
дом 0,154480 0,000118
домой 0,459747 0,000088
дорога 0,275223 0,000367
дорогой 0,451314 0,000172
досада 0,675956 0,000129
доставить 1,021189 0,000195
достоевский 0,000000 0,000000
достояние 0,000000 0,000000
достучаться 1,565257 0,000597
дотрогиваться 1,690196 0,000322
драть 1,088136 0,000207
дрожать 0,426955 0,000163
друг 0,180546 0,000034
другой 0,008955 0,000007
думать 0,060107 0,000034
дурак 0,611015 0,000233
дурной 0,611015 0,000116
дух 0,486076 0,000463
душа 0,158717 0,000061
дюжина 2,167317 0,002066
дюжинка 1,866287 0,000356
дядька 2,167317 0,001239
едва 0,554533 0,000106
езда 1,866287 0,000712
ездить 0,690196 0,000263
елисеев 1,866287 0,000356
если 0,011981 0,000014
есть 0,018098 0,000014
ехать 0,587534 0,000224
жар 0,587534 0,000224
ждать 0,142011 0,000054
желание 0,514105 0,000098
желать 0,232819 0,000133
женский 0,623249 0,000238
женщина 0,213075 0,000244
живить 1,389166 0,000265
живо 1,389166 0,000265
жизнь 0,084532 0,000274
жилет 1,213075 0,000231
жилетный 1,389166 0,000265
жить 0,217927 0,000042
забить 2,167317 0,000413
забор 0,866287 0,000661
забота 0,824895 0,000157
забрать 1,565257 0,000298
забывать 0,824895 0,000157
забыть 0,125925 0,000192
завопить 0,769377 0,000293
завтра 0,298086 0,000341
завтрашний 1,021189 0,000195
загадать 1,690196 0,000644
загадка 0,787106 0,000300
загадывать 1,565257 0,000298
загнуть 1,866287 0,000356
заговорить 0,334808 0,000191
загореться 0,912045 0,000174
загубить 1,690196 0,000322
задний 1,021189 0,000584
задумчиво 0,912045 0,000174
зажать 1,468347 0,000280
зазвенеть 1,213075 0,000231
закатиться 2,167317 0,000413
заколотить 2,167317 0,000826
закончить 0,824895 0,000157
закормить 2,167317 0,000413
закочевать 2,167317 0,000413
закричать 0,434924 0,000083
закуска 1,264227 0,000241
заложить 0,888564 0,000339
залюбопытствовать 1,866287 0,000356
замереть 1,021189 0,000195
заметить 0,056728 0,000065
замуж 0,735954 0,000140
занести 1,322219 0,000252
запачкать 1,322219 0,000756
запачкаться 1,690196 0,000322
запереть 0,735954 0,000140
запереться 1,213075 0,000231
запирать 1,468347 0,000560
запоить 2,167317 0,000413
запомнить 0,576253 0,000110
запыхаться 1,690196 0,000322
заряд 1,690196 0,000322
заряжать 1,866287 0,001067
заскорузнуть 2,167317 0,000413
засмеяться 0,347773 0,000066
засуетиться 1,565257 0,000298
засыхать 2,167317 0,000413
затем 0,237898 0,000091
затихнуть 0,912045 0,000348
захватить 0,587534 0,000112
заходить 0,611015 0,000116
зачем 0,146128 0,000167
защититься 1,866287 0,000356
заявлять 0,991226 0,000189
звать 0,419129 0,000080
звук 1,053374 0,000201
здесь 0,095435 0,000109
земля 0,298086 0,000057
зеркало 1,125925 0,000215
златокудрый 1,690196 0,000644
злиться 1,167317 0,000223
злоба 0,523865 0,000100
злобно 0,599116 0,000228
знать 0,002964 0,000008
значит 0,243038 0,000093
золотой 0,805589 0,000307
зрачок 1,866287 0,000356
иванович 0,269690 0,000051
игра 0,787106 0,000150
играть 0,599116 0,000228
идти 0,180546 0,000275
известие 0,554533 0,000106
изволить 0,477121 0,000091
излагать 1,264227 0,000241
изменчивый 2,167317 0,000413
измучить 1,021189 0,000195
изнутри 1,690196 0,000322
икра 2,167317 0,000413
ильич 1,322219 0,013862
именно 0,066947 0,000026
интересно 1,213075 0,000231
интересоваться 0,787106 0,000150
использоваться 0,000000 0,000000
испуг 0,554533 0,000423
испуганный 0,752344 0,000287
испугаться 0,523865 0,000100
исступление 0,565257 0,000108
истерика 0,752344 0,000143
источник 1,565257 0,000298
истребить 1,213075 0,000231
итог 1,565257 0,000298
ихний 0,963197 0,000184
йорик 2,167317 0,001239
каждый 0,137934 0,000079
казаться 0,063514 0,000012
казна 2,167317 0,000826
казнить 1,021189 0,000389
каковой 0,576253 0,000110
какой 0,005949 0,000022
каламбурить 2,167317 0,000826
капитан 0,769377 0,000440
капля 1,053374 0,000201
карамазов 0,180546 0,000206
карман 0,396465 0,000982
квартировать 1,565257 0,000298
кинуть 1,389166 0,000265
кинуться 0,991226 0,000189
кланяться 1,053374 0,000402
ключик 1,866287 0,000356
книга 0,106619 0,000061
ковёр 1,322219 0,000252
когда 0,015029 0,000029
коли 0,269690 0,000206
колокольчик 1,053374 0,000402
командовать 1,468347 0,000280
комар 0,000000 0,000000
комиссия 1,690196 0,000322
комната 0,150284 0,000057
комок 1,690196 0,000322
конечно 0,060107 0,000046
конфета 1,389166 0,000794
кончаться 1,468347 0,000280
конченый 0,963197 0,000184
кончить 0,328468 0,000063
коньяк 1,264227 0,000482
коньячок 1,167317 0,000223
копчёный 2,167317 0,000413
который 0,002964 0,000005
кофе 1,468347 0,000280
кошелёк 1,468347 0,000280
край 0,936868 0,000357
красный 0,611015 0,000233
красть 1,565257 0,000298
кредит 1,690196 0,000322
кредитка 1,167317 0,000890
крепко 0,443041 0,000084
крик 0,514105 0,000098
крикнуть 0,292256 0,000334
кричать 0,303994 0,000116
кровавый 1,264227 0,000241
кровь 0,389166 0,001113
кроме 0,158717 0,000030
кротко 1,322219 0,000252
крошечка 2,167317 0,000413
крошечный 1,213075 0,000231
крупный 1,088136 0,000207
круто 1,322219 0,000252
крякнуть 1,565257 0,000298
кстати 0,468347 0,000179
кто 0,114239 0,000131
кувшин 1,565257 0,000298
куда 0,248239 0,000331
кусочек 1,565257 0,000298
кутить 1,468347 0,000560
кутёж 1,021189 0,000195
кухарка 1,213075 0,000231
кухня 0,888564 0,000339
куча 1,322219 0,000504
лавка 0,787106 0,001500
ладный 1,690196 0,000322
лапка 1,565257 0,000298
ласковый 0,991226 0,000189
левый 0,704919 0,000269
легковерный 1,690196 0,000322
леденец 1,690196 0,000322
лежать 0,243038 0,000139
либо 0,000000 0,000000
литература 1,468347 0,000280
лихо 1,468347 0,000280
лицо 0,000000 0,000000
лишь 0,185046 0,000035
ложиться 0,824895 0,000157
локоть 1,088136 0,000207
лужа 1,690196 0,000322
любить 0,066947 0,000153
любой 0,000000 0,000000
любопытство 0,361137 0,000207
магазин 1,866287 0,000712
маленький 0,185046 0,000071
мало 0,208276 0,000119
малый 0,334808 0,000064
мальчик 0,411442 0,000314
мальчишка 0,752344 0,000143
марш 1,690196 0,000644
мастрюк 2,167317 0,000826
мать 0,217927 0,000125
машинально 1,053374 0,000402
мгновение 0,316059 0,000060
мелкий 0,690196 0,000132
менее 0,635838 0,000121
мерещиться 0,866287 0,000165
мерзко 1,866287 0,000356
мертвец 1,264227 0,000241
местечко 1,565257 0,000298
место 0,099131 0,000076
месяц 0,264227 0,000151
мигом 0,504560 0,000096
милый 0,322219 0,000430
мимо 0,514105 0,000098
минута 0,050046 0,000057
минутный 1,468347 0,000280
митенька 1,264227 0,000964
митя 0,451314 0,004990
миша 1,690196 0,005477
можно 0,088136 0,000034
мозг 1,021189 0,000584
мой 0,077412 0,000015
мокрый 0,675956 0,001417
молодой 0,222835 0,000085
молчание 0,662167 0,000126
молчать 0,248239 0,000047
момент 0,000000 0,000000
монпансье 2,167317 0,001239
морозов 1,322219 0,000252
мочь 0,000000 0,000000
мужик 0,675956 0,000258
мутиться 1,866287 0,000356
мучить 0,419129 0,000080
мчаться 1,866287 0,000356
мысль 0,114239 0,000022
мыться 2,167317 0,000826
наблюдать 0,587534 0,000112
навеки 0,648803 0,000124
наверно 0,264227 0,000050
надевать 1,213075 0,000231
наделать 0,963197 0,000551
надеяться 0,434924 0,000083
надо 0,036984 0,000049
надуть 1,021189 0,000195
нажить 1,264227 0,000241
назад 0,000000 0,000000
назар 1,866287 0,000356
название 1,088136 0,000207
называть 0,477121 0,000091
найти 0,298086 0,000114
наказуй 1,866287 0,000356
наказывать 1,690196 0,000322
накрыть 0,963197 0,000184
намылить 1,866287 0,000712
написать 0,000000 0,000000
напиться 1,167317 0,000445
наплевать 1,125925 0,000215
напоказ 1,565257 0,000298
направиться 0,787106 0,000150
напротив 0,180546 0,000034
нарочно 0,227798 0,000043
насекомое 1,565257 0,000298
наслать 0,805589 0,000154
насмерть 2,167317 0,000413
настаивать 0,565257 0,000108
натурально 0,991226 0,000189
наука 0,787106 0,000150
нахмуриться 0,769377 0,000293
начало 0,243038 0,000046
начать 0,066947 0,000064
начаться 0,514105 0,000098
начинать 0,292256 0,000056
наш 0,118099 0,000113
небось 0,912045 0,000348
неделя 0,374926 0,000071
недоверчиво 1,264227 0,000241
недоставать 1,088136 0,000207
недоумение 0,554533 0,000211
недурной 1,468347 0,000280
незнакомый 1,125925 0,000215
некогда 0,912045 0,000522
нельзя 0,176091 0,000034
немного 0,426955 0,000081
ненавистный 0,805589 0,000307
необходимый 0,599116 0,000228
неожиданно 0,523865 0,000100
неожиданный 0,419129 0,000080
неподвижно 0,936868 0,000179
непреклонный 1,866287 0,000356
непременно 0,133894 0,000051
непреодолимый 1,389166 0,000265
неробкий 1,866287 0,000356
несколько 0,095435 0,000036
нетерпеливый 0,752344 0,000143
нетерпение 0,554533 0,000211
неуверенный 2,167317 0,000413
неужели 0,389166 0,000074
неужто 0,599116 0,000114
нечего 0,381987 0,000146
нибыть 0,030597 0,000017
никогда 0,088136 0,000034
никто 0,095435 0,000073
ничего 0,030597 0,000064
новый 0,167317 0,000064
нога 0,213075 0,000081
ноготь 1,565257 0,000298
ножка 0,912045 0,000348
ночь 0,189594 0,000108
нрав 1,167317 0,000445
нравиться 0,611015 0,000116
нужно 0,514105 0,000098
обеднеть 2,167317 0,000413
обернуться 0,576253 0,000110
обидеть 0,720159 0,000275
облечься 2,167317 0,000413
обозлить 2,167317 0,000413
обратиться 0,316059 0,000120
обратно 0,675956 0,000129
обсчитать 1,866287 0,000356
обтереться 2,167317 0,000413
обшлаг 1,866287 0,000712
общественный 0,000000 0,000000
объяснить 0,374926 0,000143
овладеть 0,912045 0,000174
ограбить 0,912045 0,000174
огрызнуться 1,468347 0,000280
один 0,000000 0,000000
однако 0,102859 0,000059
одуматься 1,389166 0,000265
ожидать 0,264227 0,000050
оказаться 0,275223 0,000105
окончание 1,264227 0,000241
окончательно 0,565257 0,000108
окошко 1,021189 0,000195
окровавленный 1,264227 0,000723
он 0,000000 0,000000
они 0,275223 0,000052
опасно 1,389166 0,000265
опоздать 0,866287 0,000165
опубликовать 0,000000 0,000000
опуститься 0,888564 0,000169
опять 0,027438 0,000084
осенить 1,690196 0,000322
осердиться 1,167317 0,000223
особенно 0,129891 0,000025
особо 1,468347 0,000280
особый 0,565257 0,000108
остальной 0,367977 0,000070
остановиться 0,269690 0,000051
остаться 0,133894 0,000102
остервенение 1,389166 0,000265
ответить 0,121994 0,000093
отвечать 0,258832 0,000148
отдать 0,381987 0,000291
отец 0,091770 0,000017
откликнуться 1,565257 0,000298
откровенный 0,866287 0,000165
откуда 0,514105 0,000294
откупорить 1,468347 0,000280
отлично 0,805589 0,000154
отмыть 2,167317 0,000413
отнести 1,468347 0,000280
отношение 0,623249 0,000119
отнять 0,888564 0,000169
отозваться 0,936868 0,000179
отомкнуть 1,866287 0,000356
отправиться 0,611015 0,000233
отправляться 1,088136 0,000207
отрапортовать 1,468347 0,000280
отрезать 0,599116 0,000114
отрезвить 2,167317 0,000413
отстать 1,088136 0,000207
отсыпать 2,167317 0,001653
офицер 0,752344 0,000860
оформление 0,000000 0,000000
охота 1,021189 0,000195
очень 0,024303 0,000028
очутиться 0,675956 0,000129
павлович 0,286504 0,000055
пакля 2,167317 0,000413
палец 0,486076 0,000371
панталоны 1,322219 0,000252
парень 1,125925 0,000215
партия 1,322219 0,001008
партнёр 1,866287 0,000356
пачка 0,963197 0,001285
первый 0,018098 0,000010
перебить 0,486076 0,000278
переводиться 1,565257 0,000298
переврать 2,167317 0,001653
передний 0,963197 0,000551
перейти 0,000000 0,000000
переложить 1,322219 0,000252
переменить 0,845098 0,000161
перепугать 1,866287 0,000356
перервать 1,866287 0,000356
перескочить 0,991226 0,000189
перо 1,167317 0,000223
перхотин 1,053374 0,000402
пирог 1,690196 0,000644
писать 0,419129 0,000080
пистолет 0,805589 0,002457
письмо 0,434924 0,000083
платок 0,675956 0,000773
плетёный 1,565257 0,000298
плотненький 2,167317 0,000413
плотников 1,389166 0,001589
плохо 0,912045 0,000174
плохой 0,533849 0,000102
площадь 0,888564 0,000339
плюнуть 0,936868 0,000179
поверить 0,347773 0,000066
повернуть 1,088136 0,000207
повернуться 0,495219 0,000094
поглядеть 0,396465 0,000151
поговорить 0,805589 0,000307
погрузиться 1,565257 0,000298
погубить 0,936868 0,000714
подать 0,451314 0,000258
подборка 0,000000 0,000000
поддёвка 1,565257 0,000298
поди 1,125925 0,000215
подлец 0,554533 0,000211
подливать 2,167317 0,000413
подлинно 1,468347 0,000280
подлый 0,675956 0,000258
подмигнуть 1,565257 0,000597
поднять 0,396465 0,000151
подняться 0,443041 0,000084
подождать 0,587534 0,000112
подойти 0,341243 0,000130
подрать 2,167317 0,000413
подраться 1,389166 0,001589
подробность 0,477121 0,000182
подскочить 0,991226 0,000189
подумать 0,185046 0,000106
подъезжать 1,866287 0,000356
поехать 0,576253 0,000659
пожалуй 0,237898 0,000181
пожалуйста 0,662167 0,000126
пожелание 1,565257 0,000298
пожелать 0,675956 0,000258
позволить 0,264227 0,000151
поздний 0,963197 0,000367
поздно 0,735954 0,000421
поиграть 1,690196 0,000322
пойти 0,080958 0,000108
показать 0,292256 0,000056
показывать 0,514105 0,000196
поклон 0,787106 0,000300
поклониться 0,662167 0,000126
покончить 0,769377 0,000147
покрыть 1,468347 0,000280
покупатель 2,167317 0,000413
пол 0,704919 0,000134
полдороги 2,167317 0,000413
полдюжины 1,690196 0,000322
ползать 1,468347 0,000280
полка 1,264227 0,000241
половина 0,396465 0,000076
положение 0,459747 0,000175
положить 0,403889 0,000539
полотенце 1,322219 0,000252
полслова 1,468347 0,000280
получение 1,213075 0,000231
получить 0,309985 0,000059
полчаса 0,752344 0,000143
полюбить 0,635838 0,000121
помалу 0,675956 0,000258
помешать 0,963197 0,000184
помещик 0,805589 0,000154
помиловать 0,735954 0,000281
поминать 1,088136 0,000207
помириться 1,021189 0,000584
помнить 0,167317 0,000191
помогать 0,845098 0,000161
помолчать 0,648803 0,000124
помочь 0,587534 0,000112
понимать 0,095435 0,000036
понятно 0,936868 0,000179
понять 0,106619 0,000122
попробовать 0,866287 0,000165
пороть 1,468347 0,000280
порох 1,264227 0,000241
порочный 1,565257 0,000298
портить 1,565257 0,000298
порядок 0,704919 0,000672
посетитель 0,991226 0,000378
посещение 0,888564 0,000169
послать 0,309985 0,000118
последний 0,066947 0,000064
последовать 0,824895 0,000157
послушать 0,662167 0,000126
посмертно 0,000000 0,000000
посмотреть 0,213075 0,000203
поспеть 1,053374 0,000201
поспешить 0,704919 0,000134
поспешно 0,866287 0,000165
поспешность 1,167317 0,000223
поставить 0,451314 0,000086
постоять 0,690196 0,000395
постучаться 1,264227 0,000241
потаить 1,866287 0,000356
потащить 1,322219 0,000252
потерять 0,611015 0,000349
потом 0,084532 0,000097
потому 0,024303 0,000019
потрафить 1,565257 0,000597
потребление 2,167317 0,000413
потребовать 0,805589 0,000154
поужинать 2,167317 0,000413
похваляться 1,690196 0,000322
похолодеть 1,565257 0,000298
поцеловать 0,587534 0,000224
почему 0,099131 0,000038
почерк 1,468347 0,000280
почти 0,024303 0,000032
появиться 0,662167 0,000126
появление 0,735954 0,000140
правда 0,088136 0,000017
правдинский 2,167317 0,000413
право 0,176091 0,000067
правый 0,495219 0,000472
пред 0,030597 0,000070
предлагать 0,824895 0,000157
предложить 0,623249 0,000119
предмет 0,611015 0,000233
предчувствовать 0,504560 0,000096
прежде 0,077412 0,000030
прежний 0,198834 0,000190
прибавить 0,162996 0,000062
прибежать 0,769377 0,000147
прибить 1,125925 0,000215
прибыть 0,704919 0,000403
приветствие 2,167317 0,000413
пригодиться 1,088136 0,000207
приготовить 0,675956 0,000129
придерживать 1,866287 0,000356
приезд 0,805589 0,000154
прижизненный 0,000000 0,000000
признание 0,824895 0,000157
признаться 0,443041 0,000084
прииск 1,322219 0,001260
прийти 0,095435 0,000055
приказать 0,752344 0,000143
приказчик 1,264227 0,001205
приказывать 1,264227 0,000241
прилавок 2,167317 0,000413
примоститься 2,167317 0,000413
принести 0,389166 0,000074
принять 0,180546 0,000069
приняться 0,845098 0,000644
припас 1,565257 0,000298
припомнить 0,533849 0,000204
прислать 0,403889 0,000077
присмотреть 1,690196 0,000322
приход 0,888564 0,000169
приходиться 0,963197 0,000184
приятельск 1,866287 0,000356
пробормотать 0,316059 0,000181
провожать 0,936868 0,000179
прогнать 0,704919 0,000134
проговорить 0,110412 0,000168
программирование 0,000000 0,000000
продолжать 0,125925 0,000024
произведение 0,000000 0,000000
произнести 0,280827 0,000107
произойти 0,258832 0,000049
пройти 0,000000 0,000000
прокричать 0,599116 0,000343
пролиться 1,565257 0,000298
пропасть 0,769377 0,000147
просадить 2,167317 0,000413
просить 0,150284 0,000029
просочиться 2,167317 0,000826
простить 0,286504 0,000328
простоять 1,053374 0,000201
протрещать 2,167317 0,000413
протянуть 0,486076 0,000093
проходить 0,576253 0,000110
процветать 1,690196 0,000322
проч 0,662167 0,000379
прочитать 0,912045 0,000174
прошлый 0,735954 0,000140
прощать 0,426955 0,000244
прямо 0,118099 0,000113
публикация 0,000000 0,000000
публичный 1,565257 0,000298
пуля 1,264227 0,001446
пустить 0,735954 0,000140
пусть 0,253503 0,000145
пустяк 0,888564 0,000169
пучок 1,866287 0,000356
пуще 0,599116 0,000114
пьяный 0,451314 0,000860
пятно 1,213075 0,000231
пять 0,222835 0,000042
пятьдесят 0,675956 0,000129
пётр 0,866287 0,009082
равно 0,303994 0,000174
равняться 1,389166 0,000265
радость 0,411442 0,000157
радужный 1,264227 0,000723
разбогатеть 1,690196 0,000322
разбрасывать 1,690196 0,000322
разбудить 1,088136 0,000207
разве 0,146128 0,000084
развернуть 0,866287 0,000165
развернуться 1,866287 0,000356
развеселить 1,468347 0,000280
разговор 0,264227 0,000050
раздавить 1,125925 0,000429
раздаться 0,635838 0,000121
раздражительный 0,587534 0,000112
разиня 2,167317 0,000413
разлив 1,866287 0,000356
размазать 1,690196 0,000322
размененный 2,167317 0,000413
разменять 1,866287 0,000712
разойтись 0,888564 0,000169
разом 0,389166 0,000297
разрешение 0,000000 0,000000
разузнать 1,264227 0,000241
разъехаться 1,565257 0,000298
ракитин 0,787106 0,000150
ранить 1,565257 0,000298
ранний 0,504560 0,000096
раскидчивый 1,690196 0,000322
раскровениться 2,167317 0,000413
раскрыть 1,125925 0,000215
расположение 1,021189 0,000389
расположиться 1,167317 0,000223
распоряжаться 1,389166 0,000265
рассвет 0,963197 0,000184
рассердиться 0,523865 0,000100
рассеянно 0,991226 0,000378
рассеянность 1,213075 0,000231
рассеянный 1,021189 0,000195
рассказать 0,280827 0,000161
рассказывать 0,341243 0,000065
рассматривать 0,824895 0,000472
рассмотреть 1,053374 0,000201
расспрашивать 0,824895 0,000314
расспрос 1,053374 0,000201
расспросить 1,322219 0,000252
рассыльный 1,866287 0,000356
расчёт 0,611015 0,000116
расчётец 2,167317 0,000413
расширить 1,866287 0,000356
ребёнок 0,232819 0,000044
резко 0,648803 0,000124
речь 0,486076 0,000093
решение 0,533849 0,000204
решимость 0,963197 0,000184
решительно 0,341243 0,000065
решить 0,232819 0,000089
ровно 0,533849 0,000102
родить 1,167317 0,000223
рожок 1,565257 0,000298
рубашка 1,088136 0,000415
рубль 0,334808 0,000702
рука 0,030597 0,000146
рукав 1,088136 0,000622
рукомойник 1,866287 0,000712
румянец 1,264227 0,000241
русский 0,411442 0,000078
ручаться 1,322219 0,000252
рыба 1,468347 0,000280
рыжеватый 1,468347 0,000280
рюмка 1,322219 0,000252
садиться 0,486076 0,000093
сайт 0,000000 0,000000
салфетка 1,565257 0,000298
сам 0,002964 0,000006
самый 0,018098 0,000014
сахар 2,167317 0,000413
сбегать 1,053374 0,000402
сверху 0,936868 0,000179
свет 0,176091 0,000067
свечка 0,866287 0,000165
свободно 0,000000 0,000000
свой 0,000000 0,000000
связываться 1,866287 0,000356
сдача 1,468347 0,000280
себя 0,000000 0,000000
сегодня 0,194189 0,000074
сегодняшний 0,991226 0,000189
сейчас 0,070407 0,000215
секунда 0,565257 0,000108
семьдесят 0,000000 0,000000
сердиться 0,443041 0,000084
сердце 0,095435 0,000018
серьёзно 0,419129 0,000080
сжимать 1,322219 0,000252
сибирь 0,866287 0,000330
сиволапый 2,167317 0,000413
сиг 2,167317 0,000413
сигара 1,690196 0,000322
сидение 1,866287 0,000712
сидеть 0,125925 0,000072
сидя 0,845098 0,000161
сила 0,185046 0,000071
сказание 1,565257 0,000298
сказать 0,011981 0,000034
сказывать 1,213075 0,000231
скакать 1,213075 0,000231
скандал 0,845098 0,000322
скверный 0,623249 0,000238
сколько 0,280827 0,000054
скороговорка 1,264227 0,000482
скорый 0,237898 0,000136
скупо 1,866287 0,000356
слава 0,635838 0,000242
славить 1,866287 0,000356
сладить 1,866287 0,000356
слащавый 1,866287 0,000356
следить 0,623249 0,000119
следующий 0,866287 0,000165
слеза 0,275223 0,000105
слишком 0,133894 0,000077
слово 0,027438 0,000016
слог 1,088136 0,000415
сложить 0,845098 0,000322
сломать 1,264227 0,000241
слуга 0,599116 0,000114
случай 0,146128 0,000028
слушайте 0,912045 0,000174
слушатель 0,963197 0,000184
слушать 0,203530 0,000349
слыхать 0,675956 0,000258
слышать 0,125925 0,000072
сметь 0,389166 0,000074
смех 0,443041 0,000084
смеяться 0,171682 0,000196
смотреть 0,077412 0,000118
смрадный 1,690196 0,000322
снарядить 2,167317 0,000413
снаряжать 1,866287 0,000356
снова 0,565257 0,000216
снять 0,704919 0,000537
собачка 1,565257 0,000298
собираться 0,635838 0,000242
собрание 1,088136 0,000207
собственный 0,264227 0,000101
совать 1,565257 0,000298
совсем 0,021189 0,000020
согласие 0,000000 0,000000
согласный 0,565257 0,000108
сожаление 0,963197 0,000184
созерцать 1,021189 0,000195
сознание 0,787106 0,000150
солнце 0,675956 0,000258
сомнительно 1,866287 0,000356
соображать 0,963197 0,000551
сообразить 0,690196 0,000132
сорить 1,866287 0,000356
сосредоточить 1,690196 0,000322
сосчитать 1,389166 0,000265
сотня 0,991226 0,000189
сочинение 1,468347 0,000280
сочинить 0,963197 0,000184
спасибо 0,866287 0,000165
спасти 0,468347 0,000089
спасть 0,554533 0,000106
спать 0,495219 0,000094
сперва 0,735954 0,000140
спешить 0,477121 0,000273
справиться 0,991226 0,000189
спросить 0,114239 0,000109
спрятать 1,021189 0,000195
спустя 0,533849 0,000102
срок 0,675956 0,000129
стакан 1,088136 0,000830
старик 0,303994 0,000174
старуха 0,690196 0,000132
старушонка 1,389166 0,000794
старый 0,374926 0,000071
стать 0,002964 0,000006
степень 0,367977 0,000070
стих 0,735954 0,000140
стишок 1,322219 0,000252
стоить 0,189594 0,000036
стол 0,286504 0,000273
столбняк 1,389166 0,000265
столик 0,845098 0,000161
столица 1,213075 0,000231
столичный 1,053374 0,000201
столько 0,443041 0,000253
сторож 1,213075 0,000231
сторублёвый 1,125925 0,000644
стоять 0,150284 0,000143
страдание 0,554533 0,000106
странно 0,354404 0,000270
странный 0,227798 0,000087
страсбургский 2,167317 0,000826
страх 0,426955 0,000163
страшный 0,286504 0,000055
строка 1,088136 0,000207
стук 1,053374 0,000201
стул 0,434924 0,000083
стульчик 1,866287 0,000356
стучать 0,866287 0,000165
стыдно 0,504560 0,000096
судорожно 1,167317 0,000223
суета 1,389166 0,000265
суетиться 1,088136 0,000207
сумасшедший 0,554533 0,000106
суметь 0,648803 0,000124
сундук 1,322219 0,000252
сунуть 1,167317 0,000668
сурово 1,088136 0,000207
сухо 0,991226 0,000189
сухощавый 1,690196 0,000322
существо 0,477121 0,000182
схватить 0,347773 0,000265
сцепиться 2,167317 0,000413
счёт 0,623249 0,000356
сыграть 1,389166 0,000265
сыр 1,690196 0,000322
сюда 0,232819 0,000266
сюртук 0,912045 0,001217
табор 1,866287 0,000356
тайна 0,675956 0,000129
также 0,000000 0,000000
таки 0,066947 0,000026
такой 0,002964 0,000003
таскать 1,690196 0,000322
тащить 1,021189 0,000195
твердить 1,389166 0,000265
твой 0,258832 0,000148
творение 1,690196 0,000644
текст 0,000000 0,000000
телега 1,213075 0,000694
темнота 0,866287 0,000165
теперешний 0,533849 0,000102
теперь 0,015029 0,000077
тереть 1,866287 0,000712
терять 0,720159 0,000137
тимофей 1,264227 0,000723
тихий 0,544068 0,000104
тихо 0,354404 0,000068
тихонько 0,991226 0,000189
тишина 0,912045 0,000174
товар 1,322219 0,001008
тогда 0,050046 0,000134
тогдашний 0,635838 0,000364
тоже 0,043466 0,000050
только 0,002964 0,000011
том 1,565257 0,000298
торговаться 1,690196 0,000644
торговец 1,866287 0,000356
торговля 2,167317 0,000413
торопиться 0,662167 0,000379
торчать 1,213075 0,000231
тост 2,167317 0,000413
тот 0,002964 0,000007
тотчас 0,046743 0,000062
точить 0,787106 0,000300
точно 0,121994 0,000256
точность 0,735954 0,000140
трактир 0,720159 0,001373
трепещущий 1,468347 0,000280
третий 0,154480 0,000118
три 0,303994 0,000174
триста 1,213075 0,000462
трогать 1,468347 0,000280
тройка 0,991226 0,000756
тронуть 1,088136 0,000207
трудно 0,459747 0,000088
тряпка 1,264227 0,000241
туда 0,495219 0,000283
тщательно 1,322219 0,000252
ты 0,133894 0,000383
тысяча 0,217927 0,000623
тягушко 1,866287 0,001067
тяжёлый 0,662167 0,000126
убежать 0,565257 0,000108
убираться 1,389166 0,000265
убить 0,275223 0,000157
увидать 0,434924 0,000083
увидеть 0,222835 0,000042
угол 0,341243 0,000130
угораздить 2,167317 0,000826
удар 0,866287 0,000165
удивительный 0,735954 0,000421
удивиться 0,523865 0,000100
удивление 0,292256 0,000056
удивляться 0,544068 0,000104
уехать 0,459747 0,000088
узнавать 0,704919 0,000134
узнать 0,106619 0,000041
уйти 0,248239 0,000047
указать 0,554533 0,000106
укатить 1,690196 0,000967
укоризна 2,167317 0,000413
украсть 0,805589 0,000614
улетать 1,565257 0,000298
улисс 2,167317 0,000413
улица 0,396465 0,000227
уложить 1,125925 0,000644
уложиться 2,167317 0,000413
улыбнуться 0,426955 0,000163
умерший 0,000000 0,000000
уметь 0,328468 0,000063
упасть 0,495219 0,000094
упомянуть 0,704919 0,000134
упредить 1,866287 0,000712
упрямый 1,322219 0,000252
усесться 0,662167 0,000252
услужить 1,690196 0,000322
услышать 0,381987 0,000073
усмехнуться 0,374926 0,000143
успеть 0,203530 0,000078
успокоиться 0,735954 0,000140
устраниться 1,866287 0,001779
устрица 2,167317 0,001653
усугублять 2,167317 0,000413
утвердительно 1,125925 0,000215
фантазировать 1,866287 0,000356
феб 1,690196 0,000644
феня 1,125925 0,004722
фрукт 2,167317 0,000413
фёдор 0,434924 0,000249
фёдорович 0,150284 0,000401
характер 0,374926 0,000143
харя 1,468347 0,000280
хвалить 0,963197 0,000184
хитро 1,322219 0,000252
хлебнуть 1,690196 0,000322
хозяйка 0,912045 0,000174
хорошенький 1,053374 0,000201
хороший 0,077412 0,000074
хорошо 0,189594 0,000072
хотеть 0,033778 0,000097
хотеться 0,292256 0,000056
хоть 0,060107 0,000057
хотя 0,050046 0,000019
хохлакова 1,690196 0,000322
хохлаковый 0,690196 0,000263
хранить 1,264227 0,000241
царица 1,125925 0,000859
целый 0,217927 0,000125
цыган 1,565257 0,000298
час 0,185046 0,000388
часок 1,468347 0,000280
часочек 1,690196 0,000322
часть 0,002964 0,000001
чей 0,000000 0,000000
человек 0,011981 0,000016
человеческий 0,565257 0,000108
через 0,258832 0,000148
череп 1,322219 0,000252
черта 0,264227 0,000756
четыре 0,361137 0,000344
четыреста 1,167317 0,000668
чиновник 0,635838 0,000364
число 0,704919 0,000134
чистый 0,434924 0,000166
читаемый 2,167317 0,000413
читать 0,403889 0,000077
чрезвычайный 0,258832 0,000049
что 0,030597 0,000047
чтоб 0,073896 0,000056
чтобы 0,030597 0,000087
чувство 0,158717 0,000030
чудище 2,167317 0,000826
чужое 1,125925 0,000429
чужой 0,662167 0,000252
чуть 0,176091 0,000034
чёрный 0,504560 0,000096
чёрточка 0,991226 0,000189
чёткий 2,167317 0,000413
шабаш 1,866287 0,000356
шампанский 1,264227 0,000723
шампанское 0,936868 0,001072
шваркнуть 1,565257 0,000298
шестой 1,053374 0,000201
шоколад 1,866287 0,000356
штабс 1,021189 0,000389
щека 0,623249 0,000238
эвона 1,565257 0,000298
эконом 2,167317 0,000413
эскапада 1,866287 0,000356
этак 0,690196 0,000395
это 0,002964 0,000007
этот 0,002964 0,000005
юный 1,125925 0,000215
я 0,024303 0,000046
явиться 0,298086 0,000057
ямщик 1,125925 0,000429
ясно 0,354404 0,000068
ящик 1,021189 0,001363
