автор 0,000000 0,000000
авторский 0,000000 0,000000
аглая 0,662167 0,001547
аделаида 0,720159 0,000721
административный 1,866287 0,000311
администратор 1,866287 0,000311
администрация 2,167317 0,000723
администрировать 2,167317 0,000362
аксиома 1,322219 0,000221
акционерный 1,565257 0,000261
александр 1,213075 0,003037
александра 0,845098 0,000423
алексей 0,000000 0,000000
америка 1,264227 0,000211
анонимный 1,565257 0,000522
аплодировать 1,389166 0,000232
аргумент 1,690196 0,000282
ардалионович 0,675956 0,000113
артистический 1,866287 0,000311
афишованная 2,167317 0,000362
барышня 0,912045 0,000304
батюшка 0,635838 0,000106
беда 0,662167 0,000221
бедный 0,328468 0,000110
без 0,599116 0,000300
беззащитный 1,565257 0,000261
безумный 0,824895 0,000138
бесконечно 1,088136 0,000182
беспокоиться 0,514105 0,000086
беспокойный 0,824895 0,000138
беспокойство 0,514105 0,000257
беспрерывно 0,623249 0,000416
бесспорный 0,787106 0,000263
бестолочь 1,690196 0,000282
бесёнок 1,322219 0,000221
библиотека 1,866287 0,000934
бить 0,769377 0,000128
биться 0,623249 0,000208
благонравие 1,866287 0,000623
благонравный 1,690196 0,001128
благоразумие 1,565257 0,000261
благородный 0,374926 0,000063
благословение 1,125925 0,000188
благословить 0,735954 0,000123
блаженство 1,322219 0,000221
бледный 0,443041 0,000148
близкий 0,477121 0,000080
бог 0,154480 0,000026
богатый 0,587534 0,000098
более 0,000000 0,000000
болезнь 0,434924 0,000073
болеть 0,845098 0,000141
болтун 1,866287 0,000311
больший 0,248239 0,000041
большой 0,056728 0,000076
бомба 2,167317 0,000362
бородавка 1,690196 0,000564
бояться 0,158717 0,000053
браться 1,565257 0,000522
бросить 0,269690 0,000045
брошюра 1,866287 0,000311
будто 0,099131 0,000132
буквально 0,805589 0,000134
бурдовский 1,053374 0,000176
бывало 0,554533 0,000093
бывать 0,280827 0,000141
бывший 0,389166 0,000065
быть 0,000000 0,000000
вагон 0,888564 0,000148
важный 0,341243 0,000114
варёк 1,565257 0,000261
ваш 0,121994 0,000183
вверх 0,866287 0,000145
вдруг 0,005949 0,000008
ведь 0,043466 0,000102
везде 0,866287 0,000578
век 0,769377 0,000385
велеть 0,576253 0,000096
великий 0,341243 0,000057
великолепный 0,824895 0,000138
вера 0,514105 0,000086
верить 0,180546 0,000090
вериться 1,565257 0,000522
верно 0,523865 0,000087
верный 0,495219 0,000083
весело 0,648803 0,000108
весь 0,002964 0,000016
весёлый 0,389166 0,000065
вечер 0,322219 0,000161
вещь 0,411442 0,000755
взбаламутиться 2,167317 0,000362
взгляд 0,185046 0,000062
взглянуть 0,468347 0,000078
взгрустнуться 2,167317 0,000362
вздрогнуть 0,486076 0,000081
вздумать 0,720159 0,000120
взойти 1,088136 0,000363
взять 0,077412 0,000013
вид 0,150284 0,000050
видать 0,419129 0,000070
видеть 0,027438 0,000037
видимый 0,443041 0,000074
визит 0,845098 0,000141
винить 1,264227 0,000211
виноватый 0,328468 0,000164
вкус 1,021189 0,000170
влечение 1,322219 0,000221
влюбить 0,752344 0,000126
вместо 0,411442 0,000069
внимание 0,504560 0,000084
внимательный 1,125925 0,000188
водить 1,468347 0,000245
возбудить 0,787106 0,000263
возбуждать 1,167317 0,000195
возбуждение 1,021189 0,000170
возвести 1,866287 0,000311
возвращаться 0,704919 0,000118
возить 1,167317 0,000195
возлагать 2,167317 0,000362
возможность 0,587534 0,000098
вознаграждение 0,000000 0,000000
возражать 0,963197 0,000321
возразить 1,213075 0,000607
возраст 0,963197 0,000161
войти 0,137934 0,000023
волнение 0,361137 0,000060
волос 0,690196 0,000346
вообще 0,459747 0,000230
вопрос 0,146128 0,000195
воспламенить 1,690196 0,000282
восторг 0,419129 0,000210
впечатление 0,389166 0,000065
вполне 0,316059 0,000211
впору 1,866287 0,000311
вправду 0,888564 0,000148
впрочем 0,118099 0,000118
вредить 1,468347 0,000245
вредный 1,167317 0,000195
время 0,018098 0,000036
всегда 0,129891 0,000195
вскипеть 1,167317 0,000195
вскричать 0,253503 0,000085
вслух 0,533849 0,000178
вспомнить 0,434924 0,000073
вспыхнуть 0,805589 0,000134
вставать 0,576253 0,000096
вставить 1,167317 0,000195
встать 0,269690 0,000045
встревожиться 1,690196 0,000282
встретить 0,459747 0,000077
встретиться 0,704919 0,000118
встречаться 0,769377 0,000128
вступиться 1,167317 0,000195
всякий 0,106619 0,000107
второй 0,217927 0,000073
втрое 1,565257 0,000261
вход 0,752344 0,000126
вчера 0,341243 0,000228
вы 0,232819 0,000039
выводить 0,936868 0,000156
выговаривать 0,963197 0,000161
выговорить 0,599116 0,000100
выдержать 0,587534 0,000098
выдумать 0,648803 0,000108
выйти 0,063514 0,000032
выкинуть 1,322219 0,000221
выплата 0,000000 0,000000
выпрыгивать 2,167317 0,000362
выражаться 0,752344 0,000377
выразиться 0,504560 0,000084
высказать 0,523865 0,000087
выскакивать 1,389166 0,000232
выслушать 0,426955 0,000214
высокий 0,213075 0,000036
выставить 0,845098 0,000141
выступить 1,264227 0,000211
выход 0,769377 0,000128
выходить 0,258832 0,000086
выходка 0,866287 0,000289
выше 0,720159 0,000240
гаврил 1,213075 0,000405
генерал 0,504560 0,000589
генеральский 1,213075 0,000202
генеральство 1,866287 0,000311
гений 1,690196 0,000282
главное 0,185046 0,000124
главный 0,426955 0,000143
гладко 2,167317 0,000362
глаз 0,056728 0,000047
гласность 1,690196 0,000282
глупый 0,419129 0,000140
гнить 1,866287 0,000311
говорить 0,011981 0,000064
говориться 1,167317 0,000195
гоголь 1,565257 0,000261
голова 0,114239 0,000057
голос 0,208276 0,000035
гораздо 0,443041 0,000222
гордиться 1,021189 0,000170
гордо 1,053374 0,000176
горевать 1,264227 0,000211
горячиться 1,053374 0,000176
горячка 0,963197 0,000161
горячо 0,544068 0,000091
господин 0,208276 0,000070
господь 0,374926 0,000375
государственный 1,264227 0,000211
государь 1,021189 0,000170
грех 0,752344 0,000126
грозно 0,888564 0,000297
грубиян 2,167317 0,000723
грубый 0,824895 0,000275
грустить 1,565257 0,000261
грустно 0,735954 0,000123
грустный 0,735954 0,000123
гулять 0,963197 0,000161
гуманный 1,264227 0,000211
гумкать 2,167317 0,000362
давать 0,253503 0,000169
давеча 0,232819 0,000078
давно 0,158717 0,000079
даже 0,005949 0,000034
далёкий 0,411442 0,000137
дать 0,171682 0,000115
дача 0,888564 0,000593
два 0,198834 0,000066
двадцать 0,303994 0,000051
двести 0,912045 0,000152
девица 0,648803 0,000325
девка 1,021189 0,000682
девушка 0,533849 0,000089
девяносто 1,690196 0,000282
девять 0,888564 0,000297
действительно 0,106619 0,000107
действительный 0,991226 0,000165
делать 0,194189 0,000130
дело 0,011981 0,000014
деловой 1,213075 0,000202
дельный 1,690196 0,000846
день 0,118099 0,000118
деньга 0,185046 0,000062
дерево 0,752344 0,000126
держать 0,403889 0,000067
десяток 1,389166 0,000232
десять 0,298086 0,000099
деятель 1,264227 0,000211
дитя 0,888564 0,000297
дно 2,167317 0,000362
добродетель 0,912045 0,000304
добрый 0,303994 0,000051
довольный 0,495219 0,000083
довольство 1,468347 0,000245
догадаться 0,554533 0,000093
дойти 0,389166 0,000130
доказать 0,565257 0,000283
докончить 0,888564 0,000148
долго 0,222835 0,000074
должный 0,099131 0,000116
долой 1,213075 0,000202
дом 0,154480 0,000103
допустить 0,635838 0,000106
дорога 0,275223 0,000184
досада 0,675956 0,000113
досадить 2,167317 0,000362
дослушать 1,866287 0,000311
доставаться 1,866287 0,000311
достигать 1,389166 0,000232
достоевский 0,000000 0,000000
достоинство 0,587534 0,000098
достояние 0,000000 0,000000
дофамусовский 2,167317 0,000362
доходить 0,769377 0,000128
дочка 0,912045 0,000152
дочь 0,374926 0,000438
друг 0,180546 0,000030
другой 0,008955 0,000010
дрянный 1,125925 0,000188
думать 0,060107 0,000060
дура 0,936868 0,000782
дурак 0,611015 0,000306
дурачить 1,866287 0,000311
дух 0,486076 0,000081
душа 0,158717 0,000026
евгений 0,866287 0,003181
единица 1,690196 0,000282
ездить 0,690196 0,000230
елагин 2,167317 0,000723
епанчин 0,690196 0,000576
если 0,011981 0,000040
естественно 0,888564 0,000297
есть 0,018098 0,000066
жаловать 1,389166 0,000232
жаловаться 0,805589 0,000269
жар 0,587534 0,000196
ждать 0,142011 0,000024
железный 0,752344 0,000126
жемчуг 1,264227 0,000211
жених 0,824895 0,000138
женский 0,623249 0,000104
жест 0,787106 0,000131
жизнь 0,084532 0,000042
жёлчный 1,690196 0,000282
заболеть 1,053374 0,000176
заботливость 1,690196 0,000282
забыть 0,125925 0,000042
завладеть 1,866287 0,000311
заводить 1,866287 0,000311
завтра 0,298086 0,000050
завязаться 1,468347 0,000490
загадка 0,787106 0,000131
загадывать 1,565257 0,000261
заговорить 0,334808 0,000335
заграничный 1,264227 0,000211
задавать 0,912045 0,000152
задирание 2,167317 0,000362
задыхаться 0,635838 0,000106
зазимовать 2,167317 0,000362
заимствовать 1,866287 0,000311
заинтересованный 1,322219 0,000221
заинтересовать 0,824895 0,000138
закачивать 2,167317 0,000723
заклад 0,824895 0,000275
закоренелый 1,468347 0,000245
замертветь 2,167317 0,000362
заметить 0,056728 0,000095
замечание 0,888564 0,000148
замечательный 0,675956 0,000338
замечать 0,554533 0,000093
замешать 1,565257 0,000784
замирать 0,991226 0,000165
замолчать 0,752344 0,000126
замуж 0,735954 0,000123
замяться 1,565257 0,000261
заплакать 0,599116 0,000100
заслуживать 1,565257 0,000261
засмеяться 0,347773 0,000174
заснуть 0,769377 0,000128
зато 0,468347 0,000078
затруднительный 2,167317 0,000362
захватывать 1,468347 0,000245
захотеть 0,316059 0,000105
захохотать 0,866287 0,000145
зачем 0,146128 0,000146
защита 1,053374 0,000176
защитник 0,963197 0,000482
заявлять 0,991226 0,000165
звание 1,264227 0,000211
звать 0,419129 0,000070
здесь 0,095435 0,000080
здешний 0,611015 0,000102
земля 0,298086 0,000050
злоба 0,523865 0,000087
злой 0,587534 0,000784
злость 0,936868 0,000313
злючка 1,866287 0,000311
знакомый 0,486076 0,000243
знаменательный 1,866287 0,000311
знание 1,053374 0,000176
знать 0,002964 0,000004
золото 1,125925 0,000188
зуб 0,735954 0,000123
зубок 1,690196 0,000282
иван 0,232819 0,000738
иванович 0,269690 0,000450
иволгин 0,866287 0,000289
идеал 1,021189 0,000341
идея 0,459747 0,000307
идиот 0,426955 0,000356
идиотишка 2,167317 0,000362
идол 1,468347 0,000245
идти 0,180546 0,000121
избаловать 1,565257 0,000261
известный 0,347773 0,000174
извещать 2,167317 0,000362
извинить 0,611015 0,000204
извращение 2,167317 0,001085
изгнать 1,389166 0,000232
измениться 0,735954 0,000123
измучить 1,021189 0,000170
износиться 1,690196 0,000282
изобретатель 2,167317 0,000362
изящно 1,468347 0,000245
именно 0,066947 0,000045
иметь 0,118099 0,000099
иначе 0,367977 0,000123
инициатива 1,690196 0,000846
иногда 0,208276 0,000278
иной 0,208276 0,000070
интересовать 1,213075 0,000202
ипполит 0,599116 0,000200
иронический 2,167317 0,000362
искажение 1,866287 0,000623
искренний 0,576253 0,000096
искренно 0,523865 0,000087
использоваться 0,000000 0,000000
испугаться 0,523865 0,000087
истерика 0,752344 0,000126
истерически 1,125925 0,000188
истинный 0,611015 0,000102
история 0,495219 0,000165
источник 1,565257 0,000261
итак 0,805589 0,000134
каждый 0,137934 0,000092
казаться 0,063514 0,000223
каковой 0,576253 0,000096
какой 0,005949 0,000019
капельку 0,963197 0,000161
каприз 1,264227 0,000211
карьера 0,936868 0,000156
касаться 0,599116 0,000200
каста 2,167317 0,000362
катиться 1,866287 0,000311
качество 0,735954 0,000491
кашлять 1,389166 0,000232
клеветать 1,167317 0,000195
клясться 0,554533 0,000093
книга 0,106619 0,000053
князишка 1,866287 0,000623
князь 0,443041 0,004141
когда 0,015029 0,000020
коленка 1,053374 0,000352
колено 0,565257 0,000094
коля 0,565257 0,000472
комар 0,000000 0,000000
комбинация 1,866287 0,000311
комната 0,150284 0,000025
компанейский 1,690196 0,000282
компания 0,611015 0,000102
конец 0,213075 0,000320
конечно 0,060107 0,000050
консерватизм 2,167317 0,000362
консерватор 1,866287 0,000623
кончить 0,328468 0,000055
кончиться 0,495219 0,000083
копейка 0,769377 0,000128
корзинка 1,866287 0,000311
корпус 1,389166 0,000232
космы 1,866287 0,000311
который 0,002964 0,000012
кошка 1,389166 0,000232
крайний 0,292256 0,000293
красноречивый 1,167317 0,000584
красота 0,720159 0,000120
крепостной 1,167317 0,000195
кривой 1,167317 0,000195
крикнуть 0,292256 0,000098
критик 2,167317 0,000362
критика 1,213075 0,000202
кроме 0,158717 0,000079
круглый 0,963197 0,000321
кругом 0,419129 0,000070
кстати 0,468347 0,000078
кто 0,114239 0,000038
куда 0,248239 0,000041
купеческий 1,167317 0,000195
курица 1,468347 0,001225
ласковый 0,991226 0,000331
лев 1,021189 0,000170
лежать 0,243038 0,000041
либерал 1,389166 0,003478
либерализм 1,565257 0,002351
либеральный 1,264227 0,000211
либо 0,000000 0,000000
лизавета 0,623249 0,003224
лист 1,053374 0,000176
литература 1,468347 0,001225
литературный 1,264227 0,000422
лицо 0,000000 0,000000
личный 0,662167 0,000111
лишний 0,787106 0,000131
ловить 0,866287 0,000145
ломбард 2,167317 0,001085
ломоносов 2,167317 0,000362
любить 0,066947 0,000034
любовь 0,334808 0,000112
любой 0,000000 0,000000
любопытный 0,648803 0,000108
любопытство 0,361137 0,000060
любя 1,213075 0,000202
любящий 1,125925 0,000188
лёгкий 0,599116 0,000300
маленький 0,185046 0,000062
мало 0,208276 0,000104
мальчик 0,411442 0,000069
мальчишка 0,752344 0,000126
мамаша 0,735954 0,000246
манера 1,125925 0,000376
мастер 1,213075 0,000202
материал 1,322219 0,000221
материнский 1,468347 0,000490
мать 0,217927 0,000327
мгновение 0,316059 0,000105
между 0,129891 0,000087
мельком 0,912045 0,000152
мемуары 1,866287 0,000623
менее 0,635838 0,000212
мера 0,217927 0,000218
место 0,099131 0,000066
месяц 0,264227 0,000176
мигом 0,504560 0,000084
миллиард 2,167317 0,000362
миллион 0,888564 0,000148
милый 0,322219 0,000161
минута 0,050046 0,000008
мир 0,523865 0,000087
мнение 0,374926 0,000125
мнительность 1,053374 0,000176
мнительный 1,322219 0,000221
многие 0,468347 0,000078
многий 0,514105 0,000086
много 0,080958 0,000081
можно 0,088136 0,000074
мой 0,077412 0,000103
мокрый 0,675956 0,000451
молодой 0,222835 0,000149
молодёжь 1,125925 0,000188
молчать 0,248239 0,000124
момент 0,000000 0,000000
монах 0,845098 0,000141
мост 1,468347 0,000245
мочь 0,000000 0,000000
мошенник 1,264227 0,000211
муж 0,805589 0,000134
музыка 0,963197 0,000321
мучение 0,963197 0,000321
мучить 0,419129 0,000140
мучиться 0,623249 0,000208
мысль 0,114239 0,000095
наблюдение 1,167317 0,000195
наверно 0,264227 0,000044
навести 1,322219 0,000221
наговорить 1,389166 0,000232
наделать 0,963197 0,000161
надо 0,036984 0,000037
надобный 0,866287 0,000145
наживатель 2,167317 0,000362
назад 0,000000 0,000000
название 1,088136 0,000363
наиболее 1,125925 0,000188
наивность 1,125925 0,000376
наивный 1,125925 0,000188
найти 0,298086 0,000099
наклонность 1,213075 0,000202
наклонный 1,125925 0,000188
наконец 0,073896 0,000136
намерить 0,805589 0,000134
нападать 1,322219 0,000441
нападение 1,866287 0,000934
написать 0,000000 0,000000
напомнить 0,912045 0,000152
напрасно 0,805589 0,000403
например 0,298086 0,000249
напротив 0,180546 0,000030
напряжение 1,264227 0,000211
народ 0,514105 0,000257
народный 1,264227 0,000211
нарочно 0,227798 0,000038
насмешка 0,599116 0,000200
насмешливо 0,787106 0,000131
настоящий 0,309985 0,000103
наступать 1,264227 0,000211
насчёт 0,354404 0,000118
натащить 1,690196 0,000282
наука 0,787106 0,000131
находить 0,576253 0,000192
находиться 0,514105 0,000086
национальный 1,468347 0,001715
нация 1,565257 0,000522
начало 0,243038 0,000081
начать 0,066947 0,000011
начаться 0,514105 0,000086
наш 0,118099 0,000197
небольшой 0,675956 0,000113
невеста 0,720159 0,000120
невинность 0,936868 0,000313
невозможно 0,411442 0,000069
невозможный 0,623249 0,000208
невыносимый 1,021189 0,000170
негодование 0,403889 0,000202
недавно 0,576253 0,000289
недалёкий 1,866287 0,000311
недоразумение 1,866287 0,000311
недостаток 1,322219 0,000883
недоумение 0,554533 0,000093
нежно 1,167317 0,000195
нежный 0,845098 0,000141
незаимствованный 2,167317 0,000362
нейти 1,468347 0,000245
некотора 1,167317 0,000390
некоторый 0,154480 0,000103
нелегко 1,866287 0,000311
нелепый 0,845098 0,000141
неловкий 1,322219 0,000221
нельзя 0,176091 0,000088
немедленно 0,554533 0,000093
немедленный 1,213075 0,000202
немецкий 1,264227 0,000211
неминуемо 1,866287 0,000623
немного 0,426955 0,000071
немножко 1,021189 0,000170
ненавидеть 0,514105 0,000343
ненависть 0,623249 0,000208
необходимый 0,599116 0,000300
необъяснимый 1,468347 0,000490
необыкновенно 0,805589 0,000134
необыкновенный 0,396465 0,000265
неожиданно 0,523865 0,000087
неосновательный 2,167317 0,000723
неотъемлемый 2,167317 0,000723
непонятный 1,053374 0,000176
непорядочно 1,866287 0,000311
непрактический 2,167317 0,000362
непременно 0,133894 0,000089
неприлично 0,824895 0,000275
неприличный 1,053374 0,000352
нераскаянный 2,167317 0,000362
несколько 0,095435 0,000080
несмотря 0,275223 0,000046
несравненно 1,264227 0,000211
несчастие 0,690196 0,000115
несчастный 0,374926 0,000188
нетерпеливый 0,752344 0,000126
неудачный 2,167317 0,000362
неужели 0,389166 0,000130
нехорошо 0,963197 0,000161
нехотя 1,389166 0,000232
нечто 0,389166 0,000325
нибыть 0,030597 0,000041
нигде 1,125925 0,000564
нигилистка 1,866287 0,000934
никак 0,396465 0,000132
никакой 0,213075 0,000213
никогда 0,088136 0,000044
николаевич 0,704919 0,000353
николай 0,752344 0,000126
ничего 0,030597 0,000031
ничто 0,576253 0,000096
ничтожный 0,805589 0,000269
новооткрытый 2,167317 0,000723
новый 0,167317 0,000028
нога 0,213075 0,000036
ножницы 1,866287 0,000311
нос 1,021189 0,000170
носить 0,611015 0,000102
ночь 0,189594 0,000063
нравиться 0,611015 0,000102
нравственный 0,690196 0,000115
нынче 1,389166 0,000232
нянька 1,264227 0,000422
обвинение 0,787106 0,000131
обвинять 0,888564 0,000148
обделаться 1,866287 0,000311
обдумывать 1,053374 0,000176
обещаться 1,021189 0,000170
обожать 0,888564 0,000148
обозвать 1,866287 0,000311
образ 0,243038 0,000041
образец 1,866287 0,000311
обратиться 0,316059 0,000053
обращаться 0,451314 0,000151
обрезывать 2,167317 0,000723
обширный 1,389166 0,000232
общепринятый 2,167317 0,000362
общественный 0,000000 0,000000
общество 0,468347 0,000313
общий 0,514105 0,000601
объяснение 0,599116 0,000200
объяснить 0,374926 0,000250
обыкновение 0,888564 0,000148
обыкновенно 0,720159 0,000120
обыкновенный 0,565257 0,000283
обычай 1,053374 0,000176
оглянуться 1,213075 0,000202
один 0,000000 0,000000
однако 0,102859 0,000034
ожидание 0,662167 0,000221
ожидать 0,264227 0,000044
оказаться 0,275223 0,000046
около 0,443041 0,000074
окружать 1,264227 0,000211
он 0,000000 0,000000
они 0,275223 0,000138
опасливый 1,264227 0,000211
опасный 0,845098 0,000141
оправдание 1,088136 0,000182
определять 1,389166 0,000232
опубликовать 0,000000 0,000000
опять 0,027438 0,000046
оригинал 1,866287 0,000311
оригинальность 1,468347 0,000980
оригинальный 0,936868 0,000313
осветить 1,053374 0,000176
особенно 0,129891 0,000043
особенный 0,389166 0,000195
особливый 1,264227 0,000211
остальной 0,367977 0,000061
остановить 0,565257 0,000189
остаться 0,133894 0,000045
острог 1,322219 0,000221
остроумие 1,213075 0,000202
осуждать 1,264227 0,000211
ответ 0,322219 0,000269
ответить 0,121994 0,000041
ответственность 2,167317 0,000362
отвечать 0,258832 0,000043
отвлечённость 2,167317 0,000362
отдохнуть 1,213075 0,000202
отечество 1,264227 0,000633
откровенно 0,824895 0,000138
откровенный 0,866287 0,000145
открытие 1,389166 0,000232
открыть 0,635838 0,000106
откуда 0,514105 0,000172
отличаться 1,213075 0,000607
отлично 0,805589 0,000134
отложить 0,824895 0,000138
отмолить 2,167317 0,000362
отношение 0,623249 0,000104
отправка 2,167317 0,001085
отражаться 2,167317 0,000362
отрицать 1,088136 0,000182
отчасти 0,611015 0,000204
отчий 0,554533 0,000093
отъявленный 2,167317 0,000362
оформление 0,000000 0,000000
очень 0,024303 0,000073
ошибка 0,805589 0,000269
ошибочный 1,565257 0,000261
павлович 0,286504 0,001052
память 0,599116 0,000100
парадокс 1,690196 0,000282
пароход 1,690196 0,000282
пароходный 2,167317 0,000362
первый 0,018098 0,000021
перебить 0,486076 0,000081
перевезти 1,690196 0,000564
переглянуться 1,021189 0,000170
передать 0,381987 0,000127
переехать 0,991226 0,000827
перейти 0,000000 0,000000
переменить 0,845098 0,000141
перессориться 1,468347 0,000245
перестать 0,411442 0,000206
петербург 0,434924 0,000073
писатель 1,264227 0,000211
писать 0,419129 0,000210
письмо 0,434924 0,000581
плакать 0,328468 0,000055
плести 1,866287 0,000311
плечо 0,403889 0,000135
плодотворный 1,565257 0,000261
плохо 0,912045 0,000152
победительный 1,866287 0,000311
поверить 0,347773 0,000058
повод 0,635838 0,000106
повторять 0,396465 0,000066
повторяться 1,021189 0,000170
погибнуть 0,888564 0,000148
погодя 2,167317 0,000362
погорячиться 1,690196 0,000282
подборка 0,000000 0,000000
поджигать 1,389166 0,000232
подняться 0,443041 0,000074
подозревать 0,504560 0,000168
подозрение 0,991226 0,000496
подойти 0,341243 0,000057
подолгу 1,389166 0,000232
подпасть 1,866287 0,000311
подраться 1,389166 0,000232
подсудимый 0,866287 0,000145
подумать 0,185046 0,000154
подхватить 0,403889 0,000202
подходить 0,587534 0,000098
подымать 0,912045 0,000304
подыматься 1,053374 0,000352
поезд 1,167317 0,000195
поехать 0,576253 0,000096
пожаловать 0,704919 0,000118
пожалуй 0,237898 0,000040
пожимать 1,264227 0,000211
позволить 0,264227 0,000132
познакомиться 0,735954 0,000123
поймать 0,824895 0,000551
пойти 0,080958 0,000054
пока 0,213075 0,000036
показать 0,292256 0,000098
показаться 0,334808 0,000112
показывать 0,514105 0,000086
покамест 0,866287 0,000145
покойный 0,599116 0,000100
поколение 1,389166 0,000464
покраснеть 0,504560 0,000084
пол 0,704919 0,000118
полгода 0,963197 0,000321
поле 0,912045 0,000152
политический 1,213075 0,000202
полный 0,253503 0,000085
положение 0,459747 0,000077
положим 0,720159 0,000120
получать 0,752344 0,000126
получить 0,309985 0,000103
пользоваться 0,963197 0,000161
полюбить 0,635838 0,000106
помереть 0,720159 0,000120
помещик 0,805589 0,001076
помещичий 1,565257 0,001045
помиловать 0,735954 0,000123
поминутно 0,635838 0,000743
помнить 0,167317 0,000056
понадобиться 0,936868 0,000156
понимать 0,095435 0,000111
понятие 0,735954 0,000368
понять 0,106619 0,000018
поприще 1,565257 0,000261
попробовать 0,866287 0,000145
популярный 2,167317 0,000362
портрет 0,912045 0,000152
порядок 0,704919 0,000588
порядочный 0,866287 0,000578
посетитель 0,991226 0,000331
после 0,084532 0,000056
последний 0,066947 0,000056
посмертно 0,000000 0,000000
посметь 0,936868 0,000156
посмотреть 0,213075 0,000107
посредственно 2,167317 0,000362
поставить 0,451314 0,000075
постоянно 0,824895 0,000551
постоянный 1,167317 0,000195
поступить 0,648803 0,000217
поступок 0,623249 0,000104
потому 0,024303 0,000024
потупить 1,213075 0,000202
потянуться 1,690196 0,000282
похороны 1,322219 0,000221
поцеловать 0,587534 0,000098
поцелуй 0,888564 0,000148
почему 0,099131 0,000149
почитать 0,866287 0,000145
почтение 1,322219 0,000221
почтенный 0,720159 0,000361
почти 0,024303 0,000032
почтительный 0,963197 0,000161
появиться 0,662167 0,000111
пояснительный 2,167317 0,000362
правда 0,088136 0,000074
правило 1,088136 0,000182
правнук 2,167317 0,000362
право 0,176091 0,000118
правый 0,495219 0,000083
практический 1,322219 0,001765
пращур 2,167317 0,000362
пред 0,030597 0,000020
предел 0,991226 0,000165
предположить 0,824895 0,000138
прежде 0,077412 0,000090
прежний 0,198834 0,000166
прекрасно 0,735954 0,000123
прекрасный 0,495219 0,000331
прелестный 0,866287 0,000145
прельститься 1,565257 0,000261
пресерьёзно 2,167317 0,000362
преступление 0,623249 0,000416
преступник 0,845098 0,000846
преувеличивать 1,088136 0,000182
преувеличить 1,167317 0,000195
прибавить 0,162996 0,000027
прибежать 0,769377 0,000128
приветливый 1,389166 0,000232
приговор 0,824895 0,000138
придвинуть 1,389166 0,000232
прижизненный 0,000000 0,000000
признаваться 0,912045 0,000152
признак 0,845098 0,000141
признать 0,735954 0,000123
признаться 0,443041 0,000074
прийти 0,095435 0,000032
прийтись 0,565257 0,000094
приказчик 1,264227 0,000211
приличие 1,322219 0,000221
прилично 1,213075 0,000202
приличный 0,866287 0,000289
принадлежать 0,912045 0,000152
принимать 0,328468 0,000329
приниматься 1,213075 0,000202
принять 0,180546 0,000060
припевать 1,866287 0,000311
приписывать 1,322219 0,000221
припоминать 0,648803 0,000108
прислуга 1,322219 0,000221
приставать 0,963197 0,000161
пристально 0,389166 0,000065
пристроить 1,565257 0,000261
присутственный 2,167317 0,000362
присутствовать 0,912045 0,000152
присущий 1,866287 0,000311
присяжный 0,991226 0,000165
притащить 1,322219 0,000221
приход 0,888564 0,000445
приходить 0,243038 0,000041
приходиться 0,963197 0,000161
причина 0,396465 0,000132
причитывать 1,866287 0,000311
пробормотать 0,316059 0,000105
провалиться 1,264227 0,000211
проглядывать 1,264227 0,000211
проговорить 0,110412 0,000055
программирование 0,000000 0,000000
прогрессивный 1,565257 0,000261
прогулка 1,322219 0,000221
продолжать 0,125925 0,000105
продолжение 0,888564 0,000148
прожить 0,690196 0,000115
произведение 0,000000 0,000000
произнести 0,280827 0,000141
происхождение 1,322219 0,000221
пройти 0,000000 0,000000
проклятый 0,662167 0,000553
прокофиевич 0,704919 0,003647
проницательный 2,167317 0,000362
проницать 1,690196 0,000282
пропасть 0,769377 0,000257
просить 0,150284 0,000050
проскользнуть 1,389166 0,000232
прослужить 1,866287 0,000311
простить 0,286504 0,000287
просто 0,232819 0,000117
простой 0,576253 0,000192
простоять 1,053374 0,000176
протекция 1,690196 0,000282
против 0,389166 0,000065
противоположный 0,888564 0,000148
процент 1,167317 0,000195
прощать 0,426955 0,000071
прощение 0,611015 0,000306
проявляться 1,866287 0,000311
прямо 0,118099 0,000039
публикация 0,000000 0,000000
пугать 0,805589 0,000134
пугаться 1,264227 0,000844
пуд 1,866287 0,000311
пустой 0,690196 0,000346
пустота 2,167317 0,000362
пусть 0,253503 0,000042
путаница 1,565257 0,000261
пушкин 1,167317 0,000195
пять 0,222835 0,000149
радоваться 0,888564 0,000445
радость 0,411442 0,000069
раз 0,309985 0,000052
разве 0,146128 0,000171
развести 1,565257 0,000261
разводить 1,866287 0,000311
разглядеть 0,662167 0,000111
разговор 0,264227 0,000309
разгорячиться 1,088136 0,000182
раздражать 0,936868 0,000156
разливаться 1,866287 0,000623
разница 1,021189 0,000341
разный 0,565257 0,000094
разрешение 0,000000 0,000000
разрумяниться 2,167317 0,000362
разрыв 2,167317 0,000362
разрываться 2,167317 0,000362
разумеется 0,328468 0,000219
разумный 1,167317 0,000195
раскаиваться 0,963197 0,000161
раскаяние 0,769377 0,000128
раскусить 1,565257 0,000261
распасться 2,167317 0,000362
расплакаться 1,264227 0,000211
рассердиться 0,523865 0,000087
рассказ 0,477121 0,000080
рассказывать 0,341243 0,000171
рассмотреть 1,053374 0,000176
рассориться 1,565257 0,000261
рассудить 0,675956 0,000113
рассуждать 0,752344 0,000251
рассчитывать 0,675956 0,000113
расти 1,088136 0,000182
растолкать 1,866287 0,000934
ребёнок 0,232819 0,000078
редко 0,690196 0,000115
резко 0,648803 0,000217
рекомендация 1,690196 0,000564
рельс 1,690196 0,001128
речь 0,486076 0,000162
решать 1,053374 0,000176
решение 0,533849 0,000089
решительно 0,341243 0,000057
решительный 0,611015 0,000102
решить 0,232819 0,000039
робеть 1,167317 0,000195
робко 0,787106 0,000131
робость 1,264227 0,000633
ровно 0,533849 0,000089
род 0,419129 0,000140
роскошный 1,690196 0,000282
россия 0,514105 0,000429
рука 0,030597 0,000031
русски 0,991226 0,000331
русский 0,411442 0,001923
рутинный 2,167317 0,000362
рыцарь 1,053374 0,000176
сайт 0,000000 0,000000
сам 0,002964 0,000008
самовольный 1,866287 0,000623
самозабвение 1,866287 0,000311
самый 0,018098 0,000088
сбираться 1,690196 0,000282
сбиться 1,088136 0,000182
сбор 1,565257 0,000522
свадьба 1,053374 0,000176
свет 0,176091 0,000118
светский 0,720159 0,000120
свободно 0,000000 0,000000
свой 0,000000 0,000000
связь 0,824895 0,000413
сделать 0,102859 0,000069
сделаться 0,735954 0,000246
себя 0,000000 0,000000
сегодня 0,194189 0,000130
сейчас 0,070407 0,000094
секрет 0,690196 0,000230
семейный 0,769377 0,000128
семейство 0,451314 0,000527
семилетний 1,690196 0,000282
семинарист 1,264227 0,000422
семинарский 2,167317 0,000723
семьдесят 0,000000 0,000000
сердито 1,389166 0,000232
сердить 1,690196 0,000282
сердце 0,095435 0,000080
серьёзно 0,419129 0,000490
серьёзный 0,565257 0,000377
сестра 0,477121 0,000239
сидеть 0,125925 0,000147
сила 0,185046 0,000031
сильный 0,269690 0,000045
симпатия 1,167317 0,000390
сказ 2,167317 0,000362
сказать 0,011981 0,000044
скверный 0,623249 0,000208
сквозь 0,936868 0,000313
сколько 0,280827 0,000234
сконфузиться 0,824895 0,000275
скопить 1,565257 0,000261
скоро 0,298086 0,000050
скорый 0,237898 0,000040
скромный 0,991226 0,000165
следовать 0,544068 0,000091
слеза 0,275223 0,000092
слишком 0,133894 0,000134
слово 0,027438 0,000041
словцо 1,088136 0,000182
слой 1,389166 0,000232
служащий 1,690196 0,000846
служба 0,769377 0,000128
служить 0,544068 0,000454
случаем 1,389166 0,000232
случай 0,146128 0,000195
случайность 1,690196 0,000282
случайный 1,322219 0,000221
случаться 0,599116 0,000200
случиться 0,292256 0,000098
слушать 0,203530 0,000238
слышать 0,125925 0,000042
сметь 0,389166 0,000260
смех 0,443041 0,000074
смешить 1,866287 0,000311
смешной 0,565257 0,000283
смеяться 0,171682 0,000229
смотреть 0,077412 0,000168
смотритель 1,565257 0,000261
смущать 0,991226 0,000165
смысл 0,523865 0,000175
смягчить 1,322219 0,000221
снег 1,213075 0,000202
снежный 2,167317 0,000362
сносный 1,866287 0,000311
сношение 1,021189 0,000170
собрание 1,088136 0,000182
собственно 0,565257 0,000283
собственный 0,264227 0,000265
совершенно 0,180546 0,000211
совершенный 0,451314 0,000075
совесть 0,544068 0,000091
советоваться 1,468347 0,000245
совсем 0,021189 0,000042
согласие 0,000000 0,000000
согласиться 0,396465 0,000132
согласный 0,565257 0,000377
сознательно 1,389166 0,000232
сознательный 1,468347 0,000245
сойти 0,495219 0,000083
солнце 0,675956 0,000226
сомневаться 0,752344 0,000126
сомнение 0,426955 0,000428
сон 0,866287 0,000434
соседний 1,088136 0,000182
сословие 1,690196 0,000564
составить 0,912045 0,000152
составлять 0,752344 0,000126
составной 1,866287 0,000311
состояние 0,322219 0,000161
состоять 0,514105 0,000429
сострадательный 1,322219 0,000221
сотый 1,322219 0,000441
социалист 1,389166 0,000927
сочинение 1,468347 0,000245
спасаться 0,991226 0,000165
спасть 0,554533 0,000093
спать 0,495219 0,000248
спокойный 0,576253 0,000481
спокон 1,866287 0,000934
спор 1,053374 0,000176
справедливо 0,805589 0,000269
спрашивать 0,232819 0,000078
среди 0,769377 0,000128
ссора 1,021189 0,000170
ссориться 1,125925 0,000188
становиться 0,389166 0,000195
старший 0,587534 0,000098
стать 0,002964 0,000011
стекло 1,167317 0,000195
стена 0,533849 0,000356
степень 0,367977 0,000061
стоить 0,189594 0,000095
стол 0,286504 0,000143
столкновение 1,690196 0,000282
столкнуться 1,264227 0,000211
столько 0,443041 0,000148
сторона 0,110412 0,000092
стоять 0,150284 0,000075
страдание 0,554533 0,000093
страдать 0,623249 0,000104
страница 1,213075 0,000202
странно 0,354404 0,000059
странный 0,227798 0,000152
страсть 0,735954 0,000123
страх 0,426955 0,000214
страшно 0,434924 0,000073
страшный 0,286504 0,000048
стыд 0,533849 0,000089
стыдиться 0,623249 0,000104
суд 0,554533 0,000093
судить 0,523865 0,000087
суждение 1,389166 0,000464
сумма 0,662167 0,000111
существо 0,477121 0,000080
существовать 0,635838 0,000212
существующий 1,690196 0,000564
сущность 0,675956 0,000451
схватить 0,347773 0,000058
счастие 0,451314 0,000151
счастливый 0,451314 0,000075
считать 0,275223 0,000138
считаться 1,088136 0,001090
сюда 0,232819 0,000078
сюжет 1,690196 0,000282
также 0,000000 0,000000
таки 0,066947 0,000112
таковой 0,451314 0,000075
такой 0,002964 0,000018
талантливый 1,322219 0,000221
тащить 1,021189 0,000341
тварь 0,866287 0,000289
твой 0,258832 0,000043
твёрдо 0,419129 0,000070
текст 0,000000 0,000000
тема 0,735954 0,000246
теперешний 0,533849 0,000089
теперь 0,015029 0,000038
терраса 0,912045 0,000457
теряться 1,468347 0,000245
тихий 0,544068 0,000091
тихо 0,354404 0,000177
товар 1,322219 0,000441
товарищ 0,704919 0,000118
тогда 0,050046 0,000075
тоже 0,043466 0,000073
толстой 1,088136 0,000182
только 0,002964 0,000017
том 1,565257 0,000261
тон 0,648803 0,000108
торжество 0,912045 0,000152
торжествовать 0,824895 0,000138
тосковать 1,021189 0,000170
тот 0,002964 0,000009
тотчас 0,046743 0,000016
точить 0,787106 0,000263
точка 0,623249 0,000104
точно 0,121994 0,000122
требоваться 1,389166 0,000232
тревога 0,648803 0,000108
тревожить 1,264227 0,000211
тревожиться 1,690196 0,000282
третий 0,154480 0,000052
три 0,303994 0,000051
тридцать 0,599116 0,000100
трое 0,752344 0,000126
троить 1,389166 0,000232
трудно 0,459747 0,000153
трудный 0,963197 0,000321
тугот 2,167317 0,000362
туда 0,495219 0,000083
тупой 1,468347 0,000245
тупость 2,167317 0,000362
ты 0,133894 0,000045
тысяча 0,217927 0,000073
тьфу 1,213075 0,000202
тяжёлый 0,662167 0,000221
тянуться 1,468347 0,000245
тёмный 0,523865 0,000175
убедительный 1,690196 0,000282
убедить 0,888564 0,000148
убеждение 0,554533 0,000370
убеждённый 0,635838 0,000106
убийство 0,787106 0,000131
убийца 0,704919 0,000118
убить 0,275223 0,000092
убрать 1,167317 0,000195
уважать 0,523865 0,000612
уважение 0,648803 0,000325
увеличиться 1,389166 0,000232
уверить 0,599116 0,000200
уверять 0,411442 0,000206
увидать 0,434924 0,000218
увлечение 1,021189 0,000170
угодный 0,504560 0,000084
угол 0,341243 0,000114
угорелый 1,468347 0,000245
угреватый 1,690196 0,000282
удаться 0,805589 0,000403
удивление 0,292256 0,000098
удивляться 0,544068 0,000091
удовольствие 0,486076 0,000081
удостоить 1,053374 0,000176
уехать 0,459747 0,000077
ужасно 0,167317 0,000028
ужасный 0,322219 0,000215
узнать 0,106619 0,000018
уйти 0,248239 0,000041
указать 0,554533 0,000093
укрепляться 1,866287 0,000311
улыбнуться 0,426955 0,000143
умереть 0,269690 0,000135
умерший 0,000000 0,000000
уметь 0,328468 0,000055
умно 1,264227 0,000211
упование 1,264227 0,000211
упомянуть 0,704919 0,000235
упорно 0,866287 0,000145
упорствовать 1,866287 0,000311
управлять 1,389166 0,000232
упразднить 1,866287 0,000311
уродик 1,866287 0,000311
усадить 0,963197 0,000161
усилие 0,845098 0,000141
услышать 0,381987 0,000064
усмехаться 0,805589 0,000134
усмехнуться 0,374926 0,000063
усмешка 0,752344 0,000251
успевать 1,389166 0,000232
успокаиваться 2,167317 0,000362
устранить 1,690196 0,000282
устроить 0,690196 0,000230
утверждать 0,623249 0,000312
утешаться 1,866287 0,000311
утром 0,411442 0,000069
уходить 0,328468 0,000110
учение 1,167317 0,000195
учиться 0,912045 0,000152
факт 0,533849 0,000802
фамильный 1,468347 0,000245
формальный 1,213075 0,000202
фёдор 0,434924 0,000145
фёдорович 0,150284 0,000477
характер 0,374926 0,000188
хвалить 0,963197 0,000321
хвалиться 1,264227 0,000422
хвастаться 1,565257 0,000261
хвататься 1,468347 0,000245
хижина 2,167317 0,000362
хмуриться 1,213075 0,000405
ходить 0,213075 0,000071
холодный 0,824895 0,000138
хороший 0,077412 0,000194
хорошо 0,189594 0,000158
хотеть 0,033778 0,000034
хотеться 0,292256 0,000146
хоть 0,060107 0,000120
хотя 0,050046 0,000075
хохотать 0,824895 0,000275
цвета 1,213075 0,000202
цветочный 2,167317 0,000362
целовать 0,635838 0,000212
целое 0,587534 0,000098
целый 0,217927 0,000109
цель 0,361137 0,000121
час 0,185046 0,000124
частный 1,322219 0,002207
часто 0,292256 0,000195
часть 0,002964 0,000002
чахоточный 1,167317 0,000195
чей 0,000000 0,000000
человек 0,011981 0,000064
чердак 1,264227 0,000211
черта 0,264227 0,000044
честить 1,866287 0,000311
честный 0,735954 0,000123
честь 0,403889 0,000067
четыре 0,361137 0,000060
число 0,704919 0,000118
читаемый 2,167317 0,000362
читать 0,403889 0,000067
член 0,752344 0,000126
чрез 0,275223 0,000138
чрезвычайно 0,217927 0,000182
чрезвычайный 0,258832 0,000086
что 0,030597 0,000015
чтоб 0,073896 0,000025
чтобы 0,030597 0,000041
чувствовать 0,264227 0,000088
чудачка 1,565257 0,001045
чудной 1,264227 0,000211
чуть 0,176091 0,000411
чёрный 0,504560 0,000168
швейцарский 1,213075 0,000202
шероховатый 2,167317 0,000362
шесть 0,514105 0,000172
шитьё 1,866287 0,000311
школьник 0,936868 0,000156
шляпа 0,769377 0,000128
шпиговать 1,866287 0,000934
шутить 0,845098 0,000141
шутка 0,675956 0,000338
щеголеватый 1,866287 0,000311
щека 0,623249 0,000104
экзамен 1,565257 0,000261
этакий 0,533849 0,000089
это 0,002964 0,000012
этот 0,002964 0,000010
юмор 1,565257 0,000261
я 0,024303 0,000020
явиться 0,298086 0,000050
ясно 0,354404 0,000059
