автор 0,000000 0,000000
авторский 0,000000 0,000000
алексей 0,000000 0,000000
алеш 0,328468 0,005701
басня 1,565257 0,000755
беда 0,662167 0,000319
бежать 0,434924 0,000419
бессильно 2,167317 0,001045
бесчестный 0,888564 0,000428
бесёнок 1,322219 0,000638
библиотека 1,866287 0,002700
бледно 1,125925 0,000543
бледный 0,443041 0,000214
божий 0,623249 0,000601
более 0,000000 0,000000
больно 0,787106 0,000380
больной 0,258832 0,000624
бояться 0,158717 0,000077
брат 0,060107 0,000261
бревенчатый 1,690196 0,000815
бредить 0,912045 0,000440
бросить 0,269690 0,000260
броситься 0,258832 0,000125
бывший 0,389166 0,000188
быстро 0,232819 0,000337
быть 0,000000 0,000000
ваш 0,121994 0,000118
вдова 0,936868 0,000452
вдруг 0,005949 0,000046
вдумываться 1,565257 0,000755
ведь 0,043466 0,000021
веление 2,167317 0,001045
велеть 0,576253 0,000556
верста 0,888564 0,000428
весь 0,002964 0,000009
ветер 1,053374 0,000508
вечер 0,322219 0,000155
вздрогнуть 0,486076 0,000234
взяться 0,824895 0,000398
вид 0,150284 0,000072
видать 0,419129 0,000202
видеть 0,027438 0,000053
видимый 0,443041 0,000427
визит 0,845098 0,000407
влечь 1,167317 0,000563
вместе 0,208276 0,000100
внезапно 0,623249 0,000301
внезапный 0,533849 0,000257
вознаграждение 0,000000 0,000000
возненавидеть 1,021189 0,000492
войти 0,137934 0,000200
волнение 0,361137 0,000174
воля 0,576253 0,000278
вопрос 0,146128 0,000141
ворота 0,720159 0,000347
воротиться 0,303994 0,000147
воскликнуть 0,269690 0,000390
впиться 1,053374 0,000508
время 0,018098 0,000017
вскочить 0,451314 0,000218
вскричать 0,253503 0,000122
вслед 0,523865 0,000253
всматриваться 0,963197 0,000464
вставать 0,576253 0,000278
вступать 1,021189 0,000492
вы 0,232819 0,000225
выйти 0,063514 0,000031
вынуть 0,451314 0,000218
выплата 0,000000 0,000000
вырваться 0,565257 0,000273
высокомерный 1,125925 0,000543
вытащить 0,991226 0,000478
выходить 0,258832 0,000125
гад 1,565257 0,000755
гимн 1,213075 0,000585
гитара 1,468347 0,000708
глаз 0,056728 0,000082
глухой 1,213075 0,000585
говорить 0,011981 0,000075
голос 0,208276 0,000402
горестно 1,125925 0,000543
город 0,248239 0,000239
горько 0,690196 0,000333
горячка 0,963197 0,000929
горячо 0,544068 0,000262
грозно 0,888564 0,000428
грустный 0,735954 0,000355
губа 0,411442 0,000198
губительница 2,167317 0,001045
губить 1,167317 0,000563
даже 0,005949 0,000011
далеко 0,599116 0,000289
далёкий 0,411442 0,000198
дать 0,171682 0,000083
дверь 0,258832 0,000125
деньга 0,185046 0,000089
длинный 0,495219 0,000239
длиться 2,167317 0,001045
довольно 0,129891 0,000188
догнать 1,088136 0,000525
догонять 1,866287 0,000900
дойти 0,389166 0,000188
доказывать 1,389166 0,000670
доктор 0,554533 0,000267
документ 1,053374 0,001016
дом 0,154480 0,000298
домик 1,213075 0,001170
допрос 0,991226 0,000478
дорога 0,275223 0,000265
достоевский 0,000000 0,000000
достояние 0,000000 0,000000
дотронуться 1,167317 0,000563
древний 0,936868 0,000452
дрожать 0,426955 0,000618
дрожь 1,264227 0,000610
друг 0,180546 0,000174
другой 0,008955 0,000004
думать 0,060107 0,000087
душа 0,158717 0,000153
если 0,011981 0,000017
есть 0,018098 0,000009
жар 0,587534 0,000283
женщина 0,213075 0,000205
жест 0,787106 0,000380
жизнь 0,084532 0,000082
жить 0,217927 0,000105
забыть 0,125925 0,000061
завопить 0,769377 0,000371
завтра 0,298086 0,000431
завтрашний 1,021189 0,000492
заговорить 0,334808 0,000161
задавать 0,912045 0,000440
задыхаться 0,635838 0,000307
зазвучать 1,565257 0,000755
зала 0,662167 0,000319
замолчать 0,752344 0,000363
замяться 1,565257 0,000755
занимать 0,787106 0,000759
заступиться 1,468347 0,000708
затрястись 0,963197 0,000464
заходить 0,611015 0,000589
захотеть 0,316059 0,000305
зачем 0,146128 0,000070
зашагать 1,322219 0,000638
зашептать 1,167317 0,000563
звонок 1,468347 0,001416
земной 0,845098 0,000407
злобно 0,599116 0,000867
злобный 0,635838 0,000307
зловещий 1,468347 0,000708
знакомство 0,720159 0,000347
знать 0,002964 0,000030
иван 0,232819 0,003817
иванович 0,269690 0,000910
играть 0,599116 0,000289
идиот 0,426955 0,000206
идти 0,180546 0,000087
изба 0,824895 0,000398
изверг 0,936868 0,001807
известно 0,334808 0,000161
измениться 0,735954 0,000355
иначе 0,367977 0,000177
иногда 0,208276 0,000100
искривленный 1,565257 0,000755
использоваться 0,000000 0,000000
испуг 0,554533 0,000267
исступлённо 1,021189 0,000492
истерически 1,125925 0,000543
источник 1,565257 0,000755
исчезнуть 0,623249 0,000301
казаться 0,063514 0,000061
какой 0,005949 0,000009
канун 2,167317 0,001045
карамазов 0,180546 0,000348
карман 0,396465 0,000191
катерина 0,587534 0,001983
катя 0,912045 0,000440
квартира 0,623249 0,000902
квартировать 1,565257 0,002264
китайский 1,322219 0,000638
клок 2,167317 0,001045
книга 0,106619 0,000154
когда 0,015029 0,000036
коль 0,720159 0,000347
комар 0,000000 0,000000
комната 0,150284 0,000290
комфортный 1,866287 0,000900
конверт 1,088136 0,000525
кондратиевич 1,213075 0,000585
конец 0,213075 0,000103
кончить 0,328468 0,000158
который 0,002964 0,000009
крепко 0,443041 0,000214
кривить 1,468347 0,000708
крикнуть 0,292256 0,000141
крошечный 1,213075 0,000585
кто 0,114239 0,000165
кусок 1,088136 0,000525
кухня 0,888564 0,000428
лестница 0,787106 0,000759
либо 0,000000 0,000000
лиза 1,213075 0,000585
литература 1,468347 0,000708
лицо 0,000000 0,000000
ложиться 0,824895 0,000398
ложь 0,824895 0,000795
любить 0,066947 0,000065
любой 0,000000 0,000000
любопытство 0,361137 0,000174
мало 0,208276 0,000100
марья 0,936868 0,000452
математически 1,690196 0,000815
мать 0,217927 0,000210
мгновение 0,316059 0,000152
меблированный 1,264227 0,000610
медленно 0,805589 0,000388
между 0,129891 0,000063
месяц 0,264227 0,000255
мещанин 1,322219 0,000638
мигом 0,504560 0,000487
мимо 0,514105 0,000248
минута 0,050046 0,000169
митенька 1,264227 0,000610
митенькин 1,866287 0,000900
митя 0,451314 0,000435
много 0,080958 0,000078
можно 0,088136 0,000042
мой 0,077412 0,000037
молить 0,769377 0,000742
молчание 0,662167 0,000639
молчать 0,248239 0,000120
момент 0,000000 0,000000
москва 0,468347 0,000226
мочь 0,000000 0,000000
мрак 0,787106 0,000380
мщение 1,088136 0,000525
наблюдать 0,587534 0,000283
навсегда 0,735954 0,000710
надежда 0,533849 0,000257
надеяться 0,434924 0,000419
надо 0,036984 0,000053
назад 0,000000 0,000000
название 1,088136 0,000525
наизусть 1,167317 0,000563
найти 0,298086 0,000144
нанимать 1,322219 0,000638
написать 0,000000 0,000000
направиться 0,787106 0,000759
напротив 0,180546 0,000087
натуга 1,690196 0,000815
наука 0,787106 0,000380
начать 0,066947 0,000032
небедный 2,167317 0,001045
негодяй 1,322219 0,000638
неделя 0,374926 0,000181
недоумение 0,554533 0,000267
нельзя 0,176091 0,000085
ненавидеть 0,514105 0,000496
непобедимый 1,389166 0,000670
непременно 0,133894 0,000129
непреодолимый 1,389166 0,000670
нервный 0,824895 0,000398
несколько 0,095435 0,000138
нетребовательный 2,167317 0,001045
нечего 0,381987 0,000184
нибыть 0,030597 0,000030
никто 0,095435 0,000046
ничего 0,030597 0,000015
нога 0,213075 0,000103
нотка 1,167317 0,001126
ночь 0,189594 0,000091
ночью 0,587534 0,000283
нянька 1,264227 0,001219
обвинять 0,888564 0,000428
обдумывать 1,053374 0,000508
обернуться 0,576253 0,000278
обижать 1,053374 0,000508
оборачиваться 1,389166 0,000670
обращаться 0,451314 0,000435
общественный 0,000000 0,000000
овладеть 0,912045 0,000440
огонь 0,991226 0,000478
один 0,000000 0,000000
одиннадцатый 0,912045 0,000880
однако 0,102859 0,000099
озарить 1,167317 0,000563
окно 0,381987 0,000184
он 0,000000 0,000000
опубликовать 0,000000 0,000000
опустеть 2,167317 0,001045
опять 0,027438 0,000093
осветить 1,053374 0,000508
особенно 0,129891 0,000188
особо 1,468347 0,000708
оставаться 0,280827 0,000406
оставить 0,203530 0,000098
оставлять 0,533849 0,000257
остальной 0,367977 0,000177
останавливаться 0,866287 0,000418
остановиться 0,269690 0,000390
остаться 0,133894 0,000129
остолбенеть 1,088136 0,000525
ответить 0,121994 0,000059
отвечать 0,258832 0,000125
отвориться 0,936868 0,000452
отец 0,091770 0,000133
отношение 0,623249 0,000301
отозваться 0,936868 0,000452
отойти 0,845098 0,000407
отрезать 0,599116 0,000289
отцеубийца 1,264227 0,000610
отчеканить 1,125925 0,000543
оформление 0,000000 0,000000
охотник 1,125925 0,000543
очень 0,024303 0,000047
ошибаться 0,824895 0,000795
павлович 0,286504 0,000691
пальто 0,936868 0,000452
первый 0,018098 0,000026
передать 0,381987 0,000368
перейти 0,000000 0,000000
перекрёсток 1,322219 0,001275
переменить 0,845098 0,000407
переулок 1,053374 0,000508
песня 1,021189 0,000492
письмо 0,434924 0,000629
плечо 0,403889 0,000195
плюнуть 0,936868 0,000452
поберечься 1,866287 0,000900
повелительный 1,690196 0,001630
поверить 0,347773 0,000335
повернуть 1,088136 0,001049
повернуться 0,495219 0,000478
повиноваться 1,468347 0,000708
повторить 0,544068 0,000525
погубить 0,936868 0,000903
подавать 0,866287 0,000418
подборка 0,000000 0,000000
подняться 0,443041 0,000214
подождать 0,587534 0,000283
подозревать 0,504560 0,000243
подойти 0,341243 0,000165
подслушивать 1,264227 0,000610
подумать 0,185046 0,000089
подхватить 0,403889 0,000195
пожалуйста 0,662167 0,000319
позволить 0,264227 0,000127
позвонить 1,125925 0,000543
пойти 0,080958 0,000117
пока 0,213075 0,000308
показать 0,292256 0,000282
показаться 0,334808 0,000161
показывать 0,514105 0,000248
поклон 0,787106 0,000380
покраснеть 0,504560 0,000243
полагать 0,720159 0,000347
полминутка 1,866287 0,000900
полминуты 1,322219 0,000638
положить 0,403889 0,000195
помедлить 1,690196 0,000815
помешанный 0,769377 0,000742
помешаться 1,167317 0,000563
помещение 1,125925 0,001086
помнить 0,167317 0,000081
помолчать 0,648803 0,000313
понять 0,106619 0,000103
поравняться 1,468347 0,000708
поселиться 1,167317 0,000563
посетитель 0,991226 0,000956
посланник 2,167317 0,001045
послать 0,309985 0,000149
после 0,084532 0,000041
послышаться 0,735954 0,000355
посмертно 0,000000 0,000000
поступить 0,648803 0,000626
потерянно 1,565257 0,000755
потом 0,084532 0,000041
потому 0,024303 0,000047
почти 0,024303 0,000047
почувствовать 0,426955 0,000412
право 0,176091 0,000085
пред 0,030597 0,000015
предлагаться 1,690196 0,002445
прежде 0,077412 0,000037
прежний 0,198834 0,000192
презрительно 0,866287 0,000418
прибавить 0,162996 0,000157
приговор 0,824895 0,000795
приготовиться 0,936868 0,000452
прижизненный 0,000000 0,000000
признаваться 0,912045 0,000880
прийти 0,095435 0,000138
прийтись 0,565257 0,000273
примолкнуть 1,264227 0,000610
принадлежать 0,912045 0,000440
принимать 0,328468 0,000158
прислать 0,403889 0,000195
прислуживать 1,213075 0,000585
пристально 0,389166 0,000188
приход 0,888564 0,000428
приходить 0,243038 0,000234
проговорить 0,110412 0,000586
программирование 0,000000 0,000000
продать 0,824895 0,000398
продолжать 0,125925 0,000243
проживать 0,769377 0,000371
прозвучать 1,468347 0,000708
произведение 0,000000 0,000000
произнести 0,280827 0,000135
пройти 0,000000 0,000000
проклятый 0,662167 0,000319
прокричать 0,599116 0,000289
пролепетать 0,936868 0,000903
проникновенно 1,389166 0,000670
пророк 1,389166 0,000670
просить 0,150284 0,000072
проскрежетать 1,167317 0,000563
простить 0,286504 0,000138
простодушный 0,690196 0,000333
просторный 1,565257 0,000755
противоположный 0,888564 0,000428
протянуть 0,486076 0,000234
протянуться 1,264227 0,000610
проулок 1,866287 0,000900
проходить 0,576253 0,000278
прошептать 0,587534 0,000283
прощать 0,426955 0,000206
прямо 0,118099 0,000285
публикация 0,000000 0,000000
пуще 0,599116 0,000289
пятьдесят 0,675956 0,000326
разве 0,146128 0,000070
развратный 1,021189 0,000492
раздельно 1,213075 0,000585
раздражительный 0,587534 0,001133
разлететься 1,866287 0,000900
разный 0,565257 0,000545
разорвать 0,936868 0,001807
разрешение 0,000000 0,000000
разрывать 1,389166 0,000670
разумеется 0,328468 0,000158
распечатать 1,264227 0,000610
расслышать 1,167317 0,000563
рассмеяться 0,599116 0,000578
расстроить 0,845098 0,000407
растоптать 1,468347 0,000708
ребёнок 0,232819 0,000337
ревматизм 1,565257 0,000755
редко 0,690196 0,000333
резко 0,648803 0,000313
решить 0,232819 0,000112
решиться 0,341243 0,000165
робкий 0,824895 0,000398
робко 0,787106 0,000380
рука 0,030597 0,000044
русский 0,411442 0,000198
ручка 0,769377 0,000371
садиться 0,486076 0,000234
сайт 0,000000 0,000000
сам 0,002964 0,000009
самый 0,018098 0,000017
сверкать 0,611015 0,000295
сверху 0,936868 0,000903
свет 0,176091 0,000085
свидание 0,514105 0,000248
свирепо 1,322219 0,000638
свободно 0,000000 0,000000
свой 0,000000 0,000000
сгубить 1,468347 0,000708
сдержанность 1,565257 0,000755
сдержать 0,752344 0,000363
себя 0,000000 0,000000
сегодня 0,194189 0,000375
сейчас 0,070407 0,000068
секрет 0,690196 0,000333
семейство 0,451314 0,000218
семьдесят 0,000000 0,000000
сердце 0,095435 0,000046
сесть 0,824895 0,000398
сие 0,611015 0,000295
сказать 0,011981 0,000081
скоситься 1,866287 0,000900
скрежущий 2,167317 0,001045
скрыться 1,213075 0,000585
следить 0,623249 0,000301
слишком 0,133894 0,000065
слово 0,027438 0,000066
случай 0,146128 0,000070
случиться 0,292256 0,000141
слышать 0,125925 0,000243
смердяков 0,576253 0,001389
смерть 0,374926 0,000181
смотреть 0,077412 0,000112
собрание 1,088136 0,000525
собственноручный 1,866287 0,000900
советовать 1,125925 0,000543
совсем 0,021189 0,000082
согласие 0,000000 0,000000
соображение 0,912045 0,000440
соседка 1,389166 0,000670
сотый 1,322219 0,000638
сочинение 1,468347 0,000708
спасительница 2,167317 0,001045
спасти 0,468347 0,000226
спросить 0,114239 0,000220
спускаться 1,322219 0,000638
ссора 1,021189 0,000492
стараться 0,648803 0,000313
старушонка 1,389166 0,000670
стать 0,002964 0,000004
стоя 0,963197 0,000464
стоять 0,150284 0,000290
страдать 0,623249 0,000301
странность 0,963197 0,000464
странный 0,227798 0,000110
страшно 0,434924 0,000210
страшный 0,286504 0,000138
ступать 0,587534 0,000283
суд 0,554533 0,000802
сумасшедший 0,554533 0,000267
сумасшествие 1,021189 0,000492
суп 1,565257 0,000755
сухо 0,991226 0,000478
схватить 0,347773 0,000335
сходить 0,611015 0,000884
также 0,000000 0,000000
такой 0,002964 0,000013
твой 0,258832 0,000125
твёрдо 0,419129 0,000404
текст 0,000000 0,000000
тема 0,735954 0,000355
теперь 0,015029 0,000043
терпеть 0,866287 0,000418
тихий 0,544068 0,000262
тихо 0,354404 0,000513
тогда 0,050046 0,000048
тоже 0,043466 0,000042
только 0,002964 0,000011
том 1,565257 0,000755
тон 0,648803 0,000313
тот 0,002964 0,000003
тотчас 0,046743 0,000045
тускло 2,167317 0,001045
ты 0,133894 0,000904
тёмный 0,523865 0,000253
убаюкать 2,167317 0,001045
убедить 0,888564 0,000428
убийца 0,704919 0,002379
убирать 1,389166 0,000670
убить 0,275223 0,000929
увидать 0,434924 0,000210
удивление 0,292256 0,000141
узнать 0,106619 0,000154
указать 0,554533 0,000267
улица 0,396465 0,000191
умерший 0,000000 0,000000
умирающий 1,264227 0,000610
упрёк 1,125925 0,000543
услышать 0,381987 0,000368
усмехнуться 0,374926 0,000362
усмешка 0,752344 0,000726
успеть 0,203530 0,000294
утро 0,347773 0,000168
федора 0,912045 0,000440
флигель 0,936868 0,000903
фонарь 1,125925 0,002172
фёдор 0,434924 0,001258
фёдорович 0,150284 0,001449
ходить 0,213075 0,000103
холодно 0,991226 0,000478
холодный 0,824895 0,000398
хороший 0,077412 0,000075
хотеть 0,033778 0,000065
хотя 0,050046 0,000024
целое 0,587534 0,000283
целый 0,217927 0,000105
час 0,185046 0,000446
часто 0,292256 0,000141
часть 0,002964 0,000003
чей 0,000000 0,000000
человек 0,011981 0,000012
черта 0,264227 0,000127
честно 0,991226 0,000478
четвёртый 0,286504 0,000276
чиновница 1,468347 0,000708
число 0,704919 0,000340
читаемый 2,167317 0,001045
читать 0,403889 0,000389
чрезвычайно 0,217927 0,000105
что 0,030597 0,000015
чтоб 0,073896 0,000143
чтобы 0,030597 0,000059
чувство 0,158717 0,000077
шаг 0,367977 0,000177
шагать 0,963197 0,000464
шестнадцать 1,690196 0,000815
шесть 0,514105 0,000496
шёпотом 0,675956 0,000652
щадить 1,053374 0,001016
эпилептик 1,565257 0,001509
это 0,002964 0,000013
этот 0,002964 0,000004
я 0,024303 0,000176
явиться 0,298086 0,000144
ясно 0,354404 0,000171
