автор 0,000000 0,000000
авторский 0,000000 0,000000
агашка 2,167317 0,000430
аглая 0,662167 0,000789
аделаида 0,720159 0,000858
адски 2,167317 0,000430
адский 1,468347 0,000875
акварельный 2,167317 0,000430
алексеевич 0,963197 0,000383
алексей 0,000000 0,000000
апокалипсис 1,468347 0,000292
ардалионович 0,675956 0,001074
архиепископ 2,167317 0,000430
беда 0,662167 0,000131
бежать 0,434924 0,000086
без 0,599116 0,000238
безверие 1,565257 0,000311
безвозвратно 1,389166 0,000276
безобразный 1,053374 0,000209
безошибочно 1,565257 0,000311
белые 1,213075 0,000241
беспокоиться 0,514105 0,000102
беспорядок 0,787106 0,000313
беспрерывно 0,623249 0,000124
бессвязный 1,389166 0,000276
бессмысленный 1,468347 0,000583
бесчестно 1,468347 0,000292
библиотека 1,866287 0,001112
благородный 0,374926 0,000372
благословить 0,735954 0,000146
бог 0,154480 0,000092
богатый 0,587534 0,000233
более 0,000000 0,000000
болтовня 1,690196 0,000336
большой 0,056728 0,000090
бороться 1,053374 0,000209
борьба 1,053374 0,000209
бояться 0,158717 0,000189
брат 0,060107 0,000012
братец 0,991226 0,000197
братский 1,389166 0,000276
брать 0,486076 0,000097
бриллиант 1,389166 0,000276
бродить 1,125925 0,000224
будто 0,099131 0,000098
буква 1,167317 0,000232
буквально 0,805589 0,000160
бурдалу 2,167317 0,000861
бурдовский 1,053374 0,000209
бывший 0,389166 0,000077
быстро 0,232819 0,000092
быстрый 0,824895 0,000164
быть 0,000000 0,000000
вагон 0,888564 0,000176
важно 0,675956 0,000268
важный 0,341243 0,000136
варвар 1,468347 0,001166
варя 0,991226 0,000787
ваш 0,121994 0,000194
ваша 0,523865 0,000104
ввернуть 0,963197 0,000191
вдвоём 1,322219 0,000263
вдобавок 1,213075 0,000241
вдруг 0,005949 0,000011
ведь 0,043466 0,000138
век 0,769377 0,000153
вексель 1,389166 0,001655
великолепный 0,824895 0,000328
вера 0,514105 0,000204
верить 0,180546 0,000179
верно 0,523865 0,000104
верховой 2,167317 0,000430
вести 0,787106 0,000156
весь 0,002964 0,000009
весьма 0,243038 0,000048
весёлый 0,389166 0,000077
ветер 1,053374 0,000209
ветреник 2,167317 0,000430
ветреность 1,690196 0,000336
вечер 0,322219 0,000256
вечером 0,533849 0,000106
вечный 0,769377 0,000153
вещь 0,411442 0,000082
взаимно 1,468347 0,000292
взгляд 0,185046 0,000110
взглянуть 0,468347 0,000093
вздор 0,565257 0,000112
взять 0,077412 0,000015
вивёр 2,167317 0,000430
видеть 0,027438 0,000022
видимо 0,328468 0,000130
видимый 0,443041 0,000088
видно 0,504560 0,000100
видный 1,088136 0,000216
визит 0,845098 0,000503
винить 1,264227 0,000251
виноватый 0,328468 0,000196
вкус 1,021189 0,000406
вкусить 1,690196 0,000336
влияние 0,991226 0,000394
вместе 0,208276 0,000165
внешний 1,322219 0,000263
внимание 0,504560 0,000200
внутренний 0,936868 0,000372
внутренно 1,322219 0,000263
возвращаться 0,704919 0,000140
воздух 0,845098 0,000168
возможность 0,587534 0,000350
возмутить 1,565257 0,000311
вознаграждение 0,000000 0,000000
войти 0,137934 0,000082
вокруг 1,264227 0,000251
воксало 1,167317 0,000232
вообразить 0,662167 0,000131
вообще 0,459747 0,000183
вопрос 0,146128 0,000203
вопросительно 1,167317 0,000232
ворваться 1,167317 0,000232
воровать 1,322219 0,000263
воротиться 0,303994 0,000181
восемь 0,735954 0,000146
воскликнуть 0,269690 0,000107
воспоминание 0,635838 0,000126
восьмой 0,888564 0,000176
вполне 0,316059 0,000251
впредь 0,752344 0,000299
впрочем 0,118099 0,000281
вражда 1,322219 0,000263
время 0,018098 0,000025
вряд 0,963197 0,000383
всевышний 2,167317 0,000430
всегда 0,129891 0,000026
вскользь 1,690196 0,000671
вскочить 0,451314 0,000090
вскричать 0,253503 0,000201
вспомнить 0,434924 0,000086
всякий 0,106619 0,000106
второй 0,217927 0,000216
втянуться 1,690196 0,000336
вчера 0,341243 0,000271
вчерашний 0,599116 0,001071
вы 0,232819 0,000092
выбор 1,389166 0,000276
выгнать 1,125925 0,000671
выговорить 0,599116 0,000238
выдержать 0,587534 0,000117
выдержка 1,690196 0,000336
выдумать 0,648803 0,000129
выдумка 1,690196 0,000336
выиграть 1,088136 0,000216
выйти 0,063514 0,000050
выкупать 1,866287 0,000371
выманить 1,690196 0,000336
вымолвить 1,088136 0,000216
выпасть 1,468347 0,000292
выплата 0,000000 0,000000
выручать 1,690196 0,000336
высказать 0,523865 0,000104
высказаться 0,936868 0,000372
высокий 0,213075 0,000042
выходить 0,258832 0,000051
выходка 0,866287 0,000172
выше 0,720159 0,000286
гаврил 1,213075 0,000482
гаврила 0,752344 0,000299
гана 1,125925 0,000224
ганечка 1,264227 0,000251
ганя 0,735954 0,002484
гастроном 2,167317 0,000430
генерал 0,504560 0,000401
герой 0,991226 0,000197
гимназист 1,389166 0,000276
главное 0,185046 0,000220
главный 0,426955 0,000339
глаз 0,056728 0,000034
глубокий 0,477121 0,000095
глубоко 0,611015 0,000121
глушь 1,690196 0,000336
глядеть 0,243038 0,000048
говорить 0,011981 0,000043
год 0,292256 0,000058
гордиться 1,021189 0,000203
гордый 0,576253 0,000114
господин 0,208276 0,000041
господь 0,374926 0,000074
госпожа 0,648803 0,000129
готовность 1,088136 0,000216
грустный 0,735954 0,000146
гулять 0,963197 0,000574
давать 0,253503 0,000050
давеча 0,232819 0,000139
давно 0,158717 0,000095
даже 0,005949 0,000027
дальний 1,021189 0,000203
далёкий 0,411442 0,000163
дама 0,434924 0,000173
даром 0,769377 0,000153
дарья 1,125925 0,000447
дать 0,171682 0,000136
дачник 1,468347 0,000292
два 0,198834 0,000079
двадцатипятирублёвый 1,565257 0,000311
двадцать 0,303994 0,000181
двойной 1,565257 0,000622
двоякий 1,866287 0,000371
девица 0,648803 0,000386
девочка 0,787106 0,000313
действительно 0,106619 0,000064
делать 0,194189 0,000039
делишки 1,389166 0,000276
дело 0,011981 0,000055
денежный 1,565257 0,000311
день 0,118099 0,000188
деньга 0,185046 0,000331
дерево 0,752344 0,000299
держать 0,403889 0,000080
десять 0,298086 0,000059
детский 0,752344 0,000299
длинный 0,495219 0,000098
добиваться 1,389166 0,000276
добродетельный 1,167317 0,000232
доброта 0,991226 0,000197
добрый 0,303994 0,000060
доверенность 1,213075 0,000241
доверить 1,468347 0,000292
доверчивость 1,213075 0,000482
довольно 0,129891 0,000077
договаривать 1,264227 0,000251
дойти 0,389166 0,000155
долгий 0,720159 0,000143
долго 0,222835 0,000177
должный 0,099131 0,000098
доля 1,125925 0,000224
дом 0,154480 0,000153
домик 1,213075 0,000482
домой 0,459747 0,000091
допрашивать 0,991226 0,000197
допускать 0,963197 0,000191
дорога 0,275223 0,000273
достать 0,587534 0,000117
достаться 0,888564 0,000176
достоевский 0,000000 0,000000
достояние 0,000000 0,000000
другой 0,008955 0,000020
дружески 0,991226 0,000394
дружеский 1,125925 0,000894
думать 0,060107 0,000119
дупло 1,866287 0,000371
дух 0,486076 0,000097
дядя 1,167317 0,000464
дёрнуть 1,389166 0,000276
евгений 0,866287 0,003612
евгения 0,963197 0,000191
европа 1,088136 0,000216
едва 0,554533 0,000110
единственно 0,477121 0,000474
единый 0,611015 0,000243
епанчин 0,690196 0,000411
если 0,011981 0,000026
есть 0,018098 0,000032
ехать 0,587534 0,000117
жалеть 0,805589 0,000160
жалко 0,912045 0,000181
жаль 0,635838 0,000253
жар 0,587534 0,000117
ждать 0,142011 0,000169
желание 0,514105 0,000204
желать 0,232819 0,000092
железный 0,752344 0,000299
жених 0,824895 0,000164
женщина 0,213075 0,000085
жизнь 0,084532 0,000050
жить 0,217927 0,000043
завидовать 1,213075 0,000241
завтра 0,298086 0,000118
загадка 0,787106 0,000313
загадочный 1,088136 0,000432
заговор 1,264227 0,000251
задавать 0,912045 0,000181
задать 0,866287 0,000172
задача 0,866287 0,000688
задумчивый 0,805589 0,000160
задумываться 0,963197 0,000191
заезжать 1,468347 0,000292
заинтересованный 1,322219 0,000263
зайти 0,554533 0,000440
заключать 0,787106 0,000156
заключение 0,787106 0,000156
заключить 0,347773 0,000138
закоробиться 2,167317 0,000861
закривляться 2,167317 0,000861
закричать 0,434924 0,000173
замедлить 1,866287 0,000741
заметить 0,056728 0,000068
замечать 0,554533 0,000110
замолчать 0,752344 0,000299
замышлять 1,866287 0,000371
замяться 1,565257 0,000311
занести 1,322219 0,000263
занимательный 1,690196 0,000336
занимать 0,787106 0,000156
занять 0,991226 0,000590
зарождаться 1,322219 0,000263
заслать 1,322219 0,000788
засмеяться 0,347773 0,000069
заснуть 0,769377 0,000153
засыпать 0,963197 0,000191
затем 0,237898 0,000047
заходить 0,611015 0,000243
захотеться 0,704919 0,000140
захохотать 0,866287 0,000172
зачем 0,146128 0,000058
звать 0,419129 0,000083
звезда 1,053374 0,000209
здесь 0,095435 0,000095
здоровье 0,704919 0,000140
здравствовать 1,690196 0,000336
зелень 1,866287 0,000371
земля 0,298086 0,000059
знак 0,565257 0,000224
знакомство 0,720159 0,000143
знакомый 0,486076 0,000097
знать 0,002964 0,000016
значение 0,936868 0,000186
золото 1,125925 0,000447
иван 0,232819 0,000139
иванович 0,269690 0,000054
иволгин 0,866287 0,000172
идиот 0,426955 0,000424
идти 0,180546 0,000036
известие 0,554533 0,000440
известно 0,334808 0,000066
известный 0,347773 0,000207
излияние 1,565257 0,000622
изумление 0,735954 0,000292
изумруд 2,167317 0,001721
имение 1,053374 0,000209
именно 0,066947 0,000080
иметь 0,118099 0,000164
иногда 0,208276 0,000165
интимный 1,264227 0,000251
интрига 1,389166 0,001931
ипполит 0,599116 0,000119
искатель 1,565257 0,000311
искренний 0,576253 0,000114
искренно 0,523865 0,000520
искренность 0,991226 0,000197
искривить 1,167317 0,000232
исповедь 0,845098 0,001007
использоваться 0,000000 0,000000
испуг 0,554533 0,000110
испытать 1,167317 0,000232
истина 0,704919 0,000280
истинно 1,125925 0,000224
истинный 0,611015 0,000364
история 0,495219 0,000197
источник 1,565257 0,000622
исчезнуть 0,623249 0,000124
каждый 0,137934 0,000055
казаться 0,063514 0,000038
какой 0,005949 0,000028
канцелярия 1,468347 0,000292
капитальный 1,167317 0,000464
касаться 0,599116 0,000476
кататься 2,167317 0,000430
качество 0,735954 0,000146
каяться 1,389166 0,000276
келлер 0,963197 0,002678
класс 0,888564 0,000176
клевета 1,264227 0,000753
клясться 0,554533 0,000220
книга 0,106619 0,000021
князь 0,443041 0,008358
когда 0,015029 0,000006
коли 0,269690 0,000054
коля 0,565257 0,000786
коляска 0,991226 0,000984
команда 1,565257 0,000311
комар 0,000000 0,000000
компания 0,611015 0,000243
конец 0,213075 0,000212
конечно 0,060107 0,000095
кончить 0,328468 0,000065
кончиться 0,495219 0,000098
конь 1,213075 0,000241
короб 2,167317 0,000430
косвенно 1,322219 0,000525
коснуться 1,213075 0,000241
который 0,002964 0,000008
крайний 0,292256 0,000348
крайность 1,264227 0,000502
краснеть 0,866287 0,000172
красота 0,720159 0,000143
крепко 0,443041 0,000088
крест 0,690196 0,000274
креститься 1,468347 0,000292
крик 0,514105 0,000102
кричать 0,303994 0,000121
кроме 0,158717 0,000095
кругом 0,419129 0,000166
кто 0,114239 0,000023
куда 0,248239 0,000049
кулак 0,752344 0,000149
кураж 1,690196 0,000336
кутёж 1,021189 0,000406
лебедев 0,690196 0,002330
лев 1,021189 0,000406
летать 1,866287 0,000371
летучий 1,866287 0,000371
либо 0,000000 0,000000
лизавета 0,623249 0,001114
литература 1,468347 0,000292
лицо 0,000000 0,000000
личный 0,662167 0,000131
ловко 1,125925 0,000224
ложный 1,322219 0,000263
ложь 0,824895 0,000328
любезный 0,991226 0,000197
любить 0,066947 0,000013
любой 0,000000 0,000000
любопытный 0,648803 0,000129
любопытство 0,361137 0,000072
любочка 1,866287 0,000371
лёгкий 0,599116 0,000119
маленький 0,185046 0,000037
мало 0,208276 0,000041
малодушие 1,322219 0,000525
малый 0,334808 0,000066
материя 1,690196 0,000336
матросский 2,167317 0,000430
мать 0,217927 0,000043
между 0,129891 0,000155
мелькнуть 0,544068 0,000108
мера 0,217927 0,000260
место 0,099131 0,000039
мечта 0,735954 0,000146
милый 0,322219 0,000384
минута 0,050046 0,000080
минутка 0,635838 0,000126
мнение 0,374926 0,000074
мнительность 1,053374 0,000418
многие 0,468347 0,000093
многий 0,514105 0,000204
много 0,080958 0,000064
многое 0,443041 0,000088
многозначительный 2,167317 0,000430
можно 0,088136 0,000105
мой 0,077412 0,000046
молодой 0,222835 0,000088
молчать 0,248239 0,000099
момент 0,000000 0,000000
морщиться 1,690196 0,000336
мочь 0,000000 0,000000
мрачный 0,662167 0,000263
мщение 1,088136 0,000216
мы 0,648803 0,000129
мыслия 1,468347 0,000292
мысль 0,114239 0,000227
мышь 1,866287 0,000371
наблюдение 1,167317 0,000232
наверно 0,264227 0,000210
навсегда 0,735954 0,000292
наглость 1,389166 0,000276
наговаривать 1,866287 0,000741
наговор 1,866287 0,000371
надежда 0,533849 0,000318
надеть 0,888564 0,000176
надо 0,036984 0,000029
назад 0,000000 0,000000
название 1,088136 0,000216
назвать 0,635838 0,000126
назойливый 1,690196 0,000336
называть 0,477121 0,000284
называться 0,866287 0,000172
найти 0,298086 0,000237
наказание 1,088136 0,000432
наконец 0,073896 0,000235
намёк 0,845098 0,000168
написать 0,000000 0,000000
напрасно 0,805589 0,000160
например 0,298086 0,000118
нарочно 0,227798 0,000136
насквозь 1,125925 0,000224
наскоро 0,888564 0,000176
настасья 0,720159 0,001430
настать 1,213075 0,000241
насчёт 0,354404 0,000211
наука 0,787106 0,000156
нахмурить 1,088136 0,000216
находить 0,576253 0,000114
находиться 0,514105 0,000204
начало 0,243038 0,000048
начальник 1,264227 0,000251
начать 0,066947 0,000080
начинать 0,292256 0,000174
наш 0,118099 0,000023
небольшой 0,675956 0,000134
невеста 0,720159 0,000143
невинно 1,468347 0,000292
невинность 0,936868 0,000186
невинный 0,576253 0,000114
невозможно 0,411442 0,000327
невольный 1,468347 0,000292
негодный 1,690196 0,000336
негодование 0,403889 0,000080
недавний 0,888564 0,000176
неделя 0,374926 0,000149
недоумение 0,554533 0,000110
независимо 1,690196 0,000336
нездоровый 1,053374 0,000209
неизвестно 0,936868 0,000186
неизвестный 0,936868 0,000186
неистовый 0,888564 0,000176
некоторый 0,154480 0,000245
нельзя 0,176091 0,000140
немедленно 0,554533 0,000220
немного 0,426955 0,000085
необыкновенный 0,396465 0,000236
необычайный 0,662167 0,000131
необычный 1,866287 0,000371
неотлагать 2,167317 0,000430
непонятный 1,053374 0,000209
непременно 0,133894 0,000133
непрошенный 2,167317 0,000430
неразрешимый 1,322219 0,000263
нерасположение 1,866287 0,000371
нескладно 1,690196 0,000336
несколько 0,095435 0,000038
несмотря 0,275223 0,000055
несправедливый 0,888564 0,000176
нести 0,824895 0,000164
несчастный 0,374926 0,000074
нетерпеливый 0,752344 0,000149
нетерпение 0,554533 0,000330
неужели 0,389166 0,000155
неуклюжий 1,565257 0,000311
нехорошо 0,963197 0,000383
нечто 0,389166 0,000077
нибыть 0,030597 0,000085
нигде 1,125925 0,000224
низкий 0,611015 0,000364
низко 1,322219 0,000263
низость 0,845098 0,000336
никакой 0,213075 0,000169
никогда 0,088136 0,000123
николаевич 0,704919 0,000700
никто 0,095435 0,000038
нисколько 0,662167 0,000131
ничего 0,030597 0,000043
ничто 0,576253 0,000229
новый 0,167317 0,000066
носиться 1,690196 0,000336
ночь 0,189594 0,000038
нравиться 0,611015 0,000121
нравственность 1,468347 0,000292
нужда 1,213075 0,000482
нужный 0,477121 0,000095
оба 0,316059 0,000126
обвинить 1,167317 0,000232
обдумать 0,936868 0,000372
обдумываться 2,167317 0,000861
обед 0,690196 0,000137
обливаться 1,565257 0,000311
обнять 0,735954 0,000146
оборвать 1,167317 0,000232
обрадоваться 0,611015 0,000121
образ 0,243038 0,000145
образование 0,845098 0,000168
образоваться 1,468347 0,000292
обратить 0,769377 0,000153
обращать 0,963197 0,000383
обстоятельство 0,403889 0,000241
общественный 0,000000 0,000000
общий 0,514105 0,000204
объявить 0,389166 0,000386
объяснение 0,599116 0,000119
обыкновение 0,888564 0,000353
огорчиться 1,565257 0,000311
огромный 0,599116 0,000119
одеваться 1,213075 0,000241
один 0,000000 0,000000
одиннадцатый 0,912045 0,000181
однако 0,102859 0,000061
одобрять 1,213075 0,000241
ожидать 0,264227 0,000262
озабоченно 1,088136 0,000216
означать 1,021189 0,000203
оказываться 0,936868 0,000186
оклеветать 1,690196 0,000336
около 0,443041 0,000088
окончание 1,264227 0,000251
он 0,000000 0,000000
они 0,275223 0,000164
опасение 1,468347 0,000292
опасный 0,845098 0,000168
оправдать 0,963197 0,000191
опубликовать 0,000000 0,000000
опыт 1,213075 0,000241
опять 0,027438 0,000060
осмотреться 1,125925 0,000224
особа 0,769377 0,000458
особенно 0,129891 0,000026
особенный 0,389166 0,000232
особый 0,565257 0,000337
оставаться 0,280827 0,000112
оставить 0,203530 0,000121
остановить 0,565257 0,000224
остаться 0,133894 0,000106
отвергнуть 0,991226 0,000197
ответ 0,322219 0,000064
ответить 0,121994 0,000048
отвечать 0,258832 0,000051
отдельно 1,322219 0,000263
отец 0,091770 0,000036
отказать 0,735954 0,000146
отказываться 1,053374 0,000209
откуда 0,514105 0,000102
откупоривать 1,866287 0,000371
отлично 0,805589 0,000160
отмахиваться 1,565257 0,000311
отношение 0,623249 0,000619
отправиться 0,611015 0,000243
отстать 1,088136 0,000432
отсчитать 1,690196 0,000336
отчаиваться 2,167317 0,000430
оформление 0,000000 0,000000
очевидный 0,554533 0,000110
очень 0,024303 0,000097
очутиться 0,675956 0,000134
ошибиться 0,752344 0,000149
ошибочно 1,690196 0,000671
павлищев 1,213075 0,000241
павлович 0,286504 0,000626
павловск 0,888564 0,000706
павловский 1,389166 0,000552
павлыкать 1,389166 0,003034
панталык 2,167317 0,000430
парк 1,213075 0,000241
парка 1,213075 0,000241
пастушеский 2,167317 0,000430
пасть 0,866287 0,000172
первый 0,018098 0,000047
переговорить 0,936868 0,000186
перейти 0,000000 0,000000
перемена 0,824895 0,000164
перескочить 0,991226 0,000197
перессориться 1,468347 0,000292
петербург 0,434924 0,000518
петербургский 0,991226 0,000394
петрович 1,088136 0,000216
петь 0,936868 0,000186
план 0,888564 0,000176
плод 1,389166 0,000276
плюнуть 0,936868 0,000186
побаловать 2,167317 0,000430
поблагодарить 1,264227 0,000251
повадливый 1,690196 0,000336
поверить 0,347773 0,000069
повод 0,635838 0,000126
повредить 1,213075 0,000241
повторять 0,396465 0,000157
погибший 1,088136 0,000216
поговорить 0,805589 0,000160
подборка 0,000000 0,000000
поджидать 1,213075 0,000241
подлец 0,554533 0,000110
подноготная 1,866287 0,000741
подождать 0,587534 0,000117
подозревать 0,504560 0,000200
подробность 0,477121 0,000095
подсказать 0,963197 0,000191
подтвердить 0,544068 0,000108
подумать 0,185046 0,000110
подуматься 1,213075 0,000241
подхватить 0,403889 0,000080
подыскаться 2,167317 0,000430
пожаловать 0,704919 0,000140
пожалуйста 0,662167 0,000263
пожелать 0,675956 0,000134
пожимать 1,264227 0,000251
позабыть 0,845098 0,000168
позвать 0,704919 0,000140
позволить 0,264227 0,000157
позволять 0,866287 0,000172
поздно 0,735954 0,000292
поискать 1,690196 0,000336
пойти 0,080958 0,000032
показать 0,292256 0,000116
показаться 0,334808 0,000066
поклясться 1,053374 0,000209
покраснеть 0,504560 0,000301
полный 0,253503 0,000252
положим 0,720159 0,000143
положительно 0,805589 0,000160
положить 0,403889 0,000080
полтора 0,787106 0,000156
полчаса 0,752344 0,000149
полынь 1,866287 0,000371
помалу 0,675956 0,000134
помешать 0,963197 0,000191
помиловать 0,735954 0,000146
помнить 0,167317 0,000066
помолчать 0,648803 0,000258
поморщиться 1,167317 0,000232
помочь 0,587534 0,000117
помощник 1,565257 0,000311
понимать 0,095435 0,000190
понравиться 0,533849 0,000106
понять 0,106619 0,000042
попасться 1,125925 0,000224
пополудни 1,213075 0,000482
пора 0,690196 0,000137
порядочно 1,213075 0,000241
поселиться 1,167317 0,000232
посетитель 0,991226 0,000394
посещать 0,845098 0,000168
посещение 0,888564 0,000706
посидеть 1,125925 0,000224
после 0,084532 0,000134
последний 0,066947 0,000040
последовать 0,824895 0,000328
послушать 0,662167 0,000263
посмертно 0,000000 0,000000
посмотреть 0,213075 0,000042
поссорить 1,866287 0,000371
поссориться 0,936868 0,000372
поставить 0,451314 0,000269
постоялый 1,088136 0,000432
постоянно 0,824895 0,000164
постоять 0,690196 0,000137
поступок 0,623249 0,000124
посылать 0,787106 0,000156
потащить 1,322219 0,000263
потерять 0,611015 0,000121
потирать 1,468347 0,000292
потом 0,084532 0,000017
потому 0,024303 0,000048
потрясный 1,213075 0,000241
поутру 0,845098 0,000168
поцеловать 0,587534 0,000117
почему 0,099131 0,000098
почти 0,024303 0,000043
пощадить 0,991226 0,000394
появиться 0,662167 0,000263
правда 0,088136 0,000193
правдивость 1,468347 0,000292
правильно 1,167317 0,000464
право 0,176091 0,000035
превосходно 1,125925 0,000224
пред 0,030597 0,000018
преднамеренный 1,690196 0,000671
предосудительный 2,167317 0,000430
предполагать 0,991226 0,000197
предположить 0,824895 0,000164
представить 0,286504 0,000284
предчувствовать 0,504560 0,000100
прежде 0,077412 0,000077
прежний 0,198834 0,000118
презрение 0,554533 0,000110
преимущественно 1,053374 0,000418
прелестный 0,866287 0,000172
прибавить 0,162996 0,000129
пригласить 0,720159 0,000143
приготовить 0,675956 0,000134
приготовиться 0,936868 0,000186
придать 1,088136 0,000216
придраться 1,690196 0,000336
приехать 0,309985 0,000246
прижизненный 0,000000 0,000000
признаваться 0,912045 0,000362
признак 0,845098 0,000336
признание 0,824895 0,000328
признаться 0,443041 0,000176
прийти 0,095435 0,000076
прикладывать 1,322219 0,000263
приключение 0,936868 0,000186
прикочевать 2,167317 0,000430
примирение 1,389166 0,000276
принимать 0,328468 0,000130
принять 0,180546 0,000108
припоминать 0,648803 0,000129
прислать 0,403889 0,000160
пристально 0,389166 0,000077
приступать 1,213075 0,000241
присутствовать 0,912045 0,000181
присущий 1,866287 0,000371
приходить 0,243038 0,000048
причина 0,396465 0,000157
приятно 0,805589 0,000480
пробормотать 0,316059 0,000063
пробыть 0,845098 0,000503
проговорить 0,110412 0,000044
программирование 0,000000 0,000000
прогрессивно 2,167317 0,000430
прогулка 1,322219 0,000525
продолжать 0,125925 0,000150
произведение 0,000000 0,000000
пройти 0,000000 0,000000
проклясть 1,264227 0,000251
прокофиевич 0,704919 0,001260
промолвиться 2,167317 0,000430
промолчать 1,021189 0,000203
пронзать 1,866287 0,000371
проницать 1,690196 0,000336
проповедник 1,866287 0,000371
просить 0,150284 0,000060
проскочить 1,866287 0,000371
простить 0,286504 0,000057
проститься 0,845098 0,000503
просто 0,232819 0,000416
простодушие 1,021189 0,000406
просьба 0,623249 0,000124
прочий 0,824895 0,000164
прочить 0,648803 0,000129
прощаться 0,963197 0,000191
прямо 0,118099 0,000164
психология 1,125925 0,000224
птицын 0,769377 0,000153
публикация 0,000000 0,000000
пункт 0,824895 0,000328
путь 0,675956 0,000134
пуще 0,599116 0,000119
пышно 1,690196 0,000336
пятый 0,787106 0,000156
пять 0,222835 0,000044
пятьдесят 0,675956 0,000268
работа 0,991226 0,000197
ради 0,752344 0,000149
разбить 0,936868 0,000186
разборчивый 2,167317 0,000430
разве 0,146128 0,000087
развесистый 2,167317 0,000430
развитие 0,912045 0,000362
развлечь 1,389166 0,000276
разговаривать 0,720159 0,000143
разговор 0,264227 0,000052
разговориться 1,213075 0,000241
разластиться 2,167317 0,000430
размер 1,088136 0,000216
разойтись 0,888564 0,000176
разрастаться 1,866287 0,000371
разрешать 1,264227 0,000251
разрешение 0,000000 0,000000
разрешить 0,824895 0,000491
разрушить 1,468347 0,000292
разумеется 0,328468 0,000261
разъяснение 1,565257 0,000622
разъяснить 0,662167 0,000131
ранний 0,504560 0,000200
раскаиваться 0,963197 0,000191
раскаяние 0,769377 0,000458
раскинуться 2,167317 0,000430
раскрывать 1,690196 0,000336
расположение 1,021189 0,000406
распространиться 1,389166 0,000276
рассердиться 0,523865 0,000312
рассеянный 1,021189 0,000203
рассказ 0,477121 0,000189
рассказать 0,280827 0,000279
рассказывать 0,341243 0,000339
расспрос 1,053374 0,000209
расстроить 0,845098 0,000336
рассудить 0,675956 0,000268
рассуждать 0,752344 0,000149
расхохотаться 0,963197 0,000191
расчихаться 2,167317 0,000430
ребёнок 0,232819 0,000046
ревнивец 1,690196 0,000336
ревновать 1,021189 0,000406
ремесло 1,866287 0,000371
решаться 0,752344 0,000448
решительный 0,611015 0,000121
решить 0,232819 0,000139
решиться 0,341243 0,000068
робкий 0,824895 0,000164
робко 0,787106 0,000156
рогожин 0,936868 0,000186
рогожина 0,648803 0,000515
род 0,419129 0,000166
родитель 0,599116 0,000119
родный 0,565257 0,000112
родственница 1,021189 0,000203
ростовщик 1,264227 0,000502
рублик 1,468347 0,000292
рубль 0,334808 0,000133
рука 0,030597 0,000030
русский 0,411442 0,000082
рыдать 0,963197 0,000191
рыцарски 1,690196 0,000336
ряд 1,213075 0,000241
саван 2,167317 0,000430
сайт 0,000000 0,000000
сам 0,002964 0,000009
самоумаление 1,866287 0,000371
самый 0,018098 0,000032
сбивать 1,264227 0,000251
сбить 0,866287 0,000344
свет 0,176091 0,000035
светло 1,167317 0,000232
свидетель 0,459747 0,000091
свободно 0,000000 0,000000
своевременно 1,866287 0,000371
свой 0,000000 0,000000
связать 1,053374 0,000209
сгорать 1,866287 0,000371
сделать 0,102859 0,000041
себя 0,000000 0,000000
сегодня 0,194189 0,000308
седьмой 1,021189 0,000203
сейчас 0,070407 0,000042
семейство 0,451314 0,000090
семь 0,623249 0,000124
семьдесят 0,000000 0,000000
сердечный 0,866287 0,000172
сердиться 0,443041 0,000088
сердце 0,095435 0,000038
серьёзно 0,419129 0,000333
сестра 0,477121 0,000284
сестрица 1,167317 0,000232
сеть 1,565257 0,000311
сидеть 0,125925 0,000050
сильно 0,292256 0,000058
сиятельный 1,389166 0,000276
сказать 0,011981 0,000057
скептик 1,866287 0,001853
сколько 0,280827 0,000112
скорбный 1,389166 0,000276
скорее 0,514105 0,000102
скоро 0,298086 0,000118
скорый 0,237898 0,000094
скромность 1,690196 0,000336
слегка 0,936868 0,000186
слеза 0,275223 0,000383
слишком 0,133894 0,000080
слово 0,027438 0,000093
словцо 1,088136 0,000216
слух 0,805589 0,000160
случаем 1,389166 0,000276
случай 0,146128 0,000203
случаться 0,599116 0,000357
случиться 0,292256 0,000058
слыхать 0,675956 0,000268
слышать 0,125925 0,000125
смешно 0,824895 0,000164
смеяться 0,171682 0,000102
смотреть 0,077412 0,000031
смутить 0,963197 0,000191
смутиться 0,805589 0,000160
смягчить 1,322219 0,000263
сначала 0,434924 0,000086
собрание 1,088136 0,000216
собраться 0,662167 0,000394
собственный 0,264227 0,000157
событие 0,824895 0,000164
совершенно 0,180546 0,000143
совестно 1,167317 0,000464
совесть 0,544068 0,000108
совсем 0,021189 0,000008
согласие 0,000000 0,000000
согрешить 1,468347 0,000292
сожаление 0,963197 0,000191
сойти 0,495219 0,000098
сойтись 0,623249 0,000495
сомнение 0,426955 0,000254
сообщение 1,167317 0,000232
сообщить 0,434924 0,000173
сопровождать 0,888564 0,000176
состояние 0,322219 0,000320
состоять 0,514105 0,000408
сохранить 0,690196 0,000137
сочинение 1,468347 0,000292
спать 0,495219 0,000098
спешить 0,477121 0,000189
спозаранку 1,866287 0,000371
способствовать 0,912045 0,000181
справиться 0,991226 0,000197
спрашивать 0,232819 0,000046
спросить 0,114239 0,000181
срисовать 2,167317 0,000430
срок 0,675956 0,000134
ссориться 1,125925 0,000224
становиться 0,389166 0,000155
старательный 2,167317 0,000430
старикашка 1,167317 0,000232
старичок 0,912045 0,000181
старое 0,866287 0,000172
старый 0,374926 0,000074
стать 0,002964 0,000005
степень 0,367977 0,000146
стоить 0,189594 0,000075
стол 0,286504 0,000057
сторона 0,110412 0,000066
стоять 0,150284 0,000030
странно 0,354404 0,000070
странный 0,227798 0,000045
стрела 1,690196 0,000336
стукнуть 1,389166 0,000276
стушеваться 1,565257 0,000311
стыд 0,533849 0,000106
судить 0,523865 0,000104
судья 0,866287 0,000172
сук 2,167317 0,000430
сумасшедший 0,554533 0,000440
супруг 0,523865 0,000104
сухо 0,991226 0,000197
сущность 0,675956 0,000134
сфинкс 1,690196 0,000336
схватить 0,347773 0,000069
схитрить 1,565257 0,000311
считать 0,275223 0,000109
счёт 0,623249 0,000371
сын 0,434924 0,000259
тайна 0,675956 0,000134
также 0,000000 0,000000
таки 0,066947 0,000120
такой 0,002964 0,000016
текст 0,000000 0,000000
теперь 0,015029 0,000042
терраса 0,912045 0,000181
тогда 0,050046 0,000010
тоже 0,043466 0,000069
толк 0,805589 0,000160
толкование 1,213075 0,000241
толковать 0,912045 0,000543
толпа 0,648803 0,000129
только 0,002964 0,000014
том 1,565257 0,000311
торопиться 0,662167 0,000131
тот 0,002964 0,000006
тотчас 0,046743 0,000056
тоцкий 1,088136 0,000216
точить 0,787106 0,000625
точно 0,121994 0,000073
требовать 0,565257 0,000224
третий 0,154480 0,000153
трещина 1,866287 0,000371
три 0,303994 0,000060
тронутый 1,389166 0,000276
трудно 0,459747 0,000183
туда 0,495219 0,000098
тупик 1,690196 0,000336
ты 0,133894 0,000239
тяжело 0,565257 0,000112
убедить 0,888564 0,000353
убеждение 0,554533 0,000110
убеждённый 0,635838 0,000253
уважать 0,523865 0,000104
уважение 0,648803 0,000258
уверять 0,411442 0,000327
увидать 0,434924 0,000086
удаваться 1,125925 0,000224
удалиться 0,888564 0,000353
удаться 0,805589 0,000160
удвоить 1,866287 0,000371
удивительно 0,866287 0,000344
удивительный 0,735954 0,000146
удивление 0,292256 0,000116
удивлять 1,053374 0,000209
удивлённый 0,824895 0,000164
удобно 2,167317 0,000430
удобный 1,053374 0,000209
удовольствие 0,486076 0,000097
уехать 0,459747 0,000274
ужас 0,468347 0,000186
ужасно 0,167317 0,000133
ужасный 0,322219 0,000128
узнавать 0,704919 0,000280
узнать 0,106619 0,000064
укомплектовать 2,167317 0,000430
укорять 1,021189 0,000203
улица 0,396465 0,000157
уловить 1,322219 0,000263
умереть 0,269690 0,000054
умерший 0,000000 0,000000
умиление 0,769377 0,000153
умилостивиться 2,167317 0,000430
умолкать 1,322219 0,000263
умолкнуть 1,264227 0,000251
унести 0,991226 0,000197
упомянуть 0,704919 0,000140
упорно 0,866287 0,000172
употребить 1,088136 0,000432
усмехнуться 0,374926 0,000074
усмотреть 1,322219 0,000263
успеть 0,203530 0,000040
устрашать 1,565257 0,000311
утвердительно 1,125925 0,000224
утверждаться 1,690196 0,000336
утро 0,347773 0,000138
уходить 0,328468 0,000130
участвовать 1,167317 0,000927
участник 1,389166 0,000828
учтивый 1,468347 0,000292
фантазия 0,824895 0,000164
фенезерф 2,167317 0,000430
филантроп 2,167317 0,000430
филиппович 0,735954 0,001461
формальный 1,213075 0,000482
французски 2,167317 0,000430
французский 0,805589 0,000160
фёдор 0,434924 0,000173
фёдорович 0,150284 0,000060
характерный 0,845098 0,000168
хвалиться 1,264227 0,000251
хихикать 1,322219 0,000263
хмельный 1,021189 0,000203
ходить 0,213075 0,000042
хороший 0,077412 0,000061
хорошо 0,189594 0,000151
хотеть 0,033778 0,000060
хотеться 0,292256 0,000174
хоть 0,060107 0,000072
хотя 0,050046 0,000040
хохотать 0,824895 0,000164
христос 0,675956 0,000134
целое 0,587534 0,000233
целый 0,217927 0,000260
цель 0,361137 0,000359
час 0,185046 0,000367
часто 0,292256 0,000116
часть 0,002964 0,000001
чей 0,000000 0,000000
человек 0,011981 0,000026
человечески 2,167317 0,000861
чернить 2,167317 0,000430
черта 0,264227 0,000105
четверть 0,769377 0,000153
четвёртый 0,286504 0,000057
четыре 0,361137 0,000143
число 0,704919 0,000140
чистый 0,434924 0,000086
читаемый 2,167317 0,000430
читать 0,403889 0,000080
чрез 0,275223 0,000328
чрезвычайно 0,217927 0,000130
чрезвычайный 0,258832 0,000154
что 0,030597 0,000043
чтоб 0,073896 0,000088
чтобы 0,030597 0,000067
чувство 0,158717 0,000032
чудесный 1,213075 0,000241
чудовищность 1,690196 0,000336
чудом 1,468347 0,000292
чуть 0,176091 0,000175
шалость 1,322219 0,000525
швейцарски 2,167317 0,000430
шестнадцать 1,690196 0,000336
шляпа 0,769377 0,000153
шпионить 1,389166 0,000276
шум 1,167317 0,000232
щадить 1,053374 0,000209
экипаж 1,125925 0,001341
эксцентрический 1,264227 0,000753
этакий 0,533849 0,000106
это 0,002964 0,000013
этот 0,002964 0,000009
я 0,024303 0,000097
явиться 0,298086 0,000059
ясно 0,354404 0,000070
ясный 0,623249 0,000371
