автор 0,000000 0,000000
авторский 0,000000 0,000000
аделаида 0,720159 0,003793
акт 1,468347 0,001105
алексей 0,000000 0,000000
антракт 1,690196 0,001272
бегать 0,912045 0,000686
беглянка 2,167317 0,003262
бедняжка 1,468347 0,001105
безбрежный 1,866287 0,001404
беззаветно 1,690196 0,001272
берег 1,322219 0,001990
беспорядочный 1,389166 0,001045
бесстыдный 1,468347 0,001105
бестолковость 1,866287 0,001404
бестолковый 1,088136 0,002456
библиотека 1,866287 0,004213
бить 0,769377 0,000579
благородство 0,888564 0,000669
богатый 0,587534 0,000442
бодрость 1,468347 0,001105
бойкий 1,322219 0,000995
более 0,000000 0,000000
большинство 1,053374 0,001585
большой 0,056728 0,000085
брак 0,735954 0,000554
брат 0,060107 0,000181
брачный 1,565257 0,001178
бросить 0,269690 0,000203
броситься 0,258832 0,000195
будто 0,099131 0,000149
бурный 1,690196 0,001272
быстрота 1,125925 0,000847
быстрый 0,824895 0,000621
быть 0,000000 0,000000
ваш 0,121994 0,000092
вдруг 0,005949 0,000004
ведь 0,043466 0,000033
весь 0,002964 0,000013
весьма 0,243038 0,000183
вечный 0,769377 0,000579
веяние 1,866287 0,001404
взять 0,077412 0,000058
вид 0,150284 0,000113
визит 0,845098 0,000636
вместе 0,208276 0,000313
вновь 0,720159 0,000542
вовсе 0,150284 0,000226
вода 0,587534 0,000442
возбуждать 1,167317 0,000878
возвышенность 2,167317 0,001631
воздевать 1,866287 0,001404
вознаграждение 0,000000 0,000000
вообще 0,459747 0,000346
впечатление 0,389166 0,000293
впрочем 0,118099 0,000178
время 0,018098 0,000054
всегда 0,129891 0,000098
встречаться 0,769377 0,000579
вступиться 1,167317 0,000878
второй 0,217927 0,000164
выделить 2,167317 0,001631
выйти 0,063514 0,000096
выказать 1,213075 0,000913
вымаливания 2,167317 0,001631
вымогательство 2,167317 0,001631
выплата 0,000000 0,000000
высокий 0,213075 0,000160
гарем 2,167317 0,001631
главное 0,185046 0,000139
глубокий 0,477121 0,000359
глупость 0,576253 0,000434
говорить 0,011981 0,000027
голод 1,213075 0,000913
гораздо 0,443041 0,000333
горесть 1,264227 0,000951
городской 0,936868 0,000705
горячий 0,523865 0,000394
господин 0,208276 0,000157
готовый 0,367977 0,000277
губерния 0,991226 0,000746
давно 0,158717 0,000119
даже 0,005949 0,000040
далёкий 0,411442 0,000310
дама 0,434924 0,000327
дать 0,171682 0,000129
двадцать 0,303994 0,000229
дворянин 1,167317 0,000878
девица 0,648803 0,000488
девушка 0,533849 0,000402
делать 0,194189 0,000146
делишки 1,389166 0,001045
дело 0,011981 0,000009
денежка 1,322219 0,000995
деньга 0,185046 0,000139
деревенька 1,565257 0,001178
деспотизм 1,866287 0,001404
дмитрий 0,396465 0,000298
добиться 1,053374 0,000793
довольно 0,129891 0,000586
довольный 0,495219 0,000373
долгий 0,720159 0,000542
дом 0,154480 0,000116
дорога 0,275223 0,000207
достоевский 0,000000 0,000000
достояние 0,000000 0,000000
драка 1,690196 0,001272
другой 0,008955 0,000020
дрянный 1,125925 0,000847
думать 0,060107 0,000045
душевный 0,912045 0,000686
единственно 0,477121 0,000359
единственный 0,648803 0,000488
ежеминутно 1,690196 0,001272
ездить 0,690196 0,000519
есть 0,018098 0,000014
жалко 0,912045 0,000686
жаловаться 0,805589 0,000606
желать 0,232819 0,000175
женатый 1,125925 0,000847
женский 0,623249 0,000469
женщина 0,213075 0,000160
живописный 2,167317 0,001631
жизнь 0,084532 0,000445
завести 1,021189 0,000768
загадочный 1,088136 0,000819
заключать 0,787106 0,000592
заманчивый 1,565257 0,001178
замечательный 0,675956 0,000509
замечать 0,554533 0,000417
замуж 0,735954 0,001108
запрошлый 1,866287 0,001404
захлопотать 1,565257 0,001178
захотеться 0,704919 0,000530
заявить 0,675956 0,000509
злодей 1,021189 0,000768
злой 0,587534 0,000442
знатный 0,936868 0,000705
знать 0,002964 0,000007
иван 0,232819 0,000175
иванович 0,269690 0,001420
известие 0,554533 0,000417
известно 0,334808 0,000504
известный 0,347773 0,000262
излюбить 1,565257 0,001178
именно 0,066947 0,000151
имущественный 1,690196 0,001272
использоваться 0,000000 0,000000
истинный 0,611015 0,000460
история 0,495219 0,000373
источник 1,565257 0,001178
каждый 0,137934 0,000104
казаться 0,063514 0,000096
какой 0,005949 0,000013
кануть 1,866287 0,001404
каприз 1,264227 0,000951
карамазов 0,180546 0,000951
карьера 0,936868 0,000705
книга 0,106619 0,000160
комар 0,000000 0,000000
комический 1,264227 0,000951
конечно 0,060107 0,000045
кончина 1,322219 0,001990
кончить 0,328468 0,000247
который 0,002964 0,000018
красивость 1,866287 0,001404
красивый 0,936868 0,000705
кричать 0,303994 0,000229
куда 0,248239 0,000187
либо 0,000000 0,000000
литература 1,468347 0,001105
лицо 0,000000 0,000000
лишь 0,185046 0,000278
льстить 1,690196 0,001272
любовь 0,334808 0,000504
любой 0,000000 0,000000
маленький 0,185046 0,000278
между 0,129891 0,000391
место 0,099131 0,000149
мигом 0,504560 0,000759
митя 0,451314 0,000340
миусов 0,936868 0,001410
многие 0,468347 0,000352
мозгляк 1,866287 0,001404
молодой 0,222835 0,000168
момент 0,000000 0,000000
мочь 0,000000 0,000000
муж 0,805589 0,000606
мысль 0,114239 0,000086
наверно 0,264227 0,000199
навзрыд 1,690196 0,001272
навыдумать 1,690196 0,001272
надо 0,036984 0,000028
назад 0,000000 0,000000
название 1,088136 0,000819
называть 0,477121 0,000718
наивно 1,322219 0,000995
наивный 1,125925 0,000847
найти 0,298086 0,000224
наконец 0,073896 0,000111
наметить 1,690196 0,001272
написать 0,000000 0,000000
например 0,298086 0,000224
нарочно 0,227798 0,000171
насмешливый 0,704919 0,000530
насмешник 1,468347 0,001105
наука 0,787106 0,000592
национальный 1,468347 0,001105
начать 0,066947 0,000101
начаться 0,514105 0,000387
наш 0,118099 0,000355
небо 0,635838 0,000478
невеста 0,720159 0,000542
нежели 1,866287 0,001404
немало 1,389166 0,001045
немедленно 0,554533 0,000417
непреодолимый 1,389166 0,001045
нередкий 2,167317 0,003262
несколько 0,095435 0,000072
несмотря 0,275223 0,001035
несравненно 1,264227 0,000951
нетерпеливый 0,752344 0,000566
нибыть 0,030597 0,000023
никакой 0,213075 0,000160
ничего 0,030597 0,000046
ничтожный 0,805589 0,000606
нищета 1,213075 0,000913
норовить 1,866287 0,001404
ночь 0,189594 0,000143
ныне 1,021189 0,000768
обделывать 1,866287 0,001404
обедать 0,963197 0,000725
обида 0,720159 0,000542
обиженный 0,752344 0,000566
обозначиться 1,389166 0,001045
обойтись 0,912045 0,000686
обоюдный 1,866287 0,001404
образ 0,243038 0,000366
общественный 0,000000 0,000000
объяснять 0,936868 0,000705
ограничить 1,565257 0,001178
одарённый 2,167317 0,001631
один 0,000000 0,000000
однако 0,102859 0,000232
однородный 1,866287 0,001404
оказаться 0,275223 0,000414
он 0,000000 0,000000
опубликовать 0,000000 0,000000
освободительница 2,167317 0,001631
освобождение 1,866287 0,001404
особенный 0,389166 0,000878
оставить 0,203530 0,000153
остальной 0,367977 0,000277
отвращение 0,769377 0,001158
отвязаться 1,389166 0,001045
отголосок 1,690196 0,001272
открыть 0,635838 0,000478
отлично 0,805589 0,000606
отпущаесать 2,167317 0,001631
офелия 2,167317 0,001631
оформление 0,000000 0,000000
очень 0,024303 0,000055
павлович 0,286504 0,003234
пассаж 1,565257 0,001178
первый 0,018098 0,000082
перебраться 1,866287 0,001404
перевести 0,888564 0,000669
перейти 0,000000 0,000000
переходной 2,167317 0,001631
петербург 0,434924 0,000982
пикантный 1,866287 0,001404
плакать 0,328468 0,000494
пленный 2,167317 0,001631
плоский 1,690196 0,001272
побежать 0,468347 0,000352
повторить 0,544068 0,000409
погибать 1,322219 0,000995
погибнуть 0,888564 0,000669
подборка 0,000000 0,000000
подготовить 1,866287 0,001404
подновить 2,167317 0,001631
подобно 1,167317 0,000878
подобный 0,533849 0,000402
подробность 0,477121 0,000718
подтибрить 2,167317 0,001631
подумать 0,185046 0,000139
подходящий 1,690196 0,001272
поехать 0,576253 0,000434
пойти 0,080958 0,000061
покинуть 1,322219 0,000995
поколение 1,389166 0,003136
полный 0,253503 0,000191
положение 0,459747 0,000692
положим 0,720159 0,000542
положительно 0,805589 0,000606
получить 0,309985 0,000466
получиться 1,565257 0,001178
поманить 1,389166 0,001045
поместье 1,322219 0,000995
помещик 0,805589 0,002425
посетитель 0,991226 0,001492
послать 0,309985 0,000233
после 0,084532 0,000127
последний 0,066947 0,000050
посмертно 0,000000 0,000000
поступок 0,623249 0,000469
походить 1,088136 0,000819
похожий 0,611015 0,000460
почесть 0,769377 0,000579
почти 0,024303 0,000037
появляться 1,021189 0,000768
право 0,176091 0,000265
пред 0,030597 0,000046
предание 1,322219 0,000995
предпринять 1,468347 0,001105
презирать 0,662167 0,000498
презрение 0,554533 0,000417
прельстить 1,322219 0,000995
препятствие 1,866287 0,001404
прибавлять 1,088136 0,000819
приданое 1,125925 0,003389
приживальщик 1,322219 0,001990
прижизненный 0,000000 0,000000
приключиться 1,125925 0,000847
прикраса 1,866287 0,001404
прильнуть 1,866287 0,001404
примазаться 2,167317 0,001631
примириться 1,322219 0,000995
припоминать 0,648803 0,000488
причём 0,912045 0,000686
приятно 0,805589 0,000606
программирование 0,000000 0,000000
продолжать 0,125925 0,000095
прозаический 2,167317 0,001631
произведение 0,000000 0,000000
произвести 0,504560 0,000380
произойти 0,258832 0,000195
происходить 0,523865 0,000788
пройти 0,000000 0,000000
простодушный 0,690196 0,000519
против 0,389166 0,000586
прошлый 0,735954 0,000554
публикация 0,000000 0,000000
пуститься 0,845098 0,001272
пьянство 1,167317 0,001757
пьяный 0,451314 0,000340
пять 0,222835 0,000168
радоваться 0,888564 0,000669
радость 0,411442 0,000310
раз 0,309985 0,000233
развратный 1,021189 0,000768
разглядеть 0,662167 0,000498
раздражение 0,888564 0,000669
разом 0,389166 0,000293
разрешение 0,000000 0,000000
разыгрывать 1,690196 0,001272
расписывать 1,565257 0,001178
рассказывать 0,341243 0,000257
ребёнок 0,232819 0,000175
река 1,468347 0,001105
решение 0,533849 0,000402
решительно 0,341243 0,000514
ровно 0,533849 0,000402
род 0,419129 0,000631
родня 1,213075 0,000913
родство 1,468347 0,001105
роль 1,053374 0,000793
романтический 1,866287 0,001404
рубль 0,334808 0,000252
рука 0,030597 0,000046
русский 0,411442 0,000619
сайт 0,000000 0,000000
сам 0,002964 0,000004
самостоятельность 1,690196 0,001272
самоубийство 1,125925 0,000847
самый 0,018098 0,000082
сбежать 1,389166 0,001045
сверх 0,752344 0,000566
свободно 0,000000 0,000000
свой 0,000000 0,000000
себя 0,000000 0,000000
сегодня 0,194189 0,000292
семейка 1,565257 0,001178
семейство 0,451314 0,001358
семинарист 1,264227 0,001903
семьдесят 0,000000 0,000000
сила 0,185046 0,000139
сказание 1,565257 0,001178
сказать 0,011981 0,000018
скоро 0,298086 0,000224
сладострастный 1,322219 0,000995
след 0,991226 0,000746
следствие 0,912045 0,000686
слишком 0,133894 0,000201
случай 0,146128 0,000220
случиться 0,292256 0,000220
слёзно 1,565257 0,001178
смелый 1,167317 0,001757
смерть 0,374926 0,000564
смех 0,443041 0,000333
смешной 0,565257 0,000425
смотреть 0,077412 0,000058
смуглый 1,866287 0,001404
собираться 0,635838 0,000478
собрание 1,088136 0,000819
собственный 0,264227 0,000199
событие 0,824895 0,000621
совершение 1,468347 0,001105
совсем 0,021189 0,000016
согласие 0,000000 0,000000
сомнение 0,426955 0,000321
сообщать 0,963197 0,001450
сообщить 0,434924 0,000327
состоять 0,514105 0,000387
социальный 1,389166 0,001045
сочинение 1,468347 0,001105
спокойный 0,576253 0,000434
спровадить 1,690196 0,001272
стараться 0,648803 0,000488
старший 0,587534 0,000442
стать 0,002964 0,000004
стол 0,286504 0,000216
столь 0,434924 0,001309
сторона 0,110412 0,000249
странный 0,227798 0,000171
страстно 1,322219 0,000995
страстный 0,963197 0,000725
стыдно 0,504560 0,000380
сумасброд 1,866287 0,002809
супруг 0,523865 0,003942
сцена 0,554533 0,000417
счастие 0,451314 0,000340
сын 0,434924 0,000982
также 0,000000 0,000000
таки 0,066947 0,000101
такой 0,002964 0,000013
текст 0,000000 0,000000
теперешний 0,533849 0,000402
теперь 0,015029 0,000034
тиф 2,167317 0,001631
тогда 0,050046 0,000188
тоже 0,043466 0,000131
только 0,002964 0,000020
том 1,565257 0,001178
тот 0,002964 0,000011
тотчас 0,046743 0,000070
трагический 1,213075 0,000913
третий 0,154480 0,000116
тринадцать 1,322219 0,000995
трёхлетний 1,389166 0,001045
тысяча 0,217927 0,000328
тысячка 1,468347 0,001105
тёмный 0,523865 0,000394
убедить 0,888564 0,000669
увоз 1,690196 0,002544
угодный 0,504560 0,000380
удаться 0,805589 0,000606
уезд 1,322219 0,002985
узнать 0,106619 0,000080
улица 0,396465 0,000298
умереть 0,269690 0,000203
умерший 0,000000 0,000000
уметь 0,328468 0,000247
умница 1,866287 0,001404
умно 1,264227 0,000951
усиление 1,565257 0,001178
условие 0,936868 0,000705
услужливый 1,690196 0,001272
усталость 1,322219 0,000995
устроить 0,690196 0,000519
утёс 2,167317 0,003262
учитель 0,936868 0,000705
факт 0,533849 0,000803
фантазия 0,824895 0,000621
федора 0,912045 0,000686
физический 1,213075 0,000913
фёдор 0,434924 0,005236
фёдорович 0,150284 0,000226
хапуга 2,167317 0,001631
хитро 1,322219 0,000995
хороший 0,077412 0,000175
хотя 0,050046 0,000075
целый 0,217927 0,000164
час 0,185046 0,000278
часто 0,292256 0,000220
часть 0,002964 0,000004
чей 0,000000 0,000000
человек 0,011981 0,000036
чердак 1,264227 0,000951
число 0,704919 0,000530
чистый 0,434924 0,000327
читаемый 2,167317 0,001631
читать 0,403889 0,000304
чрез 0,275223 0,000207
чрезвычайный 0,258832 0,000195
что 0,030597 0,000023
чтоб 0,073896 0,000056
чтобы 0,030597 0,000023
чужой 0,662167 0,000996
чуть 0,176091 0,000132
шекспировский 2,167317 0,001631
шут 0,991226 0,000746
эмансипация 2,167317 0,001631
эпоха 1,468347 0,001105
это 0,002964 0,000002
этот 0,002964 0,000009
юбка 1,866287 0,001404
явиться 0,298086 0,000224
