автор 0,000000 0,000000
авторский 0,000000 0,000000
адвокат 1,021189 0,000428
алексей 0,000000 0,000000
алеш 0,328468 0,003652
америка 1,264227 0,001591
ангел 0,720159 0,000151
ангела 1,264227 0,000265
апокрифический 2,167317 0,000455
барышня 0,912045 0,000191
башмак 1,264227 0,000265
бедно 1,389166 0,000291
бежать 0,434924 0,000182
безвыходный 1,866287 0,000392
бездна 1,053374 0,000221
бернар 1,565257 0,002627
бернаровск 2,167317 0,000455
беситься 1,690196 0,000355
бесконечно 1,088136 0,000228
бесконечный 0,824895 0,000173
беспорядок 0,787106 0,000330
беспрепятственно 1,690196 0,000355
бесчисленный 1,021189 0,000214
бесёнок 1,322219 0,000277
библиотека 1,866287 0,001175
бинтовать 2,167317 0,000455
благоволить 1,690196 0,000355
благоговеть 1,389166 0,000583
благодарный 0,752344 0,000158
благодаря 1,264227 0,000265
благодушный 1,565257 0,000328
благородство 0,888564 0,000186
благословить 0,735954 0,000154
блаженство 1,322219 0,000277
бледно 1,125925 0,000236
близкий 0,477121 0,000200
бог 0,154480 0,000518
богато 1,565257 0,000657
божий 0,623249 0,000261
более 0,000000 0,000000
болеть 0,845098 0,000177
больной 0,258832 0,000109
больший 0,248239 0,000104
большой 0,056728 0,000071
бояться 0,158717 0,000400
брат 0,060107 0,000277
бред 1,021189 0,000214
бровь 1,053374 0,000221
будто 0,099131 0,000062
будущий 0,824895 0,000173
бумажка 0,845098 0,000177
бушевать 1,468347 0,000308
быстро 0,232819 0,000098
быть 0,000000 0,000000
важный 0,341243 0,000072
ваш 0,121994 0,000051
вверх 0,866287 0,000363
вдовица 1,565257 0,000328
вдруг 0,005949 0,000021
ведь 0,043466 0,000137
везде 0,866287 0,000182
велеть 0,576253 0,000121
великий 0,341243 0,000286
великодушный 0,912045 0,000191
великолепно 1,125925 0,000236
великолепный 0,824895 0,000346
велита 0,963197 0,000202
венчать 1,468347 0,000924
верить 0,180546 0,000417
верно 0,523865 0,000110
вероятный 0,866287 0,000182
вертеп 1,565257 0,000328
верх 0,963197 0,000202
весело 0,648803 0,000136
весь 0,002964 0,000011
весёлый 0,389166 0,000082
вещь 0,411442 0,000086
взгляд 0,185046 0,000078
вздох 2,167317 0,000455
вздрагивать 1,021189 0,000214
вздумать 0,720159 0,000151
взять 0,077412 0,000065
вид 0,150284 0,000032
видеть 0,027438 0,000069
визит 0,845098 0,000177
вина 1,053374 0,000442
виноватый 0,328468 0,000276
влопаться 2,167317 0,000909
вместо 0,411442 0,000086
вниз 0,752344 0,000158
вновь 0,720159 0,000151
вовсе 0,150284 0,000063
водица 1,866287 0,000392
возвыситься 1,690196 0,000355
вознаграждение 0,000000 0,000000
возноситься 1,690196 0,000355
возродить 1,322219 0,000832
войти 0,137934 0,000029
волнение 0,361137 0,000076
воля 0,576253 0,000121
вообразить 0,662167 0,000278
вообще 0,459747 0,000096
вопрос 0,146128 0,000153
вор 1,021189 0,000214
ворота 0,720159 0,000151
воротник 1,322219 0,000277
ворчать 1,565257 0,000328
воскликнуть 0,269690 0,000170
воскресить 1,213075 0,000509
воскреснуть 0,991226 0,000624
воспалить 1,468347 0,000308
воспевать 1,565257 0,000328
воспеть 2,167317 0,000909
восторг 0,419129 0,000088
впечатление 0,389166 0,000082
впиться 1,053374 0,000442
вплоть 0,866287 0,000182
впоследствии 0,662167 0,000278
впрочем 0,118099 0,000050
враг 0,735954 0,000309
врать 0,845098 0,000177
время 0,018098 0,000011
всегда 0,129891 0,000054
вскинуть 0,991226 0,000208
вскипеть 1,167317 0,000245
вскрикнуть 0,611015 0,000128
вспомниться 1,322219 0,000277
вспухнуть 1,690196 0,000355
вспылить 1,565257 0,000328
встречаться 0,769377 0,000161
вступить 0,675956 0,000142
всучить 2,167317 0,000909
всякий 0,106619 0,000045
втроём 1,866287 0,000392
входящий 1,322219 0,000277
вчера 0,341243 0,000072
выбить 1,690196 0,000355
вывернуть 1,866287 0,000392
выгнать 1,125925 0,000472
выговорить 0,599116 0,000126
выгодный 1,167317 0,000245
выдавиться 1,866287 0,000392
выдумать 0,648803 0,000272
выздоровление 1,690196 0,000355
вызывать 1,125925 0,000236
выйти 0,063514 0,000053
выколачивать 1,866287 0,000392
вылечиться 1,690196 0,000355
вылить 1,866287 0,000392
вынуть 0,451314 0,000095
выписать 1,264227 0,000530
выплата 0,000000 0,000000
выразить 0,599116 0,000126
вырваться 0,565257 0,000237
выскрести 2,167317 0,000455
выслушать 0,426955 0,000090
высокий 0,213075 0,000179
выстроить 1,690196 0,000355
вытерпеть 0,991226 0,000416
вычитать 1,866287 0,000392
вышвыривать 2,167317 0,000455
газета 0,866287 0,000363
герой 0,991226 0,000416
гимн 1,213075 0,002290
главное 0,185046 0,000155
главный 0,426955 0,000179
глаз 0,056728 0,000107
глубокий 0,477121 0,000100
глубоко 0,611015 0,000128
глупенький 1,468347 0,000308
глупость 0,576253 0,000242
глянуть 0,963197 0,000202
гнать 1,125925 0,000236
гнев 0,544068 0,000114
гнить 1,866287 0,000392
говорить 0,011981 0,000123
говядина 1,565257 0,000657
год 0,292256 0,000061
голова 0,114239 0,000216
головка 1,167317 0,000490
голос 0,208276 0,000087
голубчик 0,565257 0,000474
гора 0,805589 0,000169
гордиться 1,021189 0,000214
горе 0,648803 0,000136
городок 0,991226 0,000208
горько 0,690196 0,000579
горячо 0,544068 0,000114
господь 0,374926 0,000315
град 1,690196 0,000355
гражданский 1,322219 0,001387
григорий 0,648803 0,000408
гром 0,912045 0,000191
громко 0,504560 0,000106
грош 1,125925 0,000236
грудь 0,443041 0,000093
грустный 0,735954 0,000154
груша 1,322219 0,002496
грушенек 0,787106 0,000495
грушенька 0,544068 0,000114
губа 0,411442 0,000345
давать 0,253503 0,000106
давеча 0,232819 0,000049
давешний 0,611015 0,000128
давно 0,158717 0,000067
даже 0,005949 0,000014
далёкий 0,411442 0,000086
дать 0,171682 0,000108
двадцать 0,303994 0,000128
дверь 0,258832 0,000054
движение 0,648803 0,000136
двор 0,523865 0,000110
действительно 0,106619 0,000022
действительность 0,991226 0,000208
делать 0,194189 0,000081
дело 0,011981 0,000025
дельный 1,690196 0,000355
ден 1,866287 0,000392
день 0,118099 0,000099
деньга 0,185046 0,000039
держать 0,403889 0,000085
дескать 0,419129 0,000352
десять 0,298086 0,000125
дикий 0,720159 0,000151
добить 2,167317 0,000455
добродетель 0,912045 0,000383
добродетельный 1,167317 0,000245
добрый 0,303994 0,000064
довольно 0,129891 0,000027
довольный 0,495219 0,000104
дождаться 1,125925 0,000236
дозволение 1,866287 0,000392
дойти 0,389166 0,000082
доктор 0,554533 0,000233
долг 0,735954 0,000154
долго 0,222835 0,000047
долетать 2,167317 0,000455
должный 0,099131 0,000062
дом 0,154480 0,000065
достоевский 0,000000 0,000000
достояние 0,000000 0,000000
доступ 1,866287 0,000392
дразнить 0,845098 0,000177
драть 1,088136 0,001598
драться 1,167317 0,000735
дремать 1,389166 0,000291
дрожать 0,426955 0,000090
друг 0,180546 0,000076
другой 0,008955 0,000011
думать 0,060107 0,000038
дурак 0,611015 0,000641
дурища 2,167317 0,000909
душа 0,158717 0,000266
евангелие 1,053374 0,000221
единственно 0,477121 0,000100
единый 0,611015 0,000256
ежедневно 1,021189 0,000214
ездить 0,690196 0,000145
если 0,011981 0,000020
естественный 1,021189 0,000214
есть 0,018098 0,000057
жажда 0,866287 0,000182
жаждать 0,769377 0,000484
жалко 0,912045 0,000765
жаловать 1,389166 0,000291
жалость 1,021189 0,000214
жаль 0,635838 0,000133
ждать 0,142011 0,000089
желать 0,232819 0,000049
жениться 0,554533 0,000233
женский 0,623249 0,000131
женщина 0,213075 0,000268
жертва 0,769377 0,000161
жестокий 0,769377 0,000484
живодерность 2,167317 0,000455
жизнь 0,084532 0,000071
жилетный 1,389166 0,000291
жилец 1,088136 0,000228
жить 0,217927 0,000411
забрать 1,565257 0,000328
забыть 0,125925 0,000079
завидеть 0,963197 0,000202
завтра 0,298086 0,000250
завтрашний 1,021189 0,000428
заглавие 1,866287 0,000392
заговор 1,264227 0,000265
загореться 0,912045 0,000191
задрожать 0,866287 0,000545
задыхаться 0,635838 0,000133
заесть 1,690196 0,000355
заключение 0,787106 0,000330
заключить 0,347773 0,000219
закричать 0,434924 0,000091
замарать 1,389166 0,000874
замереть 1,021189 0,000214
заметно 1,264227 0,000265
замешать 1,565257 0,000328
занятый 0,866287 0,000182
запоем 1,866287 0,000392
запоздать 1,468347 0,000308
зародиться 1,389166 0,000291
засесть 1,167317 0,000245
заслужить 0,824895 0,000173
засмеяться 0,347773 0,000073
заспешить 1,468347 0,000308
застёгивание 2,167317 0,000455
зато 0,468347 0,000098
затрястись 0,963197 0,000202
заходить 0,611015 0,000128
захохотать 0,866287 0,000182
зачем 0,146128 0,000061
зашептать 1,167317 0,000490
защищать 0,912045 0,000191
здесь 0,095435 0,000080
здравствовать 1,690196 0,000355
земля 0,298086 0,000563
земной 0,845098 0,000177
злобно 0,599116 0,000126
злость 0,936868 0,000197
знак 0,565257 0,000119
знакомый 0,486076 0,000204
знать 0,002964 0,000011
значит 0,243038 0,000102
зонтик 2,167317 0,000455
иван 0,232819 0,001026
иванович 0,269690 0,000113
игриво 2,167317 0,000455
идея 0,459747 0,000772
идти 0,180546 0,000038
иеромонах 1,213075 0,000254
извинить 0,611015 0,000128
изгиб 1,468347 0,000308
изгнать 1,389166 0,000291
издавать 1,866287 0,000392
изменить 0,769377 0,000161
измучить 1,021189 0,000214
ильич 1,322219 0,000277
именно 0,066947 0,000028
иметь 0,118099 0,000050
иной 0,208276 0,000131
инфернальный 1,565257 0,000328
искать 0,411442 0,000086
исключение 1,565257 0,000328
искусственный 2,167317 0,000455
испить 1,866287 0,000392
исполнить 0,648803 0,000136
использоваться 0,000000 0,000000
исправник 1,213075 0,000509
исправничий 2,167317 0,000455
испускать 2,167317 0,000455
исступлённо 1,021189 0,000214
исступлённый 0,805589 0,000169
истаять 2,167317 0,000455
истерика 0,752344 0,000158
история 0,495219 0,000104
источник 1,565257 0,000328
каждый 0,137934 0,000058
казаться 0,063514 0,000027
какой 0,005949 0,000017
калечить 2,167317 0,000455
каменный 1,213075 0,000254
каморка 1,213075 0,000254
капитал 0,912045 0,000191
карамазов 0,180546 0,000227
караул 1,866287 0,000392
караульная 2,167317 0,000455
карл 1,690196 0,001064
карман 0,396465 0,000083
карьера 0,936868 0,000393
катерина 0,587534 0,000247
катиться 1,866287 0,000392
каторжный 1,565257 0,001970
катька 1,565257 0,000328
катя 0,912045 0,000191
кивать 1,322219 0,000555
кивнуть 0,912045 0,000191
китаец 2,167317 0,000455
классицизм 1,866287 0,000392
кликнуть 1,088136 0,000228
клод 2,167317 0,000455
книга 0,106619 0,000067
коварный 1,389166 0,000291
когда 0,015029 0,000025
кодрант 2,167317 0,000455
коли 0,269690 0,000057
коль 0,720159 0,000151
комар 0,000000 0,000000
комната 0,150284 0,000158
конец 0,213075 0,000134
конечно 0,060107 0,000025
кончить 0,328468 0,000069
кончиться 0,495219 0,000104
копейка 0,769377 0,000161
корреспонденция 1,565257 0,000985
корчиться 1,690196 0,000355
который 0,002964 0,000002
кошка 1,389166 0,000291
крайний 0,292256 0,000184
крепкий 0,787106 0,000165
крепко 0,443041 0,000093
крепостничий 2,167317 0,000455
крест 0,690196 0,000145
крикнуть 0,292256 0,000123
критика 1,213075 0,000763
кругом 0,419129 0,000088
кто 0,114239 0,000096
куда 0,248239 0,000104
купить 0,752344 0,000158
кура 2,167317 0,000455
лавка 0,787106 0,000165
лгать 0,599116 0,000126
легко 0,752344 0,000158
лежать 0,243038 0,000051
лечить 1,213075 0,000254
либо 0,000000 0,000000
литература 1,468347 0,000616
лицо 0,000000 0,000000
личность 1,125925 0,000236
лишь 0,185046 0,000039
ловить 0,866287 0,000182
любимый 0,963197 0,000404
любить 0,066947 0,000225
любовь 0,334808 0,000211
любой 0,000000 0,000000
любопытство 0,361137 0,000076
макарович 1,389166 0,000291
мало 0,208276 0,000044
малый 0,334808 0,000070
мальчик 0,411442 0,000086
марать 1,565257 0,000328
масон 1,690196 0,000355
мастер 1,213075 0,000254
мах 2,167317 0,000909
мгновение 0,316059 0,000066
мгновенно 0,888564 0,000373
между 0,129891 0,000027
менее 0,635838 0,000133
мера 0,217927 0,000137
мерзавец 1,389166 0,000291
мерзость 1,167317 0,000245
место 0,099131 0,000042
месяц 0,264227 0,000055
меховой 1,866287 0,000392
мигом 0,504560 0,000106
милый 0,322219 0,000068
минута 0,050046 0,000031
мироздание 1,866287 0,000392
митя 0,451314 0,003408
михаил 1,021189 0,000643
мнительность 1,053374 0,000221
много 0,080958 0,000136
многое 0,443041 0,000186
можно 0,088136 0,000148
мозг 1,021189 0,000214
мой 0,077412 0,000049
мокрый 0,675956 0,000284
молитва 0,888564 0,000186
молить 0,769377 0,000161
молодец 1,167317 0,000245
молодой 0,222835 0,000047
молоток 2,167317 0,001819
молчать 0,248239 0,000677
молчок 2,167317 0,000455
момент 0,000000 0,000000
монастырь 0,533849 0,000112
монах 0,845098 0,000177
морской 1,690196 0,000355
мочь 0,000000 0,000000
мошенничество 1,565257 0,000328
мужчина 0,912045 0,000383
мука 0,735954 0,000309
мучить 0,419129 0,000264
мы 0,648803 0,000136
мыслибусы 2,167317 0,000455
мыслить 1,088136 0,000457
мысль 0,114239 0,000096
мягкий 1,167317 0,000490
набить 1,866287 0,000392
наверстать 1,690196 0,000355
надеяться 0,434924 0,000182
надо 0,036984 0,000023
надобный 0,866287 0,000182
назад 0,000000 0,000000
название 1,088136 0,000228
назначить 0,787106 0,000330
называть 0,477121 0,000100
найти 0,298086 0,000188
наклонность 1,213075 0,000254
наколотить 2,167317 0,000455
наконец 0,073896 0,000016
налево 0,824895 0,000173
написать 0,000000 0,000000
наплевать 1,125925 0,000236
направление 1,088136 0,000457
например 0,298086 0,000125
нарочно 0,227798 0,000048
наскоро 0,888564 0,000373
настаивать 0,565257 0,000356
настойчиво 0,787106 0,000165
настоящий 0,309985 0,000130
натуга 1,690196 0,000709
наука 0,787106 0,000826
нахмуренно 1,389166 0,000291
нахмурить 1,088136 0,000228
нахмуриться 0,769377 0,000323
начальство 0,912045 0,000191
начать 0,066947 0,000084
начинать 0,292256 0,000123
наш 0,118099 0,000074
невозможно 0,411442 0,000345
невозможный 0,623249 0,000131
неделя 0,374926 0,000236
недоверие 1,866287 0,000392
недра 1,389166 0,000291
неизвестный 0,936868 0,000197
некаторжный 2,167317 0,000455
некоторый 0,154480 0,000097
нельзя 0,176091 0,000111
немного 0,426955 0,000090
немножко 1,021189 0,000643
ненавидеть 0,514105 0,000108
необходимо 0,963197 0,000202
необходимый 0,599116 0,000126
неопределённо 1,213075 0,000254
непобедимый 1,389166 0,000291
нерв 1,322219 0,000832
несчастный 0,374926 0,000079
неужели 0,389166 0,000245
нечего 0,381987 0,000080
неясно 1,088136 0,000228
нибыть 0,030597 0,000058
низость 0,845098 0,000177
никакой 0,213075 0,000045
никогда 0,088136 0,000055
никто 0,095435 0,000060
ничего 0,030597 0,000032
новый 0,167317 0,000175
ножка 0,912045 0,001531
ночь 0,189594 0,000040
ноябрьский 1,690196 0,000355
оба 0,316059 0,000133
обжечь 1,468347 0,000308
облезлый 2,167317 0,001364
обморок 0,912045 0,000191
обнять 0,735954 0,000154
обняться 1,389166 0,000291
обольщение 1,690196 0,000355
образ 0,243038 0,000153
обратиться 0,316059 0,000066
обругаться 1,866287 0,000392
обставить 1,690196 0,000355
общественный 0,000000 0,000000
объяснить 0,374926 0,000079
объяснять 0,936868 0,000590
оглянуться 1,213075 0,000254
огорчить 1,389166 0,000291
один 0,000000 0,000000
одиннадцатый 0,912045 0,000383
однако 0,102859 0,000022
озаботить 0,888564 0,000186
озабоченно 1,088136 0,000228
озарить 1,167317 0,000245
оказать 1,213075 0,000254
окрик 1,866287 0,000392
он 0,000000 0,000000
описывать 1,125925 0,000236
оправдание 1,088136 0,000228
оправдаться 1,322219 0,000277
опубликовать 0,000000 0,000000
опять 0,027438 0,000040
осклабиться 1,088136 0,000228
ослабеть 1,088136 0,000228
особенно 0,129891 0,000109
особенный 0,389166 0,000082
оставаться 0,280827 0,000059
остаться 0,133894 0,000028
острог 1,322219 0,001387
острожный 1,866287 0,000392
острота 2,167317 0,000909
острый 1,213075 0,000254
отвезти 1,565257 0,000328
отвергнуть 0,991226 0,000208
отвести 0,866287 0,000182
ответить 0,121994 0,000026
отвечать 0,258832 0,000163
отделение 1,213075 0,000509
отец 0,091770 0,000019
откладывать 1,468347 0,000308
откровенно 0,824895 0,000173
откроить 1,389166 0,000874
открыть 0,635838 0,000133
отложить 0,824895 0,000173
отмочить 1,866287 0,000783
отмстить 1,468347 0,000308
относительный 1,866287 0,000783
отнюдь 0,824895 0,000346
отойти 0,845098 0,000177
отплатить 1,468347 0,000308
отпускать 1,264227 0,000265
отрицательно 2,167317 0,000455
отродье 2,167317 0,000455
оттенок 0,991226 0,000624
оттого 0,675956 0,000284
отчаяние 0,544068 0,000114
отчий 0,554533 0,000465
оформление 0,000000 0,000000
охватить 1,389166 0,000291
очень 0,024303 0,000046
очищение 1,690196 0,000355
ощутить 1,322219 0,000277
павлович 0,286504 0,000060
пальто 0,936868 0,000197
папенька 1,468347 0,000308
первый 0,018098 0,000008
перебить 0,486076 0,000306
переговорить 0,936868 0,000197
передавать 0,635838 0,000133
передать 0,381987 0,000160
перейти 0,000000 0,000000
перекоситься 1,167317 0,000245
перекрестить 1,167317 0,000490
переспросить 1,053374 0,000442
перхотин 1,053374 0,000221
песок 1,322219 0,000277
петербург 0,434924 0,000274
писать 0,419129 0,000352
плечо 0,403889 0,000254
плоский 1,690196 0,000355
побег 1,565257 0,000657
побледнеть 0,544068 0,000114
побороть 1,322219 0,000277
повадиться 1,322219 0,000555
повенчать 1,866287 0,000783
поверить 0,347773 0,000073
поворотить 1,322219 0,000277
повторить 0,544068 0,000342
погибший 1,088136 0,000228
подборка 0,000000 0,000000
подвинуться 1,468347 0,000308
поддаваться 1,690196 0,000355
поделом 1,690196 0,000355
подземный 1,866287 0,001175
подлец 0,554533 0,000582
поднять 0,396465 0,000166
подобие 1,389166 0,000291
подождать 0,587534 0,000123
подозревать 0,504560 0,000106
подойти 0,341243 0,000143
подробно 1,053374 0,000221
подробность 0,477121 0,000200
подружиться 2,167317 0,000909
подтвердить 0,544068 0,000228
подъезжать 1,866287 0,000392
позволить 0,264227 0,000166
позвонить 1,125925 0,000236
поздно 0,735954 0,000463
пойти 0,080958 0,000119
показание 0,752344 0,000158
показать 0,292256 0,000061
покачать 1,866287 0,000392
покачнуть 2,167317 0,000455
поклон 0,787106 0,000165
полезный 1,053374 0,000221
полно 1,053374 0,000221
полный 0,253503 0,000160
полтораста 2,167317 0,000909
польза 0,675956 0,000425
помешать 0,963197 0,000202
поминутно 0,635838 0,000267
помнить 0,167317 0,000035
помолчать 0,648803 0,000136
понимать 0,095435 0,000240
понять 0,106619 0,000112
попасть 0,533849 0,000112
попробовать 0,866287 0,000182
попросить 0,426955 0,000269
попрёк 1,565257 0,000328
пора 0,690196 0,000145
поросёнок 1,690196 0,000355
порядочный 0,866287 0,000182
посадить 0,752344 0,000158
посетитель 0,991226 0,000416
поскрёбки 2,167317 0,000455
после 0,084532 0,000106
последний 0,066947 0,000112
послушание 1,213075 0,000254
посмертно 0,000000 0,000000
посмотреть 0,213075 0,000045
поспешно 0,866287 0,000182
поставить 0,451314 0,000095
постоять 0,690196 0,000290
потерянный 0,912045 0,000191
потом 0,084532 0,000106
потому 0,024303 0,000076
потрясный 1,213075 0,000254
поцеловать 0,587534 0,000123
поцеловаться 1,690196 0,000709
поцелуй 0,888564 0,000186
почему 0,099131 0,000042
почти 0,024303 0,000036
пошутить 1,389166 0,000291
пощадить 0,991226 0,000208
правда 0,088136 0,000055
правило 1,088136 0,000228
правильно 1,167317 0,000245
право 0,176091 0,000111
правый 0,495219 0,000104
пред 0,030597 0,000051
предварительный 1,213075 0,000254
предлагать 0,824895 0,000173
предложить 0,623249 0,000131
предмет 0,611015 0,000256
представляться 0,611015 0,000128
предупредить 0,769377 0,000161
прежде 0,077412 0,000130
прежний 0,198834 0,000042
презренный 1,322219 0,000277
премудрость 1,468347 0,000308
преподать 1,866287 0,000392
преподобие 1,565257 0,000328
преступление 0,623249 0,000131
прибавить 0,162996 0,000034
привилегия 2,167317 0,000455
привыкнуть 1,088136 0,000228
приглядываться 1,389166 0,000291
приговор 0,824895 0,000692
придумать 0,991226 0,000208
приехать 0,309985 0,000065
прижизненный 0,000000 0,000000
признаться 0,443041 0,000186
призывать 1,125925 0,000236
прийти 0,095435 0,000040
принбыть 1,866287 0,000392
принести 0,389166 0,000163
принимать 0,328468 0,000069
принять 0,180546 0,000076
приняться 0,845098 0,000177
приревновать 1,565257 0,000328
присниться 1,264227 0,000265
приходить 0,243038 0,000153
пробормотать 0,316059 0,000066
проводить 0,845098 0,000177
провожать 0,936868 0,000197
прогнать 0,704919 0,000148
проговорить 0,110412 0,000069
программирование 0,000000 0,000000
произведение 0,000000 0,000000
произносить 1,213075 0,000254
происходить 0,523865 0,000110
происшествие 1,053374 0,000221
пройти 0,000000 0,000000
пройтись 1,389166 0,000583
пролезть 1,866287 0,000783
пролепетать 0,936868 0,000197
пронзить 1,167317 0,000245
пропасть 0,769377 0,001291
пропустить 0,845098 0,000177
пророчество 1,389166 0,000291
просить 0,150284 0,000095
простить 0,286504 0,000180
просто 0,232819 0,000098
простой 0,576253 0,000121
против 0,389166 0,000082
протяжно 2,167317 0,000455
проч 0,662167 0,000139
прочесть 0,443041 0,000186
прощать 0,426955 0,000090
прощение 0,611015 0,000513
прямо 0,118099 0,000074
публикация 0,000000 0,000000
пустить 0,735954 0,000309
пусть 0,253503 0,000106
пустяк 0,888564 0,000186
путь 0,675956 0,000142
пушкин 1,167317 0,000735
пытка 1,565257 0,000328
пьянство 1,167317 0,000245
пьянствовать 1,389166 0,000291
пятьсот 0,936868 0,000197
пётр 0,866287 0,000182
равно 0,303994 0,000191
радость 0,411442 0,000432
разве 0,146128 0,000123
раздробить 1,565257 0,000328
размер 1,088136 0,000228
разный 0,565257 0,000119
разрез 1,866287 0,000392
разрешение 0,000000 0,000000
разрешить 0,824895 0,000173
разумеется 0,328468 0,000069
рак 2,167317 0,000455
ракитин 0,787106 0,003963
ранний 0,504560 0,000106
рано 0,787106 0,000165
раскаяться 1,468347 0,000308
раскланиваться 1,565257 0,000328
раскрыть 1,125925 0,000236
расплодиться 2,167317 0,000455
распятие 2,167317 0,000455
рассердиться 0,523865 0,000220
рассказать 0,280827 0,000353
рассказывать 0,341243 0,000143
расслышать 1,167317 0,000245
рассмеяться 0,599116 0,000126
рассориться 1,565257 0,000328
расхохотаться 0,963197 0,000202
расцеловать 1,690196 0,000355
расширение 2,167317 0,000455
ребёнок 0,232819 0,000098
ревновать 1,021189 0,000428
ревность 0,888564 0,000186
резвый 1,565257 0,000328
рекомендовать 1,264227 0,000265
речь 0,486076 0,000306
решать 1,053374 0,001105
решение 0,533849 0,000224
решить 0,232819 0,000391
решиться 0,341243 0,000143
робкий 0,824895 0,000173
родник 2,167317 0,000455
родственник 0,805589 0,000169
роль 1,053374 0,000221
рубль 0,334808 0,000070
руда 2,167317 0,000455
рудник 1,866287 0,000783
рука 0,030597 0,000039
русский 0,411442 0,000173
рядом 0,690196 0,000290
сайт 0,000000 0,000000
сам 0,002964 0,000003
самолюбие 0,963197 0,000404
самый 0,018098 0,000008
сведение 0,824895 0,000173
свет 0,176091 0,000037
свидание 0,514105 0,000431
свидетель 0,459747 0,000096
свинья 1,690196 0,001418
свободно 0,000000 0,000000
свой 0,000000 0,000000
сдавить 1,866287 0,000392
себя 0,000000 0,000000
сегодня 0,194189 0,000163
сейчас 0,070407 0,000074
сейчашний 1,565257 0,000328
секрет 0,690196 0,000724
секунда 0,565257 0,000119
семьдесят 0,000000 0,000000
сердиться 0,443041 0,000093
сердце 0,095435 0,000200
сидеть 0,125925 0,000106
сила 0,185046 0,000078
симпатия 1,167317 0,000245
сиять 0,888564 0,000186
сказать 0,011981 0,000060
скамейка 1,088136 0,000228
скверный 0,623249 0,000131
сколько 0,280827 0,000059
скорбь 1,322219 0,000277
скорый 0,237898 0,000050
скрежетать 1,264227 0,000265
скрывать 0,635838 0,000133
сладострастный 1,322219 0,000277
следствие 0,912045 0,000191
слеза 0,275223 0,000173
словечко 0,704919 0,000148
слово 0,027438 0,000029
сложить 0,845098 0,000177
сломать 1,264227 0,000265
служака 2,167317 0,000455
слух 0,805589 0,000169
случай 0,146128 0,000031
слушать 0,203530 0,000171
слышать 0,125925 0,000158
слюна 1,468347 0,000616
смениться 2,167317 0,000455
смерд 1,690196 0,000355
смердеть 1,053374 0,000663
смеркаться 1,389166 0,000291
смеяться 0,171682 0,000216
смолоду 2,167317 0,000455
сморчок 1,690196 0,000355
смотреть 0,077412 0,000065
смотритель 1,565257 0,001642
смочь 1,264227 0,000530
сначала 0,434924 0,000091
сниться 0,991226 0,000208
снова 0,565257 0,000119
собираться 0,635838 0,000133
собрание 1,088136 0,000228
собрать 1,213075 0,000254
совершиться 0,662167 0,000139
совесть 0,544068 0,000457
соврать 1,167317 0,000245
совсем 0,021189 0,000031
согласие 0,000000 0,000000
согласный 0,565257 0,000119
созерцать 1,021189 0,000214
сознавать 0,824895 0,000173
сознание 0,787106 0,000165
сознаться 0,769377 0,000161
сойти 0,495219 0,000208
сойтись 0,623249 0,000131
солдат 0,888564 0,000186
солнце 0,675956 0,000425
сомневаться 0,752344 0,000158
сомнение 0,426955 0,000090
сообщать 0,963197 0,000202
сопливый 2,167317 0,000455
сорок 0,845098 0,000177
состояться 0,936868 0,000197
сострадание 0,787106 0,000165
сострить 2,167317 0,000455
сотня 0,991226 0,000416
сотрясаться 0,963197 0,000202
сохранить 0,690196 0,000145
социализм 1,322219 0,000277
сочинение 1,468347 0,000308
сочинить 0,963197 0,000202
спасибо 0,866287 0,000182
спасть 0,554533 0,000116
спешить 0,477121 0,000200
спорить 0,752344 0,000158
способный 0,587534 0,000123
справиться 0,991226 0,000208
спрашивать 0,232819 0,000293
спросить 0,114239 0,000120
среда 1,264227 0,000796
сретим 2,167317 0,000455
срок 0,675956 0,000142
становиться 0,389166 0,000163
старик 0,303994 0,000255
стародавний 2,167317 0,000455
стать 0,002964 0,000004
статья 0,991226 0,000416
стена 0,533849 0,000448
степень 0,367977 0,000154
стеснять 1,565257 0,000328
стих 0,735954 0,000309
стишок 1,322219 0,000277
стишонка 1,866287 0,001175
стоить 0,189594 0,000119
столичный 1,053374 0,000221
столкнуться 1,264227 0,000265
столп 1,866287 0,000392
столь 0,434924 0,000091
столько 0,443041 0,000093
сторож 1,213075 0,000509
сторона 0,110412 0,000069
стоять 0,150284 0,000032
страдальческий 1,389166 0,000291
страдание 0,554533 0,000349
страдать 0,623249 0,000131
странный 0,227798 0,000048
страшно 0,434924 0,000639
страшный 0,286504 0,000060
строить 1,088136 0,000228
строка 1,088136 0,000228
ступать 0,587534 0,000123
суд 0,554533 0,000931
судорожно 1,167317 0,000245
судьба 0,443041 0,000093
судья 0,866287 0,000182
суета 1,389166 0,000583
суждение 1,389166 0,000291
сумасшедший 0,554533 0,000116
суметь 0,648803 0,000272
сухо 0,991226 0,000416
существовать 0,635838 0,000267
сущность 0,675956 0,000142
сфинкс 1,690196 0,000355
схватить 0,347773 0,000073
сходить 0,611015 0,000256
считать 0,275223 0,000058
сын 0,434924 0,000091
сюда 0,232819 0,000049
таинственный 0,991226 0,000208
таить 1,690196 0,000355
таиться 1,125925 0,000236
тайна 0,675956 0,000284
также 0,000000 0,000000
таки 0,066947 0,000070
таковой 0,451314 0,000189
такой 0,002964 0,000014
твой 0,258832 0,000271
твёрдо 0,419129 0,000088
текст 0,000000 0,000000
темно 0,912045 0,000383
темнота 0,866287 0,000182
теперь 0,015029 0,000063
тереться 2,167317 0,000455
терпеть 0,866287 0,000363
тогда 0,050046 0,000136
тоже 0,043466 0,000082
толк 0,805589 0,000169
толковать 0,912045 0,000191
только 0,002964 0,000016
том 1,565257 0,000328
томить 1,565257 0,000985
тосковать 1,021189 0,000428
тот 0,002964 0,000004
тотчас 0,046743 0,000020
точно 0,121994 0,000077
трагический 1,213075 0,000254
третий 0,154480 0,000032
три 0,303994 0,000064
тряпка 1,264227 0,000265
ты 0,133894 0,001376
тысяча 0,217927 0,000320
тюрьма 1,213075 0,000254
тяпнуть 1,389166 0,000291
тёплый 0,991226 0,000208
убежать 0,565257 0,000237
убеждение 0,554533 0,000233
убеждённый 0,635838 0,000133
убивать 0,805589 0,000676
убийца 0,704919 0,000444
убить 0,275223 0,000404
убраться 1,690196 0,000355
уважать 0,523865 0,000110
уверить 0,599116 0,000251
увидеть 0,222835 0,000047
угол 0,341243 0,000072
удивиться 0,523865 0,000220
удивление 0,292256 0,000061
удивляться 0,544068 0,000342
ужас 0,468347 0,000098
ужасный 0,322219 0,000068
узнать 0,106619 0,000022
указание 1,053374 0,000442
укрепить 1,690196 0,000355
улаживаться 2,167317 0,000455
ум 0,720159 0,000151
умереть 0,269690 0,000057
умерший 0,000000 0,000000
уметь 0,328468 0,000069
умно 1,264227 0,000530
умножиться 1,866287 0,000392
умный 0,403889 0,000508
унизить 0,936868 0,000197
урок 0,936868 0,000197
услышать 0,381987 0,000080
усмехнуться 0,374926 0,000157
усмешка 0,752344 0,000158
усмирить 1,866287 0,000392
установиться 1,389166 0,000291
устроить 0,690196 0,000434
устроиться 1,088136 0,000228
устыдить 1,690196 0,000355
утверждать 0,623249 0,000131
утолить 1,322219 0,000277
утро 0,347773 0,000073
утром 0,411442 0,000086
ухаживать 1,322219 0,000277
уходить 0,328468 0,000138
учиться 0,912045 0,000191
учёный 0,752344 0,000316
философ 1,053374 0,000884
философия 1,264227 0,000530
формальность 1,690196 0,000709
фёдор 0,434924 0,000274
фёдорович 0,150284 0,000032
характер 0,374926 0,000079
хватить 0,912045 0,000191
хвостик 1,690196 0,001418
херувим 1,565257 0,000657
химия 2,167317 0,001819
хлопотать 1,088136 0,000228
ходить 0,213075 0,000223
хорошеть 1,690196 0,000355
хороший 0,077412 0,000097
хорошо 0,189594 0,000040
хотеть 0,033778 0,000085
хоть 0,060107 0,000050
хотя 0,050046 0,000084
хохлакова 1,690196 0,000709
хохлаковый 0,690196 0,000290
цезарь 2,167317 0,000455
целовать 0,635838 0,000133
целое 0,587534 0,000123
целый 0,217927 0,000091
цена 1,021189 0,000428
цепь 1,322219 0,000277
час 0,185046 0,000116
часто 0,292256 0,000123
часть 0,002964 0,000001
чей 0,000000 0,000000
человек 0,011981 0,000070
человеческий 0,565257 0,000119
человечество 0,866287 0,000545
через 0,258832 0,000054
черта 0,264227 0,000721
честной 0,587534 0,000123
честный 0,735954 0,000154
четвёртый 0,286504 0,000120
четыре 0,361137 0,000152
число 0,704919 0,000296
чистый 0,434924 0,000182
читаемый 2,167317 0,000455
читать 0,403889 0,000169
чрезвычайный 0,258832 0,000054
что 0,030597 0,000039
чтоб 0,073896 0,000078
чтобы 0,030597 0,000039
чувствительный 1,088136 0,000228
чувство 0,158717 0,000067
чужое 1,125925 0,000236
швед 2,167317 0,000455
шельма 1,213075 0,000509
штука 0,912045 0,000191
шутка 0,675956 0,000284
шутливый 1,866287 0,000392
шутовской 1,565257 0,000328
щёлка 1,690196 0,000355
этакий 0,533849 0,000224
это 0,002964 0,000011
этот 0,002964 0,000006
эфик 1,866287 0,001175
эфика 1,866287 0,000392
я 0,024303 0,000163
явиться 0,298086 0,000063
являться 0,675956 0,000425
явно 1,088136 0,000228
