авось 1,389166 0,000338
автор 0,000000 0,000000
авторский 0,000000 0,000000
аграфена 0,912045 0,000222
адвокат 1,021189 0,000248
александрович 0,504560 0,000123
алексей 0,000000 0,000000
алеш 0,328468 0,001756
ангел 0,720159 0,000525
ангела 1,264227 0,000307
ангельский 1,389166 0,000675
аптека 1,866287 0,000454
батюшка 0,635838 0,000309
бедняк 1,690196 0,000821
бежать 0,434924 0,000423
безжалостный 1,690196 0,000821
берег 1,322219 0,000321
бесполезный 1,468347 0,000357
беспорядочный 1,389166 0,000338
библиотека 1,866287 0,001361
битый 1,565257 0,000380
благородный 0,374926 0,000364
благородство 0,888564 0,000432
бледный 0,443041 0,000108
бог 0,154480 0,000075
богатый 0,587534 0,000428
божий 0,623249 0,000303
боком 1,565257 0,000380
более 0,000000 0,000000
болтать 1,088136 0,000264
больно 0,787106 0,000574
больший 0,248239 0,000060
большой 0,056728 0,000096
большущий 2,167317 0,000527
бормотать 0,662167 0,000161
бородёнка 1,468347 0,001070
брат 0,060107 0,000175
братец 0,991226 0,000964
бредить 0,912045 0,000443
бремя 1,690196 0,000411
бросить 0,269690 0,000131
броситься 0,258832 0,000377
брызги 1,565257 0,000380
брызнуть 1,389166 0,000338
будто 0,099131 0,000072
быстро 0,232819 0,000057
быстрый 0,824895 0,000200
быть 0,000000 0,000000
ванна 2,167317 0,001053
варвар 1,468347 0,001070
варя 0,991226 0,000241
ваш 0,121994 0,000474
вверх 0,866287 0,000211
вдавить 2,167317 0,000527
вдруг 0,005949 0,000022
ведь 0,043466 0,000211
великий 0,341243 0,000083
верить 0,180546 0,000044
верно 0,523865 0,000127
вернуться 0,963197 0,000234
верный 0,495219 0,000120
весь 0,002964 0,000021
весьма 0,243038 0,000059
ветер 1,053374 0,000256
ветерок 1,866287 0,000454
вечер 0,322219 0,000157
вечером 0,533849 0,000519
взвизгнуть 1,125925 0,000821
взгляд 0,185046 0,000045
взглянуть 0,468347 0,000114
вздрагивать 1,021189 0,000248
вздрогнуть 0,486076 0,000354
взор 1,167317 0,000284
взять 0,077412 0,000169
вид 0,150284 0,000110
видать 0,419129 0,000102
видеть 0,027438 0,000093
видно 0,504560 0,000123
визит 0,845098 0,000205
вкратце 1,389166 0,000338
вместе 0,208276 0,000152
вместо 0,411442 0,000100
внутри 1,053374 0,000256
вовсе 0,150284 0,000073
вода 0,587534 0,000428
воздух 0,845098 0,000821
вознаграждение 0,000000 0,000000
воистину 0,912045 0,000222
войти 0,137934 0,000067
воля 0,576253 0,000140
вороненький 2,167317 0,001053
воротиться 0,303994 0,000222
ворчать 1,565257 0,000380
воскликнуть 0,269690 0,000197
восклицать 0,533849 0,000259
воспрянуть 2,167317 0,000527
восстать 1,213075 0,000295
восторг 0,419129 0,000102
восхититься 2,167317 0,000527
восчувствовать 2,167317 0,000527
впечатление 0,389166 0,000095
вправду 0,888564 0,000432
впредь 0,752344 0,000183
впрямь 0,769377 0,000374
враг 0,735954 0,000179
время 0,018098 0,000013
вскрикивать 1,213075 0,000295
вскричать 0,253503 0,000185
вслед 0,523865 0,000127
вследствие 0,888564 0,000216
вспомнить 0,434924 0,000106
вспоможение 1,389166 0,000338
второй 0,217927 0,000106
вчера 0,341243 0,000083
вчерашний 0,599116 0,000146
вы 0,232819 0,000113
выбить 1,690196 0,000411
выверт 1,565257 0,000380
вывести 0,611015 0,000297
выговорить 0,599116 0,000146
выгон 2,167317 0,000527
вызвать 0,824895 0,001002
вызов 0,866287 0,000211
вызывать 1,125925 0,000274
выйти 0,063514 0,000031
выкинуть 1,322219 0,000321
вымолить 1,866287 0,000454
вынести 0,486076 0,000236
выпить 0,704919 0,000343
выплата 0,000000 0,000000
выпрямиться 1,389166 0,000338
выразить 0,599116 0,000437
вырасти 1,088136 0,000264
вырвать 1,125925 0,000274
высечь 1,264227 0,000307
высказать 0,523865 0,000127
выслушать 0,426955 0,000519
высокий 0,213075 0,000052
высоко 0,991226 0,000241
высылать 1,866287 0,000454
вытянуть 1,468347 0,001070
выходить 0,258832 0,000126
герценштуба 1,088136 0,000264
главное 0,185046 0,000135
глаз 0,056728 0,000028
глазёнки 1,565257 0,000761
глубина 0,866287 0,000211
глупый 0,419129 0,000204
глядеть 0,243038 0,000295
гнев 0,544068 0,000529
говорить 0,011981 0,000093
говядина 1,565257 0,000380
год 0,292256 0,000071
голова 0,114239 0,000056
головка 1,167317 0,000284
голубчик 0,565257 0,000137
гора 0,805589 0,000392
горбатенький 2,167317 0,000527
горбатый 1,565257 0,000380
гордость 0,587534 0,000143
гордый 0,576253 0,000140
горе 0,648803 0,000315
гореть 0,735954 0,000179
город 0,248239 0,000302
городской 0,936868 0,000228
горячий 0,523865 0,000127
горячо 0,544068 0,000132
господь 0,374926 0,000364
грешный 0,991226 0,000482
грудка 1,690196 0,000411
грудь 0,443041 0,000108
грустно 0,735954 0,000179
грусть 1,021189 0,000248
губа 0,411442 0,000400
губерния 0,991226 0,000482
губёнка 2,167317 0,000527
гудеть 1,866287 0,000454
гулять 0,963197 0,000702
гуща 2,167317 0,000527
давеча 0,232819 0,000170
давешний 0,611015 0,000148
даже 0,005949 0,000016
далёкий 0,411442 0,000100
дама 0,434924 0,000317
дать 0,171682 0,000167
двести 0,912045 0,001108
двое 0,936868 0,000228
дворянин 1,167317 0,000284
девица 0,648803 0,000315
девушка 0,533849 0,000130
девять 0,888564 0,000432
действовать 0,936868 0,000228
делать 0,194189 0,000094
дело 0,011981 0,000015
денежка 1,322219 0,000321
день 0,118099 0,000230
деньга 0,185046 0,000450
держать 0,403889 0,000098
дескать 0,419129 0,000102
десять 0,298086 0,000145
детство 0,720159 0,000175
диета 2,167317 0,000527
дикий 0,720159 0,000350
дико 1,167317 0,000284
дмитрий 0,396465 0,000289
доброта 0,991226 0,000241
добрый 0,303994 0,000148
добусться 2,167317 0,000527
доверять 1,088136 0,000529
довольный 0,495219 0,000120
дойти 0,389166 0,000095
докладывать 1,125925 0,000274
доктор 0,554533 0,000135
долго 0,222835 0,000108
должный 0,099131 0,000145
должок 2,167317 0,000527
доложить 1,021189 0,000248
допрезать 1,690196 0,000411
дорога 0,275223 0,000134
досказать 2,167317 0,000527
доставить 1,021189 0,000248
достать 0,587534 0,000428
достоевский 0,000000 0,000000
достояние 0,000000 0,000000
дотрагиваться 1,866287 0,000454
дочка 0,912045 0,000222
дразнить 0,845098 0,000616
дрожать 0,426955 0,000104
друг 0,180546 0,000175
другой 0,008955 0,000017
думать 0,060107 0,000088
душа 0,158717 0,000077
душевный 0,912045 0,000222
дуэль 1,213075 0,001474
ежедневно 1,021189 0,000496
если 0,011981 0,000038
есть 0,018098 0,000031
жаловаться 0,805589 0,000196
жар 0,587534 0,000143
желать 0,232819 0,000113
женщина 0,213075 0,000052
жизнь 0,084532 0,000021
заболеть 1,053374 0,000256
забор 0,866287 0,000211
забыть 0,125925 0,000061
завести 1,021189 0,000248
заглянуть 0,991226 0,000241
загореться 0,912045 0,000222
загудеть 2,167317 0,000527
задыхаться 0,635838 0,000155
зажать 1,468347 0,000357
зажечься 1,866287 0,000454
заинтересовать 0,824895 0,000200
закрой 2,167317 0,000527
замахнуться 1,866287 0,000454
заметить 0,056728 0,000028
занести 1,322219 0,000321
запомнить 0,576253 0,000140
запрячь 1,690196 0,000411
запустить 1,690196 0,000821
заработать 1,866287 0,001361
заручиться 2,167317 0,000527
зарыдать 1,213075 0,000590
заставить 0,735954 0,000179
застыдиться 1,389166 0,000338
затараторить 2,167317 0,000527
затем 0,237898 0,000058
затмиться 2,167317 0,000527
затрястись 0,963197 0,000468
захлёбываться 1,565257 0,000380
захотеть 0,316059 0,000077
захрустеть 2,167317 0,000527
звать 0,419129 0,000102
звук 1,053374 0,000256
здесь 0,095435 0,000046
здешний 0,611015 0,000297
земля 0,298086 0,000072
зима 1,167317 0,000284
злоба 0,523865 0,000127
злой 0,587534 0,000143
змеиный 2,167317 0,000527
змей 2,167317 0,000527
змейка 1,866287 0,000454
змея 1,690196 0,000411
знакомый 0,486076 0,000118
знать 0,002964 0,000012
значит 0,243038 0,000118
значительный 0,866287 0,000211
значить 0,866287 0,000211
иванович 0,269690 0,000131
идти 0,180546 0,000219
изба 0,824895 0,000200
известно 0,334808 0,000081
изволить 0,477121 0,000116
излагать 1,264227 0,000307
изложить 0,866287 0,000211
изобразить 1,167317 0,000567
изредка 0,888564 0,000216
изъяснить 1,389166 0,000338
илюша 1,213075 0,005011
илюшечка 1,213075 0,000884
илюшка 2,167317 0,001053
именно 0,066947 0,000081
иметь 0,118099 0,000086
иначе 0,367977 0,000268
искалечить 2,167317 0,000527
искренний 0,576253 0,000140
искривить 1,167317 0,000284
использоваться 0,000000 0,000000
испуг 0,554533 0,000135
испугаться 0,523865 0,000127
исследовать 1,690196 0,000411
исступление 0,565257 0,000137
исступлённый 0,805589 0,000587
истина 0,704919 0,000685
источник 1,565257 0,000380
исход 0,991226 0,000241
исходить 1,690196 0,000411
исчезнуть 0,623249 0,000151
каблук 1,468347 0,000357
каждый 0,137934 0,000067
казаться 0,063514 0,000015
какой 0,005949 0,000013
калека 1,866287 0,000454
калитка 1,125925 0,000274
камень 0,787106 0,001530
капитан 0,769377 0,001870
капризный 1,213075 0,000295
карамазов 0,180546 0,000219
карман 0,396465 0,000096
картина 0,690196 0,000168
катерина 0,587534 0,000286
каторжный 1,565257 0,000380
кибитка 2,167317 0,000527
класс 0,888564 0,000216
клюкнуть 2,167317 0,000527
клясться 0,554533 0,000539
кляча 1,866287 0,000454
книга 0,106619 0,000104
когда 0,015029 0,000015
кодекс 1,866287 0,000454
колено 0,565257 0,000137
коли 0,269690 0,000066
комар 0,000000 0,000000
контора 1,866287 0,000454
кончить 0,328468 0,000160
копейка 0,769377 0,000187
который 0,002964 0,000005
красоткин 1,213075 0,000295
красоткинуть 1,389166 0,000338
кредитка 1,167317 0,001986
крепиться 1,389166 0,000338
крепко 0,443041 0,000108
кричать 0,303994 0,000443
кроме 0,158717 0,000039
кротость 1,468347 0,000357
кругом 0,419129 0,000102
кстати 0,468347 0,000114
кто 0,114239 0,000111
кувшин 1,565257 0,000380
кулак 0,752344 0,000548
купать 2,167317 0,000527
купец 0,720159 0,000525
купить 0,752344 0,000548
курсистка 2,167317 0,001053
кусок 1,088136 0,000529
кушать 1,167317 0,000284
ладонь 0,866287 0,000211
левый 0,704919 0,000514
лежать 0,243038 0,000177
лекарство 1,322219 0,000321
лететь 0,805589 0,000196
лето 0,866287 0,000211
лечение 1,125925 0,000547
либо 0,000000 0,000000
литература 1,468347 0,000357
лихорадка 0,845098 0,000205
лицо 0,000000 0,000000
личико 1,088136 0,000264
личный 0,662167 0,000161
лишь 0,185046 0,000180
лошадка 1,565257 0,002282
любить 0,066947 0,000016
любой 0,000000 0,000000
маленький 0,185046 0,000045
мало 0,208276 0,000051
мальчик 0,411442 0,001200
мальчишка 0,752344 0,000183
маменька 0,824895 0,002005
махонький 2,167317 0,000527
мгновение 0,316059 0,000077
мелкий 0,690196 0,000168
мерещиться 0,866287 0,000211
мерзавец 1,389166 0,000338
мести 1,866287 0,000454
место 0,099131 0,000072
мечта 0,735954 0,000715
мечтать 0,752344 0,000183
мечтаться 1,389166 0,000338
милостыня 1,565257 0,000380
милый 0,322219 0,000157
минеральный 2,167317 0,001053
минута 0,050046 0,000061
мириться 1,389166 0,001013
много 0,080958 0,000020
многое 0,443041 0,000108
можно 0,088136 0,000021
мой 0,077412 0,000169
молчаливый 0,720159 0,000175
молчать 0,248239 0,000302
момент 0,000000 0,000000
мочалка 1,264227 0,002151
мочь 0,000000 0,000000
мошенничество 1,565257 0,000761
мрачный 0,662167 0,000322
мучиться 0,623249 0,000151
мщение 1,088136 0,000264
мысль 0,114239 0,000028
мыть 2,167317 0,000527
навеки 0,648803 0,000473
навести 1,322219 0,000321
наградить 1,690196 0,000411
надо 0,036984 0,000045
надобный 0,866287 0,000211
надрыв 1,264227 0,000307
назад 0,000000 0,000000
название 1,088136 0,000264
называть 0,477121 0,000116
найти 0,298086 0,000145
накормить 1,322219 0,000643
нанять 1,565257 0,000380
нападать 1,322219 0,000321
написать 0,000000 0,000000
направить 1,322219 0,000321
напротив 0,180546 0,000044
народ 0,514105 0,000125
наука 0,787106 0,000191
находиться 0,514105 0,000125
начало 0,243038 0,000059
начать 0,066947 0,000033
начаться 0,514105 0,000125
начинаться 0,805589 0,000196
наш 0,118099 0,000115
наяву 1,213075 0,000295
небо 0,635838 0,000155
нева 1,565257 0,000380
невероятно 1,213075 0,000295
невеста 0,720159 0,000175
невыразимый 1,264227 0,000307
неделя 0,374926 0,000091
недостойный 0,866287 0,000211
недра 1,389166 0,000675
неизъяснимый 1,866287 0,000454
некоторый 0,154480 0,000038
нельзя 0,176091 0,000128
непременно 0,133894 0,000033
несвежий 1,866287 0,000454
несомненный 1,088136 0,000264
несправедливый 0,888564 0,000216
несчастный 0,374926 0,000091
нехороший 1,389166 0,000338
нечего 0,381987 0,000093
нибыть 0,030597 0,000015
никакой 0,213075 0,000052
никогда 0,088136 0,000064
николаевич 0,704919 0,000514
никто 0,095435 0,000116
ниночка 1,468347 0,001427
ничего 0,030597 0,000037
нищий 1,125925 0,000274
новенький 2,167317 0,001053
новый 0,167317 0,000163
нога 0,213075 0,000207
ножик 1,468347 0,000357
ножной 2,167317 0,000527
ночь 0,189594 0,000138
ночью 0,587534 0,000143
ныне 1,021189 0,000248
ныть 2,167317 0,000527
оба 0,316059 0,000307
обернуться 0,576253 0,000420
обеспокоить 1,088136 0,000264
обида 0,720159 0,000700
обидеть 0,720159 0,000175
обидчик 0,912045 0,000443
обиженный 0,752344 0,000183
обмочить 1,866287 0,000454
обнаружиться 1,021189 0,000248
обнимать 0,866287 0,000211
обнять 0,735954 0,000358
обняться 1,389166 0,000338
ободрить 0,963197 0,000234
оборачиваться 1,389166 0,000338
обрадоваться 0,611015 0,000148
образ 0,243038 0,000118
общественный 0,000000 0,000000
обыкновение 0,888564 0,000216
обыкновенный 0,565257 0,000137
один 0,000000 0,000000
однако 0,102859 0,000050
ожидать 0,264227 0,000064
озлиться 1,053374 0,000512
оказаться 0,275223 0,000067
окно 0,381987 0,000093
он 0,000000 0,000000
они 0,275223 0,000134
опасаться 0,845098 0,000205
опасно 1,389166 0,000675
описать 0,912045 0,000222
опубликовать 0,000000 0,000000
опять 0,027438 0,000080
оседлать 2,167317 0,000527
осень 1,565257 0,000380
оскорбить 0,599116 0,000146
оскорбление 1,088136 0,000264
осматривать 1,053374 0,000256
особенно 0,129891 0,000063
оставаться 0,280827 0,000136
остановиться 0,269690 0,000066
остаться 0,133894 0,000065
остервенение 1,389166 0,000338
осуждать 1,264227 0,000307
осуществимый 2,167317 0,000527
осчастливить 1,690196 0,000411
отвечать 0,258832 0,000126
отвлечь 1,213075 0,000295
отдать 0,381987 0,000093
отделаться 1,264227 0,000307
отец 0,091770 0,000112
открыть 0,635838 0,000155
отложить 0,824895 0,000200
отнимать 1,213075 0,000295
отнюдь 0,824895 0,000200
отомстить 1,389166 0,000338
отпечатлеться 1,866287 0,000454
отправиться 0,611015 0,000297
отрываться 1,053374 0,000256
отскочить 1,213075 0,000295
оттуда 0,888564 0,000216
отчий 0,554533 0,000135
отъезд 1,021189 0,000248
отыскивать 1,167317 0,000284
офицер 0,752344 0,000548
офицерский 1,389166 0,000338
оформление 0,000000 0,000000
охать 1,389166 0,000338
очень 0,024303 0,000053
павлович 0,286504 0,000139
палец 0,486076 0,000236
пальчик 1,125925 0,000821
память 0,599116 0,000146
папа 0,963197 0,004915
папочка 1,565257 0,002663
паяц 1,690196 0,000411
первый 0,018098 0,000009
передавать 0,635838 0,000155
переезд 1,264227 0,000307
переехать 0,991226 0,000964
перейти 0,000000 0,000000
перекидываться 2,167317 0,000527
перемогать 1,866287 0,000454
перестать 0,411442 0,000100
перочинный 1,389166 0,000338
перст 1,213075 0,000295
песок 1,322219 0,000964
петербург 0,434924 0,000317
пешечком 1,866287 0,000907
письмоводитель 1,690196 0,000411
плакать 0,328468 0,000160
плачущий 1,125925 0,000274
плетень 1,389166 0,000338
плохо 0,912045 0,000222
плохой 0,533849 0,000130
площадь 0,888564 0,000864
поберечь 2,167317 0,000527
поблагодарить 1,264227 0,000307
побледнеть 0,544068 0,000264
повалить 1,565257 0,000761
повезти 1,565257 0,000380
повернуться 0,495219 0,000241
повесть 1,053374 0,000256
повеять 1,866287 0,000454
погулять 1,565257 0,000380
подборка 0,000000 0,000000
подвести 0,963197 0,000234
подле 0,419129 0,000204
подлец 0,554533 0,000270
поднять 0,396465 0,000385
подобный 0,533849 0,000130
подробность 0,477121 0,000116
подсадить 2,167317 0,000527
подхватить 0,403889 0,000098
поединок 1,565257 0,000380
поехать 0,576253 0,000140
пожалуй 0,237898 0,000058
позвать 0,704919 0,000343
позволить 0,264227 0,000193
позор 0,720159 0,000175
пойти 0,080958 0,000098
пока 0,213075 0,000052
показать 0,292256 0,000142
показывать 0,514105 0,000125
поклониться 0,662167 0,000161
покраснеть 0,504560 0,000123
покус 2,167317 0,000527
полететь 1,021189 0,000248
полечить 1,690196 0,000411
полка 1,264227 0,000307
полный 0,253503 0,000062
половина 0,396465 0,000096
положение 0,459747 0,000112
положить 0,403889 0,000098
получить 0,309985 0,000151
польза 0,675956 0,000164
поминутно 0,635838 0,000155
помириться 1,021189 0,000248
помнить 0,167317 0,000081
помолчать 0,648803 0,000158
помощь 0,888564 0,000864
понести 1,213075 0,000295
понимать 0,095435 0,000070
понять 0,106619 0,000052
попасть 0,533849 0,000259
пора 0,690196 0,000168
порознь 1,565257 0,000380
поручение 0,936868 0,000455
поручить 0,991226 0,000482
порядочный 0,866287 0,000211
посадить 0,752344 0,000548
посетитель 0,991226 0,000482
послать 0,309985 0,000151
после 0,084532 0,000021
последний 0,066947 0,000065
послушать 0,662167 0,000322
посмертно 0,000000 0,000000
посметь 0,936868 0,000228
посреди 1,322219 0,000321
постель 0,662167 0,000161
постепенно 1,088136 0,000264
посторонний 0,787106 0,000191
посуда 1,690196 0,000411
посудить 1,565257 0,000380
посылать 0,787106 0,000383
потечь 1,264227 0,000307
потом 0,084532 0,000041
потому 0,024303 0,000018
почему 0,099131 0,000024
починить 1,866287 0,000454
почти 0,024303 0,000012
почувствовать 0,426955 0,000104
пояснить 1,167317 0,000284
правда 0,088136 0,000086
править 2,167317 0,000527
право 0,176091 0,000086
правый 0,495219 0,000722
пред 0,030597 0,000007
предпринять 1,468347 0,000357
представивишийся 2,167317 0,000527
прежний 0,198834 0,000048
презирать 0,662167 0,000161
презрение 0,554533 0,000135
презренный 1,322219 0,000321
прекрасный 0,495219 0,000120
преследовать 1,213075 0,000295
прибавлять 1,088136 0,000264
прибыть 0,704919 0,000171
придумать 0,991226 0,000241
приезжать 0,936868 0,000228
приехать 0,309985 0,000151
прижизненный 0,000000 0,000000
прижимать 1,866287 0,000454
призывать 1,125925 0,000274
прийти 0,095435 0,000093
прийтись 0,565257 0,000137
приказ 1,468347 0,000357
приковаться 1,468347 0,000357
принести 0,389166 0,000095
принять 0,180546 0,000307
приобрести 0,912045 0,000222
припадать 2,167317 0,000527
прислать 0,403889 0,000098
прислуга 1,322219 0,000321
присылать 1,167317 0,000284
притихнуть 1,690196 0,000411
приходить 0,243038 0,000177
причина 0,396465 0,000096
пришибить 1,866287 0,000907
прищуриться 1,468347 0,000357
приятель 0,866287 0,000211
пробежать 1,213075 0,000590
пробормотать 0,316059 0,000077
прогнать 0,704919 0,000171
проговорить 0,110412 0,000027
программирование 0,000000 0,000000
продавать 1,264227 0,000307
продолжать 0,125925 0,000122
продолжение 0,888564 0,000216
прожект 2,167317 0,000527
прожить 0,690196 0,000168
прозвать 1,565257 0,000380
произведение 0,000000 0,000000
произвести 0,504560 0,000123
произнести 0,280827 0,000068
произойти 0,258832 0,000189
пройти 0,000000 0,000000
прокричать 0,599116 0,000291
проломить 1,264227 0,000307
промелькнуть 0,936868 0,000228
пропащий 2,167317 0,000527
прописать 1,866287 0,001361
прорваться 1,322219 0,000321
просить 0,150284 0,000146
простирать 1,167317 0,000284
простить 0,286504 0,000278
против 0,389166 0,000189
протянуть 0,486076 0,000118
процессика 2,167317 0,000527
прошептать 0,587534 0,000143
прошлогодний 2,167317 0,000527
прощать 0,426955 0,000104
прощение 0,611015 0,000297
прямо 0,118099 0,000029
публикация 0,000000 0,000000
публично 1,213075 0,000295
пустить 0,735954 0,000537
пустынный 1,468347 0,000357
путь 0,675956 0,000164
пылкий 1,565257 0,000380
пырнуть 1,468347 0,000357
пьяный 0,451314 0,000219
пятый 0,787106 0,000191
пять 0,222835 0,000108
работать 0,845098 0,000411
радужный 1,264227 0,000614
раз 0,309985 0,000075
разбить 0,936868 0,000228
разбогатеть 1,690196 0,001232
разбудить 1,088136 0,000264
разве 0,146128 0,000071
развернуть 0,866287 0,000211
развлечь 1,389166 0,000338
развёртывать 1,264227 0,000307
разгладить 1,866287 0,000454
разглаживать 2,167317 0,000527
разговаривать 0,720159 0,000350
разговор 0,264227 0,000128
раздражить 0,720159 0,000175
размах 1,167317 0,000284
разрешение 0,000000 0,000000
разумный 1,167317 0,000567
раскаяние 0,769377 0,000187
расписка 1,389166 0,000338
расписывать 1,565257 0,000380
распоряжение 1,088136 0,000264
раствор 2,167317 0,000527
рваться 1,053374 0,000256
ребёнок 0,232819 0,000113
ребёночек 1,088136 0,000793
ревматизм 1,565257 0,000380
рецепт 2,167317 0,000527
речь 0,486076 0,000118
решиться 0,341243 0,000166
ровно 0,533849 0,000130
род 0,419129 0,000102
родиться 0,936868 0,000228
родословный 1,866287 0,000454
россия 0,514105 0,000125
рубль 0,334808 0,000651
рука 0,030597 0,000082
русский 0,411442 0,000300
ручей 2,167317 0,000527
ручка 0,769377 0,000935
ручонка 1,690196 0,000821
рыцарский 1,389166 0,000675
сабля 1,866287 0,001814
садиться 0,486076 0,000118
сайт 0,000000 0,000000
сам 0,002964 0,000008
самый 0,018098 0,000048
сбить 0,866287 0,000211
сбоку 0,912045 0,000222
сверкать 0,611015 0,000297
свет 0,176091 0,000214
свободно 0,000000 0,000000
свой 0,000000 0,000000
святой 0,468347 0,000114
сделать 0,102859 0,000050
себя 0,000000 0,000000
сегодня 0,194189 0,000142
сезон 1,565257 0,000380
сейчас 0,070407 0,000120
секундант 1,690196 0,000411
семьдесят 0,000000 0,000000
сентябрь 2,167317 0,000527
сердце 0,095435 0,000093
сестра 0,477121 0,000580
сестрица 1,167317 0,000284
сидеть 0,125925 0,000122
сие 0,611015 0,000148
сила 0,185046 0,000045
сильный 0,269690 0,000131
синяк 1,389166 0,000338
сирота 1,213075 0,000295
сказать 0,011981 0,000020
ский 1,690196 0,000411
сколько 0,280827 0,000136
скомкать 1,565257 0,000380
скопить 1,565257 0,000380
скороговорка 1,264227 0,000614
скорый 0,237898 0,000058
скривиться 1,690196 0,000411
слабоумный 1,468347 0,000357
слабый 0,611015 0,000148
слава 0,635838 0,000155
слеза 0,275223 0,000268
слезливый 2,167317 0,000527
слишком 0,133894 0,000033
словно 0,866287 0,000211
слово 0,027438 0,000020
сложить 0,845098 0,000205
служанка 0,888564 0,000216
служить 0,544068 0,000132
случай 0,146128 0,000071
слушайте 0,912045 0,000665
слышать 0,125925 0,000092
смеркаться 1,389166 0,000338
сметь 0,389166 0,000095
смех 0,443041 0,000215
смириться 1,264227 0,000307
смотреть 0,077412 0,000056
смысл 0,523865 0,000127
смягчить 1,322219 0,000321
смять 1,866287 0,001361
сначала 0,434924 0,000106
снести 0,845098 0,000205
снова 0,565257 0,000137
собака 0,888564 0,000216
собрание 1,088136 0,000264
собраться 0,662167 0,000161
событие 0,824895 0,000200
совершенно 0,180546 0,000044
советовать 1,125925 0,000274
совсем 0,021189 0,000021
согласие 0,000000 0,000000
согласиться 0,396465 0,000096
согнать 1,565257 0,000761
солнце 0,675956 0,000164
сообщить 0,434924 0,000211
сорок 0,845098 0,000205
состояние 0,322219 0,000078
сотрясаться 0,963197 0,000468
сочинение 1,468347 0,000357
сочинить 0,963197 0,000234
сошка 2,167317 0,000527
спасение 0,991226 0,000482
спешить 0,477121 0,000116
сплетня 1,322219 0,000321
сплюснутый 1,690196 0,000411
спрашивать 0,232819 0,000057
спросить 0,114239 0,000056
спрятать 1,021189 0,000248
срываться 1,565257 0,001141
старик 0,303994 0,000074
стать 0,002964 0,000004
статься 1,322219 0,000643
стиснуть 1,322219 0,000321
стоить 0,189594 0,000369
столь 0,434924 0,000106
столько 0,443041 0,000215
стонать 1,021189 0,000248
сторона 0,110412 0,000054
сторублёвый 1,125925 0,000274
стоять 0,150284 0,000073
страдать 0,623249 0,000151
странно 0,354404 0,000172
страшный 0,286504 0,000070
сударь 1,053374 0,000768
судорога 0,991226 0,000241
сумасшедший 0,554533 0,000135
сунуть 1,167317 0,000284
существо 0,477121 0,000232
схватить 0,347773 0,000254
схватиться 1,088136 0,000264
сцена 0,554533 0,000135
счастие 0,451314 0,000110
счёт 0,623249 0,000151
также 0,000000 0,000000
таки 0,066947 0,000049
такой 0,002964 0,000008
тащить 1,021189 0,000744
твой 0,258832 0,000126
твёрдый 0,576253 0,000140
текст 0,000000 0,000000
тележка 1,866287 0,000454
теперь 0,015029 0,000051
тихий 0,544068 0,000132
товарищ 0,704919 0,000171
тогда 0,050046 0,000207
тоже 0,043466 0,000085
толк 0,805589 0,000196
только 0,002964 0,000012
том 1,565257 0,000380
тоненький 1,088136 0,000264
топтать 1,866287 0,000454
торопиться 0,662167 0,000322
тот 0,002964 0,000008
тотчас 0,046743 0,000011
точно 0,121994 0,000119
трактир 0,720159 0,000350
третий 0,154480 0,000188
трещать 1,690196 0,000411
тридцать 0,599116 0,000291
трус 1,322219 0,000321
ты 0,133894 0,000390
тягостный 1,866287 0,000454
тянуть 0,912045 0,000222
тёмный 0,523865 0,000127
тёплый 0,991226 0,000241
убивать 0,805589 0,000196
убить 0,275223 0,000334
уважаемый 1,167317 0,000284
увидать 0,434924 0,000106
уговаривать 0,963197 0,000234
уговорить 1,088136 0,000264
угодный 0,504560 0,000123
угол 0,341243 0,000083
уголок 1,125925 0,000274
удалиться 0,888564 0,000216
удар 0,866287 0,000421
ударить 0,635838 0,000155
удивление 0,292256 0,000071
удовлетворение 1,167317 0,000851
ужасно 0,167317 0,000041
узнавать 0,704919 0,000343
узнать 0,106619 0,000181
указательный 1,468347 0,000357
укладывать 1,389166 0,000338
укусить 1,125925 0,000274
улыбаться 0,544068 0,000132
умереть 0,269690 0,000066
умерший 0,000000 0,000000
умный 0,403889 0,000098
умолять 0,805589 0,000196
унизить 0,936868 0,000228
уняться 1,690196 0,000411
упечь 2,167317 0,000527
упор 0,963197 0,000234
урок 0,936868 0,000683
усадить 0,963197 0,000234
успех 0,963197 0,000234
устроить 0,690196 0,000168
утешить 1,053374 0,000256
утро 0,347773 0,000085
утром 0,411442 0,000200
участие 0,787106 0,000191
учить 0,752344 0,000183
фамильный 1,468347 0,000357
фокус 1,565257 0,000761
фокусик 2,167317 0,001580
формуляр 1,690196 0,000411
фёдор 0,434924 0,000423
фёдорович 0,150284 0,000292
хвататься 1,468347 0,000357
хлопоты 0,991226 0,000241
ходить 0,213075 0,000104
холод 1,125925 0,000274
холодненький 1,866287 0,000454
хоромы 1,866287 0,002268
хороший 0,077412 0,000056
хотеть 0,033778 0,000049
хотеться 0,292256 0,000142
хотя 0,050046 0,000036
царь 1,690196 0,000411
целовать 0,635838 0,000618
целый 0,217927 0,000106
час 0,185046 0,000090
часто 0,292256 0,000071
часть 0,002964 0,000001
чей 0,000000 0,000000
человек 0,011981 0,000020
честно 0,991226 0,000241
честь 0,403889 0,000098
четвёртый 0,286504 0,000139
четыре 0,361137 0,000088
чинить 2,167317 0,000527
чиновник 0,635838 0,000155
число 0,704919 0,000171
чистый 0,434924 0,000317
читаемый 2,167317 0,000527
читать 0,403889 0,000098
чрез 0,275223 0,000067
чрезвычайно 0,217927 0,000053
чрезвычайный 0,258832 0,000063
что 0,030597 0,000007
чтобы 0,030597 0,000030
шаг 0,367977 0,000179
шажком 2,167317 0,000527
швырнуть 1,565257 0,000380
шептать 1,021189 0,000744
шестнадцать 1,690196 0,000411
школа 1,053374 0,003072
школьник 0,936868 0,001138
штабс 1,021189 0,002482
шут 0,991226 0,000241
шёпотом 0,675956 0,000164
это 0,002964 0,000006
этот 0,002964 0,000007
юродливый 1,866287 0,000454
я 0,024303 0,000171
ясно 0,354404 0,000086
