автор 0,000000 0,000000
авторский 0,000000 0,000000
актёр 1,565257 0,000432
александр 1,213075 0,000335
александрович 0,504560 0,002090
алексей 0,000000 0,000000
алеш 0,328468 0,000363
ангел 0,720159 0,000199
анекдот 0,752344 0,000623
анна 1,389166 0,000384
антропофагия 1,565257 0,000432
аппетит 1,389166 0,000384
батюшка 0,635838 0,001054
беда 0,662167 0,000183
бедный 0,328468 0,000091
безбожник 1,468347 0,000406
безнравственный 1,565257 0,000432
безобразие 1,213075 0,000335
безукоризненно 1,690196 0,000467
бесноваться 1,690196 0,000467
беспокоиться 0,514105 0,000142
беспокойство 0,514105 0,000142
беспрерывно 0,623249 0,000172
бессилие 1,021189 0,000564
бессмертие 1,322219 0,002191
бесстыдник 1,866287 0,001031
бесчестить 1,565257 0,000432
библиотека 1,866287 0,001546
благоговение 1,125925 0,000311
благодарить 0,635838 0,000176
благодарный 0,752344 0,000208
благородный 0,374926 0,000414
благословение 1,125925 0,001244
благословить 0,735954 0,000406
блаженный 1,468347 0,000406
бледный 0,443041 0,000122
блестеть 1,322219 0,000365
бог 0,154480 0,000128
божественный 1,565257 0,000432
более 0,000000 0,000000
болезненность 2,167317 0,000599
болезненный 0,611015 0,000337
боль 0,690196 0,000191
больший 0,248239 0,000137
борода 1,021189 0,000846
брак 0,735954 0,000203
брат 0,060107 0,000066
брить 1,690196 0,000467
броситься 0,258832 0,000071
брызгаться 1,690196 0,000467
будить 1,088136 0,000601
будто 0,099131 0,000027
бывало 0,554533 0,000153
бывший 0,389166 0,000215
быстро 0,232819 0,000064
быть 0,000000 0,000000
важно 0,675956 0,000187
ваш 0,121994 0,000640
ввалиться 1,690196 0,000467
вдруг 0,005949 0,000026
ведь 0,043466 0,000096
вексель 1,389166 0,000767
великодушно 1,468347 0,000406
великое 0,888564 0,000245
велита 0,963197 0,000266
вера 0,514105 0,000284
верить 0,180546 0,000100
вернуться 0,963197 0,000266
веровать 0,704919 0,000973
вероятность 1,389166 0,000384
весь 0,002964 0,000017
весёлый 0,389166 0,000107
взволновать 0,866287 0,000239
взгляд 0,185046 0,000153
взять 0,077412 0,000043
видеть 0,027438 0,000015
видимо 0,328468 0,000091
видимый 0,443041 0,000122
видно 0,504560 0,000139
визит 0,845098 0,000233
виноватый 0,328468 0,000091
височек 1,389166 0,000384
владетельный 2,167317 0,000599
влететь 1,264227 0,000349
влюбить 0,752344 0,000208
вместе 0,208276 0,000115
вместо 0,411442 0,000114
внезапно 0,623249 0,000516
внезапный 0,533849 0,000147
внимание 0,504560 0,000139
внутренний 0,936868 0,000259
внутри 1,053374 0,000291
внушительно 0,963197 0,000266
вовсе 0,150284 0,000042
военный 0,936868 0,000259
возлюбить 0,912045 0,000504
вознаграждение 0,000000 0,000000
возобновиться 2,167317 0,000599
воистину 0,912045 0,000252
войти 0,137934 0,000076
волнение 0,361137 0,000399
волноваться 1,167317 0,000322
волос 0,690196 0,000191
воля 0,576253 0,000159
вообще 0,459747 0,000254
вопрос 0,146128 0,000161
воскликнуть 0,269690 0,000074
вперёд 0,426955 0,000236
вплоть 0,866287 0,000239
впрочем 0,118099 0,000130
врасплох 1,866287 0,000515
время 0,018098 0,000030
всегда 0,129891 0,000036
всенародно 1,866287 0,001031
вскинуть 0,991226 0,000274
вскочить 0,451314 0,000374
вскрикнуть 0,611015 0,000169
вскричать 0,253503 0,000140
встать 0,269690 0,000149
встретить 0,459747 0,000127
встретиться 0,704919 0,000195
всуе 1,866287 0,000515
всякий 0,106619 0,000059
второй 0,217927 0,000120
вчерашний 0,599116 0,000165
вы 0,232819 0,000193
вывод 1,389166 0,000384
выдавливать 2,167317 0,000599
выдвинуться 1,690196 0,000467
выжидать 1,264227 0,000349
вызвать 0,824895 0,000228
выйти 0,063514 0,000018
выплата 0,000000 0,000000
выражать 0,963197 0,000266
выражаться 0,752344 0,000416
выразить 0,599116 0,000165
выразиться 0,504560 0,000279
вырваться 0,565257 0,000312
высокий 0,213075 0,000059
высокопреподобие 1,690196 0,000467
вытащить 0,991226 0,000274
выход 0,769377 0,000212
выходить 0,258832 0,000071
выше 0,720159 0,000199
глаз 0,056728 0,000078
гласно 1,690196 0,000467
глубокий 0,477121 0,000395
глубоко 0,611015 0,000169
глухо 1,690196 0,000467
гнев 0,544068 0,000902
гнушаться 1,690196 0,000467
говорить 0,011981 0,000010
голос 0,208276 0,000173
гора 0,805589 0,000222
гораздо 0,443041 0,000122
горний 1,690196 0,000934
город 0,248239 0,000137
горький 0,912045 0,000252
горячо 0,544068 0,000150
господин 0,208276 0,000403
госпожа 0,648803 0,000358
гость 0,434924 0,000360
гражданский 1,322219 0,000365
граф 1,468347 0,000406
греметь 1,389166 0,000384
губа 0,411442 0,000227
гурьба 1,690196 0,000467
давеча 0,232819 0,000064
давешний 0,611015 0,000169
давно 0,158717 0,000088
даже 0,005949 0,000026
далее 0,648803 0,000358
далёкий 0,411442 0,000114
дамский 1,264227 0,000349
дать 0,171682 0,000047
два 0,198834 0,000055
двадцативосьмилетний 2,167317 0,000599
девица 0,648803 0,000717
девушка 0,533849 0,000147
действительно 0,106619 0,000059
делишек 2,167317 0,000599
дело 0,011981 0,000003
день 0,118099 0,000065
деньга 0,185046 0,000204
детский 0,752344 0,000208
диалектик 2,167317 0,000599
дикий 0,720159 0,000199
дилетант 2,167317 0,000599
дилетантизм 2,167317 0,000599
дмитрий 0,396465 0,002847
добродетель 0,912045 0,000252
добродетельный 1,167317 0,000645
доброта 0,991226 0,000274
добрый 0,303994 0,000252
довольно 0,129891 0,000072
договор 1,690196 0,000467
дожидать 2,167317 0,000599
дозволить 1,389166 0,000767
дойти 0,389166 0,000215
доказать 0,565257 0,000312
документ 1,053374 0,000291
должный 0,099131 0,000137
дом 0,154480 0,000085
домашний 0,824895 0,000228
домой 0,459747 0,000254
дорога 0,275223 0,000076
достаточно 1,264227 0,000349
достигнуть 0,662167 0,000183
достоевский 0,000000 0,000000
достояние 0,000000 0,000000
дочь 0,374926 0,000104
дрожать 0,426955 0,000354
другой 0,008955 0,000010
думать 0,060107 0,000133
душа 0,158717 0,000131
дуэль 1,213075 0,000670
дышать 0,866287 0,000239
европейский 1,389166 0,000384
единственно 0,477121 0,000132
единственный 0,648803 0,000179
если 0,011981 0,000023
естественный 1,021189 0,000564
есть 0,018098 0,000035
жандарм 2,167317 0,000599
ждать 0,142011 0,000118
желание 0,514105 0,000142
желать 0,232819 0,000193
желтизна 2,167317 0,000599
жена 0,486076 0,000134
женщина 0,213075 0,000235
жест 0,787106 0,000217
живой 0,675956 0,000187
жизнь 0,084532 0,000070
жительство 2,167317 0,000599
жить 0,217927 0,000241
журнальный 1,565257 0,000432
забавляться 1,565257 0,000865
завопить 0,769377 0,000425
загадочность 2,167317 0,000599
заграничный 1,264227 0,000349
задумчивый 0,805589 0,000222
задыхаться 0,635838 0,000351
заесть 1,690196 0,000467
заикнуться 1,264227 0,000349
заключить 0,347773 0,000096
закон 0,805589 0,000890
законный 0,963197 0,000266
закончить 0,824895 0,000228
закричать 0,434924 0,000120
закрыть 0,576253 0,000159
заманить 1,866287 0,000515
заметить 0,056728 0,000047
замечание 0,888564 0,000245
замешкаться 2,167317 0,000599
занимать 0,787106 0,000217
занять 0,991226 0,000274
запомнить 0,576253 0,000159
заранее 0,576253 0,000159
зарисоваться 2,167317 0,000599
засадить 1,866287 0,001546
засвидетельствовать 1,264227 0,000349
заслужить 0,824895 0,000228
заставить 0,735954 0,000406
заставлять 1,167317 0,000322
застегнуть 1,690196 0,000467
застигнуть 2,167317 0,000599
затем 0,237898 0,000131
зато 0,468347 0,000129
зачем 0,146128 0,000121
зачесать 1,690196 0,000467
заявить 0,675956 0,000187
заявлять 0,991226 0,000274
зверский 1,389166 0,000384
зверь 0,991226 0,000274
здесь 0,095435 0,000158
здешний 0,611015 0,000337
земля 0,298086 0,000412
злодейство 1,322219 0,000730
злой 0,587534 0,000162
знать 0,002964 0,000007
значительный 0,866287 0,000239
золотой 0,805589 0,000222
иван 0,232819 0,001029
иванович 0,269690 0,000074
игра 0,787106 0,000217
игривый 1,565257 0,000432
игумен 1,167317 0,002257
идея 0,459747 0,000127
идти 0,180546 0,000100
иеромонах 1,213075 0,001005
избавить 1,389166 0,000384
избить 0,845098 0,000233
известно 0,334808 0,000277
извинить 0,611015 0,000337
извиниться 1,264227 0,000698
изволить 0,477121 0,000264
измениться 0,735954 0,000203
изнеможённый 1,866287 0,000515
изредка 0,888564 0,000245
изумлённый 1,264227 0,000349
именно 0,066947 0,000037
именовать 1,690196 0,000467
иметь 0,118099 0,000163
иметься 1,389166 0,000384
имущество 1,690196 0,000467
имя 0,752344 0,000416
иногда 0,208276 0,000115
иной 0,208276 0,000173
интересный 0,845098 0,000233
иосиф 1,322219 0,001095
искатить 2,167317 0,000599
искренний 0,576253 0,000159
искренно 0,523865 0,000145
использоваться 0,000000 0,000000
испуг 0,554533 0,000153
исступление 0,565257 0,000156
иссякновение 2,167317 0,000599
иссякнуть 1,690196 0,000467
истинно 1,125925 0,000311
источник 1,565257 0,000432
истребить 1,213075 0,000335
исход 0,991226 0,000274
итог 1,565257 0,000432
каждый 0,137934 0,000076
казаться 0,063514 0,000035
каковой 0,576253 0,000159
какой 0,005949 0,000010
калган 1,053374 0,000291
капитан 0,769377 0,000637
капуста 1,565257 0,000432
карамазов 0,180546 0,000199
карамазовский 1,088136 0,000301
карл 1,690196 0,000467
карьерист 1,565257 0,000432
качальник 2,167317 0,000599
келья 0,991226 0,000821
ключ 1,088136 0,000301
книга 0,106619 0,000088
коварный 1,389166 0,000384
когда 0,015029 0,000017
колено 0,565257 0,000312
коли 0,269690 0,000074
комар 0,000000 0,000000
комедиант 2,167317 0,000599
комедия 1,167317 0,000322
комната 0,150284 0,000083
компания 0,611015 0,000169
компрометировать 1,322219 0,000365
конечно 0,060107 0,000033
конечный 2,167317 0,000599
кончить 0,328468 0,000181
коротко 1,468347 0,000406
коснуться 1,213075 0,000335
который 0,002964 0,000006
крепость 2,167317 0,001197
кресло 0,599116 0,000165
крикнуть 0,292256 0,000161
кричать 0,303994 0,000084
кроме 0,158717 0,000131
кроткий 0,912045 0,000252
крылечко 1,167317 0,000322
кто 0,114239 0,000063
купить 0,752344 0,000208
куражиться 1,690196 0,000467
кутить 1,468347 0,000406
кутёж 1,021189 0,000282
кушать 1,167317 0,000322
лгать 0,599116 0,000331
лгун 1,690196 0,000467
лелеять 1,866287 0,000515
леска 1,690196 0,000467
либерал 1,389166 0,000384
либерализм 1,565257 0,000432
либеральный 1,264227 0,000349
либо 0,000000 0,000000
литература 1,468347 0,000406
лицо 0,000000 0,000000
лично 0,720159 0,000398
лишаться 1,565257 0,000432
лишь 0,185046 0,000153
лоб 1,167317 0,000322
ложь 0,824895 0,000456
лошадь 1,021189 0,000282
любезный 0,991226 0,000274
любимый 0,963197 0,000266
любить 0,066947 0,000055
любовь 0,334808 0,000370
любой 0,000000 0,000000
любопытный 0,648803 0,000179
любопытство 0,361137 0,000100
македонский 2,167317 0,000599
маленький 0,185046 0,000102
мало 0,208276 0,000115
марать 1,565257 0,000432
мгновение 0,316059 0,000262
медленно 0,805589 0,000222
медный 1,021189 0,000282
между 0,129891 0,000036
менее 0,635838 0,000351
мерно 1,866287 0,000515
место 0,099131 0,000137
меч 1,468347 0,000406
милый 0,322219 0,000089
минута 0,050046 0,000138
мировой 1,088136 0,000601
митя 0,451314 0,000374
миусов 0,936868 0,002587
многий 0,514105 0,000142
много 0,080958 0,000045
многочисленный 1,053374 0,000291
моеть 2,167317 0,000599
можно 0,088136 0,000049
мой 0,077412 0,000064
молитва 0,888564 0,000245
молодой 0,222835 0,000062
молча 0,367977 0,000203
молчать 0,248239 0,000206
момент 0,000000 0,000000
монастырский 1,053374 0,000291
монах 0,845098 0,001167
монашка 1,468347 0,000811
моор 2,167317 0,000599
мочь 0,000000 0,000000
мудрствовать 2,167317 0,000599
мудрёный 1,213075 0,000335
мука 0,735954 0,000406
мускулистый 2,167317 0,000599
мученик 1,322219 0,000365
мучить 0,419129 0,000116
мучиться 0,623249 0,000172
мысль 0,114239 0,000032
наброситься 1,213075 0,000335
навсегда 0,735954 0,000203
навыкате 1,866287 0,000515
надо 0,036984 0,000051
надумать 1,468347 0,000406
назад 0,000000 0,000000
название 1,088136 0,000301
назвать 0,635838 0,000176
назначить 0,787106 0,000217
найти 0,298086 0,000082
найтись 0,845098 0,000233
наконец 0,073896 0,000041
накутить 2,167317 0,000599
намерение 0,514105 0,000142
намеренный 0,769377 0,000212
написать 0,000000 0,000000
направиться 0,787106 0,000217
направление 1,088136 0,000301
например 0,298086 0,000082
нарочно 0,227798 0,000063
настойчивый 1,125925 0,000622
настоятельно 0,991226 0,000274
настоящий 0,309985 0,000171
настроение 0,824895 0,000228
натворить 1,866287 0,000515
наука 0,787106 0,000217
нахмуриться 0,769377 0,000212
начальник 1,264227 0,000349
начать 0,066947 0,000037
начинать 0,292256 0,000081
наш 0,118099 0,000033
небо 0,635838 0,000176
небрежность 1,468347 0,000406
невеста 0,720159 0,000796
невозможно 0,411442 0,000227
невыразимый 1,264227 0,000349
негласный 2,167317 0,000599
негодование 0,403889 0,000112
недавно 0,576253 0,000159
неделя 0,374926 0,000104
недостойный 0,866287 0,000239
недоумевать 1,053374 0,000291
независимый 1,322219 0,000365
нездоровый 1,053374 0,000291
неистовый 0,888564 0,000245
некотора 1,167317 0,000322
некоторый 0,154480 0,000043
немедленно 0,554533 0,000153
ненависть 0,623249 0,000172
необразованный 1,322219 0,000365
необходимость 1,053374 0,000291
необходимый 0,599116 0,000331
необъяснимый 1,468347 0,000406
необыкновенный 0,396465 0,000109
необычайный 0,662167 0,000183
неожиданно 0,523865 0,000145
неожиданный 0,419129 0,000231
неопределённо 1,213075 0,000335
неподалёку 1,690196 0,000467
непочтительный 1,690196 0,000467
неправильный 1,468347 0,000406
непредвиденный 1,690196 0,000934
неприступный 1,866287 0,000515
несколько 0,095435 0,000105
несмотря 0,275223 0,000228
неспособный 1,866287 0,000515
несчастие 0,690196 0,000381
несчастный 0,374926 0,000207
нетерпение 0,554533 0,000153
неужели 0,389166 0,000107
нечто 0,389166 0,000107
нибыть 0,030597 0,000034
низкий 0,611015 0,000169
никогда 0,088136 0,000049
ничего 0,030597 0,000034
нога 0,213075 0,000235
носить 0,611015 0,000169
нравственный 0,690196 0,000191
нуждаться 0,704919 0,000195
нужный 0,477121 0,000264
оба 0,316059 0,000087
обвинять 0,888564 0,001227
обдумать 0,936868 0,000259
обед 0,690196 0,000953
обернуться 0,576253 0,000477
обмануть 0,787106 0,000652
обманывать 0,991226 0,000274
обнаружить 1,053374 0,000582
обольстительница 1,866287 0,002062
обольщение 1,690196 0,000467
образ 0,243038 0,000067
обратиться 0,316059 0,000175
обращать 0,963197 0,000266
обременить 1,866287 0,000515
обробеть 2,167317 0,000599
обстоятельство 0,403889 0,000223
обстричь 1,690196 0,000467
общественный 0,000000 0,000000
общество 0,468347 0,000259
общий 0,514105 0,000142
обязанность 0,912045 0,000252
оглядеть 0,787106 0,000217
ограда 1,264227 0,000349
одетый 0,648803 0,000179
один 0,000000 0,000000
однако 0,102859 0,000142
одолжение 0,936868 0,000259
ожидать 0,264227 0,000146
озлобленный 1,690196 0,000467
оказываться 0,936868 0,000259
окинуть 1,565257 0,000432
окно 0,381987 0,000105
окончательно 0,565257 0,000156
он 0,000000 0,000000
они 0,275223 0,000076
опоздать 0,866287 0,000239
опозорить 1,125925 0,000311
оправдывать 1,322219 0,000365
опубликовать 0,000000 0,000000
опуститься 0,888564 0,000245
опять 0,027438 0,000038
оскорбить 0,599116 0,000165
оскорбление 1,088136 0,000301
ослышаться 1,690196 0,000467
осмеливаться 1,264227 0,000698
осмелиться 0,769377 0,000212
особенно 0,129891 0,000036
особенный 0,389166 0,000107
оставаться 0,280827 0,000233
оставить 0,203530 0,000056
остальной 0,367977 0,000102
остановить 0,565257 0,000156
остановиться 0,269690 0,000149
остаться 0,133894 0,000037
ответ 0,322219 0,000178
ответить 0,121994 0,000236
отвечать 0,258832 0,000071
отец 0,091770 0,000583
отзываться 1,213075 0,000335
откланиваться 1,565257 0,000432
откланяться 1,468347 0,000811
отклонить 1,389166 0,000384
отливать 1,690196 0,000467
отпереть 0,805589 0,000222
отрезать 0,599116 0,000165
отрицательный 1,866287 0,000515
отроческий 1,866287 0,000515
отрывисто 1,389166 0,000384
отрывистый 1,565257 0,000432
отставить 1,690196 0,000467
отставка 1,125925 0,000311
отставной 0,845098 0,000233
оттого 0,675956 0,000187
отцеубийца 1,264227 0,000349
отчаяние 0,544068 0,000451
отчий 0,554533 0,000153
отчётливый 2,167317 0,000599
оформление 0,000000 0,000000
очень 0,024303 0,000007
очередь 0,769377 0,000212
павлович 0,286504 0,000712
паисий 1,053374 0,000873
парадокс 1,690196 0,000467
парадоксалист 2,167317 0,000599
парижский 1,389166 0,000384
пасть 0,866287 0,000239
первый 0,018098 0,000015
перебивать 1,322219 0,000365
перебить 0,486076 0,000134
перейти 0,000000 0,000000
перекрестить 1,167317 0,000322
пересказывать 1,389166 0,000384
перчатка 1,389166 0,000384
пескарик 1,866287 0,001546
пистолет 0,805589 0,000222
письмо 0,434924 0,000120
плакать 0,328468 0,000091
платить 1,167317 0,000322
платок 0,675956 0,000373
плечо 0,403889 0,000223
плоть 1,690196 0,001400
побесить 2,167317 0,000599
повалить 1,565257 0,000432
поведение 1,125925 0,000622
поверить 0,347773 0,000192
поверьте 0,866287 0,000478
повиноваться 1,468347 0,000406
повторить 0,544068 0,000150
поглядеть 0,396465 0,000109
подать 0,451314 0,000125
подборка 0,000000 0,000000
поддержать 1,125925 0,000622
подлый 0,675956 0,000187
подниматься 1,468347 0,000406
поднять 0,396465 0,000109
подняться 0,443041 0,000122
подобный 0,533849 0,000147
подождать 0,587534 0,000162
подойти 0,341243 0,000283
подошва 1,690196 0,000467
подробность 0,477121 0,000264
подумать 0,185046 0,000102
подхватить 0,403889 0,000112
подымать 0,912045 0,000252
поесть 1,690196 0,000467
пожаловать 0,704919 0,000195
позволение 1,053374 0,000291
позволить 0,264227 0,000511
позор 0,720159 0,000199
позорный 0,991226 0,000274
пойти 0,080958 0,000089
пока 0,213075 0,000235
поклон 0,787106 0,001522
поклониться 0,662167 0,000549
покраснеть 0,504560 0,000279
полковник 1,468347 0,000406
полный 0,253503 0,000140
положение 0,459747 0,000254
положительный 1,468347 0,000811
полчаса 0,752344 0,000208
понятный 1,264227 0,000349
понять 0,106619 0,000029
попробовать 0,866287 0,000239
попросить 0,426955 0,000118
поражаться 2,167317 0,000599
поразить 0,243038 0,000134
порог 0,888564 0,000245
посетитель 0,991226 0,000547
послать 0,309985 0,000171
после 0,084532 0,000047
последний 0,066947 0,000018
последствие 1,053374 0,000291
посмертно 0,000000 0,000000
посметь 0,936868 0,000259
посмотреть 0,213075 0,000118
постичь 1,167317 0,000322
поступить 0,648803 0,000179
поступок 0,623249 0,000344
потеряться 0,769377 0,000212
потому 0,024303 0,000034
потрясный 1,213075 0,000335
поцеловать 0,587534 0,000325
поцелуй 0,888564 0,000245
почему 0,099131 0,000082
почесть 0,769377 0,000425
почтенный 0,720159 0,000597
почти 0,024303 0,000047
почтительно 1,053374 0,000291
почтительность 1,167317 0,000322
почтительный 0,963197 0,000532
почувствовать 0,426955 0,000118
появление 0,735954 0,000203
правда 0,088136 0,000073
праведник 1,125925 0,000311
правый 0,495219 0,000137
пред 0,030597 0,000017
предаваться 1,565257 0,000432
предлагать 0,824895 0,000228
предложение 0,769377 0,000212
представить 0,286504 0,000079
предчувствовать 0,504560 0,000418
предыдущий 1,322219 0,000365
прежде 0,077412 0,000021
прежний 0,198834 0,000110
презрение 0,554533 0,000153
преимущество 1,389166 0,000384
прекратить 1,088136 0,000301
прекратиться 1,866287 0,000515
преподобие 1,565257 0,000432
преподобный 1,866287 0,000515
прервать 0,623249 0,000172
прибавить 0,162996 0,000045
привстать 1,021189 0,000282
пригласить 0,720159 0,000199
приглашать 0,991226 0,000274
приглядываться 1,389166 0,000384
приготовиться 0,936868 0,000259
придать 1,088136 0,000301
приехать 0,309985 0,000086
прижизненный 0,000000 0,000000
признать 0,735954 0,000406
признаться 0,443041 0,000245
приличие 1,322219 0,000365
приметно 2,167317 0,000599
примолкнуть 1,264227 0,000349
принудить 0,805589 0,000222
принять 0,180546 0,000100
приподнять 1,167317 0,000322
природа 0,675956 0,000560
прислать 0,403889 0,000112
присмиреть 2,167317 0,000599
приставать 0,963197 0,000266
пристально 0,389166 0,000107
приступать 1,213075 0,000335
присудить 1,468347 0,000406
притворщик 2,167317 0,000599
приятный 0,805589 0,000222
проактёрствовать 2,167317 0,000599
провозгласить 0,824895 0,000228
провозглашать 1,690196 0,000467
проговорить 0,110412 0,000122
программирование 0,000000 0,000000
продолжать 0,125925 0,000139
продолжение 0,888564 0,000245
произведение 0,000000 0,000000
произнести 0,280827 0,000388
произойти 0,258832 0,000071
пройти 0,000000 0,000000
проклясть 1,264227 0,000349
проклятый 0,662167 0,000366
променять 1,322219 0,000365
пророчество 1,389166 0,000384
прорычать 2,167317 0,000599
просить 0,150284 0,000083
просорить 2,167317 0,000599
простить 0,286504 0,000791
проститься 0,845098 0,000233
против 0,389166 0,000107
противоположность 1,167317 0,000322
протянуть 0,486076 0,000134
прочий 0,824895 0,000228
прочить 0,648803 0,000179
прощение 0,611015 0,000169
прямо 0,118099 0,000065
публикация 0,000000 0,000000
публично 1,213075 0,000335
путь 0,675956 0,000187
пять 0,222835 0,000062
пётр 0,866287 0,003349
равно 0,303994 0,000168
раз 0,309985 0,000086
разбойник 1,125925 0,000311
разве 0,146128 0,000040
развратный 1,021189 0,000564
разговаривать 0,720159 0,000199
разговор 0,264227 0,000365
раздражение 0,888564 0,000736
раздражительность 1,264227 0,000349
раздражительный 0,587534 0,000487
раздумье 1,125925 0,000311
разрешение 0,000000 0,000000
разумеется 0,328468 0,000091
разумный 1,167317 0,000322
разъяснить 0,662167 0,000366
расписка 1,389166 0,000384
рассказать 0,280827 0,000078
рассказывать 0,341243 0,000188
расстояние 1,167317 0,000322
рассудить 0,675956 0,000187
расчёт 0,611015 0,000506
ревновать 1,021189 0,000564
результат 1,389166 0,000384
религиозный 1,213075 0,000335
решение 0,533849 0,000147
решительно 0,341243 0,000283
решительный 0,611015 0,000337
решить 0,232819 0,000257
решиться 0,341243 0,000283
род 0,419129 0,000116
родина 1,565257 0,000432
родительский 1,053374 0,000291
родственник 0,805589 0,000667
родство 1,468347 0,000406
рост 0,675956 0,000187
рука 0,030597 0,000093
русский 0,411442 0,000227
русый 1,213075 0,000335
рявкнуть 1,389166 0,000384
сайт 0,000000 0,000000
сам 0,002964 0,000009
самый 0,018098 0,000050
сапог 0,805589 0,000222
сверкать 0,611015 0,000169
светиться 1,690196 0,000467
светский 0,720159 0,000398
свидетель 0,459747 0,000127
свидетельствовать 0,888564 0,000245
свободно 0,000000 0,000000
свой 0,000000 0,000000
свойство 1,264227 0,000349
святой 0,468347 0,000905
святцы 1,866287 0,000515
сговариваться 2,167317 0,000599
сгорбиться 2,167317 0,000599
сделать 0,102859 0,000057
сделаться 0,735954 0,000203
сдержанно 1,021189 0,000282
себя 0,000000 0,000000
сегодня 0,194189 0,000107
сейчас 0,070407 0,000078
секретный 1,213075 0,000335
секунда 0,565257 0,000156
семейство 0,451314 0,000125
семинарист 1,264227 0,000349
семьдесят 0,000000 0,000000
семён 1,389166 0,000384
сердце 0,095435 0,000158
серьёзный 0,565257 0,000156
сидеть 0,125925 0,000035
сила 0,185046 0,000102
сирота 1,213075 0,000335
сказать 0,011981 0,000020
скандал 0,845098 0,000700
скверный 0,623249 0,000344
скит 1,053374 0,000291
скобка 1,389166 0,000384
сколько 0,280827 0,000310
слабонервный 2,167317 0,000599
слабость 0,888564 0,000245
слабый 0,611015 0,000337
сладострастник 1,167317 0,000322
следить 0,623249 0,000344
слеза 0,275223 0,000076
слишком 0,133894 0,000074
слово 0,027438 0,000008
слуга 0,599116 0,000165
служба 0,769377 0,000212
служить 0,544068 0,000150
случай 0,146128 0,000121
случаться 0,599116 0,000165
случиться 0,292256 0,000081
слушать 0,203530 0,000169
слышать 0,125925 0,000209
слышаться 0,963197 0,000266
слюна 1,468347 0,000406
смердяков 0,576253 0,000159
сметь 0,389166 0,000215
смех 0,443041 0,000122
смешивать 1,690196 0,000934
смеяться 0,171682 0,000142
смотреть 0,077412 0,000086
смущение 0,752344 0,000208
снаружи 1,322219 0,000365
собачка 1,565257 0,000865
собрание 1,088136 0,000601
совесть 0,544068 0,000150
совсем 0,021189 0,000029
согласие 0,000000 0,000000
сожалеть 0,963197 0,000266
созвать 1,565257 0,000432
сознательный 1,468347 0,000406
сойти 0,495219 0,000137
соответствовать 1,565257 0,000432
сорвать 0,991226 0,000274
состояние 0,322219 0,000089
состоять 0,514105 0,000284
соус 1,866287 0,000515
сохранить 0,690196 0,000191
социализм 1,322219 0,000730
сочинение 1,468347 0,000406
спасаться 0,991226 0,000547
спасти 0,468347 0,000129
спор 1,053374 0,000291
спора 1,866287 0,000515
спорный 1,389166 0,000384
способный 0,587534 0,000162
спрашивать 0,232819 0,000064
спросить 0,114239 0,000095
спрятать 1,021189 0,000282
спустя 0,533849 0,000147
среда 1,264227 0,000349
среднее 1,167317 0,000322
ссора 1,021189 0,000282
старец 0,611015 0,002700
старик 0,303994 0,000168
старикашка 1,167317 0,000322
старость 1,213075 0,000335
старый 0,374926 0,000311
стать 0,002964 0,000002
статья 0,991226 0,000274
стоить 0,189594 0,000052
столько 0,443041 0,000122
сторона 0,110412 0,000122
стоять 0,150284 0,000042
странно 0,354404 0,000196
страх 0,426955 0,000118
страшно 0,434924 0,000120
стул 0,434924 0,000480
стыдно 0,504560 0,000836
суд 0,554533 0,000306
сударь 1,053374 0,000291
судья 0,866287 0,000239
суждение 1,389166 0,000384
сумасшедший 0,554533 0,000306
сурово 1,088136 0,000301
существовать 0,635838 0,000351
схватить 0,347773 0,000096
сцена 0,554533 0,000306
счесть 0,888564 0,000245
съехаться 1,565257 0,000432
сын 0,434924 0,000480
сюда 0,232819 0,000257
сюртук 0,912045 0,000252
также 0,000000 0,000000
таки 0,066947 0,000055
такой 0,002964 0,000014
тварь 0,866287 0,001196
твой 0,258832 0,000071
творец 1,866287 0,000515
твёрдый 0,576253 0,000318
текст 0,000000 0,000000
тема 0,735954 0,000610
темно 0,912045 0,000252
теперь 0,015029 0,000046
тихо 0,354404 0,000098
тогда 0,050046 0,000041
тоже 0,043466 0,000024
только 0,002964 0,000009
том 1,565257 0,000432
тон 0,648803 0,000179
топать 1,565257 0,000432
торжественно 0,888564 0,000245
торжественность 1,565257 0,000432
тот 0,002964 0,000010
тотчас 0,046743 0,000090
точно 0,121994 0,000101
точность 0,735954 0,000203
трактир 0,720159 0,000199
трапеза 1,565257 0,000432
требовать 0,565257 0,000156
тревожный 0,866287 0,000239
трещать 1,690196 0,000467
три 0,303994 0,000084
трудно 0,459747 0,000254
ты 0,133894 0,000037
тысяча 0,217927 0,000181
тюрьма 1,213075 0,000335
тёмный 0,523865 0,000145
убеждение 0,554533 0,000153
уважение 0,648803 0,000179
увлечься 1,053374 0,000582
угадать 0,599116 0,000165
угадывать 1,167317 0,000322
угрюмость 1,866287 0,000515
угрюмый 1,053374 0,000291
удаляться 1,264227 0,000349
уезжать 0,912045 0,000252
узнавать 0,704919 0,000389
узнать 0,106619 0,000029
указывать 0,599116 0,000331
уклоняться 1,690196 0,001400
улица 0,396465 0,000219
улыбка 0,374926 0,000311
улыбнуться 0,426955 0,000118
умерший 0,000000 0,000000
умный 0,403889 0,000112
умолкнуть 1,264227 0,000349
умоляющий 1,565257 0,000432
унизить 0,936868 0,000259
уничтожить 1,264227 0,000349
упасть 0,495219 0,000137
уплетать 2,167317 0,000599
упорство 1,468347 0,000406
управа 1,866287 0,000515
упрекать 1,167317 0,000645
усесться 0,662167 0,000183
усмехаться 0,805589 0,000445
успеть 0,203530 0,000112
уставать 1,866287 0,000515
утверждать 0,623249 0,000172
утверждение 2,167317 0,000599
участие 0,787106 0,000217
учить 0,752344 0,000208
уяснить 1,690196 0,000467
фиделька 2,167317 0,001197
физический 1,213075 0,000335
финтить 1,866287 0,000515
франц 0,635838 0,000176
фрунтовый 2,167317 0,000599
фёдор 0,434924 0,001321
фёдорович 0,150284 0,001743
характер 0,374926 0,000104
характерный 0,845098 0,000934
ходить 0,213075 0,000118
хозяин 0,805589 0,000445
хороший 0,077412 0,000021
хотеть 0,033778 0,000056
хоть 0,060107 0,000050
хотя 0,050046 0,000069
храбрый 1,322219 0,000365
христианский 1,125925 0,000311
христианство 1,264227 0,000349
христос 0,675956 0,000373
худощавый 1,565257 0,000432
цвет 0,991226 0,000274
церковный 1,264227 0,000349
церковь 0,787106 0,000217
цилиндр 2,167317 0,000599
час 0,185046 0,000102
частное 2,167317 0,000599
часто 0,292256 0,000081
часть 0,002964 0,000002
чей 0,000000 0,000000
человек 0,011981 0,000050
человечество 0,866287 0,000478
через 0,258832 0,000214
черта 0,264227 0,000146
честной 0,587534 0,000162
честный 0,735954 0,000406
честь 0,403889 0,000223
число 0,704919 0,000195
читаемый 2,167317 0,000599
читать 0,403889 0,000112
чрезвычайно 0,217927 0,000181
что 0,030597 0,000042
чтоб 0,073896 0,000020
чтобы 0,030597 0,000076
чувствовать 0,264227 0,000146
чужой 0,662167 0,000183
чуть 0,176091 0,000146
чёрный 0,504560 0,000139
шаг 0,367977 0,000203
шагать 0,963197 0,000266
шагнуть 0,912045 0,000252
шепнуть 0,963197 0,000266
шиллер 1,389166 0,000384
широко 1,167317 0,000322
шут 0,991226 0,000274
шутить 0,845098 0,000467
щегольск 1,690196 0,000467
щека 0,623249 0,000172
эгоизм 1,322219 0,000365
эксцентрик 2,167317 0,000599
эмблема 1,866287 0,000515
эскапада 1,866287 0,000515
это 0,002964 0,000007
этот 0,002964 0,000016
юность 0,963197 0,000266
юродство 1,866287 0,000515
я 0,024303 0,000101
явиться 0,298086 0,000247
