автор 0,000000 0,000000
авторский 0,000000 0,000000
агаша 2,167317 0,001019
азарт 1,125925 0,000265
академик 1,866287 0,000439
алексей 0,000000 0,000000
алеш 0,328468 0,003397
ангел 0,720159 0,000846
батюшка 0,635838 0,000149
бег 1,468347 0,001726
бедный 0,328468 0,000154
бежать 0,434924 0,000204
безобразный 1,053374 0,000248
беседа 1,167317 0,000274
беспокоить 0,735954 0,000173
беспокойный 0,824895 0,000194
беспокойство 0,514105 0,000121
беспрерывно 0,623249 0,000147
беспрерывный 0,787106 0,000185
библиотека 1,866287 0,001316
билет 1,125925 0,000265
биться 0,623249 0,000147
благодарность 0,991226 0,000233
бледно 1,125925 0,000265
бледный 0,443041 0,000104
блеснуть 1,088136 0,000256
бог 0,154480 0,000327
более 0,000000 0,000000
больной 0,258832 0,000061
больший 0,248239 0,000117
большой 0,056728 0,000107
борать 2,167317 0,000509
борода 1,021189 0,000240
брат 0,060107 0,000297
брать 0,486076 0,000114
бровь 1,053374 0,000248
бросаться 0,866287 0,000204
бросить 0,269690 0,000063
броситься 0,258832 0,000061
будто 0,099131 0,000070
быстро 0,232819 0,000164
быть 0,000000 0,000000
важный 0,341243 0,000160
ваш 0,121994 0,000287
вбежать 1,021189 0,000240
вдруг 0,005949 0,000042
ведь 0,043466 0,000072
вековечный 1,468347 0,000345
великий 0,341243 0,000080
великодушный 0,912045 0,000429
верить 0,180546 0,000127
верно 0,523865 0,000123
верность 1,565257 0,000736
вернуться 0,963197 0,000679
верный 0,495219 0,000233
вероятно 0,623249 0,000147
весь 0,002964 0,000012
вечер 0,322219 0,000151
взгляд 0,185046 0,000043
вздрогнуть 0,486076 0,000229
взять 0,077412 0,000036
вид 0,150284 0,000035
видать 0,419129 0,000099
видеть 0,027438 0,000052
видимо 0,328468 0,000154
видимый 0,443041 0,000104
визит 0,845098 0,000199
виноватый 0,328468 0,000232
владеть 1,565257 0,000368
властвовать 1,866287 0,000877
влечь 1,167317 0,000274
вместо 0,411442 0,000193
вмешиваться 1,389166 0,000327
внеправда 2,167317 0,000509
вновь 0,720159 0,000169
внутри 1,053374 0,000248
внушать 1,264227 0,000297
вовсе 0,150284 0,000071
возбуждение 1,021189 0,000240
возлюбить 0,912045 0,000214
вознаграждение 0,000000 0,000000
войти 0,137934 0,000065
вообразиться 1,389166 0,000327
вопрос 0,146128 0,000034
воротиться 0,303994 0,000214
воскликнуть 0,269690 0,000507
восклицать 0,533849 0,000251
восторг 0,419129 0,000394
восторженно 0,936868 0,000440
впасть 1,088136 0,000256
впечатление 0,389166 0,000091
впоследствии 0,662167 0,000156
впредь 0,752344 0,000177
впрочем 0,118099 0,000083
вражда 1,322219 0,000311
враждебный 1,389166 0,000327
время 0,018098 0,000017
всегда 0,129891 0,000092
всегдашний 0,991226 0,000233
вскрикнуть 0,611015 0,000287
вскричать 0,253503 0,000358
вслед 0,523865 0,000123
вслух 0,533849 0,000125
всплеснуть 0,787106 0,000185
вспомнить 0,434924 0,000102
вспоможение 1,389166 0,000327
вспыхнуть 0,805589 0,000189
вставать 0,576253 0,000135
встать 0,269690 0,000190
встретить 0,459747 0,000216
встреча 0,554533 0,000261
вступать 1,021189 0,000240
всякий 0,106619 0,000075
второй 0,217927 0,000102
вчера 0,341243 0,000722
вчерашний 0,599116 0,000845
вы 0,232819 0,000109
выбежать 0,752344 0,000177
вывести 0,611015 0,000287
выговорить 0,599116 0,000141
выдержать 0,587534 0,000138
выйти 0,063514 0,000164
выключить 2,167317 0,000509
вымучить 2,167317 0,000509
вымучённо 2,167317 0,000509
выносить 0,888564 0,000418
выплата 0,000000 0,000000
выражение 0,514105 0,000363
выразить 0,599116 0,000141
вырваться 0,565257 0,000133
высказать 0,523865 0,000246
выслушать 0,426955 0,000100
выслушивать 1,213075 0,000285
высокий 0,213075 0,000200
выходка 0,866287 0,000204
гадина 1,322219 0,000311
главное 0,185046 0,000174
глаз 0,056728 0,000067
глубокий 0,477121 0,000224
глупость 0,576253 0,000271
глядеть 0,243038 0,000057
гнев 0,544068 0,000128
гневливый 1,213075 0,000285
говорить 0,011981 0,000028
год 0,292256 0,000069
голос 0,208276 0,000392
голосок 1,053374 0,000495
гора 0,805589 0,000379
гораздо 0,443041 0,000208
гордость 0,587534 0,000276
гордый 0,576253 0,000542
горе 0,648803 0,000153
горестно 1,125925 0,000265
горестный 1,322219 0,000622
горничная 1,088136 0,000256
город 0,248239 0,000117
горький 0,912045 0,000214
горячий 0,523865 0,000493
горячо 0,544068 0,000384
госпожа 0,648803 0,002135
гостиная 0,845098 0,000596
гостиный 0,963197 0,000226
готовый 0,367977 0,000087
грушенька 0,544068 0,000128
грушенький 1,088136 0,000256
губа 0,411442 0,000097
губить 1,167317 0,000274
давеча 0,232819 0,000109
давно 0,158717 0,000075
даже 0,005949 0,000020
далеко 0,599116 0,000141
далёкий 0,411442 0,000097
дать 0,171682 0,000121
два 0,198834 0,000140
дверь 0,258832 0,000183
двести 0,912045 0,000214
движение 0,648803 0,000305
девушка 0,533849 0,000251
действительно 0,106619 0,000100
действовать 0,936868 0,000220
делать 0,194189 0,000091
деликатно 1,389166 0,000327
дело 0,011981 0,000023
держать 0,403889 0,000095
деятельный 1,264227 0,000297
диван 0,648803 0,000153
дмитрий 0,396465 0,001864
добиться 1,053374 0,000248
добрый 0,303994 0,000357
доверять 1,088136 0,000256
довольный 0,495219 0,000116
догадка 1,053374 0,000248
доказать 0,565257 0,000133
долг 0,735954 0,000692
долгий 0,720159 0,000169
долго 0,222835 0,000052
должный 0,099131 0,000047
дом 0,154480 0,000036
доставить 1,021189 0,000240
достоевский 0,000000 0,000000
достоинство 0,587534 0,000138
достойный 0,888564 0,000209
достояние 0,000000 0,000000
дрожать 0,426955 0,000201
друг 0,180546 0,000424
другой 0,008955 0,000017
дружба 0,805589 0,000189
думать 0,060107 0,000071
единственный 0,648803 0,000153
если 0,011981 0,000014
естественно 0,888564 0,000209
есть 0,018098 0,000038
ехать 0,587534 0,000138
жажда 0,866287 0,000204
жалеть 0,805589 0,000568
жалкий 0,936868 0,000220
жалко 0,912045 0,000214
жаловаться 0,805589 0,000379
желание 0,514105 0,000121
желать 0,232819 0,000383
желаться 1,565257 0,000368
жена 0,486076 0,000114
жениться 0,554533 0,000261
женский 0,623249 0,000147
женщина 0,213075 0,000301
жизнь 0,084532 0,000238
жить 0,217927 0,000051
забросить 1,389166 0,000327
забыть 0,125925 0,000030
зависеть 0,888564 0,000209
завтра 0,298086 0,000140
загадка 0,787106 0,000185
заговор 1,264227 0,000297
задерживать 1,264227 0,000297
задрожать 0,866287 0,000204
задыхаться 0,635838 0,000299
зазвенеть 1,213075 0,000285
заключать 0,787106 0,000185
заключить 0,347773 0,000082
закричать 0,434924 0,000102
закрывать 1,468347 0,000345
залиться 1,021189 0,000240
заметить 0,056728 0,000040
замолчать 0,752344 0,000177
замысел 1,322219 0,000311
зардеться 1,690196 0,000397
засверкать 0,720159 0,000169
засмеяться 0,347773 0,000082
заставить 0,735954 0,000173
затихнуть 0,912045 0,000214
заучивание 2,167317 0,000509
зачем 0,146128 0,000034
зашептать 1,167317 0,000274
защитить 1,167317 0,000274
здесь 0,095435 0,000067
здешний 0,611015 0,000144
злоба 0,523865 0,000246
злобно 0,599116 0,000282
знак 0,565257 0,000133
знать 0,002964 0,000018
значит 0,243038 0,000057
иван 0,232819 0,001861
иванович 0,269690 0,001395
игра 0,787106 0,000185
идти 0,180546 0,000042
изба 0,824895 0,000194
измена 1,167317 0,000274
изменить 0,769377 0,000181
измениться 0,735954 0,000173
изумить 1,565257 0,000368
изумление 0,735954 0,000173
именно 0,066947 0,000110
иметь 0,118099 0,000111
иногда 0,208276 0,000049
иной 0,208276 0,000049
инстинкт 1,264227 0,000594
инстинктивный 1,866287 0,000439
инструмент 1,565257 0,000368
искренний 0,576253 0,000406
искренность 0,991226 0,000233
искривить 1,167317 0,000274
искусный 1,690196 0,000397
исполнить 0,648803 0,000305
использоваться 0,000000 0,000000
исправиться 1,264227 0,000297
исступление 0,565257 0,000133
истерик 1,866287 0,000439
истерика 0,752344 0,000707
истерический 0,888564 0,000209
источник 1,565257 0,000368
каждый 0,137934 0,000162
казаться 0,063514 0,000060
каковой 0,576253 0,000406
какой 0,005949 0,000027
калмыков 1,866287 0,000439
капитан 0,769377 0,000723
карамазов 0,180546 0,000170
катерина 0,587534 0,003453
книга 0,106619 0,000075
когда 0,015029 0,000014
колебание 1,125925 0,000265
комар 0,000000 0,000000
комедия 1,167317 0,000274
комната 0,150284 0,000177
конечно 0,060107 0,000042
который 0,002964 0,000009
кредитный 1,866287 0,000439
крепкий 0,787106 0,000185
крикнуть 0,292256 0,000069
кричать 0,303994 0,000286
кроме 0,158717 0,000037
крыша 1,690196 0,000397
кто 0,114239 0,000081
куда 0,248239 0,000058
легко 0,752344 0,000177
лететь 0,805589 0,000189
либо 0,000000 0,000000
лиза 1,213075 0,000285
литература 1,468347 0,000345
лицо 0,000000 0,000000
лично 0,720159 0,000169
лишиться 1,125925 0,000265
лишь 0,185046 0,000391
любимец 1,690196 0,000397
любить 0,066947 0,000472
любовь 0,334808 0,000551
любой 0,000000 0,000000
любящий 1,125925 0,000265
маленький 0,185046 0,000043
мало 0,208276 0,000049
малый 0,334808 0,000079
мальчик 0,411442 0,000097
мама 1,167317 0,001098
мамаша 0,735954 0,000173
машина 1,213075 0,000285
между 0,129891 0,000092
мелькнуть 0,544068 0,000128
мера 0,217927 0,000102
мерещиться 0,866287 0,000204
место 0,099131 0,000070
месяц 0,264227 0,000186
мещанка 1,389166 0,000327
мила 1,565257 0,000368
милый 0,322219 0,000530
минута 0,050046 0,000165
минутка 0,635838 0,000149
мир 0,523865 0,000246
митя 0,451314 0,000106
мнение 0,374926 0,000264
много 0,080958 0,000057
многое 0,443041 0,000208
можно 0,088136 0,000041
мой 0,077412 0,000109
молить 0,769377 0,000181
молиться 0,866287 0,000204
молодой 0,222835 0,000367
момент 0,000000 0,000000
москва 0,468347 0,000440
мотивировать 1,866287 0,000439
мочь 0,000000 0,000000
мстить 1,322219 0,000311
мужчина 0,912045 0,000214
мука 0,735954 0,000173
мучительный 0,623249 0,000293
мучить 0,419129 0,000591
мщение 1,088136 0,000256
мысль 0,114239 0,000161
навеки 0,648803 0,000305
наверно 0,264227 0,000062
навсегда 0,735954 0,000173
награда 1,468347 0,000345
наделать 0,963197 0,000226
надломленный 2,167317 0,000509
надо 0,036984 0,000078
надобный 0,866287 0,000407
надолго 1,167317 0,000274
надрыв 1,264227 0,004161
назад 0,000000 0,000000
название 1,088136 0,000256
назвать 0,635838 0,000149
наизусть 1,167317 0,000274
найти 0,298086 0,000140
наказать 1,088136 0,000512
наконец 0,073896 0,000087
налицо 1,468347 0,000345
намерение 0,514105 0,000121
намеренный 0,769377 0,000181
написать 0,000000 0,000000
например 0,298086 0,000070
напротив 0,180546 0,000297
напускной 1,866287 0,000439
нарочно 0,227798 0,000268
насмешка 0,599116 0,000141
настаивать 0,565257 0,000133
настой 1,468347 0,000345
натуральный 1,167317 0,000274
наука 0,787106 0,000185
нахмурить 1,088136 0,000256
начало 0,243038 0,000286
начать 0,066947 0,000016
неверность 2,167317 0,000509
неверный 1,690196 0,000397
невеста 0,720159 0,000169
невольно 0,704919 0,000497
невыдержка 2,167317 0,000509
негодование 0,403889 0,000095
неделя 0,374926 0,000176
недоумевать 1,053374 0,000248
незаменимый 2,167317 0,000509
неизвестность 1,322219 0,000311
неизменимый 2,167317 0,000509
некоторый 0,154480 0,000036
нельзя 0,176091 0,000124
немецкий 1,264227 0,000297
ненавидеть 0,514105 0,000121
ненависть 0,623249 0,000147
необходимо 0,963197 0,000226
неожиданно 0,523865 0,000123
неопытный 1,468347 0,000345
неправый 1,565257 0,000368
непременно 0,133894 0,000063
непреодолимый 1,389166 0,000653
несколько 0,095435 0,000067
несмотря 0,275223 0,000194
несомненно 0,704919 0,000166
несправедливый 0,888564 0,000418
несчастие 0,690196 0,000324
несчастный 0,374926 0,000353
неудержимо 1,167317 0,000549
неустанный 2,167317 0,000509
неутешный 1,866287 0,000439
нехороший 1,389166 0,000327
нехорошо 0,963197 0,000679
нечто 0,389166 0,000091
неясность 1,690196 0,000397
нибыть 0,030597 0,000014
никак 0,396465 0,000093
никогда 0,088136 0,000228
никто 0,095435 0,000045
нисколько 0,662167 0,000156
ничего 0,030597 0,000043
нищета 1,213075 0,000285
новый 0,167317 0,000039
нотка 1,167317 0,000274
ночь 0,189594 0,000178
нуждаться 0,704919 0,000166
нужно 0,514105 0,000121
нужный 0,477121 0,000224
оба 0,316059 0,000223
обвинить 1,167317 0,000274
обещание 1,053374 0,000248
обиженный 0,752344 0,000177
обманывать 0,991226 0,000233
обнажённый 1,213075 0,000285
оборваться 1,389166 0,000327
обрадоваться 0,611015 0,000144
образовать 0,912045 0,000214
обратиться 0,316059 0,000149
обращаться 0,451314 0,000212
общественный 0,000000 0,000000
объявить 0,389166 0,000091
объявлять 0,769377 0,000181
объяснить 0,374926 0,000088
объяснять 0,936868 0,000220
огорчение 1,389166 0,000327
один 0,000000 0,000000
одобрение 2,167317 0,000509
одобрять 1,213075 0,000855
озарение 1,866287 0,001316
озлиться 1,053374 0,000248
озёрный 1,690196 0,000397
оканчиваться 1,866287 0,000439
окончательный 0,936868 0,000220
омрачиться 1,690196 0,000397
он 0,000000 0,000000
они 0,275223 0,000065
опубликовать 0,000000 0,000000
опять 0,027438 0,000064
осипович 1,690196 0,001192
оскорбительно 1,565257 0,000368
оскорбить 0,599116 0,000282
оскорбление 1,088136 0,001279
оскорблять 1,322219 0,000311
особенно 0,129891 0,000031
оставить 0,203530 0,000191
остальной 0,367977 0,000087
остановить 0,565257 0,000133
остаться 0,133894 0,000094
осторожно 0,912045 0,000214
отбить 1,866287 0,000439
отвечать 0,258832 0,000122
отворить 0,486076 0,000114
отдать 0,381987 0,000090
отец 0,091770 0,000043
отзываться 1,213075 0,000285
откровенно 0,824895 0,000194
откровенность 0,991226 0,000233
откровенный 0,866287 0,000204
отнюдь 0,824895 0,000194
отрезать 0,599116 0,000141
отставной 0,845098 0,000199
отчаянный 0,963197 0,000453
отыскать 0,769377 0,000181
офицер 0,752344 0,000177
оформление 0,000000 0,000000
очевидный 0,554533 0,000130
очень 0,024303 0,000023
ошибиться 0,752344 0,000177
пассивно 1,866287 0,000439
первый 0,018098 0,000013
перебить 0,486076 0,000229
передавать 0,635838 0,000149
передать 0,381987 0,000180
перейти 0,000000 0,000000
перекоситься 1,167317 0,000274
перемена 0,824895 0,000194
переменить 0,845098 0,000199
перенести 0,704919 0,000166
пересекаться 2,167317 0,000509
писарь 1,565257 0,000368
письмо 0,434924 0,000307
питаться 1,322219 0,000311
плакать 0,328468 0,000309
плата 1,389166 0,000327
платить 1,167317 0,000274
плач 1,053374 0,000248
плохой 0,533849 0,000125
победить 0,787106 0,000185
побледнеть 0,544068 0,000128
поверить 0,347773 0,000082
повернуться 0,495219 0,000233
поверьте 0,866287 0,000204
повод 0,635838 0,000149
повторить 0,544068 0,000128
повториться 1,322219 0,000311
повторять 0,396465 0,000093
поглядеть 0,396465 0,000093
погордиться 1,866287 0,000439
подать 0,451314 0,000106
подбавить 2,167317 0,000509
подборка 0,000000 0,000000
подвиг 0,769377 0,000362
подле 0,419129 0,000394
подобный 0,533849 0,000125
подождать 0,587534 0,000138
подтверждать 1,389166 0,000327
подумать 0,185046 0,000130
поехать 0,576253 0,000135
пожать 0,912045 0,000214
пожелать 0,675956 0,000318
пожертвовать 0,963197 0,000226
позвать 0,704919 0,000166
позорный 0,991226 0,000233
покидать 1,053374 0,000248
покраснеть 0,504560 0,000237
полететь 1,021189 0,000240
полно 1,053374 0,000248
полный 0,253503 0,000179
положение 0,459747 0,000216
положим 0,720159 0,000169
полоумный 1,167317 0,000274
полупроснуться 2,167317 0,000509
полушёпот 1,389166 0,000327
померещиться 1,264227 0,000297
поминутно 0,635838 0,000149
помнить 0,167317 0,000039
помогать 0,845098 0,000199
помочь 0,587534 0,000552
понимать 0,095435 0,000090
понятие 0,735954 0,000173
понять 0,106619 0,000025
попадаться 1,468347 0,000345
попасть 0,533849 0,000125
поправиться 1,125925 0,000265
поразить 0,243038 0,000057
портить 1,565257 0,000368
портьера 1,468347 0,000345
поручение 0,936868 0,000220
порыв 0,936868 0,000220
посетитель 0,991226 0,000466
после 0,084532 0,000040
последний 0,066947 0,000047
послышаться 0,735954 0,000346
посмертно 0,000000 0,000000
поспешить 0,704919 0,000166
поспешно 0,866287 0,000204
поставить 0,451314 0,000106
постоянно 0,824895 0,000194
поступить 0,648803 0,000305
поступок 0,623249 0,000440
потерянный 0,912045 0,000214
потеряться 0,769377 0,000181
потом 0,084532 0,000060
потому 0,024303 0,000097
потребность 0,805589 0,000189
почему 0,099131 0,000140
почти 0,024303 0,000006
почувствовать 0,426955 0,000100
правда 0,088136 0,000083
правдивый 1,167317 0,000274
право 0,176091 0,000083
правый 0,495219 0,000233
превосходно 1,125925 0,000265
превосходный 0,936868 0,000220
пред 0,030597 0,000014
предлог 1,125925 0,000265
представить 0,286504 0,000135
предчувствие 0,912045 0,000214
предчувствовать 0,504560 0,000356
прежде 0,077412 0,000036
прекрасно 0,735954 0,000346
прелестно 1,690196 0,000397
прелестный 0,866287 0,000204
прибавить 0,162996 0,000115
прибежать 0,769377 0,000181
приехать 0,309985 0,000073
прижизненный 0,000000 0,000000
прийти 0,095435 0,000045
примирение 1,389166 0,000327
примирить 1,468347 0,000345
примириться 1,322219 0,000622
принижение 1,866287 0,000439
приниматься 1,213075 0,000285
принять 0,180546 0,000085
приостановиться 1,088136 0,000256
приходить 0,243038 0,000057
прихожая 1,468347 0,000345
причина 0,396465 0,000093
провиниться 1,866287 0,000439
прогнать 0,704919 0,000166
проговорить 0,110412 0,000156
программирование 0,000000 0,000000
продолжать 0,125925 0,000118
прозвучать 1,468347 0,000345
произведение 0,000000 0,000000
произнести 0,280827 0,000462
произойти 0,258832 0,000061
пройти 0,000000 0,000000
пролепетать 0,936868 0,000220
пролететь 1,264227 0,000297
промелькнуть 0,936868 0,000220
просить 0,150284 0,000141
простить 0,286504 0,000404
проститься 0,845098 0,000199
просто 0,232819 0,000164
просьба 0,623249 0,000147
против 0,389166 0,000274
противоречие 1,167317 0,000274
протянуться 1,264227 0,000297
проходить 0,576253 0,000135
прощать 0,426955 0,000301
прощение 0,611015 0,000144
прямо 0,118099 0,000056
прямой 0,675956 0,000159
публикация 0,000000 0,000000
пусть 0,253503 0,000179
путаница 1,565257 0,001104
путаться 1,322219 0,000311
рада 0,735954 0,000865
ради 0,752344 0,000707
радость 0,411442 0,000193
радужный 1,264227 0,000297
раз 0,309985 0,000073
раздражение 0,888564 0,000418
разлюбить 1,565257 0,000368
разный 0,565257 0,000133
разойтись 0,888564 0,000209
разом 0,389166 0,000091
разрешаться 1,866287 0,000439
разрешение 0,000000 0,000000
разумеется 0,328468 0,000077
рассвет 0,963197 0,000226
рассердиться 0,523865 0,000123
рассказать 0,280827 0,000198
расстройство 1,167317 0,000274
ребёнок 0,232819 0,000109
ресница 1,565257 0,000368
решение 0,533849 0,000753
решительно 0,341243 0,000160
решительный 0,611015 0,000144
решить 0,232819 0,000055
решиться 0,341243 0,000160
ровный 1,468347 0,000345
род 0,419129 0,000099
рубль 0,334808 0,000079
рука 0,030597 0,000094
русский 0,411442 0,000097
рядом 0,690196 0,000162
садиться 0,486076 0,000114
сайт 0,000000 0,000000
сам 0,002964 0,000014
самый 0,018098 0,000013
сбиваться 1,088136 0,000512
сверх 0,752344 0,000177
свет 0,176091 0,000041
светский 0,720159 0,000169
свидание 0,514105 0,000121
свидетель 0,459747 0,000108
свидетельство 0,991226 0,000233
свободно 0,000000 0,000000
свой 0,000000 0,000000
сделать 0,102859 0,000097
себя 0,000000 0,000000
сегодня 0,194189 0,000183
сегодняшний 0,991226 0,000233
сейчас 0,070407 0,000132
село 0,888564 0,000209
семейство 0,451314 0,000318
семьдесят 0,000000 0,000000
сердиться 0,443041 0,000104
сердце 0,095435 0,000157
сердцеведец 2,167317 0,000509
серьёзный 0,565257 0,000133
сестра 0,477121 0,000449
сидеть 0,125925 0,000030
сильно 0,292256 0,000069
сильный 0,269690 0,000063
сиять 0,888564 0,000209
сказать 0,011981 0,000059
сказывать 1,213075 0,000285
сквозь 0,936868 0,000220
скорый 0,237898 0,000112
скривиться 1,690196 0,000397
скрыть 0,991226 0,000233
скрыться 1,213075 0,000285
сладкое 1,690196 0,000397
след 0,991226 0,000233
следить 0,623249 0,000147
слеза 0,275223 0,000323
слезинка 1,565257 0,000368
слишком 0,133894 0,000252
слово 0,027438 0,000090
служба 0,769377 0,000181
случай 0,146128 0,000137
случаться 0,599116 0,000141
случиться 0,292256 0,000069
слушайте 0,912045 0,000214
слыхать 0,675956 0,000159
сметь 0,389166 0,000183
смеяться 0,171682 0,000040
смирение 1,088136 0,000256
смириться 1,264227 0,000594
смягчиться 2,167317 0,000509
снегирёв 1,264227 0,000297
сниться 0,991226 0,000233
сновидение 1,866287 0,000439
собрание 1,088136 0,000256
собственный 0,264227 0,000186
совершенно 0,180546 0,000085
советник 1,264227 0,000297
совсем 0,021189 0,000020
согласие 0,000000 0,000000
соединить 1,264227 0,000297
созерцание 1,565257 0,000736
созерцать 1,021189 0,000240
сознание 0,787106 0,000185
сознательно 1,389166 0,000327
сомнение 0,426955 0,000100
соображение 0,912045 0,000214
сообщить 0,434924 0,000102
соперничество 1,468347 0,001036
составить 0,912045 0,000429
состояние 0,322219 0,000151
сострадание 0,787106 0,000185
сочинение 1,468347 0,000345
сочувствие 1,690196 0,000397
спешить 0,477121 0,000112
спокойный 0,576253 0,000135
спокойствие 0,888564 0,000209
справляться 1,264227 0,000297
спрашивать 0,232819 0,000055
спросить 0,114239 0,000027
среди 0,769377 0,000181
средство 0,888564 0,000209
срок 0,675956 0,000318
стать 0,002964 0,000003
степень 0,367977 0,000260
стишок 1,322219 0,000311
стол 0,286504 0,000067
сторона 0,110412 0,000052
стоять 0,150284 0,000035
страдальческий 1,389166 0,000653
страдание 0,554533 0,000130
страсть 0,735954 0,000346
страшиться 1,565257 0,000368
страшный 0,286504 0,000135
стремительно 0,936868 0,000220
стыд 0,533849 0,000251
стыдиться 0,623249 0,000293
судьба 0,443041 0,000104
сумасшедший 0,554533 0,000130
суметь 0,648803 0,000763
существо 0,477121 0,000112
схватить 0,347773 0,000327
сходить 0,611015 0,000144
сцена 0,554533 0,000261
счастие 0,451314 0,000637
счастливо 1,213075 0,000855
считать 0,275223 0,000065
съесть 0,936868 0,000220
сыграть 1,389166 0,000653
сюда 0,232819 0,000055
также 0,000000 0,000000
таки 0,066947 0,000063
такой 0,002964 0,000018
таскаться 1,468347 0,000345
тварь 0,866287 0,000204
твёрдо 0,419129 0,000099
твёрдый 0,576253 0,000406
театр 1,264227 0,000594
текст 0,000000 0,000000
теперешний 0,533849 0,000125
теперь 0,015029 0,000081
терять 0,720159 0,000169
тихий 0,544068 0,000128
тоже 0,043466 0,000020
только 0,002964 0,000013
том 1,565257 0,000368
тоненький 1,088136 0,000256
торжественно 0,888564 0,000209
тот 0,002964 0,000004
тотчас 0,046743 0,000044
точно 0,121994 0,000115
трактир 0,720159 0,000169
тревожный 0,866287 0,000204
ты 0,133894 0,000126
тысяча 0,217927 0,000102
тяжёлый 0,662167 0,000156
тётка 1,053374 0,000248
тётушка 2,167317 0,001019
убедиться 0,623249 0,000147
убежать 0,565257 0,000133
убивать 0,805589 0,000189
уверение 1,866287 0,000439
уверить 0,599116 0,000141
уверять 0,411442 0,000097
увидать 0,434924 0,000204
увидеть 0,222835 0,000052
уговорить 1,088136 0,000256
угрюмый 1,053374 0,000248
удержать 0,769377 0,000181
удержаться 0,888564 0,000209
удивительный 0,735954 0,000173
удовлетворение 1,167317 0,000274
уезжать 0,912045 0,000429
уехать 0,459747 0,000432
ужас 0,468347 0,000220
ужасно 0,167317 0,000079
ужасный 0,322219 0,000151
узнать 0,106619 0,000075
улица 0,396465 0,000280
улыбка 0,374926 0,000176
умертвить 1,866287 0,000439
умерший 0,000000 0,000000
уметь 0,328468 0,000154
унижение 0,912045 0,000214
унизительный 1,125925 0,000265
упорно 0,866287 0,000204
упорный 1,167317 0,000274
употребить 1,088136 0,000256
употреблять 1,264227 0,000297
упрекать 1,167317 0,000549
упрёк 1,125925 0,000529
усадить 0,963197 0,000226
усилие 0,845098 0,000199
услышать 0,381987 0,000090
успеть 0,203530 0,000048
уставать 1,866287 0,000439
устать 1,021189 0,000240
утвердиться 1,866287 0,000439
утром 0,411442 0,000097
уходить 0,328468 0,000309
училище 2,167317 0,000509
учиться 0,912045 0,000214
учёный 0,752344 0,000177
фамилия 0,824895 0,000194
фёдор 0,434924 0,000204
фёдорович 0,150284 0,001448
характер 0,374926 0,000264
хвалить 0,963197 0,000226
хозяйка 0,912045 0,000214
холодный 0,824895 0,000194
хороший 0,077412 0,000018
хорошо 0,189594 0,000045
хотеть 0,033778 0,000095
хотеться 0,292256 0,000137
хоть 0,060107 0,000028
хотя 0,050046 0,000035
хохлаковый 0,690196 0,002434
худо 1,053374 0,000248
целый 0,217927 0,000102
цель 0,361137 0,000255
час 0,185046 0,000087
часть 0,002964 0,000001
чей 0,000000 0,000000
человек 0,011981 0,000011
честь 0,403889 0,000095
четвёртый 0,286504 0,000135
число 0,704919 0,000166
читаемый 2,167317 0,000509
читать 0,403889 0,000190
чрез 0,275223 0,000065
чрезвычайно 0,217927 0,000102
чтить 1,264227 0,000297
что 0,030597 0,000050
чтоб 0,073896 0,000174
чтобы 0,030597 0,000022
чувство 0,158717 0,000298
чувствовать 0,264227 0,000186
чудовищность 1,690196 0,000397
чудовищный 1,565257 0,000368
шагнуть 0,912045 0,000214
шевельнуться 1,213075 0,000285
шиллер 1,389166 0,000327
шляпа 0,769377 0,000181
штабс 1,021189 0,000960
щадить 1,053374 0,000248
это 0,002964 0,000017
этот 0,002964 0,000009
юлия 1,690196 0,000397
юродивый 1,088136 0,000256
я 0,024303 0,000131
явиться 0,298086 0,000070
язвительный 1,125925 0,000265
