автор 0,000000 0,000000
авторский 0,000000 0,000000
аграфена 0,912045 0,000292
александрович 0,504560 0,000162
алексей 0,000000 0,000000
аметистовый 2,167317 0,000695
ангел 0,720159 0,000231
ангельский 1,389166 0,000891
барабанный 1,690196 0,000542
батюшка 0,635838 0,000204
бедный 0,328468 0,000211
безверие 1,565257 0,000502
бездна 1,053374 0,000338
безмерный 1,264227 0,000405
безотлучный 1,690196 0,000542
беспокоиться 0,514105 0,000330
беспорядок 0,787106 0,000252
бесчестный 0,888564 0,000285
библиотека 1,866287 0,001795
биться 0,623249 0,000200
благоговейно 1,866287 0,000598
благодарить 0,635838 0,000612
благородный 0,374926 0,000481
благородство 0,888564 0,000570
блеск 1,088136 0,000349
бляха 1,866287 0,001795
бог 0,154480 0,000050
бодрый 1,468347 0,000471
более 0,000000 0,000000
болеть 0,845098 0,000271
больший 0,248239 0,000080
большой 0,056728 0,000091
бояться 0,158717 0,000102
брат 0,060107 0,000096
броситься 0,258832 0,000332
будто 0,099131 0,000032
буйство 1,866287 0,000598
бумага 0,735954 0,000236
бывший 0,389166 0,000125
быстро 0,232819 0,000149
быть 0,000000 0,000000
валяться 1,125925 0,000361
васильев 1,690196 0,000542
ваш 0,121994 0,000274
вверх 0,866287 0,000278
вдруг 0,005949 0,000031
ведь 0,043466 0,000167
вежливость 1,167317 0,000374
вежливый 0,735954 0,000236
великий 0,341243 0,000109
верить 0,180546 0,000058
весело 0,648803 0,000416
весь 0,002964 0,000013
весьма 0,243038 0,000078
весёлый 0,389166 0,000374
вечер 0,322219 0,000103
вечером 0,533849 0,000171
вещь 0,411442 0,000132
взаимный 1,322219 0,000424
взвизгнуть 1,125925 0,000361
взводить 1,565257 0,000502
взволновать 0,866287 0,000278
взгляд 0,185046 0,000237
вздохнуть 0,866287 0,000278
вздрогнуть 0,486076 0,000156
вид 0,150284 0,000048
видеть 0,027438 0,000070
видимо 0,328468 0,000105
визит 0,845098 0,000542
виноватый 0,328468 0,000737
виновный 0,704919 0,001808
вместе 0,208276 0,000134
вниз 0,752344 0,000241
внизу 0,936868 0,000300
вновь 0,720159 0,000231
внутренний 0,936868 0,000300
внутри 1,053374 0,000675
внушительно 0,963197 0,000309
внушить 1,565257 0,000502
вода 0,587534 0,000377
водица 1,866287 0,000598
возбуждение 1,021189 0,000327
возвестить 0,936868 0,000300
возвратиться 0,824895 0,000264
вознаграждение 0,000000 0,000000
возродить 1,322219 0,000424
войти 0,137934 0,000044
вопить 1,322219 0,000424
вопль 1,125925 0,001083
вопрос 0,146128 0,000047
воскликнуть 0,269690 0,000346
восклицать 0,533849 0,000342
воскресить 1,213075 0,000778
восторженно 0,936868 0,000300
вполголоса 0,888564 0,000285
вполне 0,316059 0,000203
впрочем 0,118099 0,000038
время 0,018098 0,000017
всегда 0,129891 0,000083
вскинуть 0,991226 0,000636
вскинуться 0,866287 0,000278
вскочить 0,451314 0,000723
вскричать 0,253503 0,000163
всплеснуть 0,787106 0,000505
вспоминать 0,623249 0,000200
встречать 0,735954 0,000472
встречаться 0,769377 0,000247
вступить 0,675956 0,000217
всякий 0,106619 0,000034
второе 1,125925 0,000361
вчера 0,341243 0,000109
вы 0,232819 0,000224
выкрикивать 1,264227 0,000405
выпить 0,704919 0,000678
выплата 0,000000 0,000000
выпучиться 2,167317 0,000695
выражать 0,963197 0,000309
выразиться 0,504560 0,000162
выскочить 0,824895 0,000264
гадко 1,468347 0,000942
главное 0,185046 0,000119
главный 0,426955 0,000411
глаз 0,056728 0,000055
глубина 0,866287 0,000833
говорить 0,011981 0,000042
голова 0,114239 0,000073
голубой 0,936868 0,000300
голубчик 0,565257 0,000181
голяк 2,167317 0,000695
гора 0,805589 0,001550
гордый 0,576253 0,000185
город 0,248239 0,000080
горячий 0,523865 0,000168
господин 0,208276 0,003072
господь 0,374926 0,000120
готовый 0,367977 0,000118
грешный 0,991226 0,000318
григорий 0,648803 0,000624
грозить 1,053374 0,000338
громкий 1,021189 0,000327
громко 0,504560 0,000324
грудь 0,443041 0,000284
грустно 0,735954 0,000236
грустный 0,735954 0,000236
груша 1,322219 0,000424
грушенек 0,787106 0,001514
грушенька 0,544068 0,000174
давеча 0,232819 0,000149
давить 1,021189 0,000327
давно 0,158717 0,000051
даже 0,005949 0,000017
далеко 0,599116 0,000192
далёкий 0,411442 0,000132
дама 0,434924 0,000139
дать 0,171682 0,000220
дверь 0,258832 0,000083
девятый 0,991226 0,000636
делать 0,194189 0,000062
дело 0,011981 0,000031
день 0,118099 0,000038
деньга 0,185046 0,000178
десятый 0,845098 0,000271
десять 0,298086 0,000191
диван 0,648803 0,000208
дикий 0,720159 0,000693
диогеновое 2,167317 0,000695
дмитрий 0,396465 0,000381
доброта 0,991226 0,000318
добрый 0,303994 0,000195
добряк 2,167317 0,000695
доверие 1,468347 0,000471
довести 0,720159 0,000462
довольный 0,495219 0,000159
доказать 0,565257 0,000181
доктор 0,554533 0,000178
долго 0,222835 0,000071
допрос 0,991226 0,001589
достоевский 0,000000 0,000000
достояние 0,000000 0,000000
дочь 0,374926 0,000120
друг 0,180546 0,000232
другой 0,008955 0,000014
думать 0,060107 0,000019
душа 0,158717 0,000611
если 0,011981 0,000035
есть 0,018098 0,000017
жаждать 0,769377 0,000247
жалеть 0,805589 0,000258
жаль 0,635838 0,000204
ждать 0,142011 0,000046
желать 0,232819 0,000149
женский 0,623249 0,000200
женщина 0,213075 0,000068
жизнь 0,084532 0,000108
жёлтый 0,991226 0,000318
забыть 0,125925 0,000040
завопить 0,769377 0,000740
задрожать 0,866287 0,000278
задыхаться 0,635838 0,000408
закипятиться 1,866287 0,000598
закрыть 0,576253 0,000554
заметить 0,056728 0,000018
занавеска 1,213075 0,000389
записать 0,845098 0,001355
записывать 1,322219 0,001696
заплакать 0,599116 0,000192
заприметить 1,468347 0,000471
запросто 1,125925 0,000361
зарез 1,866287 0,000598
заслышать 1,213075 0,000389
зачем 0,146128 0,000094
заявить 0,675956 0,000217
заявлять 0,991226 0,000318
здесь 0,095435 0,000031
злоба 0,523865 0,000168
злодей 1,021189 0,000327
знак 0,565257 0,000181
знакомый 0,486076 0,000156
знать 0,002964 0,000007
значительно 1,213075 0,000389
значительный 0,866287 0,000278
зосим 0,912045 0,000292
идти 0,180546 0,000058
извинять 1,866287 0,001197
изволить 0,477121 0,000153
излить 1,389166 0,000445
измениться 0,735954 0,000472
измучить 1,021189 0,000655
именно 0,066947 0,000043
иметь 0,118099 0,000151
иначе 0,367977 0,000590
иногда 0,208276 0,000067
иной 0,208276 0,000067
интересоваться 0,787106 0,000252
интимный 1,264227 0,000405
ипполит 0,599116 0,000192
искатель 1,565257 0,000502
искусный 1,690196 0,000542
использоваться 0,000000 0,000000
исправник 1,213075 0,002723
исступлённо 1,021189 0,000327
исступлённый 0,805589 0,000258
источник 1,565257 0,000502
исчезнуть 0,623249 0,000200
итак 0,805589 0,001550
ихний 0,963197 0,000309
кабинет 0,936868 0,000300
каждый 0,137934 0,000044
казаться 0,063514 0,000183
казнить 1,021189 0,000655
казнь 0,963197 0,000618
какой 0,005949 0,000013
калгановый 1,322219 0,000424
карамазов 0,180546 0,000232
касаться 0,599116 0,000192
каторга 0,963197 0,000309
келья 0,991226 0,000318
кириллович 1,021189 0,000327
клясться 0,554533 0,000178
книга 0,106619 0,000103
когда 0,015029 0,000029
колено 0,565257 0,000362
комар 0,000000 0,000000
комната 0,150284 0,000289
комнатка 1,053374 0,000338
конверт 1,088136 0,000349
конец 0,213075 0,000137
конечно 0,060107 0,000039
кончиться 0,495219 0,000159
корыто 1,565257 0,000502
который 0,002964 0,000008
крайний 0,292256 0,000187
красивый 0,936868 0,000300
краткость 1,866287 0,000598
крепко 0,443041 0,000284
крик 0,514105 0,000330
кричать 0,303994 0,000390
кровь 0,389166 0,001248
кроткий 0,912045 0,000292
кстати 0,468347 0,000150
ладонь 0,866287 0,000555
ласково 0,936868 0,000300
лежать 0,243038 0,000312
либо 0,000000 0,000000
литература 1,468347 0,000471
лицо 0,000000 0,000000
личность 1,125925 0,000361
лишний 0,787106 0,000252
лишь 0,185046 0,000178
локоть 1,088136 0,000349
любить 0,066947 0,000021
любовь 0,334808 0,000215
любой 0,000000 0,000000
любопытный 0,648803 0,000208
макарович 1,389166 0,002227
максим 1,125925 0,001083
маленький 0,185046 0,000059
мгновение 0,316059 0,000405
мгновенно 0,888564 0,000285
между 0,129891 0,000042
мелочь 1,053374 0,001013
мера 0,217927 0,000349
место 0,099131 0,000095
месяц 0,264227 0,000169
мешать 0,805589 0,000517
мигнуть 1,389166 0,000445
мигом 0,504560 0,000324
милость 0,845098 0,000271
минута 0,050046 0,000048
минутка 0,635838 0,000408
митя 0,451314 0,004052
миусов 0,936868 0,000300
михаил 1,021189 0,001637
много 0,080958 0,000078
мой 0,077412 0,000273
молитва 0,888564 0,000570
молиться 0,866287 0,000278
молодой 0,222835 0,000071
момент 0,000000 0,000000
монастырь 0,533849 0,000171
мочь 0,000000 0,000000
мрачно 0,866287 0,000278
мрачный 0,662167 0,000425
мужик 0,675956 0,000217
мучить 0,419129 0,000134
мучиться 0,623249 0,000200
мысль 0,114239 0,000073
мытарство 1,389166 0,002227
мягко 1,167317 0,000749
навзничь 1,468347 0,000471
навзрыд 1,690196 0,000542
навстречу 1,125925 0,000361
наговорить 1,389166 0,000445
нагонять 1,866287 0,000598
наделать 0,963197 0,000309
надо 0,036984 0,000059
назад 0,000000 0,000000
название 1,088136 0,000349
называть 0,477121 0,000153
найти 0,298086 0,000096
наконец 0,073896 0,000047
налево 0,824895 0,000264
налицо 1,468347 0,000471
нанести 1,322219 0,000424
написать 0,000000 0,000000
напомнить 0,912045 0,000292
напрасно 0,805589 0,000258
например 0,298086 0,000191
напротив 0,180546 0,000058
наружность 1,053374 0,000338
наслать 0,805589 0,000258
наследство 0,824895 0,000264
насмешка 0,599116 0,000192
настойчиво 0,787106 0,000252
настоящий 0,309985 0,000099
наука 0,787106 0,000252
нахмуриться 0,769377 0,000247
начало 0,243038 0,000156
начать 0,066947 0,000086
начаться 0,514105 0,000165
невеста 0,720159 0,000231
невинный 0,576253 0,000370
невозможно 0,411442 0,000132
невозможность 1,088136 0,000349
недавно 0,576253 0,000185
недодать 1,866287 0,000598
незаметно 1,866287 0,000598
неистовый 0,888564 0,000285
некоторый 0,154480 0,000050
нелепость 0,963197 0,000309
нельзя 0,176091 0,000056
немного 0,426955 0,000274
ненавидеть 0,514105 0,000165
ненависть 0,623249 0,000400
неожиданно 0,523865 0,000168
неожиданный 0,419129 0,000134
неотразимый 1,053374 0,000338
неподвижный 0,991226 0,000318
неподходящий 1,866287 0,000598
неправильно 1,690196 0,000542
нервно 0,936868 0,000300
нервный 0,824895 0,000264
несколько 0,095435 0,000031
несмотря 0,275223 0,000088
несомненно 0,704919 0,000226
несчастие 0,690196 0,000664
несчастный 0,374926 0,000240
неуклюжий 1,565257 0,000502
нехороший 1,389166 0,000445
нибыть 0,030597 0,000010
никак 0,396465 0,000127
никогда 0,088136 0,000028
николай 0,752344 0,001930
никто 0,095435 0,000031
ничего 0,030597 0,000020
нищий 1,125925 0,000361
новый 0,167317 0,000054
нога 0,213075 0,000205
носить 0,611015 0,000196
ночь 0,189594 0,000122
ночью 0,587534 0,000188
нравиться 0,611015 0,000196
нужно 0,514105 0,000165
нужный 0,477121 0,000153
оба 0,316059 0,000101
обвинение 0,787106 0,000505
обводить 1,468347 0,000942
облечь 1,565257 0,000502
облокотиться 1,125925 0,000361
обожать 0,888564 0,000285
оборотиться 1,125925 0,000361
обращаться 0,451314 0,000579
обхватить 1,167317 0,000749
общественный 0,000000 0,000000
общество 0,468347 0,000150
объяснить 0,374926 0,000120
объяснять 0,936868 0,000300
объятие 0,991226 0,000318
огорошить 1,468347 0,000471
один 0,000000 0,000000
однако 0,102859 0,000099
озирать 1,690196 0,000542
оказаться 0,275223 0,000088
окаянный 1,866287 0,000598
окно 0,381987 0,000367
около 0,443041 0,000142
он 0,000000 0,000000
опамятоваться 1,866287 0,000598
оплакивать 1,690196 0,000542
опомниться 0,888564 0,000570
оправдаться 1,322219 0,000424
опубликовать 0,000000 0,000000
опять 0,027438 0,000070
освежить 1,565257 0,000502
освободиться 1,866287 0,000598
особенно 0,129891 0,000042
оставаться 0,280827 0,000090
остановить 0,565257 0,000181
остаться 0,133894 0,000043
отвергать 1,053374 0,000338
отвести 0,866287 0,000278
ответ 0,322219 0,000103
ответить 0,121994 0,000078
отвечать 0,258832 0,000083
отвратительный 1,053374 0,000338
отдавать 0,787106 0,000252
отдалённый 2,167317 0,000695
отец 0,091770 0,000206
отеческий 1,565257 0,000502
отзыв 1,213075 0,000389
откровенно 0,824895 0,000264
откроить 1,389166 0,000891
отлучиться 1,213075 0,000389
отметить 0,991226 0,000318
отнять 0,888564 0,000285
оторваться 1,021189 0,000327
отпить 1,389166 0,000445
оттащить 1,866287 0,000598
оформление 0,000000 0,000000
охотничий 1,866287 0,000598
очень 0,024303 0,000031
очнуться 0,752344 0,000241
очутиться 0,675956 0,000217
ошибиться 0,752344 0,000241
павлович 0,286504 0,000184
пакет 0,963197 0,000309
пакость 1,468347 0,000471
парфенович 2,167317 0,001390
парфёнович 1,125925 0,002166
первый 0,018098 0,000017
переглянуться 1,021189 0,000655
передать 0,381987 0,000245
перейти 0,000000 0,000000
перекреститься 1,053374 0,000338
перстень 1,264227 0,000811
пиджак 1,565257 0,000502
писарь 1,565257 0,001004
писать 0,419129 0,000269
письмоводитель 1,690196 0,000542
плакать 0,328468 0,000105
плечо 0,403889 0,000129
победить 0,787106 0,000252
побои 1,389166 0,000891
повергнуть 1,389166 0,000445
повернуться 0,495219 0,000318
повеселеть 1,565257 0,000502
повинный 1,468347 0,003295
повторить 0,544068 0,000174
подборка 0,000000 0,000000
подле 0,419129 0,000403
подлость 1,053374 0,000338
подняться 0,443041 0,000142
подозрение 0,991226 0,000636
подступить 1,690196 0,000542
подтверждение 1,213075 0,000389
подушка 0,611015 0,000196
пожалуй 0,237898 0,000076
позволить 0,264227 0,000678
познакомиться 0,735954 0,000236
позорный 0,991226 0,000636
пойти 0,080958 0,000052
пока 0,213075 0,000137
показание 0,752344 0,000724
показать 0,292256 0,000094
покинуть 1,322219 0,000424
поклон 0,787106 0,000252
поклясться 1,053374 0,000338
покойничек 1,866287 0,000598
покойный 0,599116 0,000192
покончить 0,769377 0,001480
пол 0,704919 0,000226
поле 0,912045 0,000292
полезть 1,322219 0,000424
полный 0,253503 0,000081
положение 0,459747 0,000147
положительно 0,805589 0,000775
получить 0,309985 0,000099
помириться 1,021189 0,000327
помнить 0,167317 0,000161
поморщиться 1,167317 0,000374
помочь 0,587534 0,000188
понадобиться 0,936868 0,000300
понимать 0,095435 0,000245
поносить 1,565257 0,000502
понять 0,106619 0,000068
попирание 2,167317 0,000695
поразить 0,243038 0,000156
портить 1,565257 0,000502
посетитель 0,991226 0,000636
посещать 0,845098 0,000271
послать 0,309985 0,000099
последний 0,066947 0,000043
послушать 0,662167 0,000425
посмертно 0,000000 0,000000
поспешно 0,866287 0,000278
поставить 0,451314 0,000145
постепенно 1,088136 0,000349
постоянный 1,167317 0,000374
потом 0,084532 0,000081
потому 0,024303 0,000023
потрясать 1,322219 0,000424
потупиться 1,088136 0,000349
похвальба 1,565257 0,000502
почему 0,099131 0,000064
почти 0,024303 0,000031
почтительный 0,963197 0,000309
почувствовать 0,426955 0,000137
правда 0,088136 0,000028
право 0,176091 0,000113
правый 0,495219 0,000318
пред 0,030597 0,000029
предмет 0,611015 0,000196
прежде 0,077412 0,000050
прежний 0,198834 0,000127
прекрасный 0,495219 0,000159
прервать 0,623249 0,000400
преступница 1,565257 0,000502
претендовать 1,322219 0,000848
прибавить 0,162996 0,000052
прибавлять 1,088136 0,000349
прибытие 1,021189 0,000327
привезти 1,125925 0,000361
привлекать 1,468347 0,000471
приготовить 0,675956 0,000217
прижизненный 0,000000 0,000000
прийти 0,095435 0,000031
прилепиться 1,690196 0,000542
принимать 0,328468 0,000316
принцип 1,468347 0,000471
принять 0,180546 0,000232
присутствовать 0,912045 0,000292
причинить 2,167317 0,000695
проводить 0,845098 0,000271
проговорить 0,110412 0,000212
программирование 0,000000 0,000000
продиктовать 1,866287 0,000598
продолжать 0,125925 0,000161
прозрачный 1,866287 0,000598
произведение 0,000000 0,000000
произнести 0,280827 0,000180
происходить 0,523865 0,000168
пройти 0,000000 0,000000
прокричать 0,599116 0,000768
прокурор 0,787106 0,003533
пролепетать 0,936868 0,000300
проломить 1,264227 0,000405
проникнуть 1,021189 0,000327
просить 0,150284 0,000048
просиять 1,264227 0,000405
простирать 1,167317 0,000749
простить 0,286504 0,000184
просто 0,232819 0,000075
против 0,389166 0,000250
прямо 0,118099 0,000076
публикация 0,000000 0,000000
публично 1,213075 0,000389
пунктик 2,167317 0,000695
пусть 0,253503 0,000081
пустяк 0,888564 0,000285
пьяный 0,451314 0,000145
равенство 1,322219 0,000424
равно 0,303994 0,000097
равный 1,053374 0,000338
ради 0,752344 0,000241
радикально 1,690196 0,000542
радушно 1,565257 0,000502
раз 0,309985 0,000199
развратный 1,021189 0,000327
раздирать 1,468347 0,000471
разразиться 1,053374 0,000338
разрешение 0,000000 0,000000
раскаяние 0,769377 0,000493
расположиться 1,167317 0,000374
рассмеяться 0,599116 0,000384
рваться 1,053374 0,000338
ребёнок 0,232819 0,000075
ревность 0,888564 0,000855
решать 1,053374 0,000338
решительно 0,341243 0,000328
решиться 0,341243 0,000109
родитель 0,599116 0,000192
родный 0,565257 0,000181
родственник 0,805589 0,000258
рука 0,030597 0,000128
руководить 1,264227 0,000405
руководствовать 1,866287 0,000598
румяный 1,264227 0,000405
русский 0,411442 0,000132
рухнуться 1,690196 0,000542
рыться 1,866287 0,000598
сайт 0,000000 0,000000
сам 0,002964 0,000004
самый 0,018098 0,000006
сбегать 1,053374 0,000338
сбоку 0,912045 0,000292
свет 0,176091 0,000056
светский 0,720159 0,000231
свидетель 0,459747 0,000442
свободно 0,000000 0,000000
свой 0,000000 0,000000
святыня 1,213075 0,001167
сговориться 1,322219 0,000424
сделать 0,102859 0,000066
себя 0,000000 0,000000
сегодня 0,194189 0,000125
сейчас 0,070407 0,000181
семьдесят 0,000000 0,000000
сердце 0,095435 0,000092
сжать 0,963197 0,000309
сзади 0,824895 0,000264
сидеть 0,125925 0,000283
сидя 0,845098 0,000271
сила 0,185046 0,000059
сильно 0,292256 0,000094
сказать 0,011981 0,000035
скоро 0,298086 0,000096
скрывать 0,635838 0,000408
следователь 1,053374 0,006417
следствие 0,912045 0,000292
слеза 0,275223 0,000265
слишком 0,133894 0,000043
слово 0,027438 0,000026
слуга 0,599116 0,000192
случай 0,146128 0,000187
случиться 0,292256 0,000094
слушатель 0,963197 0,000309
слушать 0,203530 0,000065
слышать 0,125925 0,000121
слышь 1,866287 0,000598
смертный 0,805589 0,000258
смерть 0,374926 0,000120
смеяться 0,171682 0,000165
смутиться 0,805589 0,000258
смыть 1,866287 0,000598
собрание 1,088136 0,000349
собственно 0,565257 0,000181
собственность 1,389166 0,000891
совершенно 0,180546 0,000116
совсем 0,021189 0,000020
согласие 0,000000 0,000000
согласиться 0,396465 0,000254
согласный 0,565257 0,000181
содеять 1,866287 0,000598
сойтись 0,623249 0,000400
сообразиться 1,690196 0,000542
сосать 1,565257 0,000502
сострадание 0,787106 0,000252
сочинение 1,468347 0,000471
спасение 0,991226 0,000318
спокойный 0,576253 0,000739
спокойствие 0,888564 0,000285
спор 1,053374 0,000675
спрашивать 0,232819 0,000149
спросить 0,114239 0,000073
ссора 1,021189 0,000327
стакан 1,088136 0,000349
становиться 0,389166 0,000125
старец 0,611015 0,000196
старик 0,303994 0,000682
старичок 0,912045 0,000585
старое 0,866287 0,000278
стать 0,002964 0,000003
стоить 0,189594 0,000182
стол 0,286504 0,000551
столь 0,434924 0,000139
стоять 0,150284 0,000241
страдалец 1,468347 0,000471
страдальчески 1,690196 0,000542
страшно 0,434924 0,000418
страшный 0,286504 0,000459
стремглав 1,213075 0,000389
стремиться 0,888564 0,000285
струсить 1,021189 0,000327
стул 0,434924 0,000558
судебный 0,963197 0,000309
судить 0,523865 0,000168
судьба 0,443041 0,000142
супруг 0,523865 0,000168
существо 0,477121 0,000306
схватить 0,347773 0,000223
сцена 0,554533 0,000356
счастливый 0,451314 0,000145
считать 0,275223 0,000353
счёт 0,623249 0,000200
сюда 0,232819 0,000075
тайна 0,675956 0,000217
также 0,000000 0,000000
таки 0,066947 0,000021
такой 0,002964 0,000008
танцевать 1,167317 0,000374
тварь 0,866287 0,000278
твой 0,258832 0,000083
текст 0,000000 0,000000
теперь 0,015029 0,000077
терзать 1,565257 0,000502
товарищ 0,704919 0,000226
тогда 0,050046 0,000032
тоже 0,043466 0,000042
только 0,002964 0,000012
том 1,565257 0,000502
тоска 0,599116 0,000192
тот 0,002964 0,000006
тотчас 0,046743 0,000015
точно 0,121994 0,000078
трактир 0,720159 0,000462
требовать 0,565257 0,000181
тревога 0,648803 0,000208
третий 0,154480 0,000149
три 0,303994 0,000390
трое 0,752344 0,000241
трёхлетний 1,389166 0,000445
ты 0,133894 0,000300
тысяча 0,217927 0,000349
тяжело 0,565257 0,000181
тяжкий 1,565257 0,001004
убедиться 0,623249 0,000200
убийство 0,787106 0,000252
убийца 0,704919 0,000226
убить 0,275223 0,001765
увести 1,021189 0,000655
увидеть 0,222835 0,000143
увлекать 1,565257 0,000502
уговаривать 0,963197 0,000618
уговорить 1,088136 0,000698
угрюмо 1,322219 0,000424
удалить 1,866287 0,001197
удержать 0,769377 0,000247
удивление 0,292256 0,000094
удовлетворить 1,021189 0,000327
удовольствие 0,486076 0,000156
ужас 0,468347 0,000300
ужасно 0,167317 0,000268
узнать 0,106619 0,000034
украсть 0,805589 0,000258
улика 1,125925 0,001083
улица 0,396465 0,000127
умереть 0,269690 0,000086
умерший 0,000000 0,000000
уметь 0,328468 0,000105
умница 1,866287 0,000598
унять 1,866287 0,000598
упасть 0,495219 0,000159
упускать 1,468347 0,000471
усесться 0,662167 0,000425
успеть 0,203530 0,000261
успокоить 0,824895 0,000529
успокоиться 0,735954 0,000472
утверждать 0,623249 0,000200
утешный 1,866287 0,001197
фазис 1,866287 0,000598
факт 0,533849 0,000685
фантастический 0,912045 0,000292
фонарь 1,125925 0,000722
фёдор 0,434924 0,000558
фёдорович 0,150284 0,000145
хаживать 1,866287 0,000598
хмуриться 1,213075 0,000389
ходить 0,213075 0,000068
хождение 1,322219 0,000848
хозяйский 1,690196 0,000542
хороший 0,077412 0,000025
хорошо 0,189594 0,000061
хотеть 0,033778 0,000108
хоть 0,060107 0,000077
хотя 0,050046 0,000016
хохотать 0,824895 0,000264
хранитель 1,389166 0,000445
христианский 1,125925 0,000361
царица 1,125925 0,000361
целовать 0,635838 0,000204
час 0,185046 0,000237
частный 1,322219 0,000424
часть 0,002964 0,000002
чей 0,000000 0,000000
человек 0,011981 0,000046
человеческий 0,565257 0,000181
через 0,258832 0,000083
чернильница 1,866287 0,000598
черта 0,264227 0,000085
честь 0,403889 0,000259
четверо 1,088136 0,000349
четверть 0,769377 0,000247
число 0,704919 0,000226
читаемый 2,167317 0,000695
читать 0,403889 0,000129
чрезвычайно 0,217927 0,000140
чтоб 0,073896 0,000118
чтобы 0,030597 0,000020
чувство 0,158717 0,000356
чувствовать 0,264227 0,000085
чудо 0,866287 0,000555
чуточку 1,866287 0,000598
чуть 0,176091 0,000113
шесть 0,514105 0,000165
шкура 1,690196 0,000542
экспансивный 1,468347 0,000471
эпидерма 2,167317 0,000695
это 0,002964 0,000008
этот 0,002964 0,000007
юрист 1,468347 0,000471
я 0,024303 0,000132
ярко 1,125925 0,000361
