автор 0,000000 0,000000
авторский 0,000000 0,000000
алексей 0,000000 0,000000
алексейчик 2,167317 0,001720
алеш 0,328468 0,001564
алёшка 1,021189 0,004052
арбенин 2,167317 0,000860
бар 2,167317 0,000860
барин 0,787106 0,000312
барыня 0,704919 0,000280
бежать 0,434924 0,000173
безобразный 1,053374 0,000418
белявский 2,167317 0,000860
берёза 1,866287 0,000741
бессмертие 1,322219 0,003148
библиотека 1,866287 0,002222
битый 1,565257 0,001242
благородный 0,374926 0,000149
бог 0,154480 0,000490
богач 1,322219 0,000525
богородичный 2,167317 0,000860
более 0,000000 0,000000
болезнь 0,434924 0,000173
болеть 0,845098 0,000671
большой 0,056728 0,000023
бормотать 0,662167 0,000263
босоножка 2,167317 0,002580
брат 0,060107 0,000215
брать 0,486076 0,000386
браться 1,565257 0,000621
броситься 0,258832 0,000103
брызгаться 1,690196 0,000671
будто 0,099131 0,000039
бульонщик 1,565257 0,000621
бутылка 0,845098 0,000335
бывало 0,554533 0,000440
быть 0,000000 0,000000
валаамов 1,690196 0,000671
ваш 0,121994 0,000048
вдруг 0,005949 0,000040
ведь 0,043466 0,000224
век 0,769377 0,000305
вера 0,514105 0,000408
верить 0,180546 0,000502
веровать 0,704919 0,000559
вероятный 0,866287 0,000344
весь 0,002964 0,000019
взгляд 0,185046 0,000073
вздрогнуть 0,486076 0,000386
вздумать 0,720159 0,000572
взять 0,077412 0,000123
видеть 0,027438 0,000054
визит 0,845098 0,000335
виноватый 0,328468 0,000130
влететь 1,264227 0,000502
влюбиться 0,963197 0,000382
вместо 0,411442 0,000163
внезапный 0,533849 0,000212
вовсе 0,150284 0,000060
вода 0,587534 0,000466
возить 1,167317 0,000463
возмериться 1,690196 0,001341
вознаграждение 0,000000 0,000000
волнение 0,361137 0,000143
волочиться 2,167317 0,000860
вообще 0,459747 0,000182
воссиять 1,565257 0,001242
восторг 0,419129 0,000333
восхищение 1,167317 0,000463
впрочем 0,118099 0,000094
врать 0,845098 0,000671
время 0,018098 0,000014
всегда 0,129891 0,000412
вскинуться 0,866287 0,000344
вскочить 0,451314 0,000537
всплеснуть 0,787106 0,000625
вспрыснуть 2,167317 0,000860
всякий 0,106619 0,000085
вцепиться 1,264227 0,000502
выбить 1,690196 0,000671
выдумать 0,648803 0,000515
вызвать 0,824895 0,000327
выкликать 2,167317 0,000860
выкрикивать 1,264227 0,000502
вылупиться 1,866287 0,000741
вынести 0,486076 0,000193
выпилить 1,389166 0,000551
выплата 0,000000 0,000000
выскочить 0,824895 0,000327
высокомерный 1,125925 0,000447
выходить 0,258832 0,000103
вьельфилька 2,167317 0,000860
герой 0,991226 0,000393
глаз 0,056728 0,000158
глядеть 0,243038 0,000193
гнать 1,125925 0,000447
гневный 1,565257 0,000621
говорить 0,011981 0,000109
год 0,292256 0,000116
голова 0,114239 0,000181
гора 0,805589 0,000320
горький 0,912045 0,000362
господин 0,208276 0,000083
господь 0,374926 0,000446
гостинец 1,389166 0,000551
григорий 0,648803 0,000257
гром 0,912045 0,000362
громкий 1,021189 0,000405
грош 1,125925 0,000447
грубость 1,322219 0,000525
губа 0,411442 0,000163
губернатор 1,389166 0,000551
давать 0,253503 0,000402
давеча 0,232819 0,000370
давно 0,158717 0,000063
даже 0,005949 0,000005
далёкий 0,411442 0,000163
даром 0,769377 0,000305
дать 0,171682 0,000136
даться 1,322219 0,000525
два 0,198834 0,000079
дверь 0,258832 0,000103
двор 0,523865 0,000208
девка 1,021189 0,001216
девчоночка 1,690196 0,000671
действительно 0,106619 0,000042
делать 0,194189 0,000154
дело 0,011981 0,000005
демидов 2,167317 0,000860
день 0,118099 0,000047
детка 2,167317 0,000860
деточка 1,468347 0,000583
див 2,167317 0,000860
длинно 1,322219 0,000525
длинный 0,495219 0,000197
дмитрий 0,396465 0,000157
добрый 0,303994 0,000121
довести 0,720159 0,000286
довольно 0,129891 0,000103
догореть 1,866287 0,000741
додуматься 2,167317 0,000860
дойти 0,389166 0,000154
должный 0,099131 0,000079
дом 0,154480 0,000123
досадливо 1,389166 0,000551
достоевский 0,000000 0,000000
достояние 0,000000 0,000000
дотоле 1,866287 0,000741
дочь 0,374926 0,000149
драть 1,088136 0,000864
друг 0,180546 0,000143
другой 0,008955 0,000014
думать 0,060107 0,000191
дурак 0,611015 0,000485
душа 0,158717 0,000063
дуэль 1,213075 0,000481
единственный 0,648803 0,000257
ездить 0,690196 0,000274
если 0,011981 0,000019
есть 0,018098 0,000158
ехать 0,587534 0,000233
жалеть 0,805589 0,000320
жаль 0,635838 0,000505
жена 0,486076 0,000193
женщина 0,213075 0,000254
животик 2,167317 0,000860
жизнь 0,084532 0,000067
завтра 0,298086 0,000473
заговорить 0,334808 0,000133
загореться 0,912045 0,000724
задерживать 1,264227 0,000502
задуматься 0,787106 0,000312
зазвать 1,565257 0,000621
заклад 0,824895 0,000327
закрыть 0,576253 0,000457
зала 0,662167 0,000263
заласкать 2,167317 0,000860
заметить 0,056728 0,000045
замечать 0,554533 0,000440
засверкать 0,720159 0,000286
затаённый 1,088136 0,000432
затмение 2,167317 0,000860
затрястись 0,963197 0,000764
захотеться 0,704919 0,000280
зачем 0,146128 0,000116
звонкий 1,125925 0,000447
здесь 0,095435 0,000038
земля 0,298086 0,000355
злоба 0,523865 0,000416
злой 0,587534 0,000233
знать 0,002964 0,000015
значит 0,243038 0,000193
золото 1,125925 0,000447
иван 0,232819 0,002587
игумен 1,167317 0,000926
иезуит 1,389166 0,001103
избить 0,845098 0,000335
извинить 0,611015 0,000242
излечить 1,565257 0,000621
изменяться 1,565257 0,000621
именно 0,066947 0,000053
иногда 0,208276 0,000083
иной 0,208276 0,000165
интересный 0,845098 0,000335
искренно 0,523865 0,000624
исповедоваться 1,468347 0,000583
использоваться 0,000000 0,000000
испуг 0,554533 0,000440
истерический 0,888564 0,000353
истина 0,704919 0,000559
истинно 1,125925 0,000447
источник 1,565257 0,000621
истребить 1,213075 0,000481
кабинет 0,936868 0,000372
каждый 0,137934 0,000055
казаться 0,063514 0,000050
каковой 0,576253 0,000457
какой 0,005949 0,000009
каналья 1,468347 0,000583
карамазов 0,180546 0,000287
кипеть 1,053374 0,000418
кликуша 1,322219 0,001049
кликушечка 2,167317 0,000860
книга 0,106619 0,000127
когда 0,015029 0,000030
колено 0,565257 0,000224
коли 0,269690 0,000428
коль 0,720159 0,000286
комар 0,000000 0,000000
конец 0,213075 0,000085
конечно 0,060107 0,000048
контроверза 1,690196 0,000671
кончиться 0,495219 0,000197
коньяк 1,264227 0,001505
коньячок 1,167317 0,002316
который 0,002964 0,000005
красавчик 1,866287 0,000741
крепкий 0,787106 0,000312
крик 0,514105 0,000204
крикнуть 0,292256 0,000116
кровь 0,389166 0,000154
кулебяка 1,690196 0,000671
купец 0,720159 0,000286
лакей 0,704919 0,000280
ласкать 1,088136 0,000432
лезть 0,936868 0,000372
лес 1,053374 0,000418
либо 0,000000 0,000000
ликёр 1,690196 0,000671
ликёрец 1,565257 0,000621
литература 1,468347 0,000583
лицо 0,000000 0,000000
лишний 0,787106 0,000312
любим 1,167317 0,000463
любимый 0,963197 0,000382
любить 0,066947 0,000239
любой 0,000000 0,000000
любопытный 0,648803 0,000257
маленький 0,185046 0,000294
мало 0,208276 0,000248
малюсенький 2,167317 0,000860
маркиз 1,866287 0,000741
марфа 0,912045 0,000362
мать 0,217927 0,001124
мгновение 0,316059 0,000251
мера 0,217927 0,000086
мериться 1,866287 0,000741
мефистофелевский 2,167317 0,000860
мечта 0,735954 0,000292
милый 0,322219 0,000256
минута 0,050046 0,000020
минутка 0,635838 0,000252
мистика 1,866287 0,001481
мовешка 2,167317 0,001720
можно 0,088136 0,000070
мозгляк 1,866287 0,000741
мой 0,077412 0,000092
мокрый 0,675956 0,000536
молиться 0,866287 0,000344
молочко 2,167317 0,000860
молчать 0,248239 0,000099
момент 0,000000 0,000000
монастырь 0,533849 0,000212
монастырёк 1,690196 0,001341
монах 0,845098 0,000335
монетный 2,167317 0,000860
мочь 0,000000 0,000000
мошенник 1,264227 0,000502
мужик 0,675956 0,000805
мысль 0,114239 0,000091
мясо 1,690196 0,000671
наафонил 2,167317 0,000860
наблюдать 0,587534 0,000233
наверно 0,264227 0,000105
надо 0,036984 0,000117
надобный 0,866287 0,000344
надорвать 1,389166 0,000551
надумать 1,468347 0,000583
назавтра 1,264227 0,000502
назад 0,000000 0,000000
название 1,088136 0,000432
найти 0,298086 0,000355
накопить 1,389166 0,000551
наладить 1,866287 0,000741
напасть 1,322219 0,000525
наперво 1,565257 0,000621
написать 0,000000 0,000000
народ 0,514105 0,000204
нарочно 0,227798 0,000090
насмотреть 2,167317 0,000860
настаивать 0,565257 0,000224
настойчиво 0,787106 0,000312
наступить 0,845098 0,001006
натягивать 1,690196 0,000671
наука 0,787106 0,000312
нахмуриться 0,769377 0,000611
находить 0,576253 0,000457
начать 0,066947 0,000053
начинаться 0,805589 0,000320
наш 0,118099 0,000047
невеста 0,720159 0,000286
негодование 0,403889 0,000160
неистовый 0,888564 0,000353
немало 1,389166 0,000551
ненавидеть 0,514105 0,000204
необычайный 0,662167 0,000263
непременно 0,133894 0,000106
нервный 0,824895 0,000327
неслышный 1,389166 0,000551
нету 1,565257 0,000621
неудержимый 1,053374 0,000418
неужто 0,599116 0,000238
нечто 0,389166 0,000618
нибыть 0,030597 0,000024
никакой 0,213075 0,000254
никогда 0,088136 0,000175
ничего 0,030597 0,000024
ничто 0,576253 0,000457
нога 0,213075 0,000085
ножка 0,912045 0,000362
ноне 1,565257 0,000621
нуль 1,690196 0,001341
обед 0,690196 0,000822
обещать 0,704919 0,000280
обижать 1,053374 0,000836
обман 1,021189 0,000405
образ 0,243038 0,000096
обрезонить 2,167317 0,000860
общественный 0,000000 0,000000
обыск 1,468347 0,000583
овца 1,565257 0,000621
ограбить 0,912045 0,000362
один 0,000000 0,000000
оживиться 1,389166 0,000551
означать 1,021189 0,000405
окончательно 0,565257 0,000224
он 0,000000 0,000000
они 0,275223 0,000109
опубликовать 0,000000 0,000000
опуститься 0,888564 0,000353
опять 0,027438 0,000022
осина 2,167317 0,000860
оскорбить 0,599116 0,000238
ослица 1,690196 0,001341
особенно 0,129891 0,000155
особенный 0,389166 0,000154
остановить 0,565257 0,000224
остановиться 0,269690 0,000214
остроумие 1,213075 0,000963
остроумно 1,690196 0,001341
ответить 0,121994 0,000097
отдать 0,381987 0,000152
отец 0,091770 0,000073
отрезать 0,599116 0,000475
отрезветь 1,866287 0,000741
оттого 0,675956 0,000268
отчий 0,554533 0,000220
отчитывать 1,866287 0,000741
отыскать 0,769377 0,000305
оформление 0,000000 0,000000
очень 0,024303 0,000048
очённо 1,322219 0,000525
павлович 0,286504 0,000341
парень 1,125925 0,000894
пасть 0,866287 0,000344
первый 0,018098 0,000036
перебить 0,486076 0,000193
передовой 1,322219 0,001049
перейти 0,000000 0,000000
перестать 0,411442 0,000327
перл 1,866287 0,000741
печь 1,468347 0,000583
пирон 1,866287 0,000741
плакать 0,328468 0,000130
плюнуть 0,936868 0,000372
побиться 1,264227 0,000502
побояться 1,167317 0,000463
повадно 2,167317 0,000860
повесить 1,565257 0,000621
повториться 1,322219 0,000525
поглядеть 0,396465 0,000157
подавно 1,690196 0,000671
подборка 0,000000 0,000000
подкосить 1,468347 0,000583
подлец 0,554533 0,000440
подождать 0,587534 0,000233
подозрительный 1,264227 0,000502
подсматривать 1,565257 0,000621
подумать 0,185046 0,000073
поехать 0,576253 0,000686
пожалуй 0,237898 0,000378
пожертвовать 0,963197 0,000382
поймать 0,824895 0,000982
пойти 0,080958 0,000096
пока 0,213075 0,000169
показать 0,292256 0,000116
покойница 1,389166 0,000551
покончить 0,769377 0,000611
покраснеть 0,504560 0,000400
пол 0,704919 0,000280
полагать 0,720159 0,000286
ползать 1,468347 0,000583
половина 0,396465 0,000157
поломоечка 2,167317 0,000860
полубессмысленный 2,167317 0,000860
получить 0,309985 0,000123
пользоваться 0,963197 0,000382
помалу 0,675956 0,000268
помнить 0,167317 0,000066
понимать 0,095435 0,000038
понять 0,106619 0,000127
попасть 0,533849 0,000212
поразить 0,243038 0,000096
порок 1,213075 0,000481
поросяточка 2,167317 0,000860
пороть 1,468347 0,002913
посетитель 0,991226 0,000787
посидеть 1,125925 0,000447
после 0,084532 0,000101
последний 0,066947 0,000080
послышаться 0,735954 0,000292
посмертно 0,000000 0,000000
постоять 0,690196 0,001369
поступить 0,648803 0,000257
потом 0,084532 0,000101
потому 0,024303 0,000019
похоже 0,845098 0,000335
пощёчина 1,167317 0,001390
правда 0,088136 0,000070
правило 1,088136 0,000864
право 0,176091 0,000140
праздник 1,213075 0,000481
пред 0,030597 0,000012
представляться 0,611015 0,000242
презирать 0,662167 0,001314
презрение 0,554533 0,000220
презрительный 0,963197 0,000382
прибавить 0,162996 0,000065
привезти 1,125925 0,000894
приговор 0,824895 0,000327
приезжать 0,936868 0,000372
приехать 0,309985 0,000369
прижизненный 0,000000 0,000000
прийтись 0,565257 0,000224
приказ 1,468347 0,000583
припадок 0,544068 0,000216
прислать 0,403889 0,000160
присылать 1,167317 0,000463
приходить 0,243038 0,000096
пробормотать 0,316059 0,000125
программирование 0,000000 0,000000
продавать 1,264227 0,000502
продолжать 0,125925 0,000050
проезд 1,468347 0,000583
произведение 0,000000 0,000000
произнести 0,280827 0,000111
произойти 0,258832 0,000103
пройти 0,000000 0,000000
пронзение 2,167317 0,000860
пропасть 0,769377 0,000305
прорваться 1,322219 0,000525
просить 0,150284 0,000060
протанцевать 1,866287 0,000741
прочий 0,824895 0,000327
прямо 0,118099 0,000047
публикация 0,000000 0,000000
пугаться 1,264227 0,000502
пуститься 0,845098 0,000335
пусть 0,253503 0,000101
пуще 0,599116 0,000238
пьянство 1,167317 0,000463
пьяный 0,451314 0,000716
равно 0,303994 0,000121
разбирать 1,088136 0,000432
разве 0,146128 0,000174
развеселиться 1,468347 0,000583
развитие 0,912045 0,000362
раздаться 0,635838 0,000252
раздвинуть 1,468347 0,000583
разобидеть 1,389166 0,000551
разозлиться 1,389166 0,000551
разом 0,389166 0,000154
разрешение 0,000000 0,000000
ракета 2,167317 0,000860
распахнуться 1,866287 0,000741
расписывать 1,565257 0,000621
рассказ 0,477121 0,000189
рассказать 0,280827 0,000223
рассказывать 0,341243 0,000135
расслабить 1,213075 0,000481
рассыпаться 1,468347 0,000583
рассыпчатый 2,167317 0,000860
ребята 2,167317 0,000860
решительно 0,341243 0,000135
ровно 0,533849 0,000212
род 0,419129 0,000333
россия 0,514105 0,000816
рука 0,030597 0,000036
русский 0,411442 0,001306
ручка 0,769377 0,000305
рюмка 1,322219 0,001049
рюмочка 1,565257 0,001242
сад 0,824895 0,000327
сайт 0,000000 0,000000
сам 0,002964 0,000008
самый 0,018098 0,000014
сбиться 1,088136 0,000432
свет 0,176091 0,000070
свинство 1,866287 0,001481
свободно 0,000000 0,000000
свой 0,000000 0,000000
святой 0,468347 0,000186
святыня 1,213075 0,000481
сдвигать 1,866287 0,000741
сделать 0,102859 0,000082
себя 0,000000 0,000000
сегодня 0,194189 0,000231
сейчас 0,070407 0,000112
секунда 0,565257 0,000224
семьдесят 0,000000 0,000000
сени 0,824895 0,000327
сердиться 0,443041 0,001055
сердце 0,095435 0,000076
серебро 1,690196 0,000671
серьёзно 0,419129 0,000499
сидеть 0,125925 0,000050
сильно 0,292256 0,000116
сиять 0,888564 0,000353
сказать 0,011981 0,000010
сколько 0,280827 0,000334
скорый 0,237898 0,000189
славно 1,389166 0,001103
сладострастник 1,167317 0,001390
слегка 0,936868 0,000372
слеза 0,275223 0,000109
слово 0,027438 0,000011
слуга 0,599116 0,000475
случиться 0,292256 0,000116
слушать 0,203530 0,000242
слюна 1,468347 0,000583
смердяков 0,576253 0,000686
сметь 0,389166 0,000309
смешок 1,125925 0,000894
смеяться 0,171682 0,000273
смирение 1,088136 0,000432
смирный 1,690196 0,000671
смотреть 0,077412 0,000092
сначала 0,434924 0,000173
снять 0,704919 0,000280
собрание 1,088136 0,000432
совершенный 0,451314 0,000358
совсем 0,021189 0,000017
согласие 0,000000 0,000000
соображение 0,912045 0,000362
сор 2,167317 0,000860
состариться 1,565257 0,000621
сотрясать 1,866287 0,000741
сохранить 0,690196 0,000548
сочинение 1,468347 0,000583
спать 0,495219 0,000197
сперва 0,735954 0,000584
сплетник 1,322219 0,000525
спор 1,053374 0,000418
спрашивать 0,232819 0,000092
срезать 2,167317 0,000860
срок 0,675956 0,000536
старец 0,611015 0,000485
старик 0,303994 0,000844
старикашка 1,167317 0,000463
старина 1,389166 0,000551
старое 0,866287 0,000344
старцев 1,866287 0,000741
стать 0,002964 0,000001
стоить 0,189594 0,000451
стол 0,286504 0,000114
столь 0,434924 0,000345
столько 0,443041 0,000176
странный 0,227798 0,000271
страшный 0,286504 0,000114
стул 0,434924 0,000173
ступать 0,587534 0,000233
стыд 0,533849 0,000212
стыдиться 0,623249 0,000247
существо 0,477121 0,000189
существование 1,167317 0,000463
существовать 0,635838 0,000505
сходство 2,167317 0,000860
счастие 0,451314 0,000179
считать 0,275223 0,000109
съездить 1,322219 0,001574
сюда 0,232819 0,000092
сюртук 0,912045 0,000362
также 0,000000 0,000000
таки 0,066947 0,000106
такой 0,002964 0,000008
талант 0,991226 0,000393
танец 1,565257 0,000621
твой 0,258832 0,001438
текст 0,000000 0,000000
тема 0,735954 0,000292
теперешний 0,533849 0,000212
теперь 0,015029 0,000042
тепло 1,468347 0,000583
терзать 1,565257 0,000621
терпеть 0,866287 0,000344
течь 1,167317 0,000463
тишина 0,912045 0,000362
тогда 0,050046 0,000159
тоже 0,043466 0,000017
только 0,002964 0,000018
том 1,565257 0,000621
тот 0,002964 0,000008
тотчас 0,046743 0,000019
точить 0,787106 0,001874
точно 0,121994 0,000048
третий 0,154480 0,000245
ты 0,133894 0,000744
тысяча 0,217927 0,000173
тяпнуть 1,389166 0,000551
убираться 1,389166 0,000551
убить 0,275223 0,000328
убрать 1,167317 0,000926
уважать 0,523865 0,000624
увидеть 0,222835 0,000088
удалиться 0,888564 0,000353
ударить 0,635838 0,000505
удивить 0,769377 0,000611
удивлять 1,053374 0,000418
уехать 0,459747 0,000182
указать 0,554533 0,000220
украсть 0,805589 0,000639
уложить 1,125925 0,000447
улыбнуться 0,426955 0,000169
умерший 0,000000 0,000000
уметь 0,328468 0,000261
умный 0,403889 0,000481
униматься 1,389166 0,000551
упасть 0,495219 0,000197
упразднить 1,866287 0,001481
упразднять 2,167317 0,000860
усмехнуться 0,374926 0,000298
усмешка 0,752344 0,000299
устроить 0,690196 0,000274
утверждать 0,623249 0,000247
утешить 1,053374 0,000418
философ 1,053374 0,000418
франц 0,635838 0,000505
фёдор 0,434924 0,000863
фёдорович 0,150284 0,000239
хам 1,866287 0,000741
харя 1,468347 0,000583
хитро 1,322219 0,000525
хлопнуть 1,468347 0,000583
хмелеть 1,690196 0,000671
хороший 0,077412 0,000154
хорошо 0,189594 0,000150
хотеть 0,033778 0,000027
хотеться 0,292256 0,000232
хоть 0,060107 0,000048
хотя 0,050046 0,000020
христос 0,675956 0,000268
целый 0,217927 0,000086
церковь 0,787106 0,000312
цивилизация 1,565257 0,000621
чайка 2,167317 0,000860
час 0,185046 0,000147
часть 0,002964 0,000002
чей 0,000000 0,000000
человек 0,011981 0,000043
червонец 1,866287 0,000741
чермашня 1,125925 0,000894
чернявка 2,167317 0,000860
черта 0,264227 0,001153
число 0,704919 0,000280
читаемый 2,167317 0,000860
читать 0,403889 0,000160
чмокнуть 1,866287 0,000741
чрезвычайно 0,217927 0,000086
что 0,030597 0,000049
чтоб 0,073896 0,000059
чувство 0,158717 0,000063
чувствоваться 1,389166 0,000551
чудотворный 1,866287 0,000741
чёрточка 0,991226 0,000787
шестьдесят 1,021189 0,000405
широкий 0,888564 0,000353
штука 0,912045 0,000362
шульц 2,167317 0,000860
этакий 0,533849 0,000636
это 0,002964 0,000002
этот 0,002964 0,000002
я 0,024303 0,000270
