автор 0,000000 0,000000
авторитет 1,389166 0,000456
авторский 0,000000 0,000000
аглая 0,662167 0,002390
аделаида 0,720159 0,000945
александр 1,213075 0,000796
алексей 0,000000 0,000000
анненков 2,167317 0,000711
антип 1,565257 0,001027
ардалионович 0,675956 0,001331
аффектация 1,866287 0,001225
аффектировать 2,167317 0,000711
баллада 1,690196 0,001664
батюшка 0,635838 0,000209
бедно 1,389166 0,000456
бедный 0,328468 0,000539
безграничность 2,167317 0,000711
безмолвный 1,565257 0,000514
безумец 1,690196 0,000555
белокурый 1,565257 0,000514
бельё 0,845098 0,000277
беспокоить 0,735954 0,000483
беспокоиться 0,514105 0,000169
беспокойство 0,514105 0,000337
бесполезный 1,468347 0,000482
беспрерывно 0,623249 0,000204
беспрерывный 0,787106 0,000258
бессмысленность 2,167317 0,000711
библиотека 1,866287 0,001837
битва 1,690196 0,000555
благоговение 1,125925 0,000739
благородный 0,374926 0,000246
бледно 1,125925 0,000369
бледный 0,443041 0,000145
блестящий 0,963197 0,000316
близкий 0,477121 0,000157
блистать 1,125925 0,000369
бог 0,154480 0,000051
бодрость 1,468347 0,000482
боксёр 1,565257 0,000514
более 0,000000 0,000000
болезнь 0,434924 0,000143
больший 0,248239 0,000244
большой 0,056728 0,000019
бояться 0,158717 0,000052
браниться 0,936868 0,000307
брат 0,060107 0,000020
бродить 1,125925 0,000369
буде 1,866287 0,000612
будто 0,099131 0,000098
буква 1,167317 0,002298
бурдовский 1,053374 0,000691
бывший 0,389166 0,000128
быстро 0,232819 0,000076
быть 0,000000 0,000000
важно 0,675956 0,000222
важность 0,991226 0,000650
важный 0,341243 0,000112
валяться 1,125925 0,000369
ваш 0,121994 0,000280
ввернуть 0,963197 0,000316
вдохновение 1,053374 0,000346
вдруг 0,005949 0,000002
ведь 0,043466 0,000057
вежливость 1,167317 0,000383
велеть 0,576253 0,000189
великосветский 1,389166 0,000456
вера 0,514105 0,000675
верить 0,180546 0,000118
верный 0,495219 0,000162
весело 0,648803 0,000213
весь 0,002964 0,000011
весьма 0,243038 0,000080
вещь 0,411442 0,000135
взаимный 1,322219 0,000434
взгляд 0,185046 0,000121
взять 0,077412 0,000051
вид 0,150284 0,000247
видение 1,125925 0,000369
видеть 0,027438 0,000009
видимо 0,328468 0,000108
видный 1,088136 0,000357
визгливый 1,565257 0,000514
визит 0,845098 0,000277
владимир 2,167317 0,000711
вместе 0,208276 0,000137
вместо 0,411442 0,000135
внимание 0,504560 0,000166
военный 0,936868 0,000615
возбуждение 1,021189 0,000335
возвещать 1,468347 0,000482
возвратиться 0,824895 0,000271
вознаграждение 0,000000 0,000000
вознегодовать 1,866287 0,000612
войти 0,137934 0,000226
волнение 0,361137 0,000474
вопрос 0,146128 0,000144
вопросительно 1,167317 0,000383
восемнадцать 1,125925 0,000369
восемь 0,735954 0,000483
воскликнуть 0,269690 0,000177
восклицать 0,533849 0,000175
восторг 0,419129 0,000138
вперёд 0,426955 0,000140
впечатление 0,389166 0,000255
впоследствии 0,662167 0,000217
впрочем 0,118099 0,000155
врать 0,845098 0,000277
врезаться 2,167317 0,000711
время 0,018098 0,000048
всегда 0,129891 0,000043
всеобщий 0,912045 0,000898
вскричать 0,253503 0,000166
вслед 0,523865 0,000172
вслух 0,533849 0,000175
встретить 0,459747 0,000151
всякий 0,106619 0,000140
второй 0,217927 0,000214
вход 0,752344 0,000247
входить 0,477121 0,000157
вы 0,232819 0,000076
выбиваться 2,167317 0,000711
выговаривать 0,963197 0,000316
выдать 0,845098 0,000277
выдумать 0,648803 0,000213
выжидать 1,264227 0,000415
вызывающий 1,389166 0,000456
выйти 0,063514 0,000042
вынимать 1,264227 0,000415
выплата 0,000000 0,000000
выражаться 0,752344 0,000494
выражение 0,514105 0,000169
выразиться 0,504560 0,000166
выскочить 0,824895 0,000271
высокий 0,213075 0,000210
выступить 1,264227 0,000415
выхватывать 1,690196 0,000555
выходить 0,258832 0,000170
выходка 0,866287 0,000568
гаврил 1,213075 0,001194
гаврила 0,752344 0,000247
гармонировать 1,690196 0,000555
генерал 0,504560 0,001986
генеральша 0,912045 0,000598
глаз 0,056728 0,000074
глубоко 0,611015 0,000401
глядеть 0,243038 0,000080
гнусный 1,468347 0,000482
говорить 0,011981 0,000067
голова 0,114239 0,000037
голос 0,208276 0,000205
гораздо 0,443041 0,000145
гореть 0,735954 0,000241
город 0,248239 0,000244
горский 1,866287 0,000612
горько 0,690196 0,000226
горячиться 1,053374 0,000346
горячность 1,468347 0,000482
горячо 0,544068 0,000179
господин 0,208276 0,000068
гость 0,434924 0,001142
готовый 0,367977 0,000241
граница 0,662167 0,000217
гроб 0,888564 0,000292
гром 0,912045 0,000299
громкий 1,021189 0,000335
громко 0,504560 0,000166
грустно 0,735954 0,000241
губа 0,411442 0,000135
давать 0,253503 0,000083
давеча 0,232819 0,000076
давно 0,158717 0,000208
давный 1,565257 0,000514
даже 0,005949 0,000031
дальний 1,021189 0,000335
далёкий 0,411442 0,000405
данилов 1,866287 0,000612
дать 0,171682 0,000113
два 0,198834 0,000130
двадцать 0,303994 0,000199
дверь 0,258832 0,000085
девятый 0,991226 0,000325
действительно 0,106619 0,000035
декламировать 1,690196 0,000555
делать 0,194189 0,000064
дело 0,011981 0,000051
деловой 1,213075 0,000398
держать 0,403889 0,000133
доброта 0,991226 0,000325
доверху 2,167317 0,000711
довольный 0,495219 0,000162
доказать 0,565257 0,000185
докторенко 1,565257 0,001027
долго 0,222835 0,000073
долой 1,213075 0,000398
донельзя 1,866287 0,000612
допускать 0,963197 0,000316
допустить 0,635838 0,000209
дорога 0,275223 0,000181
достоевский 0,000000 0,000000
достоинство 0,587534 0,000193
достояние 0,000000 0,000000
доходить 0,769377 0,000252
дочь 0,374926 0,000492
друг 0,180546 0,000415
другой 0,008955 0,000012
дружба 0,805589 0,000264
дружески 0,991226 0,000325
думать 0,060107 0,000059
дура 0,936868 0,000307
дух 0,486076 0,000319
душа 0,158717 0,000052
дыхание 1,389166 0,000456
евгений 0,866287 0,004263
едва 0,554533 0,000182
епанчин 0,690196 0,000226
если 0,011981 0,000031
есть 0,018098 0,000006
жадно 1,053374 0,000346
жалеть 0,805589 0,000264
ждать 0,142011 0,000093
желать 0,232819 0,000229
женщина 0,213075 0,000070
жест 0,787106 0,000258
жечь 1,866287 0,000612
жилетка 1,866287 0,000612
жирный 1,866287 0,000612
жить 0,217927 0,000071
журнальный 1,565257 0,000514
жёлтый 0,991226 0,000976
забыться 1,021189 0,000335
завидеть 0,963197 0,000316
завтра 0,298086 0,000098
заглянуть 0,991226 0,000325
заговорить 0,334808 0,000110
задача 0,866287 0,000284
задирать 1,565257 0,000514
заинтересовать 0,824895 0,000271
заклад 0,824895 0,000271
заключаться 0,635838 0,000209
заключить 0,347773 0,000114
замарать 1,389166 0,000456
замаслить 2,167317 0,000711
заметить 0,056728 0,000074
заметный 1,264227 0,000415
замечать 0,554533 0,000364
замок 0,963197 0,000316
занимать 0,787106 0,000258
запереть 0,735954 0,000241
запинаться 1,690196 0,001109
заранее 0,576253 0,000378
засаленный 1,565257 0,000514
засидеться 2,167317 0,000711
заслышаться 1,866287 0,000612
застегнуть 1,690196 0,000555
затаённый 1,088136 0,000357
захватить 0,587534 0,000193
захотеть 0,316059 0,000207
захотеться 0,704919 0,000231
зацеремониться 2,167317 0,000711
зачем 0,146128 0,000048
заявлять 0,991226 0,000325
здесь 0,095435 0,000063
здороваться 1,389166 0,000456
здоровый 0,769377 0,000252
зеркальный 2,167317 0,000711
злобный 0,635838 0,000417
знак 0,565257 0,000185
знакомство 0,720159 0,000236
знать 0,002964 0,000006
значит 0,243038 0,000080
иван 0,232819 0,000382
иволгин 0,866287 0,000853
идиот 0,426955 0,000560
идти 0,180546 0,000059
известный 0,347773 0,000114
извинить 0,611015 0,000200
изгладиться 2,167317 0,000711
издали 1,053374 0,000691
издание 1,690196 0,000555
изумить 1,565257 0,000514
изумление 0,735954 0,000241
именно 0,066947 0,000044
именовать 1,690196 0,000555
иметь 0,118099 0,000116
иначе 0,367977 0,000121
иногда 0,208276 0,000068
иностранец 1,322219 0,000434
интерес 0,866287 0,000568
интересно 1,213075 0,000398
интересоваться 0,787106 0,000516
ипполит 0,599116 0,000983
ирония 1,389166 0,000456
искать 0,411442 0,000135
искренний 0,576253 0,000189
искренно 0,523865 0,000344
использоваться 0,000000 0,000000
испортить 1,088136 0,000357
истинный 0,611015 0,000401
история 0,495219 0,000162
источник 1,565257 0,000514
исчезнуть 0,623249 0,000204
каждый 0,137934 0,000181
казаться 0,063514 0,000063
какой 0,005949 0,000027
качество 0,735954 0,000241
кашлять 1,389166 0,000456
келлер 0,963197 0,000316
кивнуть 0,912045 0,000299
клеветать 1,167317 0,000383
книга 0,106619 0,000140
книжка 1,167317 0,001149
князь 0,443041 0,004942
когда 0,015029 0,000010
колесо 1,565257 0,001027
коли 0,269690 0,000088
коля 0,565257 0,000927
комар 0,000000 0,000000
комната 0,150284 0,000099
компания 0,611015 0,000200
конец 0,213075 0,000070
конечно 0,060107 0,000059
кончиться 0,495219 0,000325
косвенно 1,322219 0,000434
косноязычный 1,866287 0,000612
костюм 1,264227 0,000415
котора 0,805589 0,000529
который 0,002964 0,000009
крайний 0,292256 0,000192
красноречие 1,213075 0,000398
красный 0,611015 0,000601
кресло 0,599116 0,000393
кривляться 1,322219 0,000868
критический 1,866287 0,000612
кричать 0,303994 0,000100
кровь 0,389166 0,000255
кроме 0,158717 0,000052
кругом 0,419129 0,000138
кто 0,114239 0,000037
куда 0,248239 0,000081
купить 0,752344 0,000247
кураж 1,690196 0,000555
лавка 0,787106 0,000258
лебедев 0,690196 0,001812
левый 0,704919 0,000231
легкомысленный 0,845098 0,000277
либо 0,000000 0,000000
лизавета 0,623249 0,001840
литература 1,468347 0,000963
литературный 1,264227 0,000415
лицо 0,000000 0,000000
личный 0,662167 0,000217
ломать 0,963197 0,000316
лоск 1,565257 0,000514
любезно 1,088136 0,000357
любовь 0,334808 0,000110
любой 0,000000 0,000000
любопытно 0,845098 0,000555
любопытство 0,361137 0,000237
лёгкий 0,599116 0,000197
малый 0,334808 0,000220
махать 0,963197 0,000316
махнуть 0,888564 0,000292
между 0,129891 0,000256
мелочь 1,053374 0,000346
мера 0,217927 0,000143
мерещиться 0,866287 0,000284
мерка 1,565257 0,000514
место 0,099131 0,000033
месяц 0,264227 0,000173
мечта 0,735954 0,000241
милость 0,845098 0,000277
минута 0,050046 0,000066
мнение 0,374926 0,000123
мнительность 1,053374 0,000346
многие 0,468347 0,000154
много 0,080958 0,000080
можно 0,088136 0,000231
молвить 1,322219 0,000434
молоденький 1,213075 0,000796
молодой 0,222835 0,000292
молчаливый 0,720159 0,000236
молчать 0,248239 0,000163
момент 0,000000 0,000000
мочь 0,000000 0,000000
мусульманин 2,167317 0,000711
мучительный 0,623249 0,000204
мучиться 0,623249 0,000204
мчаться 1,866287 0,000612
мысль 0,114239 0,000075
наблюдать 0,587534 0,000193
наверно 0,264227 0,000173
навязать 1,565257 0,000514
надеяться 0,434924 0,000143
надо 0,036984 0,000024
надобность 1,213075 0,000796
надуть 1,021189 0,000335
назад 0,000000 0,000000
название 1,088136 0,000714
наивность 1,125925 0,000369
наивный 1,125925 0,000369
найти 0,298086 0,000196
наконец 0,073896 0,000048
намекать 0,866287 0,000284
намерение 0,514105 0,000169
намерить 0,805589 0,000264
намёк 0,845098 0,000277
напечатать 1,167317 0,000383
напирания 2,167317 0,000711
написать 0,000000 0,000000
напрасно 0,805589 0,000264
например 0,298086 0,000293
напротив 0,180546 0,000178
напыщенность 2,167317 0,000711
народ 0,514105 0,000337
насмешка 0,599116 0,000786
насмешливо 0,787106 0,000258
насмешливый 0,704919 0,000231
насчёт 0,354404 0,000116
наука 0,787106 0,000258
нахальный 1,389166 0,000456
нахмуриться 0,769377 0,000505
начало 0,243038 0,000080
начать 0,066947 0,000022
начертать 1,468347 0,000482
наш 0,118099 0,000039
небо 0,635838 0,000209
небось 0,912045 0,000299
невинно 1,468347 0,000482
невинный 0,576253 0,000189
негодование 0,403889 0,000133
неделя 0,374926 0,000123
недоумение 0,554533 0,000546
незапамятный 2,167317 0,000711
нездоровый 1,053374 0,000346
неизвестный 0,936868 0,000307
неизменный 1,389166 0,000456
некоторый 0,154480 0,000051
неловкий 1,322219 0,000434
нельзя 0,176091 0,000173
немытый 2,167317 0,000711
необходимость 1,053374 0,000346
необыкновенно 0,805589 0,000529
неожиданно 0,523865 0,000172
непостижный 2,167317 0,000711
непременно 0,133894 0,000088
неприлично 0,824895 0,000541
неприятный 0,936868 0,000307
неразрешимый 1,322219 0,000434
неряшливый 2,167317 0,000711
несерьёзно 1,565257 0,000514
несколько 0,095435 0,000188
несовершеннолетний 1,866287 0,000612
нетерпеливо 0,936868 0,000307
нетерпение 0,554533 0,000182
нечто 0,389166 0,000128
нибыть 0,030597 0,000110
нигилизм 1,690196 0,000555
нигилист 1,690196 0,002218
низкий 0,611015 0,000200
никак 0,396465 0,000130
никакой 0,213075 0,000070
николаевич 0,704919 0,000694
николай 0,752344 0,000494
ничего 0,030597 0,000010
новый 0,167317 0,000439
нравиться 0,611015 0,000200
нравственный 0,690196 0,000226
обиженный 0,752344 0,000247
облокотиться 1,125925 0,000369
обозрение 2,167317 0,000711
обратиться 0,316059 0,000415
обращаться 0,451314 0,000148
общественный 0,000000 0,000000
общий 0,514105 0,000169
объехать 2,167317 0,000711
оглядеть 0,787106 0,000258
оглядывать 0,991226 0,000650
оглянуться 1,213075 0,000398
огорчить 1,389166 0,000456
одетый 0,648803 0,000213
один 0,000000 0,000000
однако 0,102859 0,000067
одобрять 1,213075 0,000398
ожидание 0,662167 0,000217
ожидать 0,264227 0,000087
оказаться 0,275223 0,000181
окончить 1,088136 0,000357
он 0,000000 0,000000
они 0,275223 0,000181
опоздать 0,866287 0,000284
оправдать 0,963197 0,000632
опубликовать 0,000000 0,000000
опуститься 0,888564 0,000292
опять 0,027438 0,000018
ослышка 2,167317 0,000711
особенно 0,129891 0,000170
особенный 0,389166 0,000638
оставаться 0,280827 0,000092
оставлять 0,533849 0,000175
остальной 0,367977 0,000604
останавливаться 0,866287 0,000284
остановить 0,565257 0,000371
остановиться 0,269690 0,000088
остаться 0,133894 0,000044
остроумие 1,213075 0,000398
ответ 0,322219 0,000106
ответить 0,121994 0,000080
отворотиться 1,866287 0,000612
отворять 1,167317 0,000383
отец 0,091770 0,000030
отношение 0,623249 0,000204
отозваться 0,936868 0,000307
отрекомендоваться 1,322219 0,000868
отретироваться 1,322219 0,000434
отрицатель 2,167317 0,000711
отставка 1,125925 0,000739
отставной 0,845098 0,000555
отчасти 0,611015 0,000601
отчётливо 1,690196 0,000555
оформление 0,000000 0,000000
очень 0,024303 0,000080
ошибаться 0,824895 0,000271
ошибка 0,805589 0,000264
павлищев 1,213075 0,002786
павлович 0,286504 0,001316
павлыкать 1,389166 0,000456
паладин 2,167317 0,000711
палестина 2,167317 0,000711
папаша 0,912045 0,000598
партикулярный 2,167317 0,000711
первоначальный 1,167317 0,000383
первый 0,018098 0,000036
перебивать 1,322219 0,000434
перебить 0,486076 0,000159
перегонять 2,167317 0,000711
передать 0,381987 0,000125
передача 1,690196 0,000555
перейти 0,000000 0,000000
перекричать 1,565257 0,000514
переложить 1,322219 0,000434
перемена 0,824895 0,000271
переменить 0,845098 0,000277
перемениться 1,167317 0,000383
переплести 1,866287 0,000612
перетерпеть 2,167317 0,000711
персона 1,866287 0,000612
петербург 0,434924 0,000285
печальный 1,264227 0,000415
платье 0,635838 0,000626
племянник 1,125925 0,001478
плечо 0,403889 0,000265
побежать 0,468347 0,000154
побиться 1,264227 0,000415
повелительный 1,690196 0,000555
поверить 0,347773 0,000114
поглядеть 0,396465 0,000390
поговорить 0,805589 0,000264
подавать 0,866287 0,000284
подарок 1,053374 0,000691
подать 0,451314 0,000296
подборка 0,000000 0,000000
подвернуться 1,389166 0,000456
подвести 0,963197 0,000316
поддержка 1,389166 0,000456
поди 1,125925 0,000369
подивиться 0,991226 0,000325
подмена 2,167317 0,000711
поднести 1,264227 0,000415
подносить 1,690196 0,000555
подняться 0,443041 0,000145
подтвердить 0,544068 0,000179
подумать 0,185046 0,000304
подхватить 0,403889 0,000133
подходить 0,587534 0,000386
подымать 0,912045 0,000299
поезд 1,167317 0,000766
пожаловать 0,704919 0,000231
пожалуй 0,237898 0,000078
пожалуйста 0,662167 0,000217
пожать 0,912045 0,000299
позвать 0,704919 0,000231
позволить 0,264227 0,000173
поздно 0,735954 0,001207
показать 0,292256 0,000192
показаться 0,334808 0,000220
показывать 0,514105 0,000169
поклон 0,787106 0,000258
полный 0,253503 0,000250
положение 0,459747 0,000302
положить 0,403889 0,000133
поместье 1,322219 0,000434
помочь 0,587534 0,000193
понаслышке 1,468347 0,000482
понимать 0,095435 0,000094
понравиться 0,533849 0,000175
понять 0,106619 0,000210
поправить 0,991226 0,000325
пора 0,690196 0,000226
поражать 0,888564 0,000292
порог 0,888564 0,000292
поручик 1,088136 0,000714
поручить 0,991226 0,000325
посетитель 0,991226 0,001301
послать 0,309985 0,000203
последний 0,066947 0,000066
последствие 1,053374 0,000346
посмертно 0,000000 0,000000
посметь 0,936868 0,000307
постоянно 0,824895 0,000541
посылать 0,787106 0,000516
потерять 0,611015 0,000200
потолковать 2,167317 0,000711
потом 0,084532 0,000111
потому 0,024303 0,000008
потребность 0,805589 0,000264
поцелуй 0,888564 0,000292
почти 0,024303 0,000032
почтительность 1,167317 0,000766
поэтический 1,866287 0,000612
право 0,176091 0,000116
превосходительство 1,053374 0,000691
превосходно 1,125925 0,000369
преграда 1,866287 0,000612
пред 0,030597 0,000030
преднамеренный 1,690196 0,000555
предположить 0,824895 0,000271
предрассудок 1,053374 0,000346
представлять 0,845098 0,000277
прежде 0,077412 0,000051
прекрасно 0,735954 0,000483
прекрасный 0,495219 0,000487
прелесть 1,264227 0,000415
преначитанный 1,866287 0,000612
прерывать 0,912045 0,000299
претензия 1,213075 0,000398
прибавить 0,162996 0,000214
привести 0,576253 0,000189
привстать 1,021189 0,000335
пригодиться 1,088136 0,000357
приготовиться 0,936868 0,000307
придумать 0,991226 0,000325
прижизненный 0,000000 0,000000
прийти 0,095435 0,000031
прийтись 0,565257 0,000185
прикрыть 1,565257 0,000514
приличный 0,866287 0,000284
принять 0,180546 0,000059
припадок 0,544068 0,000179
припоминать 0,648803 0,000426
прислать 0,403889 0,000133
прислушиваться 1,088136 0,000357
пристально 0,389166 0,000255
присылать 1,167317 0,000383
причина 0,396465 0,000130
пробормотать 0,316059 0,000104
пробыть 0,845098 0,000277
провизжать 1,866287 0,000612
провозгласить 0,824895 0,000271
проговаривать 2,167317 0,000711
проговорить 0,110412 0,000036
программирование 0,000000 0,000000
продавать 1,264227 0,000415
продать 0,824895 0,000271
продолжать 0,125925 0,000124
продолжаться 0,704919 0,000231
прожужжать 2,167317 0,000711
произведение 0,000000 0,000000
производить 0,936868 0,000307
произнести 0,280827 0,000276
произносить 1,213075 0,000398
произойти 0,258832 0,000085
происхождение 1,322219 0,000434
пройти 0,000000 0,000000
прокофиевич 0,704919 0,002081
променять 1,322219 0,000434
проникновение 1,322219 0,000434
проситель 1,866287 0,000612
проскользнуть 1,389166 0,000456
простой 0,576253 0,000189
простота 1,167317 0,000766
протестовать 1,565257 0,000514
прочесть 0,443041 0,000581
прочить 0,648803 0,000213
прямо 0,118099 0,000077
прямой 0,675956 0,000444
птицын 0,769377 0,000505
публикация 0,000000 0,000000
пустить 0,735954 0,000483
пустынь 1,690196 0,000555
путём 1,565257 0,000514
пушкин 1,167317 0,003064
пятнадцать 0,752344 0,000247
пятно 1,213075 0,000398
пятый 0,787106 0,000258
пять 0,222835 0,000073
равенство 1,322219 0,000434
рада 0,735954 0,000241
радомский 1,690196 0,002218
раз 0,309985 0,000203
разговор 0,264227 0,000347
разгорячить 1,322219 0,000434
раздражить 0,720159 0,000236
разобрать 0,888564 0,000583
разрешение 0,000000 0,000000
распадение 2,167317 0,000711
рассадить 1,866287 0,000612
расселиться 1,866287 0,000612
расспрашивать 0,824895 0,000271
растерять 1,866287 0,000612
растрепать 1,565257 0,000514
расчёт 0,611015 0,000200
резкий 1,088136 0,000357
рекомендоваться 1,690196 0,000555
рельефный 2,167317 0,000711
репутация 1,053374 0,000346
рефлексия 2,167317 0,000711
речь 0,486076 0,000159
решиться 0,341243 0,000112
решётка 1,389166 0,000456
рогожинский 1,322219 0,000434
родственник 0,805589 0,000264
роза 1,468347 0,000482
роль 1,053374 0,000346
россия 0,514105 0,000169
рост 0,675956 0,000222
рука 0,030597 0,000070
рукав 1,088136 0,000357
русский 0,411442 0,000270
рыцарь 1,053374 0,001728
рьяный 2,167317 0,000711
сайт 0,000000 0,000000
сам 0,002964 0,000004
самый 0,018098 0,000018
сбивать 1,264227 0,000415
сведущий 2,167317 0,000711
сверкать 0,611015 0,000200
свет 0,176091 0,000173
светский 0,720159 0,000236
свидетель 0,459747 0,000302
свидетельство 0,991226 0,000325
свободно 0,000000 0,000000
свой 0,000000 0,000000
святой 0,468347 0,000154
сгореть 1,322219 0,000434
сделаться 0,735954 0,000483
себя 0,000000 0,000000
сегодня 0,194189 0,000191
сейчас 0,070407 0,000115
семейный 0,769377 0,000252
семнадцать 1,264227 0,000415
семьдесят 0,000000 0,000000
сердце 0,095435 0,000063
серьезность 1,866287 0,000612
серьёзность 1,389166 0,000912
серьёзный 0,565257 0,000185
сесть 0,824895 0,000271
сидя 0,845098 0,000277
сильно 0,292256 0,000096
сильный 0,269690 0,000265
сиятельный 1,389166 0,000456
сказать 0,011981 0,000016
скала 1,468347 0,000482
скатать 2,167317 0,000711
скелет 1,565257 0,000514
сколько 0,280827 0,000092
сконфузить 1,125925 0,000369
сконфузиться 0,824895 0,000541
скорее 0,514105 0,000169
скоро 0,298086 0,000098
скорый 0,237898 0,000078
скромно 1,053374 0,000346
сладостный 1,565257 0,000514
след 0,991226 0,000325
следовать 0,544068 0,000179
слишком 0,133894 0,000220
слово 0,027438 0,000045
случай 0,146128 0,000240
слушатель 0,963197 0,000316
слушать 0,203530 0,000200
слушаться 1,167317 0,000383
слышать 0,125925 0,000289
смелость 1,213075 0,000398
смелый 1,167317 0,000383
смешной 0,565257 0,000185
смеяться 0,171682 0,000113
смолчать 1,565257 0,000514
смотреть 0,077412 0,000102
смущение 0,752344 0,000494
смысл 0,523865 0,000516
снести 0,845098 0,000555
снова 0,565257 0,000185
собрание 1,088136 0,000357
собственно 0,565257 0,000185
собственный 0,264227 0,000260
совершенно 0,180546 0,000178
совершенный 0,451314 0,000148
совестно 1,167317 0,000383
советовать 1,125925 0,000739
совсем 0,021189 0,000042
согласие 0,000000 0,000000
соединить 1,264227 0,000415
сомневаться 0,752344 0,000494
сопровождать 0,888564 0,001166
сопровождаться 2,167317 0,000711
сочинение 1,468347 0,000482
спасибо 0,866287 0,000284
спинка 1,565257 0,000514
спокойно 0,648803 0,000213
спорить 0,752344 0,000247
спрашивать 0,232819 0,000153
спросить 0,114239 0,000112
сравнить 1,565257 0,000514
срам 1,053374 0,000691
средина 1,167317 0,000383
стальной 1,468347 0,000482
стараться 0,648803 0,000426
статейка 1,565257 0,000514
стать 0,002964 0,000002
степень 0,367977 0,000121
стих 0,735954 0,001449
стоить 0,189594 0,000249
столько 0,443041 0,000145
сторона 0,110412 0,000072
стоять 0,150284 0,000099
странно 0,354404 0,000116
странный 0,227798 0,000149
строго 0,576253 0,000189
стройный 1,866287 0,000612
стул 0,434924 0,000428
ступать 0,587534 0,000193
стыдить 1,565257 0,000514
сударыня 1,213075 0,000398
судорога 0,991226 0,000325
сумрачный 1,565257 0,000514
супруг 0,523865 0,000172
сцена 0,554533 0,000182
считать 0,275223 0,000090
считаться 1,088136 0,000357
сын 0,434924 0,000143
сюда 0,232819 0,000153
сюртук 0,912045 0,000299
также 0,000000 0,000000
таки 0,066947 0,000066
такой 0,002964 0,000018
твердить 1,389166 0,000456
твой 0,258832 0,000085
текст 0,000000 0,000000
теперь 0,015029 0,000039
терентьев 1,213075 0,000398
терраса 0,912045 0,000598
терять 0,720159 0,000236
тоже 0,043466 0,000043
только 0,002964 0,000024
том 1,565257 0,001027
торжественно 0,888564 0,000583
торжество 0,912045 0,000299
торопиться 0,662167 0,000434
тот 0,002964 0,000005
тотчас 0,046743 0,000061
точно 0,121994 0,000080
три 0,303994 0,000100
тридцать 0,599116 0,000197
трястись 1,125925 0,000369
тупой 1,468347 0,000482
ты 0,133894 0,000220
тысяча 0,217927 0,000071
тяжёлый 0,662167 0,000217
уважение 0,648803 0,000213
уверять 0,411442 0,000135
увести 1,021189 0,000335
увлечь 1,167317 0,000383
угадать 0,599116 0,000197
угадываться 2,167317 0,000711
уговаривать 0,963197 0,000316
уговор 1,565257 0,000514
угреватый 1,690196 0,000555
угроза 1,125925 0,000369
удивить 0,769377 0,000252
удивиться 0,523865 0,000516
удивление 0,292256 0,000192
удобный 1,053374 0,000346
удовольствие 0,486076 0,000159
ужасно 0,167317 0,000055
ужасный 0,322219 0,000106
узнать 0,106619 0,000175
уйти 0,248239 0,000081
укокошить 1,690196 0,000555
улыбаться 0,544068 0,000179
улыбка 0,374926 0,000246
улыбнуться 0,426955 0,000140
умереть 0,269690 0,000177
умерший 0,000000 0,000000
умный 0,403889 0,000265
упоение 1,125925 0,000739
упорно 0,866287 0,000284
уронить 1,565257 0,000514
усиленный 1,213075 0,000398
усмехаться 0,805589 0,000264
усмешка 0,752344 0,000247
успеть 0,203530 0,000134
устать 1,021189 0,000335
утолить 1,322219 0,000434
учёный 0,752344 0,000247
уязвить 1,389166 0,000456
фамильный 1,468347 0,000482
формат 1,468347 0,000482
фраза 0,805589 0,000264
фуражка 1,167317 0,000383
фёдор 0,434924 0,000428
фёдорович 0,150284 0,000247
хвалиться 1,264227 0,000415
хватиться 1,565257 0,000514
хорошенько 1,264227 0,000415
хороший 0,077412 0,000076
хорошо 0,189594 0,000124
хотеть 0,033778 0,000078
хотеться 0,292256 0,000192
хоть 0,060107 0,000079
хотя 0,050046 0,000049
хрип 1,866287 0,000612
худощавый 1,565257 0,000514
целковый 1,167317 0,000383
целый 0,217927 0,000071
цена 1,021189 0,000670
церемония 0,991226 0,000325
час 0,185046 0,000182
часть 0,002964 0,000003
часы 0,787106 0,000258
чахотка 1,167317 0,000383
чей 0,000000 0,000000
человек 0,011981 0,000031
четыре 0,361137 0,000355
числиться 1,690196 0,000555
число 0,704919 0,000694
чистый 0,434924 0,000143
читаемый 2,167317 0,000711
читатель 0,888564 0,000292
читать 0,403889 0,000398
читаться 1,690196 0,000555
чрез 0,275223 0,000090
чрезвычайно 0,217927 0,000071
чрезвычайный 0,258832 0,000170
чтение 1,125925 0,002216
что 0,030597 0,000030
чтоб 0,073896 0,000024
чтобы 0,030597 0,000050
чувство 0,158717 0,000156
чувствовать 0,264227 0,000087
чувствоваться 1,389166 0,000456
чудовищный 1,565257 0,000514
чуть 0,176091 0,000173
чёрный 0,504560 0,000331
чётки 1,866287 0,000612
шагнуть 0,912045 0,000299
шарабан 2,167317 0,001422
шарф 1,468347 0,000963
шляпа 0,769377 0,000252
штатский 2,167317 0,002133
шуметь 1,389166 0,000456
шутка 0,675956 0,000444
шутливый 1,866287 0,000612
шёлковый 1,053374 0,000346
шёпотом 0,675956 0,000222
щадить 1,053374 0,000346
щека 0,623249 0,000204
щит 1,866287 0,000612
экий 1,021189 0,000335
это 0,002964 0,000005
этот 0,002964 0,000007
юность 0,963197 0,000316
я 0,024303 0,000016
явно 1,088136 0,000714
явный 1,167317 0,000383
ясно 0,354404 0,000349
