автор 0,000000 0,000000
авторский 0,000000 0,000000
аглая 0,662167 0,001341
аделаида 0,720159 0,000437
адрес 1,053374 0,000853
александр 1,213075 0,000491
александрович 0,504560 0,000715
алексей 0,000000 0,000000
альтернатива 2,167317 0,000439
английский 1,125925 0,000228
анекдот 0,752344 0,000152
ардалионович 0,675956 0,000684
батюшка 0,635838 0,000257
бегать 0,912045 0,000185
беда 0,662167 0,000268
бедный 0,328468 0,000067
без 0,599116 0,000243
безотлучный 1,690196 0,000342
беспокоить 0,735954 0,000149
беспокоиться 0,514105 0,000104
беспокойство 0,514105 0,000312
беспорядок 0,787106 0,000319
беспрерывно 0,623249 0,000126
бесчестный 0,888564 0,000180
библиотека 1,866287 0,001134
благодарить 0,635838 0,000129
благодарный 0,752344 0,000152
благодушие 2,167317 0,000439
благодушный 1,565257 0,001268
благородно 1,167317 0,000473
благородный 0,374926 0,000380
блюдо 1,866287 0,000756
бог 0,154480 0,000156
боков 1,264227 0,000256
боковой 1,053374 0,000213
более 0,000000 0,000000
больной 0,258832 0,000262
больший 0,248239 0,000101
большой 0,056728 0,000034
бояться 0,158717 0,000129
бравировать 2,167317 0,000439
брак 0,735954 0,000149
броситься 0,258832 0,000105
будить 1,088136 0,000661
будто 0,099131 0,000060
будущий 0,824895 0,000167
бумажник 1,690196 0,001369
бумажный 1,565257 0,000317
бурдовский 1,053374 0,001066
бывать 0,280827 0,000114
бывший 0,389166 0,000079
быть 0,000000 0,000000
важно 0,675956 0,000547
важность 0,991226 0,000401
важный 0,341243 0,000138
ваш 0,121994 0,000124
вдохновение 1,053374 0,000853
вдруг 0,005949 0,000012
ведь 0,043466 0,000132
везде 0,866287 0,000175
великий 0,341243 0,000069
вера 0,514105 0,000729
верить 0,180546 0,000073
вероятно 0,623249 0,000252
весь 0,002964 0,000009
весьма 0,243038 0,000098
вечер 0,322219 0,000130
вечером 0,533849 0,000432
вещь 0,411442 0,000167
взад 1,389166 0,000563
взглядывать 1,322219 0,000268
вздор 0,565257 0,000229
вздохнуть 0,866287 0,000351
вздумать 0,720159 0,000146
взять 0,077412 0,000047
вид 0,150284 0,000152
видать 0,419129 0,000085
видеть 0,027438 0,000044
визит 0,845098 0,000171
вилкина 2,167317 0,004388
вино 0,752344 0,000152
вицмундир 2,167317 0,001316
вместе 0,208276 0,000211
внушать 1,264227 0,000256
вовсе 0,150284 0,000030
возбудить 0,787106 0,000159
возвестить 0,936868 0,000379
возвещать 1,468347 0,000297
возвращение 1,053374 0,000213
воздержание 1,690196 0,000342
воздерживаться 2,167317 0,000439
возможно 0,735954 0,000298
вознаграждение 0,000000 0,000000
возрастать 1,167317 0,000236
войти 0,137934 0,000195
волнение 0,361137 0,000073
вольтер 1,866287 0,000378
вообще 0,459747 0,000093
вопрос 0,146128 0,000178
вопросительно 1,167317 0,000236
воровской 2,167317 0,000439
воротиться 0,303994 0,000246
восемь 0,735954 0,000447
воскликнуть 0,269690 0,000055
восторженно 0,936868 0,000190
восхитить 1,565257 0,000317
восхоскать 2,167317 0,000439
восьмой 0,888564 0,000360
вперёд 0,426955 0,000173
вполголоса 0,888564 0,000360
вполне 0,316059 0,000192
впрочем 0,118099 0,000096
время 0,018098 0,000011
всегда 0,129891 0,000053
всеять 0,888564 0,000180
вскинуться 0,866287 0,000175
вскочить 0,451314 0,000274
вскричать 0,253503 0,000154
вслед 0,523865 0,000212
вследствие 0,888564 0,000540
всплеснуть 0,787106 0,000159
вспыхнуть 0,805589 0,000163
вставать 0,576253 0,000467
встать 0,269690 0,000109
встревожиться 1,690196 0,000342
встретить 0,459747 0,000186
встретиться 0,704919 0,000285
встреча 0,554533 0,000112
встречать 0,735954 0,000149
встречаться 0,769377 0,000156
всякий 0,106619 0,000086
втайне 1,565257 0,000317
второй 0,217927 0,000044
входить 0,477121 0,000386
вчера 0,341243 0,000415
вчерашний 0,599116 0,000607
вы 0,232819 0,000047
выдать 0,845098 0,000171
выдержать 0,587534 0,000119
выйти 0,063514 0,000077
вынуть 0,451314 0,000091
выпилить 1,389166 0,000281
выплата 0,000000 0,000000
выражение 0,514105 0,000208
выразиться 0,504560 0,000102
выронить 1,690196 0,000342
высокий 0,213075 0,000129
вытащить 0,991226 0,000201
вытрусить 2,167317 0,000878
выходить 0,258832 0,000052
газета 0,866287 0,000175
гант 2,167317 0,000439
гвоздь 1,565257 0,000317
генерал 0,504560 0,001328
генрало 2,167317 0,000439
гигантский 2,167317 0,000878
главное 0,185046 0,000225
главный 0,426955 0,000086
глаз 0,056728 0,000034
глубина 0,866287 0,000175
глупо 0,845098 0,000342
глупый 0,419129 0,000170
глухой 1,213075 0,000246
гнев 0,544068 0,000110
говорить 0,011981 0,000065
голова 0,114239 0,000139
голос 0,208276 0,000042
голубчик 0,565257 0,000114
голый 1,167317 0,000236
гордиться 1,021189 0,000207
гордо 1,053374 0,000213
гореть 0,735954 0,000149
горничная 1,088136 0,000220
горячий 0,523865 0,000212
господин 0,208276 0,000717
гость 0,434924 0,000176
готовый 0,367977 0,000298
граф 1,468347 0,000595
грозный 1,125925 0,000228
грудь 0,443041 0,000179
грустно 0,735954 0,000149
гулять 0,963197 0,000195
давать 0,253503 0,000205
давеча 0,232819 0,000189
даже 0,005949 0,000052
далее 0,648803 0,000131
далёкий 0,411442 0,000167
данный 1,322219 0,000268
дать 0,171682 0,000139
дача 0,888564 0,000180
два 0,198834 0,000040
дверь 0,258832 0,000105
девица 0,648803 0,000394
девять 0,888564 0,000360
дежурить 1,468347 0,000297
дежурство 1,866287 0,000378
действительно 0,106619 0,000086
действовать 0,936868 0,000379
делать 0,194189 0,000197
деликатность 1,264227 0,000512
дело 0,011981 0,000039
день 0,118099 0,000072
деньга 0,185046 0,000487
держать 0,403889 0,000164
дерзить 1,565257 0,000317
дескать 0,419129 0,000339
десять 0,298086 0,000121
дичь 1,565257 0,000634
добиться 1,053374 0,000213
добродетель 0,912045 0,000185
доверие 1,468347 0,000297
довести 0,720159 0,000146
довольно 0,129891 0,000079
дойти 0,389166 0,000158
докончить 0,888564 0,000180
долго 0,222835 0,000045
должник 2,167317 0,000439
должный 0,099131 0,000040
дом 0,154480 0,000125
доночевывать 2,167317 0,001316
допрашивать 0,991226 0,000401
допустить 0,635838 0,000129
дорога 0,275223 0,000111
досада 0,675956 0,000137
досадный 1,167317 0,000236
достоевский 0,000000 0,000000
достоинство 0,587534 0,000476
достояние 0,000000 0,000000
дотолкаться 2,167317 0,000439
дочь 0,374926 0,000152
древнерыцарский 2,167317 0,000439
дрожать 0,426955 0,000086
друг 0,180546 0,000110
другой 0,008955 0,000022
думать 0,060107 0,000012
дурной 0,611015 0,000124
дух 0,486076 0,000197
душа 0,158717 0,000096
дырявый 1,690196 0,000342
евгений 0,866287 0,000175
едва 0,554533 0,000225
единственно 0,477121 0,000483
единственный 0,648803 0,000131
если 0,011981 0,000029
естественно 0,888564 0,000180
есть 0,018098 0,000048
жаль 0,635838 0,000129
желать 0,232819 0,000283
железный 0,752344 0,000152
живость 1,690196 0,000342
жизнь 0,084532 0,000051
жить 0,217927 0,000088
жёстко 1,866287 0,000378
заботливость 1,690196 0,000342
забыть 0,125925 0,000076
заговорить 0,334808 0,000068
задний 1,021189 0,000207
задумчивость 0,912045 0,000185
задумываться 0,963197 0,000195
зайти 0,554533 0,000449
заключить 0,347773 0,000211
закраснеться 1,690196 0,000342
закрыть 0,576253 0,000117
зал 0,936868 0,000190
заложить 0,888564 0,000360
заметить 0,056728 0,000069
замок 0,963197 0,000195
заночевать 1,468347 0,000595
записка 0,824895 0,000334
заплакать 0,599116 0,000121
заподозрить 1,088136 0,000441
запутываться 1,866287 0,000378
заслать 1,322219 0,000268
заслуживать 1,565257 0,000317
засмеяться 0,347773 0,000211
заснуть 0,769377 0,000156
застать 0,648803 0,000525
затем 0,237898 0,000145
затревожиться 1,468347 0,000297
затрястись 0,963197 0,000195
захныкать 2,167317 0,000439
заходить 0,611015 0,000247
зачем 0,146128 0,000237
здесь 0,095435 0,000097
здравствуйте 1,468347 0,000297
зелёный 0,805589 0,000326
знак 0,565257 0,000114
знакомый 0,486076 0,000098
знать 0,002964 0,000010
значит 0,243038 0,000148
значительный 0,866287 0,000175
золотой 0,805589 0,000163
иванович 0,269690 0,000218
идиот 0,426955 0,000346
идти 0,180546 0,000256
известие 0,554533 0,000225
известный 0,347773 0,000070
извиваться 1,565257 0,000317
извинить 0,611015 0,000124
изволить 0,477121 0,000097
изготовлять 2,167317 0,000439
излить 1,389166 0,000563
излишний 1,264227 0,000256
изловить 1,690196 0,000342
измениться 0,735954 0,000149
именно 0,066947 0,000068
иметь 0,118099 0,000239
имя 0,752344 0,000152
иногда 0,208276 0,000042
иной 0,208276 0,000042
интересоваться 0,787106 0,000159
ипполит 0,599116 0,000121
искать 0,411442 0,000083
исключать 1,690196 0,000342
искренний 0,576253 0,000350
искренность 0,991226 0,000201
исповедь 0,845098 0,000171
исполнить 0,648803 0,000131
использоваться 0,000000 0,000000
исправление 1,565257 0,000634
испугать 0,845098 0,000171
испытать 1,167317 0,000236
истинноуважать 2,167317 0,000439
истинный 0,611015 0,000124
источник 1,565257 0,000317
исчезновение 1,389166 0,000563
итак 0,805589 0,000326
каждый 0,137934 0,000028
казаться 0,063514 0,000013
каковой 0,576253 0,000117
какой 0,005949 0,000017
камин 1,468347 0,000297
капитал 0,912045 0,000185
капитанша 1,389166 0,001406
капитанше 1,690196 0,000342
капсюль 1,866287 0,000378
карман 0,396465 0,000883
касаться 0,599116 0,000243
кашель 1,389166 0,000281
келлер 0,963197 0,001170
кипеть 1,053374 0,000427
кислый 1,690196 0,000342
клетчатый 1,468347 0,000297
клочок 1,322219 0,000268
клясться 0,554533 0,000225
книга 0,106619 0,000043
князь 0,443041 0,007176
коварство 1,866287 0,000378
когда 0,015029 0,000027
кола 0,991226 0,000201
колебаться 1,088136 0,000220
коли 0,269690 0,000055
колокольчик 1,053374 0,000213
коля 0,565257 0,000916
комар 0,000000 0,000000
комедия 1,167317 0,000236
комната 0,150284 0,000213
компания 0,611015 0,000124
конечно 0,060107 0,000085
контрека 2,167317 0,000439
контрекарировать 2,167317 0,000878
костя 1,690196 0,000684
который 0,002964 0,000005
краснеть 0,866287 0,000175
крепко 0,443041 0,000090
кровь 0,389166 0,000158
кроме 0,158717 0,000064
круглый 0,963197 0,000195
кружиться 1,322219 0,000268
крюк 1,565257 0,000317
кстати 0,468347 0,000095
кто 0,114239 0,000208
куда 0,248239 0,000201
кухня 0,888564 0,000180
кушетка 1,468347 0,000892
ласково 0,936868 0,000190
лгать 0,599116 0,000243
лебедев 0,690196 0,005450
лежать 0,243038 0,000098
лекарство 1,322219 0,000268
лечь 0,866287 0,000351
либерал 1,389166 0,000281
либеральный 1,264227 0,000256
либо 0,000000 0,000000
лизавета 0,623249 0,001010
литература 1,468347 0,000297
лихорадка 0,845098 0,000171
лицо 0,000000 0,000000
лично 0,720159 0,000146
лишний 0,787106 0,000159
лишь 0,185046 0,000112
ловко 1,125925 0,000228
ложиться 0,824895 0,000167
ложный 1,322219 0,000268
ложь 0,824895 0,000167
лукавый 2,167317 0,000439
лукьян 1,565257 0,001902
лукьянович 1,389166 0,000281
любимый 0,963197 0,000195
любить 0,066947 0,000014
любовный 1,322219 0,000268
любовь 0,334808 0,000068
любой 0,000000 0,000000
мало 0,208276 0,000084
малосмысленный 2,167317 0,000439
мальчик 0,411442 0,000250
мамаша 0,735954 0,000149
масон 1,690196 0,000342
мать 0,217927 0,000088
место 0,099131 0,000060
местоположение 1,866287 0,000378
мешок 1,389166 0,000281
мимоходом 1,264227 0,000256
минута 0,050046 0,000061
минутка 0,635838 0,000257
многий 0,514105 0,000104
многое 0,443041 0,000090
многоуважаемый 1,264227 0,003584
множество 0,845098 0,000342
могила 1,088136 0,000220
можно 0,088136 0,000036
мой 0,077412 0,000172
молча 0,367977 0,000075
мольба 1,322219 0,000268
момент 0,000000 0,000000
мочь 0,000000 0,000000
мудрёный 1,213075 0,000246
мысль 0,114239 0,000116
наблюдать 0,587534 0,000119
наверно 0,264227 0,000214
наверх 0,888564 0,000180
навострить 1,690196 0,000342
надевать 1,213075 0,000246
надеяться 0,434924 0,000088
надзор 1,322219 0,000268
надлежащий 1,088136 0,000220
надо 0,036984 0,000030
назад 0,000000 0,000000
название 1,088136 0,000220
назидательно 1,565257 0,000317
назойливый 1,690196 0,000342
называться 0,866287 0,000175
наиблагородный 2,167317 0,001316
найти 0,298086 0,000241
найтись 0,845098 0,000171
наказать 1,088136 0,000220
накинуться 1,125925 0,000228
наклонность 1,213075 0,000246
наконец 0,073896 0,000060
накрыть 0,963197 0,000195
намекать 0,866287 0,000175
намеренный 0,769377 0,000156
намерить 0,805589 0,000326
наперёд 1,389166 0,000281
написать 0,000000 0,000000
нарочно 0,227798 0,000323
нарыв 2,167317 0,000439
насилу 1,565257 0,000317
наслать 0,805589 0,000326
насмешить 1,565257 0,000317
насмешка 0,599116 0,000243
настоящий 0,309985 0,000063
насчёт 0,354404 0,000431
натурально 0,991226 0,000201
натянуто 2,167317 0,000439
наука 0,787106 0,000159
нахмуриваться 2,167317 0,000439
нахмуриться 0,769377 0,000156
находить 0,576253 0,000117
начало 0,243038 0,000049
начать 0,066947 0,000014
начинать 0,292256 0,000059
наш 0,118099 0,000024
невинность 0,936868 0,000569
невинный 0,576253 0,000233
невоздержание 1,866287 0,000378
невозможно 0,411442 0,000083
невозможность 1,088136 0,000220
негодование 0,403889 0,000082
недавно 0,576253 0,000117
недоумение 0,554533 0,000112
недра 1,389166 0,000563
неестественно 1,213075 0,000246
нежность 1,213075 0,000491
независимость 1,389166 0,000281
незнакомый 1,125925 0,000456
неизменный 1,389166 0,000281
неимение 2,167317 0,000439
некоторый 0,154480 0,000125
неладно 2,167317 0,000439
нелепый 0,845098 0,000171
нельзя 0,176091 0,000107
немного 0,426955 0,000259
необыкновенный 0,396465 0,000080
непостоянный 1,690196 0,000342
непременно 0,133894 0,000027
неприличный 1,053374 0,000213
неприятно 1,213075 0,000491
нескладно 1,690196 0,000342
несколько 0,095435 0,000039
неслышно 1,866287 0,000378
неспособный 1,866287 0,000378
несчастие 0,690196 0,000559
несчастный 0,374926 0,000152
нетерпеливо 0,936868 0,000379
неточный 2,167317 0,000439
неудовольствие 1,565257 0,000317
неужто 0,599116 0,000243
нецеремонный 2,167317 0,000439
нечего 0,381987 0,000077
нибыть 0,030597 0,000050
ниже 0,912045 0,000185
низкий 0,611015 0,000247
низко 1,322219 0,000268
никак 0,396465 0,000080
никакой 0,213075 0,000129
никогда 0,088136 0,000018
николай 0,752344 0,000762
никто 0,095435 0,000116
никуда 0,936868 0,000190
нина 0,888564 0,001259
ничего 0,030597 0,000025
ничтожный 0,805589 0,000326
новый 0,167317 0,000034
нога 0,213075 0,000086
носовой 2,167317 0,000439
ночевать 0,936868 0,000379
ночь 0,189594 0,000038
ночью 0,587534 0,000476
нравственность 1,468347 0,000297
нужда 1,213075 0,000246
обеспокоить 1,088136 0,000220
обессиленный 2,167317 0,000439
обида 0,720159 0,000146
обидеть 0,720159 0,000146
обижать 1,053374 0,000213
обмануть 0,787106 0,000159
обнять 0,735954 0,000149
обожать 0,888564 0,000180
обозначение 2,167317 0,000439
обокрасть 1,565257 0,000317
обрадоваться 0,611015 0,000124
образ 0,243038 0,000098
обратиться 0,316059 0,000064
обстановка 1,088136 0,000220
общественный 0,000000 0,000000
объяснить 0,374926 0,000076
объятие 0,991226 0,000201
обыкновенно 0,720159 0,000146
обыскать 1,866287 0,000756
обыскивать 1,866287 0,001134
оглобля 1,866287 0,000378
огонь 0,991226 0,000401
одежда 1,053374 0,000213
один 0,000000 0,000000
однако 0,102859 0,000062
одолжение 0,936868 0,000190
одолжить 1,565257 0,000317
ожесточённый 1,468347 0,000297
ожидание 0,662167 0,000134
ожидать 0,264227 0,000107
озаботить 0,888564 0,000360
озабоченно 1,088136 0,000441
означить 2,167317 0,000878
оказаться 0,275223 0,000056
оказываться 0,936868 0,000190
окно 0,381987 0,000077
около 0,443041 0,000269
окончательно 0,565257 0,000229
окрестить 1,468347 0,000297
он 0,000000 0,000000
опасность 1,125925 0,000456
опасный 0,845098 0,000171
оправдаться 1,322219 0,000268
определять 1,389166 0,000281
опубликовать 0,000000 0,000000
опустить 0,752344 0,000152
опуститься 0,888564 0,000180
опять 0,027438 0,000028
осведомиться 0,805589 0,000163
осечься 1,389166 0,000563
осматривать 1,053374 0,000213
осмотреть 1,053374 0,000213
основание 0,787106 0,000319
особа 0,769377 0,000156
особенно 0,129891 0,000131
особенный 0,389166 0,000158
оставаться 0,280827 0,000114
оставить 0,203530 0,000124
оставлять 0,533849 0,000216
остальной 0,367977 0,000075
останавливаться 0,866287 0,000175
остановиться 0,269690 0,000055
остаться 0,133894 0,000054
отвести 0,866287 0,000175
ответить 0,121994 0,000049
отвлекать 1,690196 0,000342
отворить 0,486076 0,000098
отвориться 0,936868 0,000190
отец 0,091770 0,000019
откашляться 2,167317 0,000439
откланяться 1,468347 0,000297
открывать 0,963197 0,000390
открываться 2,167317 0,000439
отнюдь 0,824895 0,000167
отправиться 0,611015 0,000247
отпустить 0,845098 0,000342
отрапортовать 1,468347 0,000297
оттенок 0,991226 0,000201
отыскать 0,769377 0,000156
отыскаться 1,565257 0,000317
отыскивать 1,167317 0,000473
оформление 0,000000 0,000000
очень 0,024303 0,000025
очередь 0,769377 0,000156
очнуться 0,752344 0,000152
ошибиться 0,752344 0,000152
ошибка 0,805589 0,000163
павлович 0,286504 0,000058
пагуба 2,167317 0,000439
пагубный 1,866287 0,000378
папаша 0,912045 0,000185
парк 1,213075 0,000491
парка 1,213075 0,000737
первый 0,018098 0,000022
перебраться 1,866287 0,000378
передавать 0,635838 0,000257
переискать 2,167317 0,000439
перейти 0,000000 0,000000
переложить 1,322219 0,000268
переменить 0,845098 0,000342
переменять 1,322219 0,000803
перенести 0,704919 0,000143
перерыть 2,167317 0,000439
песок 1,322219 0,000268
петербург 0,434924 0,000264
пистолет 0,805589 0,000163
письмо 0,434924 0,000176
пламень 1,866287 0,000378
платок 0,675956 0,000137
плохо 0,912045 0,000185
побледнеть 0,544068 0,000220
побыть 1,565257 0,000317
повадиться 1,322219 0,000268
поверить 0,347773 0,000211
поверьте 0,866287 0,000175
повеселеть 1,565257 0,000317
повод 0,635838 0,000129
поворачиваться 1,565257 0,000317
погибший 1,088136 0,000220
поглядеть 0,396465 0,000161
поговорить 0,805589 0,000163
подборка 0,000000 0,000000
подействовать 1,021189 0,000207
подивиться 0,991226 0,000201
подлец 0,554533 0,000225
подлинно 1,468347 0,000297
подметать 2,167317 0,000439
поднести 1,264227 0,000256
подняться 0,443041 0,000269
подобно 1,167317 0,000236
подобный 0,533849 0,000216
подозревать 0,504560 0,001022
подозрение 0,991226 0,000401
подойти 0,341243 0,000069
подробность 0,477121 0,000097
подумать 0,185046 0,000112
подходить 0,587534 0,000119
поезд 1,167317 0,000236
пожалеть 1,021189 0,000207
пожалуй 0,237898 0,000096
пожар 1,690196 0,000684
пожарный 1,866287 0,000378
пожелать 0,675956 0,000137
позабыть 0,845098 0,000171
позволять 0,866287 0,000175
поздний 0,963197 0,000195
поздно 0,735954 0,000149
поздравить 1,264227 0,000256
пойти 0,080958 0,000033
показывать 0,514105 0,000104
поклониться 0,662167 0,000134
покончить 0,769377 0,000156
покража 1,690196 0,001027
покраснеть 0,504560 0,000204
пол 0,704919 0,000428
полагать 0,720159 0,000292
полнота 0,805589 0,000163
полный 0,253503 0,000103
половина 0,396465 0,000080
положение 0,459747 0,000093
положим 0,720159 0,000146
положить 0,403889 0,000245
полоумный 1,167317 0,000473
полуобернуться 2,167317 0,000439
получить 0,309985 0,000063
помиловать 0,735954 0,000149
помнить 0,167317 0,000034
помочь 0,587534 0,000119
помыслить 1,565257 0,000317
поневоле 1,167317 0,000236
понимать 0,095435 0,000116
понятливость 2,167317 0,000439
понять 0,106619 0,000130
пообедать 1,866287 0,000378
пополудни 1,213075 0,000246
поразить 0,243038 0,000148
поразиться 1,690196 0,000342
поручиться 1,866287 0,000378
порядок 0,704919 0,000143
посадить 0,752344 0,000152
посетитель 0,991226 0,000401
посетить 0,866287 0,000175
посещать 0,845098 0,000171
после 0,084532 0,000137
последний 0,066947 0,000014
послушать 0,662167 0,000268
посмертно 0,000000 0,000000
посмотреть 0,213075 0,000086
посредине 1,690196 0,000684
поссориться 0,936868 0,000190
постель 0,662167 0,000134
постоянно 0,824895 0,000167
потерять 0,611015 0,000124
потирать 1,468347 0,000297
потом 0,084532 0,000034
потому 0,024303 0,000030
похитить 1,213075 0,000246
почему 0,099131 0,000080
почти 0,024303 0,000020
пошептаться 2,167317 0,000439
правда 0,088136 0,000018
практика 1,468347 0,000297
превосходительство 1,053374 0,000853
пред 0,030597 0,000025
предлог 1,125925 0,000228
предмет 0,611015 0,000371
предполагать 0,991226 0,000803
предположение 0,991226 0,000201
предупредить 0,769377 0,000156
прежде 0,077412 0,000016
прекрасно 0,735954 0,000149
прервать 0,623249 0,000252
прерывать 0,912045 0,000185
преступление 0,623249 0,000126
преступник 0,845098 0,000171
претензия 1,213075 0,000246
преувеличивать 1,088136 0,000220
прибавить 0,162996 0,000066
прибирать 1,866287 0,000378
привезти 1,125925 0,000228
привести 0,576253 0,000117
привскочить 1,264227 0,000256
пригласить 0,720159 0,000292
приглашение 1,088136 0,000220
приезд 0,805589 0,000163
прижать 1,322219 0,000268
прижизненный 0,000000 0,000000
прижимать 1,866287 0,000378
признаваться 0,912045 0,000185
признаться 0,443041 0,000449
прийти 0,095435 0,000039
прийтись 0,565257 0,000114
пример 0,936868 0,000190
принимать 0,328468 0,000067
принудить 0,805589 0,000163
принять 0,180546 0,000037
приращение 2,167317 0,000439
пристально 0,389166 0,000079
пристыдить 2,167317 0,000878
притащить 1,322219 0,000268
притом 0,769377 0,000312
приход 0,888564 0,000180
приходиться 0,963197 0,000195
причесть 1,866287 0,000378
причина 0,396465 0,000080
прищуриться 1,468347 0,000297
приятель 0,866287 0,000175
пробудиться 1,389166 0,000281
провалиться 1,264227 0,000256
провидение 1,167317 0,000473
проглянуть 1,565257 0,000317
прогнать 0,704919 0,000143
проговорить 0,110412 0,000112
проговориться 1,125925 0,000228
прогонять 1,690196 0,000342
программирование 0,000000 0,000000
продежурить 1,866287 0,000378
продолжать 0,125925 0,000025
произведение 0,000000 0,000000
произнести 0,280827 0,000227
произойти 0,258832 0,000052
происшествие 1,053374 0,000213
пройти 0,000000 0,000000
прокофиевич 0,704919 0,001142
промеж 1,468347 0,000297
проникнутый 2,167317 0,000439
пропажа 1,866287 0,000756
пропасть 0,769377 0,000156
просидеть 0,704919 0,000143
просить 0,150284 0,000122
прослезиться 2,167317 0,000439
проспать 1,322219 0,000268
простить 0,286504 0,000058
простодушный 0,690196 0,000140
проступок 1,565257 0,000317
простыть 1,690196 0,000342
просьба 0,623249 0,000252
против 0,389166 0,000079
процент 1,167317 0,000236
прочесть 0,443041 0,000090
прощать 0,426955 0,000086
прудон 1,690196 0,000342
прыткий 2,167317 0,000439
прямо 0,118099 0,000048
прямой 0,675956 0,000137
прятать 1,264227 0,000256
публикация 0,000000 0,000000
публиковаться 1,866287 0,000378
пускать 1,021189 0,000414
пустой 0,690196 0,000140
пущий 1,565257 0,000317
пьяница 1,322219 0,000268
пьянство 1,167317 0,000473
пьяный 0,451314 0,000548
пятый 0,787106 0,000159
пять 0,222835 0,000090
пятьсот 0,936868 0,000190
равно 0,303994 0,000123
рада 0,735954 0,000149
ради 0,752344 0,000152
радостно 0,888564 0,000540
раз 0,309985 0,000126
разбудить 1,088136 0,001322
развалины 1,690196 0,000342
разве 0,146128 0,000030
развращать 1,690196 0,000684
разговориться 1,213075 0,000246
разинуть 1,322219 0,000268
разный 0,565257 0,000229
разойтись 0,888564 0,000180
разрешение 0,000000 0,000000
разум 1,389166 0,000281
разумеется 0,328468 0,000333
ранний 0,504560 0,000102
раскланяться 1,468347 0,000297
распахивать 2,167317 0,000439
расположение 1,021189 0,000207
распоряжение 1,088136 0,000220
рассвет 0,963197 0,000195
рассердиться 0,523865 0,000106
рассеянно 0,991226 0,000201
рассказать 0,280827 0,000171
рассмеяться 0,599116 0,000121
рассудить 0,675956 0,000274
рассчитывать 0,675956 0,000137
расхаживать 1,690196 0,000342
рваться 1,053374 0,000213
ребёнок 0,232819 0,000094
решительный 0,611015 0,000124
решить 0,232819 0,000047
решиться 0,341243 0,000138
ровно 0,533849 0,000108
родительский 1,053374 0,000213
родный 0,565257 0,000114
рубль 0,334808 0,000271
рука 0,030597 0,000062
русский 0,411442 0,000167
руссо 2,167317 0,000439
рухлядь 1,866287 0,000378
ручаться 1,322219 0,000268
сад 0,824895 0,000334
садиться 0,486076 0,000197
сайт 0,000000 0,000000
сам 0,002964 0,000004
самый 0,018098 0,000011
сантим 2,167317 0,000439
сапог 0,805589 0,000163
сбить 0,866287 0,000175
сбор 1,565257 0,000317
сведение 0,824895 0,000167
сверх 0,752344 0,000152
свет 0,176091 0,000071
свидание 0,514105 0,000416
свидеться 1,866287 0,000378
свободно 0,000000 0,000000
свой 0,000000 0,000000
сделать 0,102859 0,000104
сдержать 0,752344 0,000152
себя 0,000000 0,000000
сегодня 0,194189 0,000432
седьмой 1,021189 0,000827
сейчас 0,070407 0,000071
секрет 0,690196 0,000140
секретный 1,213075 0,000246
семейный 0,769377 0,000312
семейство 0,451314 0,000091
семь 0,623249 0,000631
семьдесят 0,000000 0,000000
сени 0,824895 0,000167
сентенциозный 1,322219 0,000268
сердито 1,389166 0,000281
сердитый 1,389166 0,000281
сердиться 0,443041 0,000090
сердце 0,095435 0,000174
серебро 1,690196 0,000342
серебряный 1,213075 0,000246
серьёзно 0,419129 0,000170
сестрица 1,167317 0,000236
сидеть 0,125925 0,000051
сила 0,185046 0,000037
сильно 0,292256 0,000059
сильный 0,269690 0,000055
синий 1,125925 0,000228
сиятельный 1,389166 0,000563
сказать 0,011981 0,000078
скай 2,167317 0,000439
скамейка 1,088136 0,000661
склад 1,565257 0,000317
сконфузиться 0,824895 0,000167
скорее 0,514105 0,000104
скорый 0,237898 0,000048
скрепиться 1,565257 0,000317
скучно 1,021189 0,000207
слабость 0,888564 0,000540
слава 0,635838 0,000129
славный 1,167317 0,000473
след 0,991226 0,001606
следить 0,623249 0,000252
слишком 0,133894 0,000081
слово 0,027438 0,000050
сложить 0,845098 0,000342
сложный 1,468347 0,000297
служанка 0,888564 0,001079
случай 0,146128 0,000118
слушать 0,203530 0,000041
слышать 0,125925 0,000025
смежный 2,167317 0,000439
смеяться 0,171682 0,000104
смотреть 0,077412 0,000078
смутиться 0,805589 0,000163
сначала 0,434924 0,000088
снег 1,213075 0,000246
снять 0,704919 0,000285
собрание 1,088136 0,000220
собственно 0,565257 0,000801
собственный 0,264227 0,000374
совершенно 0,180546 0,000110
совершенный 0,451314 0,000183
совершить 0,769377 0,000156
совершиться 0,662167 0,000134
совсем 0,021189 0,000021
согласие 0,000000 0,000000
согласиться 0,396465 0,000241
согласный 0,565257 0,000114
содействовать 2,167317 0,000439
сознаться 0,769377 0,000156
сойтись 0,623249 0,000126
солгать 0,824895 0,000167
сомневаться 0,752344 0,000152
сомнение 0,426955 0,000259
сон 0,866287 0,000175
соображение 0,912045 0,000185
сообщить 0,434924 0,000528
сорвать 0,991226 0,000201
соседство 1,322219 0,000268
состав 1,565257 0,000317
состояние 0,322219 0,000065
сохранить 0,690196 0,000140
сочинение 1,468347 0,000297
спальня 0,936868 0,000190
спасть 0,554533 0,000674
спать 0,495219 0,000602
спокойно 0,648803 0,000131
спокойный 0,576253 0,000233
способный 0,587534 0,000357
способствовать 0,912045 0,000554
справедливость 1,125925 0,000456
спрашивать 0,232819 0,000094
спросить 0,114239 0,000046
спустя 0,533849 0,000108
среди 0,769377 0,000156
стараться 0,648803 0,000263
старинный 0,936868 0,000190
старый 0,374926 0,000076
стать 0,002964 0,000006
стеклянный 1,468347 0,000297
стена 0,533849 0,000108
степень 0,367977 0,000224
стереть 2,167317 0,000439
стоить 0,189594 0,000154
стол 0,286504 0,000174
столб 1,389166 0,000281
столик 0,845098 0,000171
стонать 1,021189 0,000207
стоп 1,866287 0,001889
сторона 0,110412 0,000045
страдать 0,623249 0,000126
странный 0,227798 0,000092
страшный 0,286504 0,000058
строгий 0,720159 0,000146
строго 0,576253 0,000117
струсить 1,021189 0,000414
стукнуть 1,389166 0,000281
стул 0,434924 0,000088
ступать 0,587534 0,000119
стучаться 1,565257 0,000634
стыдиться 0,623249 0,000126
стыдливый 1,213075 0,000246
сумма 0,662167 0,000134
супруг 0,523865 0,000106
схватиться 1,088136 0,000220
схитрить 1,565257 0,000317
счастие 0,451314 0,000183
счастливый 0,451314 0,000183
счесть 0,888564 0,000180
считать 0,275223 0,000167
сын 0,434924 0,000088
сюда 0,232819 0,000094
сюртук 0,912045 0,001293
также 0,000000 0,000000
таки 0,066947 0,000068
такой 0,002964 0,000010
такт 1,690196 0,000342
танцмейстер 1,866287 0,000378
текст 0,000000 0,000000
теперь 0,015029 0,000049
терраса 0,912045 0,000554
тимофеич 1,690196 0,002053
тихий 0,544068 0,000441
тихо 0,354404 0,000144
тогда 0,050046 0,000010
тоже 0,043466 0,000044
толк 0,805589 0,000163
только 0,002964 0,000010
том 1,565257 0,000317
тон 0,648803 0,000131
тонкость 1,213075 0,000491
торжественность 1,565257 0,000317
торжественный 1,213075 0,000246
торжество 0,912045 0,000185
торопливо 1,167317 0,000473
тот 0,002964 0,000011
тотчас 0,046743 0,000076
точно 0,121994 0,000049
точный 0,866287 0,000175
требование 1,264227 0,000256
требовать 0,565257 0,000114
тревога 0,648803 0,000131
тревожить 1,264227 0,000512
тревожный 0,866287 0,000175
третий 0,154480 0,000094
три 0,303994 0,000062
трое 0,752344 0,000152
труд 0,866287 0,000175
трудный 0,963197 0,000195
трястись 1,125925 0,000228
туда 0,495219 0,000100
ты 0,133894 0,000136
тысяча 0,217927 0,000044
тянуть 0,912045 0,000185
убедиться 0,623249 0,000126
убеждённый 0,635838 0,000129
уважение 0,648803 0,000263
уверенность 1,021189 0,000207
уверенный 0,611015 0,000124
уверить 0,599116 0,000607
уверять 0,411442 0,000083
увязаться 2,167317 0,000439
уговаривать 0,963197 0,000195
угол 0,341243 0,000069
угроза 1,125925 0,000228
удалить 1,866287 0,000378
удалиться 0,888564 0,000180
удерживаться 1,565257 0,000317
удивительно 0,866287 0,000175
удивить 0,769377 0,000156
удобный 1,053374 0,000213
ужасно 0,167317 0,000102
ужасный 0,322219 0,000065
узнать 0,106619 0,000108
уйти 0,248239 0,000251
укладывать 1,389166 0,000563
укрощать 2,167317 0,000439
улизнуть 1,866287 0,000378
улика 1,125925 0,001368
улица 0,396465 0,000241
улыбаться 0,544068 0,000110
умереть 0,269690 0,000055
умерший 0,000000 0,000000
умиление 0,769377 0,000312
умилительный 1,264227 0,000768
умилённо 1,213075 0,000246
умилённый 1,322219 0,000268
умолять 0,805589 0,000163
унизиться 1,866287 0,000378
усаживаться 1,322219 0,000268
условиться 1,389166 0,000281
условленный 1,565257 0,000317
услышать 0,381987 0,000077
усмехнуться 0,374926 0,000228
усмешка 0,752344 0,000305
успеть 0,203530 0,000082
устать 1,021189 0,000414
устройство 1,389166 0,000281
утаивать 1,866287 0,000378
утверждать 0,623249 0,000252
утерпеть 1,125925 0,000228
утро 0,347773 0,000352
уходить 0,328468 0,000200
учить 0,752344 0,000152
фамилия 0,824895 0,000167
фантазия 0,824895 0,000167
фантастический 0,912045 0,000185
фельетон 2,167317 0,000439
фердыщенко 1,088136 0,001763
фердыщенок 1,125925 0,003419
физиономия 0,963197 0,000390
форсировать 2,167317 0,000439
французский 0,805589 0,000163
фёдор 0,434924 0,000176
хватить 0,912045 0,000185
хмельный 1,021189 0,000207
ходить 0,213075 0,000086
хороший 0,077412 0,000016
хорошо 0,189594 0,000230
хотеть 0,033778 0,000048
хотеться 0,292256 0,000178
хоть 0,060107 0,000061
хотя 0,050046 0,000091
цвет 0,991226 0,000201
целый 0,217927 0,000044
цель 0,361137 0,000073
час 0,185046 0,000749
часть 0,002964 0,000001
чей 0,000000 0,000000
человек 0,011981 0,000061
черта 0,264227 0,000053
честный 0,735954 0,000149
четверо 1,088136 0,000441
четыреста 1,167317 0,000709
чинный 1,866287 0,000378
число 0,704919 0,000143
читаемый 2,167317 0,000439
читать 0,403889 0,000082
чрез 0,275223 0,000223
чрезвычайный 0,258832 0,000157
что 0,030597 0,000012
чтоб 0,073896 0,000075
чтобы 0,030597 0,000068
чувствительность 1,264227 0,000512
чувствительный 1,088136 0,000661
чувство 0,158717 0,000032
чудесно 1,690196 0,000342
чуть 0,176091 0,000071
шампанское 0,936868 0,000190
шепнуть 0,963197 0,000195
шестой 1,053374 0,000213
шесть 0,514105 0,000208
шкапчик 1,690196 0,000684
шкатулка 1,565257 0,000317
шляпа 0,769377 0,000312
шум 1,167317 0,000709
этажерка 2,167317 0,000439
это 0,002964 0,000009
этот 0,002964 0,000007
юность 0,963197 0,000195
юный 1,125925 0,000228
я 0,024303 0,000143
явиться 0,298086 0,000181
являться 0,675956 0,000137
язык 0,611015 0,000124
ясно 0,354404 0,000072
ясность 1,322219 0,000268
ящик 1,021189 0,000620
