автор 0,000000 0,000000
авторский 0,000000 0,000000
алексей 0,000000 0,000000
алеш 0,328468 0,000867
афон 1,690196 0,000744
барыня 0,704919 0,000310
безбоязненно 1,866287 0,000411
безгласный 1,565257 0,000344
бездна 1,053374 0,000232
безмерно 1,322219 0,000291
безнадёжный 1,690196 0,000372
безошибочно 1,565257 0,000344
безумный 0,824895 0,000181
берёзовый 1,690196 0,000372
беседа 1,167317 0,000257
беспокойство 0,514105 0,000113
бесспорный 0,787106 0,000173
бестолковый 1,088136 0,000479
бесхарактерный 2,167317 0,000477
библиотека 1,866287 0,001232
библиотекарь 1,565257 0,000344
благовестить 2,167317 0,000477
благолепный 1,690196 0,000372
благословиться 1,389166 0,000306
благоухание 2,167317 0,000954
благочестивый 1,322219 0,000291
благочиние 2,167317 0,001907
богобоязненный 2,167317 0,000477
богомолец 1,866287 0,001642
богомолье 1,690196 0,000372
божий 0,623249 0,000411
боком 1,565257 0,000344
более 0,000000 0,000000
боль 0,690196 0,000152
больной 0,258832 0,000057
больший 0,248239 0,000109
большинство 1,053374 0,000464
большой 0,056728 0,000037
босой 1,389166 0,000306
боязненно 2,167317 0,000477
боязнь 1,264227 0,000278
брат 0,060107 0,000053
братия 1,468347 0,000969
броситься 0,258832 0,000057
будто 0,099131 0,000022
будущее 0,735954 0,000486
бывало 0,554533 0,000122
бывший 0,389166 0,000257
быстро 0,232819 0,000205
быстрый 0,824895 0,000181
быть 0,000000 0,000000
варение 1,565257 0,000344
варсонофий 1,866287 0,000821
ваш 0,121994 0,000054
вверить 1,468347 0,000323
вдруг 0,005949 0,000026
вдумчиво 1,389166 0,000306
ведать 1,088136 0,000479
ведь 0,043466 0,000010
везде 0,866287 0,000762
великий 0,341243 0,000751
великое 0,888564 0,000391
веник 1,866287 0,000411
вера 0,514105 0,000339
вервие 2,167317 0,000477
верига 1,866287 0,000411
веровать 0,704919 0,000465
вероятный 0,866287 0,000191
веруесать 1,866287 0,000411
верующий 1,389166 0,000917
верх 0,963197 0,000212
веселие 1,213075 0,000267
весь 0,002964 0,000020
весьма 0,243038 0,000321
взбежать 1,690196 0,000372
взволновать 0,866287 0,000572
взгляд 0,185046 0,000041
взглянуть 0,468347 0,000206
взирать 1,565257 0,000344
взор 1,167317 0,000771
вид 0,150284 0,000165
видеть 0,027438 0,000024
видимо 0,328468 0,000072
видимый 0,443041 0,000195
видно 0,504560 0,000333
визит 0,845098 0,000186
вишнёвый 1,866287 0,000411
владыка 2,167317 0,000477
влиять 1,468347 0,000323
вместе 0,208276 0,000046
вместо 0,411442 0,000091
внезапный 0,533849 0,000235
вниз 0,752344 0,000331
внизу 0,936868 0,000412
внимательно 0,845098 0,000186
вновь 0,720159 0,000158
внушение 1,565257 0,000344
внушительный 1,565257 0,000344
вовсе 0,150284 0,000066
вода 0,587534 0,000129
возбуждать 1,167317 0,000257
возвратиться 0,824895 0,000181
возвысить 1,468347 0,000323
возвышать 1,565257 0,000344
возглас 1,690196 0,000372
возгордиться 2,167317 0,000954
возд 2,167317 0,000477
воздвигнуть 1,468347 0,000323
воздевать 1,866287 0,000411
воздеть 2,167317 0,000954
воздыхать 2,167317 0,000477
возлюбить 0,912045 0,000201
возможность 0,587534 0,000129
возможный 0,845098 0,000186
возмущать 1,565257 0,000689
возмущаться 1,866287 0,000411
вознаграждение 0,000000 0,000000
вознамериться 2,167317 0,000477
вознестись 1,866287 0,000821
возникнуть 1,690196 0,000372
возопить 1,389166 0,000306
возрадоваться 1,690196 0,000744
возражать 0,963197 0,000424
возрастать 1,167317 0,000257
войти 0,137934 0,000061
волнение 0,361137 0,000238
волноваться 1,167317 0,000771
волос 0,690196 0,000152
воля 0,576253 0,000127
вопрос 0,146128 0,000129
вопросить 1,690196 0,000744
вопрошать 1,468347 0,000646
ворота 0,720159 0,000158
воск 2,167317 0,000477
воскликнуть 0,269690 0,000059
восклицание 0,991226 0,000218
восклицать 0,533849 0,000117
вослед 1,565257 0,000689
воспоминание 0,635838 0,000280
воспретить 2,167317 0,000477
восхостить 2,167317 0,000477
впервые 1,565257 0,000344
вперёд 0,426955 0,000094
вплоть 0,866287 0,000191
впрочем 0,118099 0,000052
враг 0,735954 0,000324
вражда 1,322219 0,000291
вразрез 1,866287 0,000411
врата 1,565257 0,000344
вред 1,264227 0,000278
временно 1,690196 0,000372
время 0,018098 0,000008
всегда 0,129891 0,000029
всеобщий 0,912045 0,000201
вскинуть 0,991226 0,000218
вскоре 0,991226 0,000218
вскорости 1,167317 0,000514
вслед 0,523865 0,000576
вследствие 0,888564 0,000196
вслух 0,533849 0,000117
вспоминать 0,623249 0,000411
вспоминаться 1,565257 0,000344
вспомнить 0,434924 0,000287
вспомянуть 1,690196 0,000372
встретиться 0,704919 0,000155
встреча 0,554533 0,000122
встречаться 0,769377 0,000339
всюду 1,468347 0,000323
всякий 0,106619 0,000023
вход 0,752344 0,000166
входить 0,477121 0,000420
вчера 0,341243 0,000225
выглядывать 1,213075 0,000267
выглянуть 1,690196 0,000372
выговаривать 0,963197 0,000212
выгода 1,167317 0,000257
выдаваться 2,167317 0,000477
вызвать 0,824895 0,000181
выйти 0,063514 0,000042
выказывать 1,125925 0,000248
выметать 1,866287 0,000411
вымолвить 1,088136 0,000958
вынести 0,486076 0,000107
вынос 2,167317 0,000477
выплата 0,000000 0,000000
выпустить 1,264227 0,000278
выражение 0,514105 0,000113
высказать 0,523865 0,000231
выслушивать 1,213075 0,000267
выступить 1,264227 0,000278
выходить 0,258832 0,000228
выходной 1,468347 0,000323
вящш 2,167317 0,000477
герой 0,991226 0,000218
глава 0,963197 0,000636
главное 0,185046 0,000122
главный 0,426955 0,000188
главый 1,866287 0,000411
глаз 0,056728 0,000025
глазок 0,805589 0,000177
глас 1,866287 0,000411
глубина 0,866287 0,000191
глубоко 0,611015 0,000269
глядеть 0,243038 0,000053
говорить 0,011981 0,000011
год 0,292256 0,000129
голова 0,114239 0,000050
голос 0,208276 0,000275
гора 0,805589 0,000177
гордо 1,053374 0,000232
горестия 1,866287 0,000411
горестно 1,125925 0,000248
горестный 1,322219 0,000291
город 0,248239 0,000218
городской 0,936868 0,000206
горько 0,690196 0,000152
господний 1,565257 0,000344
господь 0,374926 0,000495
госпожа 0,648803 0,000143
гостиница 1,322219 0,000291
гость 0,434924 0,000478
грех 0,752344 0,000166
греческий 1,690196 0,000372
грешный 0,991226 0,000218
гроб 0,888564 0,002542
гробница 2,167317 0,000477
грубо 1,125925 0,000248
грубый 0,824895 0,000181
грудь 0,443041 0,000097
грусть 1,021189 0,000449
губа 0,411442 0,000091
губить 1,167317 0,000257
губка 1,264227 0,000278
давать 0,253503 0,000056
давно 0,158717 0,000279
даже 0,005949 0,000051
далее 0,648803 0,000428
далеко 0,599116 0,000132
далёкий 0,411442 0,000181
дать 0,171682 0,000038
двадцать 0,303994 0,000067
дверь 0,258832 0,000114
действие 1,088136 0,000239
действительно 0,106619 0,000023
делать 0,194189 0,000043
дело 0,011981 0,000011
день 0,118099 0,000182
деревянный 0,787106 0,000173
дерзновение 2,167317 0,000477
десятый 0,845098 0,000186
дитя 0,888564 0,000196
днесь 1,866287 0,000411
добрый 0,303994 0,000134
догадаться 0,554533 0,000122
догмат 2,167317 0,000477
дожить 1,322219 0,000291
дойти 0,389166 0,000086
долго 0,222835 0,000049
должное 1,690196 0,000372
донестись 1,866287 0,000411
доносить 1,468347 0,000323
допустить 0,635838 0,000280
доселе 0,912045 0,000201
достаточно 1,264227 0,000278
достигать 1,389166 0,000306
достигнуть 0,662167 0,000291
достоевский 0,000000 0,000000
достойный 0,888564 0,000196
достояние 0,000000 0,000000
древле 1,866287 0,001232
друг 0,180546 0,000238
другой 0,008955 0,000018
думать 0,060107 0,000026
дурачество 1,565257 0,000344
дух 0,486076 0,000642
душа 0,158717 0,000105
душевный 0,912045 0,000401
евангелие 1,053374 0,000695
егда 1,866287 0,000411
единый 0,611015 0,000269
если 0,011981 0,000029
естественно 0,888564 0,000391
естественный 1,021189 0,000225
естество 1,866287 0,000821
есть 0,018098 0,000028
ждать 0,142011 0,000156
желание 0,514105 0,000113
женщина 0,213075 0,000047
жертвовать 1,322219 0,000291
жестокий 0,769377 0,000169
жестокость 1,213075 0,000267
живо 1,389166 0,000306
живой 0,675956 0,000297
живость 1,690196 0,000372
жизнь 0,084532 0,000167
житейский 1,322219 0,000582
жёлтый 0,991226 0,000436
заботиться 0,936868 0,000206
забыть 0,125925 0,000028
завиствовать 2,167317 0,000477
завистник 1,866287 0,000411
зависть 1,565257 0,000344
завопить 0,769377 0,000339
заглядывать 1,021189 0,000225
заготовить 1,565257 0,000344
загреметь 1,565257 0,000344
загрустить 2,167317 0,000477
задолго 1,468347 0,000323
зазорно 1,866287 0,000411
заключение 0,787106 0,000173
заключить 0,347773 0,000153
заколебаться 1,565257 0,000344
закоренелый 1,468347 0,000323
закрыть 0,576253 0,000254
закрыться 1,389166 0,000306
замедлить 1,866287 0,000821
заменить 1,565257 0,000344
заметить 0,056728 0,000062
замечать 0,554533 0,000366
замолчать 0,752344 0,000166
замутиться 2,167317 0,000477
занятый 0,866287 0,000191
заодно 1,565257 0,000344
заплакать 0,599116 0,000132
заприметить 1,468347 0,000323
зарыдать 1,213075 0,000267
заслужить 0,824895 0,000181
заслышать 1,213075 0,000534
застать 0,648803 0,000143
засыпать 0,963197 0,000212
затихнуть 0,912045 0,000201
затосковать 1,468347 0,000323
заутра 1,866287 0,000411
захватить 0,587534 0,000129
заходить 0,611015 0,000134
заходятить 2,167317 0,000477
зачем 0,146128 0,000064
защитить 1,167317 0,000257
звенеть 1,565257 0,000344
здесь 0,095435 0,000042
здешний 0,611015 0,000134
земля 0,298086 0,000394
злоба 0,523865 0,000115
злобный 0,635838 0,000280
зловредный 2,167317 0,000477
злорадно 1,866287 0,000411
злорадный 1,866287 0,000411
злословник 2,167317 0,000477
злоупотреблять 1,866287 0,000411
знак 0,565257 0,000124
знамение 1,565257 0,000344
знаменитый 0,936868 0,000412
знать 0,002964 0,000004
значит 0,243038 0,000267
значительный 0,866287 0,000191
зосим 0,912045 0,001204
идол 1,468347 0,000323
иеродиакон 2,167317 0,000477
иеромонах 1,213075 0,000534
иеросхимонах 1,565257 0,001378
извергать 1,866287 0,000821
извергнуть 1,866287 0,000821
известие 0,554533 0,000366
известно 0,334808 0,000221
известный 0,347773 0,000153
извне 2,167317 0,000477
изгнать 1,389166 0,000306
изгонять 2,167317 0,000954
издревле 1,690196 0,000372
изойти 1,866287 0,002464
изречь 1,053374 0,000695
изувер 1,866287 0,000821
изыда 2,167317 0,000477
икона 1,167317 0,000257
именно 0,066947 0,000044
иметь 0,118099 0,000052
иной 0,208276 0,000321
инок 1,264227 0,004451
иов 1,565257 0,000344
иосиф 1,322219 0,002036
исповедь 0,845098 0,000186
исполнить 0,648803 0,000143
исполнять 1,213075 0,000267
использоваться 0,000000 0,000000
испугаться 0,523865 0,000115
исступление 0,565257 0,000124
исступлённый 0,805589 0,000177
истинный 0,611015 0,000134
истлеть 1,690196 0,000372
источник 1,565257 0,000344
исход 0,991226 0,000218
исходить 1,690196 0,000744
исцеление 1,389166 0,000306
итак 0,805589 0,000177
ихний 0,963197 0,000424
каждый 0,137934 0,000152
казаться 0,063514 0,000014
како 1,468347 0,000323
какой 0,005949 0,000016
камень 0,787106 0,000173
канон 2,167317 0,000954
карамазов 0,180546 0,000159
карман 0,396465 0,000087
келейка 1,690196 0,000744
келья 0,991226 0,002399
кладбище 1,468347 0,000323
клик 2,167317 0,000477
книга 0,106619 0,000070
когда 0,015029 0,000023
кой 1,468347 0,001292
коленка 1,053374 0,000464
колено 0,565257 0,000124
колокол 1,690196 0,000744
комар 0,000000 0,000000
комната 0,150284 0,000099
конец 0,213075 0,000094
конечно 0,060107 0,000040
конфета 1,389166 0,000306
кость 1,468347 0,000969
который 0,002964 0,000007
крайность 1,264227 0,000278
кресло 0,599116 0,000132
крест 0,690196 0,000456
крестить 1,690196 0,000372
креститься 1,468347 0,000323
крестный 1,389166 0,000306
крестообразный 2,167317 0,000477
кривой 1,167317 0,000257
крик 0,514105 0,000113
кроме 0,158717 0,000070
кроткий 0,912045 0,000201
кругом 0,419129 0,000184
крылечко 1,167317 0,001027
кто 0,114239 0,000075
куда 0,248239 0,000164
куколь 1,866287 0,000821
ладонь 0,866287 0,000572
легкомысленный 0,845098 0,000558
легкомыслие 1,125925 0,000743
лежать 0,243038 0,000053
лекарство 1,322219 0,000291
лесенка 1,468347 0,000323
либо 0,000000 0,000000
лик 1,690196 0,000372
литература 1,468347 0,000323
лицо 0,000000 0,000000
лично 0,720159 0,000475
лишь 0,185046 0,000570
любимец 1,690196 0,000372
любить 0,066947 0,000059
любовно 1,565257 0,000344
любовь 0,334808 0,000074
любой 0,000000 0,000000
любопытный 0,648803 0,000143
любопытство 0,361137 0,000159
любящий 1,125925 0,000248
людье 2,167317 0,000477
маленький 0,185046 0,000041
мало 0,208276 0,000275
маловерный 1,468347 0,000323
малограмотный 1,866287 0,000411
малое 0,963197 0,000212
малый 0,334808 0,000589
мантия 2,167317 0,000477
материальный 1,389166 0,000306
махать 0,963197 0,000212
махнуть 0,888564 0,000391
между 0,129891 0,000314
мельком 0,912045 0,000201
менее 0,635838 0,000420
меньшинство 2,167317 0,000477
мертвец 1,264227 0,000278
место 0,099131 0,000065
мигом 0,504560 0,000111
милый 0,322219 0,000142
мимо 0,514105 0,000113
мимоходом 1,264227 0,000278
минута 0,050046 0,000066
минутка 0,635838 0,000140
минуть 1,322219 0,000291
мир 0,523865 0,000115
мирской 1,322219 0,000582
младоумный 2,167317 0,000477
младый 2,167317 0,000477
мнение 0,374926 0,000247
многие 0,468347 0,000412
многий 0,514105 0,000339
много 0,080958 0,000107
могила 1,088136 0,000718
могильный 1,866287 0,000411
модный 1,468347 0,000323
можно 0,088136 0,000058
мой 0,077412 0,000068
молитва 0,888564 0,000391
молиться 0,866287 0,000191
молодой 0,222835 0,000098
молча 0,367977 0,000081
молчальник 1,565257 0,001033
момент 0,000000 0,000000
монастырский 1,053374 0,001159
монастырь 0,533849 0,000822
монах 0,845098 0,000930
монашеский 1,690196 0,000372
монашка 1,468347 0,000323
мочь 0,000000 0,000000
мысль 0,114239 0,000025
наблюдать 0,587534 0,000388
набожный 2,167317 0,000477
надежда 0,533849 0,000117
надеть 0,888564 0,000196
надменный 1,088136 0,000239
надо 0,036984 0,000024
назад 0,000000 0,000000
название 1,088136 0,000239
назначить 0,787106 0,000173
наиболее 1,125925 0,000743
найти 0,298086 0,000066
найтись 0,845098 0,000372
наконец 0,073896 0,000065
накопить 1,389166 0,000306
написать 0,000000 0,000000
наполнять 1,565257 0,000344
напоминать 1,264227 0,000278
например 0,298086 0,000262
напротив 0,180546 0,000040
нараспев 1,690196 0,000372
народ 0,514105 0,000113
нарочитый 2,167317 0,000477
нарочно 0,227798 0,000150
наружно 1,389166 0,000306
нарушать 1,565257 0,000689
нарушаться 2,167317 0,000954
нарушить 1,468347 0,000323
насквозь 1,125925 0,000248
насмешливый 0,704919 0,000310
настежь 1,468347 0,000646
настойчиво 0,787106 0,000173
настоятель 1,866287 0,000821
настоятельно 0,991226 0,000436
наука 0,787106 0,000173
находить 0,576253 0,000127
находиться 0,514105 0,000113
начало 0,243038 0,000107
начать 0,066947 0,000044
начаться 0,514105 0,000113
начинаться 0,805589 0,000354
наш 0,118099 0,000104
наяву 1,213075 0,000267
неблаговидный 1,866287 0,000411
невеликий 1,866287 0,000411
неверующий 1,565257 0,001033
невозможно 0,411442 0,000091
невозможный 0,623249 0,000137
недавно 0,576253 0,000127
недаром 1,389166 0,000306
недолго 1,053374 0,000232
незамеченный 2,167317 0,000477
незыблемо 1,468347 0,000323
неистовый 0,888564 0,000196
некиий 1,866287 0,000411
некий 1,167317 0,001284
некоторый 0,154480 0,000306
нелепость 0,963197 0,000212
нелепый 0,845098 0,000186
немедленно 0,554533 0,000244
немедленный 1,213075 0,000534
ненасытить 1,690196 0,000372
необходимость 1,053374 0,000464
необычайный 0,662167 0,000583
неопределённо 1,213075 0,000267
неопровержимый 1,690196 0,000372
неотразимый 1,053374 0,000232
неподобающий 2,167317 0,000954
непослушание 2,167317 0,000477
непостоянный 1,690196 0,000372
непрерывный 1,690196 0,000372
неприятный 0,936868 0,000206
нерушимый 1,468347 0,000323
несвязный 1,565257 0,000344
несколько 0,095435 0,000063
неслыханный 1,264227 0,000278
несмотря 0,275223 0,000182
несомненно 0,704919 0,000155
несомненный 1,088136 0,000479
несправедливый 0,888564 0,000196
нетерпеливый 0,752344 0,000497
нетерпение 0,554533 0,000122
нетление 2,167317 0,000954
нетленный 2,167317 0,000477
неужто 0,599116 0,000264
нечего 0,381987 0,000084
нечистый 1,389166 0,000917
нечто 0,389166 0,000685
никто 0,095435 0,000126
ничто 0,576253 0,000127
ничтожество 1,690196 0,000372
новопреставиться 2,167317 0,000477
новшество 1,690196 0,001859
нога 0,213075 0,000094
носить 0,611015 0,000134
ночь 0,189594 0,000125
ныне 1,021189 0,000449
нынешний 1,125925 0,000248
оба 0,316059 0,000278
обвинение 0,787106 0,000173
обвить 2,167317 0,000954
обдорский 1,866287 0,002053
обернуться 0,576253 0,000127
обетование 1,565257 0,000344
обидеть 0,720159 0,000158
облетелый 2,167317 0,000477
обнажённый 1,213075 0,000534
обнаруживаться 1,565257 0,001033
обнаружить 1,053374 0,000232
обнаружиться 1,021189 0,001123
ободнять 1,866287 0,000411
ободряться 1,468347 0,000323
обойтись 0,912045 0,000201
обрадовать 1,264227 0,000278
образ 0,243038 0,000160
образовать 0,912045 0,000201
обрасти 1,690196 0,000372
обратиться 0,316059 0,000070
обращаться 0,451314 0,000099
обременять 2,167317 0,000477
обряскаться 2,167317 0,000954
обуять 1,565257 0,000344
обходить 1,322219 0,000291
общественный 0,000000 0,000000
общий 0,514105 0,000226
объяснить 0,374926 0,000082
оглядываться 1,167317 0,000257
огонь 0,991226 0,000218
ограда 1,264227 0,000556
ограждать 2,167317 0,000477
одержать 2,167317 0,000477
одеть 1,866287 0,000411
одеяние 1,866287 0,000411
один 0,000000 0,000000
однажды 0,635838 0,000140
однако 0,102859 0,000045
одновременно 1,866287 0,000411
ожесточённый 1,468347 0,000323
ожидание 0,662167 0,001020
ожидать 0,264227 0,000349
озаботить 0,888564 0,000196
озлобить 1,389166 0,000306
озлобление 1,389166 0,000306
озлобленный 1,690196 0,000372
оказаться 0,275223 0,000061
окно 0,381987 0,000084
около 0,443041 0,000097
окончательно 0,565257 0,000124
окончить 1,088136 0,000239
окрестность 1,389166 0,000306
омывать 2,167317 0,000477
он 0,000000 0,000000
они 0,275223 0,000121
опубликовать 0,000000 0,000000
опустить 0,752344 0,000331
опять 0,027438 0,000018
оскорбить 0,599116 0,000132
особа 0,769377 0,000169
особенно 0,129891 0,000086
особенный 0,389166 0,000086
особливо 1,565257 0,000344
особливый 1,264227 0,000834
особый 0,565257 0,000124
оставить 0,203530 0,000090
оставлять 0,533849 0,000235
останки 2,167317 0,000477
остановиться 0,269690 0,000237
остаться 0,133894 0,000029
острый 1,213075 0,000267
осуждение 1,389166 0,000306
осьмиконечный 1,866287 0,000411
осязаться 2,167317 0,000477
отвергать 1,053374 0,000232
отвергнуть 0,991226 0,000218
отверзть 1,866287 0,000411
отвернуться 0,912045 0,000201
отвести 0,866287 0,000381
ответ 0,322219 0,000213
ответный 1,468347 0,000323
отворить 0,486076 0,000107
отвориться 0,936868 0,000412
отвращение 0,769377 0,000169
отдалить 0,963197 0,000212
отдых 1,565257 0,000344
отец 0,091770 0,001353
отирание 2,167317 0,000477
отирать 2,167317 0,000477
открытый 1,125925 0,000248
открыть 0,635838 0,000280
откуда 0,514105 0,000113
относительно 1,167317 0,000257
отойти 0,845098 0,000558
отпевание 1,565257 0,000344
отпереть 0,805589 0,000177
отпор 1,322219 0,000291
отрядить 2,167317 0,000477
отходить 0,824895 0,000181
отчий 0,554533 0,000122
отшедший 1,866287 0,000411
отыдеть 2,167317 0,000477
оформление 0,000000 0,000000
очень 0,024303 0,000021
очутиться 0,675956 0,000149
падение 1,125925 0,000248
паисий 1,053374 0,006721
памятник 1,866287 0,000411
память 0,599116 0,000395
панихида 1,866287 0,000821
пасека 1,866287 0,000411
паук 1,565257 0,000344
первый 0,018098 0,000016
переворот 1,213075 0,000267
передать 0,381987 0,000252
перезабыть 2,167317 0,000477
перейти 0,000000 0,000000
переложить 1,322219 0,000291
перелом 1,866287 0,000411
перемена 0,824895 0,000181
персех 2,167317 0,000477
перст 1,213075 0,000534
петь 0,936868 0,000412
петься 2,167317 0,000477
письменно 2,167317 0,000477
плакать 0,328468 0,000217
плохой 0,533849 0,000117
победить 0,787106 0,000346
повелевать 1,690196 0,000372
повелительно 1,565257 0,000344
повергаться 1,468347 0,000323
повергнуть 1,389166 0,000306
повернуться 0,495219 0,000218
повесть 1,053374 0,000232
повлиять 1,389166 0,000917
повторить 0,544068 0,000239
повторять 0,396465 0,000262
повторяться 1,021189 0,000225
поганый 1,468347 0,000646
погребение 1,565257 0,000689
погрести 1,866287 0,000411
подборка 0,000000 0,000000
подвиг 0,769377 0,000169
подвижник 1,690196 0,000372
подвижничество 2,167317 0,000477
подкосить 1,468347 0,000323
поднять 0,396465 0,000174
подняться 0,443041 0,000195
подозрительный 1,264227 0,000278
подойти 0,341243 0,000075
подолгу 1,389166 0,000306
подохнуть 1,866287 0,000411
подпоясать 1,690196 0,000372
подражать 1,565257 0,000689
подробность 0,477121 0,000105
подробный 0,888564 0,000196
подтвердить 0,544068 0,000120
подумывать 1,866287 0,000411
подхватить 0,403889 0,000089
подчиниться 1,264227 0,000278
подымать 0,912045 0,000201
пожалуй 0,237898 0,000157
пожелать 0,675956 0,000149
пожилой 1,125925 0,000248
поздний 0,963197 0,000212
позор 0,720159 0,000158
пойти 0,080958 0,000036
пока 0,213075 0,000047
показаться 0,334808 0,000147
показывать 0,514105 0,000113
покивать 1,690196 0,001116
покидать 1,053374 0,000232
поклонение 1,690196 0,000372
покой 0,936868 0,000206
покойник 1,053374 0,000232
покойный 0,599116 0,000791
поколебаться 1,389166 0,000306
покровитель 1,264227 0,000556
полагать 0,720159 0,000317
полдень 1,468347 0,000323
полежать 1,690196 0,000372
полно 1,053374 0,000464
положить 0,403889 0,000178
полчаса 0,752344 0,000166
помалу 0,675956 0,000297
помолчать 0,648803 0,000143
помочь 0,587534 0,000129
помощник 1,565257 0,000689
помышление 1,690196 0,000372
понять 0,106619 0,000047
попеременно 1,565257 0,000344
пополудни 1,213075 0,000801
попрекнуть 1,389166 0,000306
попущать 2,167317 0,000477
попущаться 2,167317 0,000477
поражать 0,888564 0,000196
поразить 0,243038 0,000053
порешить 0,991226 0,000218
порог 0,888564 0,000391
породить 1,565257 0,000689
поручение 0,936868 0,000206
порядок 0,704919 0,000155
посему 1,690196 0,000372
посетитель 0,991226 0,001090
посещать 0,845098 0,000186
посконный 1,866287 0,000411
послать 0,309985 0,000136
после 0,084532 0,000112
послужить 0,824895 0,000363
послушание 1,213075 0,000267
посмертно 0,000000 0,000000
посоветовать 1,053374 0,000464
поспешать 1,468347 0,000969
поспешить 0,704919 0,000155
поспешно 0,866287 0,000381
поспешность 1,167317 0,000257
пост 1,264227 0,001391
постепенно 1,088136 0,000718
постепенность 2,167317 0,000477
постичь 1,167317 0,000257
постник 1,322219 0,000873
постоялый 1,088136 0,000239
постоять 0,690196 0,000152
посыпаться 2,167317 0,000477
потаённо 1,866287 0,000411
потерпеть 1,690196 0,000372
потесниться 2,167317 0,000477
потечь 1,264227 0,000278
потом 0,084532 0,000074
потому 0,024303 0,000005
потрясение 1,389166 0,000306
потрясти 0,845098 0,000186
поучение 1,565257 0,000689
почему 0,099131 0,000065
почивший 1,468347 0,001292
почитать 0,866287 0,000191
почти 0,024303 0,000027
почтительность 1,167317 0,000257
почто 2,167317 0,001431
почувствовать 0,426955 0,000376
появиться 0,662167 0,000146
правда 0,088136 0,000019
правдивый 1,167317 0,000257
праведник 1,125925 0,000248
праведность 2,167317 0,000477
праведный 1,322219 0,001455
правило 1,088136 0,000479
право 0,176091 0,000039
православие 1,468347 0,000969
православный 1,389166 0,000306
правый 0,495219 0,000218
пребывать 1,125925 0,000248
превеликий 1,690196 0,000744
превысить 1,866287 0,000411
пред 0,030597 0,000013
предание 1,322219 0,000582
предать 0,866287 0,000381
представить 0,286504 0,000063
представиться 1,167317 0,000257
представляться 0,611015 0,000269
предугадать 1,690196 0,000372
предупредить 0,769377 0,000339
предчувствие 0,912045 0,000201
предчувствовать 0,504560 0,000222
прежде 0,077412 0,000085
прежний 0,198834 0,000044
прельщаться 2,167317 0,000477
премудрость 1,468347 0,000323
прервать 0,623249 0,000137
преславный 2,167317 0,000477
преставиться 1,468347 0,001292
прибавить 0,162996 0,000108
прибавлять 1,088136 0,000958
прибывать 2,167317 0,001907
прибыль 1,389166 0,000306
прибыть 0,704919 0,000310
привлечь 1,264227 0,000278
привозить 1,468347 0,000323
пригорюниться 1,866287 0,000411
приготовить 0,675956 0,000149
приехать 0,309985 0,000068
прижизненный 0,000000 0,000000
признавать 1,167317 0,000257
признак 0,845098 0,000186
призывать 1,125925 0,000248
прийти 0,095435 0,000084
прилагать 1,866287 0,000411
прилив 1,389166 0,000306
приложить 0,963197 0,000212
примерно 0,963197 0,000212
приметить 1,322219 0,000291
примеч 2,167317 0,000477
примечаться 1,866287 0,000411
принимать 0,328468 0,000289
приниматься 1,213075 0,000267
принять 0,180546 0,000119
приобыкнуть 2,167317 0,000477
припоминать 0,648803 0,000286
припомнить 0,533849 0,000117
прирасти 2,167317 0,000477
прислушиваться 1,088136 0,000239
присоединять 2,167317 0,000954
присутствие 0,912045 0,000201
присутствовать 0,912045 0,000201
присылать 1,167317 0,000257
притечь 2,167317 0,000954
приходить 0,243038 0,000107
причина 0,396465 0,000262
приёмный 1,690196 0,000372
провидеть 2,167317 0,000477
провонять 1,866287 0,000411
проговорить 0,110412 0,000073
программирование 0,000000 0,000000
прогреметь 1,565257 0,000344
продолжать 0,125925 0,000083
продолжаться 0,704919 0,000155
произведение 0,000000 0,000000
производить 0,936868 0,000206
произнести 0,280827 0,000247
произойти 0,258832 0,000171
происходить 0,523865 0,000461
происшествие 1,053374 0,000232
пройти 0,000000 0,000000
проклятый 0,662167 0,000146
прокричать 0,599116 0,000264
промеж 1,468347 0,000323
пронестись 0,963197 0,000212
пронзать 1,866287 0,000411
проникнуть 1,021189 0,000225
проникнуться 2,167317 0,000477
просветлеть 1,565257 0,000344
просисать 2,167317 0,000477
прославить 1,866287 0,000411
прославление 2,167317 0,000477
проснуться 0,735954 0,000162
простой 0,576253 0,000127
простонародье 1,468347 0,000323
противник 1,167317 0,000257
противно 1,468347 0,000323
противоположный 0,888564 0,000196
проходить 0,576253 0,000127
прочий 0,824895 0,000363
прочувствованно 2,167317 0,000477
прошептать 0,587534 0,000129
прошлый 0,735954 0,000324
прямо 0,118099 0,000026
прямой 0,675956 0,000149
прятаться 0,888564 0,000196
псалтирь 2,167317 0,000477
публикация 0,000000 0,000000
пурганец 2,167317 0,000477
пусто 1,866287 0,000411
пустой 0,690196 0,000152
пуще 0,599116 0,000132
пять 0,222835 0,000049
равно 0,303994 0,000134
ради 0,752344 0,000331
радоваться 0,888564 0,000196
радость 0,411442 0,000181
разве 0,146128 0,000032
развестись 2,167317 0,000477
раздаваться 1,088136 0,000239
раздаться 0,635838 0,000140
раздельно 1,213075 0,000267
раздражить 0,720159 0,000158
разнуздать 1,565257 0,000344
разный 0,565257 0,000124
разрезать 1,690196 0,000372
разрешать 1,264227 0,000278
разрешение 0,000000 0,000000
разум 1,389166 0,000917
разумный 1,167317 0,000257
ракитин 0,787106 0,000693
рано 0,787106 0,000173
распивать 2,167317 0,000477
располагать 1,565257 0,000344
распоряжение 1,088136 0,000239
распростирать 2,167317 0,000477
распухнуть 1,322219 0,000291
рассказ 0,477121 0,000315
расспрашивать 0,824895 0,000181
рассудительный 1,565257 0,000344
рассыпать 1,565257 0,000344
расходиться 1,389166 0,000917
рвение 2,167317 0,000477
ребёнок 0,232819 0,000102
редко 0,690196 0,000152
речь 0,486076 0,000107
робко 0,787106 0,000173
ропот 1,389166 0,000306
рубаха 1,565257 0,000344
рука 0,030597 0,000081
руководитель 1,565257 0,000344
русский 0,411442 0,000091
рухнуться 1,690196 0,000372
рыдание 1,322219 0,000582
ряса 1,690196 0,000744
сайт 0,000000 0,000000
сам 0,002964 0,000008
самый 0,018098 0,000052
сатана 1,213075 0,000534
сбегать 1,053374 0,000232
свет 0,176091 0,000039
светлый 0,735954 0,000324
светский 0,720159 0,000951
свить 1,866287 0,000411
свободно 0,000000 0,000000
свой 0,000000 0,000000
связывать 1,690196 0,000372
святой 0,468347 0,001030
святость 1,866287 0,000411
сделать 0,102859 0,000045
себя 0,000000 0,000000
сегодня 0,194189 0,000085
седой 0,991226 0,000218
седьмой 1,021189 0,000225
сейчас 0,070407 0,000031
семьдесят 0,000000 0,000000
сени 0,824895 0,000181
сердце 0,095435 0,000147
сесть 0,824895 0,000544
сидеть 0,125925 0,000166
сие 0,611015 0,000672
сила 0,185046 0,000163
сильвестр 1,690196 0,000372
сильно 0,292256 0,000129
сильный 0,269690 0,000119
сиять 0,888564 0,000196
сказать 0,011981 0,000016
скит 1,053374 0,002781
скитский 1,565257 0,000689
сколь 1,389166 0,000306
сколько 0,280827 0,000062
скончаться 1,468347 0,000323
скорбно 1,866287 0,000411
скорее 0,514105 0,000113
скорость 1,866287 0,000411
скорый 0,237898 0,000052
скрывать 0,635838 0,000280
скученный 2,167317 0,000477
слава 0,635838 0,000280
сладобиться 2,167317 0,000477
сладость 1,468347 0,001292
следить 0,623249 0,000137
следовать 0,544068 0,000120
следующий 0,866287 0,000191
слеза 0,275223 0,000182
слишком 0,133894 0,000059
словеса 1,565257 0,001033
слово 0,027438 0,000024
служба 0,769377 0,000677
служить 0,544068 0,000120
слух 0,805589 0,000177
случай 0,146128 0,000064
случаться 0,599116 0,000132
случиться 0,292256 0,000129
слушать 0,203530 0,000090
слышать 0,125925 0,000028
слышаться 0,963197 0,000212
слёзка 1,866287 0,000411
слёзно 1,565257 0,000344
слёзный 1,690196 0,000372
смерть 0,374926 0,000082
смирение 1,088136 0,000239
смиренный 1,053374 0,000695
смотреть 0,077412 0,000051
смутить 0,963197 0,000212
смутиться 0,805589 0,000177
смущаться 1,389166 0,000306
смущение 0,752344 0,000166
смысл 0,523865 0,000231
сначала 0,434924 0,000191
сниться 0,991226 0,000218
снова 0,565257 0,000622
соблазн 1,125925 0,001239
соблазнительный 1,468347 0,000646
соблазниться 1,690196 0,000372
соблазняться 1,866287 0,000411
собрание 1,088136 0,000239
событие 0,824895 0,000544
совершаться 1,213075 0,000534
совершенно 0,180546 0,000040
совершиться 0,662167 0,000146
совсем 0,021189 0,000014
согласие 0,000000 0,000000
соглядатай 1,866287 0,000411
содержать 0,912045 0,000201
сожаление 0,963197 0,000212
сожалеть 0,963197 0,000212
сожалительный 2,167317 0,000477
сознаться 0,769377 0,000169
сойти 0,495219 0,000218
сойтись 0,623249 0,000274
солнце 0,675956 0,000446
сомнение 0,426955 0,000094
сообразно 1,565257 0,000344
сообщить 0,434924 0,000096
сопровождать 0,888564 0,000587
составить 0,912045 0,000201
сотрясаться 0,963197 0,000636
сохраниться 1,167317 0,000771
сохраняться 1,565257 0,000689
сочинение 1,468347 0,000323
спаситель 1,565257 0,000344
спасти 0,468347 0,000103
сперва 0,735954 0,000162
спина 0,752344 0,000166
справедливо 0,805589 0,000177
спросить 0,114239 0,000025
спроситься 1,565257 0,000344
сравнительно 1,088136 0,000239
срам 1,053374 0,000232
среда 1,264227 0,000278
срок 0,675956 0,000149
стадо 1,389166 0,000611
старание 1,264227 0,000278
старец 0,611015 0,003092
старик 0,303994 0,000067
старчество 1,468347 0,001938
старый 0,374926 0,000165
стать 0,002964 0,000010
стена 0,533849 0,000117
степень 0,367977 0,000162
стихира 2,167317 0,000477
стихирчик 2,167317 0,000477
столетие 1,053374 0,000232
столпиться 1,565257 0,000689
столь 0,434924 0,001435
столько 0,443041 0,000097
сторона 0,110412 0,000073
стоя 0,963197 0,000424
стоять 0,150284 0,000099
страна 1,389166 0,000306
странно 0,354404 0,000156
страх 0,426955 0,000376
страшно 0,434924 0,000096
стремительный 1,565257 0,000344
строгий 0,720159 0,000317
строго 0,576253 0,000127
ступенька 1,021189 0,000225
судить 0,523865 0,000231
суета 1,389166 0,000306
суетиться 1,088136 0,000239
суетливый 1,389166 0,000306
суетный 1,866287 0,000821
суждение 1,389166 0,000306
суровый 1,264227 0,000278
сутки 0,991226 0,000218
сухой 1,021189 0,000225
сущий 1,389166 0,000306
сущность 0,675956 0,000149
схима 2,167317 0,000477
схимник 1,690196 0,000744
схимонах 2,167317 0,000477
счесть 0,888564 0,000196
считать 0,275223 0,000242
считаться 1,088136 0,000239
сын 0,434924 0,000096
сюда 0,232819 0,000051
таинственно 1,213075 0,000534
таинственный 0,991226 0,000218
таинство 1,468347 0,000323
таиться 1,125925 0,000248
тайный 1,021189 0,000225
также 0,000000 0,000000
таки 0,066947 0,000015
таковой 0,451314 0,000496
такой 0,002964 0,000008
твердеть 2,167317 0,000477
твой 0,258832 0,000285
творить 1,468347 0,000323
твёрдо 0,419129 0,000277
твёрдость 1,264227 0,000278
текст 0,000000 0,000000
телеса 1,866287 0,001232
телесный 1,866287 0,000411
тело 0,720159 0,001268
теперь 0,015029 0,000013
тесниться 1,322219 0,000582
тихий 0,544068 0,000120
тление 1,866287 0,001232
тлетворный 1,690196 0,002231
тогда 0,050046 0,000055
тоже 0,043466 0,000010
толпа 0,648803 0,000857
толпиться 1,565257 0,000344
только 0,002964 0,000006
том 1,565257 0,000344
торжество 0,912045 0,000201
тот 0,002964 0,000005
тотчас 0,046743 0,000134
точиться 1,866287 0,000411
точно 0,121994 0,000054
требник 2,167317 0,000477
требование 1,264227 0,000278
третий 0,154480 0,000068
три 0,303994 0,000268
трудно 0,459747 0,000202
трудный 0,963197 0,000212
турка 2,167317 0,000477
ты 0,133894 0,000059
тёплый 0,991226 0,000218
уважение 0,648803 0,000143
увидать 0,434924 0,000096
увидеть 0,222835 0,000049
угол 0,341243 0,000225
уготовать 2,167317 0,000477
ударить 0,635838 0,000140
удивление 0,292256 0,000257
удивляться 0,544068 0,000239
удостоить 1,053374 0,000232
ужас 0,468347 0,000103
ужасаться 1,690196 0,000372
ужасно 0,167317 0,000037
узнать 0,106619 0,000023
указание 1,053374 0,000695
указать 0,554533 0,000244
указывать 0,599116 0,000264
укорять 1,021189 0,000225
укрепить 1,690196 0,000372
ум 0,720159 0,000158
умерший 0,000000 0,000000
уметь 0,328468 0,000072
умилительный 1,264227 0,000556
умилённый 1,322219 0,000291
умирать 0,611015 0,000269
умственный 1,322219 0,000291
униматься 1,389166 0,000306
упадок 1,690196 0,000372
упование 1,264227 0,000278
уповать 1,565257 0,000344
упоминать 0,888564 0,000196
упоминовение 2,167317 0,000477
упомянуть 0,704919 0,000465
усиленный 1,213075 0,000267
усиливаться 1,264227 0,000278
усилиться 1,468347 0,000323
усматривать 1,866287 0,000411
усмехнуться 0,374926 0,000082
усмешка 0,752344 0,000166
усопший 1,866287 0,005749
успокоить 0,824895 0,000181
уста 1,322219 0,000291
устав 1,690196 0,000744
установиться 1,389166 0,000611
установление 1,690196 0,000372
установленный 1,866287 0,000411
устать 1,021189 0,000225
усугубить 1,866287 0,000411
утерпеть 1,125925 0,000248
утро 0,347773 0,000077
утром 0,411442 0,000091
уходить 0,328468 0,000072
учинить 1,565257 0,000344
учить 0,752344 0,000331
учёность 1,565257 0,000344
учёный 0,752344 0,000166
ферапонт 1,565257 0,005855
фёдор 0,434924 0,000191
ходить 0,213075 0,000094
хотеть 0,033778 0,000037
хотя 0,050046 0,000099
хохлаковый 0,690196 0,000152
храм 1,213075 0,000534
христос 0,675956 0,000297
хулитель 1,866287 0,000411
цвет 0,991226 0,000218
целый 0,217927 0,000096
цель 0,361137 0,000079
церковь 0,787106 0,000693
чаемый 1,690196 0,000744
час 0,185046 0,000244
часть 0,002964 0,000001
чей 0,000000 0,000000
чело 2,167317 0,000477
человек 0,011981 0,000013
человеческий 0,565257 0,000124
честный 0,735954 0,000162
чесый 2,167317 0,000954
четыре 0,361137 0,000159
чин 0,991226 0,000872
чиновник 0,635838 0,000140
число 0,704919 0,000310
чистота 1,322219 0,000291
читаемый 2,167317 0,000477
читать 0,403889 0,000444
чрево 1,264227 0,000278
чрез 0,275223 0,000121
чрезвычайно 0,217927 0,000048
чрезвычайный 0,258832 0,000114
чтение 1,125925 0,000991
чтить 1,264227 0,000278
что 0,030597 0,000040
чтоб 0,073896 0,000033
чтобы 0,030597 0,000013
чудесный 1,213075 0,000267
чудно 1,322219 0,000291
чудо 0,866287 0,000191
чуть 0,176091 0,000116
чёрный 0,504560 0,000222
чёрт 1,264227 0,000834
шаг 0,367977 0,000162
шептаться 1,468347 0,000323
шум 1,167317 0,000257
шёпотом 0,675956 0,000149
щека 0,623249 0,000137
это 0,002964 0,000002
этот 0,002964 0,000001
юноша 0,912045 0,000401
юродивый 1,088136 0,000479
юродствовать 2,167317 0,000477
я 0,024303 0,000021
явление 1,389166 0,000306
являться 0,675956 0,000297
явно 1,088136 0,000479
явный 1,167317 0,000514
явственно 1,866287 0,000821
якобы 2,167317 0,000954
ярый 1,866287 0,000411
ясно 0,354404 0,000234
ясный 0,623249 0,000137
