автор 0,000000 0,000000
авторский 0,000000 0,000000
алексей 0,000000 0,000000
алеш 0,328468 0,001887
анфим 1,690196 0,001942
беднеть 1,866287 0,001072
бедный 0,328468 0,000566
беседа 1,167317 0,007375
беседовать 1,389166 0,000798
беспрерывно 0,623249 0,000358
беспрерывность 2,167317 0,001245
библиотека 1,866287 0,003216
благословить 0,735954 0,000845
благословлять 1,053374 0,000605
благотворительница 2,167317 0,001245
бодрый 1,468347 0,000843
боз 1,565257 0,000899
более 0,000000 0,000000
боль 0,690196 0,000396
больной 0,258832 0,000149
большой 0,056728 0,000033
бояться 0,158717 0,000091
брат 0,060107 0,000449
братский 1,389166 0,000798
будущий 0,824895 0,000474
быть 0,000000 0,000000
важный 0,341243 0,000196
ваш 0,121994 0,000140
вдвоём 1,322219 0,000759
вдова 0,936868 0,000538
вдруг 0,005949 0,000014
ведущий 1,565257 0,000899
великий 0,341243 0,000392
веровать 0,704919 0,000810
вероятно 0,623249 0,000358
вестись 1,565257 0,001798
весь 0,002964 0,000007
весьма 0,243038 0,000419
весёлый 0,389166 0,000447
вечер 0,322219 0,000555
взгляд 0,185046 0,000213
взять 0,077412 0,000044
вид 0,150284 0,000173
видеть 0,027438 0,000110
видимо 0,328468 0,000189
визит 0,845098 0,000485
вместе 0,208276 0,000120
вместо 0,411442 0,000236
вмешиваться 1,389166 0,000798
вновь 0,720159 0,000414
вовсе 0,150284 0,000086
возлюбить 0,912045 0,000524
вознаграждение 0,000000 0,000000
войти 0,137934 0,000079
вокруг 1,264227 0,000726
волнение 0,361137 0,000207
воочию 1,866287 0,001072
восковой 2,167317 0,001245
воспоминание 0,635838 0,000365
восстать 1,213075 0,000697
впервые 1,565257 0,000899
вполне 0,316059 0,000182
впрочем 0,118099 0,000068
враг 0,735954 0,000423
время 0,018098 0,000010
вскоре 0,991226 0,000569
встать 0,269690 0,000465
вступить 0,675956 0,000388
всякий 0,106619 0,000061
второй 0,217927 0,000376
вход 0,752344 0,000432
вчера 0,341243 0,001176
вчерашний 0,599116 0,001032
вы 0,232819 0,000134
выплата 0,000000 0,000000
выражение 0,514105 0,000295
выразить 0,599116 0,000344
вытерпеть 0,991226 0,000569
вышегорье 1,866287 0,001072
глаз 0,056728 0,000033
глубокий 0,477121 0,000548
говорить 0,011981 0,000021
год 0,292256 0,000168
голова 0,114239 0,000066
голос 0,208276 0,000120
горевать 1,264227 0,000726
господин 0,208276 0,000120
господь 0,374926 0,000215
гость 0,434924 0,002498
гривна 2,167317 0,001245
давний 1,565257 0,000899
давно 0,158717 0,000091
даже 0,005949 0,000027
далеко 0,599116 0,000344
далёкий 0,411442 0,000236
дать 0,171682 0,000099
двадцать 0,303994 0,000175
дверь 0,258832 0,000149
девочка 0,787106 0,000904
дело 0,011981 0,000014
день 0,118099 0,000136
деньга 0,185046 0,000106
детство 0,720159 0,000414
длинный 0,495219 0,000284
дневный 1,866287 0,001072
добровольно 1,322219 0,000759
добрый 0,303994 0,000175
добыть 1,125925 0,000647
должный 0,099131 0,000057
донести 1,264227 0,000726
достоевский 0,000000 0,000000
достояние 0,000000 0,000000
драгоценный 0,912045 0,001048
друг 0,180546 0,000311
другой 0,008955 0,000005
думать 0,060107 0,000035
дух 0,486076 0,000279
духовно 1,866287 0,001072
душа 0,158717 0,000273
дыхание 1,389166 0,000798
евангелие 1,053374 0,000605
едва 0,554533 0,000319
епитимия 2,167317 0,001245
если 0,011981 0,000021
ждать 0,142011 0,000082
жертва 0,769377 0,000442
жизнь 0,084532 0,000680
житие 1,264227 0,000726
заверение 1,690196 0,000971
завтра 0,298086 0,000171
задуматься 0,787106 0,000452
задыхаться 0,635838 0,000365
заметить 0,056728 0,000033
замечательный 0,675956 0,000388
записать 0,845098 0,000971
записка 0,824895 0,000948
заплакать 0,599116 0,000344
запомнить 0,576253 0,000331
заря 1,565257 0,000899
заставить 0,735954 0,000423
засыпать 0,963197 0,000553
звание 1,264227 0,001452
здесь 0,095435 0,000055
здравствуй 1,468347 0,001687
земля 0,298086 0,000514
земной 0,845098 0,000485
зерно 1,468347 0,000843
знать 0,002964 0,000005
значит 0,243038 0,000140
зосим 0,912045 0,002619
иеромонах 1,213075 0,001394
иеросхимонах 1,565257 0,000899
изживать 2,167317 0,001245
излагать 1,264227 0,001452
излить 1,389166 0,000798
изможечь 2,167317 0,001245
изображать 1,125925 0,000647
изречь 1,053374 0,001210
изумление 0,735954 0,000423
изыдесть 2,167317 0,001245
икона 1,167317 0,000670
иметь 0,118099 0,000271
иначе 0,367977 0,000211
иногда 0,208276 0,000120
инок 1,264227 0,002178
иноческий 1,690196 0,001942
иосиф 1,322219 0,001519
исполнить 0,648803 0,000373
использоваться 0,000000 0,000000
испуганный 0,752344 0,000432
источник 1,565257 0,000899
казаться 0,063514 0,000036
како 1,468347 0,000843
каковой 0,576253 0,000331
какой 0,005949 0,000010
карамазов 0,180546 0,000726
келья 0,991226 0,001139
книга 0,106619 0,000184
когда 0,015029 0,000035
комар 0,000000 0,000000
комната 0,150284 0,000345
конец 0,213075 0,000122
конечно 0,060107 0,000035
короче 1,389166 0,000798
костромской 1,866287 0,002144
который 0,002964 0,000007
кресло 0,599116 0,000688
крестьянский 1,565257 0,000899
кроме 0,158717 0,000091
куда 0,248239 0,000143
лампада 1,866287 0,001072
либо 0,000000 0,000000
лизавета 0,623249 0,000716
лик 1,690196 0,000971
литература 1,468347 0,000843
лицо 0,000000 0,000000
лишь 0,185046 0,000531
ложиться 0,824895 0,000474
любить 0,066947 0,000154
любой 0,000000 0,000000
любопытно 0,845098 0,000485
любопытствовать 1,322219 0,000759
мало 0,208276 0,000120
малограмотный 1,866287 0,001072
малое 0,963197 0,000553
малоизвестный 1,565257 0,000899
малый 0,334808 0,000192
мать 0,217927 0,000125
мгновенно 0,888564 0,000510
между 0,129891 0,000075
менее 0,635838 0,000365
место 0,099131 0,000057
мечта 0,735954 0,000423
мещанка 1,389166 0,000798
милый 0,322219 0,001296
минута 0,050046 0,000029
мир 0,523865 0,000301
михаил 1,021189 0,000587
многие 0,468347 0,000269
много 0,080958 0,000326
многое 0,443041 0,000254
мой 0,077412 0,000667
молчаливый 0,720159 0,000414
момент 0,000000 0,000000
монастырь 0,533849 0,000307
монастырёк 1,690196 0,000971
монашка 1,468347 0,000843
мочь 0,000000 0,000000
мысленно 1,565257 0,000899
мыслить 1,088136 0,001250
навеки 0,648803 0,000373
назад 0,000000 0,000000
название 1,088136 0,000625
найти 0,298086 0,000685
наложить 1,690196 0,000971
написать 0,000000 0,000000
напоминание 1,565257 0,000899
настоятель 1,866287 0,001072
наука 0,787106 0,000452
начало 0,243038 0,000140
начать 0,066947 0,000038
наш 0,118099 0,000136
недавно 0,576253 0,000331
неизвестный 0,936868 0,000538
неимоверный 1,866287 0,001072
некий 1,167317 0,000670
некоторый 0,154480 0,000177
необыкновенный 0,396465 0,000228
непременно 0,133894 0,000077
нерушимый 1,468347 0,000843
несколько 0,095435 0,000110
несмотря 0,275223 0,000158
несомненно 0,704919 0,000405
несчастие 0,690196 0,000396
нечто 0,389166 0,000224
неясный 1,088136 0,000625
никак 0,396465 0,000228
никогда 0,088136 0,000101
никто 0,095435 0,000055
нищенствовать 2,167317 0,001245
новый 0,167317 0,000096
ночь 0,189594 0,000109
обетованный 1,866287 0,001072
обещание 1,053374 0,001210
обратиться 0,316059 0,000363
обращаться 0,451314 0,000259
обрести 1,690196 0,000971
общественный 0,000000 0,000000
общий 0,514105 0,000295
огорчаться 1,866287 0,001072
огорчение 1,389166 0,000798
ограничиться 1,690196 0,000971
один 0,000000 0,000000
однако 0,102859 0,000059
оживление 1,866287 0,001072
ожидать 0,264227 0,000304
окружить 1,389166 0,000798
он 0,000000 0,000000
они 0,275223 0,000158
оплакивать 1,690196 0,000971
опубликовать 0,000000 0,000000
опять 0,027438 0,000016
освещаться 2,167317 0,001245
оставить 0,203530 0,000117
остановиться 0,269690 0,000155
остаться 0,133894 0,000077
ответить 0,121994 0,000070
отдать 0,381987 0,000219
отдохнуть 1,213075 0,000697
отец 0,091770 0,000633
относиться 0,824895 0,000474
отсылать 1,565257 0,000899
отходить 0,824895 0,001421
отчасти 0,611015 0,000351
оформление 0,000000 0,000000
очень 0,024303 0,000014
очнуться 0,752344 0,000432
паисий 1,053374 0,003025
память 0,599116 0,000688
пасть 0,866287 0,000498
первый 0,018098 0,000021
перебивать 1,322219 0,000759
переглянуться 1,021189 0,000587
перейти 0,000000 0,000000
перекреститься 1,053374 0,000605
плод 1,389166 0,000798
побеседовать 2,167317 0,001245
поведать 1,468347 0,001687
поверить 0,347773 0,000200
повествование 2,167317 0,001245
повесть 1,053374 0,000605
повторение 1,690196 0,000971
повторять 0,396465 0,000228
поглядеть 0,396465 0,000228
поговорить 0,805589 0,000463
погореть 1,565257 0,000899
подать 0,451314 0,000259
подборка 0,000000 0,000000
подвиг 0,769377 0,000442
поддержать 1,125925 0,000647
поддерживать 1,565257 0,000899
подождать 0,587534 0,000337
подойти 0,341243 0,000196
подробность 0,477121 0,000274
подъём 1,690196 0,000971
пожар 1,690196 0,000971
пожелать 0,675956 0,000388
пожертвование 1,565257 0,000899
пожертвовать 0,963197 0,000553
пойти 0,080958 0,000093
пока 0,213075 0,000122
показаться 0,334808 0,000385
покидать 1,053374 0,000605
поклон 0,787106 0,000452
поклониться 0,662167 0,000761
поклонница 2,167317 0,001245
полагать 0,720159 0,000414
положительно 0,805589 0,000463
положить 0,403889 0,000232
помочь 0,587534 0,000337
помянуть 1,389166 0,000798
пообещать 1,565257 0,000899
порфирий 1,468347 0,004217
посетитель 0,991226 0,001139
посетить 0,866287 0,000498
послать 0,309985 0,000356
после 0,084532 0,000194
последний 0,066947 0,000192
последовать 0,824895 0,000474
послушник 1,167317 0,001341
посмертно 0,000000 0,000000
посмотреть 0,213075 0,000122
поспешить 0,704919 0,001620
постель 0,662167 0,001141
постепенно 1,088136 0,000625
потом 0,084532 0,000049
поутру 0,845098 0,000485
похожий 0,611015 0,000351
почему 0,099131 0,000114
почти 0,024303 0,000014
правый 0,495219 0,000284
пребывать 1,125925 0,000647
пребыть 1,866287 0,001072
пред 0,030597 0,000053
предать 0,866287 0,000498
предназначение 1,866287 0,001072
предпочесть 1,468347 0,000843
предупредить 0,769377 0,000442
прежде 0,077412 0,000089
прежний 0,198834 0,000228
прерываться 1,264227 0,000726
пресечься 1,213075 0,000697
преставиться 1,468347 0,000843
прибыть 0,704919 0,000405
прижизненный 0,000000 0,000000
прийти 0,095435 0,000055
приказать 0,752344 0,000432
принести 0,389166 0,000671
принять 0,180546 0,000104
припомнить 0,533849 0,000307
прислуживать 1,213075 0,000697
присовокупить 1,468347 0,000843
приход 0,888564 0,000510
провести 0,888564 0,000510
проговорить 0,110412 0,000127
программирование 0,000000 0,000000
продолжать 0,125925 0,000072
прожить 0,690196 0,000396
произведение 0,000000 0,000000
происходить 0,523865 0,000602
пройти 0,000000 0,000000
проникновение 1,322219 0,000759
проникновенный 1,322219 0,000759
пророческий 1,866287 0,001072
пророчество 1,389166 0,000798
проснуться 0,735954 0,000423
простенький 2,167317 0,001245
проститься 0,845098 0,000485
просто 0,232819 0,000134
простой 0,576253 0,000331
противник 1,167317 0,000670
протянуть 0,486076 0,000279
проходить 0,576253 0,000331
прямо 0,118099 0,000068
публикация 0,000000 0,000000
путь 0,675956 0,001165
пшеничный 1,468347 0,000843
радостно 0,888564 0,000510
разговор 0,264227 0,000152
разместиться 2,167317 0,001245
разрешение 0,000000 0,000000
ранний 0,504560 0,000290
расположиться 1,167317 0,000670
рассказ 0,477121 0,000548
рассказать 0,280827 0,000161
рваться 1,053374 0,000605
ребёнок 0,232819 0,000267
редко 0,690196 0,000396
речь 0,486076 0,000279
решить 0,232819 0,000134
рука 0,030597 0,000053
рукопись 1,565257 0,000899
русский 0,411442 0,000709
русь 1,264227 0,000726
рыдать 0,963197 0,000553
сайт 0,000000 0,000000
сам 0,002964 0,000003
самый 0,018098 0,000042
сан 1,866287 0,001072
сбор 1,565257 0,000899
сбыться 1,264227 0,000726
светлый 0,735954 0,000423
свеча 1,213075 0,000697
свидетель 0,459747 0,000264
свободно 0,000000 0,000000
свой 0,000000 0,000000
свыше 2,167317 0,001245
святой 0,468347 0,000269
сделать 0,102859 0,000059
себя 0,000000 0,000000
сегодня 0,194189 0,000446
семнадцать 1,264227 0,000726
семьдесят 0,000000 0,000000
сердце 0,095435 0,000384
сидеть 0,125925 0,000145
сие 0,611015 0,001053
сила 0,185046 0,000106
сказать 0,011981 0,000028
скит 1,053374 0,000605
склон 1,690196 0,000971
склониться 1,167317 0,000670
скрывать 0,635838 0,000365
слабость 0,888564 0,000510
слишком 0,133894 0,000077
словно 0,866287 0,000995
слово 0,027438 0,000079
слышать 0,125925 0,000072
смеркаться 1,389166 0,000798
смерть 0,374926 0,000431
смиренный 1,053374 0,001210
смутиться 0,805589 0,000463
снести 0,845098 0,000485
собрание 1,088136 0,000625
собраться 0,662167 0,000761
собственный 0,264227 0,000304
совокупить 1,565257 0,000899
совсем 0,021189 0,000024
согласие 0,000000 0,000000
созерцать 1,021189 0,000587
сознание 0,787106 0,000452
сомнение 0,426955 0,000245
сопутствовать 2,167317 0,001245
сорок 0,845098 0,000485
составить 0,912045 0,000524
сохраниться 1,167317 0,000670
сочинение 1,468347 0,000843
спрашивать 0,232819 0,000134
спустя 0,533849 0,000307
срок 0,675956 0,000388
старенький 1,167317 0,000670
старец 0,611015 0,007370
старший 0,587534 0,000675
старый 0,374926 0,000215
стать 0,002964 0,000002
стена 0,533849 0,000307
столь 0,434924 0,000999
стоя 0,963197 0,000553
стоять 0,150284 0,000086
страдание 0,554533 0,000637
странно 0,354404 0,000204
странный 0,227798 0,000262
странствие 1,565257 0,000899
странствование 2,167317 0,001245
страшный 0,286504 0,000329
стул 0,434924 0,000250
ступать 0,587534 0,000337
стыд 0,533849 0,000307
судьба 0,443041 0,001272
суровый 1,264227 0,000726
схожий 2,167317 0,001245
счастливый 0,451314 0,000259
считать 0,275223 0,000158
таинственно 1,213075 0,000697
также 0,000000 0,000000
таковой 0,451314 0,000259
такой 0,002964 0,000007
твой 0,258832 0,000595
твёрдо 0,419129 0,000481
твёрдый 0,576253 0,000662
текст 0,000000 0,000000
теперь 0,015029 0,000026
терять 0,720159 0,000414
тесный 1,322219 0,000759
тихий 0,544068 0,001250
тогда 0,050046 0,000029
тогдашний 0,635838 0,000365
тоже 0,043466 0,000025
только 0,002964 0,000003
том 1,565257 0,000899
тот 0,002964 0,000015
точно 0,121994 0,000070
тревога 0,648803 0,000373
трепетать 0,735954 0,000423
трепещущий 1,468347 0,000843
трогательный 1,389166 0,000798
труд 0,866287 0,000498
ты 0,133894 0,000615
убедиться 0,623249 0,000358
уважение 0,648803 0,000373
уведомить 1,125925 0,000647
увидать 0,434924 0,000500
уготовлять 2,167317 0,001245
удивляться 0,544068 0,000313
ужаснуться 1,565257 0,000899
ужасный 0,322219 0,000185
узнать 0,106619 0,000061
указание 1,053374 0,000605
указать 0,554533 0,000319
улыбаться 0,544068 0,000313
улыбка 0,374926 0,000215
улыбнуться 0,426955 0,000490
умереть 0,269690 0,000620
умерший 0,000000 0,000000
умиление 0,769377 0,001326
умилиться 1,322219 0,000759
умилённо 1,213075 0,000697
умирающий 1,264227 0,000726
умный 0,403889 0,000232
умолкнуть 1,264227 0,000726
упиться 1,565257 0,000899
успеть 0,203530 0,000117
утомительно 2,167317 0,001245
утром 0,411442 0,000236
учитель 0,936868 0,002691
учёный 0,752344 0,000432
фёдор 0,434924 0,000500
фёдорович 0,150284 0,000259
хозяин 0,805589 0,000925
хотеть 0,033778 0,000039
хотеться 0,292256 0,000168
хотя 0,050046 0,000172
час 0,185046 0,000319
часть 0,002964 0,000003
чей 0,000000 0,000000
человек 0,011981 0,000041
четверо 1,088136 0,001250
четверть 0,769377 0,000442
четвёртый 0,286504 0,000165
число 0,704919 0,000405
читаемый 2,167317 0,001245
читать 0,403889 0,000464
чрезвычайный 0,258832 0,000149
чтение 1,125925 0,000647
чтоб 0,073896 0,000085
чудно 1,322219 0,000759
чуть 0,176091 0,000101
шестой 1,053374 0,001210
шесть 0,514105 0,000295
это 0,002964 0,000007
этот 0,002964 0,000009
юноша 0,912045 0,002095
я 0,024303 0,000014
явиться 0,298086 0,000342
явление 1,389166 0,001596
