автор 0,000000 0,000000
авторский 0,000000 0,000000
алексей 0,000000 0,000000
алеш 0,328468 0,000159
анекдот 0,752344 0,000365
арест 1,167317 0,000566
арестовать 1,264227 0,000613
беда 0,662167 0,000321
бедность 0,963197 0,000467
безнадёжный 1,690196 0,000820
безнравственный 1,565257 0,000759
безобразный 1,053374 0,001022
безудержный 1,565257 0,000759
безумный 0,824895 0,000400
беседа 1,167317 0,000566
бесплодный 1,866287 0,000905
беспрерывный 0,787106 0,000382
бессознательно 1,125925 0,001092
бесспорный 0,787106 0,000763
бешенство 1,053374 0,000511
библиотека 1,866287 0,002715
биллиард 1,690196 0,000820
благодетель 0,866287 0,000420
благонравный 1,690196 0,000820
благоразумно 1,565257 0,000759
благоразумный 1,264227 0,000613
близкий 0,477121 0,000231
бог 0,154480 0,000150
богатый 0,587534 0,000285
более 0,000000 0,000000
больной 0,258832 0,000126
большой 0,056728 0,000028
брат 0,060107 0,000117
бросать 0,787106 0,000382
бросить 0,269690 0,000262
будто 0,099131 0,000144
бушевать 1,468347 0,000712
быть 0,000000 0,000000
важный 0,341243 0,000331
ваш 0,121994 0,000118
вверить 1,468347 0,000712
вводный 2,167317 0,001051
вдруг 0,005949 0,000012
верховцев 1,468347 0,000712
весь 0,002964 0,000013
весьма 0,243038 0,000589
вечер 0,322219 0,000156
взвесить 1,690196 0,000820
взгляд 0,185046 0,000179
взять 0,077412 0,000075
вид 0,150284 0,000292
видеть 0,027438 0,000013
визит 0,845098 0,000410
виноватый 0,328468 0,000159
влететь 1,264227 0,000613
вместе 0,208276 0,000202
вместо 0,411442 0,000200
внимание 0,504560 0,000245
возбуждать 1,167317 0,000566
возвращаться 0,704919 0,000342
возлюбить 0,912045 0,000442
возможность 0,587534 0,000285
вознаграждение 0,000000 0,000000
войти 0,137934 0,000134
ворваться 1,167317 0,000566
воротить 1,053374 0,000511
восклицание 0,991226 0,000481
восклицать 0,533849 0,000259
впереди 0,912045 0,000442
вполне 0,316059 0,000153
впрочем 0,118099 0,000057
врач 1,264227 0,000613
временной 1,690196 0,000820
время 0,018098 0,000026
всегдашний 0,991226 0,000481
вскоре 0,991226 0,000481
встреча 0,554533 0,000269
встречать 0,735954 0,000357
входить 0,477121 0,000231
вывезти 1,690196 0,000820
вывозить 1,866287 0,000905
выказывать 1,125925 0,000546
выплата 0,000000 0,000000
выражаться 0,752344 0,000365
высокоуважаемый 1,866287 0,000905
героиня 2,167317 0,001051
главное 0,185046 0,000179
глубокий 0,477121 0,000231
гнев 0,544068 0,000528
говорить 0,011981 0,000012
голова 0,114239 0,000111
голодный 1,053374 0,000511
гораздо 0,443041 0,000215
город 0,248239 0,000482
господин 0,208276 0,000404
госпожа 0,648803 0,000629
грабёж 1,167317 0,000566
грушенек 0,787106 0,000382
грушенька 0,544068 0,000264
давно 0,158717 0,000077
даже 0,005949 0,000012
далёкий 0,411442 0,000200
дама 0,434924 0,000211
дать 0,171682 0,000167
двенадцатый 0,690196 0,000669
двое 0,936868 0,000909
действительно 0,106619 0,000052
делать 0,194189 0,000094
делиться 1,690196 0,000820
дело 0,011981 0,000041
деньга 0,185046 0,000718
добыть 1,125925 0,000546
довести 0,720159 0,000699
доказать 0,565257 0,000274
документ 1,053374 0,001022
должный 0,099131 0,000144
дом 0,154480 0,000075
достать 0,587534 0,000285
достоевский 0,000000 0,000000
достояние 0,000000 0,000000
доходить 0,769377 0,000373
другой 0,008955 0,000026
думать 0,060107 0,000029
дух 0,486076 0,000236
душа 0,158717 0,000077
единственно 0,477121 0,000231
если 0,011981 0,000017
жаждать 0,769377 0,000373
желание 0,514105 0,000249
жених 0,824895 0,000400
женщина 0,213075 0,000103
жительница 2,167317 0,001051
жить 0,217927 0,000106
забожиться 1,866287 0,000905
забота 0,824895 0,000400
завтра 0,298086 0,000289
заглядывать 1,021189 0,000495
зад 1,213075 0,000588
задумать 1,565257 0,002277
зажечься 1,866287 0,001810
заключать 0,787106 0,000382
заключаться 0,635838 0,000308
заключить 0,347773 0,000169
заклясться 1,866287 0,000905
законный 0,963197 0,000467
заметить 0,056728 0,000028
замысел 1,322219 0,000641
зарождаться 1,322219 0,000641
заседатель 1,213075 0,000588
затаиться 1,866287 0,000905
затем 0,237898 0,000346
захватить 0,587534 0,000285
захватывать 1,468347 0,000712
захотеться 0,704919 0,000342
зачем 0,146128 0,000142
звезда 1,053374 0,000511
здесь 0,095435 0,000139
здешний 0,611015 0,000593
злобный 0,635838 0,000308
знак 0,565257 0,000822
знать 0,002964 0,000001
значение 0,936868 0,000909
знающий 1,264227 0,000613
золотой 0,805589 0,000391
зрение 1,468347 0,000712
иван 0,232819 0,000226
игра 0,787106 0,001145
играть 0,599116 0,000291
идея 0,459747 0,000446
идти 0,180546 0,000088
избежать 1,565257 0,001518
избить 0,845098 0,000820
известие 0,554533 0,000269
известно 0,334808 0,000162
известный 0,347773 0,000169
измена 1,167317 0,001132
изменница 2,167317 0,001051
измученный 1,021189 0,000990
именно 0,066947 0,000195
иметь 0,118099 0,000229
инфернальный 1,565257 0,000759
ипполит 0,599116 0,002324
искренний 0,576253 0,000279
исполнение 1,389166 0,001347
исполнить 0,648803 0,000944
использоваться 0,000000 0,000000
исступление 0,565257 0,001097
исступлённый 0,805589 0,000391
исторический 1,167317 0,001132
источник 1,565257 0,000759
исход 0,991226 0,001442
исчерпать 1,690196 0,000820
какой 0,005949 0,000014
капитал 0,912045 0,000442
капитан 0,769377 0,000373
карамазов 0,180546 0,000350
карамазовский 1,088136 0,000528
картина 0,690196 0,000669
каторга 0,963197 0,000467
кириллович 1,021189 0,003962
клятва 1,264227 0,000613
книга 0,106619 0,000155
когда 0,015029 0,000051
колебаться 1,088136 0,001055
колено 0,565257 0,000274
комар 0,000000 0,000000
комната 0,150284 0,000073
кончиться 0,495219 0,000240
копить 1,322219 0,000641
который 0,002964 0,000010
красный 0,611015 0,000296
кривая 1,565257 0,000759
крик 0,514105 0,000249
кричать 0,303994 0,000737
кровавый 1,264227 0,000613
кровь 0,389166 0,000377
кроме 0,158717 0,000077
кто 0,114239 0,000055
купеческий 1,167317 0,000566
кутёж 1,021189 0,000495
ленточка 1,264227 0,000613
либо 0,000000 0,000000
литература 1,468347 0,000712
лицо 0,000000 0,000000
лишь 0,185046 0,000897
любим 1,167317 0,001132
любовь 0,334808 0,000649
любой 0,000000 0,000000
лягавома 1,565257 0,000759
маленький 0,185046 0,000090
мания 1,468347 0,000712
маньяк 2,167317 0,002102
мать 0,217927 0,000106
мгновенно 0,888564 0,000431
мгновенный 1,389166 0,000674
медик 1,468347 0,000712
медный 1,021189 0,000495
мелькнуть 0,544068 0,000264
менее 0,635838 0,000925
место 0,099131 0,000048
месяц 0,264227 0,000641
минута 0,050046 0,000073
митя 0,451314 0,000219
мнение 0,374926 0,000182
много 0,080958 0,000157
многократно 1,866287 0,000905
можно 0,088136 0,000043
мокрый 0,675956 0,000328
молодой 0,222835 0,000756
молчаливый 0,720159 0,000349
молчать 0,248239 0,000120
момент 0,000000 0,000000
монастырь 0,533849 0,000259
мочь 0,000000 0,000000
мрак 0,787106 0,000382
мстительность 2,167317 0,001051
мучительница 1,690196 0,000820
мучиться 0,623249 0,000302
мы 0,648803 0,000629
мыслия 1,468347 0,000712
мысль 0,114239 0,000111
наблюдательный 1,690196 0,000820
навсегда 0,735954 0,000357
надежда 0,533849 0,000777
надеяться 0,434924 0,000211
назад 0,000000 0,000000
название 1,088136 0,000528
найти 0,298086 0,000434
наклонность 1,213075 0,000588
наконец 0,073896 0,000143
накричать 1,866287 0,000905
намерение 0,514105 0,000499
написать 0,000000 0,000000
написаться 2,167317 0,001051
напиться 1,167317 0,000566
напрашиваться 1,322219 0,000641
насилие 1,389166 0,000674
наследство 0,824895 0,000400
насмешливость 2,167317 0,001051
настойчиво 0,787106 0,000382
настоящий 0,309985 0,000301
наука 0,787106 0,000382
находить 0,576253 0,000279
начало 0,243038 0,000118
начать 0,066947 0,000032
наш 0,118099 0,000172
невеста 0,720159 0,000349
невольно 0,704919 0,000342
недоплатить 1,866287 0,000905
неизвестно 0,936868 0,000454
необходимый 0,599116 0,000291
нерв 1,322219 0,000641
несколько 0,095435 0,000093
несмотря 0,275223 0,000133
несомненный 1,088136 0,000528
несравненно 1,264227 0,000613
несчастный 0,374926 0,000909
нибыть 0,030597 0,000015
ничего 0,030597 0,000030
нога 0,213075 0,000103
нормальный 1,389166 0,000674
ночь 0,189594 0,000092
нрав 1,167317 0,000566
нравственный 0,690196 0,000335
обагрить 1,690196 0,000820
обвинение 0,787106 0,000763
обдуманно 1,866287 0,001810
обдуманность 2,167317 0,001051
обдумать 0,936868 0,000454
обед 0,690196 0,000335
обзор 1,690196 0,001639
обитель 1,690196 0,000820
обладать 1,264227 0,000613
обман 1,021189 0,000990
обмануть 0,787106 0,000382
обойти 1,213075 0,000588
обойтись 0,912045 0,000442
обольститель 1,468347 0,000712
обольстительница 1,866287 0,000905
образ 0,243038 0,000118
образоваться 1,468347 0,001424
обращать 0,963197 0,000467
обстоятельно 1,565257 0,000759
обстоятельство 0,403889 0,000392
общественный 0,000000 0,000000
общество 0,468347 0,000227
объявить 0,389166 0,000189
объявлять 0,769377 0,000373
объяснить 0,374926 0,000182
объятие 0,991226 0,000481
обыкновение 0,888564 0,000431
огласка 1,389166 0,000674
один 0,000000 0,000000
однако 0,102859 0,000050
озлиться 1,053374 0,000511
озлобить 1,389166 0,000674
озлобление 1,389166 0,000674
оказаться 0,275223 0,000133
окно 0,381987 0,000185
окончательный 0,936868 0,000454
омерзительный 1,690196 0,000820
он 0,000000 0,000000
опасение 1,468347 0,000712
опасный 0,845098 0,000820
опешить 1,565257 0,000759
описание 1,468347 0,000712
описать 0,912045 0,002212
определять 1,389166 0,002021
опубликовать 0,000000 0,000000
опять 0,027438 0,000027
оружие 1,021189 0,002476
осмеять 1,389166 0,000674
особа 0,769377 0,001492
особенность 1,125925 0,000546
особый 0,565257 0,000274
оставить 0,203530 0,000296
остаться 0,133894 0,000065
отвечать 0,258832 0,000126
отец 0,091770 0,000401
откуда 0,514105 0,000249
отпереть 0,805589 0,000391
отправиться 0,611015 0,000593
отрицаться 1,866287 0,000905
отцеубийство 1,322219 0,000641
отцовский 1,125925 0,000546
оформление 0,000000 0,000000
очевидный 0,554533 0,000538
павлович 0,286504 0,000417
падение 1,125925 0,001092
падучий 0,936868 0,000454
пакет 0,963197 0,000467
пасть 0,866287 0,000420
перед 0,554533 0,000538
перейти 0,000000 0,000000
перенести 0,704919 0,000342
пестик 1,167317 0,001698
писаный 1,565257 0,001518
писать 0,419129 0,000407
письмо 0,434924 0,000633
план 0,888564 0,000862
плохой 0,533849 0,000259
победить 0,787106 0,000382
повод 0,635838 0,000617
подавать 0,866287 0,000420
подать 0,451314 0,000219
подборка 0,000000 0,000000
поддакивать 1,866287 0,000905
подкрадываться 2,167317 0,001051
подозревать 0,504560 0,000245
подозрение 0,991226 0,001923
подписать 1,213075 0,000588
подпись 1,389166 0,000674
подробный 0,888564 0,000431
подсудимый 0,866287 0,009243
подушка 0,611015 0,000296
пожалуй 0,237898 0,000231
поклоняться 2,167317 0,001051
покончить 0,769377 0,000746
покровитель 1,264227 0,000613
покровительство 1,264227 0,000613
поле 0,912045 0,000885
полный 0,253503 0,000369
положение 0,459747 0,000223
положить 0,403889 0,000392
полтора 0,787106 0,000382
получить 0,309985 0,000150
пользоваться 0,963197 0,000934
помешательство 1,167317 0,000566
понимать 0,095435 0,000046
понятно 0,936868 0,000454
понять 0,106619 0,000052
пора 0,690196 0,000335
посетитель 0,991226 0,000961
посетить 0,866287 0,000420
послать 0,309985 0,000150
после 0,084532 0,000082
последний 0,066947 0,000032
послужить 0,824895 0,000800
посмертно 0,000000 0,000000
посмеяться 1,125925 0,000546
пост 1,264227 0,000613
постепенно 1,088136 0,000528
постоянный 1,167317 0,000566
потом 0,084532 0,000082
потому 0,024303 0,000035
похождение 2,167317 0,001051
почему 0,099131 0,000048
почесть 0,769377 0,000373
почти 0,024303 0,000024
почтительно 1,053374 0,000511
почувствовать 0,426955 0,000207
пояснить 1,167317 0,000566
правда 0,088136 0,000085
праздношатание 2,167317 0,001051
пред 0,030597 0,000015
предварительно 0,991226 0,000481
предлагать 0,824895 0,000400
предмет 0,611015 0,001185
преднамерение 1,866287 0,002715
преднамеренно 1,565257 0,001518
преднамеренность 1,866287 0,000905
предположение 0,991226 0,000481
представить 0,286504 0,000139
представлять 0,845098 0,000820
предстоять 0,963197 0,000467
прежде 0,077412 0,000113
прежний 0,198834 0,000096
презрение 0,554533 0,000269
прельщать 1,690196 0,000820
препятствовать 1,565257 0,000759
преступление 0,623249 0,001209
привычка 0,769377 0,000373
приготовить 0,675956 0,000328
приготовляться 1,125925 0,000546
прижизненный 0,000000 0,000000
признание 0,824895 0,000400
признать 0,735954 0,000357
признаться 0,443041 0,000430
прииск 1,322219 0,000641
прийти 0,095435 0,000046
приказчик 1,264227 0,000613
приключение 0,936868 0,000454
присвоение 1,866287 0,000905
присовокупить 1,468347 0,000712
приступить 1,125925 0,000546
присяжный 0,991226 0,000481
причина 0,396465 0,000385
провожать 0,936868 0,000454
программа 1,468347 0,001424
программирование 0,000000 0,000000
продать 0,824895 0,000400
продолжать 0,125925 0,000061
произведение 0,000000 0,000000
произойти 0,258832 0,000126
пройти 0,000000 0,000000
проклятие 1,088136 0,000528
прокурор 0,787106 0,000763
пролиться 1,565257 0,000759
просить 0,150284 0,000073
проследить 1,690196 0,000820
простирать 1,167317 0,000566
пространно 1,866287 0,000905
против 0,389166 0,000189
прямо 0,118099 0,000057
психологический 1,213075 0,000588
публикация 0,000000 0,000000
пункт 0,824895 0,000400
пуститься 0,845098 0,000410
путешествие 1,468347 0,001424
пьяный 0,451314 0,001094
разбиваться 1,866287 0,000905
развернуть 0,866287 0,000420
разговор 0,264227 0,000128
раздражить 0,720159 0,000349
разнести 1,389166 0,000674
разочарование 1,866287 0,000905
разрешение 0,000000 0,000000
ракитин 0,787106 0,000382
ранний 0,504560 0,000734
раскаяние 0,769377 0,000373
распространиться 1,389166 0,000674
расчётливый 1,565257 0,000759
ревнивый 1,088136 0,001055
ревность 0,888564 0,001724
речь 0,486076 0,000236
решаться 0,752344 0,000365
решение 0,533849 0,000259
род 0,419129 0,000203
родовой 1,213075 0,000588
роковой 0,704919 0,002393
романический 1,468347 0,000712
рубль 0,334808 0,000325
рука 0,030597 0,000030
русский 0,411442 0,000200
сад 0,824895 0,000400
сайт 0,000000 0,000000
сам 0,002964 0,000007
самсонов 1,053374 0,002043
самый 0,018098 0,000044
свет 0,176091 0,000085
свидетель 0,459747 0,000446
свидетельство 0,991226 0,000481
свободно 0,000000 0,000000
своеобразный 1,389166 0,000674
свой 0,000000 0,000000
сделать 0,102859 0,000100
себя 0,000000 0,000000
сегодня 0,194189 0,000471
сейчас 0,070407 0,000034
семейный 0,769377 0,000373
семьдесят 0,000000 0,000000
семья 0,991226 0,000481
сердце 0,095435 0,000139
сжатый 1,690196 0,000820
сибирь 0,866287 0,000420
сидеть 0,125925 0,000061
сила 0,185046 0,000090
симпатия 1,167317 0,000566
сказать 0,011981 0,000017
скорый 0,237898 0,000115
слава 0,635838 0,000308
следовать 0,544068 0,000264
слишком 0,133894 0,000130
слово 0,027438 0,000013
сломя 1,125925 0,000546
слуга 0,599116 0,000291
служанка 0,888564 0,000431
случай 0,146128 0,000071
слышать 0,125925 0,000183
сманивать 2,167317 0,001051
смердяков 0,576253 0,001118
смеяться 0,171682 0,000250
смиряться 1,690196 0,000820
сначала 0,434924 0,000211
снегирёв 1,264227 0,000613
соблазн 1,125925 0,000546
собрание 1,088136 0,000528
собственно 0,565257 0,000274
собственный 0,264227 0,000384
совершенно 0,180546 0,000088
совершить 0,769377 0,000373
совершиться 0,662167 0,000321
совет 0,662167 0,000321
совпадение 1,468347 0,000712
совсем 0,021189 0,000010
согласие 0,000000 0,000000
согласиться 0,396465 0,000385
согласный 0,565257 0,000548
согнать 1,565257 0,000759
созерцать 1,021189 0,001981
сознание 0,787106 0,000382
сознательный 1,468347 0,000712
созревать 1,866287 0,000905
сообщать 0,963197 0,000467
соперник 1,053374 0,001022
сопротивляться 1,389166 0,000674
состояние 0,322219 0,000469
сострадать 1,690196 0,000820
сочинение 1,468347 0,000712
способность 0,805589 0,000391
срок 0,675956 0,000328
ссора 1,021189 0,000495
старание 1,264227 0,000613
старик 0,303994 0,000590
стать 0,002964 0,000003
столичный 1,053374 0,000511
сторона 0,110412 0,000107
стоя 0,963197 0,000467
стоять 0,150284 0,000073
странный 0,227798 0,000110
страсть 0,735954 0,001071
страх 0,426955 0,000207
страшный 0,286504 0,000139
стремиться 0,888564 0,000862
стремление 1,565257 0,000759
суд 0,554533 0,000269
судьба 0,443041 0,000215
сумма 0,662167 0,000321
супруг 0,523865 0,000254
сутки 0,991226 0,000961
схватить 0,347773 0,000169
схватывать 1,389166 0,000674
сцена 0,554533 0,000538
счастие 0,451314 0,000438
считать 0,275223 0,000400
таить 1,690196 0,000820
также 0,000000 0,000000
таки 0,066947 0,000162
таковой 0,451314 0,000219
такой 0,002964 0,000006
талантливый 1,322219 0,000641
твёрдо 0,419129 0,000407
твёрдый 0,576253 0,000279
текст 0,000000 0,000000
теперь 0,015029 0,000036
тогда 0,050046 0,000024
только 0,002964 0,000010
том 1,565257 0,000759
тот 0,002964 0,000012
тотчас 0,046743 0,000091
точка 0,623249 0,000302
трагедия 1,053374 0,000511
трактат 1,565257 0,000759
трактир 0,720159 0,002096
трата 2,167317 0,001051
требовать 0,565257 0,000274
тревога 0,648803 0,000315
трезвый 1,565257 0,002277
три 0,303994 0,000295
тысяча 0,217927 0,000634
тяжело 0,565257 0,000274
убеждённый 0,635838 0,000308
убийство 0,787106 0,001145
убить 0,275223 0,000267
уверить 0,599116 0,000291
угроза 1,125925 0,001092
удивительный 0,735954 0,000357
уехать 0,459747 0,000446
узнать 0,106619 0,000052
уйти 0,248239 0,000120
указывать 0,599116 0,000291
укорять 1,021189 0,000495
уличение 1,866287 0,000905
уменьшать 1,866287 0,000905
умерший 0,000000 0,000000
умный 0,403889 0,000196
умственный 1,322219 0,000641
упоминать 0,888564 0,000431
употребить 1,088136 0,000528
усилие 0,845098 0,000410
успеть 0,203530 0,000099
утверждать 0,623249 0,000605
уходить 0,328468 0,000159
факт 0,533849 0,001036
федора 0,912045 0,000442
фраза 0,805589 0,000391
фёдор 0,434924 0,000844
характер 0,374926 0,000727
характеристика 1,322219 0,001282
характерный 0,845098 0,000820
хороший 0,077412 0,000038
хотеть 0,033778 0,000016
хотеться 0,292256 0,000142
хотя 0,050046 0,000024
хохлаковый 0,690196 0,000335
целый 0,217927 0,000211
цель 0,361137 0,000175
цинизм 1,690196 0,000820
час 0,185046 0,000179
часть 0,002964 0,000003
часы 0,787106 0,000382
чей 0,000000 0,000000
человек 0,011981 0,000052
честной 0,587534 0,000285
честь 0,403889 0,000196
четвёртый 0,286504 0,000278
число 0,704919 0,000342
чисто 1,213075 0,001177
читаемый 2,167317 0,001051
читать 0,403889 0,000196
что 0,030597 0,000030
чтоб 0,073896 0,000323
чтобы 0,030597 0,000030
чужой 0,662167 0,000321
чуть 0,176091 0,000085
ширма 1,389166 0,000674
штабс 1,021189 0,000495
экспертиза 1,468347 0,001424
эпизод 1,021189 0,000495
это 0,002964 0,000014
этот 0,002964 0,000023
я 0,024303 0,000024
явиться 0,298086 0,000145
явный 1,167317 0,000566
язык 0,611015 0,000296
