австрийский 2,167317 0,000488
автобиограф 2,167317 0,000488
автор 0,000000 0,000000
авторский 0,000000 0,000000
александр 1,213075 0,001093
александрович 0,504560 0,000114
алексей 0,000000 0,000000
альбом 1,468347 0,000992
ангельский 1,389166 0,000626
анна 1,389166 0,000313
апломб 1,690196 0,000381
архив 1,866287 0,000420
базанкур 2,167317 0,000488
барак 2,167317 0,000488
барон 1,690196 0,000381
барчонок 1,322219 0,000298
басманный 2,167317 0,000488
башмак 1,264227 0,000285
бедный 0,328468 0,000148
бедствие 1,690196 0,000761
бежать 0,434924 0,000098
безмерный 1,264227 0,000285
белые 1,213075 0,000273
белый 0,720159 0,000162
бесконечно 1,088136 0,000245
бесполезность 1,866287 0,000420
беспорядок 0,787106 0,000177
библиотека 1,866287 0,001261
биться 0,623249 0,000140
благодарить 0,635838 0,000143
благодарный 0,752344 0,000508
благородно 1,167317 0,000789
благородный 0,374926 0,000084
благословить 0,735954 0,000331
блеск 1,088136 0,000245
блестящий 0,963197 0,000434
ближний 1,213075 0,000273
блокгауз 2,167317 0,000488
боб 2,167317 0,001464
бог 0,154480 0,000035
бойкий 1,322219 0,000298
более 0,000000 0,000000
боль 0,690196 0,000155
больно 0,787106 0,000177
бормотать 0,662167 0,000149
ботфорт 2,167317 0,000488
боярин 2,167317 0,001464
бояться 0,158717 0,000036
браво 1,167317 0,000263
брак 0,735954 0,000166
брат 0,060107 0,000027
брать 0,486076 0,000328
бросить 0,269690 0,000061
броситься 0,258832 0,000117
будто 0,099131 0,000022
буквально 0,805589 0,000181
бутылка 0,845098 0,000190
бывало 0,554533 0,000125
бывать 0,280827 0,000316
бывший 0,389166 0,000088
быстро 0,232819 0,000105
быстрота 1,125925 0,000254
быстрый 0,824895 0,000186
быть 0,000000 0,000000
ваганьковский 2,167317 0,001464
важность 0,991226 0,000223
ватерлооска 2,167317 0,000488
ваш 0,121994 0,000165
ваша 0,523865 0,000118
ввек 2,167317 0,000488
вдвоём 1,322219 0,000298
вдохновение 1,053374 0,000474
вдруг 0,005949 0,000016
ведь 0,043466 0,000059
великан 2,167317 0,000488
великий 0,341243 0,000615
великое 0,888564 0,000200
величество 2,167317 0,000488
верить 0,180546 0,000081
вернуться 0,963197 0,000434
верный 0,495219 0,000112
верхом 1,389166 0,000626
весна 1,125925 0,000507
весь 0,002964 0,000005
весьма 0,243038 0,000055
весёлый 0,389166 0,000175
вечером 0,533849 0,000361
вечность 1,690196 0,000381
вечный 0,769377 0,000173
вещь 0,411442 0,000093
взад 1,389166 0,000313
взгляд 0,185046 0,000250
взглядывать 1,322219 0,000298
вздорно 2,167317 0,000488
вздрогнуть 0,486076 0,000219
взять 0,077412 0,000052
взяться 0,824895 0,000186
вид 0,150284 0,000135
видеть 0,027438 0,000025
видимо 0,328468 0,000148
видный 1,088136 0,000245
визит 0,845098 0,000190
вино 0,752344 0,000169
вкратце 1,389166 0,000313
влечь 1,167317 0,000263
вместе 0,208276 0,000047
вместо 0,411442 0,000278
вмешаться 2,167317 0,000488
вначале 0,936868 0,000211
внезапный 0,533849 0,000240
военный 0,936868 0,000211
возбудить 0,787106 0,000177
возможность 0,587534 0,000529
вознаграждение 0,000000 0,000000
возраст 0,963197 0,000217
войско 2,167317 0,000976
войти 0,137934 0,000062
волнение 0,361137 0,000163
волноваться 1,167317 0,000263
вообще 0,459747 0,000104
вопрос 0,146128 0,000033
ворота 0,720159 0,000162
воротиться 0,303994 0,000137
воротник 1,322219 0,000298
восвояси 2,167317 0,000488
восемьсот 1,565257 0,000352
воскликнуть 0,269690 0,000121
восторг 0,419129 0,000189
восторженно 0,936868 0,000211
вперёд 0,426955 0,000096
вполне 0,316059 0,000071
впрочем 0,118099 0,000027
враг 0,735954 0,000166
время 0,018098 0,000012
всегда 0,129891 0,000029
вскричать 0,253503 0,000571
всосать 2,167317 0,000488
вспомнить 0,434924 0,000392
встать 0,269690 0,000061
всякий 0,106619 0,000096
вчера 0,341243 0,000307
вшествие 2,167317 0,000488
вы 0,232819 0,000052
выбежать 0,752344 0,000169
вывести 0,611015 0,000138
выговор 1,468347 0,000331
выговориться 1,866287 0,000420
выгорецкий 2,167317 0,000488
выдержать 0,587534 0,000265
выдумать 0,648803 0,000146
выезжать 1,468347 0,000331
выехать 1,322219 0,000595
выйти 0,063514 0,000043
вынести 0,486076 0,000109
выплата 0,000000 0,000000
выражение 0,514105 0,000116
выразиться 0,504560 0,000227
вырваться 0,565257 0,000127
высказать 0,523865 0,000118
высокий 0,213075 0,000144
выступление 2,167317 0,000488
выходить 0,258832 0,000117
газета 0,866287 0,000390
ганька 1,264227 0,000285
ганя 0,735954 0,000166
генерал 0,504560 0,004090
глаз 0,056728 0,000141
говорить 0,011981 0,000043
гоголь 1,565257 0,000352
год 0,292256 0,000658
голова 0,114239 0,000026
голубчик 0,565257 0,000127
гораздо 0,443041 0,000100
гордость 0,587534 0,000265
гордый 0,576253 0,000130
горький 0,912045 0,000205
горячий 0,523865 0,000118
господин 0,208276 0,000047
гостеприимство 1,690196 0,000381
гостиная 0,845098 0,000190
гость 0,434924 0,000196
готовый 0,367977 0,000083
гриша 2,167317 0,000976
громадный 1,389166 0,000313
грубо 1,125925 0,000254
грубость 1,322219 0,000595
грубый 0,824895 0,000371
грудной 1,264227 0,000285
грудь 0,443041 0,000100
грустно 0,735954 0,000166
губа 0,411442 0,000093
дава 1,866287 0,004623
давно 0,158717 0,000071
даже 0,005949 0,000031
далёкий 0,411442 0,000093
дарить 1,264227 0,000569
дать 0,171682 0,000039
даться 1,322219 0,000298
два 0,198834 0,000045
двенадцатый 0,690196 0,001243
двенадцать 0,805589 0,000181
дворец 1,690196 0,001522
дворянин 1,167317 0,000263
девочка 0,787106 0,000177
действительно 0,106619 0,000024
действительность 0,991226 0,000223
дело 0,011981 0,000030
день 0,118099 0,000133
деньга 0,185046 0,000042
деревянный 0,787106 0,000354
держать 0,403889 0,000091
дерзость 1,167317 0,000263
десятилетний 1,565257 0,000352
десять 0,298086 0,000336
детство 0,720159 0,000162
династия 2,167317 0,000488
дитя 0,888564 0,001200
длинный 0,495219 0,000112
добрый 0,303994 0,000137
довести 0,720159 0,000162
довольно 0,129891 0,000029
догадаться 0,554533 0,000125
договаривать 1,264227 0,000569
договорить 0,888564 0,000200
доказательство 0,824895 0,000186
доказать 0,565257 0,000127
долго 0,222835 0,000100
должный 0,099131 0,000045
дом 0,154480 0,000209
домой 0,459747 0,000621
доставить 1,021189 0,000230
достать 0,587534 0,000132
достоевский 0,000000 0,000000
достоинство 0,587534 0,000397
достойный 0,888564 0,000200
достояние 0,000000 0,000000
дочь 0,374926 0,000169
драгоценность 1,866287 0,000420
дрожать 0,426955 0,000096
друг 0,180546 0,000081
другой 0,008955 0,000016
дружба 0,805589 0,000363
думать 0,060107 0,000041
душа 0,158717 0,000179
дуэль 1,213075 0,000546
ежегодно 2,167317 0,000976
ездить 0,690196 0,000622
екатерина 1,866287 0,000420
еропег 1,866287 0,000420
еропегов 1,866287 0,000840
ерошка 1,866287 0,000420
если 0,011981 0,000043
есть 0,018098 0,000016
жалеть 0,805589 0,000181
жаль 0,635838 0,000286
жар 0,587534 0,000132
желать 0,232819 0,000105
жена 0,486076 0,000219
женщина 0,213075 0,000048
жизнь 0,084532 0,000076
жилет 1,213075 0,000273
жозефина 2,167317 0,001464
забава 1,690196 0,000381
забавник 2,167317 0,000488
забавный 1,389166 0,000313
забежать 1,167317 0,000263
заблистать 1,690196 0,000761
забыть 0,125925 0,000057
зависеть 0,888564 0,000200
зависть 1,565257 0,000352
задержать 1,088136 0,000245
задумчивость 0,912045 0,000205
задыхаться 0,635838 0,000143
зайти 0,554533 0,000125
закипеть 1,322219 0,000298
заключать 0,787106 0,000177
заключить 0,347773 0,000078
заключиться 1,690196 0,000381
закончить 0,824895 0,000186
закричать 0,434924 0,000098
закрыть 0,576253 0,000130
зала 0,662167 0,000149
заменять 1,866287 0,000420
заметить 0,056728 0,000128
замечание 0,888564 0,000200
замечать 0,554533 0,000125
замечаться 1,690196 0,000381
замолкнуть 1,088136 0,000245
занятый 0,866287 0,000390
занять 0,991226 0,000223
записка 0,824895 0,001486
заподозрить 1,088136 0,000245
зарыдать 1,213075 0,000273
засверкать 0,720159 0,000162
заслужить 0,824895 0,000186
засмеяться 0,347773 0,000078
застать 0,648803 0,000146
засыпать 0,963197 0,000217
затвориться 1,322219 0,000298
зато 0,468347 0,000316
заточение 2,167317 0,000488
заходить 0,611015 0,000138
зашептать 1,167317 0,000263
заявить 0,675956 0,000152
звать 0,419129 0,000189
здесь 0,095435 0,000086
зелёный 0,805589 0,000181
земля 0,298086 0,000067
злой 0,587534 0,000132
знак 0,565257 0,000127
знаменательно 2,167317 0,000488
знаменитый 0,936868 0,000211
знание 1,053374 0,000237
знаток 1,213075 0,000273
знать 0,002964 0,000009
значительно 1,213075 0,000546
знойный 2,167317 0,000976
золото 1,125925 0,000254
золотой 0,805589 0,000544
зрелище 1,468347 0,000331
идиот 0,426955 0,000385
известный 0,347773 0,000078
извинить 0,611015 0,000275
извиниться 1,264227 0,000285
издать 1,866287 0,000420
изложить 0,866287 0,000195
изобрести 1,565257 0,000705
именно 0,066947 0,000181
иметь 0,118099 0,000106
император 1,468347 0,003637
императрица 1,690196 0,001142
имя 0,752344 0,000169
индивидуум 1,690196 0,000381
иногда 0,208276 0,000375
иной 0,208276 0,000094
интересно 1,213075 0,000546
интересный 0,845098 0,000190
интересоваться 0,787106 0,000177
интимный 1,264227 0,000285
исколотить 2,167317 0,000488
искра 1,866287 0,000420
искренний 0,576253 0,000260
искренность 0,991226 0,000223
использоваться 0,000000 0,000000
испугать 0,845098 0,000190
испугаться 0,523865 0,000354
исступление 0,565257 0,000127
истинный 0,611015 0,000138
источник 1,565257 0,000352
кабинет 0,936868 0,000211
кадетский 1,866287 0,000420
кадиться 1,468347 0,000331
каждый 0,137934 0,000155
казаться 0,063514 0,000029
какой 0,005949 0,000009
каламбур 1,389166 0,000313
камера 1,690196 0,001903
кампания 2,167317 0,000976
капельку 0,963197 0,000217
капитан 0,769377 0,000173
касаться 0,599116 0,000135
качество 0,735954 0,000497
квартира 0,623249 0,000140
кивнуть 0,912045 0,000411
кладбище 1,468347 0,000661
книга 0,106619 0,000144
князь 0,443041 0,004589
когда 0,015029 0,000024
коли 0,269690 0,000061
коллежский 1,690196 0,000381
коля 0,565257 0,001655
комар 0,000000 0,000000
комната 0,150284 0,000102
конец 0,213075 0,000048
конечно 0,060107 0,000135
констан 2,167317 0,001464
конченый 0,963197 0,000217
конь 1,213075 0,000546
кормить 1,125925 0,000254
король 1,468347 0,000661
корпус 1,389166 0,000313
костюм 1,264227 0,000285
который 0,002964 0,000008
крайний 0,292256 0,000132
краска 0,991226 0,000223
красный 0,611015 0,000138
краткий 1,264227 0,000285
кремль 2,167317 0,001464
кремлёвский 2,167317 0,000488
крепкий 0,787106 0,000354
крепко 0,443041 0,000100
крест 0,690196 0,000155
крикнуть 0,292256 0,000132
критика 1,213075 0,000546
кричать 0,303994 0,000205
кроме 0,158717 0,000107
кругом 0,419129 0,000094
крыло 1,690196 0,000381
крыльцо 0,787106 0,000709
куда 0,248239 0,000224
ласково 0,936868 0,000211
лгать 0,599116 0,000405
лгун 1,690196 0,000761
лебедев 0,690196 0,001243
лев 1,021189 0,000230
левый 0,704919 0,000159
лежать 0,243038 0,000164
либо 0,000000 0,000000
лизавета 0,623249 0,000281
листок 1,690196 0,000381
литература 1,468347 0,000331
литературный 1,264227 0,000569
лицо 0,000000 0,000000
лично 0,720159 0,000162
личный 0,662167 0,000298
лишиться 1,125925 0,000254
лишь 0,185046 0,000042
ложь 0,824895 0,000371
ломать 0,963197 0,000217
лосинный 2,167317 0,000488
лошадь 1,021189 0,000690
любить 0,066947 0,000121
любовь 0,334808 0,000075
любой 0,000000 0,000000
любопытно 0,845098 0,000190
любопытный 0,648803 0,000146
люнет 2,167317 0,000488
малыш 2,167317 0,000488
мальчик 0,411442 0,000649
мамаша 0,735954 0,000166
мамелюк 2,167317 0,000976
маршал 2,167317 0,000488
марья 0,936868 0,000633
мать 0,217927 0,000147
мгновение 0,316059 0,000071
между 0,129891 0,000029
мелкий 0,690196 0,000155
мелькать 1,021189 0,000230
мелькнуть 0,544068 0,000123
мера 0,217927 0,000098
местность 1,866287 0,000420
место 0,099131 0,000089
месяц 0,264227 0,000059
метать 1,565257 0,000352
мизерный 1,866287 0,000420
милость 0,845098 0,000190
милый 0,322219 0,000218
мимо 0,514105 0,000116
минута 0,050046 0,000034
мир 0,523865 0,000118
мнение 0,374926 0,000084
много 0,080958 0,000036
многое 0,443041 0,000100
могила 1,088136 0,000735
могилка 1,322219 0,000298
можно 0,088136 0,000079
мой 0,077412 0,000174
молодой 0,222835 0,000050
моложавый 1,866287 0,000420
молоко 1,866287 0,000420
молча 0,367977 0,000083
молчание 0,662167 0,000149
момент 0,000000 0,000000
москва 0,468347 0,001055
мочь 0,000000 0,000000
мрак 0,787106 0,000177
мрачный 0,662167 0,000298
муж 0,805589 0,000181
мундир 1,264227 0,001139
мучиться 0,623249 0,000140
муштровка 2,167317 0,000488
мы 0,648803 0,000292
мыслить 1,088136 0,000245
мыслия 1,468347 0,000331
мысль 0,114239 0,000283
мясо 1,690196 0,000381
мёртвый 0,805589 0,000726
навеки 0,648803 0,000146
наверно 0,264227 0,000059
навести 1,322219 0,000595
наглость 1,389166 0,000313
нагнуться 0,824895 0,000557
надежда 0,533849 0,000120
наделать 0,963197 0,000217
надеяться 0,434924 0,000098
надо 0,036984 0,000025
надпись 1,322219 0,000298
наедине 0,936868 0,000422
назавтра 1,264227 0,000569
назад 0,000000 0,000000
название 1,088136 0,000245
назвать 0,635838 0,000286
назначить 0,787106 0,000177
называть 0,477121 0,000107
называться 0,866287 0,000195
наивно 1,322219 0,000298
найти 0,298086 0,000134
наконец 0,073896 0,000133
накричать 1,866287 0,000420
намародёрничать 2,167317 0,000488
намедни 1,167317 0,000263
намерение 0,514105 0,000116
намёк 0,845098 0,000190
напечатать 1,167317 0,000263
написать 0,000000 0,000000
наплести 2,167317 0,000488
наполеон 1,389166 0,007195
наполеоновский 1,866287 0,000420
наполнить 1,167317 0,000263
напоминать 1,264227 0,000569
напомнить 0,912045 0,000205
напротив 0,180546 0,000081
народ 0,514105 0,000116
народный 1,264227 0,000285
наружное 1,690196 0,000381
насмешка 0,599116 0,000135
насплетничать 2,167317 0,000488
настоящий 0,309985 0,000279
настроить 1,565257 0,000352
насчёт 0,354404 0,000160
натурально 0,991226 0,000223
натуральный 1,167317 0,000263
наука 0,787106 0,000177
находить 0,576253 0,000130
находиться 0,514105 0,000116
начать 0,066947 0,000045
начаться 0,514105 0,000116
начинать 0,292256 0,000066
наш 0,118099 0,000133
небылица 1,866287 0,000420
невероятно 1,213075 0,000546
невероятность 1,866287 0,000420
невинный 0,576253 0,000260
невоздержанный 2,167317 0,000488
невозможно 0,411442 0,000093
невозможный 0,623249 0,000140
негодование 0,403889 0,000273
недавно 0,576253 0,000260
недоверчиво 1,264227 0,000285
недоверчивость 1,125925 0,000507
недовольный 0,888564 0,000200
недостойный 0,866287 0,000195
неизвестно 0,936868 0,000211
некоторый 0,154480 0,000174
нелепость 0,963197 0,000434
немного 0,426955 0,000096
ненавидеть 0,514105 0,000116
ненависть 0,623249 0,000140
необыкновенный 0,396465 0,000089
необычайный 0,662167 0,000149
неожиданно 0,523865 0,000118
неосторожность 1,866287 0,000420
непременно 0,133894 0,000030
непростительно 1,690196 0,000381
несколько 0,095435 0,000086
несправедливый 0,888564 0,000200
несравненно 1,264227 0,000285
несчастие 0,690196 0,000311
несчастный 0,374926 0,000084
неуважение 1,690196 0,001142
нехорошо 0,963197 0,000217
нечаянно 0,752344 0,000169
нибыть 0,030597 0,000014
никогда 0,088136 0,000079
никто 0,095435 0,000021
нина 0,888564 0,001000
ничего 0,030597 0,000034
нога 0,213075 0,000576
ночевать 0,936868 0,000211
ночной 1,322219 0,000298
ночь 0,189594 0,000128
ночью 0,587534 0,000132
нуждаться 0,704919 0,000159
няня 2,167317 0,000488
обед 0,690196 0,000155
обидчик 0,912045 0,000205
обижать 1,053374 0,000237
обиженный 0,752344 0,000169
обмануть 0,787106 0,000177
обнимать 0,866287 0,000195
обняться 1,389166 0,000313
обрадоваться 0,611015 0,000275
обращаться 0,451314 0,000305
обтяжка 1,866287 0,000420
общественный 0,000000 0,000000
общество 0,468347 0,000105
объявить 0,389166 0,000175
объяснить 0,374926 0,000169
объяснять 0,936868 0,000422
объясняться 0,991226 0,000223
обыкновенно 0,720159 0,000162
обыкновенный 0,565257 0,000127
огромный 0,599116 0,000270
одевать 1,866287 0,000420
один 0,000000 0,000000
одиннадцатый 0,912045 0,000205
одиннадцать 0,866287 0,000390
однажды 0,635838 0,000286
однако 0,102859 0,000023
одобрить 1,389166 0,000313
ожидать 0,264227 0,000059
окончательно 0,565257 0,000255
окончательный 0,936868 0,000211
окопаться 2,167317 0,000488
он 0,000000 0,000000
они 0,275223 0,000062
опасность 1,125925 0,000254
описать 0,912045 0,000205
опоздать 0,866287 0,000390
опомниться 0,888564 0,000400
оправдывать 1,322219 0,000298
опубликовать 0,000000 0,000000
опушка 2,167317 0,000488
опять 0,027438 0,000037
ординарец 2,167317 0,000488
орлиный 2,167317 0,000976
орёл 1,468347 0,000331
освободить 1,565257 0,000352
осенять 2,167317 0,000488
оскорбиться 2,167317 0,000488
осматривать 1,053374 0,000237
особенно 0,129891 0,000029
оспорить 1,866287 0,000420
оставаться 0,280827 0,000063
оставлять 0,533849 0,000240
остальной 0,367977 0,000083
остановиться 0,269690 0,000121
остаток 1,468347 0,000331
остаться 0,133894 0,000030
остров 1,565257 0,000705
отвернуться 0,912045 0,000205
ответ 0,322219 0,000073
ответить 0,121994 0,000082
отвечать 0,258832 0,000175
отец 0,091770 0,000083
отечество 1,264227 0,000854
откровенность 0,991226 0,000223
открытый 1,125925 0,000254
отличить 1,565257 0,000352
отлично 0,805589 0,000181
отнести 1,468347 0,000331
отнять 0,888564 0,000200
оторваться 1,021189 0,000230
отправить 1,125925 0,000507
отскочить 1,213075 0,000273
отстрелить 2,167317 0,000488
офицерский 1,389166 0,000313
оформление 0,000000 0,000000
очевидец 1,866287 0,001681
очевидный 0,554533 0,000250
очень 0,024303 0,000022
очки 1,213075 0,000273
ошеломить 1,125925 0,000254
павловск 0,888564 0,000200
падать 0,787106 0,000354
паж 2,167317 0,001464
памятник 1,866287 0,000420
память 0,599116 0,000135
панихида 1,866287 0,000420
панталоны 1,322219 0,000298
папаша 0,912045 0,000821
париж 0,991226 0,000223
партия 1,322219 0,000893
патриотизм 1,866287 0,000420
паче 1,322219 0,000298
первый 0,018098 0,000029
перевестись 2,167317 0,000488
передавать 0,635838 0,000286
перейти 0,000000 0,000000
перо 1,167317 0,000526
петрович 1,088136 0,000490
писать 0,419129 0,000283
письмо 0,434924 0,000588
питие 2,167317 0,000976
плавно 1,468347 0,000661
плакать 0,328468 0,000296
плач 1,053374 0,000237
плен 1,690196 0,000381
плечо 0,403889 0,000273
плохой 0,533849 0,000120
побагроветь 1,389166 0,000313
побежать 0,468347 0,000105
повенчаться 1,866287 0,000420
поверить 0,347773 0,000078
повод 0,635838 0,000143
повторять 0,396465 0,000089
поглядеть 0,396465 0,000089
погрести 1,866287 0,000420
подарить 0,912045 0,000205
подарок 1,053374 0,000237
подборка 0,000000 0,000000
поддакнуть 1,389166 0,000626
поднять 0,396465 0,000089
подобный 0,533849 0,000120
подождать 0,587534 0,000132
подозревать 0,504560 0,000114
подробность 0,477121 0,000107
подставлять 1,468347 0,000331
подумать 0,185046 0,000083
подхватить 0,403889 0,000091
подёргиваться 1,690196 0,000381
пожалеть 1,021189 0,000230
пожалуй 0,237898 0,000054
пожать 0,912045 0,000205
позволить 0,264227 0,000119
поздний 0,963197 0,000217
позор 0,720159 0,000811
позорный 0,991226 0,000446
пойти 0,080958 0,000073
показать 0,292256 0,000197
показывать 0,514105 0,000116
покоиться 1,565257 0,000352
покойница 1,389166 0,000313
покойный 0,599116 0,000135
покорный 1,389166 0,000313
покоситься 1,866287 0,000840
покраснеть 0,504560 0,000227
полагать 0,720159 0,000162
поле 0,912045 0,000616
политика 1,866287 0,000840
политический 1,213075 0,000273
полный 0,253503 0,000057
положение 0,459747 0,000207
положим 0,720159 0,000324
получать 0,752344 0,000169
получить 0,309985 0,000209
польский 1,565257 0,000352
польстить 1,389166 0,000313
полюбить 0,635838 0,000143
помешанный 0,769377 0,000173
помешательство 1,167317 0,000263
поминутно 0,635838 0,000143
помириться 1,021189 0,000230
помнить 0,167317 0,000226
помолчать 0,648803 0,000146
понимать 0,095435 0,000150
понравиться 0,533849 0,000120
понять 0,106619 0,000024
попасть 0,533849 0,000120
попосторонний 2,167317 0,000488
поправиться 1,125925 0,000254
попросить 0,426955 0,000192
поражать 0,888564 0,000200
поразить 0,243038 0,000164
порвать 1,322219 0,000893
порок 1,213075 0,000273
портрет 0,912045 0,000205
порядочно 1,213075 0,000273
посетитель 0,991226 0,000446
посинеть 1,468347 0,000331
последний 0,066947 0,000030
посмертно 0,000000 0,000000
посмотреть 0,213075 0,000096
посолить 2,167317 0,000488
поспешить 0,704919 0,000317
поставить 0,451314 0,000102
потащиться 1,389166 0,000313
потерянный 0,912045 0,000205
потерять 0,611015 0,000138
потом 0,084532 0,000038
потому 0,024303 0,000038
поучаться 2,167317 0,000488
поход 1,690196 0,000381
похоронить 1,213075 0,001093
почему 0,099131 0,000045
почти 0,024303 0,000027
почтительный 0,963197 0,000434
появиться 0,662167 0,000149
правда 0,088136 0,000099
православие 1,468347 0,000331
прах 1,468347 0,000661
пребывание 1,213075 0,000273
пред 0,030597 0,000041
предел 0,991226 0,000223
предложение 0,769377 0,000346
предчувствие 0,912045 0,000205
предчувствоваться 1,389166 0,000938
прежде 0,077412 0,000035
прежний 0,198834 0,000045
прекрасно 0,735954 0,000497
прелесть 1,264227 0,000285
прельстить 1,322219 0,000298
преследовать 1,213075 0,000546
приблизить 1,468347 0,000661
привести 0,576253 0,000389
привлечь 1,264227 0,000285
прижизненный 0,000000 0,000000
признак 0,845098 0,000190
признаться 0,443041 0,000100
прийти 0,095435 0,000043
прийтись 0,565257 0,000127
приключение 0,936868 0,000211
примерить 2,167317 0,000488
принести 0,389166 0,000088
принять 0,180546 0,000122
приостанавливаться 2,167317 0,000488
приписывать 1,322219 0,000298
прискорбие 1,690196 0,000381
приставать 0,963197 0,000217
пристально 0,389166 0,000088
притом 0,769377 0,000346
притягивать 1,866287 0,000420
приходить 0,243038 0,000109
причина 0,396465 0,000089
приятный 0,805589 0,000181
пробегать 1,389166 0,000313
пробираться 1,565257 0,000352
пробиться 1,565257 0,000705
пробормотать 0,316059 0,000142
провести 0,888564 0,000200
провисеть 2,167317 0,000488
проводить 0,845098 0,000190
проглядывать 1,264227 0,000569
проговорить 0,110412 0,000025
программирование 0,000000 0,000000
прогулка 1,322219 0,000595
продать 0,824895 0,000186
продолжение 0,888564 0,000400
проект 1,264227 0,001708
прозимовать 2,167317 0,000488
произведение 0,000000 0,000000
произвести 0,504560 0,000114
произнести 0,280827 0,000253
произойти 0,258832 0,000058
происходить 0,523865 0,000236
пройти 0,000000 0,000000
проклятие 1,088136 0,000490
прокофиевич 0,704919 0,000317
промямлить 1,389166 0,000313
проникнуть 1,021189 0,000230
прорыдать 1,866287 0,000420
просвечивать 2,167317 0,000488
простить 0,286504 0,000194
просто 0,232819 0,000052
простодушие 1,021189 0,000230
простодушный 0,690196 0,000311
протянуть 0,486076 0,000109
проходить 0,576253 0,000130
процвести 1,866287 0,000420
прочесть 0,443041 0,000399
прошептать 0,587534 0,000132
прощение 0,611015 0,000138
прусский 2,167317 0,000488
пряжка 2,167317 0,000488
прямо 0,118099 0,000027
публикация 0,000000 0,000000
пуговица 1,468347 0,000331
пуля 1,264227 0,000285
пунктуальный 2,167317 0,000488
пусть 0,253503 0,000228
пушка 1,565257 0,001057
пюпитр 1,866287 0,000420
пятнадцатилетний 1,690196 0,000761
пятнадцать 0,752344 0,000169
раб 1,322219 0,000298
равелин 2,167317 0,000488
радостный 0,752344 0,000169
радость 0,411442 0,000093
разбить 0,936868 0,000211
разве 0,146128 0,000033
развязный 1,468347 0,000661
разглядеть 0,662167 0,000149
разговаривать 0,720159 0,000162
разговор 0,264227 0,000119
разделить 1,213075 0,000273
разделиться 1,565257 0,000352
раздражить 0,720159 0,000162
различать 1,213075 0,000273
разойтись 0,888564 0,000200
разрешение 0,000000 0,000000
разрушить 1,468347 0,000331
разряд 1,389166 0,000313
разумеется 0,328468 0,000148
рамка 1,690196 0,000381
ранний 0,504560 0,000114
раскаяние 0,769377 0,000173
расположение 1,021189 0,000230
рассеянность 1,213075 0,000273
рассеять 1,866287 0,000420
рассказ 0,477121 0,000322
рассказывать 0,341243 0,000077
рассориться 1,565257 0,000352
расставаться 1,468347 0,000331
расставить 1,389166 0,000313
расстроить 0,845098 0,000190
расступаться 2,167317 0,000488
растягивать 1,565257 0,000352
расхохотаться 0,963197 0,000217
ребёнок 0,232819 0,000786
ревета 1,565257 0,000352
редактор 1,866287 0,000420
ретирада 2,167317 0,000488
решаться 0,752344 0,000169
решение 0,533849 0,000240
решительно 0,341243 0,000077
решительный 0,611015 0,000138
решить 0,232819 0,000052
решиться 0,341243 0,000077
решётка 1,389166 0,000313
римский 1,322219 0,000298
робеть 1,167317 0,001314
робко 0,787106 0,000177
родиться 0,936868 0,000211
родный 0,565257 0,000127
роды 1,322219 0,000298
романист 1,468347 0,000331
рука 0,030597 0,000048
рукав 1,088136 0,000245
русский 0,411442 0,000741
рустан 2,167317 0,000976
садиться 0,486076 0,000109
сайт 0,000000 0,000000
сам 0,002964 0,000007
самозабвение 1,866287 0,000420
самый 0,018098 0,000016
сбыться 1,264227 0,000285
свежесть 2,167317 0,000488
сверкать 0,611015 0,000138
сверкнуть 0,866287 0,000195
свидание 0,514105 0,000116
свидетель 0,459747 0,000518
свита 1,866287 0,002942
свихнуться 2,167317 0,000488
свободно 0,000000 0,000000
свой 0,000000 0,000000
свысока 1,088136 0,000245
связаться 1,389166 0,000313
связь 0,824895 0,000371
святотатство 1,866287 0,000420
сделать 0,102859 0,000093
сдержанно 1,021189 0,000230
сдержанность 1,565257 0,000352
сдержанный 2,167317 0,000488
себя 0,000000 0,000000
сегодня 0,194189 0,000087
сей 1,264227 0,000285
сейчас 0,070407 0,000048
секретарь 1,322219 0,000298
сель 1,389166 0,000313
семейство 0,451314 0,000102
семьдесят 0,000000 0,000000
сердиться 0,443041 0,000100
сердце 0,095435 0,000193
серьёзность 1,389166 0,000313
серьёзный 0,565257 0,000382
сестра 0,477121 0,000322
сесть 0,824895 0,000186
сжимать 1,322219 0,000298
сидеть 0,125925 0,000028
сильно 0,292256 0,000066
сильный 0,269690 0,000121
симпатия 1,167317 0,000263
сказать 0,011981 0,000059
сквозь 0,936868 0,000422
склониться 1,167317 0,000263
скорбь 1,322219 0,000298
скорее 0,514105 0,000116
скоро 0,298086 0,000134
скорый 0,237898 0,000054
скрестить 1,565257 0,000352
слабость 0,888564 0,000200
сладострастие 1,264227 0,000285
слеза 0,275223 0,000434
слезать 2,167317 0,000488
слишком 0,133894 0,000030
слово 0,027438 0,000019
слуга 0,599116 0,000135
служба 0,769377 0,000520
служить 0,544068 0,000368
случай 0,146128 0,000066
случайно 0,866287 0,000195
случиться 0,292256 0,000066
слыхать 0,675956 0,000152
слышать 0,125925 0,000113
смело 1,389166 0,000313
смерть 0,374926 0,000084
смех 0,443041 0,000299
смешаться 1,468347 0,000331
смешно 0,824895 0,000186
смешной 0,565257 0,000127
смотреть 0,077412 0,000105
смутиться 0,805589 0,000181
смысл 0,523865 0,000118
смыслить 1,690196 0,000381
смятение 0,991226 0,000223
снисходительно 1,690196 0,000381
снисходительный 1,565257 0,000352
снисхождение 1,565257 0,000352
собеседник 1,468347 0,000331
соблазнить 1,389166 0,000313
соблюдаться 2,167317 0,000488
собрание 1,088136 0,000245
собственно 0,565257 0,000509
собственный 0,264227 0,000119
событие 0,824895 0,000186
совершенно 0,180546 0,000081
совеститься 1,866287 0,000420
совет 0,662167 0,000596
советоваться 1,468347 0,000661
совещаться 1,690196 0,000761
совсем 0,021189 0,000019
согласие 0,000000 0,000000
согласиться 0,396465 0,000268
согласный 0,565257 0,000127
соглашаться 0,963197 0,000217
сойти 0,495219 0,000223
солдат 0,888564 0,000400
солить 2,167317 0,000488
сомнение 0,426955 0,000385
сообразно 1,565257 0,000352
сообщить 0,434924 0,000196
сопровождать 0,888564 0,000200
сорок 0,845098 0,000381
соседний 1,088136 0,000245
составлять 0,752344 0,000169
состояние 0,322219 0,000073
состоять 0,514105 0,000232
сострадание 0,787106 0,000354
сочинение 1,468347 0,000661
сочинитель 1,468347 0,000331
спальня 0,936868 0,000211
спасть 0,554533 0,000125
специалист 1,690196 0,000381
спокойствие 0,888564 0,000200
спорить 0,752344 0,000169
справедливо 0,805589 0,000181
спрашивать 0,232819 0,000052
спрашиваться 1,690196 0,000381
спросить 0,114239 0,000103
среди 0,769377 0,000693
сряду 0,991226 0,000223
становиться 0,389166 0,000175
старик 0,303994 0,000274
старикашка 1,167317 0,000263
старое 0,866287 0,000195
старый 0,374926 0,000169
стать 0,002964 0,000003
статья 0,991226 0,000446
стекло 1,167317 0,000263
стена 0,533849 0,000120
стол 0,286504 0,000065
стон 1,322219 0,000595
стонать 1,021189 0,000460
сторона 0,110412 0,000025
стоячий 2,167317 0,000488
страдание 0,554533 0,000125
страница 1,213075 0,000273
странно 0,354404 0,000239
странный 0,227798 0,000256
страх 0,426955 0,000096
страшно 0,434924 0,000098
строгость 1,389166 0,000313
строить 1,088136 0,000245
струсить 1,021189 0,000230
стул 0,434924 0,000098
судорога 0,991226 0,000223
судьба 0,443041 0,000299
суеверный 1,866287 0,000420
сутугин 2,167317 0,000488
сущность 0,675956 0,000152
схватить 0,347773 0,000078
считать 0,275223 0,000062
также 0,000000 0,000000
таки 0,066947 0,000030
такой 0,002964 0,000007
талант 0,991226 0,000223
танцевать 1,167317 0,000263
твой 0,258832 0,000350
текст 0,000000 0,000000
темно 0,912045 0,000205
теперь 0,015029 0,000034
терпеливый 1,866287 0,000420
тихо 0,354404 0,000239
товарищ 0,704919 0,000159
тогда 0,050046 0,000113
тоже 0,043466 0,000029
толпа 0,648803 0,000438
только 0,002964 0,000006
том 1,565257 0,000352
тот 0,002964 0,000007
тотчас 0,046743 0,000032
точка 0,623249 0,000140
точно 0,121994 0,000110
тошный 2,167317 0,000488
требовать 0,565257 0,000127
тревожиться 1,690196 0,000381
трепетать 0,735954 0,000166
третий 0,154480 0,000104
три 0,303994 0,000068
трусливо 2,167317 0,000488
тщеславие 1,167317 0,000263
ты 0,133894 0,000271
тысяча 0,217927 0,000049
тяготиться 1,866287 0,000420
тянуть 0,912045 0,000411
убавить 1,866287 0,000420
убавлять 2,167317 0,000488
убежать 0,565257 0,000127
убийство 0,787106 0,000177
убить 0,275223 0,000124
уважать 0,523865 0,000118
уважение 0,648803 0,000146
уведомлять 1,322219 0,000298
уверять 0,411442 0,000834
увидеть 0,222835 0,000050
увлечь 1,167317 0,000263
удар 0,866287 0,000390
удвоенный 2,167317 0,000488
удивительный 0,735954 0,000166
удовольствие 0,486076 0,000219
удостоить 1,053374 0,000237
уехать 0,459747 0,000104
ужасно 0,167317 0,000226
ужасный 0,322219 0,000073
узкий 1,213075 0,000273
указать 0,554533 0,000125
указывать 0,599116 0,000135
укорять 1,021189 0,000460
укрепление 2,167317 0,000488
улан 1,866287 0,000420
улепётывать 1,866287 0,000420
улица 0,396465 0,000446
улыбаться 0,544068 0,000123
умереть 0,269690 0,000061
умерший 0,000000 0,000000
умиление 0,769377 0,000346
умирать 0,611015 0,000138
унижать 1,167317 0,000263
унижение 0,912045 0,000411
упоение 1,125925 0,000507
упоенный 2,167317 0,000488
ускользнуть 2,167317 0,000488
услышать 0,381987 0,000172
усомниться 1,322219 0,000595
успеть 0,203530 0,000046
успех 0,963197 0,000217
успокоиться 0,735954 0,000166
устройство 1,389166 0,000313
устыдиться 1,565257 0,000352
утонченность 1,468347 0,000331
утро 0,347773 0,000157
утром 0,411442 0,000093
ухо 0,991226 0,000446
уходить 0,328468 0,000074
участвовать 1,167317 0,000263
участь 1,053374 0,000237
фаворит 1,866287 0,000420
факт 0,533849 0,000721
фалда 1,866287 0,000840
фальконет 2,167317 0,000488
фантазия 0,824895 0,000186
фарфоровый 1,565257 0,000352
формуляр 1,690196 0,000381
фрак 1,125925 0,000254
франц 0,635838 0,001002
француз 1,167317 0,000263
французский 0,805589 0,000726
фёдор 0,434924 0,000196
хитрый 0,963197 0,000217
хладнокровный 1,690196 0,000381
хлеб 0,805589 0,000363
ходить 0,213075 0,000144
хорошенько 1,264227 0,000285
хороший 0,077412 0,000017
хорошо 0,189594 0,000043
хотеть 0,033778 0,000068
хотя 0,050046 0,000101
храбрый 1,322219 0,000298
храпеть 1,690196 0,000381
целовать 0,635838 0,000430
целый 0,217927 0,000098
ценить 0,769377 0,000173
цепляться 1,690196 0,000381
час 0,185046 0,000125
часто 0,292256 0,000197
частый 0,805589 0,000363
часть 0,002964 0,000001
часы 0,787106 0,000354
чей 0,000000 0,000000
человек 0,011981 0,000054
человеческий 0,565257 0,000127
черкнуть 2,167317 0,000488
черносвит 2,167317 0,000488
черносвитовский 2,167317 0,001464
черта 0,264227 0,000119
честно 0,991226 0,000223
четвёртый 0,286504 0,000258
число 0,704919 0,000159
читаемый 2,167317 0,000488
читать 0,403889 0,000091
чрез 0,275223 0,000186
чрезвычайно 0,217927 0,000147
чрезвычайный 0,258832 0,000117
что 0,030597 0,000041
чтоб 0,073896 0,000033
чтобы 0,030597 0,000021
чувство 0,158717 0,000036
чувствовать 0,264227 0,000119
чужое 1,125925 0,000254
чулок 1,565257 0,000352
чуть 0,176091 0,000198
шаг 0,367977 0,000166
шаррас 2,167317 0,001464
шитый 2,167317 0,000488
шитьё 1,866287 0,000840
шутка 0,675956 0,000304
шёлковый 1,053374 0,000474
шёпотом 0,675956 0,000152
этикет 1,565257 0,000352
это 0,002964 0,000009
этот 0,002964 0,000010
юность 0,963197 0,000217
я 0,024303 0,000197
являть 1,866287 0,000420
являться 0,675956 0,000152
явный 1,167317 0,000263
язык 0,611015 0,000138
