автор 0,000000 0,000000
авторский 0,000000 0,000000
азарт 1,125925 0,000288
александрович 0,504560 0,000646
алексей 0,000000 0,000000
бедный 0,328468 0,000084
безмерный 1,264227 0,000324
беспокоить 0,735954 0,000377
беспокойный 0,824895 0,000211
беспокойство 0,514105 0,000395
беспорядок 0,787106 0,000403
беспорядочный 1,389166 0,000356
беспрерывно 0,623249 0,000319
беспрерывный 0,787106 0,000201
бесчисленный 1,021189 0,000261
библиотека 1,866287 0,001433
биллиардный 1,690196 0,000433
бить 0,769377 0,000197
биться 0,623249 0,000160
благодарить 0,635838 0,000163
благородный 0,374926 0,000384
благородство 0,888564 0,000227
благословлять 1,053374 0,000270
блажать 2,167317 0,000555
бледный 0,443041 0,000113
бог 0,154480 0,000198
богатство 1,088136 0,000279
бодрость 1,468347 0,000376
более 0,000000 0,000000
боль 0,690196 0,000177
больший 0,248239 0,000064
большой 0,056728 0,000015
бормотать 0,662167 0,000169
борьба 1,053374 0,000539
бояться 0,158717 0,000041
браниться 0,936868 0,000240
бросаться 0,866287 0,000222
бросить 0,269690 0,000069
будто 0,099131 0,000101
буквально 0,805589 0,000206
бумажник 1,690196 0,005624
бунт 1,264227 0,000324
бывать 0,280827 0,000359
быстро 0,232819 0,000298
быстрый 0,824895 0,000211
быть 0,000000 0,000000
важно 0,675956 0,000346
важный 0,341243 0,000437
вакхичен 2,167317 0,000555
вакхический 2,167317 0,001109
ваш 0,121994 0,000437
ваша 0,523865 0,000134
ввиду 1,088136 0,000279
вдруг 0,005949 0,000043
ведь 0,043466 0,000033
век 0,769377 0,000197
великодушный 0,912045 0,000233
вера 0,514105 0,000132
верить 0,180546 0,000139
веровать 0,704919 0,000180
вероятно 0,623249 0,000160
вероятность 1,389166 0,000356
весь 0,002964 0,000007
весёлый 0,389166 0,000199
вечерок 2,167317 0,000555
вечером 0,533849 0,000410
взволновать 0,866287 0,000222
взгляд 0,185046 0,000047
взглядывать 1,322219 0,000338
вздор 0,565257 0,000145
вздрагивать 1,021189 0,000261
взять 0,077412 0,000119
вид 0,150284 0,000192
видеть 0,027438 0,000035
видимо 0,328468 0,000084
видимый 0,443041 0,000113
видно 0,504560 0,000129
визит 0,845098 0,000216
вместе 0,208276 0,000213
внезапно 0,623249 0,000160
внезапный 0,533849 0,000137
внимание 0,504560 0,000646
военный 0,936868 0,000480
возвращаться 0,704919 0,000180
воздух 0,845098 0,000216
возлюбить 0,912045 0,000233
вознаграждение 0,000000 0,000000
войти 0,137934 0,000035
вообще 0,459747 0,000353
вопрос 0,146128 0,000037
воротиться 0,303994 0,000078
восклицание 0,991226 0,000254
восторженно 0,936868 0,000719
востренький 1,468347 0,000376
впадать 1,389166 0,000711
впечатление 0,389166 0,000199
впиться 1,053374 0,000270
впрочем 0,118099 0,000091
враг 0,735954 0,000188
вразумить 1,468347 0,000376
время 0,018098 0,000037
вроде 0,662167 0,000169
вряд 0,963197 0,000247
всегда 0,129891 0,000199
вскричать 0,253503 0,000260
вследствие 0,888564 0,000227
вслушиваться 1,322219 0,000677
вспоминать 0,623249 0,000160
вставать 0,576253 0,000147
встрепенуться 1,264227 0,000324
встретить 0,459747 0,000118
встреча 0,554533 0,000568
встречать 0,735954 0,000188
встречаться 0,769377 0,000197
вступать 1,021189 0,000261
всякий 0,106619 0,000109
второстепенный 1,866287 0,000478
вход 0,752344 0,000193
входить 0,477121 0,000122
вчера 0,341243 0,000262
вчерашний 0,599116 0,000153
вы 0,232819 0,000238
выглядывать 1,213075 0,000310
выговаривать 0,963197 0,000493
выдержать 0,587534 0,000150
выйти 0,063514 0,000016
выказывать 1,125925 0,000288
вынимать 1,264227 0,000647
выносить 0,888564 0,000227
выплата 0,000000 0,000000
выполнить 1,866287 0,000478
выразить 0,599116 0,000153
высказать 0,523865 0,000268
выслушать 0,426955 0,000109
высматривать 1,167317 0,000299
высокий 0,213075 0,000055
высоко 0,991226 0,000254
выставить 0,845098 0,000216
выставиться 1,389166 0,000356
выходить 0,258832 0,000132
ганя 0,735954 0,000565
генерал 0,504560 0,003487
глава 0,963197 0,000247
главное 0,185046 0,000047
главный 0,426955 0,000219
гладкий 1,468347 0,000376
глаз 0,056728 0,000102
глазок 0,805589 0,000412
глядеть 0,243038 0,000124
гнев 0,544068 0,000139
говорить 0,011981 0,000043
говорливый 2,167317 0,000555
год 0,292256 0,000150
гора 0,805589 0,000412
гордость 0,587534 0,000150
горячо 0,544068 0,000279
господин 0,208276 0,000053
гость 0,434924 0,000223
готовый 0,367977 0,000094
греметь 1,389166 0,000356
греть 1,866287 0,000478
гримаса 1,690196 0,000433
громкий 1,021189 0,000261
грустить 1,565257 0,000401
грусть 1,021189 0,000261
губа 0,411442 0,000105
давешний 0,611015 0,000156
давно 0,158717 0,000284
даже 0,005949 0,000032
далее 0,648803 0,000166
дальнейший 0,845098 0,000649
далёкий 0,411442 0,000105
дать 0,171682 0,000044
два 0,198834 0,000051
дверь 0,258832 0,000066
действие 1,088136 0,000557
действительно 0,106619 0,000027
делать 0,194189 0,000050
деликатность 1,264227 0,000324
деликатный 1,088136 0,000557
дело 0,011981 0,000015
деловитость 1,866287 0,000478
день 0,118099 0,000151
деньга 0,185046 0,000237
десять 0,298086 0,000076
длинный 0,495219 0,000127
добиться 1,053374 0,000270
добрый 0,303994 0,000078
доверенность 1,213075 0,000310
доверчивость 1,213075 0,000310
доводить 1,322219 0,000338
довольно 0,129891 0,000133
догадаться 0,554533 0,000426
догадываться 1,264227 0,000647
докладывать 1,125925 0,000288
долгий 0,720159 0,000184
дом 0,154480 0,000158
донестись 1,866287 0,000478
доноситься 2,167317 0,000555
дорогой 0,451314 0,000116
достоевский 0,000000 0,000000
достоинство 0,587534 0,000150
достойный 0,888564 0,000227
достояние 0,000000 0,000000
дочь 0,374926 0,000096
друг 0,180546 0,000231
другой 0,008955 0,000028
дружба 0,805589 0,000412
дружеский 1,125925 0,000288
думать 0,060107 0,000031
дух 0,486076 0,000124
душа 0,158717 0,000041
дыра 2,167317 0,000555
единственно 0,477121 0,000122
единый 0,611015 0,000156
епанчин 0,690196 0,000177
если 0,011981 0,000015
есть 0,018098 0,000023
жаловаться 0,805589 0,000206
жар 0,587534 0,000451
ждать 0,142011 0,000073
желание 0,514105 0,000526
желать 0,232819 0,000417
жена 0,486076 0,000249
житие 1,264227 0,000324
жить 0,217927 0,000112
забавляться 1,565257 0,000401
забегать 1,125925 0,000288
заблистать 1,690196 0,000433
забыть 0,125925 0,000032
завтра 0,298086 0,000458
завтрашний 1,021189 0,000261
заглянуть 0,991226 0,000507
заговаривать 0,991226 0,000507
задача 0,866287 0,000222
задерживать 1,264227 0,000647
задуматься 0,787106 0,000403
задумчиво 0,912045 0,000233
задумываться 0,963197 0,000247
заключаться 0,635838 0,000163
заключить 0,347773 0,000089
закрыть 0,576253 0,000147
заметить 0,056728 0,000087
замечать 0,554533 0,000284
замолкнуть 1,088136 0,000836
занятый 0,866287 0,000222
запить 2,167317 0,000555
заплакать 0,599116 0,000153
запросто 1,125925 0,000288
заслуживать 1,565257 0,000401
засмеяться 0,347773 0,000178
заснуть 0,769377 0,000197
затем 0,237898 0,000183
звук 1,053374 0,000270
здесь 0,095435 0,000073
злой 0,587534 0,000451
знать 0,002964 0,000009
значительный 0,866287 0,000222
идеал 1,021189 0,000261
идиот 0,426955 0,000437
избегать 1,264227 0,000647
известие 0,554533 0,000142
известный 0,347773 0,000267
извилистый 2,167317 0,000555
изволить 0,477121 0,000122
издеваться 1,468347 0,000376
изложение 1,088136 0,000279
изменение 1,565257 0,000401
измучить 1,021189 0,000261
изумление 0,735954 0,000188
именно 0,066947 0,000103
иметь 0,118099 0,000091
иначе 0,367977 0,000283
иногда 0,208276 0,000373
инстинктивно 1,565257 0,000401
интересный 0,845098 0,000433
интриган 1,866287 0,000478
ипохондрия 1,565257 0,000401
ипполит 0,599116 0,000307
искать 0,411442 0,000316
искренний 0,576253 0,000295
искренно 0,523865 0,000536
искренность 0,991226 0,000254
исполнение 1,389166 0,000356
использоваться 0,000000 0,000000
испуганный 0,752344 0,000193
испугаться 0,523865 0,000268
испытывать 1,389166 0,000711
источник 1,565257 0,000401
исчезать 1,213075 0,000310
каблук 1,468347 0,000752
каждый 0,137934 0,000106
казаться 0,063514 0,000033
какой 0,005949 0,000017
камушек 1,690196 0,000433
капитальный 1,167317 0,000299
карачки 1,866287 0,000478
карман 0,396465 0,000304
касаться 0,599116 0,000153
катастрофа 0,936868 0,000240
качество 0,735954 0,000188
квартира 0,623249 0,000160
келлер 0,963197 0,000493
кликнуть 1,088136 0,000279
клясться 0,554533 0,000142
книга 0,106619 0,000082
князь 0,443041 0,007938
коварно 1,690196 0,000433
когда 0,015029 0,000027
кожаный 1,213075 0,000310
коля 0,565257 0,001302
комар 0,000000 0,000000
комната 0,150284 0,000038
конец 0,213075 0,000382
конечно 0,060107 0,000031
кончать 1,125925 0,000288
конченый 0,963197 0,000247
кончиться 0,495219 0,000254
коситься 1,468347 0,000376
который 0,002964 0,000010
край 0,936868 0,000240
красноречивый 1,167317 0,000299
крепко 0,443041 0,000113
кроме 0,158717 0,000122
кстати 0,468347 0,000120
куда 0,248239 0,000064
ладонь 0,866287 0,000222
ласковый 0,991226 0,000254
лебедев 0,690196 0,004063
левый 0,704919 0,000180
лежать 0,243038 0,000124
лезть 0,936868 0,000240
лестный 1,389166 0,000356
либо 0,000000 0,000000
литература 1,468347 0,000376
лицо 0,000000 0,000000
лично 0,720159 0,000184
личный 0,662167 0,000339
лишь 0,185046 0,000142
лукьян 1,565257 0,001603
лукьянович 1,389166 0,000356
лучезарный 2,167317 0,000555
льстивость 2,167317 0,000555
любить 0,066947 0,000051
любой 0,000000 0,000000
любопытный 0,648803 0,000166
любопытство 0,361137 0,000462
малодушие 1,322219 0,000338
малый 0,334808 0,000171
мальчишка 0,752344 0,000193
манкировать 1,264227 0,000324
манёвр 1,690196 0,000433
мать 0,217927 0,000056
махать 0,963197 0,000247
мгновенно 0,888564 0,000227
между 0,129891 0,000033
место 0,099131 0,000178
мечта 0,735954 0,000377
мешать 0,805589 0,000206
мешок 1,389166 0,000356
мигом 0,504560 0,000129
минута 0,050046 0,000102
минутка 0,635838 0,000488
мириться 1,389166 0,000356
многий 0,514105 0,000132
много 0,080958 0,000041
многоуважаемый 1,264227 0,001618
многочисленный 1,053374 0,000270
можно 0,088136 0,000068
мой 0,077412 0,000159
молодой 0,222835 0,000057
молча 0,367977 0,000094
молчаливый 0,720159 0,000184
молчание 0,662167 0,000169
момент 0,000000 0,000000
мороз 1,213075 0,000310
мочь 0,000000 0,000000
мрачно 0,866287 0,000222
мучить 0,419129 0,000429
мысль 0,114239 0,000088
наблюдение 1,167317 0,000299
набрасываться 1,690196 0,000433
наверху 1,264227 0,000324
наглец 2,167317 0,001664
нагнуться 0,824895 0,000211
надежда 0,533849 0,000547
надеяться 0,434924 0,000111
надлежащий 1,088136 0,000279
надо 0,036984 0,000019
наедине 0,936868 0,000240
назад 0,000000 0,000000
название 1,088136 0,000279
назвать 0,635838 0,000163
назначить 0,787106 0,000403
назойливый 1,690196 0,000433
наивность 1,125925 0,000576
наивный 1,125925 0,000576
найти 0,298086 0,000610
наклонность 1,213075 0,000310
наконец 0,073896 0,000151
накопление 2,167317 0,000555
налицо 1,468347 0,000376
намерение 0,514105 0,000132
намеренный 0,769377 0,000197
намёк 0,845098 0,000216
написать 0,000000 0,000000
напротив 0,180546 0,000185
напрягаться 1,690196 0,000433
нарочно 0,227798 0,000117
наслать 0,805589 0,000825
настаивать 0,565257 0,000145
настоящий 0,309985 0,000159
настроение 0,824895 0,000211
насчёт 0,354404 0,000181
наука 0,787106 0,000201
наутро 0,991226 0,000254
находить 0,576253 0,000147
начало 0,243038 0,000062
начать 0,066947 0,000034
начинать 0,292256 0,000299
наш 0,118099 0,000060
наёмщик 1,866287 0,000478
невероятно 1,213075 0,000310
невзначай 1,565257 0,000401
невозможный 0,623249 0,000160
негодование 0,403889 0,000103
недалеко 0,912045 0,000233
недоверчивость 1,125925 0,000288
недовольный 0,888564 0,000455
недолго 1,053374 0,000270
недостойный 0,866287 0,000443
некотора 1,167317 0,000299
некоторый 0,154480 0,000158
нельзя 0,176091 0,000045
немаловажный 2,167317 0,000555
необходимость 1,053374 0,000270
необыкновенно 0,805589 0,000206
необыкновенный 0,396465 0,000304
неожиданно 0,523865 0,000268
неожиданный 0,419129 0,000322
нередко 1,322219 0,000338
несколько 0,095435 0,000171
несмотря 0,275223 0,000070
нетерпение 0,554533 0,000142
нечто 0,389166 0,000100
неясно 1,088136 0,000557
нибыть 0,030597 0,000055
ниже 0,912045 0,000233
никак 0,396465 0,000304
никакой 0,213075 0,000055
никогда 0,088136 0,000023
николаевич 0,704919 0,000361
никто 0,095435 0,000049
нимало 0,991226 0,000507
нина 0,888564 0,001137
нисколько 0,662167 0,000508
ничего 0,030597 0,000110
ничто 0,576253 0,000295
нога 0,213075 0,000218
ножичек 1,690196 0,000433
носить 0,611015 0,000156
ночь 0,189594 0,000243
нужно 0,514105 0,000132
нужный 0,477121 0,000244
обеспокоить 1,088136 0,000557
обидчивость 1,866287 0,000478
обиженно 1,866287 0,000478
обиняк 1,468347 0,000376
облегчить 1,167317 0,000299
обмануть 0,787106 0,000201
обниматься 1,565257 0,001202
обожание 1,690196 0,000865
образ 0,243038 0,000062
образоваться 1,468347 0,000376
обратить 0,769377 0,000197
обращать 0,963197 0,000247
обращаться 0,451314 0,000116
обрывать 1,690196 0,000433
обстоятельство 0,403889 0,000103
общественный 0,000000 0,000000
объявлять 0,769377 0,000197
объяснение 0,599116 0,000307
объяснить 0,374926 0,000096
объяснять 0,936868 0,000240
обыкновенно 0,720159 0,000553
обыскивать 1,866287 0,000478
овладеть 0,912045 0,000233
ограничиваться 1,866287 0,000478
один 0,000000 0,000000
одиннадцать 0,866287 0,000222
однако 0,102859 0,000026
одолжение 0,936868 0,000240
одушевлённый 1,565257 0,000401
ожидание 0,662167 0,000339
ожидать 0,264227 0,000271
озаботить 0,888564 0,000455
оказываться 0,936868 0,000240
оканчивать 1,690196 0,000433
около 0,443041 0,000227
окончательный 0,936868 0,000240
он 0,000000 0,000000
опасный 0,845098 0,000216
определённо 2,167317 0,000555
опубликовать 0,000000 0,000000
опустить 0,752344 0,000193
опять 0,027438 0,000049
осмотреть 1,053374 0,000270
особенно 0,129891 0,000166
особенный 0,389166 0,000498
оставлять 0,533849 0,000137
остальной 0,367977 0,000094
остаться 0,133894 0,000034
отвергать 1,053374 0,000270
ответить 0,121994 0,000062
отвечать 0,258832 0,000066
отвлечь 1,213075 0,000310
отвращение 0,769377 0,000197
отец 0,091770 0,000023
отказ 1,264227 0,000324
отпереть 0,805589 0,000206
отправляться 1,088136 0,000279
отпустить 0,845098 0,000216
отставить 1,690196 0,000433
отталкивание 2,167317 0,000555
отталкивать 1,690196 0,000433
отчасти 0,611015 0,000156
отыскать 0,769377 0,000788
отыскивать 1,167317 0,000598
оформление 0,000000 0,000000
охать 1,389166 0,000356
очевидный 0,554533 0,000568
очень 0,024303 0,000087
очерчивать 2,167317 0,000555
очерчиваться 2,167317 0,000555
очутиться 0,675956 0,000519
ощупать 1,690196 0,000433
ощупь 2,167317 0,000555
первый 0,018098 0,000014
перейти 0,000000 0,000000
переменить 0,845098 0,000216
перескакивать 1,468347 0,000376
переставать 1,125925 0,000288
переставлять 2,167317 0,000555
перестать 0,411442 0,000105
перочинный 1,389166 0,000356
песня 1,021189 0,000784
петербург 0,434924 0,000223
печальный 1,264227 0,000324
плакать 0,328468 0,000084
побояться 1,167317 0,000299
повадливый 1,690196 0,000433
поведение 1,125925 0,000576
повесить 1,565257 0,000401
повторяться 1,021189 0,000261
поглядеть 0,396465 0,000101
погулять 1,565257 0,000401
подборка 0,000000 0,000000
поджигать 1,389166 0,000356
подивиться 0,991226 0,000254
подмигивание 2,167317 0,000555
поднимать 1,264227 0,000324
подняться 0,443041 0,000113
подобный 0,533849 0,000273
подозревать 0,504560 0,000129
подробный 0,888564 0,000227
подхватить 0,403889 0,000207
подыматься 1,053374 0,000270
поездка 1,389166 0,000356
пожалуй 0,237898 0,000061
поздно 0,735954 0,000565
поздравить 1,264227 0,000971
познание 1,125925 0,000288
показывать 0,514105 0,000132
покаяние 1,264227 0,000324
покаянный 1,866287 0,000478
покойный 0,599116 0,000307
поколебаться 1,389166 0,000356
покорить 1,690196 0,000433
покоробить 2,167317 0,000555
покража 1,690196 0,000433
пол 0,704919 0,000361
поле 0,912045 0,000934
ползать 1,468347 0,000376
положение 0,459747 0,000588
положим 0,720159 0,000184
положить 0,403889 0,000310
получить 0,309985 0,000079
польстить 1,389166 0,000356
помиловать 0,735954 0,000565
помнить 0,167317 0,000043
понаслышке 1,468347 0,000376
понимать 0,095435 0,000147
понравиться 0,533849 0,000137
понять 0,106619 0,000273
поправиться 1,125925 0,000288
попросить 0,426955 0,000328
порок 1,213075 0,000310
порывчатый 2,167317 0,000555
порядок 0,704919 0,000180
посетитель 0,991226 0,000507
послать 0,309985 0,000079
после 0,084532 0,000065
последний 0,066947 0,000086
последовать 0,824895 0,000211
послезавтра 1,322219 0,000338
пословица 1,468347 0,000376
посмертно 0,000000 0,000000
посмотреть 0,213075 0,000109
поспешность 1,167317 0,000299
поссориться 0,936868 0,000240
поставить 0,451314 0,000347
постичь 1,167317 0,000299
поступить 0,648803 0,000166
потерять 0,611015 0,000156
потирание 2,167317 0,000555
потирать 1,468347 0,000376
потом 0,084532 0,000043
потому 0,024303 0,000025
потревожить 1,690196 0,000433
потрясти 0,845098 0,000216
поутру 0,845098 0,000216
похвалить 0,991226 0,000254
почему 0,099131 0,000152
почесть 0,769377 0,000197
почитать 0,866287 0,000222
почтение 1,322219 0,000338
почтенный 0,720159 0,000184
почти 0,024303 0,000056
правда 0,088136 0,000023
право 0,176091 0,000090
правый 0,495219 0,000127
праздный 1,468347 0,000376
практический 1,322219 0,000677
пред 0,030597 0,000023
предать 0,866287 0,000222
предмет 0,611015 0,000469
предписание 2,167317 0,000555
предполагать 0,991226 0,000507
предпочесть 1,468347 0,000376
представить 0,286504 0,000220
предстоящий 1,167317 0,000598
прежде 0,077412 0,000099
прежний 0,198834 0,000204
презирать 0,662167 0,000169
презрительно 0,866287 0,000222
прекрасный 0,495219 0,000127
пренебрегать 1,322219 0,000338
прервать 0,623249 0,000479
преступление 0,623249 0,000160
приготовить 0,675956 0,000173
прижизненный 0,000000 0,000000
призвание 1,866287 0,000478
признак 0,845098 0,000216
признаться 0,443041 0,000113
прийти 0,095435 0,000098
прикладывать 1,322219 0,000338
приложение 1,690196 0,000433
примечать 1,389166 0,000711
принимать 0,328468 0,000084
принять 0,180546 0,000046
приосаниться 1,866287 0,000478
припадок 0,544068 0,000139
припарка 2,167317 0,000555
припоминать 0,648803 0,000166
прислать 0,403889 0,000103
притвориться 1,322219 0,000338
приходить 0,243038 0,000062
причина 0,396465 0,000101
приятно 0,805589 0,000206
приятный 0,805589 0,000206
приём 1,213075 0,000310
пробормотать 0,316059 0,000081
провалиться 1,264227 0,000324
провести 0,888564 0,000227
прогнить 2,167317 0,000555
проговорить 0,110412 0,000057
программирование 0,000000 0,000000
продержать 1,690196 0,000433
продолжать 0,125925 0,000064
продолжаться 0,704919 0,000541
произведение 0,000000 0,000000
произвести 0,504560 0,000129
происходить 0,523865 0,000134
пройти 0,000000 0,000000
проклятие 1,088136 0,000279
пролежать 1,053374 0,000539
промолчать 1,021189 0,000261
пропажа 1,866287 0,001433
пропасть 0,769377 0,000197
пропись 1,866287 0,000478
прорваться 1,322219 0,000338
прорезать 2,167317 0,000555
прорываться 1,565257 0,000401
просить 0,150284 0,000154
просиять 1,264227 0,000324
просмотреть 1,389166 0,000356
проснуться 0,735954 0,000188
проспать 1,322219 0,000338
просто 0,232819 0,000179
простодушно 1,322219 0,000338
простой 0,576253 0,000147
протянуть 0,486076 0,000124
прощать 0,426955 0,000109
прощение 0,611015 0,000313
проявиться 1,690196 0,000433
проясниться 1,468347 0,000376
прямо 0,118099 0,000181
прятаться 0,888564 0,000227
публикация 0,000000 0,000000
пункт 0,824895 0,000422
пуститься 0,845098 0,000216
пустозвонный 2,167317 0,000555
пустой 0,690196 0,000353
пусть 0,253503 0,000065
пышно 1,690196 0,000433
пьянствовать 1,389166 0,000356
пьяный 0,451314 0,000116
пятнадцать 0,752344 0,000193
ради 0,752344 0,000193
радостный 0,752344 0,000193
раз 0,309985 0,000317
разве 0,146128 0,000112
развернуть 0,866287 0,000443
развитие 0,912045 0,000233
развёртывать 1,264227 0,000324
разговор 0,264227 0,000338
раздаться 0,635838 0,000325
раздражительность 1,264227 0,000324
раздражительный 0,587534 0,000301
разнообразный 1,389166 0,000711
разный 0,565257 0,000145
разобрать 0,888564 0,000227
разойтись 0,888564 0,000227
разорвать 0,936868 0,000240
разрешение 0,000000 0,000000
разъяснение 1,565257 0,000801
разъяснить 0,662167 0,000169
разыскание 2,167317 0,000555
раскрывать 1,690196 0,000433
расположение 1,021189 0,000261
рассердиться 0,523865 0,000402
рассеянный 1,021189 0,000261
рассказ 0,477121 0,000122
рассказать 0,280827 0,000072
рассказчик 1,389166 0,000356
рассказывать 0,341243 0,000262
рассмеяться 0,599116 0,000307
расставаться 1,468347 0,000376
расстаться 0,936868 0,000240
расчувствоваться 1,866287 0,000955
ребёнок 0,232819 0,000060
ревновать 1,021189 0,000261
редко 0,690196 0,000353
решительно 0,341243 0,000437
решительный 0,611015 0,000156
решить 0,232819 0,000060
решиться 0,341243 0,000087
род 0,419129 0,000215
роль 1,053374 0,000270
рост 0,675956 0,000173
рубль 0,334808 0,000343
рука 0,030597 0,000047
русский 0,411442 0,000211
садик 1,690196 0,000433
садиться 0,486076 0,000124
сайт 0,000000 0,000000
сам 0,002964 0,000005
самый 0,018098 0,000023
сбить 0,866287 0,000222
сверкать 0,611015 0,000156
сверху 0,936868 0,000240
свет 0,176091 0,000045
свидание 0,514105 0,000395
свободно 0,000000 0,000000
свой 0,000000 0,000000
свысока 1,088136 0,000279
святой 0,468347 0,000120
сделать 0,102859 0,000026
сдружиться 1,565257 0,000401
себя 0,000000 0,000000
сегодня 0,194189 0,000149
седьмой 1,021189 0,000261
сей 1,264227 0,000324
сейчас 0,070407 0,000090
секрет 0,690196 0,000177
секунда 0,565257 0,000145
семейство 0,451314 0,000578
семьдесят 0,000000 0,000000
сердиться 0,443041 0,000567
сердце 0,095435 0,000318
серьёзно 0,419129 0,000107
сестра 0,477121 0,000122
сесть 0,824895 0,000633
сжимать 1,322219 0,000338
сидеть 0,125925 0,000064
сильно 0,292256 0,000299
сильный 0,269690 0,000207
сиплый 1,866287 0,000478
сирота 1,213075 0,000310
сиять 0,888564 0,000227
сказать 0,011981 0,000049
скользнуть 2,167317 0,000555
скоро 0,298086 0,000153
скорый 0,237898 0,000061
слава 0,635838 0,000163
сладить 1,866287 0,000478
слегка 0,936868 0,000240
следить 0,623249 0,000319
следовать 0,544068 0,000279
слеза 0,275223 0,000141
слишком 0,133894 0,000480
слово 0,027438 0,000035
сложить 0,845098 0,000216
сложный 1,468347 0,000376
служить 0,544068 0,000139
случай 0,146128 0,000224
случайный 1,322219 0,000338
случаться 0,599116 0,000153
слышать 0,125925 0,000064
смех 0,443041 0,000113
смеяться 0,171682 0,000088
смиренно 1,167317 0,000299
смирный 1,690196 0,000433
смолкнуть 1,866287 0,000478
смотреть 0,077412 0,000119
смутиться 0,805589 0,000206
собрание 1,088136 0,000279
собственно 0,565257 0,000434
собственный 0,264227 0,000203
событие 0,824895 0,000422
совершенно 0,180546 0,000092
совершенный 0,451314 0,000116
совестно 1,167317 0,000299
совет 0,662167 0,000339
совсем 0,021189 0,000011
согласие 0,000000 0,000000
сойтись 0,623249 0,000160
сообщение 1,167317 0,000598
сообщить 0,434924 0,000557
сорт 1,322219 0,000338
состояние 0,322219 0,000165
состояться 0,936868 0,000240
сохранить 0,690196 0,000177
сочинение 1,468347 0,000376
спереди 1,866287 0,000478
спина 0,752344 0,000193
сплетник 1,322219 0,000338
спокойный 0,576253 0,000295
спор 1,053374 0,000270
способный 0,587534 0,000301
справедливый 1,021189 0,000261
спрашивать 0,232819 0,000238
спросить 0,114239 0,000058
срок 0,675956 0,000173
ссора 1,021189 0,000784
ссориться 1,125925 0,000288
становиться 0,389166 0,000100
старик 0,303994 0,000078
стать 0,002964 0,000007
степень 0,367977 0,000188
стоить 0,189594 0,000049
стол 0,286504 0,000147
стонай 2,167317 0,000555
стоп 1,866287 0,000955
сторона 0,110412 0,000085
страждущий 1,690196 0,000433
страница 1,213075 0,000310
странно 0,354404 0,000181
странный 0,227798 0,000117
струсить 1,021189 0,000261
стул 0,434924 0,001447
стушёвываться 1,866287 0,000478
стыдно 0,504560 0,000129
судьба 0,443041 0,000113
суматоха 1,468347 0,000752
сутки 0,991226 0,000507
сухость 2,167317 0,000555
сущность 0,675956 0,000173
схватить 0,347773 0,000089
сцена 0,554533 0,000284
сюда 0,232819 0,000060
сюртук 0,912045 0,000934
таинственный 0,991226 0,000254
также 0,000000 0,000000
таки 0,066947 0,000120
такой 0,002964 0,000015
таскаться 1,468347 0,000376
твёрдый 0,576253 0,000147
текст 0,000000 0,000000
тема 0,735954 0,000188
тень 1,213075 0,000310
теперешний 0,533849 0,000410
теперь 0,015029 0,000050
тесниться 1,322219 0,000338
тимофеич 1,690196 0,001730
тихий 0,544068 0,000279
тогда 0,050046 0,000013
тоже 0,043466 0,000067
толк 0,805589 0,000206
толпа 0,648803 0,000166
только 0,002964 0,000011
том 1,565257 0,000401
торчать 1,213075 0,000310
тоска 0,599116 0,000153
тот 0,002964 0,000011
тотчас 0,046743 0,000060
точно 0,121994 0,000094
трактир 0,720159 0,000553
требование 1,264227 0,000324
требовать 0,565257 0,000145
третий 0,154480 0,000040
тронуть 1,088136 0,000279
труд 0,866287 0,000222
туда 0,495219 0,000254
тупой 1,468347 0,000376
тяжкий 1,565257 0,000401
уважаемый 1,167317 0,000299
уважать 0,523865 0,000670
уважение 0,648803 0,000166
уведомление 1,389166 0,000356
уверенность 1,021189 0,000261
уверенный 0,611015 0,000156
уверять 0,411442 0,000105
увидеть 0,222835 0,000057
угадать 0,599116 0,000460
угол 0,341243 0,000087
удвоиться 2,167317 0,000555
уделить 2,167317 0,000555
удивление 0,292256 0,000075
удивляться 0,544068 0,000279
удовлетворить 1,021189 0,000523
удовольствие 0,486076 0,000124
ужасно 0,167317 0,000128
ужасный 0,322219 0,000165
узнать 0,106619 0,000027
уйти 0,248239 0,000064
улица 0,396465 0,000203
улыбаться 0,544068 0,000139
улыбка 0,374926 0,000288
умерший 0,000000 0,000000
умирить 2,167317 0,000555
унижать 1,167317 0,000299
унижение 0,912045 0,000233
унизительный 1,125925 0,000288
упоминать 0,888564 0,000227
упрекать 1,167317 0,000299
услужить 1,690196 0,000433
услышать 0,381987 0,000098
усмехнуться 0,374926 0,000096
успевать 1,389166 0,000356
успеть 0,203530 0,000052
успокоить 0,824895 0,000211
утешить 1,053374 0,000270
утро 0,347773 0,000267
уходить 0,328468 0,000084
участие 0,787106 0,000201
уязвить 1,389166 0,000356
фердыщенок 1,125925 0,000288
философия 1,264227 0,000647
формально 1,690196 0,000433
фраза 0,805589 0,000825
фёдор 0,434924 0,000223
хитрить 1,565257 0,000401
хитрый 0,963197 0,000247
хихикнуть 1,690196 0,000433
хмельный 1,021189 0,000523
хныкать 1,690196 0,000433
ходить 0,213075 0,000055
хозяин 0,805589 0,000206
хороший 0,077412 0,000059
хорошо 0,189594 0,000049
хотеть 0,033778 0,000035
хотеться 0,292256 0,000075
хоть 0,060107 0,000062
хотя 0,050046 0,000038
хохотать 0,824895 0,000211
хохотливый 2,167317 0,000555
целый 0,217927 0,000335
цель 0,361137 0,000092
целёхонький 2,167317 0,000555
ценить 0,769377 0,000197
час 0,185046 0,000332
частый 0,805589 0,000206
часть 0,002964 0,000002
чей 0,000000 0,000000
человек 0,011981 0,000040
человеческий 0,565257 0,000145
честный 0,735954 0,000565
честолюбие 2,167317 0,000555
честь 0,403889 0,000207
четвёртый 0,286504 0,000147
четыре 0,361137 0,000092
четыреста 1,167317 0,000896
число 0,704919 0,000180
читаемый 2,167317 0,000555
читать 0,403889 0,000103
чрез 0,275223 0,000070
чрезвычайно 0,217927 0,000223
чрезвычайный 0,258832 0,000265
что 0,030597 0,000055
чтоб 0,073896 0,000038
чтобы 0,030597 0,000031
чувствительный 1,088136 0,000279
чувство 0,158717 0,000162
чувствовать 0,264227 0,000068
чужой 0,662167 0,000169
чуть 0,176091 0,000135
шаг 0,367977 0,000094
шутовской 1,565257 0,000401
шёпотом 0,675956 0,000173
щупать 2,167317 0,001109
это 0,002964 0,000005
этот 0,002964 0,000006
я 0,024303 0,000087
явиться 0,298086 0,000229
явка 2,167317 0,000555
ярость 1,053374 0,000270
ясный 0,623249 0,000160
