автор 0,000000 0,000000
авторский 0,000000 0,000000
алексей 0,000000 0,000000
архиерей 1,389166 0,000639
аршин 1,322219 0,000608
атеизм 1,468347 0,001351
атеист 0,963197 0,000443
аукцион 1,866287 0,000859
баба 0,936868 0,002156
баран 1,565257 0,000720
барин 0,787106 0,000724
батюшка 0,635838 0,000293
бедный 0,328468 0,000151
белый 0,720159 0,000994
бессловесный 1,468347 0,000676
библиотека 1,866287 0,002577
бисерный 2,167317 0,000997
благословить 0,735954 0,001016
бог 0,154480 0,000569
бок 1,322219 0,000608
более 0,000000 0,000000
больший 0,248239 0,000228
большой 0,056728 0,000104
брат 0,060107 0,000138
брать 0,486076 0,000224
бросить 0,269690 0,000248
будто 0,099131 0,000137
бывать 0,280827 0,000258
быт 2,167317 0,000997
быть 0,000000 0,000000
вагон 0,888564 0,000409
ввести 0,963197 0,000443
вдруг 0,005949 0,000033
ведь 0,043466 0,000080
вера 0,514105 0,000710
верить 0,180546 0,000083
веровать 0,704919 0,002271
вероятно 0,623249 0,000287
вершковый 1,565257 0,000720
весь 0,002964 0,000010
вечером 0,533849 0,000246
вечно 0,824895 0,001139
взгляд 0,185046 0,000170
взглянуть 0,468347 0,000216
вздрагивать 1,021189 0,000470
взять 0,077412 0,000107
взяться 0,824895 0,000380
вид 0,150284 0,000277
видеть 0,027438 0,000038
видимо 0,328468 0,000151
видно 0,504560 0,000697
византийский 2,167317 0,000997
визит 0,845098 0,000389
висеть 1,125925 0,000518
вместе 0,208276 0,000096
внезапно 0,623249 0,000287
внезапный 0,533849 0,000491
вниз 0,752344 0,000346
вовсе 0,150284 0,000069
возвести 1,866287 0,000859
возвращаться 0,704919 0,000649
вознаграждение 0,000000 0,000000
войти 0,137934 0,000127
вопрос 0,146128 0,000134
воспитанный 1,389166 0,000639
воспоминание 0,635838 0,000293
впасть 1,088136 0,000501
впереди 0,912045 0,000420
вперёд 0,426955 0,000196
впечатление 0,389166 0,000537
впрочем 0,118099 0,000054
время 0,018098 0,000042
вскричать 0,253503 0,000233
вспоминать 0,623249 0,000287
встретиться 0,704919 0,000324
встреча 0,554533 0,000255
встречаться 0,769377 0,000354
всякий 0,106619 0,000049
второй 0,217927 0,000201
выдержать 0,587534 0,000270
выдумать 0,648803 0,000299
выискаться 1,866287 0,000859
выйти 0,063514 0,000175
выказываться 1,866287 0,000859
выкрикивать 1,264227 0,000582
выносить 0,888564 0,000409
вынуть 0,451314 0,000415
выплата 0,000000 0,000000
выразить 0,599116 0,000276
выразиться 0,504560 0,000232
высказать 0,523865 0,000241
высота 1,322219 0,000608
выставить 0,845098 0,000389
выходной 1,468347 0,000676
вязать 1,690196 0,000778
ганс 2,167317 0,000997
главное 0,185046 0,000085
главный 0,426955 0,000196
глаз 0,056728 0,000078
глубокий 0,477121 0,000220
глупый 0,419129 0,000193
глядеть 0,243038 0,000336
говорить 0,011981 0,000077
год 0,292256 0,000134
голова 0,114239 0,000105
голос 0,208276 0,000096
голубой 0,936868 0,000431
гольбейн 1,866287 0,000859
город 0,248239 0,000114
горький 0,912045 0,000839
господь 0,374926 0,000173
гостиная 0,845098 0,000389
гостиница 1,322219 0,001217
гостиный 0,963197 0,000443
граница 0,662167 0,000914
грешник 1,264227 0,000582
грудной 1,264227 0,000582
губа 0,411442 0,000379
давать 0,253503 0,000117
давеча 0,232819 0,000107
давно 0,158717 0,000146
даже 0,005949 0,000011
далее 0,648803 0,000299
далёкий 0,411442 0,000379
дать 0,171682 0,000079
два 0,198834 0,000183
дверь 0,258832 0,001191
двугривенный 1,322219 0,001217
действительно 0,106619 0,000049
делать 0,194189 0,000268
дерево 0,752344 0,000346
деревянный 0,787106 0,000362
держаться 1,389166 0,000639
детство 0,720159 0,000331
дитя 0,888564 0,000409
длина 1,468347 0,000676
дмитрич 2,167317 0,000997
довольно 0,129891 0,000120
довольный 0,495219 0,000228
дойти 0,389166 0,000358
докладываться 1,690196 0,000778
должный 0,099131 0,000182
дом 0,154480 0,000071
дорога 0,275223 0,000253
достоевский 0,000000 0,000000
достояние 0,000000 0,000000
доходить 0,769377 0,000354
друг 0,180546 0,000415
другой 0,008955 0,000012
дрянь 1,125925 0,001036
думать 0,060107 0,000055
едва 0,554533 0,000510
едко 1,866287 0,000859
есть 0,018098 0,000025
ехать 0,587534 0,000270
ждать 0,142011 0,000065
желать 0,232819 0,000107
железный 0,752344 0,000346
жена 0,486076 0,000224
женщина 0,213075 0,000098
жёлтый 0,991226 0,000456
забежной 1,866287 0,000859
забыть 0,125925 0,000174
завидеть 0,963197 0,000887
заговорить 0,334808 0,000154
загореться 0,912045 0,000420
задрожать 0,866287 0,000399
задыхаться 0,635838 0,000585
заключаться 0,635838 0,000293
заключение 0,787106 0,000362
заключить 0,347773 0,000160
зала 0,662167 0,000305
заметить 0,056728 0,000078
замок 0,963197 0,000443
заносить 2,167317 0,000997
заприметить 1,468347 0,000676
зарезать 0,963197 0,000887
засмеяться 0,347773 0,000160
затем 0,237898 0,000109
захлопнуть 1,690196 0,000778
зачем 0,146128 0,000067
здесь 0,095435 0,000132
здоровый 0,769377 0,000354
земля 0,298086 0,000137
знак 0,565257 0,000260
знаток 1,213075 0,000558
знать 0,002964 0,000005
значит 0,243038 0,000112
знающий 1,264227 0,000582
золотой 0,805589 0,000371
иван 0,232819 0,000107
идиот 0,426955 0,000786
изволить 0,477121 0,000220
изображать 1,125925 0,000518
именно 0,066947 0,000031
иметь 0,118099 0,000054
иной 0,208276 0,000096
использоваться 0,000000 0,000000
истинно 1,125925 0,000518
источник 1,565257 0,000720
казаться 0,063514 0,000117
какой 0,005949 0,000016
каморка 1,213075 0,000558
картина 0,690196 0,003811
кивнуть 0,912045 0,000420
книга 0,106619 0,000147
князь 0,443041 0,005913
когда 0,015029 0,000041
коли 0,269690 0,000248
комар 0,000000 0,000000
комната 0,150284 0,000346
конвульсивный 1,468347 0,000676
конечно 0,060107 0,000028
копия 1,690196 0,001556
который 0,002964 0,000011
крайний 0,292256 0,000134
красный 0,611015 0,000281
крепко 0,443041 0,000612
кресло 0,599116 0,000276
крест 0,690196 0,003811
крестьянин 1,389166 0,000639
крестьянский 1,565257 0,000720
крикнуть 0,292256 0,000134
кроме 0,158717 0,000073
круглый 0,963197 0,000443
куда 0,248239 0,000114
купец 0,720159 0,000331
купить 0,752344 0,001385
ласково 0,936868 0,000862
лента 1,565257 0,000720
ленточка 1,264227 0,000582
лестница 0,787106 0,001087
либо 0,000000 0,000000
литература 1,468347 0,000676
лицо 0,000000 0,000000
лишь 0,185046 0,000085
ложиться 0,824895 0,000380
лосниться 2,167317 0,000997
любить 0,066947 0,000092
любой 0,000000 0,000000
лёгкий 0,599116 0,000276
маленький 0,185046 0,000085
материн 1,866287 0,000859
матушка 0,991226 0,000912
мать 0,217927 0,000100
машинально 1,053374 0,000485
мгновение 0,316059 0,000145
мебель 1,021189 0,000470
меблированный 1,264227 0,000582
между 0,129891 0,000060
мельком 0,912045 0,000420
мера 0,217927 0,000100
младенец 0,866287 0,000399
многие 0,468347 0,000216
много 0,080958 0,000075
можно 0,088136 0,000041
мой 0,077412 0,000071
молитва 0,888564 0,001227
молодка 2,167317 0,000997
молодой 0,222835 0,000103
молча 0,367977 0,000508
молчать 0,248239 0,000228
момент 0,000000 0,000000
москва 0,468347 0,000431
мочь 0,000000 0,000000
мрачный 0,662167 0,000305
мысль 0,114239 0,000210
мышкин 0,963197 0,000443
наблюдение 1,167317 0,000537
набожно 1,389166 0,001918
наверх 0,888564 0,000409
надеть 0,888564 0,000409
надо 0,036984 0,000017
надуть 1,021189 0,000470
назад 0,000000 0,000000
название 1,088136 0,000501
названый 2,167317 0,000997
найти 0,298086 0,000137
наклонить 1,389166 0,000639
наконец 0,073896 0,000102
наметиться 2,167317 0,000997
написать 0,000000 0,000000
напиться 1,167317 0,000537
напоказ 1,565257 0,000720
наскоро 0,888564 0,000409
насмешливый 0,704919 0,000324
настоящий 0,309985 0,000285
настроение 0,824895 0,000759
насчёт 0,354404 0,000326
наткнуться 1,389166 0,000639
наука 0,787106 0,000362
наутро 0,991226 0,000456
находиться 0,514105 0,000237
начать 0,066947 0,000062
наш 0,118099 0,000163
небо 0,635838 0,000585
небольшой 0,675956 0,000622
небось 0,912045 0,000420
неверующий 1,565257 0,000720
невнятно 2,167317 0,000997
невольно 0,704919 0,000324
недавний 0,888564 0,000409
неделя 0,374926 0,000518
недоверчивость 1,125925 0,000518
нежно 1,167317 0,000537
нежный 0,845098 0,000389
некоторый 0,154480 0,000071
нельзя 0,176091 0,000081
немного 0,426955 0,000196
необыкновенный 0,396465 0,000182
неожиданно 0,523865 0,000241
несколько 0,095435 0,000132
неясно 1,088136 0,000501
нибыть 0,030597 0,000014
низко 1,322219 0,000608
никак 0,396465 0,000182
николаевич 0,704919 0,001298
ничего 0,030597 0,000084
новый 0,167317 0,000154
нога 0,213075 0,000098
ноне 1,565257 0,000720
носить 0,611015 0,000562
ночь 0,189594 0,000087
обернуться 0,576253 0,000265
обнаружиться 1,021189 0,000470
обнимать 0,866287 0,000399
обнять 0,735954 0,001016
обрадоваться 0,611015 0,000281
общественный 0,000000 0,000000
объяснить 0,374926 0,000173
один 0,000000 0,000000
оживляться 1,167317 0,000537
около 0,443041 0,000204
оловянный 2,167317 0,001995
он 0,000000 0,000000
опубликовать 0,000000 0,000000
опустить 0,752344 0,000346
опять 0,027438 0,000088
особый 0,565257 0,000260
оставить 0,203530 0,000187
оставлять 0,533849 0,000491
останавливаться 0,866287 0,000797
остановиться 0,269690 0,000496
осторожно 0,912045 0,000420
осуждать 1,264227 0,000582
осьмиконечный 1,866287 0,000859
отвернуться 0,912045 0,000420
ответ 0,322219 0,000297
ответить 0,121994 0,000056
отворить 0,486076 0,000671
отвёртываться 1,866287 0,000859
отдавать 0,787106 0,000362
отдать 0,381987 0,000352
отец 0,091770 0,000084
отличный 2,167317 0,000997
отправиться 0,611015 0,000281
оформление 0,000000 0,000000
охотник 1,125925 0,000518
очень 0,024303 0,000034
палец 0,486076 0,000224
парфена 1,213075 0,005024
пейзаж 1,690196 0,000778
первый 0,018098 0,000067
перегородка 1,468347 0,000676
перейти 0,000000 0,000000
перекрестить 1,167317 0,000537
перекреститься 1,053374 0,000970
переночевать 1,690196 0,000778
переслать 1,565257 0,000720
пересмотреть 1,866287 0,000859
перст 1,213075 0,000558
печка 1,565257 0,000720
писать 0,419129 0,000193
платок 0,675956 0,000311
платочек 1,389166 0,000639
платье 0,635838 0,000293
площадка 1,468347 0,002027
побледнеть 0,544068 0,000250
побрататься 1,690196 0,000778
побродить 2,167317 0,000997
повернуться 0,495219 0,000228
повести 1,053374 0,000485
повязать 1,866287 0,000859
подавать 0,866287 0,000399
подборка 0,000000 0,000000
подглядеть 1,389166 0,000639
подле 0,419129 0,000193
поднять 0,396465 0,000547
подняться 0,443041 0,000204
подождать 0,587534 0,000270
подойти 0,341243 0,000157
подтвердить 0,544068 0,000250
подумать 0,185046 0,000085
подходить 0,587534 0,000541
пожалуй 0,237898 0,000109
пожелать 0,675956 0,000311
позвонить 1,125925 0,000518
познакомиться 0,735954 0,000339
познание 1,125925 0,000518
пойти 0,080958 0,000149
пока 0,213075 0,000098
показать 0,292256 0,000134
покатиться 1,690196 0,000778
поклониться 0,662167 0,000305
покойный 0,599116 0,000276
полный 0,253503 0,000117
половина 0,396465 0,000182
поменяться 2,167317 0,002992
помнить 0,167317 0,000077
помолчать 0,648803 0,000299
понимать 0,095435 0,000088
понравиться 0,533849 0,000246
понятие 0,735954 0,000677
понять 0,106619 0,000098
пора 0,690196 0,000318
поразить 0,243038 0,000224
портрет 0,912045 0,000420
порывчатость 1,690196 0,000778
посетитель 0,991226 0,000912
послать 0,309985 0,000428
после 0,084532 0,000039
последний 0,066947 0,000031
посмертно 0,000000 0,000000
поспешно 0,866287 0,000399
постоять 0,690196 0,000318
потому 0,024303 0,000034
потянуть 2,167317 0,000997
похожий 0,611015 0,000281
поцеловать 0,587534 0,000270
почти 0,024303 0,000034
правда 0,088136 0,000081
правый 0,495219 0,000228
пред 0,030597 0,000042
предложить 0,623249 0,000287
прежде 0,077412 0,000214
прежний 0,198834 0,000275
преобразиться 1,690196 0,000778
прерваться 1,866287 0,000859
преступление 0,623249 0,000287
прибавить 0,162996 0,000075
приводить 0,991226 0,000456
приехать 0,309985 0,000143
приживалка 1,690196 0,000778
прижизненный 0,000000 0,000000
приостановиться 1,088136 0,000501
припадок 0,544068 0,000250
припадочный 1,866287 0,000859
припоминать 0,648803 0,000299
припомнить 0,533849 0,000246
прислать 0,403889 0,000186
притворить 1,690196 0,000778
приятель 0,866287 0,001196
приятный 0,805589 0,000371
пробормотать 0,316059 0,000291
проговорить 0,110412 0,000305
программирование 0,000000 0,000000
продолжать 0,125925 0,000058
произведение 0,000000 0,000000
пройти 0,000000 0,000000
пропадать 1,322219 0,000608
пропасть 0,769377 0,000354
пропивать 1,690196 0,000778
простить 0,286504 0,000132
простой 0,576253 0,000265
проступок 1,565257 0,000720
противоположный 0,888564 0,000409
протянуть 0,486076 0,000224
проходить 0,576253 0,000265
прочить 0,648803 0,000299
прошлый 0,735954 0,001016
прощание 1,322219 0,000608
прощать 0,426955 0,000786
прямо 0,118099 0,000054
публикация 0,000000 0,000000
пьяный 0,451314 0,000831
пять 0,222835 0,000103
пятьдесят 0,675956 0,000311
пятьсот 0,936868 0,000431
ради 0,752344 0,000346
радость 0,411442 0,000568
раз 0,309985 0,000285
разве 0,146128 0,000067
разглядеть 0,662167 0,000305
разговор 0,264227 0,000122
разгородить 1,866287 0,000859
раздражительный 0,587534 0,000270
различить 1,264227 0,000582
размер 1,088136 0,000501
разный 0,565257 0,000260
разом 0,389166 0,000179
разрешение 0,000000 0,000000
рассеянность 1,213075 0,000558
расспрашивать 0,824895 0,000380
расставаться 1,468347 0,000676
рассуждение 1,021189 0,000470
растерзать 1,690196 0,000778
ребёнок 0,232819 0,000321
редкость 1,322219 0,000608
резать 1,322219 0,000608
религиозный 1,213075 0,001116
решаться 0,752344 0,000692
рисунок 1,866287 0,000859
ровный 1,468347 0,000676
рогожина 0,648803 0,005971
родитель 0,599116 0,000276
родный 0,565257 0,001041
рождение 0,888564 0,000409
россия 0,514105 0,000473
рубль 0,334808 0,000308
рука 0,030597 0,000127
русский 0,411442 0,000568
русь 1,264227 0,000582
ручка 0,769377 0,000354
савельев 2,167317 0,000997
сайт 0,000000 0,000000
сам 0,002964 0,000003
самый 0,018098 0,000017
сверх 0,752344 0,000346
сверху 0,936868 0,000431
свет 0,176091 0,000081
свидание 0,514105 0,000237
свободно 0,000000 0,000000
свой 0,000000 0,000000
сгорбить 1,866287 0,000859
сделать 0,102859 0,000047
себя 0,000000 0,000000
сегодня 0,194189 0,000179
седой 0,991226 0,000456
семьдесят 0,000000 0,000000
семён 1,389166 0,000639
семёнович 1,213075 0,000558
сердце 0,095435 0,000132
серебряный 1,213075 0,001675
серьёзно 0,419129 0,000193
сжимать 1,322219 0,000608
сзади 0,824895 0,000380
сидеть 0,125925 0,000058
сильно 0,292256 0,000134
сильный 0,269690 0,000124
сказать 0,011981 0,000039
скамеечка 1,866287 0,000859
скользить 2,167317 0,000997
сколько 0,280827 0,000258
скорее 0,514105 0,000237
скоро 0,298086 0,000137
скорый 0,237898 0,000109
слабый 0,611015 0,000281
следующий 0,866287 0,000399
слово 0,027438 0,000025
сложить 0,845098 0,000778
случиться 0,292256 0,000134
слушать 0,203530 0,000094
слыхивать 1,468347 0,000676
слышный 0,845098 0,000389
смех 0,443041 0,000612
смотреть 0,077412 0,000142
снимать 1,167317 0,000537
снурка 1,866287 0,000859
снятой 1,389166 0,000639
снять 0,704919 0,000973
соблазнить 1,389166 0,000639
собрание 1,088136 0,000501
совершенно 0,180546 0,000332
совершенный 0,451314 0,000208
совсем 0,021189 0,000059
согласие 0,000000 0,000000
сойти 0,495219 0,000228
солдат 0,888564 0,001227
сомнение 0,426955 0,000196
сочинение 1,468347 0,000676
спальня 0,936868 0,000431
спаситель 1,565257 0,000720
спать 0,495219 0,000228
спрашивать 0,232819 0,000107
спросить 0,114239 0,000263
становиться 0,389166 0,000179
старенький 1,167317 0,000537
старинный 0,936868 0,000431
старушка 1,213075 0,002791
старший 0,587534 0,000270
старый 0,374926 0,000173
стать 0,002964 0,000001
стена 0,533849 0,000246
стоять 0,150284 0,000138
странно 0,354404 0,000652
странность 0,963197 0,000443
странный 0,227798 0,000210
ступень 1,565257 0,000720
судорожно 1,167317 0,000537
судьба 0,443041 0,000204
сурово 1,088136 0,000501
сущность 0,675956 0,000622
сходиться 0,912045 0,000420
сын 0,434924 0,000200
сюда 0,232819 0,000214
также 0,000000 0,000000
таки 0,066947 0,000031
такой 0,002964 0,000012
твой 0,258832 0,000238
текст 0,000000 0,000000
теперь 0,015029 0,000014
тогда 0,050046 0,000069
тоже 0,043466 0,000060
только 0,002964 0,000011
том 1,565257 0,000720
тонкий 0,720159 0,000331
тот 0,002964 0,000010
тотчас 0,046743 0,000043
точно 0,121994 0,000225
траур 1,690196 0,000778
триста 1,213075 0,000558
тротуар 1,389166 0,000639
ты 0,133894 0,000678
тяжело 0,565257 0,000260
тяжёлый 0,662167 0,000305
тёмный 0,523865 0,000241
убеждение 0,554533 0,000255
убийство 0,787106 0,000362
угол 0,341243 0,000157
удивиться 0,523865 0,000241
удивление 0,292256 0,000134
удовольствие 0,486076 0,000224
уездный 1,565257 0,000720
ужасно 0,167317 0,000077
улыбка 0,374926 0,000345
улыбнуться 0,426955 0,000589
умерший 0,000000 0,000000
уметь 0,328468 0,000151
упираться 1,690196 0,000778
упрёк 1,125925 0,000518
усмехнуться 0,374926 0,000173
успеть 0,203530 0,000187
уступать 1,053374 0,000485
утром 0,411442 0,000189
учёный 0,752344 0,000692
фантастически 1,866287 0,000859
форма 0,991226 0,000456
фёдор 0,434924 0,000400
хлынуть 1,866287 0,000859
холодно 0,991226 0,000456
холодный 0,824895 0,000380
хороший 0,077412 0,000071
хорошо 0,189594 0,000087
хотеть 0,033778 0,000124
хотеться 0,292256 0,000269
хоть 0,060107 0,000083
хотя 0,050046 0,000046
хохотать 0,824895 0,000380
христианство 1,264227 0,000582
христов 1,125925 0,000518
христопродавец 2,167317 0,000997
христос 0,675956 0,000311
целковый 1,167317 0,000537
час 0,185046 0,000255
часть 0,002964 0,000003
часы 0,787106 0,001449
чей 0,000000 0,000000
человек 0,011981 0,000039
чепца 2,167317 0,001995
через 0,258832 0,000238
честный 0,735954 0,000339
четыре 0,361137 0,000332
четыреста 1,167317 0,000537
чехол 1,866287 0,000859
число 0,704919 0,000324
чистенький 1,389166 0,000639
чистота 1,322219 0,000608
чистый 0,434924 0,000400
читаемый 2,167317 0,000997
читать 0,403889 0,000372
чрез 0,275223 0,000253
что 0,030597 0,000014
чтоб 0,073896 0,000034
чтобы 0,030597 0,000014
чувство 0,158717 0,000073
чудно 1,322219 0,000608
чулок 1,565257 0,000720
чуть 0,176091 0,000081
чёрный 0,504560 0,000929
шаг 0,367977 0,000169
шататься 1,389166 0,000639
шерстяной 1,866287 0,000859
шесть 0,514105 0,000473
шутить 0,845098 0,000389
этаж 1,167317 0,000537
это 0,002964 0,000010
этот 0,002964 0,000007
я 0,024303 0,000067
ясный 0,623249 0,000287
