автор 0,000000 0,000000
авторский 0,000000 0,000000
аксиома 1,322219 0,000514
алексей 0,000000 0,000000
арестовать 1,264227 0,000984
барин 0,787106 0,000306
бездна 1,053374 0,000820
безудержный 1,565257 0,000609
безумствовать 2,167317 0,000843
бел 1,866287 0,000726
бельё 0,845098 0,000329
беспристрастно 2,167317 0,000843
бесспорный 0,787106 0,000306
бешенство 1,053374 0,000410
библиотека 1,866287 0,002179
бить 0,769377 0,000299
более 0,000000 0,000000
больной 0,258832 0,000101
большой 0,056728 0,000022
бояться 0,158717 0,000062
брат 0,060107 0,000187
бросать 0,787106 0,000306
бумага 0,735954 0,000286
бушевать 1,468347 0,000571
бывший 0,389166 0,000151
быть 0,000000 0,000000
важный 0,341243 0,000133
валяться 1,125925 0,000876
вверить 1,468347 0,001714
вдобавок 1,213075 0,000944
вдруг 0,005949 0,000007
ведь 0,043466 0,000254
верить 0,180546 0,000141
вероятный 0,866287 0,000337
верхний 1,053374 0,000410
верховцев 1,468347 0,003428
весь 0,002964 0,000006
весьма 0,243038 0,000095
вечер 0,322219 0,000125
вечером 0,533849 0,000208
вещь 0,411442 0,000320
вздумать 0,720159 0,000280
взлетать 2,167317 0,000843
взять 0,077412 0,000211
вид 0,150284 0,000058
видать 0,419129 0,000489
видеть 0,027438 0,000107
визит 0,845098 0,000329
властный 1,690196 0,000658
внезапно 0,623249 0,000243
вовсе 0,150284 0,000058
воздух 0,845098 0,000329
возлюбить 0,912045 0,001065
возможность 0,587534 0,000457
возможный 0,845098 0,000329
вознаграждение 0,000000 0,000000
возражение 1,264227 0,000492
возразить 1,213075 0,000472
войти 0,137934 0,000054
воля 0,576253 0,000224
вопрос 0,146128 0,000227
вор 1,021189 0,000397
ворваться 1,167317 0,000454
воротиться 0,303994 0,000118
восемнадцать 1,125925 0,000438
восклицать 0,533849 0,000208
воспалить 1,468347 0,000571
воспользоваться 1,125925 0,000438
время 0,018098 0,000028
всегда 0,129891 0,000101
вспомнить 0,434924 0,000169
вступать 1,021189 0,000397
всякий 0,106619 0,000083
второе 1,125925 0,000438
второй 0,217927 0,000254
выбежать 0,752344 0,000293
выбрать 0,845098 0,000329
выдавать 1,021189 0,000397
выдать 0,845098 0,000658
выйти 0,063514 0,000049
вынимать 1,264227 0,000492
вынуть 0,451314 0,000527
выплата 0,000000 0,000000
вырвать 1,125925 0,000438
высокий 0,213075 0,000083
высоконравственный 2,167317 0,000843
высокоталантливый 1,468347 0,000571
высокоуважаемый 1,866287 0,000726
выходить 0,258832 0,000101
главное 0,185046 0,000144
глаз 0,056728 0,000022
говорить 0,011981 0,000009
голова 0,114239 0,000044
гораздо 0,443041 0,000172
город 0,248239 0,000097
горько 0,690196 0,000269
господин 0,208276 0,000567
госпожа 0,648803 0,001767
готовый 0,367977 0,000143
грабитель 1,866287 0,000726
грабить 1,866287 0,000726
грабёж 1,167317 0,007267
грудь 0,443041 0,000345
грушенька 0,544068 0,000212
давать 0,253503 0,000099
давеча 0,232819 0,000181
даже 0,005949 0,000021
далёкий 0,411442 0,000160
дать 0,171682 0,000334
два 0,198834 0,000309
двадцать 0,303994 0,000118
двенадцатый 0,690196 0,000537
двойной 1,565257 0,000609
деваться 1,690196 0,000658
действие 1,088136 0,000423
действительно 0,106619 0,000041
делать 0,194189 0,000076
делиться 1,690196 0,000658
дело 0,011981 0,000028
день 0,118099 0,000138
деньга 0,185046 0,002664
дерзость 1,167317 0,000454
дескать 0,419129 0,000652
довести 0,720159 0,000280
дождаться 1,125925 0,000438
дознать 2,167317 0,000843
доказательство 0,824895 0,000321
доказать 0,565257 0,001320
доказываться 1,866287 0,000726
докладываться 1,690196 0,000658
долг 0,735954 0,000286
долго 0,222835 0,000087
должный 0,099131 0,000077
дом 0,154480 0,000120
домой 0,459747 0,000179
допустить 0,635838 0,000247
достать 0,587534 0,000229
достигать 1,389166 0,000541
достоверность 1,866287 0,000726
достоевский 0,000000 0,000000
достояние 0,000000 0,000000
дотрогиваться 1,690196 0,001315
другой 0,008955 0,000021
думать 0,060107 0,000023
душа 0,158717 0,000062
душевный 0,912045 0,000355
единственно 0,477121 0,000186
если 0,011981 0,000084
есть 0,018098 0,000085
женщина 0,213075 0,000166
жизнь 0,084532 0,000066
забота 0,824895 0,000321
заговорить 0,334808 0,000130
загореться 0,912045 0,000355
заключить 0,347773 0,000271
замарать 1,389166 0,000541
заметить 0,056728 0,000066
замок 0,963197 0,000750
запереться 1,213075 0,000472
записать 0,845098 0,000329
заседатель 1,213075 0,000944
заставлять 1,167317 0,000454
затем 0,237898 0,000093
захватить 0,587534 0,000229
заходить 0,611015 0,000713
зашить 1,322219 0,001543
защитник 0,963197 0,001124
заявить 0,675956 0,000263
зеница 2,167317 0,000843
знать 0,002964 0,000006
значит 0,243038 0,000095
золотой 0,805589 0,000313
иван 0,232819 0,000181
иванович 0,269690 0,000210
идти 0,180546 0,000070
избитый 2,167317 0,000843
избить 0,845098 0,000329
извести 2,167317 0,000843
изложить 0,866287 0,000337
изменить 0,769377 0,000599
именно 0,066947 0,000599
иметь 0,118099 0,000138
иначе 0,367977 0,000286
искренно 0,523865 0,000204
использоваться 0,000000 0,000000
истерический 0,888564 0,000346
источник 1,565257 0,000609
истратить 1,125925 0,000438
исчезнуть 0,623249 0,000243
итак 0,805589 0,000313
каждый 0,137934 0,000054
казаться 0,063514 0,000025
каковой 0,576253 0,000224
какой 0,005949 0,000014
карамазов 0,180546 0,000632
катастрофа 0,936868 0,001458
катерина 0,587534 0,000457
клочок 1,322219 0,001029
клясться 0,554533 0,000216
книга 0,106619 0,000124
когда 0,015029 0,000018
колоссальный 1,389166 0,000541
комар 0,000000 0,000000
конверт 1,088136 0,000847
конец 0,213075 0,000249
конечно 0,060107 0,000023
кончить 0,328468 0,000128
копейка 0,769377 0,000299
который 0,002964 0,000007
крайний 0,292256 0,000227
красный 0,611015 0,000238
кредитка 1,167317 0,000454
крик 0,514105 0,000400
кричать 0,303994 0,000237
кроме 0,158717 0,000309
кто 0,114239 0,000044
куда 0,248239 0,000290
кутила 1,389166 0,000541
кутёж 1,021189 0,001192
лавка 0,787106 0,000919
ладонка 1,389166 0,002703
легкомысленно 1,565257 0,000609
легкомысленный 0,845098 0,000329
легкомыслие 1,125925 0,000438
лежать 0,243038 0,000189
ленточка 1,264227 0,000492
либо 0,000000 0,000000
литература 1,468347 0,000571
лицо 0,000000 0,000000
лишь 0,185046 0,000360
ломоть 1,565257 0,000609
лоток 1,690196 0,000658
любовь 0,334808 0,000391
любой 0,000000 0,000000
максим 1,125925 0,000438
мальчик 0,411442 0,000160
между 0,129891 0,000051
мелкий 0,690196 0,000269
меняльный 1,866287 0,000726
мера 0,217927 0,000085
место 0,099131 0,000077
месяц 0,264227 0,000411
мир 0,523865 0,000204
младший 1,021189 0,000397
многое 0,443041 0,000172
можно 0,088136 0,000069
мозг 1,021189 0,000397
мокрый 0,675956 0,000789
молодой 0,222835 0,000087
момент 0,000000 0,000000
монета 1,866287 0,001452
мочь 0,000000 0,000000
мучение 0,963197 0,000375
мучительный 0,623249 0,000485
мысль 0,114239 0,000089
надобный 0,866287 0,000337
надпись 1,322219 0,001029
назад 0,000000 0,000000
название 1,088136 0,000423
называть 0,477121 0,000186
найти 0,298086 0,000464
накануне 0,662167 0,000258
наконец 0,073896 0,000144
напиваться 1,690196 0,000658
написать 0,000000 0,000000
например 0,298086 0,000116
напротив 0,180546 0,000281
нарочно 0,227798 0,000089
наслать 0,805589 0,000940
настойчиво 0,787106 0,000306
настоящий 0,309985 0,000241
натура 0,888564 0,000346
наука 0,787106 0,000306
небось 0,912045 0,000355
неверно 2,167317 0,001687
невероятный 1,322219 0,000514
невеста 0,720159 0,000280
невмочь 2,167317 0,000843
невозможно 0,411442 0,000160
невозможность 1,088136 0,000423
негодование 0,403889 0,000157
недавно 0,576253 0,000224
нелепость 0,963197 0,000375
нельзя 0,176091 0,000137
ненависть 0,623249 0,000243
необычайный 0,662167 0,000258
неподготовленный 2,167317 0,000843
неправильный 1,468347 0,000571
непредубеждённый 1,866287 0,000726
непреложный 1,389166 0,000541
несколько 0,095435 0,000037
нетерпеливый 0,752344 0,000293
неужели 0,389166 0,000303
нечаянно 0,752344 0,000293
нечего 0,381987 0,000149
нибыть 0,030597 0,000036
никакой 0,213075 0,000166
никогда 0,088136 0,000069
никто 0,095435 0,000186
никуда 0,936868 0,000729
ничего 0,030597 0,000024
ничуть 2,167317 0,000843
новый 0,167317 0,000065
носить 0,611015 0,000238
ночь 0,189594 0,000148
нужный 0,477121 0,000743
обвинение 0,787106 0,002756
обвинитель 1,322219 0,002572
обвинять 0,888564 0,000691
обдуманный 1,866287 0,000726
область 1,690196 0,000658
обнаружить 1,053374 0,001639
обнаружиться 1,021189 0,000397
обостриться 1,565257 0,000609
образ 0,243038 0,000189
обратный 1,468347 0,000571
обрисовываться 2,167317 0,000843
обстоятельство 0,403889 0,000157
общественный 0,000000 0,000000
объяснить 0,374926 0,000146
обыск 1,468347 0,000571
ограбить 0,912045 0,002129
один 0,000000 0,000000
однако 0,102859 0,000200
ожидание 0,662167 0,000258
озлобление 1,389166 0,000541
окровавленный 1,264227 0,000492
он 0,000000 0,000000
определить 0,866287 0,000337
опубликовать 0,000000 0,000000
опять 0,027438 0,000032
основание 0,787106 0,000306
особа 0,769377 0,000599
особенно 0,129891 0,000051
особенность 1,125925 0,000438
остановиться 0,269690 0,000105
остаться 0,133894 0,000104
осязать 1,866287 0,000726
отвергать 1,053374 0,000410
ответ 0,322219 0,000125
отвечать 0,258832 0,000101
отдать 0,381987 0,000297
отделить 1,322219 0,002572
отец 0,091770 0,000143
отказать 0,735954 0,000286
отколупывать 2,167317 0,001687
откуда 0,514105 0,000400
отмщение 1,322219 0,000514
отнюдь 0,824895 0,000321
отнять 0,888564 0,000346
отомщать 1,866287 0,000726
отослать 1,213075 0,000472
отправить 1,125925 0,000438
отрицание 1,468347 0,000571
отсылка 1,866287 0,000726
отчаяние 0,544068 0,000212
отчий 0,554533 0,000216
отыскать 0,769377 0,000299
оформление 0,000000 0,000000
ошибочный 1,565257 0,000609
павлович 0,286504 0,000557
пакет 0,963197 0,006371
палка 1,213075 0,000472
пачка 0,963197 0,000375
первый 0,018098 0,000042
перед 0,554533 0,000432
перейти 0,000000 0,000000
переносить 0,936868 0,000365
перхотин 1,053374 0,000410
петербург 0,434924 0,000169
писать 0,419129 0,000326
письмо 0,434924 0,000508
план 0,888564 0,000346
побежать 0,468347 0,000729
поверить 0,347773 0,000135
поговорить 0,805589 0,000313
погубить 0,936868 0,000729
подборка 0,000000 0,000000
подвал 1,866287 0,001452
подействовать 1,021189 0,000397
подлец 0,554533 0,000647
подобный 0,533849 0,000208
подсудимый 0,866287 0,007079
подушка 0,611015 0,000238
пожалуй 0,237898 0,000185
позволить 0,264227 0,000206
позволять 0,866287 0,000337
позор 0,720159 0,000560
позорный 0,991226 0,000386
показание 0,752344 0,002635
показать 0,292256 0,000341
пол 0,704919 0,001371
полиция 1,322219 0,000514
полный 0,253503 0,000296
половина 0,396465 0,000771
положим 0,720159 0,000560
положить 0,403889 0,000314
полтора 0,787106 0,002144
получение 1,213075 0,000472
получить 0,309985 0,000362
помятый 1,866287 0,000726
помять 2,167317 0,000843
понравиться 0,533849 0,000208
понять 0,106619 0,000041
поражать 0,888564 0,000346
поразить 0,243038 0,000189
порох 1,264227 0,000492
посетитель 0,991226 0,000771
послать 0,309985 0,000121
после 0,084532 0,000099
последний 0,066947 0,000078
последовать 0,824895 0,000321
послужить 0,824895 0,000321
послушать 0,662167 0,000258
посмертно 0,000000 0,000000
посмотреть 0,213075 0,000083
постель 0,662167 0,001031
постельный 2,167317 0,000843
постлать 1,468347 0,000571
потечь 1,264227 0,000492
потому 0,024303 0,000038
потребность 0,805589 0,000313
почему 0,099131 0,000231
почта 1,565257 0,001218
почти 0,024303 0,000009
правда 0,088136 0,000034
правдоподобно 1,690196 0,000658
право 0,176091 0,000137
пред 0,030597 0,000024
предварительно 0,991226 0,000771
предварительный 1,213075 0,000472
предвидеть 1,021189 0,000397
предложить 0,623249 0,000728
предмет 0,611015 0,000238
предположение 0,991226 0,002314
предположить 0,824895 0,000321
прежний 0,198834 0,000077
преувеличить 1,167317 0,000908
прибежать 0,769377 0,000299
прижизненный 0,000000 0,000000
признание 0,824895 0,000642
прийти 0,095435 0,000037
приказчик 1,264227 0,000492
приложить 0,963197 0,000375
принять 0,180546 0,000070
припомнить 0,533849 0,000415
припрятать 1,322219 0,000514
приступить 1,125925 0,000438
присяжный 0,991226 0,001928
причина 0,396465 0,000309
провозгласить 0,824895 0,000321
программа 1,468347 0,001143
программирование 0,000000 0,000000
продолжать 0,125925 0,000049
произведение 0,000000 0,000000
происходить 0,523865 0,000204
пройти 0,000000 0,000000
прокутить 1,468347 0,000571
просить 0,150284 0,000117
протокол 1,468347 0,000571
прямая 1,690196 0,000658
психология 1,125925 0,000438
публикация 0,000000 0,000000
пункт 0,824895 0,000321
пусть 0,253503 0,000099
пьяный 0,451314 0,000176
пятнадцать 0,752344 0,000293
пять 0,222835 0,000087
пятьсот 0,936868 0,000365
радужный 1,264227 0,000984
разговор 0,264227 0,000103
раздражение 0,888564 0,000346
разносчик 2,167317 0,000843
разом 0,389166 0,000303
разорвать 0,936868 0,000365
разрешение 0,000000 0,000000
разрывать 1,389166 0,000541
расквитаться 2,167317 0,000843
распечатать 1,264227 0,000492
распорядиться 0,805589 0,000313
рассудить 0,675956 0,000263
расчёт 0,611015 0,000475
расшивать 2,167317 0,001687
расщелина 1,866287 0,001452
ревнивый 1,088136 0,000423
ревность 0,888564 0,000346
речь 0,486076 0,000567
решиться 0,341243 0,000133
рождаться 1,389166 0,000541
розовый 1,167317 0,000454
роковой 0,704919 0,000549
роман 0,866287 0,002022
романический 1,468347 0,000571
рубль 0,334808 0,000782
рука 0,030597 0,000048
русский 0,411442 0,000160
сайт 0,000000 0,000000
сам 0,002964 0,000012
самый 0,018098 0,000028
сведение 0,824895 0,000321
свежейший 2,167317 0,000843
свежий 0,963197 0,000375
светлов 1,565257 0,000609
свидетель 0,459747 0,001073
свидетельница 1,866287 0,000726
свободно 0,000000 0,000000
свой 0,000000 0,000000
сделать 0,102859 0,000040
себя 0,000000 0,000000
сегодня 0,194189 0,000151
село 0,888564 0,000691
семьдесят 0,000000 0,000000
сила 0,185046 0,000072
сильный 0,269690 0,000105
синий 1,125925 0,000438
сказать 0,011981 0,000042
сколько 0,280827 0,000437
скорый 0,237898 0,000093
слабый 0,611015 0,000238
следствие 0,912045 0,000355
слово 0,027438 0,000032
сломя 1,125925 0,000438
слуга 0,599116 0,000233
служанка 0,888564 0,000346
случай 0,146128 0,000171
слышать 0,125925 0,000098
слышный 0,845098 0,000329
слюнка 1,690196 0,000658
сманить 2,167317 0,000843
смердяков 0,576253 0,002018
смерть 0,374926 0,000146
сметь 0,389166 0,000151
собрание 1,088136 0,000423
собственный 0,264227 0,000103
совершенно 0,180546 0,000070
совершенный 0,451314 0,000176
совершить 0,769377 0,000299
совершиться 0,662167 0,000515
совместный 1,866287 0,000726
совсем 0,021189 0,000041
согласие 0,000000 0,000000
создать 0,991226 0,000771
созерцать 1,021189 0,000397
сокрушить 2,167317 0,000843
соображение 0,912045 0,000355
сообщить 0,434924 0,000338
сорить 1,866287 0,000726
состоять 0,514105 0,000200
сотня 0,991226 0,000386
сочинение 1,468347 0,000571
справедливо 0,805589 0,000313
спрашивать 0,232819 0,000091
спрятать 1,021189 0,001192
среди 0,769377 0,000299
средство 0,888564 0,001037
старательно 1,690196 0,000658
старик 0,303994 0,000237
стать 0,002964 0,000010
степень 0,367977 0,000286
стоить 0,189594 0,000074
столь 0,434924 0,000508
сторона 0,110412 0,000129
страсть 0,735954 0,000286
страшный 0,286504 0,000111
строгий 0,720159 0,000280
стыд 0,533849 0,000208
суд 0,554533 0,000432
судить 0,523865 0,000204
судьба 0,443041 0,000172
сумма 0,662167 0,000515
существование 1,167317 0,000454
существовать 0,635838 0,001237
схватить 0,347773 0,000135
считать 0,275223 0,000107
таиться 1,125925 0,000438
также 0,000000 0,000000
таки 0,066947 0,000156
таковой 0,451314 0,000176
такой 0,002964 0,000018
твой 0,258832 0,000101
твёрдо 0,419129 0,000326
твёрдый 0,576253 0,000224
текст 0,000000 0,000000
терпеть 0,866287 0,000337
типический 1,866287 0,000726
тогда 0,050046 0,000078
тоже 0,043466 0,000034
только 0,002964 0,000008
том 1,565257 0,000609
тон 0,648803 0,000252
тонкий 0,720159 0,000280
топор 1,690196 0,000658
тот 0,002964 0,000006
точность 0,735954 0,000286
трактир 0,720159 0,000280
третий 0,154480 0,000060
три 0,303994 0,000473
тридцать 0,599116 0,000233
тысяча 0,217927 0,001611
тюфяк 1,167317 0,001363
убийство 0,787106 0,001225
убийца 0,704919 0,000549
убить 0,275223 0,000857
увезти 0,963197 0,001124
уверенный 0,611015 0,000238
удивлённый 0,824895 0,000321
удольфский 2,167317 0,001687
уехать 0,459747 0,000179
узнать 0,106619 0,000166
указать 0,554533 0,000863
указывать 0,599116 0,000233
украсть 0,805589 0,000313
улика 1,125925 0,001752
уличение 1,866287 0,000726
уложить 1,125925 0,000438
умерший 0,000000 0,000000
уметь 0,328468 0,000128
унести 0,991226 0,001157
унижение 0,912045 0,000355
уничтожаться 1,866287 0,000726
уничтожиться 1,690196 0,000658
усложняться 1,690196 0,000658
успеть 0,203530 0,000079
утверждать 0,623249 0,000485
утром 0,411442 0,000160
уходить 0,328468 0,000128
факт 0,533849 0,000208
фактически 1,690196 0,000658
фантастический 0,912045 0,000355
фёдор 0,434924 0,001185
фёдорович 0,150284 0,000058
характер 0,374926 0,000438
характерный 0,845098 0,000329
хватить 0,912045 0,000710
хладнокровно 1,389166 0,000541
хозяин 0,805589 0,000940
хотеть 0,033778 0,000066
хоть 0,060107 0,000047
хотя 0,050046 0,000019
хранить 1,264227 0,000492
целое 0,587534 0,000229
цель 0,361137 0,000141
час 0,185046 0,000216
часто 0,292256 0,000114
часть 0,002964 0,000005
чей 0,000000 0,000000
человек 0,011981 0,000037
человеческий 0,565257 0,000220
через 0,258832 0,000101
честь 0,403889 0,000314
четвёртый 0,286504 0,000223
чиновник 0,635838 0,000247
число 0,704919 0,000274
чисто 1,213075 0,000472
чистосердечный 2,167317 0,000843
чистый 0,434924 0,000169
читаемый 2,167317 0,000843
читать 0,403889 0,000157
чтобы 0,030597 0,000012
чувство 0,158717 0,000185
чудом 1,468347 0,000571
чужой 0,662167 0,000258
широкий 0,888564 0,000346
шкатулка 1,565257 0,001218
это 0,002964 0,000014
этот 0,002964 0,000016
я 0,024303 0,000009
ясно 0,354404 0,000138
ясный 0,623249 0,000243
