автор 0,000000 0,000000
авторский 0,000000 0,000000
александрович 0,504560 0,002088
алексей 0,000000 0,000000
алеш 0,328468 0,000627
алёшка 1,021189 0,000325
архиерей 1,389166 0,000442
багажный 1,866287 0,000594
бежать 0,434924 0,000277
беспокойный 0,824895 0,000263
бессовестный 1,690196 0,000538
бесстыдство 2,167317 0,001380
бесчестие 1,565257 0,000498
бесчестить 1,565257 0,000498
бесчестный 0,888564 0,000283
библиотека 1,866287 0,001782
благоговение 1,125925 0,000358
благоговеть 1,389166 0,000442
благодарить 0,635838 0,000202
благодушный 1,565257 0,000498
благой 1,322219 0,000421
благородство 0,888564 0,000848
благословение 1,125925 0,000717
благословиться 1,389166 0,000442
блаженство 1,322219 0,000421
бланманже 2,167317 0,000690
блестящий 0,963197 0,000307
блистать 1,125925 0,000358
блудилище 2,167317 0,000690
блудный 1,866287 0,000594
блюдо 1,866287 0,000594
более 0,000000 0,000000
большой 0,056728 0,000108
брат 0,060107 0,000115
брать 0,486076 0,000155
броситься 0,258832 0,000165
будто 0,099131 0,000095
будущее 0,735954 0,000234
бутылка 0,845098 0,000538
бутылочка 2,167317 0,000690
бывало 0,554533 0,000176
бывший 0,389166 0,000124
быстро 0,232819 0,000074
быть 0,000000 0,000000
вагон 0,888564 0,000283
важность 0,991226 0,000315
важный 0,341243 0,000217
ваня 2,167317 0,000690
ваш 0,121994 0,000349
вдруг 0,005949 0,000021
ведь 0,043466 0,000166
вежливый 0,735954 0,000234
везде 0,866287 0,000551
велеть 0,576253 0,000183
великое 0,888564 0,000283
великолепный 0,824895 0,000263
верстушка 2,167317 0,000690
весело 0,648803 0,000413
весь 0,002964 0,000011
весьма 0,243038 0,000077
весёлый 0,389166 0,000124
вещь 0,411442 0,000131
взглянуть 0,468347 0,000149
вздор 0,565257 0,000720
взять 0,077412 0,000074
видеть 0,027438 0,000017
визгливо 1,866287 0,000594
визит 0,845098 0,000269
вино 0,752344 0,000239
виноватый 0,328468 0,000105
виновный 0,704919 0,000224
вколотить 2,167317 0,000690
вкопать 1,468347 0,000467
владеть 1,565257 0,000498
властие 2,167317 0,000690
влезать 1,866287 0,001188
влезть 1,322219 0,000421
вместо 0,411442 0,000131
внимательно 0,845098 0,000269
внушительно 0,963197 0,000307
вовеки 1,565257 0,000498
вовремя 1,167317 0,000372
вовсе 0,150284 0,000096
водка 1,167317 0,000372
возмутить 1,565257 0,000498
вознаградить 1,264227 0,000402
вознаграждение 0,000000 0,000000
возненавидеть 1,021189 0,000325
возненавидиш 2,167317 0,000690
вознепщеваха 2,167317 0,000690
воротиться 0,303994 0,000097
воскреснуть 0,991226 0,000946
восполнить 1,565257 0,000498
восставлять 2,167317 0,000690
восторженно 0,936868 0,000298
вперёд 0,426955 0,000272
вполне 0,316059 0,000201
впросак 1,866287 0,000594
впрочем 0,118099 0,000113
врачество 2,167317 0,000690
время 0,018098 0,000006
вроде 0,662167 0,000211
всегда 0,129891 0,000041
вскинуть 0,991226 0,000315
вскинуться 0,866287 0,000276
вскричать 0,253503 0,000242
вслух 0,533849 0,000680
вспомнить 0,434924 0,000138
вспомниться 1,322219 0,000421
встать 0,269690 0,000086
встретить 0,459747 0,000146
вступить 0,675956 0,000430
всюду 1,468347 0,000467
второй 0,217927 0,000139
втянуться 1,690196 0,000538
входить 0,477121 0,000456
вы 0,232819 0,000370
выделать 1,690196 0,001076
выйти 0,063514 0,000061
выкинуть 1,322219 0,000421
выкрикивать 1,264227 0,000402
вынести 0,486076 0,000155
выпечь 2,167317 0,000690
выпить 0,704919 0,000224
выплата 0,000000 0,000000
выразить 0,599116 0,000191
вырваться 0,565257 0,000180
высказать 0,523865 0,000667
выслушать 0,426955 0,000136
высокий 0,213075 0,000136
высокопреподобие 1,690196 0,001076
выставиться 1,389166 0,000442
выступить 1,264227 0,000402
выходить 0,258832 0,000082
выходка 0,866287 0,000276
галиматья 1,565257 0,000498
главный 0,426955 0,000136
глагол 1,866287 0,000594
глаголати 2,167317 0,000690
глаз 0,056728 0,000036
глазок 0,805589 0,000256
глубина 0,866287 0,000276
глупость 0,576253 0,000183
глупый 0,419129 0,000267
глядеть 0,243038 0,000077
говорить 0,011981 0,000015
год 0,292256 0,000093
голова 0,114239 0,000145
голос 0,208276 0,000066
гора 0,805589 0,000256
гораздо 0,443041 0,000141
город 0,248239 0,000079
горький 0,912045 0,000581
господин 0,208276 0,000133
господь 0,374926 0,000119
гостиница 1,322219 0,000421
гость 0,434924 0,000415
государственный 1,264227 0,000402
готовый 0,367977 0,000351
грамотно 2,167317 0,000690
грош 1,125925 0,000358
грудь 0,443041 0,000141
группа 1,389166 0,000442
губа 0,411442 0,000262
гусли 2,167317 0,000690
давать 0,253503 0,000161
давеча 0,232819 0,000074
даже 0,005949 0,000025
далёкий 0,411442 0,000393
дать 0,171682 0,000055
двадцатый 1,322219 0,000421
двинуться 1,125925 0,000358
дворянин 1,167317 0,000372
действительно 0,106619 0,000068
деликатный 1,088136 0,000693
дело 0,011981 0,000004
деньга 0,185046 0,000059
дерево 0,752344 0,000239
дескать 0,419129 0,000133
деятель 1,264227 0,000402
дивиться 0,787106 0,000251
длинный 0,495219 0,000315
добродетельный 1,167317 0,000372
добывать 1,322219 0,000421
довершить 2,167317 0,000690
довольно 0,129891 0,000041
довольный 0,495219 0,000158
доехать 1,322219 0,000421
дожидаться 1,167317 0,000372
дойти 0,389166 0,000124
доказать 0,565257 0,000360
должный 0,099131 0,000095
дом 0,154480 0,000049
домой 0,459747 0,000146
дорога 0,275223 0,000175
дорогой 0,451314 0,000144
доставлять 1,468347 0,000467
достигнуть 0,662167 0,000211
достоевский 0,000000 0,000000
достояние 0,000000 0,000000
драгоценный 0,912045 0,000290
дребезжать 1,866287 0,000594
друг 0,180546 0,000057
другой 0,008955 0,000003
дрянный 1,125925 0,000358
думать 0,060107 0,000019
дух 0,486076 0,000155
душа 0,158717 0,000152
дьявол 1,322219 0,000421
единый 0,611015 0,000194
елисеев 1,866287 0,000594
если 0,011981 0,000008
естественно 0,888564 0,000283
есть 0,018098 0,000040
ждать 0,142011 0,000045
желать 0,232819 0,000074
железный 0,752344 0,000239
жена 0,486076 0,000155
жест 0,787106 0,000251
жестикулировать 2,167317 0,000690
жизнь 0,084532 0,000081
заботиться 0,936868 0,000596
забыть 0,125925 0,000040
завидеть 0,963197 0,000307
завистливый 1,322219 0,000421
завлечь 1,690196 0,000538
заглянуть 0,991226 0,000315
заключаться 0,635838 0,000202
заколачивать 2,167317 0,000690
закупорить 1,866287 0,000594
зала 0,662167 0,000211
заметить 0,056728 0,000036
занести 1,322219 0,000421
заплакать 0,599116 0,000191
запыхаться 1,690196 0,000538
заработать 1,866287 0,000594
засмеяться 0,347773 0,000111
застучать 1,565257 0,000498
затем 0,237898 0,000227
затеять 1,468347 0,000467
затихнуть 0,912045 0,000290
зато 0,468347 0,000596
затрястись 0,963197 0,000307
захотеться 0,704919 0,000449
зачем 0,146128 0,000140
заявить 0,675956 0,000215
звонить 1,322219 0,000421
здесь 0,095435 0,000091
здравствуй 1,468347 0,000467
земной 0,845098 0,000269
злобно 0,599116 0,000381
злобный 0,635838 0,000202
злой 0,587534 0,000374
злоупотреблять 1,866287 0,000594
знать 0,002964 0,000008
значительный 0,866287 0,000276
значить 0,866287 0,000551
зоном 2,167317 0,000690
зосим 0,912045 0,000290
иван 0,232819 0,001037
играть 0,599116 0,000191
игумен 1,167317 0,006687
игуменский 1,866287 0,001188
идти 0,180546 0,000115
иеромонах 1,213075 0,001158
известно 0,334808 0,000107
извиниться 1,264227 0,000805
издали 1,053374 0,000335
издревле 1,690196 0,001076
изумлённый 1,264227 0,000402
иисусовый 2,167317 0,000690
именно 0,066947 0,000021
именоваться 2,167317 0,000690
иметь 0,118099 0,000150
иногда 0,208276 0,000066
иной 0,208276 0,000066
иосиф 1,322219 0,000842
иск 1,690196 0,000538
искренний 0,576253 0,000183
искренно 0,523865 0,000500
искренность 0,991226 0,000631
исповедание 1,866287 0,000594
исповедоваться 1,468347 0,001402
исповедь 0,845098 0,000807
использоваться 0,000000 0,000000
испрашивать 1,690196 0,000538
истина 0,704919 0,000449
источник 1,565257 0,000498
исцелить 1,565257 0,000498
каждый 0,137934 0,000044
казаться 0,063514 0,000081
казёнщина 1,690196 0,000538
какой 0,005949 0,000008
калган 1,053374 0,001006
калганов 1,053374 0,000335
карамазов 0,180546 0,000230
карл 1,690196 0,000538
карьерист 1,565257 0,000498
каша 1,389166 0,000442
квас 1,690196 0,000538
келья 0,991226 0,001893
кинжал 1,468347 0,000467
киселёк 2,167317 0,000690
кликуша 1,322219 0,000421
книга 0,106619 0,000136
когда 0,015029 0,000038
кожаный 1,213075 0,000386
коленка 1,053374 0,000335
колено 0,565257 0,000540
коли 0,269690 0,000086
колокол 1,690196 0,000538
коль 0,720159 0,000229
кольнуть 1,565257 0,000498
коляска 0,991226 0,001577
комар 0,000000 0,000000
комната 0,150284 0,000239
компания 0,611015 0,000389
компот 1,866287 0,000594
комфорт 1,690196 0,000538
конечно 0,060107 0,000019
кончить 0,328468 0,000105
кончиться 0,495219 0,000158
коньячок 1,167317 0,000743
копейка 0,769377 0,000245
коситься 1,468347 0,000467
котлета 1,866287 0,000594
котора 0,805589 0,000256
который 0,002964 0,000008
крайний 0,292256 0,000093
красный 0,611015 0,000389
крикнуть 0,292256 0,000744
кричать 0,303994 0,000097
кровь 0,389166 0,000124
крыльцо 0,787106 0,000501
кстати 0,468347 0,000149
кто 0,114239 0,000036
кувшин 1,565257 0,000498
куда 0,248239 0,000158
кузов 2,167317 0,000690
кулак 0,752344 0,000239
кухня 0,888564 0,000283
кучер 1,389166 0,001326
ладошка 1,389166 0,000442
левый 0,704919 0,000224
лежать 0,243038 0,000155
лес 1,053374 0,000335
лето 0,866287 0,000276
либеральный 1,264227 0,000402
либо 0,000000 0,000000
ликёрец 1,565257 0,000498
литература 1,468347 0,000467
лицо 0,000000 0,000000
лишь 0,185046 0,000059
ловить 0,866287 0,000276
ложь 0,824895 0,000525
любезность 1,322219 0,000842
любезный 0,991226 0,000315
любить 0,066947 0,000085
любовь 0,334808 0,000107
любой 0,000000 0,000000
максим 1,125925 0,001792
максимов 1,125925 0,000358
мамуровка 2,167317 0,000690
масло 1,565257 0,000498
мгновение 0,316059 0,000302
мебель 1,021189 0,000325
медный 1,021189 0,000325
медок 2,167317 0,000690
между 0,129891 0,000083
мелкий 0,690196 0,000439
мера 0,217927 0,000069
мерзость 1,167317 0,000743
место 0,099131 0,000063
мигом 0,504560 0,000161
милость 0,845098 0,000538
милый 0,322219 0,000103
минута 0,050046 0,000064
минутный 1,468347 0,000467
миусов 0,936868 0,001491
многий 0,514105 0,000164
много 0,080958 0,000077
мода 1,389166 0,000442
можно 0,088136 0,000028
мозольный 2,167317 0,000690
мой 0,077412 0,000099
молитва 0,888564 0,000848
молодость 1,021189 0,000325
молча 0,367977 0,000468
молчать 0,248239 0,000237
момент 0,000000 0,000000
монастырский 1,053374 0,000671
монастырь 0,533849 0,001189
монастырёк 1,690196 0,000538
монах 0,845098 0,000807
мороженое 2,167317 0,000690
москва 0,468347 0,000149
мочь 0,000000 0,000000
мужик 0,675956 0,000215
мучить 0,419129 0,000133
мёд 1,565257 0,000498
мёртвый 0,805589 0,000513
наблюдать 0,587534 0,000187
наверно 0,264227 0,000084
наверху 1,264227 0,000402
навострить 1,690196 0,000538
навсегда 0,735954 0,000468
наглый 0,963197 0,000307
наготовить 2,167317 0,000690
награда 1,468347 0,001402
надеяться 0,434924 0,000138
надо 0,036984 0,000024
назад 0,000000 0,000000
название 1,088136 0,000346
наипаче 1,866287 0,000594
найти 0,298086 0,000095
наказать 1,088136 0,000346
наклонить 1,389166 0,000884
наконец 0,073896 0,000047
намерение 0,514105 0,000164
написать 0,000000 0,000000
наплевать 1,125925 0,000717
например 0,298086 0,000095
напротив 0,180546 0,000115
народ 0,514105 0,000327
нарочно 0,227798 0,000073
наставить 1,866287 0,000594
настоящий 0,309985 0,000197
настроение 0,824895 0,000263
насчёт 0,354404 0,000113
наука 0,787106 0,000251
нафонзонить 2,167317 0,000690
находить 0,576253 0,000183
начать 0,066947 0,000085
наш 0,118099 0,000113
наша 0,735954 0,000234
небесить 1,565257 0,000498
невероятный 1,322219 0,000421
невозможно 0,411442 0,000393
невозможность 1,088136 0,000346
невольно 0,704919 0,000224
недавний 0,888564 0,000283
недостойно 2,167317 0,000690
некиий 1,866287 0,000594
некий 1,167317 0,000372
некрашеный 2,167317 0,000690
некстати 1,468347 0,000467
нелепый 0,845098 0,001076
немедленно 0,554533 0,000176
немногий 1,690196 0,000538
немного 0,426955 0,000136
ненавидеть 0,514105 0,000164
непочтительно 1,866287 0,000594
неприлично 0,824895 0,000525
неприличный 1,053374 0,000335
неприятно 1,213075 0,000386
непщовать 2,167317 0,000690
нерв 1,322219 0,000421
нервно 0,936868 0,000298
несколько 0,095435 0,000030
несмотря 0,275223 0,000175
несомненный 1,088136 0,000346
нести 0,824895 0,000263
несчастный 0,374926 0,000119
нетерпение 0,554533 0,000176
нибыть 0,030597 0,000058
ниже 0,912045 0,000290
никак 0,396465 0,000252
никакой 0,213075 0,000068
никогда 0,088136 0,000028
николай 0,752344 0,000239
никто 0,095435 0,000061
ничего 0,030597 0,000058
нога 0,213075 0,000203
нотабене 2,167317 0,001380
нужда 1,213075 0,000386
нумер 1,690196 0,000538
нынче 1,389166 0,000442
обвинение 0,787106 0,000501
обвинять 0,888564 0,000283
обед 0,690196 0,000879
обедать 0,963197 0,000307
облучок 2,167317 0,001380
оборотиться 1,125925 0,000358
образ 0,243038 0,000077
обратно 0,675956 0,000215
обращаться 0,451314 0,000144
обширный 1,389166 0,000442
общественный 0,000000 0,000000
общество 0,468347 0,000149
объяснить 0,374926 0,000119
оглобля 1,866287 0,000594
оглядеть 0,787106 0,000251
ограбить 0,912045 0,000290
один 0,000000 0,000000
одобрять 1,213075 0,000386
ожидать 0,264227 0,000168
окно 0,381987 0,000122
околоток 2,167317 0,001380
окончательно 0,565257 0,000360
он 0,000000 0,000000
они 0,275223 0,000175
опоздать 0,866287 0,000276
опубликовать 0,000000 0,000000
опять 0,027438 0,000052
осклабляться 1,866287 0,000594
ославить 1,690196 0,000538
особенно 0,129891 0,000083
особенный 0,389166 0,000124
особый 0,565257 0,000360
оставаться 0,280827 0,000089
оставить 0,203530 0,000065
остановиться 0,269690 0,000172
остаться 0,133894 0,000213
отважно 2,167317 0,000690
ответ 0,322219 0,000103
ответить 0,121994 0,000155
отворотиться 1,866287 0,000594
отвратительный 1,053374 0,000335
отдохнуть 1,213075 0,000386
отдёрнуть 1,690196 0,000538
отец 0,091770 0,000730
откушать 1,565257 0,000498
отлететь 1,389166 0,000442
отличаться 1,213075 0,000386
отлично 0,805589 0,000256
отлучиться 1,213075 0,000386
отменно 1,565257 0,000498
относительно 1,167317 0,000372
отнюдь 0,824895 0,000263
отомстить 1,389166 0,000442
отослать 1,213075 0,000386
отпихнуть 2,167317 0,000690
отрезать 0,599116 0,000191
отрывать 1,690196 0,000538
отселе 1,690196 0,000538
оттуда 0,888564 0,000283
оформление 0,000000 0,000000
очень 0,024303 0,000031
ощущение 0,690196 0,000220
павлович 0,286504 0,001550
падать 0,787106 0,000251
паисий 1,053374 0,000671
пакость 1,468347 0,000935
пароход 1,690196 0,000538
пасть 0,866287 0,000276
пахнуть 1,213075 0,000386
паяснический 2,167317 0,000690
первый 0,018098 0,000023
перебить 0,486076 0,000155
перед 0,554533 0,000353
переезжать 1,468347 0,000467
перейти 0,000000 0,000000
пескарик 1,866287 0,001782
песня 1,021189 0,000325
петербург 0,434924 0,000138
петь 0,936868 0,000298
пирожок 1,690196 0,000538
плечо 0,403889 0,000129
плясавица 2,167317 0,000690
поведение 1,125925 0,000358
повергнуться 1,468347 0,000467
поверить 0,347773 0,000111
повествовать 1,389166 0,000442
поворачивать 1,866287 0,000594
повсеместно 1,088136 0,000346
подать 0,451314 0,000287
подборка 0,000000 0,000000
поддакивать 1,866287 0,000594
подлость 1,053374 0,000335
подлый 0,675956 0,000430
подножка 2,167317 0,000690
подняться 0,443041 0,000141
подобный 0,533849 0,000170
подождать 0,587534 0,000374
подойти 0,341243 0,000217
подпрыгивать 1,690196 0,001076
подсказать 0,963197 0,000307
подстрекать 1,690196 0,000538
подушка 0,611015 0,000194
подхватить 0,403889 0,000129
поехать 0,576253 0,000183
пожалуй 0,237898 0,000076
позволить 0,264227 0,000505
позорный 0,991226 0,000631
пойти 0,080958 0,000103
показаться 0,334808 0,000107
покаяние 1,264227 0,000402
поклон 0,787106 0,000501
поклониться 0,662167 0,000211
покорность 1,866287 0,000594
пола 1,213075 0,000386
полежать 1,690196 0,001076
полететь 1,021189 0,000325
полно 1,053374 0,000335
получить 0,309985 0,000099
польза 0,675956 0,000215
полюбить 0,635838 0,000202
помещение 1,125925 0,000358
помещик 0,805589 0,001026
помолчать 0,648803 0,000413
понимать 0,095435 0,000061
пообедать 1,866287 0,000594
попасться 1,125925 0,000358
пора 0,690196 0,000220
порог 0,888564 0,000283
поросёнок 1,690196 0,000538
портвейн 2,167317 0,000690
порубка 1,866287 0,000594
порядочный 0,866287 0,000551
посетитель 0,991226 0,000631
послать 0,309985 0,000099
после 0,084532 0,000027
последний 0,066947 0,000107
послышаться 0,735954 0,000234
посмертно 0,000000 0,000000
посмотреть 0,213075 0,000068
поставить 0,451314 0,000144
поститься 1,690196 0,001076
постный 1,468347 0,000935
поступить 0,648803 0,000206
посуда 1,690196 0,000538
потеряться 0,769377 0,000245
потихоньку 0,912045 0,000290
потом 0,084532 0,000081
потому 0,024303 0,000031
похоже 0,845098 0,000269
поцеловать 0,587534 0,000187
поцелуй 0,888564 0,000566
почему 0,099131 0,000032
почтенный 0,720159 0,000229
почти 0,024303 0,000008
почтительно 1,053374 0,000335
почтительный 0,963197 0,000920
почувствовать 0,426955 0,000815
появиться 0,662167 0,000211
пояс 1,690196 0,000538
правда 0,088136 0,000056
превосходно 1,125925 0,000358
пред 0,030597 0,000019
предел 0,991226 0,000315
представление 1,322219 0,000421
представляться 0,611015 0,000389
прежде 0,077412 0,000025
презрительно 0,866287 0,000276
преклонить 2,167317 0,000690
прекратить 1,088136 0,000346
преодолеть 1,866287 0,000594
преподобие 1,565257 0,000996
преподобный 1,866287 0,000594
преступление 0,623249 0,000198
претерпеть 1,690196 0,000538
преувеличивать 1,088136 0,000346
прибавить 0,162996 0,000104
прибавлять 1,088136 0,000346
прибежать 0,769377 0,000245
привязать 1,468347 0,000467
пригласить 0,720159 0,000688
приготовить 0,675956 0,000430
приехать 0,309985 0,000099
прижизненный 0,000000 0,000000
признать 0,735954 0,000234
прийти 0,095435 0,000061
приказать 0,752344 0,000239
примостить 2,167317 0,000690
принести 0,389166 0,000124
принимать 0,328468 0,000209
принудить 0,805589 0,000256
приостановиться 1,088136 0,000346
припадок 0,544068 0,000346
припомнить 0,533849 0,000340
прислать 0,403889 0,000129
приходить 0,243038 0,000077
причина 0,396465 0,000126
прищемить 1,866287 0,000594
пробормотать 0,316059 0,000101
провозгласить 0,824895 0,000263
проговорить 0,110412 0,000070
программирование 0,000000 0,000000
проделать 1,690196 0,000538
произведение 0,000000 0,000000
произнести 0,280827 0,000358
произойти 0,258832 0,000165
пройти 0,000000 0,000000
проклинать 1,264227 0,000402
проливать 1,565257 0,000498
пролить 1,125925 0,000358
пронюхать 1,690196 0,000538
проседь 1,389166 0,000442
просить 0,150284 0,000287
простить 0,286504 0,000091
проститься 0,845098 0,000269
простодушный 0,690196 0,000220
простонародный 1,690196 0,000538
против 0,389166 0,000248
процесс 1,167317 0,000743
проч 0,662167 0,000421
прочий 0,824895 0,000263
прочить 0,648803 0,000206
прошедший 1,690196 0,000538
прыгать 1,468347 0,001402
прямо 0,118099 0,000038
публикация 0,000000 0,000000
пустить 0,735954 0,000234
пуще 0,599116 0,000191
пьеро 1,866287 0,000594
пять 0,222835 0,000071
пётр 0,866287 0,003584
равно 0,303994 0,000097
радость 0,411442 0,000131
разбойник 1,125925 0,000358
разварной 2,167317 0,000690
разве 0,146128 0,000047
раздражение 0,888564 0,000283
раздумье 1,125925 0,000358
разлив 1,866287 0,000594
разнести 1,389166 0,000442
разом 0,389166 0,000124
разрешение 0,000000 0,000000
ракитин 0,787106 0,001503
раскаиваться 0,963197 0,000307
раскланяться 1,468347 0,000467
распря 1,866287 0,001188
реабилитировать 2,167317 0,000690
речь 0,486076 0,000309
решительно 0,341243 0,000109
решить 0,232819 0,000222
рискнуть 1,322219 0,000421
ровно 0,533849 0,000170
род 0,419129 0,000267
родительский 1,053374 0,000335
родственник 0,805589 0,000513
родственный 2,167317 0,002069
роскошно 1,866287 0,000594
роскошь 1,690196 0,000538
рублик 1,468347 0,000467
рубль 0,334808 0,000107
рука 0,030597 0,000029
русский 0,411442 0,000262
ручка 0,769377 0,000245
рыба 1,468347 0,001869
рыцарь 1,053374 0,000671
сажень 2,167317 0,000690
сайт 0,000000 0,000000
сам 0,002964 0,000006
самолюбие 0,963197 0,000307
самомнение 1,866287 0,000594
самый 0,018098 0,000017
сан 1,866287 0,000594
сверкнуть 0,866287 0,000276
свирепый 1,389166 0,000442
свободно 0,000000 0,000000
свой 0,000000 0,000000
связь 0,824895 0,000525
святой 0,468347 0,000596
сделать 0,102859 0,000164
сдержать 0,752344 0,000239
сдерживать 1,088136 0,000346
себя 0,000000 0,000000
сегодня 0,194189 0,000247
сейчас 0,070407 0,000045
семейство 0,451314 0,000144
семинарист 1,264227 0,000402
семь 0,623249 0,000198
семьдесят 0,000000 0,000000
сентенциозный 1,322219 0,000421
сервировать 2,167317 0,000690
сердиться 0,443041 0,000282
сердце 0,095435 0,000121
сила 0,185046 0,000059
сильно 0,292256 0,000093
сильный 0,269690 0,000172
синод 2,167317 0,000690
сказать 0,011981 0,000031
скандал 0,845098 0,001076
скатерть 1,565257 0,000498
скверный 0,623249 0,000198
складно 1,690196 0,000538
скорый 0,237898 0,000151
славиться 1,866287 0,000594
сладострастник 1,167317 0,000372
слегка 0,936868 0,000298
след 0,991226 0,000315
следовать 0,544068 0,000346
слеза 0,275223 0,000263
слишком 0,133894 0,000043
слово 0,027438 0,000070
слог 1,088136 0,000346
сложить 0,845098 0,000269
слух 0,805589 0,000256
случай 0,146128 0,000140
случайно 0,866287 0,000276
случайный 1,322219 0,000421
случиться 0,292256 0,000093
слушатель 0,963197 0,000307
слушать 0,203530 0,000065
слышать 0,125925 0,000080
смешок 1,125925 0,000717
смеяться 0,171682 0,000055
смиренный 1,053374 0,000335
сморозить 1,866287 0,000594
смотреть 0,077412 0,000074
смотрительня 2,167317 0,000690
смутишися 2,167317 0,000690
снова 0,565257 0,000180
собор 1,389166 0,000442
собрание 1,088136 0,000346
собственный 0,264227 0,000252
совершенно 0,180546 0,000230
совсем 0,021189 0,000027
согласие 0,000000 0,000000
сожаление 0,963197 0,000307
сожалеть 0,963197 0,000307
сознавать 0,824895 0,000525
сознать 1,088136 0,000346
сойтись 0,623249 0,000198
сокровенный 1,866287 0,000594
сокрушение 1,866287 0,000594
сопутник 1,866287 0,000594
сорт 1,322219 0,000421
сосать 1,565257 0,000498
составлять 0,752344 0,000239
состояться 0,936868 0,000298
сотрапезник 2,167317 0,000690
сочинение 1,468347 0,000467
спасаться 0,991226 0,000315
спешить 0,477121 0,000152
сплетня 1,322219 0,000842
спорить 0,752344 0,000239
спорный 1,389166 0,000442
способность 0,805589 0,000256
спросить 0,114239 0,000036
спутаться 1,690196 0,000538
средина 1,167317 0,000372
старец 0,611015 0,001361
старик 0,303994 0,000097
старчество 1,468347 0,000467
старый 0,374926 0,000835
стать 0,002964 0,000005
стеклянный 1,468347 0,000467
стерлядь 2,167317 0,000690
стоить 0,189594 0,000121
стол 0,286504 0,000456
столовая 1,322219 0,001683
сторона 0,110412 0,000035
сторонка 2,167317 0,000690
стоять 0,150284 0,000096
ступенька 1,021189 0,000325
стыд 0,533849 0,000170
стыдиться 0,623249 0,000397
стыдно 0,504560 0,000161
суметь 0,648803 0,000206
сурово 1,088136 0,000346
сущность 0,675956 0,000215
схватить 0,347773 0,000111
схватиться 1,088136 0,000346
сцена 0,554533 0,000353
счастие 0,451314 0,000144
считать 0,275223 0,000088
сыграть 1,389166 0,000442
сын 0,434924 0,000554
сынок 1,213075 0,000386
сюда 0,232819 0,000222
таинство 1,468347 0,001402
также 0,000000 0,000000
таки 0,066947 0,000021
такой 0,002964 0,000009
тащить 1,021189 0,000325
твой 0,258832 0,000165
текст 0,000000 0,000000
теперь 0,015029 0,000048
терять 0,720159 0,000229
тирада 1,468347 0,000467
тихо 0,354404 0,000113
тогда 0,050046 0,000032
тоже 0,043466 0,000042
толочь 2,167317 0,000690
толчок 1,322219 0,000421
только 0,002964 0,000008
том 1,565257 0,000498
тон 0,648803 0,000206
тот 0,002964 0,000005
тотчас 0,046743 0,000030
точно 0,121994 0,000039
трапеза 1,565257 0,001495
третий 0,154480 0,000049
три 0,303994 0,000097
трудный 0,963197 0,000307
труженик 2,167317 0,000690
тщеславный 1,322219 0,000421
ты 0,133894 0,000085
тысяча 0,217927 0,000139
тюфяк 1,167317 0,000372
убить 0,275223 0,000175
убранство 1,866287 0,000594
уважать 0,523865 0,000167
уважаться 2,167317 0,000690
увидеть 0,222835 0,000071
увлечься 1,053374 0,000671
угаснуть 1,565257 0,000498
уголовный 1,322219 0,000421
угрюмо 1,322219 0,000421
удивляться 0,544068 0,000173
удобный 1,053374 0,000335
уехать 0,459747 0,000293
уйти 0,248239 0,000158
указать 0,554533 0,000176
уклониться 1,690196 0,000538
украсть 0,805589 0,000256
укрепиться 1,322219 0,000421
умерший 0,000000 0,000000
уметь 0,328468 0,000209
умиление 0,769377 0,000245
умолкнуть 1,264227 0,000402
унижение 0,912045 0,000290
упасть 0,495219 0,000315
упор 0,963197 0,000307
упорно 0,866287 0,000276
упускать 1,468347 0,000467
усесться 0,662167 0,000211
усмехнуться 0,374926 0,000119
установить 1,468347 0,000467
установиться 1,389166 0,000442
уступить 1,021189 0,000325
утерпеть 1,125925 0,000358
участь 1,053374 0,000335
ущерб 1,690196 0,000538
фактори 2,167317 0,000690
фальшь 1,866287 0,000594
федора 0,912045 0,000290
фортопляс 2,167317 0,000690
фраза 0,805589 0,000513
франц 0,635838 0,000607
фёдор 0,434924 0,002492
фёдорович 0,150284 0,000670
ханжество 2,167317 0,000690
хладнокровие 1,389166 0,000442
хлеб 0,805589 0,000513
хлыстовщина 1,690196 0,000538
хорошо 0,189594 0,000121
хотеть 0,033778 0,000054
хоть 0,060107 0,000038
хотя 0,050046 0,000032
худощавый 1,565257 0,000498
цвет 0,991226 0,000315
час 0,185046 0,000118
часть 0,002964 0,000002
чей 0,000000 0,000000
человек 0,011981 0,000008
человечество 0,866287 0,000276
черноволосый 1,866287 0,000594
честность 1,167317 0,000372
честь 0,403889 0,000257
число 0,704919 0,000224
чистота 1,322219 0,000421
чистый 0,434924 0,000138
читаемый 2,167317 0,000690
читать 0,403889 0,000129
чмоко 2,167317 0,000690
что 0,030597 0,000049
чтоб 0,073896 0,000024
чтобы 0,030597 0,000058
чувствительно 1,565257 0,000498
чувство 0,158717 0,000051
чувствовать 0,264227 0,000084
чуть 0,176091 0,000112
шаг 0,367977 0,000117
шагнуть 0,912045 0,000290
шиллер 1,389166 0,000442
шляпа 0,769377 0,000245
шут 0,991226 0,001262
шутовской 1,565257 0,000498
эзоп 2,167317 0,000690
эпизод 1,021189 0,000325
этакий 0,533849 0,000170
это 0,002964 0,000002
этот 0,002964 0,000010
я 0,024303 0,000093
являться 0,675956 0,000215
язык 0,611015 0,000194
ящик 1,021189 0,000325
