автор 0,000000 0,000000
авторский 0,000000 0,000000
аглая 0,662167 0,002915
адвокат 1,021189 0,000749
аделаида 0,720159 0,001585
александр 1,213075 0,000890
александрович 0,504560 0,000370
алексеевич 0,963197 0,000707
алексей 0,000000 0,000000
ангельский 1,389166 0,001019
бедный 0,328468 0,000482
безмолвно 1,322219 0,000970
библиотека 1,866287 0,004108
благодарный 0,752344 0,000552
благородство 0,888564 0,000652
близкий 0,477121 0,000350
более 0,000000 0,000000
болезнь 0,434924 0,000319
больной 0,258832 0,000380
большой 0,056728 0,000042
бояться 0,158717 0,000233
брак 0,735954 0,000540
братец 0,991226 0,001454
будто 0,099131 0,000073
будущее 0,735954 0,000540
бывший 0,389166 0,000286
быть 0,000000 0,000000
ваш 0,121994 0,000090
ввечеру 1,389166 0,001019
вдруг 0,005949 0,000004
вера 0,514105 0,001132
весь 0,002964 0,000015
весьма 0,243038 0,000178
вещь 0,411442 0,000302
взгляд 0,185046 0,000136
видать 0,419129 0,000308
видеть 0,027438 0,000020
видимый 0,443041 0,000325
визит 0,845098 0,000620
внимание 0,504560 0,000370
вознаграждение 0,000000 0,000000
войти 0,137934 0,000202
волнение 0,361137 0,000795
воспаление 1,565257 0,002297
восстановление 1,866287 0,001369
восторг 0,419129 0,000308
время 0,018098 0,000040
вследствие 0,888564 0,001956
вспоминать 0,623249 0,000457
встретить 0,459747 0,000337
вчера 0,341243 0,000250
вчерашний 0,599116 0,000440
выдержать 0,587534 0,000431
выехать 1,322219 0,000970
выздороветь 1,053374 0,000773
выйти 0,063514 0,000140
вынести 0,486076 0,000357
выплата 0,000000 0,000000
выслушать 0,426955 0,000313
выход 0,769377 0,000564
ганя 0,735954 0,000540
главное 0,185046 0,000272
глубоко 0,611015 0,000448
гневно 1,264227 0,000928
говорить 0,011981 0,000026
год 0,292256 0,000214
голова 0,114239 0,000084
горесть 1,264227 0,000928
горячий 0,523865 0,000384
гость 0,434924 0,000319
граница 0,662167 0,001457
граф 1,468347 0,005386
графа 1,389166 0,002038
грустный 0,735954 0,001080
давно 0,158717 0,000116
даже 0,005949 0,000031
дальнейший 0,845098 0,000620
дама 0,434924 0,000638
дарья 1,125925 0,000826
дать 0,171682 0,000252
дверь 0,258832 0,000190
дворник 1,389166 0,001019
двусмысленный 1,468347 0,001077
действительно 0,106619 0,000078
дело 0,011981 0,000026
длинный 0,495219 0,000363
добровольный 1,565257 0,001148
довольно 0,129891 0,000381
доказать 0,565257 0,000415
доказывать 1,389166 0,001019
долго 0,222835 0,000163
доля 1,125925 0,000826
допущение 2,167317 0,001590
достоевский 0,000000 0,000000
достояние 0,000000 0,000000
дочь 0,374926 0,000275
друг 0,180546 0,000662
другой 0,008955 0,000013
дружеский 1,125925 0,000826
дружество 1,690196 0,001240
душа 0,158717 0,000116
евгений 0,866287 0,008262
европа 1,088136 0,001597
епанчин 0,690196 0,001013
епанчина 1,053374 0,000773
если 0,011981 0,000018
есть 0,018098 0,000027
желание 0,514105 0,000377
жилец 1,088136 0,000798
жить 0,217927 0,000320
жёлчно 1,690196 0,001240
заболеть 1,053374 0,000773
заведение 1,468347 0,002155
завязаться 1,468347 0,002155
заграница 2,167317 0,001590
заграничный 1,264227 0,001855
задолго 1,468347 0,001077
задумчиво 0,912045 0,000669
задумчивый 0,805589 0,000591
заключаться 0,635838 0,000466
заключение 0,787106 0,001155
заключить 0,347773 0,000255
замуж 0,735954 0,001080
заплакать 0,599116 0,000440
заслужить 0,824895 0,000605
затем 0,237898 0,000175
звонок 1,468347 0,001077
здесь 0,095435 0,000070
зима 1,167317 0,000856
знакомство 0,720159 0,000528
знаменитый 0,936868 0,001375
знать 0,002964 0,000011
иван 0,232819 0,000171
иванович 0,269690 0,000396
идиот 0,426955 0,001566
известный 0,347773 0,000255
изложение 1,088136 0,001597
измениться 0,735954 0,000540
изъявление 2,167317 0,001590
иногда 0,208276 0,000458
иной 0,208276 0,000153
ипполит 0,599116 0,000440
испечь 2,167317 0,001590
исповедальня 2,167317 0,001590
исповедник 2,167317 0,001590
использоваться 0,000000 0,000000
исступление 0,565257 0,000415
истерзаться 2,167317 0,001590
истина 0,704919 0,000517
история 0,495219 0,001090
источник 1,565257 0,001148
истратить 1,125925 0,000826
каждый 0,137934 0,000101
казаться 0,063514 0,000047
какой 0,005949 0,000039
католический 1,468347 0,001077
каторга 0,963197 0,000707
качать 1,264227 0,000928
качество 0,735954 0,001080
квартира 0,623249 0,000915
квартировать 1,565257 0,001148
келлер 0,963197 0,000707
книга 0,106619 0,000078
князь 0,443041 0,004551
когда 0,015029 0,000022
коли 0,269690 0,000396
колоссальный 1,389166 0,001019
коля 0,565257 0,000415
комар 0,000000 0,000000
комитет 2,167317 0,001590
конечно 0,060107 0,000044
короткий 0,936868 0,000687
корреспондентка 2,167317 0,001590
который 0,002964 0,000011
крайний 0,292256 0,000429
красноречивый 1,167317 0,000856
критиковать 1,468347 0,001077
кроме 0,158717 0,000582
крыльцо 0,787106 0,000577
кутёж 1,021189 0,000749
лебедев 0,690196 0,003545
либо 0,000000 0,000000
лизавета 0,623249 0,001829
литература 1,468347 0,001077
лицо 0,000000 0,000000
лишний 0,787106 0,000577
ловкий 1,167317 0,000856
логически 2,167317 0,001590
любимый 0,963197 0,000707
любой 0,000000 0,000000
мало 0,208276 0,000306
малый 0,334808 0,000491
мать 0,217927 0,000160
между 0,129891 0,000191
мера 0,217927 0,000320
месяц 0,264227 0,000582
мнение 0,374926 0,000275
многие 0,468347 0,000344
много 0,080958 0,000059
мозг 1,021189 0,001498
молчаливый 0,720159 0,000528
молчание 0,662167 0,000486
момент 0,000000 0,000000
мочь 0,000000 0,000000
мыслить 1,088136 0,000798
мышь 1,866287 0,001369
мёрзнуть 2,167317 0,001590
назад 0,000000 0,000000
название 1,088136 0,000798
называть 0,477121 0,000350
наиболее 1,125925 0,000826
найти 0,298086 0,000219
наконец 0,073896 0,000054
намекать 0,866287 0,000636
намереваться 1,213075 0,000890
намёк 0,845098 0,000620
написать 0,000000 0,000000
напугать 1,167317 0,000856
настасья 0,720159 0,000528
настолько 1,264227 0,000928
настоящий 0,309985 0,000455
наука 0,787106 0,000577
начало 0,243038 0,000178
начаться 0,514105 0,000377
начинать 0,292256 0,000429
наш 0,118099 0,000087
небывалый 1,468347 0,001077
неделя 0,374926 0,000275
неизвестно 0,936868 0,000687
неизлечимость 2,167317 0,001590
некоторый 0,154480 0,000340
немедленно 0,554533 0,000407
неминуемый 1,322219 0,000970
необыкновенный 0,396465 0,000291
необычайный 0,662167 0,000972
неопровержимый 1,690196 0,001240
нескладный 1,866287 0,001369
несколько 0,095435 0,000280
несчастный 0,374926 0,000550
нечего 0,381987 0,000280
нечто 0,389166 0,000286
неясно 1,088136 0,000798
нибыть 0,030597 0,000022
нигде 1,125925 0,000826
никак 0,396465 0,000291
нина 0,888564 0,000652
ничего 0,030597 0,000022
облегчительный 2,167317 0,001590
обозначить 1,322219 0,000970
образ 0,243038 0,000357
обстоятельство 0,403889 0,000593
общественный 0,000000 0,000000
овладеть 0,912045 0,000669
огорчение 1,389166 0,001019
огромный 0,599116 0,000440
один 0,000000 0,000000
одиннадцать 0,866287 0,000636
ожидать 0,264227 0,000194
оказаться 0,275223 0,000404
около 0,443041 0,000325
окончательно 0,565257 0,000829
он 0,000000 0,000000
опубликовать 0,000000 0,000000
опыт 1,213075 0,000890
опять 0,027438 0,000040
орган 1,690196 0,001240
оставаться 0,280827 0,000206
осудить 0,866287 0,000636
осуществиться 1,866287 0,001369
отвечать 0,258832 0,000190
отворяться 1,389166 0,001019
откровенно 0,824895 0,000605
откровенный 0,866287 0,000636
отличить 1,565257 0,001148
отношение 0,623249 0,000457
отпереть 0,805589 0,000591
отправиться 0,611015 0,000448
отчасти 0,611015 0,000448
отчизна 1,866287 0,001369
оформление 0,000000 0,000000
очень 0,024303 0,000053
ошибиться 0,752344 0,000552
павлович 0,286504 0,002733
павловск 0,888564 0,000652
париж 0,991226 0,000727
парфена 1,213075 0,001780
патер 1,690196 0,001240
первоначальный 1,167317 0,000856
первый 0,018098 0,000013
передать 0,381987 0,000561
перейти 0,000000 0,000000
переписка 1,866287 0,001369
петербург 0,434924 0,000957
письмо 0,434924 0,002234
пленить 1,565257 0,002297
повод 0,635838 0,000466
повреждение 2,167317 0,001590
подборка 0,000000 0,000000
подвал 1,866287 0,001369
подействовать 1,021189 0,000749
подобный 0,533849 0,000392
подробность 0,477121 0,000700
подробный 0,888564 0,001304
подсудимый 0,866287 0,000636
подтвердить 0,544068 0,000399
подтверждение 1,213075 0,000890
подчинение 1,866287 0,001369
позволять 0,866287 0,000636
пойти 0,080958 0,000059
показание 0,752344 0,001656
показаться 0,334808 0,000246
полгода 0,963197 0,001413
полиция 1,322219 0,000970
положение 0,459747 0,000337
полугодовой 2,167317 0,001590
получать 0,752344 0,000552
польский 1,565257 0,001148
польша 1,690196 0,001240
помянуть 1,389166 0,001019
понятие 0,735954 0,000540
попасть 0,533849 0,000783
попечение 1,690196 0,002480
поплакать 1,565257 0,001148
пора 0,690196 0,000506
поразить 0,243038 0,000535
посетитель 0,991226 0,001454
посетить 0,866287 0,000636
посещать 0,845098 0,000620
посещение 0,888564 0,000652
после 0,084532 0,000372
последний 0,066947 0,000246
послужить 0,824895 0,000605
посмертно 0,000000 0,000000
поспешить 0,704919 0,000517
поссорить 1,866287 0,001369
посылать 0,787106 0,000577
потихоньку 0,912045 0,000669
потому 0,024303 0,000018
похожий 0,611015 0,000448
почему 0,099131 0,000073
почти 0,024303 0,000053
почтительный 0,963197 0,000707
появляться 1,021189 0,000749
преданность 1,322219 0,000970
представлять 0,845098 0,000620
предупреждение 1,565257 0,001148
прежний 0,198834 0,000292
преступление 0,623249 0,000915
прибавить 0,162996 0,000239
прибавка 2,167317 0,001590
привязанность 1,389166 0,001019
приговор 0,824895 0,000605
приезд 0,805589 0,000591
прижизненный 0,000000 0,000000
принимать 0,328468 0,000241
принять 0,180546 0,000132
припомнить 0,533849 0,000392
прискакать 1,264227 0,000928
пристрастно 2,167317 0,001590
программирование 0,000000 0,000000
продолжать 0,125925 0,000092
прожить 0,690196 0,000506
произведение 0,000000 0,000000
произойти 0,258832 0,000380
пройти 0,000000 0,000000
прокофиевич 0,704919 0,002069
простить 0,286504 0,000210
против 0,389166 0,000286
противоречить 1,053374 0,000773
профессор 1,213075 0,000890
процесс 1,167317 0,000856
прочить 0,648803 0,000476
проявляться 1,866287 0,001369
прямо 0,118099 0,000087
прямой 0,675956 0,000496
птицын 0,769377 0,000564
публикация 0,000000 0,000000
пылкий 1,565257 0,001148
пятнадцать 0,752344 0,000552
радомский 1,690196 0,001240
разговор 0,264227 0,000194
разрешение 0,000000 0,000000
разумеется 0,328468 0,000241
ранний 0,504560 0,000370
рассказ 0,477121 0,000350
рассказать 0,280827 0,000412
расставаться 1,468347 0,001077
расстроить 0,845098 0,000620
рассудок 0,963197 0,000707
редкий 0,824895 0,000605
решить 0,232819 0,000171
решиться 0,341243 0,000250
рогожина 0,648803 0,002856
родитель 0,599116 0,000440
россия 0,514105 0,000754
русски 0,991226 0,000727
русский 0,411442 0,000302
сайт 0,000000 0,000000
сам 0,002964 0,000007
самый 0,018098 0,000040
сблизиться 1,866287 0,001369
сведение 0,824895 0,001210
сверх 0,752344 0,000552
свет 0,176091 0,000129
свидание 0,514105 0,000377
свидетельство 0,991226 0,000727
свободно 0,000000 0,000000
свой 0,000000 0,000000
себя 0,000000 0,000000
сегодня 0,194189 0,000285
семейство 0,451314 0,001324
семьдесят 0,000000 0,000000
семён 1,389166 0,002038
семёнович 1,213075 0,002670
сердечный 0,866287 0,000636
сердце 0,095435 0,000280
сибирь 0,866287 0,000636
сие 0,611015 0,000448
симпатичный 1,389166 0,001019
сказать 0,011981 0,000009
скандал 0,845098 0,000620
скончаться 1,468347 0,001077
скорый 0,237898 0,000175
следствие 0,912045 0,001338
слово 0,027438 0,000060
сломать 1,264227 0,000928
случай 0,146128 0,000107
случиться 0,292256 0,000214
смерть 0,374926 0,000275
сношение 1,021189 0,000749
собрание 1,088136 0,000798
событие 0,824895 0,001210
совершенно 0,180546 0,000927
совершенный 0,451314 0,000331
совершиться 0,662167 0,001457
совет 0,662167 0,000486
согласие 0,000000 0,000000
сознание 0,787106 0,000577
сойтись 0,623249 0,000457
сообщить 0,434924 0,000319
состояние 0,322219 0,000946
состоять 0,514105 0,000377
сочинение 1,468347 0,001077
спасти 0,468347 0,000344
способствовать 0,912045 0,000669
спустя 0,533849 0,000392
сравнительно 1,088136 0,000798
старание 1,264227 0,001855
старушка 1,213075 0,000890
стать 0,002964 0,000004
страдание 0,554533 0,000407
странный 0,227798 0,000334
страшно 0,434924 0,000319
суд 0,554533 0,000407
судьба 0,443041 0,000650
сурово 1,088136 0,000798
счастливый 0,451314 0,000331
счесть 0,888564 0,000652
съехаться 1,565257 0,001148
сын 0,434924 0,000319
сюрприз 1,264227 0,000928
также 0,000000 0,000000
таки 0,066947 0,000049
такой 0,002964 0,000004
текст 0,000000 0,000000
террор 2,167317 0,001590
тоже 0,043466 0,000032
том 1,565257 0,001148
тот 0,002964 0,000017
точно 0,121994 0,000090
точность 0,735954 0,000540
точный 0,866287 0,000636
трепетать 0,735954 0,000540
троить 1,389166 0,001019
тёмный 0,523865 0,000384
уважение 0,648803 0,000476
уведомить 1,125925 0,000826
уведомлять 1,322219 0,000970
увидать 0,434924 0,000319
увидеть 0,222835 0,000163
увлекаться 1,322219 0,000970
увлечение 1,021189 0,000749
угрожать 1,167317 0,000856
удовлетворительный 1,690196 0,001240
удовольствие 0,486076 0,000357
ужас 0,468347 0,000344
ужасный 0,322219 0,000236
узнавать 0,704919 0,000517
узнать 0,106619 0,000156
указывать 0,599116 0,000440
ум 0,720159 0,000528
умерший 0,000000 0,000000
уметь 0,328468 0,000241
умный 0,403889 0,000296
умственный 1,322219 0,000970
унизить 0,936868 0,000687
упоминать 0,888564 0,000652
упомянуть 0,704919 0,000517
урок 0,936868 0,000687
усомниться 1,322219 0,000970
успеть 0,203530 0,000149
успех 0,963197 0,000707
устранить 1,690196 0,001240
устроиться 1,088136 0,000798
уступать 1,053374 0,000773
утвердительно 1,125925 0,000826
утро 0,347773 0,000255
участие 0,787106 0,000577
учительша 1,866287 0,001369
фантазия 0,824895 0,001210
филиппович 0,735954 0,000540
флигель 0,936868 0,000687
фёдор 0,434924 0,000638
фёдорович 0,150284 0,000110
характер 0,374926 0,000275
хлеб 0,805589 0,000591
хмуриться 1,213075 0,000890
хозяин 0,805589 0,000591
хороший 0,077412 0,000114
хорошо 0,189594 0,000278
хотеться 0,292256 0,000214
хоть 0,060107 0,000044
хотя 0,050046 0,000073
цель 0,361137 0,000265
час 0,185046 0,000407
часто 0,292256 0,000214
частый 0,805589 0,001182
часть 0,002964 0,000004
чей 0,000000 0,000000
человек 0,011981 0,000018
черта 0,264227 0,000388
четвёртый 0,286504 0,000420
число 0,704919 0,000517
читаемый 2,167317 0,001590
читать 0,403889 0,000296
член 0,752344 0,000552
что 0,030597 0,000045
чувство 0,158717 0,000233
чуть 0,176091 0,000129
швейцария 1,021189 0,000749
швейцарский 1,213075 0,000890
шнейдер 1,213075 0,003560
шнейдеров 2,167317 0,001590
эмигрант 2,167317 0,004770
это 0,002964 0,000009
этот 0,002964 0,000009
явиться 0,298086 0,000219
ясно 0,354404 0,000520
