авось 1,389166 0,000333
автор 0,000000 0,000000
авторский 0,000000 0,000000
аграфена 0,912045 0,000219
акт 1,468347 0,000352
александрович 0,504560 0,000121
алексей 0,000000 0,000000
алеш 0,328468 0,000315
анонимный 1,565257 0,000375
аршин 1,322219 0,000317
бабушка 1,322219 0,000317
батюшка 0,635838 0,000610
бедный 0,328468 0,000079
без 0,599116 0,000287
безвозвратно 1,389166 0,000333
безмерно 1,322219 0,000317
бельмесов 2,167317 0,000520
бельмесовый 2,167317 0,000520
беседка 1,468347 0,000352
бесконечно 1,088136 0,001044
бесконечный 0,824895 0,000198
беспокоить 0,735954 0,000177
беспокойный 0,824895 0,000198
бессильный 1,389166 0,000333
бесчеловечный 1,322219 0,000317
бесчестный 0,888564 0,000213
бесчисленный 1,021189 0,000245
библиотека 1,866287 0,001343
битьё 1,468347 0,000352
благоговение 1,125925 0,000270
благодарить 0,635838 0,000153
благодарность 0,991226 0,000476
благодетельница 1,690196 0,000405
благой 1,322219 0,000317
благородный 0,374926 0,000180
благословить 0,735954 0,000177
благословлять 1,053374 0,000253
близкий 0,477121 0,000114
бог 0,154480 0,000074
богатство 1,088136 0,000261
богатый 0,587534 0,000141
боков 1,264227 0,000303
более 0,000000 0,000000
болезнь 0,434924 0,000104
больной 0,258832 0,000062
большой 0,056728 0,000122
бранить 1,125925 0,000270
брат 0,060107 0,000072
бросить 0,269690 0,000065
броситься 0,258832 0,000248
будто 0,099131 0,000024
будущее 0,735954 0,000177
бумага 0,735954 0,000177
быстрота 1,125925 0,000270
быстрый 0,824895 0,000198
быть 0,000000 0,000000
бюро 1,565257 0,000375
важный 0,341243 0,000327
варвара 0,845098 0,000203
ваш 0,121994 0,000205
вбежать 1,021189 0,000490
ввести 0,963197 0,000231
ввиду 1,088136 0,000261
вдвое 1,264227 0,000303
вдохновение 1,053374 0,000253
вдруг 0,005949 0,000020
ведь 0,043466 0,000042
везти 0,866287 0,000208
великий 0,341243 0,000082
великодушие 1,053374 0,000253
великодушно 1,468347 0,001409
великодушный 0,912045 0,000219
великолепный 0,824895 0,000396
великомученица 1,866287 0,000448
верный 0,495219 0,000475
вероятно 0,623249 0,000149
весь 0,002964 0,000009
весьма 0,243038 0,000175
весёлый 0,389166 0,000093
вечером 0,533849 0,000384
вечный 0,769377 0,000185
вещь 0,411442 0,000197
взаймы 1,167317 0,001120
взгляд 0,185046 0,000044
взреветь 1,866287 0,000448
взять 0,077412 0,000074
вид 0,150284 0,000072
видеть 0,027438 0,000013
видеться 0,963197 0,000231
визит 0,845098 0,000203
вместе 0,208276 0,000100
вместо 0,411442 0,000099
вначале 0,936868 0,000225
внезапно 0,623249 0,000149
внезапный 0,533849 0,000128
вовсе 0,150284 0,000036
воевать 2,167317 0,000520
возвратиться 0,824895 0,000396
возвращаться 0,704919 0,000169
возможность 0,587534 0,000141
вознаграждение 0,000000 0,000000
возненавидеть 1,021189 0,000245
возрождаться 1,866287 0,000448
воловий 1,468347 0,000352
вопрос 0,146128 0,000105
ворота 0,720159 0,000518
воротиться 0,303994 0,000073
воскликнуть 0,269690 0,000129
воспоминание 0,635838 0,000153
восторг 0,419129 0,000201
восьмой 0,888564 0,000426
вперёд 0,426955 0,000102
вполне 0,316059 0,000303
впоследствии 0,662167 0,000159
вправить 2,167317 0,000520
вправлять 1,866287 0,000448
впрочем 0,118099 0,000028
врать 0,845098 0,000405
время 0,018098 0,000039
всегда 0,129891 0,000031
вскочить 0,451314 0,000217
вскрикнуть 0,611015 0,000147
вскричать 0,253503 0,000304
всплеснуть 0,787106 0,000189
всякий 0,106619 0,000128
второстепенность 2,167317 0,000520
вчера 0,341243 0,000491
вчерашний 0,599116 0,000144
вы 0,232819 0,000279
выбегать 1,690196 0,000405
выдать 0,845098 0,000203
выдвигать 1,866287 0,000448
выдумать 0,648803 0,000156
вызвать 0,824895 0,000198
выйти 0,063514 0,000061
выплата 0,000000 0,000000
выражение 0,514105 0,000123
выразиться 0,504560 0,000363
выслушать 0,426955 0,000205
высокий 0,213075 0,000358
выстрелить 1,322219 0,000317
выхватить 1,125925 0,000270
выходка 0,866287 0,000208
вычистить 1,565257 0,000375
галстук 1,389166 0,000333
гарантировать 1,866287 0,000448
гарантия 1,565257 0,000375
гибель 1,264227 0,000606
главное 0,185046 0,000044
глаз 0,056728 0,000014
глубина 0,866287 0,000208
говорить 0,011981 0,000017
год 0,292256 0,000070
голова 0,114239 0,000027
голос 0,208276 0,000050
голубчик 0,565257 0,000271
гораздо 0,443041 0,000106
город 0,248239 0,000060
горький 0,912045 0,000219
горячка 0,963197 0,000462
господин 0,208276 0,000050
господь 0,374926 0,000270
госпожа 0,648803 0,001868
гостиная 0,845098 0,000203
гостиный 0,963197 0,000231
грудь 0,443041 0,000638
грушенек 0,787106 0,000944
грушенька 0,544068 0,000131
грязный 0,824895 0,000198
грязь 1,088136 0,000261
давать 0,253503 0,000061
давеча 0,232819 0,000279
давешний 0,611015 0,000147
давить 1,021189 0,000245
давно 0,158717 0,000114
даже 0,005949 0,000021
дальнейший 0,845098 0,000203
далёкий 0,411442 0,000197
дама 0,434924 0,000522
дать 0,171682 0,000329
двенадцатый 0,690196 0,000166
дверь 0,258832 0,000062
двигать 2,167317 0,000520
девушка 0,533849 0,000128
девять 0,888564 0,000213
действительно 0,106619 0,000051
действительный 0,991226 0,000238
делаться 0,991226 0,000238
дело 0,011981 0,000020
день 0,118099 0,000028
деньга 0,185046 0,000444
десять 0,298086 0,000215
деятель 1,264227 0,000303
деятельность 1,264227 0,000303
джентльменск 2,167317 0,000520
длина 1,468347 0,000352
дмитрий 0,396465 0,003233
добежать 1,468347 0,000352
добро 0,963197 0,000231
добровольно 1,322219 0,000317
добрый 0,303994 0,000219
доверчивый 1,213075 0,000873
довольно 0,129891 0,000125
догадаться 0,554533 0,000133
доказать 0,565257 0,000136
доктор 0,554533 0,000399
долг 0,735954 0,000177
долго 0,222835 0,000053
должный 0,099131 0,000024
доложиться 1,690196 0,000405
дом 0,154480 0,000111
домой 0,459747 0,000441
дорога 0,275223 0,000132
дорого 1,021189 0,000245
достаточный 1,468347 0,000352
достать 0,587534 0,000423
достоевский 0,000000 0,000000
достояние 0,000000 0,000000
доходить 0,769377 0,000185
дочь 0,374926 0,000090
друг 0,180546 0,000043
другой 0,008955 0,000013
думать 0,060107 0,000087
дурной 0,611015 0,000147
дух 0,486076 0,000233
душа 0,158717 0,000152
душевный 0,912045 0,000219
дуэльный 2,167317 0,000520
дёшево 1,322219 0,000317
если 0,011981 0,000060
естественный 1,021189 0,000245
есть 0,018098 0,000013
ехать 0,587534 0,000282
жадность 1,322219 0,000317
жаждать 0,769377 0,000185
жара 1,167317 0,000280
ждать 0,142011 0,000170
железный 0,752344 0,000180
жениться 0,554533 0,000133
жених 0,824895 0,000198
женский 0,623249 0,000448
женщина 0,213075 0,000664
живой 0,675956 0,000162
жид 1,322219 0,000317
жизнь 0,084532 0,000041
жить 0,217927 0,000052
забегать 1,125925 0,000270
забожиться 1,866287 0,000448
забота 0,824895 0,000198
забытьё 1,866287 0,000448
завопить 0,769377 0,000554
завтра 0,298086 0,000072
зад 1,213075 0,000291
задуматься 0,787106 0,000189
закипеть 1,322219 0,000317
заклад 0,824895 0,000198
заключаться 0,635838 0,000458
заклясться 1,866287 0,000448
закопошиться 2,167317 0,000520
закричать 0,434924 0,000313
залезть 1,690196 0,000405
залиться 1,021189 0,000245
залог 1,565257 0,000375
заложить 0,888564 0,000426
замахать 1,125925 0,000270
заметить 0,056728 0,000041
замечание 0,888564 0,000213
замечательный 0,675956 0,000162
замирать 0,991226 0,000238
замуж 0,735954 0,000177
занять 0,991226 0,000476
заплакать 0,599116 0,000144
заранее 0,576253 0,000138
зарезать 0,963197 0,000231
зарядить 1,088136 0,000261
заставить 0,735954 0,000177
затем 0,237898 0,000114
зато 0,468347 0,000337
захотеть 0,316059 0,000076
захотеться 0,704919 0,000169
заявить 0,675956 0,000162
здание 1,389166 0,000333
здесь 0,095435 0,000114
земля 0,298086 0,000072
знак 0,565257 0,000136
знакомый 0,486076 0,000117
знать 0,002964 0,000017
значит 0,243038 0,000117
значить 0,866287 0,000208
золотой 0,805589 0,000773
зосим 0,912045 0,000438
иван 0,232819 0,000168
иванович 0,269690 0,000388
идеал 1,021189 0,000490
идея 0,459747 0,000110
идти 0,180546 0,000043
избаловать 1,565257 0,000375
известие 0,554533 0,000133
известно 0,334808 0,000161
известный 0,347773 0,000083
изгиб 1,468347 0,000352
излагать 1,264227 0,000303
излечить 1,565257 0,000375
изложить 0,866287 0,000831
измена 1,167317 0,001120
изменить 0,769377 0,000369
изменять 1,322219 0,000317
изобрести 1,565257 0,000375
изучать 1,389166 0,000333
изучить 1,322219 0,000317
именно 0,066947 0,000112
иметь 0,118099 0,000085
иногда 0,208276 0,000050
иной 0,208276 0,000050
инстинкт 1,264227 0,000303
искать 0,411442 0,000099
исполнение 1,389166 0,000333
использоваться 0,000000 0,000000
испуг 0,554533 0,000266
испуганный 0,752344 0,000180
истерика 0,752344 0,000180
истерически 1,125925 0,000270
истинный 0,611015 0,000147
история 0,495219 0,000238
источник 1,565257 0,000375
исчезать 1,213075 0,000291
исчезнуть 0,623249 0,000448
итак 0,805589 0,000193
ихний 0,963197 0,000231
казаться 0,063514 0,000030
какой 0,005949 0,000013
каморка 1,213075 0,000582
капельку 0,963197 0,000231
капитан 0,769377 0,000185
каприз 1,264227 0,000303
карамазов 0,180546 0,000173
караулить 1,565257 0,000375
карман 0,396465 0,000285
касаться 0,599116 0,000144
кат 1,468347 0,000352
катерина 0,587534 0,000846
катя 0,912045 0,000219
квартира 0,623249 0,000149
киев 2,167317 0,000520
кинжал 1,468347 0,000352
клясться 0,554533 0,000133
книга 0,106619 0,000077
коварство 1,866287 0,000448
когда 0,015029 0,000040
колебаться 1,088136 0,000261
колокольчик 1,053374 0,000253
комар 0,000000 0,000000
коммерческий 1,690196 0,000405
комната 0,150284 0,000036
кондратиевич 1,213075 0,000291
конец 0,213075 0,000051
коннозаводство 2,167317 0,001040
копейка 0,769377 0,000185
короткий 0,936868 0,000225
котора 0,805589 0,000193
который 0,002964 0,000020
край 0,936868 0,000225
крайний 0,292256 0,000140
красота 0,720159 0,000173
кредитный 1,866287 0,000448
крест 0,690196 0,000166
крикнуть 0,292256 0,000070
кричать 0,303994 0,000073
крошечный 1,213075 0,000291
крыльцо 0,787106 0,000189
кто 0,114239 0,000055
куда 0,248239 0,000238
кузина 1,866287 0,000448
кузьма 1,322219 0,001903
кузьмич 1,690196 0,000811
кулак 0,752344 0,000361
кухарка 1,213075 0,000291
кухня 0,888564 0,000213
ладонь 0,866287 0,000208
ласковый 0,991226 0,000238
лгать 0,599116 0,000287
либо 0,000000 0,000000
литература 1,468347 0,000352
лицо 0,000000 0,000000
лишь 0,185046 0,000133
любимый 0,963197 0,000462
любить 0,066947 0,000048
любовь 0,334808 0,000321
любой 0,000000 0,000000
любопытство 0,361137 0,000087
любя 1,213075 0,000291
лягавыя 1,565257 0,000375
лёт 1,389166 0,000333
мало 0,208276 0,000150
малый 0,334808 0,000241
манера 1,125925 0,000540
марья 0,936868 0,000225
мастер 1,213075 0,000291
мат 1,866287 0,000448
математик 2,167317 0,001040
математически 1,690196 0,000811
матрёна 1,468347 0,000704
матушка 0,991226 0,000238
мать 0,217927 0,000157
мгновение 0,316059 0,000076
медный 1,021189 0,000490
между 0,129891 0,000062
мелькнуть 0,544068 0,000261
менее 0,635838 0,000153
мера 0,217927 0,000105
место 0,099131 0,000166
месяц 0,264227 0,000127
мешковато 2,167317 0,000520
мигом 0,504560 0,000242
миллион 0,888564 0,000426
милый 0,322219 0,000077
министерство 1,866287 0,000448
миновать 1,021189 0,000245
минута 0,050046 0,000024
минутка 0,635838 0,000153
мир 0,523865 0,000251
мировоззрение 1,565257 0,000375
митя 0,451314 0,004763
миусов 0,936868 0,000225
младенец 0,866287 0,000208
много 0,080958 0,000039
можно 0,088136 0,000063
мой 0,077412 0,000074
мокрый 0,675956 0,000162
молодой 0,222835 0,000053
мольба 1,322219 0,000317
момент 0,000000 0,000000
монастырь 0,533849 0,000128
морозов 1,322219 0,000317
москва 0,468347 0,000112
мочь 0,000000 0,000000
мощи 1,690196 0,000405
мысль 0,114239 0,000082
навеки 0,648803 0,000156
наводить 1,690196 0,000405
навыдумывать 2,167317 0,000520
нагрянуть 2,167317 0,000520
надежда 0,533849 0,000384
надеть 0,888564 0,000213
надеяться 0,434924 0,000104
надо 0,036984 0,000106
надобный 0,866287 0,000208
нажить 1,264227 0,000303
назад 0,000000 0,000000
название 1,088136 0,000261
назначение 1,264227 0,000303
найти 0,298086 0,000215
накинуть 1,690196 0,000405
наконец 0,073896 0,000053
наперёд 1,389166 0,000666
написать 0,000000 0,000000
напомнить 0,912045 0,000219
направиться 0,787106 0,000189
направлять 1,565257 0,000375
например 0,298086 0,000143
напротив 0,180546 0,000087
нарочно 0,227798 0,000055
насильственный 2,167317 0,000520
насколько 1,866287 0,000448
настойчиво 0,787106 0,000189
настолько 1,264227 0,000303
настоящий 0,309985 0,000149
насчёт 0,354404 0,000170
наталкивать 1,866287 0,000448
нательный 2,167317 0,000520
наткнуться 1,389166 0,000333
наука 0,787106 0,000378
начало 0,243038 0,000117
начать 0,066947 0,000032
начаться 0,514105 0,000123
начинание 2,167317 0,000520
начинать 0,292256 0,000070
наш 0,118099 0,000085
небольшой 0,675956 0,000162
невинный 0,576253 0,000138
невозможно 0,411442 0,000197
незачем 1,565257 0,000375
незлобивый 1,690196 0,000405
некогда 0,912045 0,000219
некоторый 0,154480 0,000037
нелепо 1,167317 0,000280
нельзя 0,176091 0,000042
немного 0,426955 0,000102
ненавидеть 0,514105 0,000123
необразованный 1,322219 0,000317
необходимый 0,599116 0,000287
необыкновенный 0,396465 0,000190
необычайный 0,662167 0,000159
неожиданный 0,419129 0,000101
нервный 0,824895 0,000198
несдобровать 2,167317 0,000520
несколько 0,095435 0,000023
нетерпение 0,554533 0,000133
неугомонный 1,866287 0,000448
неужели 0,389166 0,000187
неужто 0,599116 0,000144
нечто 0,389166 0,000093
нибыть 0,030597 0,000037
ниже 0,912045 0,000219
низость 0,845098 0,000203
никак 0,396465 0,000190
никакой 0,213075 0,000051
никогда 0,088136 0,000063
никто 0,095435 0,000069
никуда 0,936868 0,000225
ничего 0,030597 0,000051
новый 0,167317 0,000361
нога 0,213075 0,000051
носить 0,611015 0,000293
ночевать 0,936868 0,000225
ночь 0,189594 0,000045
нравственный 0,690196 0,000331
нуждаться 0,704919 0,000169
нужно 0,514105 0,000247
нужный 0,477121 0,000114
нынешний 1,125925 0,000270
нынче 1,389166 0,000333
обдумать 0,936868 0,000225
обеспечение 1,565257 0,000375
обещание 1,053374 0,000253
обещать 0,704919 0,000845
облегчить 1,167317 0,000280
обнимать 0,866287 0,000208
обомлеть 1,690196 0,000811
оборваться 1,389166 0,000333
образ 0,243038 0,000117
образовать 0,912045 0,000219
образок 1,565257 0,001126
обратно 0,675956 0,000486
общественный 0,000000 0,000000
общество 0,468347 0,000225
объявить 0,389166 0,000093
объясниться 0,824895 0,000198
объятие 0,991226 0,000238
ограбить 0,912045 0,000219
одеться 1,167317 0,000280
один 0,000000 0,000000
одиннадцать 0,866287 0,000208
однако 0,102859 0,000074
ожидание 0,662167 0,000159
ожидать 0,264227 0,000190
озарить 1,167317 0,000280
означать 1,021189 0,000245
озноб 1,322219 0,000317
оказаться 0,275223 0,000066
он 0,000000 0,000000
они 0,275223 0,000066
опрокинуть 1,565257 0,000375
опубликовать 0,000000 0,000000
опытный 1,167317 0,000840
опять 0,027438 0,000059
оружие 1,021189 0,000245
особенно 0,129891 0,000062
оставаться 0,280827 0,000067
оставить 0,203530 0,000195
остановиться 0,269690 0,000065
ответить 0,121994 0,000029
отвечать 0,258832 0,000062
отворить 0,486076 0,000117
отдаваться 1,389166 0,000333
отделаться 1,264227 0,000303
отелло 2,167317 0,002079
отказать 0,735954 0,000353
откладывать 1,468347 0,000704
открыть 0,635838 0,000305
отлететь 1,389166 0,000333
отлечь 2,167317 0,000520
отправить 1,125925 0,000270
отправиться 0,611015 0,000440
отрезать 0,599116 0,000144
отрицать 1,088136 0,000261
отсюдова 1,866287 0,000448
отчаяние 0,544068 0,000261
отчаянный 0,963197 0,000231
отъезд 1,021189 0,000490
отыскать 0,769377 0,000185
отыскивать 1,167317 0,000280
оформление 0,000000 0,000000
очень 0,024303 0,000023
очередь 0,769377 0,000185
павлович 0,286504 0,000344
падение 1,125925 0,000810
падучий 0,936868 0,000225
пара 1,213075 0,000291
патрон 2,167317 0,000520
первый 0,018098 0,000030
перебить 0,486076 0,000117
передать 0,381987 0,000092
передумать 1,264227 0,000303
перейти 0,000000 0,000000
перекричать 1,565257 0,000375
перерезать 1,468347 0,000352
перехватка 2,167317 0,001040
пестик 1,167317 0,000840
писатель 1,264227 0,000910
пискливый 2,167317 0,000520
пистолет 0,805589 0,000773
письмо 0,434924 0,000104
план 0,888564 0,001492
платье 0,635838 0,000153
площадь 0,888564 0,000213
плюнуть 0,936868 0,000225
побежать 0,468347 0,000112
побыть 1,565257 0,000375
повалиться 1,468347 0,000352
поверьте 0,866287 0,000208
повод 0,635838 0,000153
повторять 0,396465 0,000095
погибать 1,322219 0,000317
погибнуть 0,888564 0,000213
погреб 1,264227 0,000303
подборка 0,000000 0,000000
подвиг 0,769377 0,000185
подглядывать 2,167317 0,000520
подивиться 0,991226 0,000476
подкупать 1,690196 0,000405
подлый 0,675956 0,000162
подняться 0,443041 0,000106
подождать 0,587534 0,000141
подозревать 0,504560 0,000121
подозрение 0,991226 0,000238
подписаться 1,389166 0,000666
подруга 1,690196 0,000405
подслушивание 2,167317 0,000520
подслушивать 1,264227 0,000303
подсматривать 1,565257 0,000375
подтверждать 1,389166 0,000333
подумать 0,185046 0,000089
поехать 0,576253 0,000138
пожертвовать 0,963197 0,000231
позволить 0,264227 0,000380
позвонить 1,125925 0,000270
познакомиться 0,735954 0,000177
познание 1,125925 0,000270
позор 0,720159 0,000518
пойти 0,080958 0,000039
пока 0,213075 0,000204
показывать 0,514105 0,000123
покупать 1,322219 0,000317
полететь 1,021189 0,000245
политический 1,213075 0,000291
полный 0,253503 0,000061
половина 0,396465 0,000095
положение 0,459747 0,000110
получить 0,309985 0,000074
получиться 1,565257 0,000375
полюбить 0,635838 0,000153
помереть 0,720159 0,000173
помешанный 0,769377 0,000185
помогать 0,845098 0,000608
помочь 0,587534 0,000282
помощь 0,888564 0,000213
помутиться 1,389166 0,000333
понимать 0,095435 0,000046
понятие 0,735954 0,000177
понять 0,106619 0,000102
поплакать 1,565257 0,000751
поползновение 1,690196 0,000405
пора 0,690196 0,000166
порадоваться 1,866287 0,000448
поразить 0,243038 0,000058
порешить 0,991226 0,000238
порядок 0,704919 0,000169
посетитель 0,991226 0,000476
посещение 0,888564 0,000213
посидеть 1,125925 0,000270
послать 0,309985 0,000074
после 0,084532 0,000101
последний 0,066947 0,000112
последовать 0,824895 0,000198
послушаться 1,389166 0,000333
посмертно 0,000000 0,000000
поссориться 0,936868 0,000225
потом 0,084532 0,000122
потому 0,024303 0,000035
потрясти 0,845098 0,000203
походка 1,565257 0,001502
поцелуй 0,888564 0,000213
почему 0,099131 0,000071
почти 0,024303 0,000029
почувствовать 0,426955 0,000307
пошлый 1,468347 0,000352
поэт 1,088136 0,000261
правда 0,088136 0,000021
право 0,176091 0,000084
практический 1,322219 0,000317
пред 0,030597 0,000037
предлагать 0,824895 0,000198
предложение 0,769377 0,000185
предложить 0,623249 0,000149
предоставить 1,565257 0,000375
предполагать 0,991226 0,000238
предприятие 1,322219 0,000317
предрассудок 1,053374 0,000253
представить 0,286504 0,000206
представлять 0,845098 0,000203
предстоять 0,963197 0,000231
предчувствие 0,912045 0,000438
предчувствовать 0,504560 0,000121
прежде 0,077412 0,000037
презирать 0,662167 0,000318
прекрасный 0,495219 0,000238
прельщать 1,690196 0,000405
прервать 0,623249 0,000448
прибавить 0,162996 0,000039
прибежать 0,769377 0,000185
приезд 0,805589 0,000193
прижизненный 0,000000 0,000000
признать 0,735954 0,000353
прииск 1,322219 0,004440
приисковый 2,167317 0,000520
прийти 0,095435 0,000298
приключение 0,936868 0,000225
примирение 1,389166 0,000333
примириться 1,322219 0,000951
принагнуться 2,167317 0,000520
принять 0,180546 0,000043
припоминать 0,648803 0,000156
приревновать 1,565257 0,000375
прискакать 1,264227 0,000303
прислуживать 1,213075 0,000582
приходить 0,243038 0,000291
причесаться 1,866287 0,000448
приятель 0,866287 0,000208
провалиться 1,264227 0,000910
проводить 0,845098 0,001216
проговорить 0,110412 0,000026
программирование 0,000000 0,000000
продать 0,824895 0,000198
продолжать 0,125925 0,000060
проезд 1,468347 0,000352
проект 1,264227 0,000303
проехать 1,389166 0,000333
произведение 0,000000 0,000000
произнести 0,280827 0,000269
произойти 0,258832 0,000124
пройти 0,000000 0,000000
проклятый 0,662167 0,000159
прокричать 0,599116 0,000287
пронестись 0,963197 0,000231
пропадать 1,322219 0,000317
просидеть 0,704919 0,000169
просить 0,150284 0,000072
простить 0,286504 0,000275
просто 0,232819 0,000223
простыть 1,690196 0,000405
проучить 2,167317 0,000520
проходить 0,576253 0,000138
прохорычать 2,167317 0,000520
процветать 1,690196 0,000405
процент 1,167317 0,000280
проч 0,662167 0,000159
прочь 0,866287 0,000208
прошлое 0,963197 0,000231
прощать 0,426955 0,000102
прощаться 0,963197 0,000231
прямо 0,118099 0,000028
прянуть 2,167317 0,000520
прятаться 0,888564 0,000426
публикация 0,000000 0,000000
путь 0,675956 0,000162
пушкин 1,167317 0,000280
пятьсот 0,936868 0,000225
равно 0,303994 0,000146
рада 0,735954 0,000353
ради 0,752344 0,000180
радоваться 0,888564 0,000213
радостный 0,752344 0,000180
радость 0,411442 0,000197
разве 0,146128 0,000035
развешивать 2,167317 0,000520
развивать 1,866287 0,000448
развитие 0,912045 0,000219
развязать 1,565257 0,000375
развязный 1,468347 0,000352
разглядеть 0,662167 0,000159
разговор 0,264227 0,000063
разговорчивый 1,565257 0,000375
раздаться 0,635838 0,000153
разжигать 1,690196 0,000405
раззнакомиться 2,167317 0,000520
разлука 1,322219 0,000317
разможечь 2,167317 0,000520
разный 0,565257 0,000136
разрешение 0,000000 0,000000
разуверить 1,690196 0,000405
разузнать 1,264227 0,000303
разумеется 0,328468 0,000158
разуметь 1,690196 0,000405
ракитин 0,787106 0,000189
ранний 0,504560 0,000121
распоряжение 1,088136 0,000261
рассказать 0,280827 0,000067
рассказывать 0,341243 0,000082
рассмешить 1,322219 0,000317
расспрашивать 0,824895 0,000198
расстаться 0,936868 0,000225
расстроить 0,845098 0,000203
рассуждать 0,752344 0,000180
растолковать 1,053374 0,000253
реализм 1,264227 0,000910
реалистка 2,167317 0,001040
ребёнок 0,232819 0,000056
ревнивец 1,690196 0,003243
ревнивый 1,088136 0,000261
ревность 0,888564 0,001066
револьвер 2,167317 0,001040
ретроградный 1,866287 0,000448
решение 0,533849 0,000128
решительный 0,611015 0,000147
решить 0,232819 0,000279
решиться 0,341243 0,000164
рискнуть 1,322219 0,000317
роковой 0,704919 0,000169
роль 1,053374 0,000253
рубашка 1,088136 0,000261
рубль 0,334808 0,000562
рука 0,030597 0,000044
русский 0,411442 0,000099
рыцарски 1,690196 0,000405
садиться 0,486076 0,000117
сайт 0,000000 0,000000
сам 0,002964 0,000011
самопожертвование 1,866287 0,000448
самоубийство 1,125925 0,000270
самсонов 1,053374 0,002021
самый 0,018098 0,000043
сбегать 1,053374 0,000253
сбыть 2,167317 0,000520
сверх 0,752344 0,000180
свидетельствовать 0,888564 0,000213
свободно 0,000000 0,000000
свободный 0,936868 0,000225
свой 0,000000 0,000000
свойство 1,264227 0,000303
сделать 0,102859 0,000049
себя 0,000000 0,000000
сегодня 0,194189 0,000419
сегодняшний 0,991226 0,000238
сейчас 0,070407 0,000068
секунда 0,565257 0,000136
семь 0,623249 0,000299
семьдесят 0,000000 0,000000
сердце 0,095435 0,000160
серебряный 1,213075 0,000291
сибирь 0,866287 0,000208
сидеть 0,125925 0,000030
сила 0,185046 0,000089
сильный 0,269690 0,000065
система 1,213075 0,000291
сиять 0,888564 0,000213
сказать 0,011981 0,000032
сказка 1,322219 0,000317
скверна 1,468347 0,000352
склад 1,565257 0,000375
складывать 1,690196 0,000405
скорее 0,514105 0,000123
скоро 0,298086 0,000072
скорый 0,237898 0,000114
слава 0,635838 0,000153
слегка 0,936868 0,000225
след 0,991226 0,000238
следить 0,623249 0,000448
слеза 0,275223 0,000198
слишком 0,133894 0,000064
слово 0,027438 0,000013
сложить 0,845098 0,000203
служанка 0,888564 0,000213
случай 0,146128 0,000035
случаться 0,599116 0,000287
слышать 0,125925 0,000121
слюбезничать 2,167317 0,000520
смердяков 0,576253 0,000553
смерть 0,374926 0,000090
смеяться 0,171682 0,000082
смотреть 0,077412 0,000037
смутить 0,963197 0,000231
смущение 0,752344 0,000180
сначала 0,434924 0,000104
снова 0,565257 0,000136
снять 0,704919 0,000169
собрание 1,088136 0,000261
собственно 0,565257 0,000136
совершенный 0,451314 0,000217
совесть 0,544068 0,000522
совет 0,662167 0,000318
современник 2,167317 0,000520
современный 0,936868 0,000899
совсем 0,021189 0,000025
согласие 0,000000 0,000000
согласиться 0,396465 0,000190
сознать 1,088136 0,000261
созреть 1,866287 0,000448
сомнение 0,426955 0,000102
соображение 0,912045 0,000219
соперник 1,053374 0,000758
сорванец 1,690196 0,000405
соседка 1,389166 0,000333
состояние 0,322219 0,000077
сочинение 1,468347 0,000352
спас 1,565257 0,001126
спасать 1,088136 0,000261
спасти 0,468347 0,000337
спать 0,495219 0,000119
сперва 0,735954 0,000177
спешить 0,477121 0,000458
спина 0,752344 0,000180
спокойный 0,576253 0,000138
способный 0,587534 0,000282
справиться 0,991226 0,000238
срам 1,053374 0,000253
ссудить 1,565257 0,000375
становиться 0,389166 0,000093
старец 0,611015 0,000293
старуха 0,690196 0,000166
старушка 1,213075 0,000291
старушонка 1,389166 0,001000
старый 0,374926 0,000090
стать 0,002964 0,000004
стена 0,533849 0,000128
степень 0,367977 0,000177
стоить 0,189594 0,000045
стол 0,286504 0,000206
столичный 1,053374 0,000253
столь 0,434924 0,000313
столько 0,443041 0,000425
сторожить 1,088136 0,000522
сторона 0,110412 0,000079
стоя 0,963197 0,000231
стоять 0,150284 0,000108
страстность 1,565257 0,000375
страсть 0,735954 0,000353
страх 0,426955 0,000205
страшный 0,286504 0,000137
строить 1,088136 0,000261
строка 1,088136 0,000261
ступить 1,021189 0,000490
ступка 1,866287 0,000895
стыд 0,533849 0,000128
стяпать 2,167317 0,000520
сударыня 1,213075 0,007856
судьба 0,443041 0,000213
сумма 0,662167 0,000794
сунуть 1,167317 0,000280
существо 0,477121 0,000114
сцена 0,554533 0,000133
считать 0,275223 0,000066
сюда 0,232819 0,000112
тайна 0,675956 0,000324
также 0,000000 0,000000
таки 0,066947 0,000016
таковой 0,451314 0,000325
такой 0,002964 0,000007
твой 0,258832 0,000062
текст 0,000000 0,000000
телега 1,213075 0,000873
тело 0,720159 0,000345
темнота 0,866287 0,001039
теперешний 0,533849 0,000128
теперь 0,015029 0,000068
терпеть 0,866287 0,000208
терять 0,720159 0,000173
тогда 0,050046 0,000072
тоже 0,043466 0,000010
толковать 0,912045 0,000219
только 0,002964 0,000013
том 1,565257 0,000375
тон 0,648803 0,000156
торжественно 0,888564 0,000213
торжество 0,912045 0,000219
торопиться 0,662167 0,000159
тот 0,002964 0,000009
тотчас 0,046743 0,000101
точно 0,121994 0,000059
трактир 0,720159 0,000345
третий 0,154480 0,000074
три 0,303994 0,000365
тривиальность 2,167317 0,000520
трогательно 1,866287 0,000448
тронутый 1,389166 0,000333
трудно 0,459747 0,000110
туда 0,495219 0,000238
тургенев 1,866287 0,000448
тысяча 0,217927 0,001150
убегать 1,125925 0,000270
убежать 0,565257 0,000136
убитый 0,866287 0,000208
убить 0,275223 0,000198
увезти 0,963197 0,000231
уверенность 1,021189 0,000490
уверенный 0,611015 0,000147
уверить 0,599116 0,000144
увериться 1,322219 0,000317
увидать 0,434924 0,000104
уговаривать 0,963197 0,000231
уговорить 1,088136 0,000261
угрызение 1,088136 0,000783
ударить 0,635838 0,000153
ударять 1,213075 0,000582
удивительно 0,866287 0,000208
удивить 0,769377 0,000185
удивиться 0,523865 0,000126
удивление 0,292256 0,000070
уехать 0,459747 0,000110
ужас 0,468347 0,000225
ужасно 0,167317 0,000161
уживаться 1,866287 0,000448
ужиться 1,565257 0,000751
узнавать 0,704919 0,000338
узнать 0,106619 0,000077
уйти 0,248239 0,000298
указать 0,554533 0,000532
укатить 1,690196 0,001216
улица 0,396465 0,000095
улыбка 0,374926 0,000090
улыбнуться 0,426955 0,000205
умерший 0,000000 0,000000
умный 0,403889 0,000097
умолять 0,805589 0,000580
умыться 1,565257 0,000375
уплатить 1,690196 0,000405
управлять 1,389166 0,000333
усаживаться 1,322219 0,000317
усиленно 1,264227 0,000303
усилие 0,845098 0,000203
усмотрение 1,866287 0,000448
успеть 0,203530 0,000146
устремиться 1,213075 0,000291
утирать 1,565257 0,000375
утро 0,347773 0,000083
утром 0,411442 0,000197
факт 0,533849 0,000128
федора 0,912045 0,000656
феня 1,125925 0,002161
физически 1,690196 0,000405
финансы 2,167317 0,000520
фёдор 0,434924 0,000417
фёдорович 0,150284 0,001334
характер 0,374926 0,000090
характерный 0,845098 0,000203
хвалиться 1,264227 0,000303
хозяйка 0,912045 0,000219
холостой 1,468347 0,000352
хороший 0,077412 0,000019
хорошо 0,189594 0,000091
хотеть 0,033778 0,000065
хоть 0,060107 0,000043
хотя 0,050046 0,000012
хохлаковый 0,690196 0,002483
христос 0,675956 0,000162
целомудренный 1,389166 0,000333
целый 0,217927 0,000105
цель 0,361137 0,000260
цензура 1,690196 0,000405
час 0,185046 0,000488
часть 0,002964 0,000001
чей 0,000000 0,000000
человек 0,011981 0,000023
через 0,258832 0,000186
чермашня 1,125925 0,000270
черта 0,264227 0,000063
четверть 0,769377 0,000369
четыре 0,361137 0,000087
чиновник 0,635838 0,000458
число 0,704919 0,000169
чистый 0,434924 0,000104
читаемый 2,167317 0,000520
читатель 0,888564 0,000213
читать 0,403889 0,000097
чрез 0,275223 0,000066
чрезвычайно 0,217927 0,000157
чрезвычайный 0,258832 0,000124
что 0,030597 0,000059
чтоб 0,073896 0,000106
чтобы 0,030597 0,000081
чтой 2,167317 0,000520
чувство 0,158717 0,000152
чувствовать 0,264227 0,000127
чудо 0,866287 0,000416
чужое 1,125925 0,000270
чуть 0,176091 0,000084
шаг 0,367977 0,000265
шагать 0,963197 0,000231
шесть 0,514105 0,000123
шнурок 1,690196 0,000405
шпионить 1,389166 0,000666
шпионство 2,167317 0,000520
щадить 1,053374 0,000253
щедрин 2,167317 0,000520
энергический 1,866287 0,000448
эстафета 1,866287 0,000448
это 0,002964 0,000004
этот 0,002964 0,000014
я 0,024303 0,000152
явиться 0,298086 0,000286
яркий 1,264227 0,000303
ясно 0,354404 0,000170
ящик 1,021189 0,000245
ящичек 2,167317 0,000520
