автор 0,000000 0,000000
авторский 0,000000 0,000000
аксиома 1,322219 0,000755
алексей 0,000000 0,000000
алеш 0,328468 0,002719
алёшка 1,021189 0,001166
анархизм 2,167317 0,000619
атом 1,565257 0,000447
ахинея 1,389166 0,000397
барышня 0,912045 0,000260
бесконечность 1,565257 0,000894
бесовский 1,690196 0,000482
беспамятство 1,322219 0,000377
беспокоиться 0,514105 0,000147
беспорядочный 1,389166 0,000397
беспрерывный 0,787106 0,000225
бессмертие 1,322219 0,001132
библиотека 1,866287 0,001598
бильярдный 2,167317 0,000619
благородство 0,888564 0,000254
благословить 0,735954 0,000210
близкий 0,477121 0,000136
бог 0,154480 0,000706
божий 0,623249 0,000356
боков 1,264227 0,000361
более 0,000000 0,000000
большой 0,056728 0,000016
борьба 1,053374 0,000301
брат 0,060107 0,000343
братишка 1,866287 0,001066
бреда 0,866287 0,000247
бросить 0,269690 0,000077
будто 0,099131 0,000085
буквально 0,805589 0,000230
бунт 1,264227 0,000361
бутылка 0,845098 0,000241
буфет 1,866287 0,000533
бывать 0,280827 0,000080
бытие 1,389166 0,000397
быть 0,000000 0,000000
варение 1,565257 0,001787
ваш 0,121994 0,000035
вглядываться 0,936868 0,000535
вдохновение 1,053374 0,000301
вдохновенно 2,167317 0,000619
вдруг 0,005949 0,000020
ведь 0,043466 0,000199
вековечный 1,468347 0,000838
вера 0,514105 0,000294
верить 0,180546 0,000309
веровать 0,704919 0,001207
веруесать 1,866287 0,001066
весело 0,648803 0,000741
весенний 1,690196 0,000482
весна 1,125925 0,000321
вести 0,787106 0,000225
вестись 1,565257 0,000447
весь 0,002964 0,000012
весьма 0,243038 0,000069
вечность 1,690196 0,000965
вечный 0,769377 0,000439
вещь 0,411442 0,000235
взгляд 0,185046 0,000158
взглянуть 0,468347 0,000134
взять 0,077412 0,000022
видать 0,419129 0,000359
видеть 0,027438 0,000063
видимый 0,443041 0,000126
визит 0,845098 0,000241
вилять 1,213075 0,000346
вишнёвый 1,866287 0,001066
влюбиться 0,963197 0,000275
вовсе 0,150284 0,000386
военный 0,936868 0,000267
возможно 0,735954 0,000210
вознаграждение 0,000000 0,000000
возня 1,690196 0,000482
воистину 0,912045 0,000260
вонючий 1,468347 0,000419
вообще 0,459747 0,000131
вопреки 2,167317 0,000619
вопрос 0,146128 0,000459
восемнадцатый 1,866287 0,000533
восемьдесят 1,468347 0,000419
воскликнуть 0,269690 0,000077
воскресить 1,213075 0,000346
впрочем 0,118099 0,000101
врать 0,845098 0,000241
время 0,018098 0,000021
вселенная 1,389166 0,000793
вскричать 0,253503 0,000072
вспоминать 0,623249 0,000178
встать 0,269690 0,000077
встретиться 0,704919 0,000402
встреча 0,554533 0,000158
всякий 0,106619 0,000061
второй 0,217927 0,000311
входной 1,468347 0,000419
вчера 0,341243 0,000390
вывести 0,611015 0,000174
выгодный 1,167317 0,000333
выдумать 0,648803 0,000370
выйти 0,063514 0,000073
выпить 0,704919 0,000201
выплата 0,000000 0,000000
высказать 0,523865 0,000150
выскочить 0,824895 0,000235
выставить 0,845098 0,000241
гармония 1,264227 0,000722
геометр 2,167317 0,000619
геометрия 1,866287 0,001066
гипотеза 1,690196 0,001447
гитара 1,468347 0,000419
главное 0,185046 0,000053
гладить 1,322219 0,000377
глаз 0,056728 0,000016
глазок 0,805589 0,000230
гласить 1,866287 0,000533
глупость 0,576253 0,000329
глупый 0,419129 0,000838
глядеть 0,243038 0,000139
гнусненький 2,167317 0,000619
говорить 0,011981 0,000065
год 0,292256 0,000250
голова 0,114239 0,000033
голубой 0,936868 0,000535
голубчик 0,565257 0,000323
горько 0,690196 0,000197
горячий 0,523865 0,000150
готовить 1,213075 0,000346
грешник 1,264227 0,000361
грустно 0,735954 0,000420
гудеть 1,866287 0,000533
давать 0,253503 0,000289
давеча 0,232819 0,000532
давешний 0,611015 0,000174
давно 0,158717 0,000317
даже 0,005949 0,000022
далее 0,648803 0,000185
далёкий 0,411442 0,000117
дать 0,171682 0,000049
двадцатитрёхлетний 1,866287 0,001066
двадцать 0,303994 0,000087
действительно 0,106619 0,000091
делать 0,194189 0,000111
дело 0,011981 0,000048
дескать 0,419129 0,000120
дивно 1,565257 0,000894
дикий 0,720159 0,000206
длинный 0,495219 0,000141
дмитрий 0,396465 0,001811
довести 0,720159 0,000411
довольный 0,495219 0,000141
догадаться 0,554533 0,000317
должный 0,099131 0,000028
допить 1,565257 0,000447
допросить 1,565257 0,000447
допускать 0,963197 0,000275
дорога 0,275223 0,000393
дорого 1,021189 0,000292
дорогой 0,451314 0,000258
достоевский 0,000000 0,000000
достояние 0,000000 0,000000
драгоценный 0,912045 0,000260
дразнить 0,845098 0,000241
друг 0,180546 0,000309
другой 0,008955 0,000013
думать 0,060107 0,000137
европа 1,088136 0,000311
европейский 1,389166 0,000397
единственно 0,477121 0,000136
если 0,011981 0,000034
есть 0,018098 0,000062
жажда 0,866287 0,000742
жалкий 0,936868 0,000267
жар 0,587534 0,000168
желать 0,232819 0,000066
желторотость 2,167317 0,000619
желторотый 2,167317 0,001237
женщина 0,213075 0,000122
животный 1,565257 0,000447
жизнь 0,084532 0,000241
жить 0,217927 0,000498
забота 0,824895 0,000235
забыть 0,125925 0,000036
завтра 0,298086 0,000255
загадка 0,787106 0,000449
заговор 1,264227 0,000361
заговорить 0,334808 0,000096
загранице 1,866287 0,000533
задача 0,866287 0,000495
задуматься 0,787106 0,000225
задумчиво 0,912045 0,000260
зажить 1,565257 0,000447
заключить 0,347773 0,000099
залезть 1,690196 0,000482
залучить 1,866287 0,000533
заметить 0,056728 0,000032
замечательный 0,675956 0,000193
заниматься 0,963197 0,000550
заранее 0,576253 0,000165
засесть 1,167317 0,000333
засмеяться 0,347773 0,000695
зато 0,468347 0,000134
захотеть 0,316059 0,000361
здесь 0,095435 0,000218
здешний 0,611015 0,000174
здоровье 0,704919 0,000201
земля 0,298086 0,000255
земной 0,845098 0,000241
злодейство 1,322219 0,000377
злой 0,587534 0,000168
знакомиться 1,389166 0,001190
знать 0,002964 0,000015
значит 0,243038 0,000069
иван 0,232819 0,001595
иванович 0,269690 0,000231
ивановный 2,167317 0,000619
идти 0,180546 0,000052
известно 0,334808 0,000096
измерение 2,167317 0,001237
измышление 1,866287 0,000533
изречь 1,053374 0,000301
именно 0,066947 0,000038
император 1,468347 0,000419
иначе 0,367977 0,000105
иногда 0,208276 0,000059
иной 0,208276 0,000297
институтка 1,866287 0,000533
искупление 2,167317 0,000619
исповедание 1,866287 0,000533
исповедь 0,845098 0,000241
использоваться 0,000000 0,000000
испытующий 1,565257 0,000447
исступлённый 0,805589 0,000230
истерика 0,752344 0,000859
истина 0,704919 0,000201
истинный 0,611015 0,000174
источник 1,565257 0,000447
исцелить 1,565257 0,000447
исчезнуть 0,623249 0,000178
итак 0,805589 0,000230
ихний 0,963197 0,000275
каждый 0,137934 0,000039
казаться 0,063514 0,000127
каин 2,167317 0,000619
како 1,468347 0,000419
какой 0,005949 0,000010
камень 0,787106 0,000674
канитель 1,690196 0,000482
карамазов 0,180546 0,000206
карамазовский 1,088136 0,000311
касаться 0,599116 0,000171
катерина 0,587534 0,000671
кладбище 1,468347 0,001258
клейкий 1,866287 0,001066
книга 0,106619 0,000091
когда 0,015029 0,000021
комар 0,000000 0,000000
комизм 1,565257 0,000447
комната 0,150284 0,000129
конец 0,213075 0,000304
конечно 0,060107 0,000051
кончить 0,328468 0,000469
кончиться 0,495219 0,000141
короткий 0,936868 0,000267
который 0,002964 0,000011
красавица 0,936868 0,000267
крик 0,514105 0,000147
крикнуть 0,292256 0,000083
кровь 0,389166 0,000111
кроме 0,158717 0,000045
кроткий 0,912045 0,000260
кстати 0,468347 0,000134
кубок 1,690196 0,001930
куда 0,248239 0,000071
кушать 1,167317 0,000333
легко 0,752344 0,000430
лежать 0,243038 0,000069
лезть 0,936868 0,000267
либо 0,000000 0,000000
линия 1,264227 0,000722
листочек 1,468347 0,000838
литература 1,468347 0,000419
лицо 0,000000 0,000000
лишь 0,185046 0,000423
логика 1,264227 0,001444
любимый 0,963197 0,000275
любить 0,066947 0,000382
любовь 0,334808 0,000478
любой 0,000000 0,000000
любя 1,213075 0,000346
маленький 0,185046 0,000264
мало 0,208276 0,000059
малосильный 1,866287 0,000533
мальчик 0,411442 0,001409
мальчуган 2,167317 0,000619
между 0,129891 0,000074
мерещиться 0,866287 0,000247
мертвец 1,264227 0,000361
место 0,099131 0,000028
месяц 0,264227 0,000377
мечтать 0,752344 0,000430
мимо 0,514105 0,000147
минута 0,050046 0,000014
минутка 0,635838 0,000182
минуть 1,322219 0,000377
мир 0,523865 0,001047
мираж 1,565257 0,000447
мировой 1,088136 0,000621
младенец 0,866287 0,000247
много 0,080958 0,000069
множество 0,845098 0,000482
могила 1,088136 0,000311
можно 0,088136 0,000050
мой 0,077412 0,000221
молоденький 1,213075 0,000346
молодой 0,222835 0,000318
молодость 1,021189 0,000292
момент 0,000000 0,000000
монастырь 0,533849 0,000152
моралист 2,167317 0,000619
москва 0,468347 0,000267
мочь 0,000000 0,000000
мучить 0,419129 0,000359
мучиться 0,623249 0,000178
мысль 0,114239 0,000065
навеки 0,648803 0,000185
наверно 0,264227 0,000075
навсегда 0,735954 0,000210
наделать 0,963197 0,000275
надеяться 0,434924 0,000124
надо 0,036984 0,000095
надрыв 1,264227 0,000722
надувать 1,866287 0,000533
назад 0,000000 0,000000
название 1,088136 0,000311
называть 0,477121 0,000136
найти 0,298086 0,000085
наконец 0,073896 0,000063
написать 0,000000 0,000000
наполеон 1,389166 0,000397
например 0,298086 0,000085
напротив 0,180546 0,000206
нарочно 0,227798 0,000195
наскоро 0,888564 0,000254
настаивать 0,565257 0,000161
настоящий 0,309985 0,000088
насчёт 0,354404 0,000101
наука 0,787106 0,000449
научиться 1,053374 0,000301
нахмуриться 0,769377 0,000439
находиться 0,514105 0,000440
начать 0,066947 0,000096
начинать 0,292256 0,000250
наш 0,118099 0,000135
небо 0,635838 0,000363
негодование 0,403889 0,000115
неизвестный 0,936868 0,000267
нельзя 0,176091 0,000201
необходимость 1,053374 0,000301
неожиданно 0,523865 0,000150
неожиданный 0,419129 0,000120
неохотно 1,690196 0,000482
непременно 0,133894 0,000153
неприлично 0,824895 0,000235
неприличный 1,053374 0,000301
несвойственный 1,866287 0,000533
несмотря 0,275223 0,000157
нехитрый 1,866287 0,000533
нечто 0,389166 0,000222
нибыть 0,030597 0,000026
никак 0,396465 0,000113
никакой 0,213075 0,000061
никогда 0,088136 0,000201
никто 0,095435 0,000027
нисколько 0,662167 0,000189
ничего 0,030597 0,000009
новый 0,167317 0,000048
нравиться 0,611015 0,000523
нужно 0,514105 0,000440
нутро 1,866287 0,001066
обед 0,690196 0,000394
обедать 0,963197 0,000825
обидеть 0,720159 0,000206
обидный 0,991226 0,000283
обходить 1,322219 0,000377
обширный 1,389166 0,000397
общественный 0,000000 0,000000
объявлять 0,769377 0,000220
объяснить 0,374926 0,000321
обыкновенный 0,565257 0,000161
оговориться 1,690196 0,000482
огорчить 1,389166 0,000397
один 0,000000 0,000000
одиннадцать 0,866287 0,000495
однако 0,102859 0,000117
ожидание 0,662167 0,000567
ожидать 0,264227 0,000151
озабоченно 1,088136 0,000311
оказаться 0,275223 0,000079
окно 0,381987 0,000109
окончательный 0,936868 0,000267
он 0,000000 0,000000
они 0,275223 0,000157
оправдать 0,963197 0,000275
опубликовать 0,000000 0,000000
опять 0,027438 0,000031
орган 1,690196 0,000482
оригинальный 0,936868 0,000267
орудовать 1,690196 0,000482
осилить 1,690196 0,000482
осмеливаться 1,264227 0,000361
осмыслить 1,021189 0,000292
особенно 0,129891 0,000037
особенный 0,389166 0,000111
оставаться 0,280827 0,000080
остальной 0,367977 0,000210
отбивать 1,322219 0,000377
ответ 0,322219 0,000092
отвечать 0,258832 0,000074
отвращение 0,769377 0,000220
отгородить 1,690196 0,000482
отдельный 1,389166 0,000397
отец 0,091770 0,000079
откупоривание 2,167317 0,000619
отметить 0,991226 0,000283
отойти 0,845098 0,000241
оторваться 1,021189 0,000292
отпраздновать 2,167317 0,000619
отрезать 0,599116 0,000171
отрываться 1,053374 0,000601
отставной 0,845098 0,000241
отсюда 0,805589 0,000230
оттенок 0,991226 0,000283
оттого 0,675956 0,000193
отчасти 0,611015 0,000174
отчаяние 0,544068 0,000466
отъезд 1,021189 0,000292
оформление 0,000000 0,000000
охота 1,021189 0,000292
охотник 1,125925 0,000321
очень 0,024303 0,000035
очутиться 0,675956 0,000193
память 0,599116 0,000171
параллельный 1,866287 0,001066
пасть 0,866287 0,000247
первый 0,018098 0,000031
перебирать 1,866287 0,000533
переговорить 0,936868 0,000535
передать 0,381987 0,000109
переделка 2,167317 0,000619
перейти 0,000000 0,000000
переспросить 1,053374 0,000301
перестать 0,411442 0,000117
пивной 2,167317 0,000619
пить 0,787106 0,000225
плакать 0,328468 0,000188
планета 1,866287 0,000533
победить 0,787106 0,000449
поверить 0,347773 0,000099
повеселеть 1,565257 0,000447
погибать 1,322219 0,000377
поглядеть 0,396465 0,000113
подборка 0,000000 0,000000
подвести 0,963197 0,000275
подвиг 0,769377 0,000439
подлец 0,554533 0,000158
подло 1,264227 0,000361
подлый 0,675956 0,000386
подобно 1,167317 0,000333
подозревать 0,504560 0,000144
подойти 0,341243 0,000097
подробно 1,053374 0,000301
подумать 0,185046 0,000053
поехать 0,576253 0,000494
пожалуй 0,237898 0,000272
позвонить 1,125925 0,000321
познакомить 1,264227 0,000361
познакомиться 0,735954 0,000210
поймать 0,824895 0,000235
пойти 0,080958 0,000023
пока 0,213075 0,000122
покойник 1,053374 0,000301
полгода 0,963197 0,000275
полезть 1,322219 0,000377
поленов 1,690196 0,000482
половина 0,396465 0,000340
половой 1,866287 0,001066
положение 0,459747 0,000131
положить 0,403889 0,000115
полюбить 0,635838 0,000726
поминутно 0,635838 0,000182
помнить 0,167317 0,000191
понимать 0,095435 0,000082
понятие 0,735954 0,000420
понять 0,106619 0,000122
попасть 0,533849 0,000152
попробовать 0,866287 0,000247
поразить 0,243038 0,000139
порядок 0,704919 0,000604
посетитель 0,991226 0,000849
послать 0,309985 0,000088
после 0,084532 0,000048
послушник 1,167317 0,000666
посмертно 0,000000 0,000000
постараться 1,213075 0,000346
посторонний 0,787106 0,000225
посылать 0,787106 0,000225
потом 0,084532 0,000072
потому 0,024303 0,000056
поцеловать 0,587534 0,000168
почему 0,099131 0,000057
почти 0,024303 0,000014
почём 1,264227 0,000361
поэт 1,088136 0,000311
правда 0,088136 0,000126
практический 1,322219 0,000377
пред 0,030597 0,000009
предвечный 2,167317 0,000619
представить 0,286504 0,000245
прежде 0,077412 0,000133
прекрасно 0,735954 0,000210
премудрость 1,468347 0,000419
премудрый 1,322219 0,000377
прибавить 0,162996 0,000047
прижизненный 0,000000 0,000000
призывный 1,866287 0,000533
приказать 0,752344 0,000644
приказывать 1,264227 0,000361
принести 0,389166 0,000111
принимать 0,328468 0,000844
принять 0,180546 0,000155
приобрести 0,912045 0,000260
припасть 2,167317 0,000619
прислать 0,403889 0,000115
провозгласить 0,824895 0,000235
проговорить 0,110412 0,000126
проголодаться 1,565257 0,000447
программирование 0,000000 0,000000
произведение 0,000000 0,000000
происходить 0,523865 0,000150
пройти 0,000000 0,000000
проклятый 0,662167 0,000189
пролить 1,125925 0,000643
промолвить 0,912045 0,000260
просить 0,150284 0,000086
простить 0,286504 0,000082
проститься 0,845098 0,000482
просто 0,232819 0,000133
пространство 1,389166 0,000397
противный 1,088136 0,000621
противоречие 1,167317 0,000333
профессор 1,213075 0,000693
прочее 1,088136 0,000621
прочь 0,866287 0,000247
прямо 0,118099 0,000067
прямой 0,675956 0,000193
прятаться 0,888564 0,000254
публикация 0,000000 0,000000
пускаться 1,264227 0,000361
пусть 0,253503 0,000362
пуще 0,599116 0,000171
пытливый 1,213075 0,000346
пятнадцатый 1,690196 0,000482
пятнадцать 0,752344 0,000430
пятый 0,787106 0,000449
разве 0,146128 0,000083
развратить 1,468347 0,000419
развязаться 2,167317 0,000619
разговор 0,264227 0,000151
разгореться 1,389166 0,000397
раздражительный 0,587534 0,000168
разлука 1,322219 0,000377
разница 1,021189 0,000292
разом 0,389166 0,000333
разочарование 1,866287 0,001066
разрешать 1,264227 0,000361
разрешение 0,000000 0,000000
разрешить 0,824895 0,000235
разувериться 1,690196 0,000965
разумеется 0,328468 0,000094
распускаться 2,167317 0,000619
рассердиться 0,523865 0,000150
рассказать 0,280827 0,000160
рассуждать 0,752344 0,000215
рассуждение 1,021189 0,000292
расхохотаться 0,963197 0,000275
ревновать 1,021189 0,000292
результат 1,389166 0,000397
речь 0,486076 0,000139
решать 1,053374 0,000301
решить 0,232819 0,000133
роковой 0,704919 0,000201
россия 0,514105 0,000294
русизм 1,690196 0,000482
русский 0,411442 0,001409
сайт 0,000000 0,000000
сам 0,002964 0,000006
самый 0,018098 0,000021
свежий 0,963197 0,000275
свет 0,176091 0,000050
свидание 0,514105 0,000147
свидетель 0,459747 0,000131
свобода 1,021189 0,000583
свободно 0,000000 0,000000
сводиться 1,866287 0,000533
свой 0,000000 0,000000
святой 0,468347 0,000134
сгладиться 2,167317 0,000619
сдвинуть 1,866287 0,000533
сделать 0,102859 0,000029
себя 0,000000 0,000000
сегодня 0,194189 0,000222
сегоднянуть 2,167317 0,000619
сегодняшний 0,991226 0,000283
сейчас 0,070407 0,000040
секрет 0,690196 0,000197
семьдесят 0,000000 0,000000
сердце 0,095435 0,000082
серьёзно 0,419129 0,000479
сидеть 0,125925 0,000216
сидя 0,845098 0,000241
сие 0,611015 0,000174
сила 0,185046 0,000106
сказать 0,011981 0,000024
сказывать 1,213075 0,000346
сколько 0,280827 0,000080
скорее 0,514105 0,000147
скоро 0,298086 0,000085
славно 1,389166 0,000397
славный 1,167317 0,000666
сладострастие 1,264227 0,000361
следовать 0,544068 0,000155
слеза 0,275223 0,000079
слететь 1,213075 0,000346
слиться 1,565257 0,000447
слишком 0,133894 0,000076
слово 0,027438 0,000023
случиться 0,292256 0,000167
слушать 0,203530 0,000058
слышаться 0,963197 0,000275
смердяков 0,576253 0,000658
смех 0,443041 0,000126
смеяться 0,171682 0,000147
смиренно 1,167317 0,000333
смотреть 0,077412 0,000044
смысл 0,523865 0,000449
снять 0,704919 0,000201
собрание 1,088136 0,000311
собственный 0,264227 0,000151
совершенно 0,180546 0,000155
советовать 1,125925 0,000321
совпадение 1,468347 0,000419
современный 0,936868 0,000267
совсем 0,021189 0,000006
согласие 0,000000 0,000000
согласиться 0,396465 0,000113
создать 0,991226 0,001698
сознаться 0,769377 0,000220
сойтись 0,623249 0,001245
сомневаться 0,752344 0,000215
сопляк 2,167317 0,000619
сорок 0,845098 0,000241
сохранить 0,690196 0,000197
социализм 1,322219 0,000377
сочинение 1,468347 0,000419
спасать 1,088136 0,000311
спасти 0,468347 0,000134
сплошь 1,125925 0,000321
способность 0,805589 0,000230
справиться 0,991226 0,000283
спрашивать 0,232819 0,000066
спросить 0,114239 0,000098
старец 0,611015 0,000349
старик 0,303994 0,000347
старичок 0,912045 0,000260
старый 0,374926 0,000214
стать 0,002964 0,000007
стена 0,533849 0,000152
стоить 0,189594 0,000162
столетие 1,053374 0,000301
сторож 1,213075 0,000693
стоять 0,150284 0,000043
страдание 0,554533 0,000158
странно 0,354404 0,000101
страстный 0,963197 0,000275
страшно 0,434924 0,000124
стремиться 0,888564 0,000254
стук 1,053374 0,000301
существовать 0,635838 0,000545
сходиться 0,912045 0,000260
счастливый 0,451314 0,000129
счёт 0,623249 0,000356
съездить 1,322219 0,000377
сюда 0,232819 0,000066
также 0,000000 0,000000
таки 0,066947 0,000153
такой 0,002964 0,000016
твой 0,258832 0,000665
твёрдо 0,419129 0,000359
твёрдый 0,576253 0,000329
тезис 1,690196 0,000482
текст 0,000000 0,000000
тема 0,735954 0,000210
теперь 0,015029 0,000086
терпеть 0,866287 0,000247
тирада 1,468347 0,000419
тихий 0,544068 0,000155
товарищ 0,704919 0,000201
тогда 0,050046 0,000029
тоже 0,043466 0,000025
толковать 0,912045 0,000260
только 0,002964 0,000018
том 1,565257 0,000447
торжественно 0,888564 0,000254
тот 0,002964 0,000009
тотчас 0,046743 0,000013
точить 0,787106 0,000449
точно 0,121994 0,000070
трактир 0,720159 0,001234
трактирный 1,866287 0,000533
тревожный 0,866287 0,000247
три 0,303994 0,000174
тридцать 0,599116 0,001026
трогательный 1,389166 0,000397
трёхмесячный 2,167317 0,000619
туда 0,495219 0,000141
ты 0,133894 0,001452
тьфу 1,213075 0,000346
убедиться 0,623249 0,000178
убеждённый 0,635838 0,000363
убитый 0,866287 0,000247
уважать 0,523865 0,000150
увидать 0,434924 0,000248
увидеть 0,222835 0,000127
увидеться 1,213075 0,000346
угадать 0,599116 0,000171
угол 0,341243 0,000097
уголок 1,125925 0,000321
удивление 0,292256 0,000083
уезжать 0,912045 0,001041
уехать 0,459747 0,000394
ужас 0,468347 0,000134
ужасно 0,167317 0,000239
узнать 0,106619 0,000030
уйти 0,248239 0,000142
улыбка 0,374926 0,000214
улыбнуться 0,426955 0,000366
умерший 0,000000 0,000000
умиление 0,769377 0,000220
умирать 0,611015 0,000349
умно 1,264227 0,000361
упиться 1,565257 0,000447
урок 0,936868 0,000267
условие 0,936868 0,000267
успеть 0,203530 0,000058
устой 2,167317 0,000619
утоление 1,690196 0,000482
утро 0,347773 0,000099
утром 0,411442 0,000470
фанфаронить 1,468347 0,000419
философ 1,053374 0,000301
финал 1,264227 0,000361
франц 0,635838 0,000182
фёдор 0,434924 0,000248
фёдорович 0,150284 0,000043
хаос 1,468347 0,000419
хватить 0,912045 0,000521
ходить 0,213075 0,000061
хороший 0,077412 0,000110
хорошо 0,189594 0,000054
хотеть 0,033778 0,000125
хотеться 0,292256 0,000250
хоть 0,060107 0,000120
хотя 0,050046 0,000029
хохлаковый 0,690196 0,000197
целовать 0,635838 0,000182
целый 0,217927 0,000062
цель 0,361137 0,000103
центростремительный 2,167317 0,000619
чаемый 1,690196 0,000482
час 0,185046 0,000106
часто 0,292256 0,000167
часть 0,002964 0,000002
чахоточный 1,167317 0,000333
чей 0,000000 0,000000
человек 0,011981 0,000044
человечек 1,088136 0,000311
человеческий 0,565257 0,000807
человечество 0,866287 0,000247
черта 0,264227 0,000377
честный 0,735954 0,000210
честь 0,403889 0,000115
четвёртый 0,286504 0,000082
число 0,704919 0,000201
читаемый 2,167317 0,000619
читать 0,403889 0,000231
чрево 1,264227 0,000722
чтить 1,264227 0,000361
что 0,030597 0,000105
чтоб 0,073896 0,000042
чтобы 0,030597 0,000087
чувство 0,158717 0,000045
чувствовать 0,264227 0,000075
шампанское 0,936868 0,000535
шаров 2,167317 0,000619
ширма 1,389166 0,000793
шмыгать 2,167317 0,000619
штат 2,167317 0,000619
шутить 0,845098 0,000724
эвклида 2,167317 0,000619
эвклидов 2,167317 0,001237
эвклидовский 1,866287 0,001066
это 0,002964 0,000009
этот 0,002964 0,000007
я 0,024303 0,000160
явиться 0,298086 0,000170
ясный 0,623249 0,000178
