автор 0,000000 0,000000
авторский 0,000000 0,000000
аглая 0,662167 0,004983
аделаида 0,720159 0,000111
адрес 1,053374 0,000162
алексеевич 0,963197 0,000444
алексей 0,000000 0,000000
ангела 1,264227 0,000583
ардалионович 0,675956 0,001038
арифметика 1,690196 0,000260
ахать 1,866287 0,000287
барыня 0,704919 0,000108
барышня 0,912045 0,000981
бедный 0,328468 0,000050
бежать 0,434924 0,000067
безграничный 1,690196 0,000260
безумный 0,824895 0,000380
белоручка 1,866287 0,000573
бесконечный 0,824895 0,000127
беспокоить 0,735954 0,000226
беспокойный 0,824895 0,000127
беспокойство 0,514105 0,000079
беспредельный 1,389166 0,000213
беспрерывный 0,787106 0,000242
беспутный 1,389166 0,000427
бессвязный 1,389166 0,000213
бессознательность 2,167317 0,000333
библиотека 1,866287 0,000860
бить 0,769377 0,000118
биться 0,623249 0,000191
благо 1,264227 0,000194
благодарный 0,752344 0,000116
благородный 0,374926 0,000115
бледно 1,125925 0,000173
бледный 0,443041 0,000136
блеск 1,088136 0,000167
блеснуть 1,088136 0,000167
бог 0,154480 0,000047
богач 1,322219 0,000203
более 0,000000 0,000000
болезненный 0,611015 0,000188
болтливый 1,690196 0,000260
боль 0,690196 0,000318
больно 0,787106 0,000121
больной 0,258832 0,000119
большой 0,056728 0,000061
бояться 0,158717 0,000268
брат 0,060107 0,000009
братец 0,991226 0,000152
брать 0,486076 0,000149
бросить 0,269690 0,000166
броситься 0,258832 0,000159
брызнуть 1,389166 0,000213
будто 0,099131 0,000015
буквально 0,805589 0,000124
бурнусик 2,167317 0,000333
бывший 0,389166 0,000060
быстро 0,232819 0,000036
быть 0,000000 0,000000
ваз 1,468347 0,000226
ваза 1,565257 0,000481
варвар 1,468347 0,000451
варвара 0,845098 0,000130
варя 0,991226 0,000304
ваш 0,121994 0,000337
вдобавок 1,213075 0,000186
вдруг 0,005949 0,000013
ведь 0,043466 0,000047
велеть 0,576253 0,000177
великодушие 1,053374 0,000162
великолепный 0,824895 0,000127
вера 0,514105 0,000395
верить 0,180546 0,000194
верно 0,523865 0,000161
верный 0,495219 0,000076
вероятно 0,623249 0,000383
весь 0,002964 0,000005
весьма 0,243038 0,000075
вечер 0,322219 0,000247
вечером 0,533849 0,000082
взгляд 0,185046 0,000341
взглянуть 0,468347 0,000216
вздор 0,565257 0,000087
вздрогнуть 0,486076 0,000224
вздумать 0,720159 0,000111
взять 0,077412 0,000048
видеть 0,027438 0,000038
видимо 0,328468 0,000151
видно 0,504560 0,000155
визит 0,845098 0,000260
виноватый 0,328468 0,000151
влияние 0,991226 0,000152
вместе 0,208276 0,000064
вместо 0,411442 0,000063
вмешиваться 1,389166 0,000213
внести 1,264227 0,000194
внимание 0,504560 0,000155
внимательно 0,845098 0,000130
вовсе 0,150284 0,000023
вода 0,587534 0,000180
водить 1,468347 0,000226
возвращаться 0,704919 0,000217
возможно 0,735954 0,000226
возможность 0,587534 0,000090
возможный 0,845098 0,000130
вознаграждение 0,000000 0,000000
возражение 1,264227 0,000194
войти 0,137934 0,000148
волнение 0,361137 0,000055
вообразиться 1,389166 0,000213
вопрос 0,146128 0,000045
воротиться 0,303994 0,000047
восемь 0,735954 0,000113
воскликнуть 0,269690 0,000041
воспользоваться 1,125925 0,000346
воспоминание 0,635838 0,000098
восстановить 1,468347 0,000226
восторженный 0,963197 0,000148
восьмой 0,888564 0,000136
впереди 0,912045 0,000140
впечатление 0,389166 0,000060
вплоть 0,866287 0,000399
вправду 0,888564 0,000136
впрочем 0,118099 0,000200
впустить 1,088136 0,000167
время 0,018098 0,000028
вряд 0,963197 0,000296
всегда 0,129891 0,000040
вскочить 0,451314 0,000139
вскрикнуть 0,611015 0,000282
вскричать 0,253503 0,000156
вслух 0,533849 0,000082
вслушиваться 1,322219 0,000203
всплеснуть 0,787106 0,000121
вспомнить 0,434924 0,000200
вспыхнуть 0,805589 0,000495
вставать 0,576253 0,000089
встать 0,269690 0,000207
встревожиться 1,690196 0,000260
встретить 0,459747 0,000141
встреча 0,554533 0,000085
встречать 0,735954 0,000113
всякий 0,106619 0,000115
второй 0,217927 0,000033
вход 0,752344 0,000116
входящий 1,322219 0,000203
вчера 0,341243 0,000262
вчерашний 0,599116 0,000460
вчетвером 2,167317 0,000333
вы 0,232819 0,000215
выговаривать 0,963197 0,000148
выговорить 0,599116 0,000552
выдумать 0,648803 0,000100
вызов 0,866287 0,000266
выйти 0,063514 0,000088
вымолвить 1,088136 0,000334
вынести 0,486076 0,000075
выписать 1,264227 0,000194
выплата 0,000000 0,000000
выпрыгнуть 1,690196 0,000260
выпускать 1,088136 0,000334
выражение 0,514105 0,000316
выразить 0,599116 0,000092
выразиться 0,504560 0,000232
вырваться 0,565257 0,000087
высказать 0,523865 0,000080
выскакивать 1,389166 0,000213
выслушать 0,426955 0,000393
высокий 0,213075 0,000065
высокомерие 1,565257 0,000240
выспрашивать 1,866287 0,000287
выступить 1,264227 0,000194
выходить 0,258832 0,000040
гаврил 1,213075 0,000745
гаврила 0,752344 0,000347
ганечка 1,264227 0,001165
ганька 1,264227 0,000194
генерал 0,504560 0,000155
главное 0,185046 0,000028
главный 0,426955 0,000066
гладить 1,322219 0,000406
глаз 0,056728 0,000096
глубокий 0,477121 0,000073
глубоко 0,611015 0,000094
глупость 0,576253 0,000089
глупый 0,419129 0,000129
глядеть 0,243038 0,000187
гнать 1,125925 0,000173
гнев 0,544068 0,000084
гнилой 1,690196 0,000260
говорить 0,011981 0,000033
голова 0,114239 0,000070
головка 1,167317 0,000359
голос 0,208276 0,000064
гора 0,805589 0,000124
гораздо 0,443041 0,000136
гордость 0,587534 0,000090
гордый 0,576253 0,000266
горничная 1,088136 0,000334
господь 0,374926 0,000058
госпожа 0,648803 0,000199
гость 0,434924 0,000067
гостья 1,690196 0,000260
готовый 0,367977 0,000226
гром 0,912045 0,000140
громко 0,504560 0,000077
грудь 0,443041 0,000068
грустно 0,735954 0,000113
грустный 0,735954 0,000113
грусть 1,021189 0,000157
губа 0,411442 0,000190
гувернантка 1,322219 0,000203
гулять 0,963197 0,000296
давеча 0,232819 0,000072
давно 0,158717 0,000122
даже 0,005949 0,000026
далёкий 0,411442 0,000190
дама 0,434924 0,000067
дарья 1,125925 0,000519
дать 0,171682 0,000053
два 0,198834 0,000031
двенадцатый 0,690196 0,000212
дверь 0,258832 0,000278
движение 0,648803 0,000100
двор 0,523865 0,000161
двусмысленный 1,468347 0,000451
девица 0,648803 0,000299
девушка 0,533849 0,000164
девять 0,888564 0,000273
действительно 0,106619 0,000033
действительность 0,991226 0,000152
делать 0,194189 0,000089
дело 0,011981 0,000022
день 0,118099 0,000109
деревянный 0,787106 0,000121
дерзкий 1,125925 0,000346
десять 0,298086 0,000092
джентльмен 1,565257 0,000240
диван 0,648803 0,000498
дикий 0,720159 0,000111
дитя 0,888564 0,000136
доверчивость 1,213075 0,000186
доверчивый 1,213075 0,000559
довести 0,720159 0,000221
довольно 0,129891 0,000100
догадаться 0,554533 0,000256
дойти 0,389166 0,000060
доказательство 0,824895 0,000127
докашляться 2,167317 0,000333
долго 0,222835 0,000068
должный 0,099131 0,000091
дом 0,154480 0,000237
домой 0,459747 0,000353
дорога 0,275223 0,000169
досада 0,675956 0,000208
досадовать 1,565257 0,000240
достаться 0,888564 0,000136
достоевский 0,000000 0,000000
достояние 0,000000 0,000000
драгоценный 0,912045 0,000140
дрожать 0,426955 0,000066
друг 0,180546 0,000083
другой 0,008955 0,000015
дружба 0,805589 0,000124
дружелюбный 1,565257 0,000240
думать 0,060107 0,000148
дурак 0,611015 0,000188
дурной 0,611015 0,000094
душа 0,158717 0,000122
евгений 0,866287 0,000266
едва 0,554533 0,000511
единственно 0,477121 0,000073
единственный 0,648803 0,000100
епанчин 0,690196 0,000424
если 0,011981 0,000024
есть 0,018098 0,000014
жаловаться 0,805589 0,000124
жаль 0,635838 0,000684
ждать 0,142011 0,000109
желать 0,232819 0,000107
жениться 0,554533 0,000085
жених 0,824895 0,000127
женский 0,623249 0,000096
женщина 0,213075 0,000589
жест 0,787106 0,000121
жестокий 0,769377 0,000118
жизнь 0,084532 0,000039
жить 0,217927 0,000033
забежать 1,167317 0,000179
заблистать 1,690196 0,000260
забыть 0,125925 0,000039
завтрак 1,468347 0,000451
загадка 0,787106 0,000121
заговаривать 0,991226 0,000152
заговорить 0,334808 0,000103
загореться 0,912045 0,000140
загородить 1,866287 0,000287
задать 0,866287 0,000133
задача 0,866287 0,000133
задвижка 2,167317 0,000333
задеть 1,322219 0,000203
задрожать 0,866287 0,000266
задуматься 0,787106 0,000121
задушить 1,866287 0,000860
зазвучать 1,565257 0,000240
заигрывать 1,866287 0,000287
заика 2,167317 0,000333
зайти 0,554533 0,000170
закат 1,322219 0,000203
закашляться 1,690196 0,000260
заклад 0,824895 0,000253
заключение 0,787106 0,000121
заключить 0,347773 0,000053
закрыть 0,576253 0,000177
залиться 1,021189 0,000314
замараться 1,866287 0,000287
замереть 1,021189 0,000157
заметить 0,056728 0,000087
замечание 0,888564 0,000136
замешаться 1,690196 0,000260
заниматься 0,963197 0,000148
занять 0,991226 0,000152
запереть 0,735954 0,000113
запечься 2,167317 0,000333
записка 0,824895 0,000127
заплакать 0,599116 0,000184
запомнить 0,576253 0,000089
запрет 1,866287 0,000287
заранее 0,576253 0,000089
зардеться 1,690196 0,000260
засверкать 0,720159 0,000221
заслать 1,322219 0,000203
засмеяться 0,347773 0,000107
заснуть 0,769377 0,000118
застрелиться 1,053374 0,000162
затвориться 1,322219 0,000203
затем 0,237898 0,000073
зато 0,468347 0,000288
заходить 0,611015 0,000188
захотеть 0,316059 0,000097
зачем 0,146128 0,000202
заявление 1,565257 0,000240
заявлять 0,991226 0,000609
звук 1,053374 0,000162
здесь 0,095435 0,000029
здоровый 0,769377 0,000118
здоровье 0,704919 0,000433
зелёный 0,805589 0,000247
земля 0,298086 0,000046
злоба 0,523865 0,000080
зловещий 1,468347 0,000226
знать 0,002964 0,000018
значит 0,243038 0,000112
иванович 0,269690 0,000580
игра 0,787106 0,000121
идея 0,459747 0,000071
идиот 0,426955 0,000262
идти 0,180546 0,000111
известно 0,334808 0,000051
извинить 0,611015 0,000094
измучить 1,021189 0,000157
изнурённый 1,866287 0,000287
изобразиться 1,389166 0,000213
изумление 0,735954 0,000113
именно 0,066947 0,000031
иметь 0,118099 0,000054
иначе 0,367977 0,000057
иногда 0,208276 0,000096
иной 0,208276 0,000096
интерес 0,866287 0,000266
интересный 0,845098 0,000130
ипохондрия 1,565257 0,000240
ипполит 0,599116 0,000736
искажённый 1,565257 0,000481
исказиться 1,389166 0,000213
искренний 0,576253 0,000089
исповедь 0,845098 0,000130
использоваться 0,000000 0,000000
испуг 0,554533 0,000170
истерика 0,752344 0,000116
истерический 0,888564 0,000136
источник 1,565257 0,000240
каждодневно 1,866287 0,000287
казаться 0,063514 0,000176
каковой 0,576253 0,000177
какой 0,005949 0,000011
капля 1,053374 0,000162
капут 2,167317 0,000333
кашель 1,389166 0,000427
кинуть 1,389166 0,000427
китайский 1,322219 0,000203
кликнуть 1,088136 0,000167
книга 0,106619 0,000016
книжный 2,167317 0,000666
князь 0,443041 0,003742
когда 0,015029 0,000042
колебание 1,125925 0,000173
коли 0,269690 0,000207
коля 0,565257 0,000260
коляска 0,991226 0,000304
комар 0,000000 0,000000
комната 0,150284 0,000185
конечно 0,060107 0,000055
кончить 0,328468 0,000050
корабль 1,690196 0,000260
коротенький 1,167317 0,000179
который 0,002964 0,000003
крайний 0,292256 0,000269
краска 0,991226 0,000152
красный 0,611015 0,000188
крепиться 1,389166 0,000213
кресло 0,599116 0,000276
кривляние 1,866287 0,000287
крикнуть 0,292256 0,000135
кричать 0,303994 0,000047
кровь 0,389166 0,000060
кроме 0,158717 0,000073
кругом 0,419129 0,000064
кружиться 1,322219 0,000203
крыльцо 0,787106 0,000484
кто 0,114239 0,000070
куст 1,389166 0,000213
ласковый 0,991226 0,000152
лгать 0,599116 0,000092
лебедев 0,690196 0,000318
лев 1,021189 0,000157
лепет 1,866287 0,000287
либо 0,000000 0,000000
лизавета 0,623249 0,000479
литература 1,468347 0,000226
лихорадка 0,845098 0,000130
лихорадочно 1,468347 0,000226
лихорадочный 1,167317 0,000359
лицо 0,000000 0,000000
лично 0,720159 0,000332
личный 0,662167 0,000102
любить 0,066947 0,000123
любовь 0,334808 0,000051
любой 0,000000 0,000000
лёгкий 0,599116 0,000092
лёгонький 1,866287 0,000287
маленький 0,185046 0,000028
мало 0,208276 0,000032
малый 0,334808 0,000051
мальчик 0,411442 0,000063
мамаша 0,735954 0,000226
мамашин 1,690196 0,000260
маменька 0,824895 0,000127
мать 0,217927 0,000033
махнуть 0,888564 0,000136
машинально 1,053374 0,000162
мгновение 0,316059 0,000340
мгновенно 0,888564 0,000136
между 0,129891 0,000020
мера 0,217927 0,000268
местечко 1,565257 0,000240
место 0,099131 0,000076
мечтательный 1,690196 0,000260
мечтать 0,752344 0,000116
милость 0,845098 0,000130
мимо 0,514105 0,000158
минута 0,050046 0,000131
минутка 0,635838 0,000098
мировой 1,088136 0,000167
мнение 0,374926 0,000115
мнительность 1,053374 0,000162
много 0,080958 0,000099
можно 0,088136 0,000122
мой 0,077412 0,000095
мокрый 0,675956 0,000311
молодой 0,222835 0,000103
молча 0,367977 0,000057
молчаливо 1,866287 0,000287
молчание 0,662167 0,000102
молчать 0,248239 0,000076
мольба 1,322219 0,000203
момент 0,000000 0,000000
мочь 0,000000 0,000000
мрачный 0,662167 0,000102
муха 1,167317 0,000179
мучительный 0,623249 0,000287
мучить 0,419129 0,000064
мщение 1,088136 0,000167
мысль 0,114239 0,000070
наведаться 1,866287 0,000287
навеки 0,648803 0,000199
наверно 0,264227 0,000122
навестить 1,213075 0,000559
навсегда 0,735954 0,000452
навстречу 1,125925 0,000173
надменно 1,468347 0,000226
надо 0,036984 0,000023
назад 0,000000 0,000000
название 1,088136 0,000334
назначить 0,787106 0,000121
называть 0,477121 0,000073
наивный 1,125925 0,000173
найти 0,298086 0,000092
найтись 0,845098 0,000130
накануне 0,662167 0,000102
наконец 0,073896 0,000113
накрепко 1,690196 0,000779
накуролесить 2,167317 0,000333
намедни 1,167317 0,000179
намекать 0,866287 0,000266
намекнуть 1,389166 0,000213
написать 0,000000 0,000000
направиться 0,787106 0,000363
направляться 1,468347 0,000226
напрашиваться 1,322219 0,000203
например 0,298086 0,000046
напроситься 1,565257 0,000240
напротив 0,180546 0,000055
напрягать 1,690196 0,000260
нарочно 0,227798 0,000070
наскоро 0,888564 0,000273
наскочить 2,167317 0,000333
наслаждение 0,769377 0,000236
настасья 0,720159 0,003982
настолько 1,264227 0,000194
настоятельно 0,991226 0,000152
настоять 1,690196 0,000260
насчёт 0,354404 0,000109
наука 0,787106 0,000121
находить 0,576253 0,000089
находиться 0,514105 0,000158
начать 0,066947 0,000041
начаться 0,514105 0,000079
начинать 0,292256 0,000135
наш 0,118099 0,000036
невероятно 1,213075 0,000559
невольник 1,690196 0,000260
невольно 0,704919 0,000108
невыразимый 1,264227 0,000194
негодный 1,690196 0,000260
недавний 0,888564 0,000136
недавно 0,576253 0,000177
недалеко 0,912045 0,000140
недоверчиво 1,264227 0,000194
недостойный 0,866287 0,000133
недоумение 0,554533 0,000085
нежно 1,167317 0,000179
нежный 0,845098 0,000130
неизвестно 0,936868 0,000144
неизвестный 0,936868 0,000144
некоторый 0,154480 0,000024
неловко 1,125925 0,000173
нельзя 0,176091 0,000054
немного 0,426955 0,000066
немножко 1,021189 0,000157
ненавидеть 0,514105 0,000237
ненавистный 0,805589 0,000124
ненависть 0,623249 0,000191
неожиданный 0,419129 0,000129
неопределённо 1,213075 0,000186
непременно 0,133894 0,000041
несколько 0,095435 0,000044
несправедливый 0,888564 0,000136
нестерпимый 0,963197 0,000148
несчастие 0,690196 0,000212
несчастливый 1,866287 0,000287
несчастный 0,374926 0,000115
нетерпеливо 0,936868 0,000288
нетерпеливый 0,752344 0,000116
неужели 0,389166 0,000060
нечаянно 0,752344 0,000116
нечего 0,381987 0,000176
нибыть 0,030597 0,000038
никак 0,396465 0,000061
никакой 0,213075 0,000065
никогда 0,088136 0,000041
николаевич 0,704919 0,000217
никто 0,095435 0,000044
никуда 0,936868 0,000144
нитка 1,167317 0,000179
ничего 0,030597 0,000066
ничто 0,576253 0,000266
новость 1,468347 0,000226
новый 0,167317 0,000103
ночь 0,189594 0,000058
ночью 0,587534 0,000090
нравственный 0,690196 0,000106
нужда 1,213075 0,000186
нуждаться 0,704919 0,000217
нужно 0,514105 0,000079
нужный 0,477121 0,000073
оба 0,316059 0,000097
обдуманный 1,866287 0,000573
обед 0,690196 0,000212
обедать 0,963197 0,000296
обернуться 0,576253 0,000089
обеспечить 1,322219 0,000203
обещать 0,704919 0,000217
обида 0,720159 0,000332
обидно 1,053374 0,000162
обмануть 0,787106 0,000363
обнажённый 1,213075 0,000186
обнаружиться 1,021189 0,000157
ободрять 1,264227 0,000194
обозначиться 1,389166 0,000213
обойти 1,213075 0,000186
обольститель 1,468347 0,000226
оборваться 1,389166 0,000213
обрадоваться 0,611015 0,000094
образованный 1,690196 0,000260
обратиться 0,316059 0,000097
обращаться 0,451314 0,000139
обругать 1,468347 0,000226
обхватить 1,167317 0,000179
общественный 0,000000 0,000000
объедок 1,866287 0,001147
объявить 0,389166 0,000060
объяснение 0,599116 0,000184
объяснить 0,374926 0,000058
объясниться 0,824895 0,000127
объясняться 0,991226 0,000304
обыкновенный 0,565257 0,000087
обычай 1,053374 0,000162
овладеть 0,912045 0,000140
оглядеть 0,787106 0,000121
оглядываться 1,167317 0,000179
одежда 1,053374 0,000162
одетый 0,648803 0,000299
один 0,000000 0,000000
одинёшенек 1,690196 0,000260
однажды 0,635838 0,000098
однако 0,102859 0,000063
одышка 1,690196 0,000260
ожидание 0,662167 0,000305
ожидать 0,264227 0,000081
озлобиться 1,690196 0,000260
озлобление 1,389166 0,000213
озноб 1,322219 0,000203
окинуть 1,565257 0,000240
окно 0,381987 0,000059
окончание 1,264227 0,000194
окончательный 0,936868 0,000288
окошко 1,021189 0,000314
он 0,000000 0,000000
онеметь 2,167317 0,000333
они 0,275223 0,000127
опозорить 1,125925 0,000346
опомниться 0,888564 0,000136
оправлять 1,565257 0,000240
опубликовать 0,000000 0,000000
опять 0,027438 0,000051
оружие 1,021189 0,000157
осечься 1,389166 0,000427
оскорбить 0,599116 0,000092
ослышаться 1,690196 0,000260
осмелиться 0,769377 0,000118
осмотреться 1,125925 0,000173
особенно 0,129891 0,000020
особенный 0,389166 0,000060
осрамить 1,690196 0,000260
оставаться 0,280827 0,000043
оставить 0,203530 0,000156
остановить 0,565257 0,000174
остановиться 0,269690 0,000249
остаться 0,133894 0,000123
остроумный 1,468347 0,000226
отвернуться 0,912045 0,000280
ответ 0,322219 0,000148
ответить 0,121994 0,000206
отвечать 0,258832 0,000080
отвориться 0,936868 0,000144
отвращение 0,769377 0,000473
отдавать 0,787106 0,000121
отдать 0,381987 0,000059
отец 0,091770 0,000014
откланяться 1,468347 0,000226
открывать 0,963197 0,000148
открыть 0,635838 0,000195
откуда 0,514105 0,000079
отличать 1,866287 0,000287
отлучаться 1,690196 0,000260
отлучиться 1,213075 0,000186
отмахиваться 1,565257 0,000240
относительно 1,167317 0,000179
относиться 0,824895 0,000253
отнять 0,888564 0,000136
отомкнуть 1,866287 0,000287
отпираться 1,690196 0,000260
отправиться 0,611015 0,000094
отправляться 1,088136 0,000167
отпустить 0,845098 0,000130
отрезать 0,599116 0,000092
отрываться 1,053374 0,000324
отрывисто 1,389166 0,000640
отступиться 1,565257 0,000240
отсюда 0,805589 0,000124
оттого 0,675956 0,000208
отчаянный 0,963197 0,000148
отчий 0,554533 0,000085
отчётливо 1,690196 0,000519
отъехать 1,866287 0,000287
оформление 0,000000 0,000000
охать 1,389166 0,000213
очевидный 0,554533 0,000085
очень 0,024303 0,000037
очнуться 0,752344 0,000116
ошибаться 0,824895 0,000127
ошибиться 0,752344 0,000116
ощущать 0,735954 0,000113
ощущение 0,690196 0,000106
павлович 0,286504 0,000088
павловск 0,888564 0,000136
падать 0,787106 0,000121
падший 1,690196 0,000519
память 0,599116 0,000276
пансионерка 2,167317 0,000666
первый 0,018098 0,000031
перед 0,554533 0,000085
передать 0,381987 0,000176
перейти 0,000000 0,000000
перелом 1,866287 0,000287
переменить 0,845098 0,000130
переменять 1,322219 0,000203
перенести 0,704919 0,000108
переспросить 1,053374 0,000162
переулок 1,053374 0,000162
перхота 2,167317 0,000333
петербург 0,434924 0,000134
печальный 1,264227 0,000194
писать 0,419129 0,000257
письмо 0,434924 0,000868
плакать 0,328468 0,000151
плохой 0,533849 0,000082
побежать 0,468347 0,000216
побледнеть 0,544068 0,000084
повенчаться 1,866287 0,000287
поверить 0,347773 0,000160
поверьте 0,866287 0,000266
повечер 1,690196 0,000519
поглядеть 0,396465 0,000122
поговорить 0,805589 0,000124
погрузиться 1,565257 0,000240
погулять 1,565257 0,000240
подать 0,451314 0,000069
подборка 0,000000 0,000000
подвести 0,963197 0,000148
подвиг 0,769377 0,000118
подвигаться 1,389166 0,000213
поджидать 1,213075 0,000186
поди 1,125925 0,000173
подивиться 0,991226 0,000152
подле 0,419129 0,000129
подличать 1,690196 0,000519
поднять 0,396465 0,000122
подняться 0,443041 0,000136
подобный 0,533849 0,000082
подозревать 0,504560 0,000077
подойти 0,341243 0,000105
подробность 0,477121 0,000073
подруга 1,690196 0,000260
подскочить 0,991226 0,000152
подтвердить 0,544068 0,000251
подумать 0,185046 0,000085
подушка 0,611015 0,000094
подхватить 0,403889 0,000062
подходить 0,587534 0,000090
пожалеть 1,021189 0,000157
пожаловать 0,704919 0,000325
пожалуй 0,237898 0,000073
пожар 1,690196 0,000260
поздно 0,735954 0,000226
познакомиться 0,735954 0,000113
позор 0,720159 0,000332
пойти 0,080958 0,000075
показаться 0,334808 0,000103
покамест 0,866287 0,000266
покинуть 1,322219 0,000203
поклон 0,787106 0,000121
поклясться 1,053374 0,000162
покойник 1,053374 0,000324
покраснеть 0,504560 0,000232
полжизни 2,167317 0,000333
полный 0,253503 0,000039
половина 0,396465 0,000061
положение 0,459747 0,000353
положим 0,720159 0,000111
положить 0,403889 0,000062
полубред 1,866287 0,000287
полумёртвый 2,167317 0,000333
полуоглядываться 2,167317 0,000333
получить 0,309985 0,000095
полчаса 0,752344 0,000231
польза 0,675956 0,000104
полюбить 0,635838 0,000391
помалу 0,675956 0,000104
помереть 0,720159 0,000221
помешанный 0,769377 0,000118
поминутно 0,635838 0,000098
помнить 0,167317 0,000077
понадобиться 0,936868 0,000144
понимать 0,095435 0,000132
понять 0,106619 0,000180
поодаль 1,565257 0,000240
попасть 0,533849 0,000082
попробовать 0,866287 0,000133
попросить 0,426955 0,000131
попытка 1,167317 0,000179
поразить 0,243038 0,000149
порасспросить 2,167317 0,000333
порог 0,888564 0,000136
порыв 0,936868 0,000432
порывистый 1,468347 0,000226
посвятить 1,389166 0,000213
поселить 1,690196 0,000260
посетитель 0,991226 0,000304
посинеть 1,468347 0,000226
послать 0,309985 0,000190
после 0,084532 0,000104
последний 0,066947 0,000041
последовать 0,824895 0,000127
посмертно 0,000000 0,000000
посмотреть 0,213075 0,000164
поспеть 1,053374 0,000162
поспешить 0,704919 0,000217
поспешно 0,866287 0,000266
поспешность 1,167317 0,000359
посторожить 2,167317 0,000333
поступить 0,648803 0,000100
поступок 0,623249 0,000096
потерянный 0,912045 0,000140
потеряться 0,769377 0,000118
потешить 1,690196 0,000260
потихоньку 0,912045 0,000140
потом 0,084532 0,000078
потому 0,024303 0,000056
потрясный 1,213075 0,000186
потупить 1,213075 0,000186
походить 1,088136 0,000167
поцеловать 0,587534 0,000090
почему 0,099131 0,000046
почитать 0,866287 0,000133
почти 0,024303 0,000052
почувствовать 0,426955 0,000131
пошпионить 2,167317 0,000333
пощёчина 1,167317 0,000179
поэма 1,264227 0,000388
правда 0,088136 0,000068
право 0,176091 0,000108
правый 0,495219 0,000076
прачка 1,565257 0,000240
пред 0,030597 0,000038
предвзятый 1,866287 0,000287
предложить 0,623249 0,000191
предполагать 0,991226 0,000152
предположить 0,824895 0,000127
предпочтение 1,866287 0,000287
предсказывать 1,866287 0,000287
представить 0,286504 0,000176
представление 1,322219 0,000203
представляться 0,611015 0,000188
предупредить 0,769377 0,000236
предчувствие 0,912045 0,000140
предчувствовать 0,504560 0,000077
прежний 0,198834 0,000153
презирать 0,662167 0,000305
презрение 0,554533 0,000256
прибавить 0,162996 0,000175
привстать 1,021189 0,000314
пригласить 0,720159 0,000221
приглашать 0,991226 0,000152
приглашение 1,088136 0,000334
приготовить 0,675956 0,000104
приехать 0,309985 0,000048
прижизненный 0,000000 0,000000
признак 0,845098 0,000260
признание 0,824895 0,000127
призывать 1,125925 0,000173
прийти 0,095435 0,000176
приказание 1,167317 0,000359
приказывать 1,264227 0,000194
приковать 1,690196 0,000260
прикраса 1,866287 0,000287
примеривать 2,167317 0,000333
приметить 1,322219 0,000203
примечать 1,389166 0,000213
примолвить 1,866287 0,000287
принести 0,389166 0,000060
принимать 0,328468 0,000101
принять 0,180546 0,000028
припадок 0,544068 0,000251
припоминать 0,648803 0,000399
припомнить 0,533849 0,000164
прислать 0,403889 0,000062
прислужить 1,866287 0,000287
пристально 0,389166 0,000239
пристальный 1,125925 0,000173
приходить 0,243038 0,000112
причина 0,396465 0,000122
приятельский 1,866287 0,000287
приятно 0,805589 0,000124
приём 1,213075 0,000186
пробормотать 0,316059 0,000146
провинция 1,468347 0,000226
прогнать 0,704919 0,000108
проговорить 0,110412 0,000068
проговориться 1,125925 0,000173
программирование 0,000000 0,000000
прогулка 1,322219 0,000203
продлить 2,167317 0,000333
продолжать 0,125925 0,000058
продолжаться 0,704919 0,000108
произведение 0,000000 0,000000
произнести 0,280827 0,000086
произойти 0,258832 0,000040
происходить 0,523865 0,000080
пройти 0,000000 0,000000
проклятый 0,662167 0,000203
прокофиевич 0,704919 0,000541
прокричать 0,599116 0,000092
пролепетать 0,936868 0,000144
пролететь 1,264227 0,000194
пронзить 1,167317 0,000359
пророчествовать 1,690196 0,000260
просветлеть 1,565257 0,000240
просидеть 0,704919 0,000108
просить 0,150284 0,000092
проспать 1,322219 0,000203
простить 0,286504 0,000088
просто 0,232819 0,000250
простодушие 1,021189 0,000157
простодушный 0,690196 0,000212
простой 0,576253 0,000089
простота 1,167317 0,000179
против 0,389166 0,000060
противоположный 0,888564 0,000136
проходимый 2,167317 0,000333
проходить 0,576253 0,000177
прохрипеть 1,866287 0,000287
прочесть 0,443041 0,000136
прочитать 0,912045 0,000140
прочить 0,648803 0,000100
прочь 0,866287 0,000266
прошептать 0,587534 0,000090
прощальный 2,167317 0,000333
прощание 1,322219 0,000203
прощать 0,426955 0,000131
прощение 0,611015 0,000094
прыгать 1,468347 0,000226
прямо 0,118099 0,000145
прятаться 0,888564 0,000136
птицын 0,769377 0,000118
публикация 0,000000 0,000000
пугать 0,805589 0,000124
пустынный 1,468347 0,000226
путь 0,675956 0,000104
пуще 0,599116 0,000092
пышный 1,468347 0,000226
пятно 1,213075 0,000373
работать 0,845098 0,000260
равно 0,303994 0,000140
равный 1,053374 0,000162
раз 0,309985 0,000238
разве 0,146128 0,000090
развязать 1,565257 0,000240
разгадка 1,690196 0,000519
разговаривать 0,720159 0,000111
разговор 0,264227 0,000041
раздельно 1,213075 0,000186
раздражить 0,720159 0,000111
раздумать 1,468347 0,000226
раздумье 1,125925 0,000173
разный 0,565257 0,000174
разобрать 0,888564 0,000136
разом 0,389166 0,000060
разорвать 0,936868 0,000144
разрешение 0,000000 0,000000
разрешиться 1,322219 0,000203
разумеется 0,328468 0,000151
разъяснение 1,565257 0,000240
ранний 0,504560 0,000077
рано 0,787106 0,000242
рассеяться 2,167317 0,000333
рассказать 0,280827 0,000086
рассказывать 0,341243 0,000052
расслышать 1,167317 0,000179
рассмеяться 0,599116 0,000092
расспрашивать 0,824895 0,000253
расспрос 1,053374 0,000162
расстроить 0,845098 0,000130
расстройство 1,167317 0,000179
рассудить 0,675956 0,000104
расчёт 0,611015 0,000094
ребёнок 0,232819 0,000072
ревновать 1,021189 0,000157
резко 0,648803 0,000100
речь 0,486076 0,000149
решение 0,533849 0,000082
решимость 0,963197 0,000148
решительно 0,341243 0,000105
решительный 0,611015 0,000094
решить 0,232819 0,000072
решиться 0,341243 0,000052
робеть 1,167317 0,000179
ровно 0,533849 0,000328
рогожин 0,936868 0,000576
рогожина 0,648803 0,001594
род 0,419129 0,000129
рука 0,030597 0,000080
русский 0,411442 0,000063
ручка 0,769377 0,000236
садиться 0,486076 0,000149
сайт 0,000000 0,000000
сам 0,002964 0,000010
самолюбие 0,963197 0,000148
самый 0,018098 0,000017
сватать 1,866287 0,000287
сверкать 0,611015 0,000375
свет 0,176091 0,000054
светский 0,720159 0,000111
свидание 0,514105 0,001342
свидетель 0,459747 0,000071
свободно 0,000000 0,000000
свой 0,000000 0,000000
сделать 0,102859 0,000032
сдерживаться 1,468347 0,000226
себя 0,000000 0,000000
себялюбивый 2,167317 0,000333
сегодня 0,194189 0,000567
сегодняшний 0,991226 0,000152
сейчас 0,070407 0,000087
секунда 0,565257 0,000260
сель 1,389166 0,000427
семь 0,623249 0,000191
семьдесят 0,000000 0,000000
сердце 0,095435 0,000073
серьёзно 0,419129 0,000064
сестрица 1,167317 0,000179
сжать 0,963197 0,000148
сжигать 1,690196 0,000260
сидеть 0,125925 0,000097
сие 0,611015 0,000094
сила 0,185046 0,000171
сильно 0,292256 0,000045
сильный 0,269690 0,000166
сказать 0,011981 0,000040
скамейка 1,088136 0,000334
скандал 0,845098 0,000260
сквозь 0,936868 0,000144
сконфузиться 0,824895 0,000127
скорее 0,514105 0,000158
скоро 0,298086 0,000137
скорый 0,237898 0,000037
скрепиться 1,565257 0,000240
скрестить 1,565257 0,000240
скрывать 0,635838 0,000195
следить 0,623249 0,000096
следовать 0,544068 0,000084
слеза 0,275223 0,000085
слишком 0,133894 0,000308
словечко 0,704919 0,000217
слово 0,027438 0,000088
слуга 0,599116 0,000092
служить 0,544068 0,000167
случай 0,146128 0,000090
случиться 0,292256 0,000269
слушать 0,203530 0,000125
слышать 0,125925 0,000097
слышаться 0,963197 0,000148
слышный 0,845098 0,000260
смерть 0,374926 0,000058
сметь 0,389166 0,000179
смех 0,443041 0,000068
смешно 0,824895 0,000380
смешной 0,565257 0,000087
смеяться 0,171682 0,000185
смотреть 0,077412 0,000155
смутить 0,963197 0,000148
смутиться 0,805589 0,000124
смутный 1,167317 0,000179
смущение 0,752344 0,000116
смысл 0,523865 0,000080
сначала 0,434924 0,000067
сниться 0,991226 0,000152
сношение 1,021189 0,000157
собрание 1,088136 0,000167
собственно 0,565257 0,000174
собственный 0,264227 0,000041
совершенно 0,180546 0,000055
совет 0,662167 0,000102
совсем 0,021189 0,000016
согласие 0,000000 0,000000
согласиться 0,396465 0,000061
содрогание 1,322219 0,000203
сознавать 0,824895 0,000127
сойти 0,495219 0,000152
сокровище 1,389166 0,000213
солгать 0,824895 0,000127
соображать 0,963197 0,000148
сообщать 0,963197 0,000148
соперница 1,322219 0,000609
сопровождать 0,888564 0,000136
составлять 0,752344 0,000116
состояние 0,322219 0,000099
состоять 0,514105 0,000079
сострадание 0,787106 0,000242
сочинение 1,468347 0,000226
сочувствие 1,690196 0,000260
спасть 0,554533 0,000085
сплетник 1,322219 0,000609
спокойно 0,648803 0,000100
спокойный 0,576253 0,000089
способный 0,587534 0,000271
спохватиться 0,991226 0,000152
спрашивать 0,232819 0,000107
спросить 0,114239 0,000088
спустя 0,533849 0,000082
сражаться 2,167317 0,000666
средина 1,167317 0,000179
ссориться 1,125925 0,000346
стакан 1,088136 0,000167
становиться 0,389166 0,000060
старание 1,264227 0,000194
стараться 0,648803 0,000199
старик 0,303994 0,000047
старый 0,374926 0,000058
стать 0,002964 0,000008
степень 0,367977 0,000057
стих 0,735954 0,000113
стоить 0,189594 0,000116
столик 0,845098 0,000130
столько 0,443041 0,000136
сторона 0,110412 0,000034
стоять 0,150284 0,000069
страдание 0,554533 0,000170
странно 0,354404 0,000163
странность 0,963197 0,000148
странный 0,227798 0,000105
строго 0,576253 0,000089
струсить 1,021189 0,000314
ступать 0,587534 0,000090
стыдливый 1,213075 0,000186
судить 0,523865 0,000080
судиться 2,167317 0,000333
судьба 0,443041 0,000068
сумасшедший 0,554533 0,000256
сумасшествие 1,021189 0,000157
сухо 0,991226 0,000304
сухой 1,021189 0,000157
схватить 0,347773 0,000107
сходить 0,611015 0,000094
счастливый 0,451314 0,000139
считать 0,275223 0,000127
сюда 0,232819 0,000036
таиться 1,125925 0,000346
тайна 0,675956 0,000104
также 0,000000 0,000000
таки 0,066947 0,000072
таковой 0,451314 0,000139
такой 0,002964 0,000007
твой 0,258832 0,000080
твёрдо 0,419129 0,000129
твёрдый 0,576253 0,000089
театральный 1,690196 0,000260
текст 0,000000 0,000000
тело 0,720159 0,000221
теперешний 0,533849 0,000082
теперь 0,015029 0,000062
терраса 0,912045 0,000140
терять 0,720159 0,000221
тихо 0,354404 0,000218
тогда 0,050046 0,000038
тоже 0,043466 0,000040
толковать 0,912045 0,000140
только 0,002964 0,000010
том 1,565257 0,000240
торжество 0,912045 0,000140
торжествовать 0,824895 0,000127
торопиться 0,662167 0,000102
тоскливый 1,866287 0,000287
тосковать 1,021189 0,000157
тот 0,002964 0,000007
тотчас 0,046743 0,000043
тоцкий 1,088136 0,000334
точка 0,623249 0,000096
точно 0,121994 0,000150
точность 0,735954 0,000226
тревога 0,648803 0,000100
третий 0,154480 0,000024
труд 0,866287 0,000399
трудиться 1,264227 0,000194
тряпка 1,264227 0,000583
туда 0,495219 0,000380
тупой 1,468347 0,000226
тщеславие 1,167317 0,000359
тщеславный 1,322219 0,000203
ты 0,133894 0,000206
тягость 1,690196 0,000260
тяжёлый 0,662167 0,000305
убежать 0,565257 0,000260
убитый 0,866287 0,000133
уважать 0,523865 0,000080
уведомление 1,389166 0,000213
уверение 1,866287 0,000287
уверенный 0,611015 0,000375
уверить 0,599116 0,000092
уверять 0,411442 0,000063
увести 1,021189 0,000157
увидать 0,434924 0,000200
увидеть 0,222835 0,000103
увлечь 1,167317 0,000179
угадать 0,599116 0,000092
угадывать 1,167317 0,000179
уговаривать 0,963197 0,000296
угодный 0,504560 0,000077
угол 0,341243 0,000105
угрюмо 1,322219 0,000203
ударить 0,635838 0,000195
удержать 0,769377 0,000118
удержаться 0,888564 0,000136
удивительно 0,866287 0,000133
удивительный 0,735954 0,000113
удивиться 0,523865 0,000080
удивляться 0,544068 0,000418
удобный 1,053374 0,000162
удовольствие 0,486076 0,000299
удостовериться 1,322219 0,000203
уехать 0,459747 0,000071
ужас 0,468347 0,000216
ужасать 1,866287 0,000287
ужасно 0,167317 0,000154
ужасный 0,322219 0,000148
узнать 0,106619 0,000131
уйти 0,248239 0,000305
указывать 0,599116 0,000184
укорениться 2,167317 0,000333
улепётывать 1,866287 0,000287
улица 0,396465 0,000061
улучить 1,389166 0,000213
улыбаться 0,544068 0,000251
улыбка 0,374926 0,000173
улыбнуться 0,426955 0,000131
ум 0,720159 0,000111
умереть 0,269690 0,000083
умерший 0,000000 0,000000
умный 0,403889 0,000124
унизительно 1,468347 0,000226
унизить 0,936868 0,000144
упасть 0,495219 0,000228
упоминать 0,888564 0,000136
упор 0,963197 0,000148
упорно 0,866287 0,000133
упорный 1,167317 0,000179
упрекать 1,167317 0,000179
упрёк 1,125925 0,000346
урок 0,936868 0,000144
усиливать 1,565257 0,000240
усилие 0,845098 0,000260
условие 0,936868 0,000144
условиться 1,389166 0,000213
услуживать 1,866287 0,000287
усмехнуться 0,374926 0,000058
успеть 0,203530 0,000125
успокоить 0,824895 0,000253
усталый 1,322219 0,000203
устоять 1,389166 0,000213
устремиться 1,213075 0,000186
устроить 0,690196 0,000106
уступать 1,053374 0,000162
утащить 1,565257 0,000240
утешать 1,322219 0,000203
утро 0,347773 0,000107
уход 1,264227 0,000583
уходить 0,328468 0,000202
учтивость 1,565257 0,000240
факт 0,533849 0,000164
фантастический 0,912045 0,000280
фантастичный 2,167317 0,000333
фанфаронада 2,167317 0,000333
физический 1,213075 0,000186
филиппович 0,735954 0,004069
форма 0,991226 0,000457
фраза 0,805589 0,000124
фёдор 0,434924 0,000134
характер 0,374926 0,000058
хладнокровие 1,389166 0,000213
ходить 0,213075 0,000033
хороший 0,077412 0,000083
хорошо 0,189594 0,000233
хотеть 0,033778 0,000145
хоть 0,060107 0,000065
хотя 0,050046 0,000100
хохот 1,322219 0,000203
хохотать 0,824895 0,000127
хриплый 2,167317 0,000333
худо 1,053374 0,000162
цель 0,361137 0,000055
цинический 1,690196 0,000260
час 0,185046 0,000256
часть 0,002964 0,000001
часы 0,787106 0,000363
чахоточный 1,167317 0,000179
чей 0,000000 0,000000
человек 0,011981 0,000015
человеческий 0,565257 0,000174
через 0,258832 0,000080
черта 0,264227 0,000041
честной 0,587534 0,000361
честь 0,403889 0,000124
четверо 1,088136 0,000167
четверть 0,769377 0,000118
четвёртый 0,286504 0,000088
число 0,704919 0,000108
чисто 1,213075 0,000373
читаемый 2,167317 0,000333
читать 0,403889 0,000124
член 0,752344 0,000116
чрез 0,275223 0,000169
что 0,030597 0,000080
чтоб 0,073896 0,000102
чтобы 0,030597 0,000038
чувство 0,158717 0,000098
чувствовать 0,264227 0,000041
чужое 1,125925 0,000173
чужой 0,662167 0,000102
чуть 0,176091 0,000081
чёрный 0,504560 0,000077
шевелиться 1,213075 0,000186
шкапчик 1,690196 0,000260
шляпа 0,769377 0,000236
шпионить 1,389166 0,000213
щека 0,623249 0,000287
этак 0,690196 0,000106
это 0,002964 0,000009
этот 0,002964 0,000012
эффект 1,021189 0,000157
юноша 0,912045 0,000140
я 0,024303 0,000134
явиться 0,298086 0,000137
являться 0,675956 0,000208
ядовитый 1,468347 0,000451
язвительный 1,125925 0,000173
язык 0,611015 0,000094
яркий 1,264227 0,000583
ясно 0,354404 0,000218
