автор 0,000000 0,000000
авторский 0,000000 0,000000
аграфена 0,912045 0,002176
азартный 1,690196 0,000403
александрович 0,504560 0,001204
алексей 0,000000 0,000000
алеш 0,328468 0,000392
ангел 0,720159 0,000172
ахинея 1,389166 0,000663
барин 0,787106 0,000376
барыня 0,704919 0,000168
батюшка 0,635838 0,000152
без 0,599116 0,000143
беспокоить 0,735954 0,000351
беспокойство 0,514105 0,000123
беспорядок 0,787106 0,000188
беспременно 1,322219 0,000315
бестолковость 1,866287 0,000445
библиотека 1,866287 0,001336
бить 0,769377 0,000184
благополучно 1,690196 0,000403
блажной 2,167317 0,000517
бледнеть 1,322219 0,000315
близкий 0,477121 0,000114
близко 0,888564 0,000424
более 0,000000 0,000000
болезнь 0,434924 0,000208
болеть 0,845098 0,000202
больной 0,258832 0,000062
больший 0,248239 0,000118
большой 0,056728 0,000095
ботинок 1,866287 0,000445
бояться 0,158717 0,000151
брат 0,060107 0,000086
братец 0,991226 0,000709
брать 0,486076 0,000116
брезгливый 1,088136 0,000260
бровь 1,053374 0,000251
бросить 0,269690 0,000064
броситься 0,258832 0,000062
будто 0,099131 0,000024
бульонщик 1,565257 0,000373
бывший 0,389166 0,000093
быстро 0,232819 0,000167
быть 0,000000 0,000000
василиевич 1,167317 0,001671
ваш 0,121994 0,000116
ввязаться 1,088136 0,000519
ввязываться 1,565257 0,000373
вдвоём 1,322219 0,000315
вдруг 0,005949 0,000034
ведь 0,043466 0,000052
великий 0,341243 0,000163
верно 0,523865 0,000375
верный 0,495219 0,000118
весело 0,648803 0,000155
весь 0,002964 0,000006
весьма 0,243038 0,000116
вечер 0,322219 0,000077
вечерний 1,213075 0,000289
вещь 0,411442 0,000098
взбить 1,866287 0,000445
взгляд 0,185046 0,000088
взглянуть 0,468347 0,000223
вздор 0,565257 0,000135
вздохнуть 0,866287 0,000207
вздрогнуть 0,486076 0,000116
взямшить 1,866287 0,000445
взять 0,077412 0,000018
вид 0,150284 0,000036
видеть 0,027438 0,000026
видимо 0,328468 0,000157
визит 0,845098 0,000202
виноватый 0,328468 0,000157
височек 1,389166 0,000331
вместо 0,411442 0,000098
вмиг 1,264227 0,000302
вначале 0,936868 0,000223
внезапно 0,623249 0,000149
внезапный 0,533849 0,000127
внешний 1,322219 0,000315
внимание 0,504560 0,000120
вновь 0,720159 0,000172
вовремя 1,167317 0,000278
вовсе 0,150284 0,000179
возвращаться 0,704919 0,000168
возвысить 1,468347 0,000350
воздух 0,845098 0,000202
вознаграждение 0,000000 0,000000
возражать 0,963197 0,000230
войти 0,137934 0,000132
волнение 0,361137 0,000086
вонзиться 1,866287 0,000445
вопрос 0,146128 0,000070
ворота 0,720159 0,000344
воспользоваться 1,125925 0,000269
вперёд 0,426955 0,000204
впиться 1,053374 0,000251
вплоть 0,866287 0,000207
впоследствии 0,662167 0,000158
время 0,018098 0,000026
вроде 0,662167 0,000316
врываться 2,167317 0,000517
вряд 0,963197 0,000230
всегда 0,129891 0,000217
вселенная 1,389166 0,000331
вселить 1,690196 0,000403
всеять 0,888564 0,000212
вскинуть 0,991226 0,000236
вскинуться 0,866287 0,000207
вскричать 0,253503 0,000060
вслух 0,533849 0,000127
вспомнить 0,434924 0,000104
вспухнуть 1,690196 0,000403
вставать 0,576253 0,000137
встать 0,269690 0,000322
встреча 0,554533 0,000132
вступить 0,675956 0,000161
всякий 0,106619 0,000102
всячески 1,866287 0,000445
втолкнуть 2,167317 0,000517
второй 0,217927 0,000156
вчера 0,341243 0,000163
вчерашний 0,599116 0,000286
вы 0,232819 0,000056
выговаривать 0,963197 0,000230
выговорить 0,599116 0,000143
вызвать 0,824895 0,000394
выйти 0,063514 0,000015
выказывать 1,125925 0,000269
выказываться 1,866287 0,000445
вынести 0,486076 0,000116
выпивать 1,866287 0,000445
выпить 0,704919 0,000168
выплата 0,000000 0,000000
выразить 0,599116 0,000143
вырваться 0,565257 0,000135
высказаться 0,936868 0,000223
выспрашивать 1,866287 0,000445
выставить 0,845098 0,000403
вытянуться 1,468347 0,000350
выходить 0,258832 0,000370
герценштуба 1,088136 0,000260
главное 0,185046 0,000132
глаз 0,056728 0,000068
глазок 0,805589 0,000577
глупый 0,419129 0,000200
глядеть 0,243038 0,000232
гнев 0,544068 0,000130
гневливый 1,213075 0,000289
гнусно 1,690196 0,000403
говорить 0,011981 0,000060
голова 0,114239 0,000055
голос 0,208276 0,000149
голыш 1,690196 0,000403
гораздо 0,443041 0,000106
горячее 1,125925 0,000269
горячий 0,523865 0,000125
госпожа 0,648803 0,000155
готовиться 0,845098 0,000202
грабить 1,866287 0,000890
гребешок 1,866287 0,000445
григорий 0,648803 0,001238
грозно 0,888564 0,000636
громко 0,504560 0,000120
грубость 1,322219 0,000315
грушенек 0,787106 0,000188
грушенька 0,544068 0,000260
губа 0,411442 0,000098
давать 0,253503 0,000060
давеча 0,232819 0,000111
даже 0,005949 0,000026
далёкий 0,411442 0,000393
дать 0,171682 0,000082
дверь 0,258832 0,000185
двигаться 1,167317 0,000278
двор 0,523865 0,000125
дежурить 1,468347 0,000350
действительно 0,106619 0,000051
дело 0,011981 0,000026
день 0,118099 0,000254
деньга 0,185046 0,000132
держать 0,403889 0,000096
дескать 0,419129 0,000700
дивиться 0,787106 0,000188
диво 1,866287 0,000445
длинно 1,322219 0,000315
длинный 0,495219 0,000473
дмитрий 0,396465 0,001702
добиться 1,053374 0,000251
догадаться 0,554533 0,000529
дойти 0,389166 0,000093
доктор 0,554533 0,000132
долгий 0,720159 0,000172
долго 0,222835 0,000106
должный 0,099131 0,000118
доложить 1,021189 0,000487
дом 0,154480 0,000184
домой 0,459747 0,000110
донести 1,264227 0,000302
доносить 1,468347 0,000350
допустить 0,635838 0,000152
досада 0,675956 0,000484
досадный 1,167317 0,000278
достигнуть 0,662167 0,000158
достоевский 0,000000 0,000000
достояние 0,000000 0,000000
досуха 2,167317 0,000517
дрогнуть 1,389166 0,000331
другой 0,008955 0,000017
дрянный 1,125925 0,000269
думать 0,060107 0,000057
дурак 0,611015 0,000292
дух 0,486076 0,000116
душа 0,158717 0,000151
единый 0,611015 0,000146
если 0,011981 0,000051
есть 0,018098 0,000039
ехать 0,587534 0,000280
жалеть 0,805589 0,000384
жалеючить 1,866287 0,000445
ждать 0,142011 0,000136
желание 0,514105 0,000245
желать 0,232819 0,000111
желаться 1,565257 0,000373
жеманно 2,167317 0,000517
жениться 0,554533 0,000132
жест 0,787106 0,000188
живить 1,389166 0,000331
жизнь 0,084532 0,000081
забытый 1,389166 0,000663
завещание 1,088136 0,000260
зависеть 0,888564 0,000212
завопить 0,769377 0,000184
завтра 0,298086 0,000711
заговорить 0,334808 0,000080
зад 1,213075 0,000289
задавать 0,912045 0,000218
закинуть 1,322219 0,000315
заключить 0,347773 0,000083
закусить 1,690196 0,000403
заметить 0,056728 0,000014
замечательный 0,675956 0,000161
замечать 0,554533 0,000265
запереться 1,213075 0,000579
запечатать 1,213075 0,000289
запираться 1,264227 0,000302
заранее 0,576253 0,000275
засмеяться 0,347773 0,000166
заставить 0,735954 0,000176
затем 0,237898 0,000114
затея 1,866287 0,000445
затрястись 0,963197 0,000230
захотеть 0,316059 0,000528
зачать 1,565257 0,000373
зачем 0,146128 0,000418
зачесать 1,690196 0,000403
звать 0,419129 0,000100
звезда 1,053374 0,000754
здешний 0,611015 0,000146
здоровый 0,769377 0,000184
земля 0,298086 0,000071
злоба 0,523865 0,000750
злобный 0,635838 0,000152
знак 0,565257 0,001348
знать 0,002964 0,000013
иван 0,232819 0,002610
игнатиевич 1,021189 0,001218
играть 0,599116 0,000143
идиот 0,426955 0,000102
идти 0,180546 0,000043
известить 1,264227 0,000603
известно 0,334808 0,000240
известный 0,347773 0,000249
изволить 0,477121 0,000341
изъяснить 1,389166 0,000331
именно 0,066947 0,000032
иметь 0,118099 0,000085
инквизитор 1,565257 0,000373
иногда 0,208276 0,000050
иной 0,208276 0,000149
искать 0,411442 0,000098
испитой 1,468347 0,000350
исполнить 0,648803 0,000155
использоваться 0,000000 0,000000
исступление 0,565257 0,000135
исступлённый 0,805589 0,000192
история 0,495219 0,000118
источник 1,565257 0,000373
ихний 0,963197 0,000919
каждый 0,137934 0,000263
казаться 0,063514 0,000015
каковой 0,576253 0,000137
какой 0,005949 0,000021
калитка 1,125925 0,001343
капитал 0,912045 0,000218
карамазов 0,180546 0,000172
касательно 1,690196 0,000403
качнуться 1,866287 0,000445
книга 0,106619 0,000102
когда 0,015029 0,000043
коли 0,269690 0,000064
коль 0,720159 0,000172
комар 0,000000 0,000000
комната 0,150284 0,000072
компания 0,611015 0,000146
конверт 1,088136 0,000260
конец 0,213075 0,000051
конечно 0,060107 0,000043
копошиться 1,565257 0,000373
косвенный 2,167317 0,000517
который 0,002964 0,000002
крайний 0,292256 0,000139
крайность 1,264227 0,000603
крепкий 0,787106 0,000376
крепко 0,443041 0,000106
крикнуть 0,292256 0,000070
круто 1,322219 0,000315
крюк 1,565257 0,000373
кто 0,114239 0,000027
кулак 0,752344 0,000179
купец 0,720159 0,000172
лазя 2,167317 0,000517
лакей 0,704919 0,000336
лакированный 1,866287 0,000445
левый 0,704919 0,000673
лежать 0,243038 0,000174
лекарство 1,322219 0,000315
ленточка 1,264227 0,000302
лечение 1,125925 0,000269
лечить 1,213075 0,000579
либо 0,000000 0,000000
литература 1,468347 0,000350
лицо 0,000000 0,000000
личарда 1,866287 0,000445
лишить 1,213075 0,000289
лишь 0,185046 0,000177
луна 1,468347 0,001051
любой 0,000000 0,000000
любопытно 0,845098 0,000202
любопытный 0,648803 0,000310
любопытство 0,361137 0,000172
лёд 1,389166 0,000331
маленький 0,185046 0,000044
малое 0,963197 0,000230
малый 0,334808 0,000080
марфа 0,912045 0,001088
мгновение 0,316059 0,000302
мгновенно 0,888564 0,000212
между 0,129891 0,000062
мера 0,217927 0,000156
мерзавец 1,389166 0,000331
место 0,099131 0,000071
мигать 1,866287 0,000445
мимо 0,514105 0,000123
минута 0,050046 0,000096
митька 1,322219 0,000315
мнительность 1,053374 0,000251
много 0,080958 0,000019
многое 0,443041 0,000211
можно 0,088136 0,000021
мой 0,077412 0,000074
молитва 0,888564 0,000212
молодой 0,222835 0,000159
молча 0,367977 0,000176
молчание 0,662167 0,000158
молчать 0,248239 0,000118
момент 0,000000 0,000000
москва 0,468347 0,000335
мочить 1,565257 0,000373
мочь 0,000000 0,000000
мрачный 0,662167 0,000158
муха 1,167317 0,000278
мучительск 2,167317 0,000517
мучить 0,419129 0,000300
мучиться 0,623249 0,000149
мысль 0,114239 0,000082
наверно 0,264227 0,000189
наверх 0,888564 0,000212
нагородить 1,866287 0,000445
надеяться 0,434924 0,000208
надо 0,036984 0,000035
надобность 1,213075 0,000289
надобный 0,866287 0,000207
надоть 1,389166 0,000331
надписать 2,167317 0,000517
надуманный 1,866287 0,000445
назад 0,000000 0,000000
название 1,088136 0,000260
найти 0,298086 0,000142
накинуться 1,125925 0,000269
наконец 0,073896 0,000141
намереваться 1,213075 0,000289
намерение 0,514105 0,000123
намерить 0,805589 0,000192
напасть 1,322219 0,000315
напирать 1,565257 0,000373
написать 0,000000 0,000000
напротив 0,180546 0,000043
нарастать 1,213075 0,000868
нарочно 0,227798 0,000109
наружу 1,322219 0,000631
настаивать 0,565257 0,000135
настой 1,468347 0,000350
настойка 1,866287 0,000445
настоящий 0,309985 0,000074
наступить 0,845098 0,000202
наука 0,787106 0,000188
наутро 0,991226 0,000236
нахмурить 1,088136 0,000260
начало 0,243038 0,000116
начать 0,066947 0,000080
начаться 0,514105 0,000368
небрежность 1,468347 0,000350
неведомый 1,322219 0,000631
невежливый 1,690196 0,000403
невзлюбить 1,565257 0,000373
негодный 1,690196 0,000403
негодяй 1,322219 0,000631
недоумение 0,554533 0,000132
некотора 1,167317 0,000278
некоторый 0,154480 0,000111
нелепый 0,845098 0,000202
нелогичность 2,167317 0,000517
нельзя 0,176091 0,000126
ненавидеть 0,514105 0,000123
ненависть 0,623249 0,000297
необъятный 1,468347 0,000350
неожиданно 0,523865 0,000250
неопытность 1,690196 0,000403
неотвязно 1,866287 0,000445
непонятный 1,053374 0,000251
непременно 0,133894 0,000064
несколько 0,095435 0,000091
несомненно 0,704919 0,000168
нестерпимый 0,963197 0,000460
нетерпение 0,554533 0,000132
неторопливо 1,690196 0,000403
нетрудно 2,167317 0,000517
неужели 0,389166 0,000093
неурядица 2,167317 0,000517
нечто 0,389166 0,000093
неясный 1,088136 0,000779
нибыть 0,030597 0,000044
никак 0,396465 0,000189
никогда 0,088136 0,000021
никой 1,866287 0,000445
никуда 0,936868 0,000223
нисколько 0,662167 0,000158
ничего 0,030597 0,000036
новый 0,167317 0,000080
нога 0,213075 0,000152
ножка 0,912045 0,000435
носочек 2,167317 0,001034
ночевать 0,936868 0,000223
ночь 0,189594 0,000181
ночью 0,587534 0,000140
нужный 0,477121 0,000341
оба 0,316059 0,000226
обвязать 1,322219 0,000315
обеспокоить 1,088136 0,000519
обладать 1,264227 0,000302
обличаться 2,167317 0,000517
обманывать 0,991226 0,000473
обождать 1,690196 0,000403
обостриться 1,565257 0,000373
образ 0,243038 0,000116
обходить 1,322219 0,000315
общественный 0,000000 0,000000
объяснить 0,374926 0,000179
объяснять 0,936868 0,000223
обыкновенно 0,720159 0,000172
обязать 0,936868 0,000223
один 0,000000 0,000000
одинаково 1,690196 0,000403
одинокий 1,389166 0,000331
однако 0,102859 0,000147
ожидание 0,662167 0,000316
ожидать 0,264227 0,000063
озариться 1,866287 0,000445
озлить 1,866287 0,000445
означать 1,021189 0,000244
окликать 2,167317 0,001034
окно 0,381987 0,000091
около 0,443041 0,000106
окончательно 0,565257 0,000135
окромя 1,690196 0,000403
он 0,000000 0,000000
они 0,275223 0,000263
определить 0,866287 0,001033
опротиветь 2,167317 0,000517
опубликовать 0,000000 0,000000
опустить 0,752344 0,000179
опытный 1,167317 0,000278
опять 0,027438 0,000085
оригинальный 0,936868 0,000223
оружие 1,021189 0,000244
осведомиться 0,805589 0,000192
оскорбить 0,599116 0,000143
осмелиться 0,769377 0,000184
особенно 0,129891 0,000031
особенный 0,389166 0,000279
особый 0,565257 0,000135
оставаться 0,280827 0,000067
оставлять 0,533849 0,000127
остальной 0,367977 0,000088
остановиться 0,269690 0,000257
остаться 0,133894 0,000064
ответ 0,322219 0,000077
ответить 0,121994 0,000029
ответный 1,468347 0,000350
отвратительный 1,053374 0,000251
отвращение 0,769377 0,001101
отделываться 1,866287 0,000445
отдёрнуться 1,866287 0,000445
отец 0,091770 0,000044
откровенность 0,991226 0,000236
открытый 1,125925 0,000269
отменно 1,565257 0,000373
отниматься 2,167317 0,000517
отпереть 0,805589 0,000769
отписать 1,322219 0,000315
отпрыгнуть 1,866287 0,000445
отрывисто 1,389166 0,000331
отстранить 1,866287 0,000445
отсюда 0,805589 0,000384
оттого 0,675956 0,000161
отчаянный 0,963197 0,000230
отчий 0,554533 0,000132
отчётливость 2,167317 0,000517
оформление 0,000000 0,000000
очевидный 0,554533 0,000132
очень 0,024303 0,000052
очённо 1,322219 0,001262
ощущение 0,690196 0,000329
павлович 0,286504 0,000547
падучий 0,936868 0,001564
память 0,599116 0,000143
паралич 1,690196 0,000403
педантский 1,866287 0,000445
первый 0,018098 0,000022
перебить 0,486076 0,000116
перевести 0,888564 0,000212
переводить 1,125925 0,000269
переговорить 0,936868 0,000223
передать 0,381987 0,000182
перейти 0,000000 0,000000
перекоситься 1,167317 0,000557
переносить 0,936868 0,000223
переспросить 1,053374 0,000251
перестать 0,411442 0,000098
переходить 0,991226 0,000473
печать 1,264227 0,000302
платок 0,675956 0,000161
плести 1,866287 0,000445
побрать 2,167317 0,001034
повернуть 1,088136 0,000519
повернуться 0,495219 0,000236
поглядеть 0,396465 0,000095
поговорить 0,805589 0,000192
погреб 1,264227 0,000603
подбежать 1,167317 0,000278
подборка 0,000000 0,000000
подвести 0,963197 0,000460
подводить 1,322219 0,000315
подивиться 0,991226 0,000236
поднять 0,396465 0,000095
подобострастный 1,565257 0,000373
подписать 1,213075 0,000289
подумать 0,185046 0,000044
подуматься 1,213075 0,000289
подхватить 0,403889 0,000096
поехать 0,576253 0,000137
пожалуй 0,237898 0,000114
позабыться 1,866287 0,000445
позволять 0,866287 0,000207
поздний 0,963197 0,000230
поигрывать 2,167317 0,000517
поймать 0,824895 0,000197
пойти 0,080958 0,000097
пока 0,213075 0,000152
показаться 0,334808 0,000080
покраснеть 0,504560 0,000241
полагать 0,720159 0,000172
полететь 1,021189 0,000244
полночь 1,322219 0,000946
полный 0,253503 0,000121
положение 0,459747 0,000110
полотенце 1,322219 0,000315
полуночь 1,690196 0,000403
полчаса 0,752344 0,000179
помереть 0,720159 0,000344
помешанный 0,769377 0,000184
помолчать 0,648803 0,000464
помочь 0,587534 0,000140
понадобиться 0,936868 0,000223
поневоле 1,167317 0,000278
понимать 0,095435 0,000091
понравиться 0,533849 0,000127
понять 0,106619 0,000127
попробовать 0,866287 0,000207
порвать 1,322219 0,000315
порог 0,888564 0,000212
посетитель 0,991226 0,000473
послать 0,309985 0,000074
после 0,084532 0,000081
последний 0,066947 0,000096
посмертно 0,000000 0,000000
посметь 0,936868 0,000447
посмотреть 0,213075 0,000102
пособить 2,167317 0,000517
поставить 0,451314 0,000108
поставиться 2,167317 0,000517
постоянно 0,824895 0,000394
постучамшить 2,167317 0,000517
постучать 1,565257 0,000373
постыдиться 1,213075 0,000289
посылать 0,787106 0,000188
потеряться 0,769377 0,000184
потихоньку 0,912045 0,000653
потом 0,084532 0,000141
потому 0,024303 0,000046
поутру 0,845098 0,000202
похоже 0,845098 0,000202
почему 0,099131 0,000118
почивать 1,565257 0,000373
почти 0,024303 0,000041
почтительно 1,053374 0,000251
появиться 0,662167 0,000158
поясница 1,468347 0,000350
правда 0,088136 0,000021
право 0,176091 0,000042
правый 0,495219 0,000473
пред 0,030597 0,000036
предмет 0,611015 0,000437
представляться 0,611015 0,000146
предузнать 1,690196 0,000806
предупредить 0,769377 0,000184
предчувствие 0,912045 0,000218
предчувствовать 0,504560 0,000120
прежде 0,077412 0,000074
пресечься 1,213075 0,000289
прибавить 0,162996 0,000078
приближение 1,565257 0,000373
привести 0,576253 0,000137
привлечь 1,264227 0,000302
приготовить 0,675956 0,000161
приготовиться 0,936868 0,000223
приехать 0,309985 0,000074
прижизненный 0,000000 0,000000
признаться 0,443041 0,000106
прийти 0,095435 0,000637
прийтись 0,565257 0,000135
приказание 1,167317 0,000278
прикладывать 1,322219 0,000315
приключиться 1,125925 0,000269
пример 0,936868 0,000223
примерно 0,963197 0,000460
принять 0,180546 0,000043
припадок 0,544068 0,000260
прислать 0,403889 0,000193
приставать 0,963197 0,000230
приставить 1,468347 0,000350
пристально 0,389166 0,000279
пристальный 1,125925 0,000269
притвориться 1,322219 0,000631
притом 0,769377 0,000367
приучить 1,468347 0,000350
приходить 0,243038 0,000058
причина 0,396465 0,000189
прищурить 1,565257 0,000747
пробормотать 0,316059 0,000151
проглядеть 2,167317 0,000517
проговорить 0,110412 0,000184
прогонный 2,167317 0,000517
программирование 0,000000 0,000000
продолжать 0,125925 0,000150
продолжаться 0,704919 0,000336
произведение 0,000000 0,000000
произнести 0,280827 0,000201
произойти 0,258832 0,000185
происходить 0,523865 0,000125
пройти 0,000000 0,000000
прокричать 0,599116 0,000143
промолчать 1,021189 0,000244
пропустить 0,845098 0,000202
проснуться 0,735954 0,000527
против 0,389166 0,000093
противно 1,468347 0,000350
противный 1,088136 0,000260
прохлаждаться 2,167317 0,000517
проходить 0,576253 0,000137
процесс 1,167317 0,000278
проч 0,662167 0,000316
прочь 0,866287 0,000207
прощание 1,322219 0,000315
прямо 0,118099 0,000056
прямой 0,675956 0,000161
публикация 0,000000 0,000000
пускай 1,565257 0,000373
пустить 0,735954 0,000702
пустой 0,690196 0,000165
путь 0,675956 0,000161
пуще 0,599116 0,000143
пьющий 2,167317 0,000517
пятнадцать 0,752344 0,000179
пятый 0,787106 0,000376
пять 0,222835 0,000053
раболепие 2,167317 0,000517
раз 0,309985 0,000444
разве 0,146128 0,000139
разговор 0,264227 0,000378
раздельно 1,213075 0,000579
раздражать 0,936868 0,000223
раздражаться 1,264227 0,000302
раздражительный 0,587534 0,000420
раздражить 0,720159 0,000344
разом 0,389166 0,000093
разрешение 0,000000 0,000000
разум 1,389166 0,000331
разъяснять 1,389166 0,000331
ранний 0,504560 0,000120
рано 0,787106 0,000376
распоряжение 1,088136 0,000260
рассердиться 0,523865 0,000250
рассказ 0,477121 0,000114
расспрос 1,053374 0,000251
расстаться 0,936868 0,000447
рассудительно 1,690196 0,000403
рассудить 0,675956 0,000322
рассуждать 0,752344 0,000179
расхвораться 1,565257 0,000373
расчёт 0,611015 0,000146
ребячество 2,167317 0,000517
редкий 0,824895 0,000197
робкий 0,824895 0,000197
ровно 0,533849 0,000255
родитель 0,599116 0,001000
родительский 1,053374 0,000503
рубль 0,334808 0,000080
рука 0,030597 0,000029
русский 0,411442 0,000098
сад 0,824895 0,000197
сайт 0,000000 0,000000
сам 0,002964 0,000016
самолюбие 0,963197 0,000460
самсон 2,167317 0,000517
самый 0,018098 0,000047
свалиться 1,565257 0,000373
сверкать 0,611015 0,000292
свет 0,176091 0,000084
светить 1,690196 0,000403
свободно 0,000000 0,000000
свой 0,000000 0,000000
сделать 0,102859 0,000074
сделаться 0,735954 0,000176
сдерживать 1,088136 0,000519
себя 0,000000 0,000000
сегодня 0,194189 0,000185
сейчас 0,070407 0,000084
секрет 0,690196 0,000494
секретный 1,213075 0,000868
семьдесят 0,000000 0,000000
сердце 0,095435 0,000046
серчать 2,167317 0,000517
сжать 0,963197 0,000230
сидеть 0,125925 0,000090
сила 0,185046 0,000044
сильно 0,292256 0,000070
сильный 0,269690 0,000064
сказать 0,011981 0,000020
скамейка 1,088136 0,001038
скверный 0,623249 0,000297
сколь 1,389166 0,000331
скопческий 1,866287 0,000445
скоро 0,298086 0,000213
скорый 0,237898 0,000057
скрывать 0,635838 0,000152
следить 0,623249 0,000149
следовать 0,544068 0,000130
слететь 1,213075 0,000289
слишком 0,133894 0,000032
словно 0,866287 0,000207
слово 0,027438 0,000020
сломать 1,264227 0,000302
слуга 0,599116 0,000143
служить 0,544068 0,000130
случай 0,146128 0,000244
случайный 1,322219 0,000315
случаться 0,599116 0,000143
случиться 0,292256 0,000139
смердяков 0,576253 0,004674
смеркнуться 1,690196 0,000403
смертный 0,805589 0,000192
смерть 0,374926 0,000179
сметь 0,389166 0,000279
смех 0,443041 0,000106
смешной 0,565257 0,000135
смеяться 0,171682 0,000164
смирение 1,088136 0,000260
смиренно 1,167317 0,000278
смотреть 0,077412 0,000074
сначала 0,434924 0,000104
собрание 1,088136 0,000260
собственный 0,264227 0,000126
совершенно 0,180546 0,000345
советовать 1,125925 0,000269
совсем 0,021189 0,000061
согласие 0,000000 0,000000
созерцатель 1,866287 0,000445
сойтись 0,623249 0,000297
солидарный 1,690196 0,000403
солнце 0,675956 0,000484
сомнительно 1,866287 0,000445
сообщество 1,690196 0,000403
сообщить 0,434924 0,000519
сообщник 1,866287 0,000890
сорок 0,845098 0,000202
соседство 1,322219 0,000315
соскочить 1,125925 0,000269
состояние 0,322219 0,000077
состоять 0,514105 0,000245
сотрясение 1,322219 0,000315
сочинение 1,468347 0,000350
спасение 0,991226 0,000236
спать 0,495219 0,000473
спешить 0,477121 0,000114
спина 0,752344 0,000359
спокойно 0,648803 0,000155
спокойствие 0,888564 0,000424
спросить 0,114239 0,000027
спустя 0,533849 0,000127
сразу 0,991226 0,000236
средство 0,888564 0,000424
старательно 1,690196 0,000403
старик 0,303994 0,000145
стать 0,002964 0,000006
статья 0,991226 0,000236
степень 0,367977 0,000088
стклянка 1,468347 0,000350
столь 0,434924 0,000104
столько 0,443041 0,000211
сторожить 1,088136 0,000519
сторона 0,110412 0,000079
стоять 0,150284 0,000108
странность 0,963197 0,000230
странный 0,227798 0,000109
страх 0,426955 0,000407
страшно 0,434924 0,000104
страшный 0,286504 0,000068
строго 0,576253 0,000137
стук 1,053374 0,000503
сударь 1,053374 0,001005
судорога 0,991226 0,000473
судорожно 1,167317 0,000278
суметь 0,648803 0,000155
сумление 1,468347 0,000350
сурово 1,088136 0,000260
существенный 1,264227 0,000302
существо 0,477121 0,000341
существовать 0,635838 0,000152
счесть 0,888564 0,000636
считать 0,275223 0,000131
сызнутереть 2,167317 0,000517
сюда 0,232819 0,000056
также 0,000000 0,000000
таки 0,066947 0,000064
такой 0,002964 0,000012
тварь 0,866287 0,000207
твой 0,258832 0,000062
твёрдо 0,419129 0,000100
текст 0,000000 0,000000
телеграф 2,167317 0,000517
тело 0,720159 0,000172
темя 1,264227 0,000302
теперь 0,015029 0,000032
тереть 1,866287 0,000445
тихий 0,544068 0,000130
тихо 0,354404 0,000254
тогда 0,050046 0,000119
тоже 0,043466 0,000093
только 0,002964 0,000011
том 1,565257 0,000373
тон 0,648803 0,000155
торчать 1,213075 0,000579
тоска 0,599116 0,000858
тосковать 1,021189 0,000244
тот 0,002964 0,000013
тотчас 0,046743 0,000078
точно 0,121994 0,000262
точность 0,735954 0,000176
тошнота 1,690196 0,000403
трава 1,866287 0,000445
тревожить 1,264227 0,000302
третьестепенный 2,167317 0,001034
три 0,303994 0,000073
труд 0,866287 0,000207
трусить 1,264227 0,000302
тщеславие 1,167317 0,000278
ты 0,133894 0,000415
тысяча 0,217927 0,000208
тянуть 0,912045 0,000218
убедиться 0,623249 0,000297
убивать 0,805589 0,000192
убить 0,275223 0,000394
убрать 1,167317 0,000278
уверенность 1,021189 0,000244
уверенный 0,611015 0,000292
угроза 1,125925 0,000269
удаляться 1,264227 0,000302
удивиться 0,523865 0,000125
удивление 0,292256 0,000139
удивляться 0,544068 0,000389
удовлетворить 1,021189 0,000244
удостовериться 1,322219 0,000315
удостоивать 1,264227 0,000302
уезжать 0,912045 0,000218
уехать 0,459747 0,000110
ужасно 0,167317 0,000040
ужасный 0,322219 0,000077
уйти 0,248239 0,000059
улыбаться 0,544068 0,000130
улыбнуться 0,426955 0,000204
улыбочка 1,468347 0,000350
ум 0,720159 0,000172
умерший 0,000000 0,000000
уметь 0,328468 0,000078
умный 0,403889 0,000289
умолкать 1,322219 0,000315
умолчать 1,389166 0,000331
умолять 0,805589 0,000192
упавший 1,565257 0,000373
упад 1,690196 0,000403
упасть 0,495219 0,000354
употребить 1,088136 0,000519
усесться 0,662167 0,000158
усилие 0,845098 0,000202
условиться 1,389166 0,000331
условленный 1,565257 0,000373
услыхать 1,088136 0,000260
услышать 0,381987 0,000091
усмехаться 0,805589 0,000192
усмехнуться 0,374926 0,000089
усомниться 1,322219 0,000315
успеть 0,203530 0,000049
устроить 0,690196 0,000165
утром 0,411442 0,000098
участие 0,787106 0,000188
учинить 1,565257 0,001120
учить 0,752344 0,000179
фамильярно 1,866287 0,000445
фамильярность 1,690196 0,000806
фантазировать 1,866287 0,000445
физиономия 0,963197 0,000230
философский 1,690196 0,000403
флигель 0,936868 0,000223
фёдор 0,434924 0,001038
фёдорович 0,150284 0,002223
хлопоты 0,991226 0,000236
ходить 0,213075 0,000051
хороший 0,077412 0,000037
хотеть 0,033778 0,000073
хоть 0,060107 0,000029
хотя 0,050046 0,000048
хохолок 1,690196 0,000403
ценить 0,769377 0,000184
цыплёночек 1,690196 0,000403
час 0,185046 0,000177
часто 0,292256 0,000139
часть 0,002964 0,000002
чей 0,000000 0,000000
человек 0,011981 0,000020
чердак 1,264227 0,001508
чермашний 1,866287 0,000890
чермашня 1,125925 0,001343
черта 0,264227 0,000378
четвёртый 0,286504 0,000068
число 0,704919 0,000168
чистый 0,434924 0,000104
читаемый 2,167317 0,000517
читать 0,403889 0,000096
читаться 1,690196 0,000403
чрезвычайно 0,217927 0,000156
чрезвычайный 0,258832 0,000062
что 0,030597 0,000095
чтоб 0,073896 0,000018
чтобы 0,030597 0,000066
чувствовать 0,264227 0,000063
чувствоваться 1,389166 0,000331
чуть 0,176091 0,000126
шаг 0,367977 0,000176
шельма 1,213075 0,000579
шкаф 1,322219 0,000315
штука 0,912045 0,000218
шёпотом 0,675956 0,000161
экстренный 1,690196 0,000403
этак 0,690196 0,000329
это 0,002964 0,000009
этот 0,002964 0,000006
я 0,024303 0,000087
явиться 0,298086 0,000213
язык 0,611015 0,000292
яснеть 2,167317 0,000517
ясно 0,354404 0,000085
ясный 0,623249 0,000149
