автомат 2,167317 0,000619
автор 0,000000 0,000000
авторский 0,000000 0,000000
алексей 0,000000 0,000000
алеш 0,328468 0,002439
апостол 1,468347 0,000839
батюшка 0,635838 0,001453
бег 1,468347 0,000419
бегом 1,866287 0,000533
бедненький 1,468347 0,000419
бедный 0,328468 0,000469
бежать 0,434924 0,000373
безмолвно 1,322219 0,000378
беленький 1,468347 0,000839
белый 0,720159 0,000206
бессилие 1,021189 0,000292
бессознательный 1,690196 0,000483
библиотека 1,866287 0,001599
бить 0,769377 0,000220
биться 0,623249 0,000178
биясь 2,167317 0,000619
благовестный 2,167317 0,000619
благословить 0,735954 0,000210
близкий 0,477121 0,000136
блин 2,167317 0,001238
более 0,000000 0,000000
больной 0,258832 0,000148
большой 0,056728 0,000016
бормотать 0,662167 0,000378
бояться 0,158717 0,000045
брат 0,060107 0,000155
брести 2,167317 0,000619
бросать 0,787106 0,000225
броситься 0,258832 0,000222
будто 0,099131 0,000085
бывший 0,389166 0,000111
быстро 0,232819 0,000067
быть 0,000000 0,000000
важный 0,341243 0,000195
валиться 1,565257 0,000447
ваш 0,121994 0,000174
вблизи 1,389166 0,000397
вдвоём 1,322219 0,000378
вдруг 0,005949 0,000048
ведь 0,043466 0,000025
век 0,769377 0,000440
веко 1,322219 0,000755
велеть 0,576253 0,000329
великий 0,341243 0,000097
великодушный 0,912045 0,000521
великое 0,888564 0,000254
венчик 2,167317 0,000619
весело 0,648803 0,000371
весь 0,002964 0,000011
весёлый 0,389166 0,000111
вечером 0,533849 0,000152
вечно 0,824895 0,000236
вечный 0,769377 0,001319
взад 1,389166 0,000397
взаправду 1,322219 0,000378
взгляд 0,185046 0,000053
взглянуть 0,468347 0,000134
взять 0,077412 0,000044
вид 0,150284 0,000043
видеть 0,027438 0,000008
визит 0,845098 0,000241
виновный 0,704919 0,000201
вишь 1,213075 0,000346
вложить 1,264227 0,000361
вместе 0,208276 0,000178
вмешиваться 1,389166 0,000397
внаём 1,468347 0,000419
внезапно 0,623249 0,000178
внутри 1,053374 0,000301
возвращаться 0,704919 0,000201
вознаграждение 0,000000 0,000000
возопить 1,389166 0,000397
войти 0,137934 0,000118
вопиять 1,389166 0,000397
вопрос 0,146128 0,000042
воробушек 2,167317 0,001857
ворота 0,720159 0,000206
воротиться 0,303994 0,000087
воскликнуть 0,269690 0,000847
восклицание 0,991226 0,000283
восклицать 0,533849 0,000457
воскресить 1,213075 0,000346
воспитание 0,936868 0,000535
воспоминание 0,635838 0,001271
восстать 1,213075 0,001039
восторг 0,419129 0,000120
восторженно 0,936868 0,000803
впасть 1,088136 0,000622
вперёд 0,426955 0,000122
вплоть 0,866287 0,000247
впредь 0,752344 0,000215
временами 1,264227 0,000361
время 0,018098 0,000016
всегда 0,129891 0,000074
вскочить 0,451314 0,000129
вспоминать 0,623249 0,000356
вспомнить 0,434924 0,000248
вспыхнуть 0,805589 0,000230
вставлять 1,690196 0,000483
встать 0,269690 0,000077
встретить 0,459747 0,000131
встречаться 0,769377 0,000220
вступиться 1,167317 0,000333
всхлипывать 2,167317 0,001238
второй 0,217927 0,000062
вы 0,232819 0,000133
выбежать 0,752344 0,000215
выдернуть 1,690196 0,000483
выдумать 0,648803 0,000185
выйти 0,063514 0,000018
выкрикивать 1,264227 0,000722
выкрикнуть 1,866287 0,000533
вынести 0,486076 0,000139
выплата 0,000000 0,000000
выпускать 1,088136 0,000311
выражение 0,514105 0,000147
вырваться 0,565257 0,000161
вырезать 2,167317 0,000619
вырываться 1,866287 0,000533
выхватить 1,125925 0,000322
выходить 0,258832 0,000148
выше 0,720159 0,000206
глава 0,963197 0,000275
главный 0,426955 0,000122
глаз 0,056728 0,000049
глазок 0,805589 0,000460
глупость 0,576253 0,000165
глядеть 0,243038 0,000069
говорить 0,011981 0,000044
голова 0,114239 0,000131
голос 0,208276 0,000357
голубой 0,936868 0,000268
голубчик 0,565257 0,000323
гора 0,805589 0,000230
гораздо 0,443041 0,000127
горе 0,648803 0,000185
город 0,248239 0,000071
горький 0,912045 0,000261
господин 0,208276 0,000595
готовый 0,367977 0,000105
грешный 0,991226 0,000283
гроб 0,888564 0,004061
гробик 1,468347 0,001258
громко 0,504560 0,000288
грудь 0,443041 0,000127
грустно 0,735954 0,000210
губа 0,411442 0,000235
давать 0,253503 0,000072
давеча 0,232819 0,000333
даже 0,005949 0,000015
далёкий 0,411442 0,000118
дать 0,171682 0,000245
два 0,198834 0,000057
двадцать 0,303994 0,000087
двенадцатый 0,690196 0,000394
двенадцать 0,805589 0,000230
дверь 0,258832 0,000148
действительно 0,106619 0,000030
делаться 0,991226 0,000283
дело 0,011981 0,000017
день 0,118099 0,000101
дескать 0,419129 0,000120
деточка 1,468347 0,000839
детство 0,720159 0,000411
добрый 0,303994 0,000955
довольно 0,129891 0,000111
догнать 1,088136 0,000311
договорить 0,888564 0,000254
докончить 0,888564 0,000254
долго 0,222835 0,000127
долететь 2,167317 0,000619
должный 0,099131 0,000028
дом 0,154480 0,000132
домой 0,459747 0,000263
дорога 0,275223 0,000157
дорогой 0,451314 0,000516
дорожка 1,389166 0,000397
достигнуть 0,662167 0,000189
достоевский 0,000000 0,000000
достояние 0,000000 0,000000
древний 0,936868 0,000268
дрожать 0,426955 0,000122
друг 0,180546 0,000464
другой 0,008955 0,000003
дружно 1,866287 0,000533
думать 0,060107 0,000017
дурно 0,888564 0,000254
дурной 0,611015 0,000524
душа 0,158717 0,000091
дьякон 1,690196 0,000483
дёргать 1,468347 0,000419
дёргаться 1,866287 0,000533
едва 0,554533 0,000158
единый 0,611015 0,000175
если 0,011981 0,000024
есть 0,018098 0,000036
жадно 1,053374 0,000602
жгучий 1,213075 0,000346
ждать 0,142011 0,000122
желать 0,232819 0,000067
жена 0,486076 0,000278
жертва 0,769377 0,000440
жест 0,787106 0,000225
жестокий 0,769377 0,000220
жестокосердный 2,167317 0,001238
живой 0,675956 0,000193
жизнь 0,084532 0,000217
забегать 1,125925 0,000322
забота 0,824895 0,000236
забывать 0,824895 0,000707
забыть 0,125925 0,000180
завещать 1,468347 0,000419
завидовать 1,213075 0,000346
зависеть 0,888564 0,000254
заволноваться 1,468347 0,000839
завопить 0,769377 0,000440
заглянуть 0,991226 0,000283
задержать 1,088136 0,000311
задумчивость 0,912045 0,000261
задумчивый 0,805589 0,000230
заключить 0,347773 0,000199
закорузлой 1,866287 0,000533
закрыть 0,576253 0,000329
залепетать 1,213075 0,000346
залиться 1,021189 0,000292
замахать 1,125925 0,000322
заметаться 1,690196 0,000483
заметить 0,056728 0,000032
занятый 0,866287 0,000247
запах 1,866287 0,000533
заплатить 1,167317 0,000333
заплатка 1,866287 0,000533
запомнить 0,576253 0,000329
зарыдать 1,213075 0,000346
засмеяться 0,347773 0,000099
засуетиться 1,565257 0,000447
засыпать 0,963197 0,000550
затем 0,237898 0,000068
затрястись 0,963197 0,000275
захватить 0,587534 0,000503
захотеть 0,316059 0,000090
зачем 0,146128 0,000083
звон 1,690196 0,000483
звонкий 1,125925 0,000322
здесь 0,095435 0,000109
здешний 0,611015 0,000175
здоровый 0,769377 0,000220
земля 0,298086 0,000170
злоба 0,523865 0,000150
злобно 0,599116 0,000171
злой 0,587534 0,000168
знамо 1,866287 0,000533
знать 0,002964 0,000005
иванович 0,269690 0,000154
идея 0,459747 0,000263
идти 0,180546 0,000052
изголовье 1,690196 0,000966
издеваться 1,468347 0,000419
измениться 0,735954 0,000210
икона 1,167317 0,000333
илюша 1,213075 0,003465
илюшечка 1,213075 0,005197
илюшин 1,565257 0,002683
именно 0,066947 0,000019
иметь 0,118099 0,000034
имя 0,752344 0,000215
искать 0,411442 0,000118
искривить 1,167317 0,000333
использоваться 0,000000 0,000000
испортить 1,088136 0,000311
испуг 0,554533 0,000475
испугаться 0,523865 0,000150
истерически 1,125925 0,000322
источник 1,565257 0,000447
исхудалый 1,866287 0,000533
итак 0,805589 0,000460
каждый 0,137934 0,000118
кажный 2,167317 0,000619
казаться 0,063514 0,000018
какой 0,005949 0,000010
каменный 1,213075 0,000346
камень 0,787106 0,002023
камушек 1,690196 0,000966
капитан 0,769377 0,001099
капитанский 1,866287 0,000533
карамазов 0,180546 0,000825
карман 0,396465 0,000226
карташов 1,866287 0,002665
картина 0,690196 0,000197
катерина 0,587534 0,000336
квартира 0,623249 0,000178
квартирный 2,167317 0,001238
кирпичик 2,167317 0,000619
класс 0,888564 0,000254
книга 0,106619 0,000091
когда 0,015029 0,000077
кола 0,991226 0,000283
колено 0,565257 0,000323
коли 0,269690 0,000077
коля 0,565257 0,002906
комар 0,000000 0,000000
комната 0,150284 0,000086
конец 0,213075 0,000061
конечно 0,060107 0,000052
кончить 0,328468 0,000094
корка 1,866287 0,000533
коротенький 1,167317 0,000333
корочка 2,167317 0,003095
котора 0,805589 0,000230
который 0,002964 0,000010
краснеть 0,866287 0,000495
красоткин 1,213075 0,000693
крест 0,690196 0,000197
крик 0,514105 0,000147
крикнуть 0,292256 0,000250
кругом 0,419129 0,000120
кто 0,114239 0,000065
куда 0,248239 0,000213
кулак 0,752344 0,000215
кусочек 1,565257 0,000894
кучка 1,565257 0,000447
лакей 0,704919 0,000403
ласкаючи 2,167317 0,000619
легкомыслие 1,125925 0,000322
лежать 0,243038 0,000347
летний 1,167317 0,000333
либо 0,000000 0,000000
лиза 1,213075 0,000346
литература 1,468347 0,000419
лицо 0,000000 0,000000
личико 1,088136 0,000311
лишь 0,185046 0,000106
лоб 1,167317 0,000333
ложь 0,824895 0,000236
любим 1,167317 0,001000
любить 0,066947 0,000057
любовь 0,334808 0,000096
любой 0,000000 0,000000
маленький 0,185046 0,000053
мало 0,208276 0,000119
мальчик 0,411442 0,004348
мама 1,167317 0,001000
мамочка 1,690196 0,003862
мать 0,217927 0,000124
мгновение 0,316059 0,000090
между 0,129891 0,000074
место 0,099131 0,000028
метнуть 2,167317 0,000619
мешать 0,805589 0,000230
мигом 0,504560 0,000288
милый 0,322219 0,001104
мимо 0,514105 0,000294
минута 0,050046 0,000043
минутка 0,635838 0,000545
митя 0,451314 0,000129
многий 0,514105 0,000147
много 0,080958 0,000069
могила 1,088136 0,000622
могилка 1,322219 0,002266
могильщик 2,167317 0,000619
можно 0,088136 0,000050
мой 0,077412 0,000022
молиться 0,866287 0,000495
молча 0,367977 0,000105
момент 0,000000 0,000000
морозить 1,866287 0,000533
мостик 1,690196 0,000483
мочь 0,000000 0,000000
мрамор 1,565257 0,000447
мужественный 1,565257 0,000447
мы 0,648803 0,000185
мысль 0,114239 0,000033
мягкий 1,167317 0,000333
мёртвый 0,805589 0,000920
набрать 1,565257 0,000447
наверно 0,264227 0,000075
нагнуться 0,824895 0,000236
надгробный 1,866287 0,000533
надеть 0,888564 0,000254
надо 0,036984 0,000021
надолго 1,167317 0,000333
назад 0,000000 0,000000
название 1,088136 0,000311
назвать 0,635838 0,000182
найти 0,298086 0,000085
наконец 0,073896 0,000148
накрест 1,468347 0,000419
накрывать 1,866287 0,001066
накрыть 0,963197 0,000275
намерить 0,805589 0,000230
написать 0,000000 0,000000
напиться 1,167317 0,000667
напомнить 0,912045 0,000782
насмешливый 0,704919 0,000201
наука 0,787106 0,000225
начало 0,243038 0,000069
начать 0,066947 0,000115
начинать 0,292256 0,000083
наш 0,118099 0,000236
невинный 0,576253 0,000494
недалеко 0,912045 0,000782
недоумевать 1,053374 0,000301
неестественно 1,213075 0,000346
некоторый 0,154480 0,000044
неловко 1,125925 0,000322
нельзя 0,176091 0,000151
немного 0,426955 0,000122
неожиданно 0,523865 0,000299
непокрытый 2,167317 0,000619
непонятно 1,389166 0,000397
непременно 0,133894 0,000153
неразрешимый 1,322219 0,000378
несколько 0,095435 0,000082
нести 0,824895 0,001178
несущий 2,167317 0,000619
несчастие 0,690196 0,000197
несчастный 0,374926 0,000107
нетерпение 0,554533 0,000158
неудержимо 1,167317 0,000333
неужели 0,389166 0,000111
нибыть 0,030597 0,000052
никогда 0,088136 0,000101
никто 0,095435 0,000082
ниночка 1,468347 0,002516
ничего 0,030597 0,000070
новый 0,167317 0,000048
нога 0,213075 0,000061
ножка 0,912045 0,000521
носить 0,611015 0,000175
ночь 0,189594 0,000054
ночью 0,587534 0,000168
оба 0,316059 0,000090
обвести 1,322219 0,000378
обедня 1,264227 0,000361
обезуметь 1,468347 0,000419
обида 0,720159 0,000206
обидеть 0,720159 0,000206
обломок 1,690196 0,000483
обнимать 0,866287 0,000247
обрадоваться 0,611015 0,000175
обратиться 0,316059 0,000090
обряд 1,565257 0,000447
обступить 1,322219 0,001133
обсыпать 2,167317 0,000619
обхватить 1,167317 0,000333
общественный 0,000000 0,000000
объявить 0,389166 0,000111
обычный 1,264227 0,000361
обязать 0,936868 0,000268
ограда 1,264227 0,001083
один 0,000000 0,000000
однако 0,102859 0,000059
одуматься 1,389166 0,000397
ожесточённый 1,468347 0,000419
оживиться 1,389166 0,000397
оживлённый 1,389166 0,000397
ожидать 0,264227 0,000075
ожить 1,866287 0,000533
озаботить 0,888564 0,000254
озабоченно 1,088136 0,000622
озабоченность 1,866287 0,000533
оклад 2,167317 0,000619
окрестить 1,468347 0,000419
он 0,000000 0,000000
они 0,275223 0,000157
опоздать 0,866287 0,000247
оправлять 1,565257 0,000447
опубликовать 0,000000 0,000000
опустить 0,752344 0,000430
опуститься 0,888564 0,000254
опять 0,027438 0,000063
оратор 1,213075 0,000346
осенить 1,690196 0,000483
осмелиться 0,769377 0,000220
основать 1,264227 0,000361
особенно 0,129891 0,000111
оставить 0,203530 0,000058
остановиться 0,269690 0,000231
остаться 0,133894 0,000076
ответить 0,121994 0,000105
отворить 0,486076 0,000278
отдать 0,381987 0,000109
отец 0,091770 0,000131
открытый 1,125925 0,000322
открыть 0,635838 0,000545
отныне 1,565257 0,000894
отнять 0,888564 0,000508
отпевание 1,565257 0,000447
отрезать 0,599116 0,000171
отрываться 1,053374 0,000301
отставать 1,322219 0,000378
отцовский 1,125925 0,000322
оформление 0,000000 0,000000
очень 0,024303 0,000035
пальтишко 1,389166 0,000397
пальто 0,936868 0,000268
память 0,599116 0,000685
папа 0,963197 0,000825
папочка 1,565257 0,001788
пение 1,866287 0,001066
первый 0,018098 0,000016
перед 0,554533 0,000158
переждать 1,213075 0,000346
перейти 0,000000 0,000000
переносить 0,936868 0,000268
переплакать 2,167317 0,000619
пион 2,167317 0,000619
плакать 0,328468 0,000751
платье 0,635838 0,000182
плач 1,053374 0,000301
плачущий 1,125925 0,000322
плечо 0,403889 0,000115
побежать 0,468347 0,000134
побрести 1,866287 0,000533
повернуться 0,495219 0,000141
поворотить 1,322219 0,000378
повторить 0,544068 0,000155
повторять 0,396465 0,000113
поганый 1,468347 0,000419
погибнуть 0,888564 0,000761
поглядеть 0,396465 0,000113
подборка 0,000000 0,000000
поддержать 1,125925 0,000322
подержать 2,167317 0,000619
подле 0,419129 0,000239
поднимать 1,264227 0,000361
поднять 0,396465 0,000566
подпевать 2,167317 0,000619
подрасти 1,690196 0,000483
подсвечник 1,690196 0,000483
подтвердить 0,544068 0,000155
подхватить 0,403889 0,000346
подходить 0,587534 0,000168
подымать 0,912045 0,000521
позор 0,720159 0,000411
пойти 0,080958 0,000069
пока 0,213075 0,000061
покинуть 1,322219 0,000378
покойный 0,599116 0,000171
покраснеть 0,504560 0,000144
покров 1,690196 0,000483
покрошить 2,167317 0,001857
пол 0,704919 0,000403
полезный 1,053374 0,000301
полминуты 1,322219 0,000378
полнота 0,805589 0,000230
половина 0,396465 0,000113
поломать 2,167317 0,000619
полоумный 1,167317 0,000333
полусмеяться 2,167317 0,000619
полюбить 0,635838 0,000182
помалу 0,675956 0,000193
помешанный 0,769377 0,000879
поминки 2,167317 0,001238
поминутно 0,635838 0,000182
помнить 0,167317 0,000239
помёрзнуть 2,167317 0,000619
понести 1,213075 0,001039
понизить 1,690196 0,000483
понимать 0,095435 0,000055
понравиться 0,533849 0,000152
понять 0,106619 0,000030
попасть 0,533849 0,000152
попритихнуть 2,167317 0,000619
попросить 0,426955 0,000122
пора 0,690196 0,000197
поразить 0,243038 0,000069
порыжеть 2,167317 0,000619
посетитель 0,991226 0,000566
посидеть 1,125925 0,000322
после 0,084532 0,000072
последний 0,066947 0,000038
послужить 0,824895 0,000236
посмертно 0,000000 0,000000
посметь 0,936868 0,000268
посмеяться 1,125925 0,000322
посмотреть 0,213075 0,000061
посоветовать 1,053374 0,000301
посреди 1,322219 0,000378
поссориться 0,936868 0,000268
поставить 0,451314 0,000129
постелька 1,389166 0,001190
постоялый 1,088136 0,000311
пострадать 1,167317 0,000333
поступок 0,623249 0,000178
потеря 1,690196 0,000483
потом 0,084532 0,000169
потому 0,024303 0,000021
потрясать 1,322219 0,000378
похожий 0,611015 0,000175
похоронить 1,213075 0,001039
похороны 1,322219 0,000755
поцелуй 0,888564 0,000254
почесть 0,769377 0,000220
почти 0,024303 0,000021
пояснить 1,167317 0,000333
правда 0,088136 0,000101
правдивый 1,167317 0,000333
право 0,176091 0,000050
пред 0,030597 0,000017
представиться 1,167317 0,000333
прежде 0,077412 0,000088
прекрасный 0,495219 0,000141
прибавить 0,162996 0,000093
прибежать 0,769377 0,000220
прибрать 1,690196 0,000483
прибыль 1,389166 0,000794
привычка 0,769377 0,000220
приговаривать 1,690196 0,000483
приговор 0,824895 0,000236
придвинуть 1,389166 0,000397
прижаться 1,565257 0,000447
прижизненный 0,000000 0,000000
прийти 0,095435 0,000109
приказать 0,752344 0,000215
прилетать 2,167317 0,001857
прилететь 1,565257 0,000447
прильнуть 1,866287 0,001599
принести 0,389166 0,000111
приняться 0,845098 0,000241
приостановиться 1,088136 0,000311
приподнять 1,167317 0,000333
приподняться 1,088136 0,000311
припомнить 0,533849 0,000152
прислать 0,403889 0,000461
присмотреть 1,690196 0,000483
пристально 0,389166 0,000111
пристальный 1,125925 0,000322
пристроиться 1,690196 0,000483
приступить 1,125925 0,000322
приходить 0,243038 0,000069
пробудить 1,866287 0,000533
провозгласить 0,824895 0,000236
провозиться 1,690196 0,000483
проговорить 0,110412 0,000095
программирование 0,000000 0,000000
продолжать 0,125925 0,000072
произведение 0,000000 0,000000
пройти 0,000000 0,000000
прокричать 0,599116 0,001027
пролежать 1,053374 0,000301
пролететь 1,264227 0,000361
проносить 2,167317 0,001238
прорываться 1,565257 0,000447
прорыдать 1,866287 0,000533
просить 0,150284 0,000086
проститься 0,845098 0,000241
простоять 1,053374 0,000301
просьба 0,623249 0,000178
протягивать 1,088136 0,001243
протянуть 0,486076 0,000139
прочитать 0,912045 0,000261
прощаться 0,963197 0,000275
птичка 1,389166 0,000794
публикация 0,000000 0,000000
пуститься 0,845098 0,000241
пусть 0,253503 0,000145
пучок 1,866287 0,000533
пучочек 2,167317 0,000619
пушечка 1,690196 0,000966
пуще 0,599116 0,000342
пьяный 0,451314 0,000258
равно 0,303994 0,000174
радостно 0,888564 0,000254
разбрасывать 1,690196 0,000483
разве 0,146128 0,000042
раздаваться 1,088136 0,000311
раздать 1,389166 0,000397
раздирать 1,468347 0,000419
раздражительный 0,587534 0,000168
разобрать 0,888564 0,000254
разом 0,389166 0,000222
разрешение 0,000000 0,000000
разубрать 2,167317 0,000619
разъяснить 0,662167 0,000189
ранчик 1,866287 0,000533
рассказать 0,280827 0,000080
рассказывать 0,341243 0,000097
расстаться 0,936868 0,000535
расстояние 1,167317 0,000333
растерянно 2,167317 0,000619
растерять 1,866287 0,000533
ребёнок 0,232819 0,000133
религия 1,322219 0,000755
речь 0,486076 0,000417
решиться 0,341243 0,000097
родительский 1,053374 0,000301
роза 1,468347 0,000419
рука 0,030597 0,000175
русский 0,411442 0,000118
ручка 0,769377 0,000440
рыдать 0,963197 0,000550
рюш 2,167317 0,000619
рядышком 1,866287 0,000533
сайт 0,000000 0,000000
сам 0,002964 0,000003
самый 0,018098 0,000031
сапожок 1,389166 0,001587
сбить 0,866287 0,000247
сбоку 0,912045 0,000261
сверкать 0,611015 0,000175
сверкнуть 0,866287 0,000247
свести 1,053374 0,000301
свет 0,176091 0,000251
светлый 0,735954 0,000210
свеча 1,213075 0,000346
свечка 0,866287 0,000247
свободно 0,000000 0,000000
свой 0,000000 0,000000
святой 0,468347 0,000134
сделать 0,102859 0,000118
сделаться 0,735954 0,000420
сдержаться 1,866287 0,000533
себя 0,000000 0,000000
сегодня 0,194189 0,000222
седа 2,167317 0,000619
сейчас 0,070407 0,000080
семьдесят 0,000000 0,000000
сердце 0,095435 0,000136
серьёзно 0,419129 0,000120
серьёзный 0,565257 0,000323
сестра 0,477121 0,000136
сидеть 0,125925 0,000108
сизый 1,866287 0,000533
сила 0,185046 0,000053
сильный 0,269690 0,000077
сказать 0,011981 0,000041
скончаться 1,468347 0,000419
скоро 0,298086 0,000170
славный 1,167317 0,000667
слеза 0,275223 0,000157
слезинка 1,565257 0,000447
словесно 2,167317 0,000619
словно 0,866287 0,000247
слово 0,027438 0,000031
сложить 0,845098 0,000483
служба 0,769377 0,000220
случиться 0,292256 0,000083
слышный 0,845098 0,000241
смело 1,389166 0,000397
смелый 1,167317 0,000667
смерть 0,374926 0,000107
сметь 0,389166 0,000111
смеяться 0,171682 0,000147
смирно 1,690196 0,000483
смотреть 0,077412 0,000177
смочить 1,565257 0,000447
смуров 1,389166 0,001587
смущаться 1,389166 0,000397
снаружи 1,322219 0,000378
сначала 0,434924 0,000124
снег 1,213075 0,001732
снегирёв 1,264227 0,003972
снова 0,565257 0,000323
снутереть 1,866287 0,000533
собрание 1,088136 0,000311
собраться 0,662167 0,000189
совершаться 1,213075 0,000346
совсем 0,021189 0,000030
согласие 0,000000 0,000000
согласиться 0,396465 0,000226
соединить 1,264227 0,000722
сообща 1,690196 0,000483
сопротивляться 1,389166 0,000397
сотрясти 1,866287 0,000533
сотрястись 1,565257 0,000447
сохранить 0,690196 0,000197
сочинение 1,468347 0,000419
спасение 0,991226 0,000283
спасти 0,468347 0,000134
спасть 0,554533 0,000158
спешить 0,477121 0,000136
спокойно 0,648803 0,000185
спустя 0,533849 0,000152
сразить 1,565257 0,000447
ссылка 1,565257 0,000447
становиться 0,389166 0,000111
стараться 0,648803 0,000185
старенький 1,167317 0,000667
старинный 0,936868 0,000268
старуха 0,690196 0,000394
старый 0,374926 0,000107
стать 0,002964 0,000011
стая 1,690196 0,000483
стол 0,286504 0,000082
сторона 0,110412 0,000063
стоять 0,150284 0,000129
странно 0,354404 0,000202
страх 0,426955 0,000122
страшный 0,286504 0,000082
стремительно 0,936868 0,000535
строго 0,576253 0,000165
стул 0,434924 0,000124
ступенька 1,021189 0,000292
стыдливый 1,213075 0,000346
суетливый 1,389166 0,000397
сумочка 2,167317 0,000619
схватить 0,347773 0,000099
счастливый 0,451314 0,000129
съёжиться 2,167317 0,000619
сюда 0,232819 0,000067
сёмга 2,167317 0,000619
также 0,000000 0,000000
таки 0,066947 0,000134
такой 0,002964 0,000008
твой 0,258832 0,000296
твёрдый 0,576253 0,000165
текст 0,000000 0,000000
теперешний 0,533849 0,000152
теперь 0,015029 0,000039
тесный 1,322219 0,000378
тихий 0,544068 0,000311
тихо 0,354404 0,000101
тихонько 0,991226 0,000283
товарищ 0,704919 0,000403
тогда 0,050046 0,000071
тоже 0,043466 0,000074
толк 0,805589 0,000230
толпа 0,648803 0,000185
только 0,002964 0,000005
том 1,565257 0,000447
тот 0,002964 0,000003
тотчас 0,046743 0,000053
точно 0,121994 0,000174
тридцать 0,599116 0,000171
триста 1,213075 0,000346
троить 1,389166 0,001587
тропинка 1,468347 0,000419
труп 1,389166 0,000397
туда 0,495219 0,000141
тупо 1,690196 0,000483
ты 0,133894 0,000076
тяжело 0,565257 0,000161
тянуть 0,912045 0,000261
убить 0,275223 0,000157
убрать 1,167317 0,001667
уважать 0,523865 0,000150
уверять 0,411442 0,000118
увидать 0,434924 0,000248
увидеть 0,222835 0,000191
уговаривать 0,963197 0,000275
уговорить 1,088136 0,000311
уголок 1,125925 0,000322
удавленник 2,167317 0,000619
удержать 0,769377 0,000220
удивлённый 0,824895 0,000236
удостовериться 1,322219 0,000755
ужас 0,468347 0,000134
ужасно 0,167317 0,000287
указывать 0,599116 0,000171
укорочённо 2,167317 0,000619
умереть 0,269690 0,000077
умерший 0,000000 0,000000
умилительный 1,264227 0,000361
умилённо 1,213075 0,000346
умилённый 1,322219 0,000378
умирать 0,611015 0,000175
умненький 1,565257 0,000447
умный 0,403889 0,000231
унести 0,991226 0,000566
унизить 0,936868 0,000268
упасть 0,495219 0,000283
упрашивать 1,264227 0,000361
услышать 0,381987 0,000327
усмехнуться 0,374926 0,000321
успеть 0,203530 0,000058
успокоиться 0,735954 0,000420
уста 1,322219 0,000755
устоять 1,389166 0,000397
устремить 1,389166 0,000397
уступить 1,021189 0,000292
утешать 1,322219 0,000378
утихнуть 1,866287 0,000533
уторопленный 2,167317 0,000619
ухо 0,991226 0,000283
уцепиться 1,389166 0,000794
фёдор 0,434924 0,000248
херувимский 2,167317 0,000619
хлебец 1,866287 0,001066
хозяйка 0,912045 0,001303
холодно 0,991226 0,000283
хоронить 1,213075 0,001386
хорошенький 1,053374 0,000602
хороший 0,077412 0,000310
хорошо 0,189594 0,000217
хотеть 0,033778 0,000106
хотеться 0,292256 0,000083
хоть 0,060107 0,000086
хотя 0,050046 0,000043
хохлаковый 0,690196 0,000197
храбрый 1,322219 0,000755
христианин 1,322219 0,000378
цвет 0,991226 0,001133
цвета 1,213075 0,001039
цветковый 2,167317 0,000619
цветок 1,389166 0,003174
цветочек 1,866287 0,003198
целовать 0,635838 0,000363
целый 0,217927 0,000062
церква 2,167317 0,000619
церковный 1,264227 0,000361
церковь 0,787106 0,001574
час 0,185046 0,000106
часок 1,468347 0,000419
часто 0,292256 0,000334
частый 0,805589 0,000460
часть 0,002964 0,000002
чей 0,000000 0,000000
человек 0,011981 0,000027
человеческий 0,565257 0,000161
человечество 0,866287 0,000247
через 0,258832 0,000074
черта 0,264227 0,000075
честный 0,735954 0,000420
честь 0,403889 0,000115
четвёртый 0,286504 0,000164
четыре 0,361137 0,000103
чинно 2,167317 0,000619
число 0,704919 0,000201
чисторечивый 2,167317 0,000619
читаемый 2,167317 0,000619
читать 0,403889 0,000346
чрез 0,275223 0,000079
что 0,030597 0,000017
чтоб 0,073896 0,000169
чувство 0,158717 0,000136
чувствовать 0,264227 0,000075
чуть 0,176091 0,000101
шаг 0,367977 0,000105
шваркнуть 1,565257 0,000447
шепнуть 0,963197 0,000275
широкополый 1,866287 0,000533
школьник 0,936868 0,000268
шляпа 0,769377 0,001319
штабс 1,021189 0,001167
щипать 1,866287 0,001066
энтузиазм 1,690196 0,000483
этакий 0,533849 0,000152
это 0,002964 0,000004
этот 0,002964 0,000003
я 0,024303 0,000021
ясный 0,623249 0,000178
