абсолютный 1,866287 0,000897
автор 0,000000 0,000000
авторский 0,000000 0,000000
агафья 1,565257 0,009030
азарт 1,125925 0,000541
алексей 0,000000 0,000000
анна 1,389166 0,000668
апеллировать 2,167317 0,001042
баба 0,936868 0,000901
бабий 1,389166 0,000668
бабуся 2,167317 0,001042
бабушка 1,322219 0,001907
базар 1,322219 0,001907
барчонок 1,322219 0,000636
барыня 0,704919 0,000339
беспокойство 0,514105 0,000247
библиотека 1,866287 0,002692
благоговейный 1,690196 0,000813
бог 0,154480 0,000074
более 0,000000 0,000000
больший 0,248239 0,000239
большой 0,056728 0,000027
бормотать 0,662167 0,000318
бояться 0,158717 0,000076
брат 0,060107 0,000116
брать 0,486076 0,000234
брезгать 1,866287 0,000897
бронзовый 1,690196 0,000813
бросаться 0,866287 0,000416
бросить 0,269690 0,000130
броситься 0,258832 0,000124
будто 0,099131 0,000048
бумажка 0,845098 0,000406
бывать 0,280827 0,000270
быть 0,000000 0,000000
важно 0,675956 0,000975
важный 0,341243 0,000328
ватный 1,690196 0,000813
ваш 0,121994 0,000176
вверх 0,866287 0,000416
вдова 0,936868 0,000450
вдруг 0,005949 0,000006
величина 1,322219 0,000636
верх 0,963197 0,000463
весь 0,002964 0,000017
весьма 0,243038 0,000117
весёлый 0,389166 0,000187
вечный 0,769377 0,000370
вещица 2,167317 0,001042
взвизгивать 1,565257 0,000753
взглядывать 1,322219 0,000636
вздрагивать 1,021189 0,000491
взорвать 1,565257 0,000753
взять 0,077412 0,000037
вид 0,150284 0,000217
видеть 0,027438 0,000026
визит 0,845098 0,000406
вишь 1,213075 0,000583
вкатить 1,565257 0,000753
внаймы 2,167317 0,001042
возвратиться 0,824895 0,000793
возиться 1,213075 0,000583
возможно 0,735954 0,000354
вознаграждение 0,000000 0,000000
возраст 0,963197 0,000463
войти 0,137934 0,000066
воображение 1,125925 0,000541
воротиться 0,303994 0,000292
воротник 1,322219 0,000636
восемь 0,735954 0,000354
воскресение 1,088136 0,001046
восторг 0,419129 0,000202
вполголоса 0,888564 0,000427
вполне 0,316059 0,000152
впрочем 0,118099 0,000057
врать 0,845098 0,000406
вредить 1,468347 0,000706
время 0,018098 0,000061
всегда 0,129891 0,000187
вскочить 0,451314 0,000434
вставать 0,576253 0,000277
входить 0,477121 0,000459
вы 0,232819 0,000336
выдержать 0,587534 0,000565
вызывающий 1,389166 0,000668
выйти 0,063514 0,000092
вынуть 0,451314 0,000434
выплата 0,000000 0,000000
выпороть 1,866287 0,001795
выражать 0,963197 0,000463
выразиться 0,504560 0,000243
выставить 0,845098 0,000406
высыпать 1,866287 0,000897
выходить 0,258832 0,000249
гипотеза 1,690196 0,000813
глаз 0,056728 0,000027
глубокий 0,477121 0,000229
глубокомысленно 2,167317 0,001042
глупость 0,576253 0,000277
глядеть 0,243038 0,000117
гнёт 1,866287 0,000897
голова 0,114239 0,000110
голос 0,208276 0,000100
голосок 1,053374 0,000506
гора 0,805589 0,000387
гордо 1,053374 0,000506
горе 0,648803 0,000312
гореть 0,735954 0,000708
город 0,248239 0,000119
горячиться 1,053374 0,000506
горячо 0,544068 0,000262
госпожа 0,648803 0,001248
грозно 0,888564 0,000854
грядка 1,866287 0,001795
давать 0,253503 0,000122
давно 0,158717 0,000076
даже 0,005949 0,000011
далёкий 0,411442 0,000198
дама 0,434924 0,000209
дать 0,171682 0,000248
два 0,198834 0,000191
дверь 0,258832 0,000747
движение 0,648803 0,000624
двор 0,523865 0,001763
дворняжка 2,167317 0,001042
девочка 0,787106 0,000757
действительно 0,106619 0,000103
делать 0,194189 0,000467
дело 0,011981 0,000017
держать 0,403889 0,000194
десятый 0,845098 0,000813
десять 0,298086 0,000143
детвора 1,565257 0,002258
детский 0,752344 0,000723
диван 0,648803 0,000312
дисциплина 1,690196 0,000813
добиваться 1,389166 0,000668
довершение 1,866287 0,000897
довольный 0,495219 0,000238
дождаться 1,125925 0,000541
доктор 0,554533 0,000267
докторша 1,866287 0,006281
долг 0,735954 0,000354
должный 0,099131 0,000048
дом 0,154480 0,000520
дорожить 1,213075 0,000583
достоевский 0,000000 0,000000
достояние 0,000000 0,000000
дочка 0,912045 0,000438
дробинка 2,167317 0,001042
дробь 1,866287 0,006281
друг 0,180546 0,000347
дружба 0,805589 0,000387
дружеский 1,125925 0,000541
думать 0,060107 0,000116
дура 0,936868 0,000450
дух 0,486076 0,000234
душа 0,158717 0,000076
душевный 0,912045 0,000438
дырочка 1,866287 0,000897
единственно 0,477121 0,000229
единственный 0,648803 0,000624
если 0,011981 0,000023
есть 0,018098 0,000052
жалобный 2,167317 0,001042
жарко 1,565257 0,000753
ждать 0,142011 0,000068
женский 0,623249 0,000599
женщина 0,213075 0,000102
жилец 1,088136 0,000523
житейский 1,322219 0,000636
забавный 1,389166 0,000668
забыть 0,125925 0,000061
заведение 1,468347 0,000706
завидеть 0,963197 0,000463
загорячиться 1,866287 0,000897
задний 1,021189 0,000491
заехать 1,264227 0,000608
заинтересовать 0,824895 0,000397
заискивать 1,565257 0,000753
заключить 0,347773 0,000167
заметить 0,056728 0,000055
замирать 0,991226 0,000477
замуж 0,735954 0,001061
замужем 1,565257 0,000753
занимать 0,787106 0,000757
занять 0,991226 0,000477
заплакать 0,599116 0,001152
запустить 1,690196 0,000813
заранее 0,576253 0,000277
зарядить 1,088136 0,000523
засмеяться 0,347773 0,000167
затем 0,237898 0,000114
зато 0,468347 0,000225
затравка 1,866287 0,000897
затруднение 1,565257 0,000753
зачем 0,146128 0,000070
звать 0,419129 0,000202
зима 1,167317 0,000561
зимний 1,866287 0,000897
знать 0,002964 0,000006
значит 0,243038 0,000117
играть 0,599116 0,000864
игрушка 1,565257 0,001505
идти 0,180546 0,000174
именно 0,066947 0,000032
иначе 0,367977 0,000354
интересный 0,845098 0,000406
исполнить 0,648803 0,000624
использоваться 0,000000 0,000000
испустить 2,167317 0,001042
истечь 1,690196 0,000813
источник 1,565257 0,000753
итак 0,805589 0,000775
каждый 0,137934 0,000133
како 1,468347 0,000706
какой 0,005949 0,000020
калошка 2,167317 0,001042
капуста 1,565257 0,000753
карамазов 0,180546 0,000347
караулить 1,565257 0,000753
караульщик 2,167317 0,001042
катерина 0,587534 0,001695
квартира 0,623249 0,000300
квартирка 1,866287 0,000897
класс 0,888564 0,000854
кляститься 2,167317 0,001042
книга 0,106619 0,000154
книжка 1,167317 0,001122
когда 0,015029 0,000014
кола 0,991226 0,000477
колеска 1,866287 0,000897
коли 0,269690 0,000130
коля 0,565257 0,004076
комар 0,000000 0,000000
комната 0,150284 0,000217
конечно 0,060107 0,000029
коста 2,167317 0,001042
костя 1,690196 0,007313
котик 2,167317 0,001042
который 0,002964 0,000013
красота 0,720159 0,000346
красоткин 1,213075 0,010498
красоткинуть 1,389166 0,000668
кривой 1,167317 0,000561
крупинка 2,167317 0,001042
кто 0,114239 0,000055
куда 0,248239 0,000358
кулёк 2,167317 0,002084
лавка 0,787106 0,000757
ладонь 0,866287 0,000416
лапа 1,690196 0,001625
левый 0,704919 0,000678
легкомысленный 0,845098 0,000406
лежать 0,243038 0,000234
лепетать 1,088136 0,000523
лето 0,866287 0,000416
либо 0,000000 0,000000
лиловый 2,167317 0,001042
литература 1,468347 0,000706
лицо 0,000000 0,000000
лохматый 1,389166 0,000668
лошадка 1,565257 0,001505
любить 0,066947 0,000097
любой 0,000000 0,000000
любопытство 0,361137 0,000174
маленький 0,185046 0,000445
малолетний 1,690196 0,000813
мальчик 0,411442 0,000593
мама 1,167317 0,002245
мать 0,217927 0,000105
мгновенно 0,888564 0,000427
медный 1,021189 0,000491
между 0,129891 0,000187
меховой 1,866287 0,000897
мимо 0,514105 0,000247
минута 0,050046 0,000048
мир 0,523865 0,000252
младший 1,021189 0,000491
можно 0,088136 0,000169
мой 0,077412 0,000037
молча 0,367977 0,000177
мольба 1,322219 0,000636
момент 0,000000 0,000000
мороз 1,213075 0,000583
морозный 2,167317 0,001042
мочь 0,000000 0,000000
муж 0,805589 0,000387
мысль 0,114239 0,000055
мёртвый 0,805589 0,001162
наблюдать 0,587534 0,000282
навесить 2,167317 0,001042
навести 1,322219 0,000636
надевать 1,213075 0,000583
надеяться 0,434924 0,000209
надо 0,036984 0,000053
надобный 0,866287 0,000416
назад 0,000000 0,000000
название 1,088136 0,000523
назидательно 1,565257 0,000753
найти 0,298086 0,000143
наконец 0,073896 0,000107
накупить 2,167317 0,001042
намерить 0,805589 0,000387
написать 0,000000 0,000000
напротив 0,180546 0,000087
народ 0,514105 0,000247
наслаждение 0,769377 0,000370
настоящий 0,309985 0,000298
настя 1,866287 0,009870
насыпать 2,167317 0,001042
наука 0,787106 0,000378
находить 0,576253 0,000277
начать 0,066947 0,000193
наш 0,118099 0,000057
нашалить 1,866287 0,000897
недовольный 0,888564 0,000427
некоторый 0,154480 0,000074
немедленно 0,554533 0,000267
немножко 1,021189 0,001473
необходимо 0,963197 0,000463
неоднократный 1,866287 0,000897
неожиданно 0,523865 0,000252
непременно 0,133894 0,000129
нервно 0,936868 0,000450
несколько 0,095435 0,000229
несмотря 0,275223 0,000132
несчастный 0,374926 0,000180
неустанно 1,167317 0,000561
нечаянный 1,322219 0,000636
нечего 0,381987 0,000367
нибыть 0,030597 0,000059
никакой 0,213075 0,000102
никогда 0,088136 0,000169
никто 0,095435 0,000092
ничего 0,030597 0,000015
ничком 1,565257 0,000753
нога 0,213075 0,000102
ночь 0,189594 0,000091
ноябрьский 1,690196 0,000813
оба 0,316059 0,000152
обвинение 0,787106 0,000378
обитатель 1,866287 0,000897
обманывать 0,991226 0,000477
обожать 0,888564 0,000427
оборвать 1,167317 0,000561
образ 0,243038 0,000234
обратиться 0,316059 0,000152
обратно 0,675956 0,000325
обстоятельство 0,403889 0,000194
общественный 0,000000 0,000000
объявить 0,389166 0,000187
обыкновенный 0,565257 0,000272
обычный 1,264227 0,000608
оглядывать 0,991226 0,000477
огонь 0,991226 0,000477
огород 1,389166 0,000668
огрызнуться 1,468347 0,000706
одерживать 2,167317 0,001042
одетый 0,648803 0,000312
одеться 1,167317 0,000561
один 0,000000 0,000000
одинешенький 2,167317 0,001042
одиннадцать 0,866287 0,000833
ожидать 0,264227 0,000127
озабоченно 1,088136 0,001046
оказать 1,213075 0,000583
оказаться 0,275223 0,000132
около 0,443041 0,000213
окончательно 0,565257 0,000272
он 0,000000 0,000000
они 0,275223 0,000132
опасный 0,845098 0,000813
опоздать 0,866287 0,001249
определённый 1,322219 0,000636
опубликовать 0,000000 0,000000
опять 0,027438 0,000026
оренбург 2,167317 0,001042
оригинальный 0,936868 0,000450
осведомиться 0,805589 0,001162
осиротеть 2,167317 0,001042
осклабиться 1,088136 0,000523
ослабиться 2,167317 0,001042
особенно 0,129891 0,000062
оставаться 0,280827 0,000270
оставить 0,203530 0,000196
остановиться 0,269690 0,000130
остаться 0,133894 0,000193
отвезти 1,565257 0,000753
отвес 2,167317 0,001042
отворить 0,486076 0,000467
отвориться 0,936868 0,000450
отворять 1,167317 0,001122
отдаваться 1,389166 0,000668
откат 2,167317 0,002084
откуда 0,514105 0,000247
откупорить 1,468347 0,000706
отлучиться 1,213075 0,000583
отлучка 1,866287 0,000897
отпарировать 1,468347 0,000706
отпустить 0,845098 0,000406
отсутствие 1,167317 0,000561
отчёт 1,088136 0,000523
оформление 0,000000 0,000000
оцепенение 1,690196 0,000813
очень 0,024303 0,000058
очутиться 0,675956 0,000325
палец 0,486076 0,000234
пальтишко 1,389166 0,000668
первый 0,018098 0,000009
перебить 0,486076 0,000467
переглянуться 1,021189 0,000491
передний 0,963197 0,001389
перезвон 1,389166 0,006011
перейти 0,000000 0,000000
переходить 0,991226 0,000477
печка 1,565257 0,000753
плакать 0,328468 0,000316
плечо 0,403889 0,000194
победить 0,787106 0,000378
повелевать 1,690196 0,000813
повелить 2,167317 0,001042
поверить 0,347773 0,000167
повивальный 2,167317 0,002084
подарить 0,912045 0,000877
подборка 0,000000 0,000000
подобный 0,533849 0,000257
подписать 1,213075 0,000583
подумать 0,185046 0,000089
подхватить 0,403889 0,000194
подёргиваться 1,690196 0,000813
позавтракать 1,866287 0,000897
позорный 0,991226 0,000477
позубоскалить 2,167317 0,001042
пока 0,213075 0,000307
показать 0,292256 0,000703
показаться 0,334808 0,000161
показывать 0,514105 0,000247
поклясться 1,053374 0,001013
покровительство 1,264227 0,000608
пол 0,704919 0,000678
полгода 0,963197 0,000463
полезть 1,322219 0,000636
положительный 1,468347 0,000706
положить 0,403889 0,000194
помочь 0,587534 0,000282
помощь 0,888564 0,000427
понадобиться 0,936868 0,000450
понимать 0,095435 0,000092
понравиться 0,533849 0,000257
попросить 0,426955 0,000411
поразить 0,243038 0,000234
порог 0,888564 0,000427
порох 1,264227 0,004862
посетитель 0,991226 0,000953
последний 0,066947 0,000032
послушать 0,662167 0,000318
послушный 1,565257 0,000753
посмертно 0,000000 0,000000
посмотреть 0,213075 0,000102
поставить 0,451314 0,000434
потом 0,084532 0,000041
потому 0,024303 0,000047
почему 0,099131 0,000095
почти 0,024303 0,000035
пощадить 0,991226 0,000477
поэтому 1,866287 0,000897
право 0,176091 0,000085
правый 0,495219 0,000238
пред 0,030597 0,000015
предмет 0,611015 0,000294
представление 1,322219 0,000636
представлять 0,845098 0,000406
предстоять 0,963197 0,000463
предупредить 0,769377 0,000370
прежде 0,077412 0,000037
прежний 0,198834 0,000191
презрение 0,554533 0,000533
прекрасный 0,495219 0,000238
препирание 1,565257 0,000753
прервать 0,623249 0,000300
прибегнуть 1,389166 0,000668
приговор 0,824895 0,000397
приготовляться 1,125925 0,000541
прижизненный 0,000000 0,000000
призывный 1,866287 0,000897
прийти 0,095435 0,000092
прийтись 0,565257 0,000544
приказание 1,167317 0,000561
приказать 0,752344 0,000362
приключение 0,936868 0,000450
принести 0,389166 0,000187
приниматься 1,213075 0,000583
приносить 0,936868 0,000450
приняться 0,845098 0,000406
присвистнуть 1,866287 0,000897
присмотреть 1,690196 0,000813
приспособить 2,167317 0,001042
пристально 0,389166 0,000187
пристяжной 1,866287 0,000897
притвориться 1,322219 0,000636
приход 0,888564 0,000854
причём 0,912045 0,000438
прищёлкивать 1,866287 0,000897
приятельница 1,389166 0,000668
пробить 1,322219 0,001271
провизия 1,690196 0,000813
проговорить 0,110412 0,000212
программирование 0,000000 0,000000
продолжать 0,125925 0,000061
проект 1,264227 0,000608
произведение 0,000000 0,000000
произнести 0,280827 0,000270
пройти 0,000000 0,000000
прокатить 2,167317 0,001042
проклятый 0,662167 0,000318
просидеть 0,704919 0,000339
просить 0,150284 0,000072
просиять 1,264227 0,000608
протянуть 0,486076 0,000467
проходить 0,576253 0,000554
проясниться 1,468347 0,000706
прыгать 1,468347 0,002118
прятаться 0,888564 0,000427
птенец 1,565257 0,001505
публикация 0,000000 0,000000
пугливый 1,468347 0,000706
пузырь 1,866287 0,012562
пузырёк 1,866287 0,001795
пупырь 2,167317 0,003126
пуститься 0,845098 0,000406
пушечка 1,690196 0,002438
радоваться 0,888564 0,000427
радость 0,411442 0,000198
разве 0,146128 0,000141
раздаваться 1,088136 0,000523
раздражительный 0,587534 0,000282
разнестись 1,690196 0,000813
разный 0,565257 0,000272
разрез 1,866287 0,000897
разрешение 0,000000 0,000000
разумеется 0,328468 0,000474
ранний 0,504560 0,000243
рассказать 0,280827 0,000135
рассматривать 0,824895 0,000397
рассудить 0,675956 0,000325
растолковать 1,053374 0,000506
расхаживать 1,690196 0,000813
ребёнок 0,232819 0,000895
ребёночек 1,088136 0,004185
решать 1,053374 0,000506
решительно 0,341243 0,000328
решить 0,232819 0,000224
родить 1,167317 0,001122
розга 1,213075 0,000583
рука 0,030597 0,000044
русский 0,411442 0,000198
рябой 1,866287 0,000897
рядом 0,690196 0,000332
сайт 0,000000 0,000000
сам 0,002964 0,000006
самый 0,018098 0,000017
сапог 0,805589 0,000387
свезти 1,389166 0,000668
сверстник 1,690196 0,000813
сверх 0,752344 0,001085
свидание 0,514105 0,000247
свист 1,866287 0,000897
свистнуть 1,389166 0,001336
свободно 0,000000 0,000000
свой 0,000000 0,000000
святой 0,468347 0,000225
свёрнутый 1,866287 0,000897
сделать 0,102859 0,000049
себя 0,000000 0,000000
сегодня 0,194189 0,000187
семилетний 1,690196 0,000813
семьдесят 0,000000 0,000000
сени 0,824895 0,001586
сердитый 1,389166 0,000668
сердце 0,095435 0,000092
серо 1,866287 0,000897
сечь 1,322219 0,000636
сиверкий 2,167317 0,001042
сидеть 0,125925 0,000363
сказать 0,011981 0,000012
скакать 1,213075 0,000583
сколько 0,280827 0,000135
скороговорка 1,264227 0,000608
слазить 1,866287 0,000897
слеза 0,275223 0,000132
слово 0,027438 0,000026
слог 1,088136 0,000523
сломать 1,264227 0,001216
служанка 0,888564 0,001709
служить 0,544068 0,000262
слух 0,805589 0,000387
случай 0,146128 0,000211
случиться 0,292256 0,000422
слушать 0,203530 0,000489
сметь 0,389166 0,000187
смешной 0,565257 0,000272
смотреть 0,077412 0,000112
смущать 0,991226 0,000477
смягчать 2,167317 0,001042
снести 0,845098 0,000406
собака 0,888564 0,001709
собрание 1,088136 0,000523
собственный 0,264227 0,000127
совершенно 0,180546 0,000174
совсем 0,021189 0,000020
согласие 0,000000 0,000000
согласиться 0,396465 0,000191
соглашаться 0,963197 0,000463
солдат 0,888564 0,000427
соображать 0,963197 0,000463
сорок 0,845098 0,000406
сочинение 1,468347 0,000706
спасение 0,991226 0,000477
сперва 0,735954 0,000354
спина 0,752344 0,000362
спокойный 0,576253 0,000277
спор 1,053374 0,000506
спорить 0,752344 0,000723
спрашивать 0,232819 0,000112
спросить 0,114239 0,000055
старуха 0,690196 0,000332
старший 0,587534 0,000847
стать 0,002964 0,000009
стоить 0,189594 0,000091
стол 0,286504 0,000275
столик 0,845098 0,000406
сторона 0,110412 0,000053
страстный 0,963197 0,000463
страх 0,426955 0,001026
страшный 0,286504 0,000275
стрелять 1,322219 0,001907
стремительно 0,936868 0,000450
стремительность 2,167317 0,001042
струсить 1,021189 0,000491
стучать 0,866287 0,000416
суббота 1,866287 0,000897
судьба 0,443041 0,000213
сумасшедший 0,554533 0,000267
сумка 1,866287 0,002692
таинственный 0,991226 0,000477
также 0,000000 0,000000
такой 0,002964 0,000007
ташкент 2,167317 0,001042
твой 0,258832 0,000124
твёрдо 0,419129 0,000403
твёрдый 0,576253 0,000277
текст 0,000000 0,000000
тело 0,720159 0,000346
теперь 0,015029 0,000007
толстой 1,088136 0,000523
только 0,002964 0,000011
том 1,565257 0,000753
тоска 0,599116 0,000288
тот 0,002964 0,000006
тотчас 0,046743 0,000022
тревога 0,648803 0,000312
тринадцатилетний 1,468347 0,000706
ты 0,133894 0,000193
тюрьма 1,213075 0,001166
убить 0,275223 0,000265
угнетение 2,167317 0,001042
удар 0,866287 0,000416
ужасно 0,167317 0,000080
уйти 0,248239 0,000358
улыбаться 0,544068 0,000262
улыбка 0,374926 0,000180
умереть 0,269690 0,000130
умерший 0,000000 0,000000
уметь 0,328468 0,000158
умоляющий 1,565257 0,000753
усиленно 1,264227 0,000608
усилить 1,389166 0,000668
утро 0,347773 0,000334
утром 0,411442 0,000198
уходить 0,328468 0,000632
участие 0,787106 0,000378
фёдор 0,434924 0,000418
фёдорович 0,150284 0,000072
хвост 1,125925 0,001083
ходить 0,213075 0,000102
холод 1,125925 0,000541
хотеть 0,033778 0,000032
хоть 0,060107 0,000029
хранитель 1,389166 0,001336
час 0,185046 0,000267
часто 0,292256 0,000141
часть 0,002964 0,000003
чей 0,000000 0,000000
через 0,258832 0,000124
четвёртый 0,286504 0,000275
четыре 0,361137 0,000174
число 0,704919 0,000339
читаемый 2,167317 0,001042
читать 0,403889 0,000777
чрез 0,275223 0,000529
что 0,030597 0,000044
чтоб 0,073896 0,000036
чувство 0,158717 0,000076
чудом 1,468347 0,000706
шагнуть 0,912045 0,000438
шалить 1,468347 0,000706
шерсть 1,866287 0,000897
шкап 1,565257 0,000753
школьник 0,936868 0,000450
штука 0,912045 0,000438
экстренный 1,690196 0,000813
это 0,002964 0,000007
этот 0,002964 0,000007
эффект 1,021189 0,000491
я 0,024303 0,000047
являться 0,675956 0,000325
