автор 0,000000 0,000000
авторский 0,000000 0,000000
алексей 0,000000 0,000000
алеш 0,328468 0,000156
анекдотик 1,565257 0,000744
арест 1,167317 0,001109
аффект 1,690196 0,003212
бегать 0,912045 0,000433
бедный 0,328468 0,000468
бела 1,468347 0,000698
бернар 1,565257 0,000744
бескорыстный 1,866287 0,000887
беспрерывно 0,623249 0,000296
библиотека 1,866287 0,002660
благодарить 0,635838 0,000302
благодарный 0,752344 0,000715
благоприятный 1,690196 0,000803
благословить 0,735954 0,000350
благочестивый 1,322219 0,001256
божий 0,623249 0,000296
более 0,000000 0,000000
болезненный 0,611015 0,000581
больной 0,258832 0,000369
большой 0,056728 0,000027
бороться 1,053374 0,000500
браво 1,167317 0,000555
брат 0,060107 0,000143
брать 0,486076 0,000231
бросить 0,269690 0,000128
будто 0,099131 0,000047
бывало 0,554533 0,000263
быть 0,000000 0,000000
важный 0,341243 0,000162
варвинский 1,389166 0,001320
вдруг 0,005949 0,000023
везде 0,866287 0,000412
верный 0,495219 0,000235
вертеть 2,167317 0,001030
весь 0,002964 0,000014
весьма 0,243038 0,000346
взгляд 0,185046 0,000176
вздрогнуть 0,486076 0,000231
видать 0,419129 0,000398
видеть 0,027438 0,000013
визит 0,845098 0,000803
влечение 1,322219 0,000628
вовсе 0,150284 0,000143
возбудить 0,787106 0,000374
вознаграждение 0,000000 0,000000
войти 0,137934 0,000131
вообще 0,459747 0,000218
впереди 0,912045 0,000867
вперёд 0,426955 0,000203
впечатление 0,389166 0,000370
вполне 0,316059 0,000150
впоследствии 0,662167 0,000315
впрочем 0,118099 0,000224
врач 1,264227 0,005405
время 0,018098 0,000017
всегда 0,129891 0,000123
всеять 0,888564 0,000422
вспоминать 0,623249 0,000296
вспомнить 0,434924 0,000413
всякий 0,106619 0,000051
входить 0,477121 0,001133
вывод 1,389166 0,000660
выводить 0,936868 0,000445
вызвать 0,824895 0,001567
выиграть 1,088136 0,000517
выйти 0,063514 0,000030
выплата 0,000000 0,000000
выразительный 2,167317 0,001030
выразить 0,599116 0,000285
выскакивать 1,389166 0,000660
высокий 0,213075 0,000202
выходить 0,258832 0,000123
гернгутереть 2,167317 0,001030
герценштуба 1,088136 0,004135
главное 0,185046 0,000088
главный 0,426955 0,000203
глаз 0,056728 0,000081
глубокий 0,477121 0,000227
гнев 0,544068 0,000258
говорить 0,011981 0,000074
говориться 1,167317 0,000555
год 0,292256 0,000139
голова 0,114239 0,000109
голос 0,208276 0,000099
гораздо 0,443041 0,000210
город 0,248239 0,000472
гость 0,434924 0,000207
гулять 0,963197 0,000915
давно 0,158717 0,000151
даже 0,005949 0,000031
далёкий 0,411442 0,000195
дама 0,434924 0,000620
данные 1,322219 0,000628
данный 1,322219 0,001256
дарить 1,264227 0,000601
дарование 2,167317 0,001030
даром 0,769377 0,000365
дать 0,171682 0,000082
двадцать 0,303994 0,000289
двенадцатый 0,690196 0,000656
двор 0,523865 0,000498
действие 1,088136 0,001034
действительно 0,106619 0,000101
дело 0,011981 0,000011
день 0,118099 0,000112
деньга 0,185046 0,000176
дерево 0,752344 0,000357
держать 0,403889 0,000384
десятка 1,468347 0,000698
детство 0,720159 0,001026
добросовестный 1,866287 0,000887
добрый 0,303994 0,000144
довольно 0,129891 0,000062
доказать 0,565257 0,000269
доктор 0,554533 0,005005
должный 0,099131 0,000377
дорога 0,275223 0,000131
достоевский 0,000000 0,000000
достоинство 0,587534 0,000279
достояние 0,000000 0,000000
другой 0,008955 0,000017
думать 0,060107 0,000029
душевный 0,912045 0,000433
дядя 1,167317 0,000555
единственно 0,477121 0,000227
если 0,011981 0,000023
есть 0,018098 0,000026
жаль 0,635838 0,000604
жар 0,587534 0,000279
ждать 0,142011 0,000067
женщина 0,213075 0,000101
жизнь 0,084532 0,000120
забывать 0,824895 0,000392
забыть 0,125925 0,000179
зависеть 0,888564 0,000844
задний 1,021189 0,000485
заканчивать 2,167317 0,001030
заключать 0,787106 0,000374
заключение 0,787106 0,000374
заключить 0,347773 0,000330
зала 0,662167 0,001573
замахать 1,125925 0,000535
заметить 0,056728 0,000027
замечание 0,888564 0,000844
замечательный 0,675956 0,000321
заплакать 0,599116 0,000285
засесть 1,167317 0,000555
засмеяться 0,347773 0,000496
заставлять 1,167317 0,000555
затем 0,237898 0,000226
защита 1,053374 0,002002
защитник 0,963197 0,000915
заявить 0,675956 0,000321
здесь 0,095435 0,000091
здравый 1,125925 0,000535
земля 0,298086 0,000142
знаменитый 0,936868 0,001780
знать 0,002964 0,000007
знающий 1,264227 0,000601
иванович 0,269690 0,000384
игривость 1,866287 0,000887
игривый 1,565257 0,000744
идеальный 1,866287 0,000887
идея 0,459747 0,000218
изба 0,824895 0,000392
известно 0,334808 0,000159
издавна 1,866287 0,000887
изъясняться 1,690196 0,000803
именно 0,066947 0,000159
иметь 0,118099 0,000281
интересный 0,845098 0,000401
иронически 1,565257 0,000744
искать 0,411442 0,000195
использоваться 0,000000 0,000000
исступление 0,565257 0,000269
источник 1,565257 0,000744
кабинет 0,936868 0,000445
каждый 0,137934 0,000131
казаться 0,063514 0,000030
какой 0,005949 0,000017
карамазов 0,180546 0,000429
картофельный 2,167317 0,001030
касаться 0,599116 0,000285
катастрофа 0,936868 0,000445
катерина 0,587534 0,000837
качество 0,735954 0,000350
кинуться 0,991226 0,000471
класть 1,213075 0,000576
книга 0,106619 0,000152
когда 0,015029 0,000043
комар 0,000000 0,000000
комизм 1,565257 0,000744
комический 1,264227 0,000601
конец 0,213075 0,000101
конечно 0,060107 0,000114
конура 1,866287 0,000887
который 0,002964 0,000021
крепкий 0,787106 0,000374
крестьянин 1,389166 0,000660
крикнуть 0,292256 0,000278
кричать 0,303994 0,000144
кроме 0,158717 0,000151
кстати 0,468347 0,000222
кто 0,114239 0,000054
куда 0,248239 0,000236
купить 0,752344 0,000715
легко 0,752344 0,000357
лекарство 1,322219 0,000628
лекарь 1,565257 0,000744
лепетать 1,088136 0,000517
лечение 1,125925 0,000535
лечить 1,213075 0,001153
либо 0,000000 0,000000
литература 1,468347 0,000698
лицо 0,000000 0,000000
лишь 0,185046 0,000088
логика 1,264227 0,000601
любитель 1,322219 0,000628
любить 0,066947 0,000127
любой 0,000000 0,000000
маленький 0,185046 0,000088
мальчик 0,411442 0,000782
малютка 1,690196 0,000803
манер 1,021189 0,000485
мания 1,468347 0,002093
махать 0,963197 0,000458
медицинский 1,125925 0,001605
медленно 0,805589 0,000383
между 0,129891 0,000123
менее 0,635838 0,000302
место 0,099131 0,000141
мигом 0,504560 0,000240
мимо 0,514105 0,000244
минута 0,050046 0,000095
мир 0,523865 0,000249
митя 0,451314 0,001501
мнение 0,374926 0,000712
многий 0,514105 0,000488
много 0,080958 0,000154
мой 0,077412 0,000074
молодой 0,222835 0,000741
молодость 1,021189 0,000485
момент 0,000000 0,000000
моравский 2,167317 0,001030
москва 0,468347 0,000222
московский 1,053374 0,001501
мочь 0,000000 0,000000
наверно 0,264227 0,000126
надежда 0,533849 0,000254
надо 0,036984 0,000070
назад 0,000000 0,000000
название 1,088136 0,000517
называться 0,866287 0,000412
найти 0,298086 0,000142
наконец 0,073896 0,000070
налево 0,824895 0,001176
наоборот 1,690196 0,000803
написать 0,000000 0,000000
направо 0,787106 0,000748
напротив 0,180546 0,000172
нарочно 0,227798 0,000108
настойчиво 0,787106 0,000374
настояние 1,468347 0,000698
настоятельно 0,991226 0,000471
насчёт 0,354404 0,000505
наука 0,787106 0,000374
находиться 0,514105 0,000733
начать 0,066947 0,000032
начаться 0,514105 0,000244
наш 0,118099 0,000112
невозможно 0,411442 0,000195
невольно 0,704919 0,000335
некоторый 0,154480 0,000294
немец 1,389166 0,000660
немецк 1,565257 0,000744
немецкий 1,264227 0,001201
ненормальность 1,866287 0,001773
ненормальный 1,866287 0,001773
необъяснимый 1,468347 0,000698
необыкновенный 0,396465 0,000188
необычайный 0,662167 0,000315
неожиданно 0,523865 0,000498
неожиданный 0,419129 0,000597
неподвижно 0,936868 0,000445
неподвижный 0,991226 0,000471
непонятный 1,053374 0,000500
нервный 0,824895 0,000784
несколько 0,095435 0,000136
несомненный 1,088136 0,000517
нестяжательный 2,167317 0,001030
нетерпение 0,554533 0,000263
неудача 1,322219 0,000628
нечто 0,389166 0,000185
нибыть 0,030597 0,000029
никак 0,396465 0,000188
никакой 0,213075 0,000101
никогда 0,088136 0,000126
никто 0,095435 0,000136
ничего 0,030597 0,000015
нормальный 1,389166 0,001320
нотка 1,167317 0,000555
нравственный 0,690196 0,000328
оба 0,316059 0,000150
обвинение 0,787106 0,000748
обида 0,720159 0,000342
обидный 0,991226 0,000471
обмануть 0,787106 0,000374
обнять 0,735954 0,000350
обрадоваться 0,611015 0,000290
образ 0,243038 0,000115
образцовый 1,866287 0,000887
обстоятельство 0,403889 0,000192
общественный 0,000000 0,000000
объяснить 0,374926 0,000178
обычай 1,053374 0,000500
обычный 1,264227 0,000601
овладеть 0,912045 0,000433
один 0,000000 0,000000
однако 0,102859 0,000049
оказаться 0,275223 0,000261
окритиковать 2,167317 0,001030
он 0,000000 0,000000
опасный 0,845098 0,000401
опрос 1,565257 0,000744
опубликовать 0,000000 0,000000
опускать 1,565257 0,000744
опять 0,027438 0,000026
орех 1,468347 0,006976
основание 0,787106 0,000374
особенно 0,129891 0,000062
особенный 0,389166 0,000370
оставлять 0,533849 0,000254
остановить 0,565257 0,000269
острить 1,468347 0,000698
остроумие 1,213075 0,000576
отец 0,091770 0,000131
отзыв 1,213075 0,000576
отлично 0,805589 0,000383
отчасти 0,611015 0,000290
отыскать 0,769377 0,000365
оформление 0,000000 0,000000
охотно 1,322219 0,000628
очевидный 0,554533 0,000263
очень 0,024303 0,000127
очередь 0,769377 0,000365
ошибочно 1,690196 0,000803
палец 0,486076 0,000462
панталончик 1,866287 0,000887
пачкать 1,866287 0,000887
первый 0,018098 0,000009
передавать 0,635838 0,000302
перейти 0,000000 0,000000
плакать 0,328468 0,000468
плач 1,053374 0,001001
плешивый 2,167317 0,001030
повернуться 0,495219 0,000235
подборка 0,000000 0,000000
поднять 0,396465 0,000377
подобный 0,533849 0,000254
подсказать 0,963197 0,000458
подсудимый 0,866287 0,005350
подтвердить 0,544068 0,000517
подхватить 0,403889 0,000192
пожалеть 1,021189 0,000485
позволить 0,264227 0,000126
пойти 0,080958 0,000038
показание 0,752344 0,001072
показаться 0,334808 0,000159
покупать 1,322219 0,000628
пол 0,704919 0,000335
положение 0,459747 0,000218
положительный 1,468347 0,000698
получить 0,309985 0,000147
польза 0,675956 0,000642
помешательство 1,167317 0,000555
помнить 0,167317 0,000159
помочь 0,587534 0,000279
помощь 0,888564 0,000422
попросить 0,426955 0,000203
посетитель 0,991226 0,000942
после 0,084532 0,000080
последний 0,066947 0,000032
пословица 1,468347 0,002790
послужить 0,824895 0,000392
послышаться 0,735954 0,000350
посмертно 0,000000 0,000000
посмотреть 0,213075 0,000101
постоянный 1,167317 0,000555
поступок 0,623249 0,000296
потерянный 0,912045 0,000433
потерять 0,611015 0,000290
потом 0,084532 0,000040
потому 0,024303 0,000012
почему 0,099131 0,000094
почти 0,024303 0,000035
появиться 0,662167 0,000315
пребывание 1,213075 0,000576
пред 0,030597 0,000131
председатель 1,125925 0,000535
представить 0,286504 0,000136
предчувствовать 0,504560 0,000240
прежде 0,077412 0,000147
прежний 0,198834 0,000094
прекрасный 0,495219 0,000471
преступление 0,623249 0,000592
прибавить 0,162996 0,000155
прибегать 1,264227 0,000601
привязаться 1,125925 0,000535
придать 1,088136 0,000517
приезд 0,805589 0,000383
приезжий 1,264227 0,000601
приехать 0,309985 0,000442
прижизненный 0,000000 0,000000
признак 0,845098 0,000401
прийти 0,095435 0,000181
принести 0,389166 0,000370
приносить 0,936868 0,000445
принудить 0,805589 0,000383
припомнить 0,533849 0,000254
присовокупить 1,468347 0,001395
притом 0,769377 0,000365
приходить 0,243038 0,000115
причина 0,396465 0,000188
проговорить 0,110412 0,000052
программирование 0,000000 0,000000
прогуливаться 2,167317 0,001030
продолжать 0,125925 0,000179
проиграть 1,213075 0,000576
произведение 0,000000 0,000000
произвести 0,504560 0,000479
производить 0,936868 0,000445
произойти 0,258832 0,000123
происходить 0,523865 0,000249
пройти 0,000000 0,000000
прокурор 0,787106 0,000748
проникновенный 1,322219 0,000628
пропасть 0,769377 0,000365
пророчить 1,866287 0,000887
просто 0,232819 0,000111
простодушие 1,021189 0,000485
против 0,389166 0,000185
проч 0,662167 0,000315
прямо 0,118099 0,000337
прямой 0,675956 0,000321
прямота 1,866287 0,000887
публика 0,805589 0,001531
публикация 0,000000 0,000000
пуговка 1,866287 0,000887
пункт 0,824895 0,000392
пустить 0,735954 0,001049
пьяный 0,451314 0,000214
пять 0,222835 0,000212
радикально 1,690196 0,000803
радостно 0,888564 0,000422
разговор 0,264227 0,000251
раздражение 0,888564 0,000844
разногласие 2,167317 0,002059
разрешение 0,000000 0,000000
рассеянность 1,213075 0,000576
рассчитывать 0,675956 0,000321
расти 1,088136 0,000517
растянуто 1,866287 0,000887
ребёнок 0,232819 0,000111
ревность 0,888564 0,000422
резко 0,648803 0,000308
резкость 1,866287 0,000887
речь 0,486076 0,000693
решаться 0,752344 0,000357
решающий 2,167317 0,001030
решительно 0,341243 0,000162
рост 0,675956 0,000321
рубль 0,334808 0,000318
рука 0,030597 0,000044
русски 0,991226 0,000471
русский 0,411442 0,001368
сайт 0,000000 0,000000
сам 0,002964 0,000006
самодовольный 1,468347 0,000698
самый 0,018098 0,000052
сапожок 1,389166 0,001320
сбить 0,866287 0,000412
сверх 0,752344 0,000357
свидетель 0,459747 0,000874
свидетельство 0,991226 0,000471
свидетельствовать 0,888564 0,000422
свободно 0,000000 0,000000
своеобразный 1,389166 0,000660
свой 0,000000 0,000000
святой 0,468347 0,000222
себя 0,000000 0,000000
сегодня 0,194189 0,000185
седой 0,991226 0,000471
сейчас 0,070407 0,000100
семейство 0,451314 0,000214
семидесятилетний 1,866287 0,000887
семьдесят 0,000000 0,000000
сердце 0,095435 0,000091
серьёзно 0,419129 0,000199
сидеть 0,125925 0,000179
сказать 0,011981 0,000028
сколько 0,280827 0,000133
скромный 0,991226 0,000942
слабость 0,888564 0,000422
словечко 0,704919 0,000335
слово 0,027438 0,000091
сложение 1,125925 0,000535
случай 0,146128 0,000139
смех 0,443041 0,000210
смеяться 0,171682 0,000245
смотреть 0,077412 0,000331
смущать 0,991226 0,000471
смущаться 1,389166 0,000660
смысл 0,523865 0,000249
собирать 1,565257 0,000744
собрание 1,088136 0,000517
собранный 1,866287 0,000887
собрат 2,167317 0,001030
совершенно 0,180546 0,000257
совершенный 0,451314 0,000214
совершить 0,769377 0,000365
совет 0,662167 0,000315
совсем 0,021189 0,000010
согласие 0,000000 0,000000
согласиться 0,396465 0,000188
соглашаться 0,963197 0,000458
сознавать 0,824895 0,000392
солдат 0,888564 0,000422
соображение 0,912045 0,000433
сообразить 0,690196 0,000328
сорок 0,845098 0,000401
состояние 0,322219 0,000918
сочинение 1,468347 0,000698
специальный 1,565257 0,000744
спокойный 0,576253 0,000274
способность 0,805589 0,000383
справка 1,264227 0,000601
спрашивать 0,232819 0,000111
спросить 0,114239 0,000326
сравнение 1,213075 0,000576
среднее 1,167317 0,000555
старик 0,303994 0,000289
старичок 0,912045 0,002166
старожил 2,167317 0,001030
стать 0,002964 0,000003
степень 0,367977 0,000175
странный 0,227798 0,000216
суд 0,554533 0,000527
судьба 0,443041 0,000210
существо 0,477121 0,000227
счастие 0,451314 0,000214
счастливый 0,451314 0,000214
считать 0,275223 0,000392
считаться 1,088136 0,000517
сюда 0,232819 0,000111
также 0,000000 0,000000
такой 0,002964 0,000003
твой 0,258832 0,000123
текст 0,000000 0,000000
теперь 0,015029 0,000064
тогда 0,050046 0,000214
тоже 0,043466 0,000062
только 0,002964 0,000006
том 1,565257 0,000744
тот 0,002964 0,000006
точно 0,121994 0,000058
третий 0,154480 0,000147
три 0,303994 0,000289
тугой 1,690196 0,000803
ты 0,133894 0,000064
тысяча 0,217927 0,000207
уважать 0,523865 0,000249
увезти 0,963197 0,000458
уверять 0,411442 0,000195
ужасно 0,167317 0,000079
узнать 0,106619 0,000101
уйти 0,248239 0,000118
указать 0,554533 0,000263
улыбаться 0,544068 0,000258
улыбнуться 0,426955 0,000203
ум 0,720159 0,000342
умерший 0,000000 0,000000
умно 1,264227 0,000601
умный 0,403889 0,000192
умственный 1,322219 0,001256
упираться 1,690196 0,000803
упрямо 1,690196 0,000803
упрямый 1,322219 0,000628
усматривать 1,866287 0,001773
усматриваться 2,167317 0,003089
утверждать 0,623249 0,000296
утро 0,347773 0,000165
ухватить 1,565257 0,000744
участь 1,053374 0,002002
учёный 0,752344 0,001072
факт 0,533849 0,000254
фетюкович 1,167317 0,001109
фигурировать 2,167317 0,001030
фраза 0,805589 0,000383
франц 0,635838 0,000302
фунт 1,322219 0,008794
фёдор 0,434924 0,000413
ходить 0,213075 0,000101
холостой 1,468347 0,000698
хороший 0,077412 0,000294
хорошо 0,189594 0,000270
хоть 0,060107 0,000029
хотя 0,050046 0,000071
цветущий 1,690196 0,000803
целомудренный 1,389166 0,000660
ценить 0,769377 0,000731
час 0,185046 0,000176
часто 0,292256 0,000278
часть 0,002964 0,000003
чей 0,000000 0,000000
человек 0,011981 0,000046
человеколюбивый 1,690196 0,000803
через 0,258832 0,000123
честной 0,587534 0,000279
четвёртый 0,286504 0,000272
число 0,704919 0,000335
читаемый 2,167317 0,001030
читать 0,403889 0,000192
член 0,752344 0,000357
чрезвычайно 0,217927 0,000207
чрезвычайный 0,258832 0,000246
что 0,030597 0,000029
чувствительный 1,088136 0,001034
чудный 1,866287 0,000887
шагать 0,963197 0,000458
шпацирена 2,167317 0,001030
шёпот 1,565257 0,000744
эксперт 1,565257 0,002231
экспертиза 1,468347 0,002093
это 0,002964 0,000001
этот 0,002964 0,000004
эфик 1,866287 0,000887
эффект 1,021189 0,000485
юноша 0,912045 0,000433
я 0,024303 0,000023
яблоко 1,866287 0,001773
явиться 0,298086 0,000142
являться 0,675956 0,000321
язык 0,611015 0,000581
