автор 0,000000 0,000000
авторский 0,000000 0,000000
аграфена 0,912045 0,000786
аккомпанировать 2,167317 0,000933
аккорд 2,167317 0,001867
александрович 0,504560 0,000435
алексей 0,000000 0,000000
алеш 0,328468 0,002971
англичанин 1,866287 0,000804
аршин 1,322219 0,000569
аться 2,167317 0,000933
базар 1,322219 0,000569
барин 0,787106 0,000339
беседка 1,468347 0,006324
беспрестанный 2,167317 0,000933
бесчеловечный 1,322219 0,000569
библиотека 1,866287 0,002411
благодарить 0,635838 0,000274
благодаря 1,264227 0,000544
благодетель 0,866287 0,000373
благородный 0,374926 0,000161
блеснуть 1,088136 0,000469
близкий 0,477121 0,000205
более 0,000000 0,000000
больший 0,248239 0,000107
большой 0,056728 0,000024
ботинок 1,866287 0,000804
бояться 0,158717 0,000137
брат 0,060107 0,000466
братец 0,991226 0,000427
броситься 0,258832 0,000111
будто 0,099131 0,000043
бульонщик 1,565257 0,000674
бунтовать 1,322219 0,001139
бывало 0,554533 0,000239
бывать 0,280827 0,000121
быстро 0,232819 0,000100
быть 0,000000 0,000000
важный 0,341243 0,000294
василиевич 1,167317 0,001005
ваш 0,121994 0,000053
вблизи 1,389166 0,000598
вдруг 0,005949 0,000020
ведь 0,043466 0,000019
вежливый 0,735954 0,000317
великий 0,341243 0,000441
великое 0,888564 0,000383
верно 0,523865 0,000451
веснушка 1,866287 0,000804
весь 0,002964 0,000013
весьма 0,243038 0,000105
ветхий 1,088136 0,000469
вечер 0,322219 0,000139
вздор 0,565257 0,000487
видеть 0,027438 0,000024
видимо 0,328468 0,000141
визит 0,845098 0,000364
влево 1,690196 0,000728
вместе 0,208276 0,000090
вниз 0,752344 0,000324
вновь 0,720159 0,000310
вовремя 1,167317 0,000503
вовсе 0,150284 0,000129
военный 0,936868 0,000807
возможно 0,735954 0,000634
вознаграждение 0,000000 0,000000
войти 0,137934 0,000178
волнение 0,361137 0,000156
вонючий 1,468347 0,000632
ворота 0,720159 0,000310
воротиться 0,303994 0,000131
восемь 0,735954 0,000317
воскликнуть 0,269690 0,000116
воспоминание 0,635838 0,000274
впрочем 0,118099 0,000102
время 0,018098 0,000008
всегда 0,129891 0,000056
всегдашний 0,991226 0,000427
вскинуть 0,991226 0,000427
вслед 0,523865 0,000226
встать 0,269690 0,000116
встретить 0,459747 0,000198
всякий 0,106619 0,000138
второй 0,217927 0,000188
входить 0,477121 0,000205
вчера 0,341243 0,001176
вчерашний 0,599116 0,000516
выверт 1,565257 0,000674
выговорить 0,599116 0,000258
выдавать 1,021189 0,000440
вызвать 0,824895 0,000711
выйти 0,063514 0,000027
вынуть 0,451314 0,000194
выплата 0,000000 0,000000
выходить 0,258832 0,000223
гитара 1,468347 0,003162
глаз 0,056728 0,000049
глазок 0,805589 0,000347
глупый 0,419129 0,000542
говорить 0,011981 0,000057
год 0,292256 0,000126
голова 0,114239 0,000098
голос 0,208276 0,000807
голоштанник 2,167317 0,000933
голубой 0,936868 0,000403
гораздо 0,443041 0,000191
город 0,248239 0,000107
городской 0,936868 0,000403
господь 0,374926 0,000323
гость 0,434924 0,000187
готовить 1,213075 0,000522
готовый 0,367977 0,000158
графский 2,167317 0,000933
григорий 0,648803 0,000559
грозить 1,053374 0,000454
грустно 0,735954 0,000634
грушенек 0,787106 0,000339
гусарик 2,167317 0,001867
давать 0,253503 0,000109
давно 0,158717 0,000068
даже 0,005949 0,000013
далёкий 0,411442 0,000354
дама 0,434924 0,000375
дать 0,171682 0,000148
два 0,198834 0,000086
двадцать 0,303994 0,000131
двенадцатый 0,690196 0,000297
двухаршинный 2,167317 0,000933
девица 0,648803 0,000279
девушка 0,533849 0,000230
действительно 0,106619 0,000046
делать 0,194189 0,000167
делаться 0,991226 0,000427
дело 0,011981 0,000021
день 0,118099 0,000051
деньга 0,185046 0,000080
держать 0,403889 0,000174
дескать 0,419129 0,000361
дмитрий 0,396465 0,001878
дозволить 1,389166 0,000598
долго 0,222835 0,000096
должный 0,099131 0,000128
дом 0,154480 0,000067
домик 1,213075 0,000522
домой 0,459747 0,000198
достоевский 0,000000 0,000000
достоинство 0,587534 0,000253
достояние 0,000000 0,000000
дочка 0,912045 0,000393
дочь 0,374926 0,000161
другой 0,008955 0,000023
дрянный 1,125925 0,000485
думать 0,060107 0,000052
дурной 0,611015 0,000263
дуэль 1,213075 0,001567
единственно 0,477121 0,000205
если 0,011981 0,000052
ждать 0,142011 0,000122
желать 0,232819 0,000501
жеманство 2,167317 0,000933
женский 0,623249 0,001074
женщина 0,213075 0,000092
жизнь 0,084532 0,000073
жить 0,217927 0,000188
жребий 1,565257 0,000674
забор 0,866287 0,000746
завитой 1,690196 0,000728
заговор 1,264227 0,000544
заигрывать 1,866287 0,000804
закричать 0,434924 0,000187
залиться 1,021189 0,000440
заметить 0,056728 0,000098
запеть 1,322219 0,001139
засесть 1,167317 0,000503
застать 0,648803 0,000279
затворить 1,322219 0,000569
захватить 0,587534 0,000506
захотеться 0,704919 0,000304
защищать 0,912045 0,000786
заявить 0,675956 0,000291
звать 0,419129 0,000181
здесь 0,095435 0,000206
здешний 0,611015 0,000789
здоровый 0,769377 0,000663
зелёный 0,805589 0,000694
знакомиться 1,389166 0,000598
знакомство 0,720159 0,000620
знать 0,002964 0,000013
иван 0,232819 0,000702
игнатиевич 1,021189 0,000440
известие 0,554533 0,000478
известный 0,347773 0,000150
извинение 1,125925 0,000485
извинить 0,611015 0,000263
изволить 0,477121 0,000411
иловать 2,167317 0,001867
именно 0,066947 0,000115
иметь 0,118099 0,000102
император 1,468347 0,000632
иной 0,208276 0,000179
иностранец 1,322219 0,001708
искать 0,411442 0,000177
исполнить 0,648803 0,000279
использоваться 0,000000 0,000000
истолочь 2,167317 0,000933
источник 1,565257 0,000674
ихний 0,963197 0,001659
кабы 1,125925 0,001940
каждый 0,137934 0,000059
казаться 0,063514 0,000027
какой 0,005949 0,000003
калитка 1,125925 0,000485
карамазов 0,180546 0,000311
караулить 1,565257 0,000674
карман 0,396465 0,000171
картинка 1,565257 0,000674
катастрофа 0,936868 0,000807
кафе 1,690196 0,000728
квартира 0,623249 0,000537
книга 0,106619 0,000138
когда 0,015029 0,000032
коли 0,269690 0,000348
колтун 2,167317 0,000933
комар 0,000000 0,000000
комната 0,150284 0,000065
кондратиевич 1,213075 0,006792
коньяк 1,264227 0,000544
корона 1,866287 0,001607
который 0,002964 0,000006
крайний 0,292256 0,000252
крикнуть 0,292256 0,000126
кроме 0,158717 0,000068
круглый 0,963197 0,000415
кружок 2,167317 0,000933
крыльцо 0,787106 0,000339
куда 0,248239 0,000107
куплет 2,167317 0,001867
куст 1,389166 0,001197
лакей 0,704919 0,000607
лакейский 1,866287 0,001607
лакированный 1,866287 0,001607
ласкательный 2,167317 0,000933
ласкаться 1,866287 0,000804
лежать 0,243038 0,000105
лезть 0,936868 0,000403
лестница 0,787106 0,000339
лечь 0,866287 0,000373
либо 0,000000 0,000000
литература 1,468347 0,000632
лицо 0,000000 0,000000
лишь 0,185046 0,000080
ложесон 2,167317 0,001867
любить 0,066947 0,000058
любой 0,000000 0,000000
малое 0,963197 0,000415
малыий 2,167317 0,002800
маменька 0,824895 0,000355
манер 1,021189 0,000440
марфа 0,912045 0,000393
марья 0,936868 0,005245
медленно 0,805589 0,000694
между 0,129891 0,000056
мелькнуть 0,544068 0,000469
мера 0,217927 0,000188
место 0,099131 0,000171
мигом 0,504560 0,000217
милочка 2,167317 0,000933
милый 0,322219 0,000278
мимо 0,514105 0,000221
минута 0,050046 0,000086
минутный 1,468347 0,000632
много 0,080958 0,000070
можно 0,088136 0,000076
мой 0,077412 0,000100
молоденький 1,213075 0,001045
молодой 0,222835 0,000192
молчание 0,662167 0,000285
момент 0,000000 0,000000
монастырь 0,533849 0,000460
москва 0,468347 0,000807
мочь 0,000000 0,000000
мужик 0,675956 0,000291
мужицкий 1,866287 0,001607
мужской 1,389166 0,001197
мужчина 0,912045 0,000786
мысль 0,114239 0,000148
наблюдать 0,587534 0,000253
наводить 1,690196 0,001456
навстречу 1,125925 0,000485
надеяться 0,434924 0,000187
надо 0,036984 0,000048
надуматься 1,866287 0,000804
назад 0,000000 0,000000
название 1,088136 0,000469
найти 0,298086 0,000128
наконец 0,073896 0,000032
намедни 1,167317 0,000503
намеренный 0,769377 0,000331
написать 0,000000 0,000000
наполеон 1,389166 0,000598
напомадить 2,167317 0,000933
например 0,298086 0,000128
напротив 0,180546 0,000156
нарастать 1,213075 0,000522
народ 0,514105 0,000221
насказать 1,690196 0,000728
наслажда 2,167317 0,000933
настойчивый 1,125925 0,000485
наука 0,787106 0,000339
находить 0,576253 0,000248
находиться 0,514105 0,000221
нация 1,565257 0,000674
начальство 0,912045 0,000786
начать 0,066947 0,000058
наш 0,118099 0,000153
нашествие 2,167317 0,000933
невозмутимо 2,167317 0,000933
неделикатность 1,690196 0,000728
недурной 1,468347 0,000632
нежно 1,167317 0,000503
нежный 0,845098 0,000364
неизвестность 1,322219 0,000569
некогда 0,912045 0,000393
неминуемый 1,322219 0,000569
ненавидеть 0,514105 0,000221
необразованность 2,167317 0,000933
неожиданность 1,213075 0,000522
непобедимый 1,389166 0,000598
непременно 0,133894 0,000058
непригодный 2,167317 0,000933
неприлично 0,824895 0,000355
неприятель 2,167317 0,000933
неужто 0,599116 0,000258
нечаянно 0,752344 0,000648
нибыть 0,030597 0,000040
низенький 1,389166 0,000598
никак 0,396465 0,000171
никакой 0,213075 0,000092
никто 0,095435 0,000041
ничего 0,030597 0,000066
нищета 1,213075 0,001045
носить 0,611015 0,000263
нынешний 1,125925 0,000485
обедать 0,963197 0,001244
обещаться 1,021189 0,000440
обижаться 1,264227 0,000544
обожать 0,888564 0,000383
обоюдный 1,866287 0,000804
образ 0,243038 0,000105
образовать 0,912045 0,000393
обратиться 0,316059 0,000136
общественный 0,000000 0,000000
объяснить 0,374926 0,000161
оглядеть 0,787106 0,000339
одежда 1,053374 0,000454
один 0,000000 0,000000
однако 0,102859 0,000089
одолжить 1,565257 0,000674
ожидание 0,662167 0,000285
озёрный 1,690196 0,000728
окно 0,381987 0,000329
он 0,000000 0,000000
определить 0,866287 0,000373
опубликовать 0,000000 0,000000
опять 0,027438 0,000024
осведомиться 0,805589 0,000347
особенно 0,129891 0,000056
остановиться 0,269690 0,000116
ответить 0,121994 0,000158
отвориться 0,936868 0,000403
отдельный 1,389166 0,000598
отец 0,091770 0,000079
открыть 0,635838 0,000274
отнестись 1,468347 0,000632
отобедать 1,866287 0,000804
отпереть 0,805589 0,000347
отпечататься 2,167317 0,000933
отрезать 0,599116 0,000258
отсюда 0,805589 0,000347
офицерик 2,167317 0,000933
оформление 0,000000 0,000000
очевидный 0,554533 0,000239
очень 0,024303 0,000126
ошибаться 0,824895 0,000355
павел 1,468347 0,000632
павлович 0,286504 0,000247
палить 1,866287 0,000804
первый 0,018098 0,000023
перейти 0,000000 0,000000
перелезть 1,565257 0,001348
переночевать 1,690196 0,000728
переползти 2,167317 0,000933
пересилить 1,866287 0,000804
переспросить 1,053374 0,000454
переулок 1,053374 0,000454
песня 1,021189 0,000440
петровка 2,167317 0,000933
пистолет 0,805589 0,000694
письмо 0,434924 0,000187
план 0,888564 0,000765
платье 0,635838 0,000821
плетень 1,389166 0,001795
плохой 0,533849 0,000230
площадь 0,888564 0,000765
побежать 0,468347 0,000202
поведение 1,125925 0,000485
поверьте 0,866287 0,000373
подать 0,451314 0,000194
подборка 0,000000 0,000000
подлец 0,554533 0,000478
подойти 0,341243 0,000147
подробность 0,477121 0,000205
подумать 0,185046 0,000080
позабыть 0,845098 0,000364
поймать 0,824895 0,000355
пойти 0,080958 0,000139
показаться 0,334808 0,000288
покойный 0,599116 0,000258
покорить 1,690196 0,001456
положим 0,720159 0,000310
польстить 1,389166 0,000598
помеха 2,167317 0,000933
попасть 0,533849 0,000230
пополудни 1,213075 0,000522
попрекать 1,866287 0,000804
пороть 1,468347 0,000632
порядок 0,704919 0,000304
посетитель 0,991226 0,000854
послать 0,309985 0,000133
после 0,084532 0,000036
последний 0,066947 0,000029
послышаться 0,735954 0,000317
посмертно 0,000000 0,000000
посмотреть 0,213075 0,000092
потому 0,024303 0,000031
потребность 0,805589 0,000347
потрясти 0,845098 0,000364
похожий 0,611015 0,000263
почему 0,099131 0,000171
почесть 0,769377 0,000331
почивать 1,565257 0,000674
почти 0,024303 0,000010
правильно 1,167317 0,000503
пребывание 1,213075 0,000522
пред 0,030597 0,000013
предуведомить 1,389166 0,000598
прежде 0,077412 0,000033
прежний 0,198834 0,000086
презирать 0,662167 0,000285
пренебрежительно 2,167317 0,000933
преобладать 2,167317 0,000933
прибавить 0,162996 0,000070
приверженный 2,167317 0,000933
приехать 0,309985 0,000133
прижизненный 0,000000 0,000000
прийти 0,095435 0,000123
прийтись 0,565257 0,000243
приказание 1,167317 0,001005
пример 0,936868 0,000403
приподняться 1,088136 0,000937
прислать 0,403889 0,000174
присоединить 1,866287 0,000804
пристально 0,389166 0,000168
притаиться 1,690196 0,000728
притихнуть 1,690196 0,000728
приход 0,888564 0,000383
приходить 0,243038 0,000314
пробраться 1,468347 0,000632
проговорить 0,110412 0,000095
программирование 0,000000 0,000000
продолжать 0,125925 0,000108
произведение 0,000000 0,000000
произвести 0,504560 0,000217
произнести 0,280827 0,000242
произносить 1,213075 0,000522
произойти 0,258832 0,000334
происходить 0,523865 0,000226
пройти 0,000000 0,000000
пролепетать 0,936868 0,000403
променять 1,322219 0,000569
пропустить 0,845098 0,000364
просвистать 1,866287 0,000804
просидеть 0,704919 0,000304
просить 0,150284 0,000065
просто 0,232819 0,000301
против 0,389166 0,000503
протянуть 0,486076 0,000209
прошлый 0,735954 0,000317
прощаться 0,963197 0,000415
прямо 0,118099 0,000051
публикация 0,000000 0,000000
пускать 1,021189 0,000440
пустить 0,735954 0,000317
пуститься 0,845098 0,000728
пустой 0,690196 0,000297
пусть 0,253503 0,000218
пуще 0,599116 0,000258
пятый 0,787106 0,000678
раз 0,309985 0,000133
разве 0,146128 0,000063
разверзнуть 2,167317 0,000933
разврат 1,264227 0,000544
разговор 0,264227 0,000114
раздаться 0,635838 0,000274
раздельно 1,213075 0,000522
разодетый 1,866287 0,000804
разрешение 0,000000 0,000000
рано 0,787106 0,000339
расплескаться 2,167317 0,000933
рассказывать 0,341243 0,000147
рассудить 0,675956 0,000291
рассуждать 0,752344 0,000324
ребёнок 0,232819 0,000100
ресторан 1,866287 0,000804
решить 0,232819 0,000100
рифма 1,866287 0,001607
робко 0,787106 0,000339
рождество 1,690196 0,000728
россия 0,514105 0,000664
рост 0,675956 0,000291
рука 0,030597 0,000013
русский 0,411442 0,000532
рыло 2,167317 0,000933
рюмка 1,322219 0,000569
рядом 0,690196 0,000297
сабля 1,866287 0,000804
садовый 1,389166 0,000598
сайт 0,000000 0,000000
сам 0,002964 0,000013
самый 0,018098 0,000094
сапог 0,805589 0,000347
сбег 2,167317 0,000933
свет 0,176091 0,000228
светло 1,167317 0,000503
свободно 0,000000 0,000000
свой 0,000000 0,000000
сговор 1,690196 0,000728
сделать 0,102859 0,000044
себя 0,000000 0,000000
сегодня 0,194189 0,000502
сейчас 0,070407 0,000152
семьдесят 0,000000 0,000000
сидеть 0,125925 0,000271
сила 0,185046 0,000080
сказать 0,011981 0,000031
сказаться 1,088136 0,000469
сказываться 1,322219 0,000569
скамейка 1,088136 0,001874
складно 1,690196 0,000728
сколько 0,280827 0,000242
скорее 0,514105 0,000221
скоро 0,298086 0,000128
скрываться 1,264227 0,000544
скрытно 2,167317 0,000933
скучный 1,167317 0,000503
сладенький 1,866287 0,000804
слеза 0,275223 0,000119
слишком 0,133894 0,000058
слово 0,027438 0,000047
случиться 0,292256 0,000126
слушаться 1,167317 0,000503
слёзно 1,565257 0,000674
смердеть 1,053374 0,000907
смердяков 0,576253 0,003226
смерть 0,374926 0,000323
смотреть 0,077412 0,000067
снова 0,565257 0,000243
собрание 1,088136 0,000469
совершиться 0,662167 0,000285
совсем 0,021189 0,000027
согласие 0,000000 0,000000
солдат 0,888564 0,000383
сообщить 0,434924 0,000749
сопровождать 0,888564 0,000383
соседский 1,565257 0,000674
составлять 0,752344 0,000324
состоять 0,514105 0,000664
сочинение 1,468347 0,000632
спасти 0,468347 0,000403
спеть 1,866287 0,000804
специально 1,389166 0,001197
спокойный 0,576253 0,000248
спрашивать 0,232819 0,000100
спрос 1,264227 0,000544
спросить 0,114239 0,000098
стараться 0,648803 0,000279
старый 0,374926 0,000161
стать 0,002964 0,000008
стена 0,533849 0,000230
стеснить 1,866287 0,000804
стих 0,735954 0,001268
стишок 1,322219 0,000569
стол 0,286504 0,000123
столица 1,213075 0,000522
столичный 1,053374 0,000454
столь 0,434924 0,000187
сторож 1,213075 0,000522
сторона 0,110412 0,000143
страшно 0,434924 0,000375
страшный 0,286504 0,000123
стремиться 0,888564 0,000383
ступа 2,167317 0,001867
ступать 0,587534 0,000253
стыд 0,533849 0,000230
сумасшедший 0,554533 0,000239
сумма 0,662167 0,000285
суп 1,565257 0,000674
существенный 1,264227 0,000544
существо 0,477121 0,000205
счастие 0,451314 0,000194
считать 0,275223 0,000119
сыздетство 2,167317 0,001867
сын 0,434924 0,000187
сюда 0,232819 0,000301
также 0,000000 0,000000
таковой 0,451314 0,000194
такой 0,002964 0,000004
тамошний 1,322219 0,001139
твёрдый 0,576253 0,000248
текст 0,000000 0,000000
тенор 2,167317 0,000933
теперь 0,015029 0,000039
тихо 0,354404 0,000153
тогда 0,050046 0,000043
тоже 0,043466 0,000019
только 0,002964 0,000008
том 1,565257 0,000674
томный 2,167317 0,000933
торопиться 0,662167 0,000285
тот 0,002964 0,000004
точить 0,787106 0,000678
точно 0,121994 0,000263
трактир 0,720159 0,002481
тревожный 0,866287 0,000373
третий 0,154480 0,000067
три 0,303994 0,000131
туда 0,495219 0,000213
тужить 2,167317 0,002800
ты 0,133894 0,000115
тыкать 1,866287 0,000804
убедительнейший 2,167317 0,000933
убежать 0,565257 0,000243
убеждение 0,554533 0,000239
убить 0,275223 0,000356
уважать 0,523865 0,000226
увидеть 0,222835 0,000096
удаляться 1,264227 0,000544
удивиться 0,523865 0,000226
удостоить 1,053374 0,000454
ужасно 0,167317 0,000216
ужасный 0,322219 0,000139
узнать 0,106619 0,000046
укорять 1,021189 0,000440
улица 0,396465 0,000171
ум 0,720159 0,000310
умереть 0,269690 0,000116
умерший 0,000000 0,000000
уметь 0,328468 0,000141
умирающий 1,264227 0,000544
умный 0,403889 0,000348
уничтожение 1,690196 0,000728
употребление 1,690196 0,000728
усесться 0,662167 0,000570
услышать 0,381987 0,000165
уходить 0,328468 0,000283
фистула 2,167317 0,001867
фома 1,389166 0,001197
француз 1,167317 0,000503
французский 0,805589 0,000347
фёдор 0,434924 0,000749
фёдорович 0,150284 0,000712
характер 0,374926 0,000161
хвост 1,125925 0,000485
хитрый 0,963197 0,000415
ходить 0,213075 0,000551
хозяин 0,805589 0,000347
хозяйка 0,912045 0,001178
хозяйкин 1,690196 0,000728
хороший 0,077412 0,000100
хорошо 0,189594 0,000245
хотеть 0,033778 0,000029
хотеться 0,292256 0,000126
хотя 0,050046 0,000129
храбро 1,866287 0,000804
царский 1,866287 0,000804
час 0,185046 0,000398
часто 0,292256 0,000126
часть 0,002964 0,000003
чей 0,000000 0,000000
человек 0,011981 0,000015
через 0,258832 0,000334
четверть 0,769377 0,000331
число 0,704919 0,000304
читаемый 2,167317 0,000933
читать 0,403889 0,000174
чихнуть 1,866287 0,000804
чрево 1,264227 0,000544
чрез 0,275223 0,000237
что 0,030597 0,000013
чтоб 0,073896 0,000032
чтобы 0,030597 0,000079
чувство 0,158717 0,000273
чуть 0,176091 0,000076
шаг 0,367977 0,000158
шельма 1,213075 0,000522
шлейф 2,167317 0,000933
щеголечка 2,167317 0,000933
щеколда 1,866287 0,000804
этак 0,690196 0,000297
это 0,002964 0,000006
этот 0,002964 0,000004
юнкерочко 2,167317 0,000933
я 0,024303 0,000167
явиться 0,298086 0,000128
ясный 0,623249 0,000268
