автор 0,000000 0,000000
авторский 0,000000 0,000000
алексей 0,000000 0,000000
арестовать 1,264227 0,000455
безмерный 1,264227 0,000455
безмолвно 1,322219 0,000476
бельё 0,845098 0,000912
беспокоиться 0,514105 0,000370
бессвязно 1,167317 0,000420
бессилие 1,021189 0,000367
библиотека 1,866287 0,002014
благородный 0,374926 0,000135
близкий 0,477121 0,000172
богатый 0,587534 0,000211
бок 1,322219 0,000476
более 0,000000 0,000000
больший 0,248239 0,000179
большой 0,056728 0,000082
борисович 1,125925 0,000405
бормотать 0,662167 0,000238
брат 0,060107 0,000086
бреда 0,866287 0,000312
бредить 0,912045 0,000328
бросить 0,269690 0,000097
бумага 0,735954 0,000265
быть 0,000000 0,000000
важно 0,675956 0,000486
важный 0,341243 0,000123
валяться 1,125925 0,000405
васильев 1,690196 0,001216
ваш 0,121994 0,000658
ввернуть 0,963197 0,001039
ввиду 1,088136 0,000391
вдруг 0,005949 0,000028
вдумчиво 1,389166 0,000500
ведь 0,043466 0,000047
вежливость 1,167317 0,000420
велеть 0,576253 0,000207
великий 0,341243 0,000123
верить 0,180546 0,000195
верно 0,523865 0,000188
вернуться 0,963197 0,000346
весь 0,002964 0,000007
вещественный 1,389166 0,000999
вещь 0,411442 0,000296
взгляд 0,185046 0,000067
вздор 0,565257 0,000407
взять 0,077412 0,000111
вид 0,150284 0,000162
видать 0,419129 0,000151
видеть 0,027438 0,000089
видимый 0,443041 0,000159
виднеться 1,213075 0,000436
видно 0,504560 0,000181
видывать 1,125925 0,000405
визит 0,845098 0,000304
вилять 1,213075 0,000436
винить 1,264227 0,000455
виноватый 0,328468 0,000118
виновный 0,704919 0,000254
вместе 0,208276 0,000075
внезапный 0,533849 0,000192
вниз 0,752344 0,000271
вникнуть 1,322219 0,000476
внимание 0,504560 0,000181
внутрь 1,866287 0,002014
внушительно 0,963197 0,000346
внушить 1,565257 0,001126
вовремя 1,167317 0,000420
вовсе 0,150284 0,000108
возвращаться 0,704919 0,000254
возиться 1,213075 0,000436
вознаграждение 0,000000 0,000000
войти 0,137934 0,000198
волнение 0,361137 0,000130
вопрос 0,146128 0,000053
вор 1,021189 0,000367
воротиться 0,303994 0,000109
воротник 1,322219 0,000476
воскликнуть 0,269690 0,000194
восклицать 0,533849 0,000192
восход 1,565257 0,000563
вполголоса 0,888564 0,000320
вполне 0,316059 0,000114
впоследствии 0,662167 0,000238
впредь 0,752344 0,000271
время 0,018098 0,000026
вскипеть 1,167317 0,000420
вскочить 0,451314 0,000162
вскрикнуть 0,611015 0,000220
вскричать 0,253503 0,000091
всякий 0,106619 0,000038
второй 0,217927 0,000078
входить 0,477121 0,000172
вы 0,232819 0,000167
выбегать 1,690196 0,001216
выбежать 0,752344 0,000541
выворотить 2,167317 0,000780
выйти 0,063514 0,000137
выложить 1,264227 0,000455
вынести 0,486076 0,000350
выплата 0,000000 0,000000
выпучить 1,167317 0,000420
высокий 0,213075 0,000077
высокомерный 1,125925 0,000405
выставить 0,845098 0,000304
выходить 0,258832 0,000093
выше 0,720159 0,000259
гадко 1,468347 0,000528
галлюцинация 1,866287 0,000671
главное 0,185046 0,000333
глаз 0,056728 0,000082
глядеть 0,243038 0,000175
говорить 0,011981 0,000017
голосок 1,053374 0,000379
голый 1,167317 0,001680
гораздо 0,443041 0,000159
гордость 0,587534 0,000211
гороховый 1,468347 0,000528
горячиться 1,053374 0,000379
господин 0,208276 0,000375
григорий 0,648803 0,001167
гриденка 2,167317 0,000780
гридёнка 2,167317 0,000780
грозно 0,888564 0,000320
грубый 0,824895 0,000593
грязный 0,824895 0,000297
давать 0,253503 0,000274
давеча 0,232819 0,000084
даже 0,005949 0,000017
далее 0,648803 0,000233
далёкий 0,411442 0,000148
данный 1,322219 0,000476
дать 0,171682 0,000062
двадцать 0,303994 0,000109
дверь 0,258832 0,001303
двигаться 1,167317 0,000420
девятый 0,991226 0,000713
действительно 0,106619 0,000153
дело 0,011981 0,000013
деньга 0,185046 0,000333
десять 0,298086 0,000107
длинноватый 2,167317 0,000780
дмитрий 0,396465 0,000856
довольно 0,129891 0,000047
довольный 0,495219 0,000178
дожидаться 1,167317 0,000420
доказательство 0,824895 0,000593
долг 0,735954 0,000265
долго 0,222835 0,000240
должный 0,099131 0,000107
допрос 0,991226 0,000357
достоевский 0,000000 0,000000
достояние 0,000000 0,000000
друг 0,180546 0,000130
другой 0,008955 0,000006
дрянь 1,125925 0,000405
думать 0,060107 0,000043
душа 0,158717 0,000114
дымчатый 1,866287 0,000671
ездить 0,690196 0,000248
если 0,011981 0,000030
есть 0,018098 0,000013
жалование 1,125925 0,000405
жар 0,587534 0,000211
ждать 0,142011 0,000051
жертвовать 1,322219 0,000476
жизнь 0,084532 0,000061
жилет 1,213075 0,000436
жилочка 2,167317 0,000780
забор 0,866287 0,000312
забормотать 1,468347 0,000528
заботливый 2,167317 0,000780
забывать 0,824895 0,000297
завернуться 2,167317 0,001559
завопить 0,769377 0,000277
заворчать 2,167317 0,000780
заглянуть 0,991226 0,000357
загнуться 2,167317 0,000780
задумчивость 0,912045 0,000328
задыхаться 0,635838 0,000457
заинтересоваться 1,167317 0,000420
заключать 0,787106 0,000283
закричать 0,434924 0,000313
закрыть 0,576253 0,000207
залить 1,125925 0,000405
заложить 0,888564 0,000320
заметить 0,056728 0,000163
замолчать 0,752344 0,001353
занавеска 1,213075 0,000873
запачкать 1,322219 0,000951
запереть 0,735954 0,000529
записать 0,845098 0,000304
заприметить 1,468347 0,000528
запросто 1,125925 0,000405
заскорузлый 1,866287 0,000671
заскрежетать 1,866287 0,000671
заслышать 1,213075 0,000436
засохнуть 2,167317 0,000780
застегнуться 2,167317 0,000780
зачем 0,146128 0,000053
зашить 1,322219 0,000951
заявить 0,675956 0,000486
звать 0,419129 0,000151
здесь 0,095435 0,000069
злоба 0,523865 0,000377
знак 0,565257 0,001017
знать 0,002964 0,000012
зуб 0,735954 0,000265
изволить 0,477121 0,000172
именно 0,066947 0,000144
иметь 0,118099 0,000085
иногда 0,208276 0,000075
интерес 0,866287 0,000312
ипполит 0,599116 0,000216
искренний 0,576253 0,000207
использоваться 0,000000 0,000000
исступление 0,565257 0,000407
источник 1,565257 0,000563
истребить 1,213075 0,000436
истязательный 2,167317 0,000780
исчезнуть 0,623249 0,000224
казаться 0,063514 0,000023
казнить 1,021189 0,000367
каковой 0,576253 0,000207
какой 0,005949 0,000011
калган 1,053374 0,000758
калганов 1,053374 0,000379
калгановый 1,322219 0,000476
калитка 1,125925 0,000405
камень 0,787106 0,000283
кантик 2,167317 0,001559
канцелярия 1,468347 0,000528
канцелярский 1,690196 0,000608
карамазов 0,180546 0,000455
каторга 0,963197 0,000346
кириллович 1,021189 0,000367
клевета 1,264227 0,000455
клеветать 1,167317 0,000420
клясться 0,554533 0,000199
книга 0,106619 0,000115
когда 0,015029 0,000054
колебаться 1,088136 0,000391
коли 0,269690 0,000097
комар 0,000000 0,000000
комната 0,150284 0,000054
конверт 1,088136 0,002348
конечно 0,060107 0,000065
конфузный 2,167317 0,000780
который 0,002964 0,000012
кошмарный 2,167317 0,000780
крайний 0,292256 0,000105
крикнуть 0,292256 0,000210
кричать 0,303994 0,000109
кровать 1,021189 0,001102
кровь 0,389166 0,000840
кроме 0,158717 0,000228
крот 1,866287 0,000671
крыльцо 0,787106 0,000283
кстати 0,468347 0,000168
кто 0,114239 0,000041
куда 0,248239 0,000089
лгать 0,599116 0,000431
левый 0,704919 0,000254
лежать 0,243038 0,000699
лето 0,866287 0,000312
либо 0,000000 0,000000
литература 1,468347 0,000528
лицо 0,000000 0,000000
лишь 0,185046 0,000067
любить 0,066947 0,000024
любой 0,000000 0,000000
любопытный 0,648803 0,000467
между 0,129891 0,000093
мелькать 1,021189 0,000367
мелькнуть 0,544068 0,000391
мера 0,217927 0,000078
мерещиться 0,866287 0,000312
минута 0,050046 0,000072
митин 1,866287 0,000671
митя 0,451314 0,006169
молча 0,367977 0,000132
момент 0,000000 0,000000
монолог 2,167317 0,000780
мочь 0,000000 0,000000
мрачно 0,866287 0,000312
мужик 0,675956 0,000973
мучительный 0,623249 0,000224
мучиться 0,623249 0,000224
мысль 0,114239 0,000082
мытарство 1,389166 0,000500
наблюдать 0,587534 0,000211
наглый 0,963197 0,000346
надевать 1,213075 0,000436
надо 0,036984 0,000080
надпись 1,322219 0,000476
назад 0,000000 0,000000
название 1,088136 0,000391
найти 0,298086 0,000107
наказание 1,088136 0,000391
наконец 0,073896 0,000053
налгать 1,389166 0,000500
налево 0,824895 0,000297
намереваться 1,213075 0,000436
наобум 1,866287 0,000671
написать 0,000000 0,000000
наплевать 1,125925 0,000405
например 0,298086 0,000107
напротив 0,180546 0,000065
напялить 2,167317 0,000780
нарочно 0,227798 0,000246
наружу 1,322219 0,000476
наслаждение 0,769377 0,000277
наслать 0,805589 0,000580
насмешливый 0,704919 0,000254
насмешник 1,468347 0,001056
настаивать 0,565257 0,000203
настежь 1,468347 0,000528
настойчиво 0,787106 0,000283
насчёт 0,354404 0,000255
наука 0,787106 0,000283
научиться 1,053374 0,000379
находить 0,576253 0,000207
находиться 0,514105 0,000370
начальственный 2,167317 0,000780
начать 0,066947 0,000048
начаться 0,514105 0,000185
наш 0,118099 0,000085
невозможно 0,411442 0,000148
невообразимый 1,565257 0,000563
негодование 0,403889 0,000145
некоторый 0,154480 0,000111
нелепость 0,963197 0,000346
нелепый 0,845098 0,000304
немного 0,426955 0,000154
необходимо 0,963197 0,000693
необходимый 0,599116 0,000216
неожиданный 0,419129 0,000151
непонятный 1,053374 0,000379
неправда 0,752344 0,001083
несколько 0,095435 0,000137
несомненно 0,704919 0,000254
нестерпимый 0,963197 0,000693
неужели 0,389166 0,000280
нечаянный 1,322219 0,000476
нечто 0,389166 0,000280
нибыть 0,030597 0,000033
ниже 0,912045 0,000328
нижний 0,963197 0,000693
никак 0,396465 0,000143
никогда 0,088136 0,000063
николай 0,752344 0,005954
никто 0,095435 0,000069
ничего 0,030597 0,000033
ничто 0,576253 0,000207
новый 0,167317 0,000120
нога 0,213075 0,000307
ноготь 1,565257 0,000563
носка 1,866287 0,003357
ночь 0,189594 0,000205
оба 0,316059 0,000114
обвинение 0,787106 0,000283
облегчение 1,565257 0,000563
обман 1,021189 0,000367
обойтись 0,912045 0,000328
обокрасть 1,565257 0,000563
обратить 0,769377 0,000277
обратно 0,675956 0,000243
обращаться 0,451314 0,000162
обстоятельство 0,403889 0,000145
обшлаг 1,866287 0,002014
общественный 0,000000 0,000000
обыкновенный 0,565257 0,000203
огадиля 2,167317 0,000780
ограбить 0,912045 0,000328
огромный 0,599116 0,000216
одеваться 1,213075 0,000436
одетый 0,648803 0,000233
одеяло 1,565257 0,001689
один 0,000000 0,000000
однако 0,102859 0,000074
одолжение 0,936868 0,000337
ожесточаться 2,167317 0,000780
ожесточённый 1,468347 0,000528
озлиться 1,053374 0,000379
оказаться 0,275223 0,000297
окончательно 0,565257 0,000203
окончиться 1,866287 0,000671
окошко 1,021189 0,000735
он 0,000000 0,000000
они 0,275223 0,000099
опозорить 1,125925 0,000405
опомниться 0,888564 0,000320
опубликовать 0,000000 0,000000
опуститься 0,888564 0,000320
опять 0,027438 0,000059
освистать 1,690196 0,000608
осматривать 1,053374 0,000379
осмотр 1,468347 0,001056
осмотреть 1,053374 0,000379
особенно 0,129891 0,000093
оставаться 0,280827 0,000303
оставить 0,203530 0,000073
остановиться 0,269690 0,000194
остаться 0,133894 0,000096
ответ 0,322219 0,000116
ответить 0,121994 0,000088
отворить 0,486076 0,001049
отдаление 1,866287 0,000671
отец 0,091770 0,000132
отказ 1,264227 0,000455
откровенно 0,824895 0,000297
откроить 1,389166 0,001499
открывать 0,963197 0,000346
открыть 0,635838 0,000229
откуда 0,514105 0,000185
отлично 0,805589 0,000290
отложить 0,824895 0,000297
отпарировать 1,468347 0,000528
отпереть 0,805589 0,001739
отрезать 0,599116 0,000216
отцеубийца 1,264227 0,000455
отцовский 1,125925 0,000405
отыскивать 1,167317 0,000420
офицер 0,752344 0,000271
оформление 0,000000 0,000000
очевидный 0,554533 0,000199
очень 0,024303 0,000061
очнуться 0,752344 0,000812
очутиться 0,675956 0,000243
ошеломить 1,125925 0,000405
ощупать 1,690196 0,000608
палец 0,486076 0,000699
панталоны 1,322219 0,001902
парфёнович 1,125925 0,008910
первый 0,018098 0,000013
перебить 0,486076 0,000175
передать 0,381987 0,000275
перейти 0,000000 0,000000
перерядить 2,167317 0,000780
пересмотреть 1,866287 0,000671
переспрашивать 1,690196 0,001216
переспросить 1,053374 0,000379
перстень 1,264227 0,001364
перхотин 1,053374 0,000379
печать 1,264227 0,000455
писарь 1,565257 0,000563
пистолет 0,805589 0,000290
письмоводитель 1,690196 0,001216
платье 0,635838 0,003202
плечо 0,403889 0,000145
плоский 1,690196 0,000608
побледнеть 0,544068 0,000196
повернуться 0,495219 0,000356
поверьте 0,866287 0,000312
повлиять 1,389166 0,000500
повод 0,635838 0,000229
повторить 0,544068 0,000196
повторяться 1,021189 0,000367
подавать 0,866287 0,000312
подавлять 1,565257 0,000563
подать 0,451314 0,000162
подборка 0,000000 0,000000
подлец 0,554533 0,000199
подлость 1,053374 0,000379
подозрение 0,991226 0,000357
подтвердить 0,544068 0,000391
подумать 0,185046 0,000133
подушка 0,611015 0,001539
подхватить 0,403889 0,000145
подчиниться 1,264227 0,000455
позволить 0,264227 0,000285
позор 0,720159 0,001295
поискать 1,690196 0,000608
поймать 0,824895 0,000593
пока 0,213075 0,000307
показание 0,752344 0,001083
показать 0,292256 0,000210
показаться 0,334808 0,000120
покой 0,936868 0,000337
покойный 0,599116 0,000216
покраснеть 0,504560 0,000181
пол 0,704919 0,000254
полагать 0,720159 0,000259
поле 0,912045 0,000328
полный 0,253503 0,000182
половина 0,396465 0,000143
положение 0,459747 0,000165
получать 0,752344 0,000271
получить 0,309985 0,000223
пользоваться 0,963197 0,000346
померещиться 1,264227 0,000455
помнить 0,167317 0,000120
понимать 0,095435 0,000034
понять 0,106619 0,000192
поправимый 2,167317 0,000780
попросить 0,426955 0,000461
пороть 1,468347 0,000528
порыв 0,936868 0,000337
посетитель 0,991226 0,000713
посмертно 0,000000 0,000000
посмотреть 0,213075 0,000077
посудить 1,565257 0,000563
потерять 0,611015 0,000220
потом 0,084532 0,000061
потому 0,024303 0,000026
потрудиться 1,690196 0,001216
почему 0,099131 0,000071
почитать 0,866287 0,000312
почти 0,024303 0,000017
почувствовать 0,426955 0,000154
появиться 0,662167 0,000238
правда 0,088136 0,000032
право 0,176091 0,000127
правый 0,495219 0,000713
пред 0,030597 0,000044
предмет 0,611015 0,000220
предположить 0,824895 0,000297
предъявить 1,866287 0,000671
прежде 0,077412 0,000139
прежний 0,198834 0,000072
презирать 0,662167 0,000238
презрение 0,554533 0,000399
презрительный 0,963197 0,000346
претендовать 1,322219 0,000476
преувеличивать 1,088136 0,000391
прибавить 0,162996 0,000059
прибытие 1,021189 0,000367
прижизненный 0,000000 0,000000
прийтись 0,565257 0,000407
приказать 0,752344 0,000271
примкнуть 1,468347 0,000528
принести 0,389166 0,000140
присесть 1,213075 0,000436
прислуживать 1,213075 0,000436
приставать 0,963197 0,000346
пристально 0,389166 0,000140
присутствие 0,912045 0,000328
присутствовать 0,912045 0,000328
приходить 0,243038 0,000087
пробормотать 0,316059 0,000114
проворчать 1,389166 0,000500
проговорить 0,110412 0,000278
программирование 0,000000 0,000000
продолжать 0,125925 0,000091
произведение 0,000000 0,000000
произнести 0,280827 0,000101
происхождение 1,322219 0,000951
пройти 0,000000 0,000000
проклятый 0,662167 0,000238
прокурор 0,787106 0,004247
промямлить 1,389166 0,000500
просить 0,150284 0,000054
просто 0,232819 0,000084
против 0,389166 0,000140
прямо 0,118099 0,000042
прятаться 0,888564 0,000320
публикация 0,000000 0,000000
пустой 0,690196 0,000497
пьяный 0,451314 0,000162
пятно 1,213075 0,000436
равно 0,303994 0,000109
радикальный 2,167317 0,000780
радостный 0,752344 0,000271
разве 0,146128 0,000053
развязно 1,565257 0,000563
раздетый 2,167317 0,003118
раздеться 1,866287 0,000671
раздражать 0,936868 0,000337
раздражительный 0,587534 0,000423
размер 1,088136 0,000391
размять 2,167317 0,000780
разорвать 0,936868 0,000337
разрешение 0,000000 0,000000
разъяснить 0,662167 0,000238
разыгрывать 1,690196 0,000608
рана 1,213075 0,000873
ранить 1,565257 0,000563
рассвет 0,963197 0,000346
рассвирепеть 1,866287 0,000671
рассказать 0,280827 0,000101
рассказывать 0,341243 0,000123
рассматривание 2,167317 0,000780
расспрос 1,053374 0,000379
ребёнок 0,232819 0,000084
резкий 1,088136 0,000391
резко 0,648803 0,000233
речь 0,486076 0,000175
решить 0,232819 0,000167
решиться 0,341243 0,000245
родитель 0,599116 0,000431
розга 1,213075 0,000436
рост 0,675956 0,000243
рубашка 1,088136 0,002348
рубль 0,334808 0,000120
рука 0,030597 0,000022
рукав 1,088136 0,000783
русский 0,411442 0,000148
ручка 0,769377 0,000277
ряженый 2,167317 0,000780
сад 0,824895 0,001187
сайт 0,000000 0,000000
сам 0,002964 0,000009
самый 0,018098 0,000039
сверкнуть 0,866287 0,000312
свет 0,176091 0,000063
свидетель 0,459747 0,000331
свидетельствовать 0,888564 0,000320
свирепо 1,322219 0,000951
свободно 0,000000 0,000000
свой 0,000000 0,000000
свёрнутый 1,866287 0,000671
сделать 0,102859 0,000111
сдержанно 1,021189 0,000367
себя 0,000000 0,000000
сегодня 0,194189 0,000140
сейчас 0,070407 0,000025
секунда 0,565257 0,000203
семьдесят 0,000000 0,000000
серьёзно 0,419129 0,000151
сзади 0,824895 0,000297
сидеть 0,125925 0,000045
сидя 0,845098 0,000304
сила 0,185046 0,000133
сказать 0,011981 0,000013
сколько 0,280827 0,000101
скорее 0,514105 0,000185
скорый 0,237898 0,000086
скрежетать 1,264227 0,000455
скроить 1,690196 0,000608
скрывать 0,635838 0,000457
слегка 0,936868 0,000337
следить 0,623249 0,000224
следователь 1,053374 0,000758
слепой 1,389166 0,000500
слишком 0,133894 0,000048
словно 0,866287 0,000312
слово 0,027438 0,000010
случай 0,146128 0,000105
слушать 0,203530 0,000073
слышать 0,125925 0,000045
смердяков 0,576253 0,001244
смотреть 0,077412 0,000084
сначала 0,434924 0,000156
снимать 1,167317 0,002099
снова 0,565257 0,000203
снять 0,704919 0,001014
собрание 1,088136 0,000783
собственно 0,565257 0,000203
собственноручно 2,167317 0,000780
собственный 0,264227 0,000095
совещание 1,690196 0,000608
соврать 1,167317 0,000840
совсем 0,021189 0,000061
согласие 0,000000 0,000000
согласный 0,565257 0,000203
сожаление 0,963197 0,000346
сожалеть 0,963197 0,000693
сознание 0,787106 0,000283
солнце 0,675956 0,000243
соображать 0,963197 0,000346
сообщать 0,963197 0,000346
сообщить 0,434924 0,000313
сорвать 0,991226 0,000357
сорваться 0,936868 0,000337
составить 0,912045 0,000328
состояние 0,322219 0,000116
сохранить 0,690196 0,000248
сохраниться 1,167317 0,000420
сочинение 1,468347 0,000528
спасти 0,468347 0,000168
спешить 0,477121 0,000172
спокойный 0,576253 0,000207
способный 0,587534 0,000211
спрашивать 0,232819 0,000167
спросить 0,114239 0,000041
спрятать 1,021189 0,000735
спускать 1,167317 0,000420
среди 0,769377 0,000277
среднее 1,167317 0,000420
ссылать 1,690196 0,000608
стараться 0,648803 0,000233
старик 0,303994 0,000328
старое 0,866287 0,000312
стать 0,002964 0,000010
степень 0,367977 0,000132
стоить 0,189594 0,000068
стол 0,286504 0,000206
столь 0,434924 0,000156
столькома 2,167317 0,000780
сторона 0,110412 0,000199
сторублёвый 1,125925 0,000405
стоять 0,150284 0,000216
странно 0,354404 0,000127
странность 0,963197 0,000346
страх 0,426955 0,000307
страшно 0,434924 0,000156
строго 0,576253 0,000207
стул 0,434924 0,000469
стыд 0,533849 0,000192
стыдно 0,504560 0,000363
суетиться 1,088136 0,000391
сумасшедший 0,554533 0,000199
сумма 0,662167 0,000476
сущность 0,675956 0,000243
счастие 0,451314 0,000162
считать 0,275223 0,000099
сюда 0,232819 0,000084
сюртук 0,912045 0,001640
тайна 0,675956 0,000486
также 0,000000 0,000000
таки 0,066947 0,000024
таковой 0,451314 0,000487
такой 0,002964 0,000002
твёрдо 0,419129 0,000151
твёрдый 0,576253 0,000207
текст 0,000000 0,000000
темнота 0,866287 0,000312
теперешний 0,533849 0,000192
теперь 0,015029 0,000086
теряться 1,468347 0,000528
тогда 0,050046 0,000036
тоже 0,043466 0,000125
толкнуть 1,322219 0,000476
толстой 1,088136 0,000391
только 0,002964 0,000011
том 1,565257 0,000563
топаз 2,167317 0,000780
торжествовать 0,824895 0,000297
торчать 1,213075 0,000436
тот 0,002964 0,000005
точно 0,121994 0,000088
третий 0,154480 0,000167
три 0,303994 0,000109
трифон 1,125925 0,000405
трубочка 2,167317 0,000780
трудно 0,459747 0,000165
тысяча 0,217927 0,000235
убегать 1,125925 0,000810
убежать 0,565257 0,000203
убийство 0,787106 0,000283
убить 0,275223 0,000495
уведомить 1,125925 0,000405
увидать 0,434924 0,000156
увидеть 0,222835 0,000080
углублённый 2,167317 0,000780
уговаривать 0,963197 0,000346
удивительный 0,735954 0,000265
удивление 0,292256 0,000105
удостоивать 1,264227 0,000455
узкий 1,213075 0,000436
узко 2,167317 0,000780
узнать 0,106619 0,000038
уйти 0,248239 0,000089
указывать 0,599116 0,000216
украшать 2,167317 0,000780
уладить 1,690196 0,000608
улыбнуться 0,426955 0,000154
умерший 0,000000 0,000000
умилённо 1,213075 0,000436
умолчание 1,468347 0,000528
унизительно 1,468347 0,000528
унизительный 1,125925 0,000405
упомянуть 0,704919 0,000254
упорный 1,167317 0,000420
упрямый 1,322219 0,000476
уродливый 1,565257 0,000563
усесться 0,662167 0,000238
успеть 0,203530 0,000073
успех 0,963197 0,000346
успокоить 0,824895 0,000297
уставиться 1,053374 0,000379
участь 1,053374 0,000379
факт 0,533849 0,000192
фантом 1,690196 0,000608
флигель 0,936868 0,000337
фуражка 1,167317 0,001680
фёдор 0,434924 0,000313
фёдорович 0,150284 0,000216
хмурый 1,866287 0,000671
хождение 1,322219 0,000476
холодно 0,991226 0,000357
холодное 1,866287 0,000671
холодный 0,824895 0,000297
хороший 0,077412 0,000028
хорошо 0,189594 0,000136
хотеть 0,033778 0,000073
хоть 0,060107 0,000022
хотя 0,050046 0,000036
церемониться 1,322219 0,000476
циник 1,690196 0,000608
цыплёночек 1,690196 0,000608
час 0,185046 0,000200
часть 0,002964 0,000002
чей 0,000000 0,000000
человек 0,011981 0,000004
чемодан 1,468347 0,000528
черта 0,264227 0,000285
число 0,704919 0,000254
чистый 0,434924 0,000313
читаемый 2,167317 0,000780
читать 0,403889 0,000145
чрез 0,275223 0,000099
чрезвычайно 0,217927 0,000078
что 0,030597 0,000044
чтоб 0,073896 0,000053
чтобы 0,030597 0,000044
чувство 0,158717 0,000057
чувствовать 0,264227 0,000190
чужое 1,125925 0,000405
чужой 0,662167 0,000238
ширма 1,389166 0,000500
шов 1,690196 0,000608
шут 0,991226 0,000713
шутить 0,845098 0,000304
шутка 0,675956 0,000243
щенок 1,690196 0,000608
это 0,002964 0,000003
этот 0,002964 0,000007
я 0,024303 0,000087
явиться 0,298086 0,000107
язык 0,611015 0,000220
ясно 0,354404 0,000510
