автор 0,000000 0,000000
авторский 0,000000 0,000000
адвокат 1,021189 0,000407
административный 1,866287 0,000744
академия 1,690196 0,000674
алексей 0,000000 0,000000
ангел 0,720159 0,000287
английский 1,125925 0,000449
барин 0,787106 0,001883
барышня 0,912045 0,000727
беда 0,662167 0,000528
бежа 2,167317 0,000864
бежать 0,434924 0,000347
бездетный 1,690196 0,000674
белый 0,720159 0,000287
беспамятство 1,322219 0,000527
беспечность 2,167317 0,000864
беспечный 1,866287 0,000744
беспокойный 0,824895 0,000329
беспорядок 0,787106 0,000314
беспрерывно 0,623249 0,000249
бессвязно 1,167317 0,000931
библиотека 1,866287 0,002232
биллиард 1,690196 0,000674
биллиардный 1,690196 0,000674
биться 0,623249 0,000497
благой 1,322219 0,000527
бледненький 1,565257 0,000624
блистательно 2,167317 0,000864
блистать 1,125925 0,000449
боевой 1,866287 0,000744
более 0,000000 0,000000
болезненно 1,167317 0,000465
болеть 0,845098 0,000337
больной 0,258832 0,000206
больший 0,248239 0,000099
большой 0,056728 0,000068
борисович 1,125925 0,001347
бояться 0,158717 0,000063
брат 0,060107 0,000096
брать 0,486076 0,000194
бросить 0,269690 0,000215
броситься 0,258832 0,000310
будто 0,099131 0,000079
бумага 0,735954 0,000293
бывать 0,280827 0,000112
быть 0,000000 0,000000
важный 0,341243 0,000136
варвинский 1,389166 0,000554
вдовствовать 1,866287 0,000744
вдовый 1,468347 0,000585
вдруг 0,005949 0,000019
ведь 0,043466 0,000017
велеть 0,576253 0,000230
верить 0,180546 0,000144
верно 0,523865 0,000209
вероятно 0,623249 0,000497
вероятный 0,866287 0,000345
весь 0,002964 0,000014
весьма 0,243038 0,000678
весёлый 0,389166 0,000155
вечер 0,322219 0,000771
вечером 0,533849 0,000213
взглянуть 0,468347 0,000187
вздумать 0,720159 0,000287
взрослый 1,053374 0,000420
вид 0,150284 0,000180
визжать 1,322219 0,000527
визит 0,845098 0,000337
вино 0,752344 0,000600
вкратце 1,389166 0,000554
владетель 1,866287 0,000744
власть 1,088136 0,001302
вместе 0,208276 0,000083
внизу 0,936868 0,000374
вникнуть 1,322219 0,000527
вновь 0,720159 0,000574
внучек 2,167317 0,000864
вовсе 0,150284 0,000060
вода 0,587534 0,000469
военный 0,936868 0,000374
возбуждать 1,167317 0,000465
возбуждение 1,021189 0,000814
возвратиться 0,824895 0,000329
возможный 0,845098 0,000337
вознаграждение 0,000000 0,000000
войти 0,137934 0,000110
вопль 1,125925 0,001347
воротиться 0,303994 0,000121
воротный 2,167317 0,000864
воспитание 0,936868 0,000747
впадать 1,389166 0,000554
вперёд 0,426955 0,000170
впечатление 0,389166 0,000155
вполне 0,316059 0,000252
впрочем 0,118099 0,000094
враг 0,735954 0,000293
врач 1,264227 0,001512
время 0,018098 0,000014
всегда 0,129891 0,000259
вскочить 0,451314 0,000180
вскрытие 2,167317 0,000864
всполошить 2,167317 0,000864
вставать 0,576253 0,000230
встретить 0,459747 0,000733
встряхнуть 1,866287 0,000744
всякий 0,106619 0,000085
входной 1,468347 0,000585
вцепиться 1,264227 0,000504
выбежать 0,752344 0,000600
выйти 0,063514 0,000025
выплата 0,000000 0,000000
выражаться 0,752344 0,000300
выслушать 0,426955 0,000170
высокий 0,213075 0,000170
выше 0,720159 0,000287
галерейка 1,565257 0,000624
главное 0,185046 0,000221
глаз 0,056728 0,000023
глубина 0,866287 0,000345
говорить 0,011981 0,000014
год 0,292256 0,000233
голова 0,114239 0,000182
голос 0,208276 0,000166
гораздо 0,443041 0,000177
город 0,248239 0,000297
городовой 2,167317 0,000864
горячий 0,523865 0,000209
господин 0,208276 0,000166
господь 0,374926 0,000299
гостинчик 1,866287 0,000744
гость 0,434924 0,000694
готовиться 0,845098 0,000337
гражданский 1,322219 0,000527
григорий 0,648803 0,003104
грозиться 1,565257 0,000624
грудь 0,443041 0,000177
грушенька 0,544068 0,000217
давеча 0,232819 0,000093
давно 0,158717 0,000127
даже 0,005949 0,000028
далеко 0,599116 0,000239
далёкий 0,411442 0,000328
дама 0,434924 0,000347
дать 0,171682 0,000205
два 0,198834 0,000317
двадцать 0,303994 0,000121
дверь 0,258832 0,000206
движение 0,648803 0,000259
девица 0,648803 0,001293
девятый 0,991226 0,001186
дедушка 1,866287 0,000744
действительно 0,106619 0,000128
действовать 0,936868 0,000747
делаться 0,991226 0,000395
дело 0,011981 0,000048
день 0,118099 0,000094
деньга 0,185046 0,000148
дивиться 0,787106 0,000314
длинный 0,495219 0,000197
дмитрий 0,396465 0,000316
добрый 0,303994 0,000121
довольно 0,129891 0,000104
догадка 1,053374 0,001260
дожить 1,322219 0,000527
доктор 0,554533 0,000442
долгий 0,720159 0,000287
долго 0,222835 0,000089
должность 1,565257 0,001248
дом 0,154480 0,000308
допрос 0,991226 0,000395
дорогой 0,451314 0,000180
дорожка 1,389166 0,000554
достоевский 0,000000 0,000000
достоинство 0,587534 0,000234
достояние 0,000000 0,000000
дочь 0,374926 0,000299
другой 0,008955 0,000007
думать 0,060107 0,000024
дура 0,936868 0,000374
душа 0,158717 0,000316
ежедневно 1,021189 0,000407
ералаш 2,167317 0,000864
если 0,011981 0,000014
естественно 0,888564 0,000354
есть 0,018098 0,000022
жалование 1,125925 0,000449
женатый 1,125925 0,000449
женщина 0,213075 0,000255
жизнь 0,084532 0,000034
жуир 2,167317 0,000864
забегать 1,125925 0,000449
забор 0,866287 0,001727
забояться 1,690196 0,000674
забрать 1,565257 0,000624
завидеть 0,963197 0,000384
завиться 2,167317 0,000864
завопить 0,769377 0,000307
завтра 0,298086 0,000238
зад 1,213075 0,000484
задерживать 1,264227 0,000504
зажечь 1,125925 0,000449
заинтересоваться 1,167317 0,000465
заключаться 0,635838 0,000254
заключение 0,787106 0,000314
закричать 0,434924 0,000347
залить 1,125925 0,000449
заметить 0,056728 0,000068
заметный 1,264227 0,000504
заночевать 1,468347 0,000585
запираться 1,264227 0,000504
записочка 1,468347 0,000585
запомнить 0,576253 0,000230
запор 1,866287 0,000744
започивать 1,866287 0,000744
зарядить 1,088136 0,000434
заслужить 0,824895 0,000329
застрелиться 1,053374 0,000840
зато 0,468347 0,000373
захотеть 0,316059 0,000126
званый 1,468347 0,000585
звать 0,419129 0,001003
здесь 0,095435 0,000038
земский 1,690196 0,001348
злодей 1,021189 0,000407
знакомый 0,486076 0,000194
знание 1,053374 0,000840
знать 0,002964 0,000007
значение 0,936868 0,000374
зрелище 1,468347 0,000585
зуб 0,735954 0,000293
игнатиевич 1,021189 0,003257
играть 0,599116 0,000239
идти 0,180546 0,000072
известие 0,554533 0,000221
известно 0,334808 0,000267
известный 0,347773 0,000139
изготовить 2,167317 0,000864
изображение 1,565257 0,000624
изысканный 2,167317 0,000864
ильич 1,322219 0,003690
именно 0,066947 0,000160
иметь 0,118099 0,000141
иначе 0,367977 0,000147
иногда 0,208276 0,000166
иной 0,208276 0,000083
инструкция 1,322219 0,000527
ипполит 0,599116 0,000478
искать 0,411442 0,000164
исполнительный 2,167317 0,000864
исполнять 1,213075 0,000967
использоваться 0,000000 0,000000
исправник 1,213075 0,002902
истинный 0,611015 0,000244
история 0,495219 0,000197
источник 1,565257 0,000624
каждый 0,137934 0,000110
казаться 0,063514 0,000127
какой 0,005949 0,000009
калитка 1,125925 0,000898
каморка 1,213075 0,000967
канцелярский 1,690196 0,000674
карамазов 0,180546 0,000360
карман 0,396465 0,000158
карта 1,053374 0,001260
карьера 0,936868 0,000374
качество 0,735954 0,000293
кириллович 1,021189 0,000814
кликать 2,167317 0,000864
книга 0,106619 0,000170
коварно 1,690196 0,000674
когда 0,015029 0,000036
количество 1,690196 0,000674
комар 0,000000 0,000000
комната 0,150284 0,000180
комнатка 1,053374 0,000420
конверт 1,088136 0,001735
кондратиевич 1,213075 0,001935
конечно 0,060107 0,000048
котора 0,805589 0,000321
который 0,002964 0,000009
крайне 1,565257 0,000624
красный 0,611015 0,000244
крепкий 0,787106 0,000314
крестьянский 1,565257 0,000624
крик 0,514105 0,000410
кричать 0,303994 0,000364
кровать 1,021189 0,001629
кровь 0,389166 0,000466
крупный 1,088136 0,000434
крылечко 1,167317 0,000465
крыльцо 0,787106 0,000314
кто 0,114239 0,000137
куда 0,248239 0,000198
кулебяка 1,690196 0,000674
купец 0,720159 0,000287
курс 1,167317 0,000465
кутёж 1,021189 0,000407
кушанье 1,322219 0,000527
лавка 0,787106 0,000314
лежать 0,243038 0,000388
ленточка 1,264227 0,000504
лепетать 1,088136 0,000434
лето 0,866287 0,000345
либо 0,000000 0,000000
лизавета 0,623249 0,000249
литература 1,468347 0,000585
лицо 0,000000 0,000000
лишь 0,185046 0,000369
лошадь 1,021189 0,000407
любой 0,000000 0,000000
маврикиевич 1,866287 0,002232
маврикий 1,690196 0,002022
макаров 2,167317 0,000864
макарович 1,389166 0,003323
маленький 0,185046 0,000074
маменька 0,824895 0,000329
марфа 0,912045 0,003637
марья 0,936868 0,001494
мат 1,866287 0,000744
мать 0,217927 0,000174
медицинский 1,125925 0,000898
медный 1,021189 0,000407
между 0,129891 0,000207
место 0,099131 0,000237
месяц 0,264227 0,000105
мигом 0,504560 0,000201
милый 0,322219 0,000128
минута 0,050046 0,000080
митя 0,451314 0,000540
михаил 1,021189 0,002443
михаилович 1,866287 0,000744
многий 0,514105 0,000205
много 0,080958 0,000032
мой 0,077412 0,000031
мокрый 0,675956 0,000809
молоденький 1,213075 0,000484
молодой 0,222835 0,000178
молодёжь 1,125925 0,000449
момент 0,000000 0,000000
мочь 0,000000 0,000000
мрачный 0,662167 0,000264
муж 0,805589 0,000321
мытарство 1,389166 0,001108
мёртвый 0,805589 0,000321
наблюдать 0,587534 0,000234
набрать 1,565257 0,000624
навзничь 1,468347 0,000585
надворный 1,866287 0,000744
надлежащий 1,088136 0,000434
надо 0,036984 0,000029
надпись 1,322219 0,000527
назад 0,000000 0,000000
название 1,088136 0,000434
найти 0,298086 0,000357
накануне 0,662167 0,000264
наклонный 1,125925 0,000449
накрепко 1,690196 0,000674
накрыть 0,963197 0,000384
наметить 1,690196 0,000674
намёк 0,845098 0,000337
написать 0,000000 0,000000
например 0,298086 0,000119
напроситься 1,565257 0,000624
нарочно 0,227798 0,000182
наружность 1,053374 0,000420
наслать 0,805589 0,000642
настежь 1,468347 0,000585
наука 0,787106 0,000628
наутро 0,991226 0,000395
находка 1,866287 0,000744
начало 0,243038 0,000291
начальство 0,912045 0,000364
начать 0,066947 0,000027
начинаться 0,805589 0,000321
наш 0,118099 0,000188
невинный 0,576253 0,000230
невольно 0,704919 0,000281
неделя 0,374926 0,000149
нежный 0,845098 0,000337
неистовый 0,888564 0,000354
некогда 0,912045 0,000364
некоторый 0,154480 0,000185
нелюд 2,167317 0,001728
необразованный 1,322219 0,000527
необходимый 0,599116 0,000478
необыкновенно 0,805589 0,000321
неожиданный 0,419129 0,000334
неподвижный 0,991226 0,000395
непременно 0,133894 0,000160
неприятный 0,936868 0,000374
несколько 0,095435 0,000152
неспособность 2,167317 0,000864
нестарый 1,866287 0,000744
нести 0,824895 0,000329
неустанно 1,167317 0,000465
нечаянно 0,752344 0,000300
нибыть 0,030597 0,000061
нигде 1,125925 0,000449
никакой 0,213075 0,000170
никогда 0,088136 0,000035
николай 0,752344 0,000900
никто 0,095435 0,000038
ничего 0,030597 0,000012
новый 0,167317 0,000067
нога 0,213075 0,000085
ночной 1,322219 0,000527
ночь 0,189594 0,000151
нрав 1,167317 0,000465
нравиться 0,611015 0,000244
обвязать 1,322219 0,000527
обед 0,690196 0,000275
обедать 0,963197 0,000384
обиженный 0,752344 0,000300
обильный 1,690196 0,000674
обмыть 2,167317 0,000864
обнаружить 1,053374 0,000420
обойти 1,213075 0,000484
образ 0,243038 0,000291
обстановка 1,088136 0,000434
обстоятельство 0,403889 0,000161
общественный 0,000000 0,000000
общество 0,468347 0,000747
общий 0,514105 0,000410
объяснение 0,599116 0,000239
обыск 1,468347 0,000585
обязанность 0,912045 0,000364
овдоветь 1,389166 0,000554
огонь 0,991226 0,000395
ограбить 0,912045 0,000727
один 0,000000 0,000000
однако 0,102859 0,000164
ожесточённый 1,468347 0,000585
озадачивать 2,167317 0,000864
оказаться 0,275223 0,000219
окно 0,381987 0,000914
окончательный 0,936868 0,000374
окончить 1,088136 0,000868
окрестность 1,389166 0,000554
олсуфьев 2,167317 0,000864
ольга 2,167317 0,000864
он 0,000000 0,000000
они 0,275223 0,000219
опамятоваться 1,866287 0,000744
описывать 1,125925 0,000449
опубликовать 0,000000 0,000000
опять 0,027438 0,000011
оружие 1,021189 0,000814
освещать 2,167317 0,000864
осклабляться 1,866287 0,000744
осмыслить 1,021189 0,000407
основание 0,787106 0,000314
особенно 0,129891 0,000052
особенный 0,389166 0,000776
остановить 0,565257 0,000225
остаться 0,133894 0,000053
ответ 0,322219 0,000128
ответить 0,121994 0,000049
отворить 0,486076 0,000775
отец 0,091770 0,000037
отказываться 1,053374 0,000420
откуда 0,514105 0,000205
отпереть 0,805589 0,000321
отправить 1,125925 0,000449
отправиться 0,611015 0,000244
отставной 0,845098 0,000337
отцеубивец 1,690196 0,000674
отцеубийство 1,322219 0,000527
отчасти 0,611015 0,000244
отъезжать 1,690196 0,000674
отыскать 0,769377 0,000307
оформление 0,000000 0,000000
оценить 1,021189 0,000407
очевидный 0,554533 0,000221
очень 0,024303 0,000019
очередь 0,769377 0,000307
очнуться 0,752344 0,000300
ошеломить 1,125925 0,000449
ошеломлять 1,690196 0,000674
ошибка 0,805589 0,000321
ощупать 1,690196 0,000674
павлович 0,286504 0,001028
падучий 0,936868 0,000747
пальчик 1,125925 0,000449
память 0,599116 0,000239
парень 1,125925 0,000449
партнёр 1,866287 0,000744
парфёнович 1,125925 0,001347
пена 1,866287 0,000744
первый 0,018098 0,000007
перебежать 1,690196 0,000674
переводиться 1,565257 0,000624
передать 0,381987 0,000305
переименовать 2,167317 0,000864
перейти 0,000000 0,000000
перемена 0,824895 0,000329
перенести 0,704919 0,000281
перестать 0,411442 0,000164
перстень 1,264227 0,000504
перхотин 1,053374 0,000420
пестик 1,167317 0,000465
петербург 0,434924 0,000347
петербургский 0,991226 0,000395
печать 1,264227 0,000504
пистолет 0,805589 0,000642
плохой 0,533849 0,000213
побежать 0,468347 0,000747
поверженный 1,264227 0,001512
повториться 1,322219 0,000527
повторять 0,396465 0,000158
повторяться 1,021189 0,000407
подаваться 1,690196 0,000674
подать 0,451314 0,000180
подбежать 1,167317 0,000465
подборка 0,000000 0,000000
поднимать 1,264227 0,000504
поднять 0,396465 0,000316
подобный 0,533849 0,000213
подойти 0,341243 0,000136
подполковник 1,468347 0,000585
подскочить 0,991226 0,000395
подтвердить 0,544068 0,000217
подумать 0,185046 0,000074
пожаловать 0,704919 0,000281
пожалуй 0,237898 0,000095
пожелать 0,675956 0,000270
позвать 0,704919 0,000281
позволять 0,866287 0,000691
поздравить 1,264227 0,000504
познавание 2,167317 0,000864
пойти 0,080958 0,000065
показание 0,752344 0,000300
показывать 0,514105 0,000205
пол 0,704919 0,000843
ползти 1,690196 0,000674
положить 0,403889 0,000161
полтора 0,787106 0,000314
получить 0,309985 0,000124
помещик 0,805589 0,000321
помнить 0,167317 0,000067
помощник 1,565257 0,000624
помощь 0,888564 0,001063
понимание 1,468347 0,000585
понимать 0,095435 0,000076
понятие 0,735954 0,000293
понять 0,106619 0,000085
поползновение 1,690196 0,000674
поползти 1,690196 0,000674
поразить 0,243038 0,000194
порешить 0,991226 0,000395
поручить 0,991226 0,000395
посвятить 1,389166 0,000554
посетитель 0,991226 0,000790
послать 0,309985 0,000124
после 0,084532 0,000034
последний 0,066947 0,000053
посмертно 0,000000 0,000000
постеле 1,866287 0,000744
постоянно 0,824895 0,000329
поступить 0,648803 0,000259
потанцевать 2,167317 0,000864
потом 0,084532 0,000202
потому 0,024303 0,000019
поутру 0,845098 0,000337
похитить 1,213075 0,000484
почему 0,099131 0,000040
почти 0,024303 0,000039
правило 1,088136 0,000434
практически 1,565257 0,000624
превосходный 0,936868 0,000374
пред 0,030597 0,000024
предел 0,991226 0,000395
предлог 1,125925 0,000449
предмет 0,611015 0,000244
предстоять 0,963197 0,000384
предыдущий 1,322219 0,000527
прежде 0,077412 0,000062
прерываться 1,264227 0,000504
пресечь 2,167317 0,000864
преступление 0,623249 0,000746
преступник 0,845098 0,001348
прибавить 0,162996 0,000065
прибежать 0,769377 0,000614
прибытие 1,021189 0,000814
прибыть 0,704919 0,001686
привлекать 1,468347 0,000585
привыкнуть 1,088136 0,000434
пригрозить 1,690196 0,000674
прижизненный 0,000000 0,000000
прийти 0,095435 0,000038
приличный 0,866287 0,000691
принадлежать 0,912045 0,000364
приобрести 0,912045 0,000364
припадок 0,544068 0,000434
приписать 1,389166 0,000554
припомнить 0,533849 0,000213
припрятать 1,322219 0,001054
присема 2,167317 0,000864
прислушаться 1,565257 0,000624
пристав 1,690196 0,000674
приумножать 1,866287 0,000744
причём 0,912045 0,000364
пробудиться 1,389166 0,000554
проговорить 0,110412 0,000044
программирование 0,000000 0,000000
прожить 0,690196 0,000275
прозвать 1,565257 0,000624
произведение 0,000000 0,000000
произвести 0,504560 0,000402
произойти 0,258832 0,000103
пройти 0,000000 0,000000
прокричать 0,599116 0,000239
прокурор 0,787106 0,003138
проломить 1,264227 0,000504
пронестись 0,963197 0,000384
пронзительный 1,690196 0,000674
проникнуть 1,021189 0,000407
проснуться 0,735954 0,000293
проспать 1,322219 0,000527
просто 0,232819 0,000186
простой 0,576253 0,000230
простонародье 1,468347 0,000585
проч 0,662167 0,001848
прочий 0,824895 0,000658
прошептать 0,587534 0,000234
прямо 0,118099 0,000094
психологичность 2,167317 0,000864
публикация 0,000000 0,000000
пугать 0,805589 0,000321
пустой 0,690196 0,000550
пятый 0,787106 0,000314
пять 0,222835 0,000178
пётр 0,866287 0,002418
равно 0,303994 0,000121
разглядеть 0,662167 0,000264
разгорячить 1,322219 0,000527
раздражительный 0,587534 0,000234
размер 1,088136 0,000434
разорвать 0,936868 0,000374
разрешение 0,000000 0,000000
разыскивать 1,322219 0,000527
рамка 1,690196 0,000674
рассвет 0,963197 0,000768
рассказ 0,477121 0,000571
рассказать 0,280827 0,000224
расстроить 0,845098 0,000337
рассуждать 0,752344 0,000300
рассчитывать 0,675956 0,000270
редко 0,690196 0,000275
реформа 1,690196 0,001348
речь 0,486076 0,000194
решительный 0,611015 0,000244
решить 0,232819 0,000093
робко 0,787106 0,000628
рождение 0,888564 0,000354
розовый 1,167317 0,000465
россия 0,514105 0,000205
рост 0,675956 0,000270
рубашка 1,088136 0,000434
рубль 0,334808 0,000133
рука 0,030597 0,000024
русский 0,411442 0,000164
сад 0,824895 0,001316
садиться 0,486076 0,000194
садовый 1,389166 0,000554
сайт 0,000000 0,000000
сам 0,002964 0,000011
самолюбивый 1,213075 0,000484
самоубийство 1,125925 0,000449
самый 0,018098 0,000029
сверкать 0,611015 0,000244
свет 0,176091 0,000070
светлый 0,735954 0,000293
светский 0,720159 0,000287
свечка 0,866287 0,000345
свидетель 0,459747 0,000183
свободно 0,000000 0,000000
свой 0,000000 0,000000
связный 1,866287 0,000744
святыня 1,213075 0,000484
сделать 0,102859 0,000041
себя 0,000000 0,000000
сегодня 0,194189 0,000232
сейчас 0,070407 0,000028
секрет 0,690196 0,000550
семейно 2,167317 0,000864
семьдесят 0,000000 0,000000
сердечный 0,866287 0,000345
сидеть 0,125925 0,000151
сильно 0,292256 0,000117
сказать 0,011981 0,000014
скаковой 2,167317 0,000864
скитаться 1,125925 0,000449
скосить 1,866287 0,000744
скрыть 0,991226 0,000395
слабый 0,611015 0,000731
следить 0,623249 0,000249
следователь 1,053374 0,002100
следствие 0,912045 0,000727
следующий 0,866287 0,000345
словно 0,866287 0,000345
сложение 1,125925 0,000449
сломя 1,125925 0,000449
слуга 0,599116 0,000239
служба 0,769377 0,000307
слышать 0,125925 0,000050
слышный 0,845098 0,000337
смердеть 1,053374 0,000420
смердяков 0,576253 0,001149
смерть 0,374926 0,000149
смех 0,443041 0,000177
смеяться 0,171682 0,000068
смысл 0,523865 0,000209
собираться 0,635838 0,000254
собрание 1,088136 0,000434
советник 1,264227 0,000504
совпадать 1,866287 0,000744
современный 0,936868 0,000374
совсем 0,021189 0,000017
согласие 0,000000 0,000000
соединить 1,264227 0,000504
соединиться 1,468347 0,000585
сознание 0,787106 0,000628
созывать 2,167317 0,000864
сойти 0,495219 0,000197
солидный 1,322219 0,000527
сон 0,866287 0,000345
сообразить 0,690196 0,000275
сопровождать 0,888564 0,000354
сорванец 1,690196 0,000674
соседка 1,389166 0,001108
соседний 1,088136 0,000868
составлять 0,752344 0,000300
состояние 0,322219 0,000128
сотский 1,866287 0,000744
сохранить 0,690196 0,000550
сочинение 1,468347 0,000585
сочувствие 1,690196 0,000674
спасть 0,554533 0,000221
спешить 0,477121 0,000190
способствовать 0,912045 0,000364
спросить 0,114239 0,000046
спросонья 1,866287 0,000744
среди 0,769377 0,000307
ставень 1,565257 0,000624
становиться 0,389166 0,000155
становой 1,690196 0,000674
старик 0,303994 0,000121
старое 0,866287 0,000345
старший 0,587534 0,000234
стать 0,002964 0,000006
стена 0,533849 0,000213
стенить 2,167317 0,000864
степень 0,367977 0,000147
стол 0,286504 0,000228
столик 0,845098 0,000337
стон 1,322219 0,001582
стоять 0,150284 0,000180
страшно 0,434924 0,000347
страшный 0,286504 0,000457
стремительный 1,565257 0,000624
стук 1,053374 0,000420
ступенька 1,021189 0,000407
стучать 0,866287 0,000345
судебный 0,963197 0,000384
суметь 0,648803 0,000259
супруг 0,523865 0,000418
сургуч 2,167317 0,000864
сутки 0,991226 0,000395
существо 0,477121 0,000190
сфера 2,167317 0,000864
считать 0,275223 0,000110
счёт 0,623249 0,000249
тайна 0,675956 0,000270
также 0,000000 0,000000
таки 0,066947 0,000053
такой 0,002964 0,000006
танец 1,565257 0,000624
твёрдый 0,576253 0,000230
текст 0,000000 0,000000
темно 0,912045 0,000364
темнота 0,866287 0,000345
теперь 0,015029 0,000012
терять 0,720159 0,000287
течение 1,021189 0,000407
течь 1,167317 0,000465
тихо 0,354404 0,000141
тишина 0,912045 0,000364
товар 1,322219 0,000527
товарищ 0,704919 0,000281
тогда 0,050046 0,000080
тоже 0,043466 0,000017
толстой 1,088136 0,000868
только 0,002964 0,000012
том 1,565257 0,000624
тон 0,648803 0,000259
тоненький 1,088136 0,000868
тот 0,002964 0,000007
тотчас 0,046743 0,000112
точить 0,787106 0,000628
точность 0,735954 0,000293
точный 0,866287 0,000345
требовать 0,565257 0,000225
тревога 0,648803 0,000776
третий 0,154480 0,000123
тридцать 0,599116 0,000239
трифон 1,125925 0,001347
трое 0,752344 0,000300
тройка 0,991226 0,000395
труп 1,389166 0,000554
тысяча 0,217927 0,000174
убежать 0,565257 0,000225
убийца 0,704919 0,000281
убитый 0,866287 0,000691
убить 0,275223 0,000768
уважение 0,648803 0,000259
уверенный 0,611015 0,000244
увидать 0,434924 0,000867
уголовный 1,322219 0,000527
удивление 0,292256 0,000117
ужас 0,468347 0,000187
узнавать 0,704919 0,000281
узнаться 1,690196 0,000674
уйти 0,248239 0,000099
украшение 1,866287 0,000744
укромный 1,866287 0,000744
уксус 1,866287 0,000744
умерший 0,000000 0,000000
уметь 0,328468 0,000262
унести 0,991226 0,000395
униматься 1,389166 0,001108
упредить 1,866287 0,000744
усиленный 1,213075 0,000484
услышать 0,381987 0,000305
успеть 0,203530 0,000162
утро 0,347773 0,000416
фамилия 0,824895 0,000329
флигель 0,936868 0,000374
фома 1,389166 0,002216
фонарь 1,125925 0,000449
форма 0,991226 0,000395
фёдор 0,434924 0,001908
фёдорович 0,150284 0,000120
халат 1,322219 0,000527
характер 0,374926 0,000299
хождение 1,322219 0,000527
хозяин 0,805589 0,000321
холостой 1,468347 0,000585
хорошенько 1,264227 0,000504
хороший 0,077412 0,000185
хорошо 0,189594 0,000076
хотеть 0,033778 0,000013
хоть 0,060107 0,000096
хотя 0,050046 0,000120
храпеть 1,690196 0,000674
художественный 1,468347 0,000585
царствование 1,866287 0,000744
цыплёночек 1,690196 0,000674
час 0,185046 0,000369
часто 0,292256 0,000117
часть 0,002964 0,000002
чахотка 1,167317 0,000465
чей 0,000000 0,000000
человек 0,011981 0,000029
человечек 1,088136 0,000434
человеческий 0,565257 0,000225
четыре 0,361137 0,000144
чиновник 0,635838 0,000254
число 0,704919 0,000281
читаемый 2,167317 0,000864
читать 0,403889 0,000161
чрезвычайно 0,217927 0,000087
чрезвычайный 0,258832 0,000206
что 0,030597 0,000037
чтобы 0,030597 0,000061
чувство 0,158717 0,000063
чёрный 0,504560 0,000201
шаг 0,367977 0,000147
шалун 1,565257 0,001248
ширма 1,389166 0,000554
шмерцовый 2,167317 0,000864
штука 0,912045 0,000364
экипаж 1,125925 0,000449
энергически 1,389166 0,000554
эпилептический 1,866287 0,000744
это 0,002964 0,000002
этот 0,002964 0,000007
явиться 0,298086 0,000119
явственно 1,866287 0,000744
ярко 1,125925 0,000449
ясно 0,354404 0,000424
ясный 0,623249 0,000249
ящик 1,021189 0,000407
