авось 1,389166 0,000204
автор 0,000000 0,000000
авторский 0,000000 0,000000
азарт 1,125925 0,000166
акриды 1,866287 0,000549
аксиома 1,322219 0,000195
актёр 1,565257 0,000230
алексей 0,000000 0,000000
алеш 0,328468 0,000387
амбиция 1,565257 0,000230
ангел 0,720159 0,000212
анекдот 0,752344 0,000996
анонимно 2,167317 0,000638
антропофагия 1,565257 0,000461
арифметика 1,690196 0,000249
астроном 2,167317 0,000319
атеист 0,963197 0,000142
атом 1,565257 0,000461
баня 1,468347 0,000648
барчонок 1,322219 0,000195
беда 0,662167 0,000097
бедный 0,328468 0,000048
без 0,599116 0,000088
безверие 1,565257 0,000230
безвозвратно 1,389166 0,000204
бездна 1,053374 0,000155
безумие 1,322219 0,000195
белинский 1,866287 0,000275
белоручка 1,866287 0,000275
белый 0,720159 0,000318
бельё 0,845098 0,000249
бесконечно 1,088136 0,000160
бесконечный 0,824895 0,000243
беспокойство 0,514105 0,000076
бессилие 1,021189 0,000150
бессмертие 1,322219 0,000195
бессовестный 1,690196 0,000249
бессознательно 1,125925 0,000331
бесспорный 0,787106 0,000116
библиотека 1,866287 0,000824
биллион 1,866287 0,000824
бить 0,769377 0,000113
благо 1,264227 0,000186
благодарность 0,991226 0,000292
благоразумие 1,565257 0,000230
благоразумно 1,565257 0,000230
благоразумный 1,264227 0,000186
благородно 1,167317 0,000172
благородный 0,374926 0,000110
близкий 0,477121 0,000070
блистать 1,125925 0,000166
блондиночка 1,866287 0,000275
бог 0,154480 0,000341
божеский 1,866287 0,000275
божий 0,623249 0,000092
более 0,000000 0,000000
болезненно 1,167317 0,000344
болезнь 0,434924 0,000448
болеть 0,845098 0,000124
больной 0,258832 0,000038
большой 0,056728 0,000058
болящий 2,167317 0,000319
бородка 1,167317 0,000172
борьба 1,053374 0,000155
бояться 0,158717 0,000023
бранить 1,125925 0,000331
браниться 0,936868 0,000414
брат 0,060107 0,000088
брать 0,486076 0,000143
бреда 0,866287 0,000510
бриллиант 1,389166 0,000204
бросить 0,269690 0,000079
броситься 0,258832 0,000038
брызги 1,565257 0,000230
будировать 2,167317 0,000638
будочка 2,167317 0,000319
будто 0,099131 0,000015
будущий 0,824895 0,000243
буква 1,167317 0,000344
бумажка 0,845098 0,000124
бывало 0,554533 0,000082
бывать 0,280827 0,000041
бывший 0,389166 0,000057
быстро 0,232819 0,000034
быть 0,000000 0,000000
ваш 0,121994 0,000180
вверх 0,866287 0,000127
ввиду 1,088136 0,000480
ввязываться 1,565257 0,000230
вглядеться 1,389166 0,000204
вдовец 1,690196 0,000249
вдруг 0,005949 0,000011
ведь 0,043466 0,000256
вежливый 0,735954 0,000108
везти 0,866287 0,000127
век 0,769377 0,000113
велеть 0,576253 0,000085
великий 0,341243 0,000251
великое 0,888564 0,000262
вена 1,866287 0,000275
вера 0,514105 0,000605
верить 0,180546 0,000505
верно 0,523865 0,000154
верста 0,888564 0,000131
весна 1,125925 0,000331
весь 0,002964 0,000011
весьма 0,243038 0,000036
весёлый 0,389166 0,000229
вечер 0,322219 0,000095
вечером 0,533849 0,000079
вечно 0,824895 0,000243
вещь 0,411442 0,000182
взад 1,389166 0,000204
взвизг 1,690196 0,000249
вздор 0,565257 0,000083
вздыхать 1,565257 0,000230
взять 0,077412 0,000091
вид 0,150284 0,000199
видать 0,419129 0,000062
видение 1,125925 0,000166
видеть 0,027438 0,000044
видимый 0,443041 0,000065
видно 0,504560 0,000074
визит 0,845098 0,000124
вилять 1,213075 0,000179
виноватый 0,328468 0,000048
висок 1,167317 0,000172
влечь 1,167317 0,000172
внезапный 0,533849 0,000079
внести 1,264227 0,000186
вниз 0,752344 0,000111
внушительно 0,963197 0,000142
вовсе 0,150284 0,000088
вода 0,587534 0,000259
водевильчик 2,167317 0,000319
возвеличиться 2,167317 0,000319
возвратить 0,845098 0,000124
возвратиться 0,824895 0,000243
возвысить 1,468347 0,000216
возвышать 1,565257 0,000230
возить 1,167317 0,000172
возиться 1,213075 0,000179
возлюбить 0,912045 0,000268
возможно 0,735954 0,000108
возможный 0,845098 0,000124
вознаграждение 0,000000 0,000000
вознегодовать 1,866287 0,000275
возопить 1,389166 0,000204
воистину 0,912045 0,000268
войти 0,137934 0,000061
вокруг 1,264227 0,000186
волос 0,690196 0,000102
волосок 1,468347 0,000216
воля 0,576253 0,000170
вообразить 0,662167 0,000292
вообще 0,459747 0,000068
вопиять 1,389166 0,000409
воплотиться 1,565257 0,000691
воплощаться 1,866287 0,000824
воплощение 1,690196 0,000249
вопль 1,125925 0,000166
вопрос 0,146128 0,000022
воротить 1,053374 0,000155
воротиться 0,303994 0,000045
восемь 0,735954 0,000108
воскликнуть 0,269690 0,000238
восклицать 0,533849 0,000157
воскресение 1,088136 0,000160
воскреснуть 0,991226 0,000146
воспитательный 2,167317 0,000319
воспитываться 1,565257 0,000230
восполняться 2,167317 0,000319
восприимчивый 1,565257 0,000230
восторг 0,419129 0,000123
восторженный 0,963197 0,000142
восхитительно 2,167317 0,000319
восходить 1,322219 0,000195
восхождение 2,167317 0,000319
впасть 1,088136 0,000160
вперёд 0,426955 0,000189
вполне 0,316059 0,000093
впрочем 0,118099 0,000104
вред 1,264227 0,000186
временами 1,264227 0,000186
время 0,018098 0,000013
вроде 0,662167 0,000292
всегда 0,129891 0,000057
вскакивать 1,213075 0,000179
вскинуться 0,866287 0,000127
вскочить 0,451314 0,000199
вскричать 0,253503 0,000261
вследствие 0,888564 0,000131
вспоминать 0,623249 0,000183
вспомнить 0,434924 0,000192
встать 0,269690 0,000079
вступить 0,675956 0,000298
всякий 0,106619 0,000094
втайне 1,565257 0,000230
второй 0,217927 0,000032
вчера 0,341243 0,000050
въехать 1,690196 0,000249
выбрать 0,845098 0,000124
выгода 1,167317 0,000344
выгонять 1,690196 0,000249
выиграть 1,088136 0,000320
выйти 0,063514 0,000047
вылечить 1,468347 0,000648
вынести 0,486076 0,000072
выпачкаться 2,167317 0,000319
выписать 1,264227 0,000186
выпить 0,704919 0,000104
выплата 0,000000 0,000000
выражение 0,514105 0,000076
выразить 0,599116 0,000088
вырасти 1,088136 0,000160
вырваться 0,565257 0,000083
высказать 0,523865 0,000231
выскочить 0,824895 0,000121
выслушать 0,426955 0,000063
высокий 0,213075 0,000094
вытереться 1,866287 0,000275
вычислить 2,167317 0,000319
выше 0,720159 0,000106
гадкий 1,213075 0,000179
гадливый 1,866287 0,000275
газета 0,866287 0,000382
галлюцинация 1,866287 0,000824
галстук 1,389166 0,000409
гатцук 2,167317 0,000319
гейне 2,167317 0,000319
геологический 1,866287 0,000549
геометрия 1,866287 0,000275
гимназия 1,125925 0,000166
главное 0,185046 0,000109
глаз 0,056728 0,000008
глупец 1,866287 0,000275
глупо 0,845098 0,000249
глупость 0,576253 0,000085
глупый 0,419129 0,000555
говорить 0,011981 0,000028
год 0,292256 0,000129
голова 0,114239 0,000084
голос 0,208276 0,000092
голубчик 0,565257 0,000166
голый 1,167317 0,000172
гомеопатический 2,167317 0,000319
гораздо 0,443041 0,000196
горбунов 2,167317 0,000319
гордо 1,053374 0,000155
гордость 0,587534 0,000259
горнило 1,866287 0,000275
горячка 0,963197 0,000142
господин 0,208276 0,000031
гость 0,434924 0,000768
готовый 0,367977 0,000162
гофф 2,167317 0,000319
градус 1,565257 0,000461
граница 0,662167 0,000195
графа 1,389166 0,000204
греметь 1,389166 0,000204
грех 0,752344 0,000221
грешница 1,690196 0,000249
грешный 0,991226 0,000146
громкий 1,021189 0,000150
громко 0,504560 0,000074
громовый 1,866287 0,000275
грудь 0,443041 0,000130
грустный 0,735954 0,000108
грязноватый 1,866287 0,000275
губить 1,167317 0,000172
густой 0,991226 0,000146
давать 0,253503 0,000037
давеча 0,232819 0,000103
давно 0,158717 0,000093
даже 0,005949 0,000023
далее 0,648803 0,000095
далеко 0,599116 0,000088
далёкий 0,411442 0,000121
дама 0,434924 0,000064
дать 0,171682 0,000051
два 0,198834 0,000117
двадцать 0,303994 0,000045
дверь 0,258832 0,000038
двор 0,523865 0,000308
девка 1,021189 0,000150
девушка 0,533849 0,000079
действительно 0,106619 0,000031
действительность 0,991226 0,000146
действительный 0,991226 0,000146
делать 0,194189 0,000257
деликатность 1,264227 0,000186
дело 0,011981 0,000014
день 0,118099 0,000052
деревенский 1,264227 0,000186
дескать 0,419129 0,000370
десятитысячный 2,167317 0,000319
десять 0,298086 0,000044
детский 0,752344 0,000111
джентльмен 1,565257 0,002995
диван 0,648803 0,000573
дивиться 0,787106 0,000116
дикий 0,720159 0,000106
дико 1,167317 0,000172
дипломатический 2,167317 0,000319
длинный 0,495219 0,000146
добро 0,963197 0,000425
добродушный 1,468347 0,000432
добрый 0,303994 0,000224
довольно 0,129891 0,000019
довольный 0,495219 0,000073
довременный 2,167317 0,000638
догадаться 0,554533 0,000082
догореть 1,866287 0,000275
дозволить 1,389166 0,000204
дойти 0,389166 0,000229
доказательство 0,824895 0,000364
доказать 0,565257 0,000250
доколе 1,690196 0,000249
докончить 0,888564 0,000131
доктор 0,554533 0,000653
долг 0,735954 0,000108
долго 0,222835 0,000033
долечить 2,167317 0,000319
должный 0,099131 0,000073
доля 1,125925 0,000331
дом 0,154480 0,000023
домой 0,459747 0,000068
донос 2,167317 0,000319
дорога 0,275223 0,000122
дорожить 1,213075 0,000179
досада 0,675956 0,000099
доставить 1,021189 0,000150
доставлять 1,468347 0,000216
достаточный 1,468347 0,000216
достигнуть 0,662167 0,000195
достоевский 0,000000 0,000000
достоинство 0,587534 0,000086
достояние 0,000000 0,000000
дочь 0,374926 0,000055
драгоценный 0,912045 0,000268
драться 1,167317 0,000172
древний 0,936868 0,000276
дрожать 0,426955 0,000063
друг 0,180546 0,000213
другой 0,008955 0,000005
дружба 0,805589 0,000119
дружелюбный 1,565257 0,000230
дружно 1,866287 0,000275
дрянь 1,125925 0,000166
дуб 2,167317 0,000319
думать 0,060107 0,000071
дурак 0,611015 0,000360
дух 0,486076 0,000072
духовный 0,991226 0,000146
душа 0,158717 0,000164
дырочка 1,866287 0,000549
дьявол 1,322219 0,000195
европейский 1,389166 0,000204
единолично 1,690196 0,000249
единственно 0,477121 0,000211
единственный 0,648803 0,000095
ежечасно 1,565257 0,000461
если 0,011981 0,000044
естественный 1,021189 0,000150
есть 0,018098 0,000064
жажда 0,866287 0,000127
жаль 0,635838 0,000094
ждать 0,142011 0,000042
желание 0,514105 0,000076
желать 0,232819 0,000103
желудок 2,167317 0,000319
жена 0,486076 0,000072
женски 2,167317 0,000319
жертва 0,769377 0,000113
живить 1,389166 0,000204
жизнь 0,084532 0,000224
жилет 1,213075 0,000179
жить 0,217927 0,000160
журнал 1,322219 0,000389
забава 1,690196 0,000249
забегать 1,125925 0,000166
заболеть 1,053374 0,000155
забота 0,824895 0,000121
забыть 0,125925 0,000130
завестись 1,264227 0,000186
завидовать 1,213075 0,000179
завтра 0,298086 0,000088
заговаривать 0,991226 0,000146
заговорить 0,334808 0,000049
загробный 1,866287 0,000275
задавить 1,690196 0,000249
задача 0,866287 0,000127
зажать 1,468347 0,000216
заключить 0,347773 0,000051
закон 0,805589 0,000237
закоренелый 1,468347 0,000216
закричать 0,434924 0,000064
заменить 1,565257 0,000230
замерзать 2,167317 0,000319
заметить 0,056728 0,000017
занятый 0,866287 0,000127
записаться 2,167317 0,000319
запретить 1,053374 0,000310
запрещать 1,468347 0,000216
засвидетельствовать 1,264227 0,000186
засмеяться 0,347773 0,000256
заснуть 0,769377 0,000113
заставить 0,735954 0,000108
застрелиться 1,053374 0,000155
затем 0,237898 0,000035
заткнуть 1,866287 0,000275
зато 0,468347 0,000276
заурядный 2,167317 0,000319
захождение 2,167317 0,000319
захотеть 0,316059 0,000047
захохотать 0,866287 0,000127
зачем 0,146128 0,000065
защищать 0,912045 0,000134
звезда 1,053374 0,000310
здесь 0,095435 0,000056
здешний 0,611015 0,000090
здоровье 0,704919 0,000104
здравый 1,125925 0,000166
земля 0,298086 0,000439
земной 0,845098 0,000124
злиться 1,167317 0,000515
злобно 0,599116 0,000176
знак 0,565257 0,000083
знакомый 0,486076 0,000072
знать 0,002964 0,000010
значит 0,243038 0,000036
золотой 0,805589 0,000119
зосим 0,912045 0,000134
иван 0,232819 0,001508
иванович 0,269690 0,000079
идеал 1,021189 0,000150
идеалистический 2,167317 0,000319
идея 0,459747 0,000203
идти 0,180546 0,000133
иезуит 1,389166 0,000204
иезуитский 1,690196 0,000497
избить 0,845098 0,000124
известие 0,554533 0,000163
известно 0,334808 0,000049
известный 0,347773 0,000154
извинить 0,611015 0,000270
издавна 1,866287 0,000275
изложение 1,088136 0,000160
изложить 0,866287 0,000127
изредка 0,888564 0,000131
изречь 1,053374 0,000155
изумиться 1,389166 0,000204
изящный 1,213075 0,000179
именины 1,690196 0,000249
именно 0,066947 0,000099
иметь 0,118099 0,000070
инквизитор 1,565257 0,000461
иногда 0,208276 0,000276
иной 0,208276 0,000184
интрига 1,389166 0,000204
иов 1,565257 0,000230
ион 1,690196 0,000249
искренно 0,523865 0,000231
искушать 1,866287 0,000275
испариться 1,866287 0,000275
исповедальный 2,167317 0,000319
исповедь 0,845098 0,000124
исполнить 0,648803 0,000286
исполнять 1,213075 0,000179
использоваться 0,000000 0,000000
исступление 0,565257 0,000083
исступлённо 1,021189 0,000150
истина 0,704919 0,000415
история 0,495219 0,000073
источник 1,565257 0,000230
истребить 1,213075 0,000179
исчезнуть 0,623249 0,000183
итак 0,805589 0,000119
ихний 0,963197 0,000142
кавказ 1,468347 0,000216
каждый 0,137934 0,000020
казаться 0,063514 0,000037
казнить 1,021189 0,000150
казуистика 2,167317 0,000319
какой 0,005949 0,000025
календарь 2,167317 0,000319
капельку 0,963197 0,000284
капля 1,053374 0,000310
карамазов 0,180546 0,000106
карандашик 2,167317 0,000319
карман 0,396465 0,000058
карманный 1,389166 0,000204
карта 1,053374 0,000155
катерина 0,587534 0,000173
квадриллион 1,866287 0,002747
квадриллионный 2,167317 0,000319
кидаться 1,565257 0,000230
километр 2,167317 0,000638
кинуться 0,991226 0,000146
китов 1,866287 0,000275
клеиться 2,167317 0,000319
клетчатый 1,468347 0,000216
клин 1,866287 0,000275
клясться 0,554533 0,000408
книга 0,106619 0,000063
когда 0,015029 0,000044
кожа 1,468347 0,000216
козёл 2,167317 0,000319
колебание 1,125925 0,000166
коли 0,269690 0,000079
комар 0,000000 0,000000
комедия 1,167317 0,000344
комета 2,167317 0,000319
комната 0,150284 0,000088
компания 0,611015 0,000090
конец 0,213075 0,000125
конечно 0,060107 0,000062
консерватор 1,866287 0,000275
конторщик 2,167317 0,000319
кончить 0,328468 0,000048
коричневый 1,690196 0,000249
коровкина 2,167317 0,000319
косвенно 1,322219 0,000195
который 0,002964 0,000009
кошмар 1,213075 0,001428
крайний 0,292256 0,000043
красноречие 1,213075 0,000179
красный 0,611015 0,000090
красоваться 1,468347 0,000216
красота 0,720159 0,000106
кремень 1,866287 0,000275
крепостной 1,167317 0,000344
крест 0,690196 0,000102
крик 0,514105 0,000076
крикнуть 0,292256 0,000215
критика 1,213075 0,000714
кровь 0,389166 0,000057
кроме 0,158717 0,000047
крохотный 1,690196 0,000249
кругом 0,419129 0,000062
крыло 1,690196 0,000249
крыльцо 0,787106 0,000116
кряхтеть 1,690196 0,000249
кстати 0,468347 0,000069
куда 0,248239 0,000037
купец 0,720159 0,000106
купить 0,752344 0,000221
купчий 1,690196 0,000497
купчиха 1,322219 0,000389
кушать 1,167317 0,000172
лакей 0,704919 0,000415
ласково 0,936868 0,000138
лгать 0,599116 0,000176
лев 1,021189 0,000301
левый 0,704919 0,000207
легенда 1,322219 0,000973
леденеть 1,690196 0,000249
лежать 0,243038 0,000072
лента 1,565257 0,000230
летать 1,866287 0,000275
лететь 0,805589 0,000119
лечение 1,125925 0,000166
лечить 1,213075 0,000714
лечиться 1,322219 0,000389
лечь 0,866287 0,000127
либо 0,000000 0,000000
лизнуть 1,866287 0,000275
литература 1,468347 0,000432
литературный 1,264227 0,000186
лицо 0,000000 0,000000
лишить 1,213075 0,000179
лишний 0,787106 0,000116
лишь 0,185046 0,000191
ложь 0,824895 0,000121
лорнет 1,389166 0,000204
любезный 0,991226 0,000438
любитель 1,322219 0,000195
любить 0,066947 0,000069
любовь 0,334808 0,000099
любой 0,000000 0,000000
любопытный 0,648803 0,000191
любопытство 0,361137 0,000053
любящий 1,125925 0,000166
люли 2,167317 0,000319
лютеров 2,167317 0,000319
лёгкий 0,599116 0,000088
маленький 0,185046 0,000027
мало 0,208276 0,000153
мальц 2,167317 0,000319
манера 1,125925 0,000166
манишка 1,690196 0,000249
мария 1,690196 0,000249
маркиз 1,866287 0,000275
массивный 1,690196 0,000249
материалист 1,690196 0,000249
материальный 1,389166 0,000613
маттея 2,167317 0,000319
махнуть 0,888564 0,000131
мгновение 0,316059 0,000186
мгновенно 0,888564 0,000131
мгновенность 2,167317 0,000319
мгновеньице 2,167317 0,000319
медицина 1,389166 0,000409
между 0,129891 0,000115
мера 0,217927 0,000032
мерещиться 0,866287 0,000127
место 0,099131 0,000058
метель 1,866287 0,000275
метил 1,690196 0,000249
метод 1,690196 0,000497
мефистофель 2,167317 0,000319
мечта 0,735954 0,000217
мечтать 0,752344 0,000332
мзда 1,866287 0,000275
милан 2,167317 0,000319
мило 1,389166 0,000204
милый 0,322219 0,000142
министр 2,167317 0,000638
минус 1,866287 0,000275
минута 0,050046 0,000059
мир 0,523865 0,000540
мировоззрение 1,565257 0,000230
мироздание 1,866287 0,000275
много 0,080958 0,000024
многое 0,443041 0,000065
мода 1,389166 0,000204
можно 0,088136 0,000052
мозг 1,021189 0,000301
мой 0,077412 0,000182
мокрый 0,675956 0,000199
молебен 2,167317 0,000319
молекула 1,866287 0,000275
молиться 0,866287 0,000127
молодец 1,167317 0,000172
молодой 0,222835 0,000197
молодость 1,021189 0,000150
молоть 1,866287 0,000275
молчать 0,248239 0,000256
момент 0,000000 0,000000
мороз 1,213075 0,000714
москва 0,468347 0,000138
мохома 2,167317 0,000319
мочь 0,000000 0,000000
мошенничать 2,167317 0,000319
мрак 0,787106 0,000232
мсьё 2,167317 0,000319
мука 0,735954 0,000325
мучительный 0,623249 0,000092
мыслитель 1,565257 0,000921
мыслить 1,088136 0,000320
мысль 0,114239 0,000084
мычать 1,565257 0,000230
мягкий 1,167317 0,000172
мягко 1,167317 0,000172
мёд 1,565257 0,000230
наверно 0,264227 0,000039
навязаться 2,167317 0,000319
навязывать 1,690196 0,000249
нагнуться 0,824895 0,000121
надавать 2,167317 0,000319
надзвёздный 2,167317 0,000319
надлежащий 1,088136 0,000160
надо 0,036984 0,000054
надобный 0,866287 0,000255
назад 0,000000 0,000000
название 1,088136 0,000320
назвать 0,635838 0,000187
назначать 1,866287 0,000275
назначение 1,264227 0,000372
найти 0,298086 0,000044
накануне 0,662167 0,000097
наконец 0,073896 0,000076
налицо 1,468347 0,000216
напечатать 1,167317 0,000515
написать 0,000000 0,000000
напомнить 0,912045 0,000134
направление 1,088136 0,000160
например 0,298086 0,000175
напротив 0,180546 0,000080
напрягаться 1,690196 0,000249
напряжение 1,264227 0,000186
народный 1,264227 0,000186
нарочно 0,227798 0,000034
насилие 1,389166 0,000204
насколько 1,866287 0,000275
наслаждение 0,769377 0,000226
насмешливо 0,787106 0,000116
настойчиво 0,787106 0,000116
настойчивость 1,322219 0,000195
настойчивый 1,125925 0,000331
настолько 1,264227 0,000186
настоящий 0,309985 0,000046
наступать 1,264227 0,000186
наступить 0,845098 0,000497
насчёт 0,354404 0,000052
натура 0,888564 0,000262
наука 0,787106 0,000348
нахмуренно 1,389166 0,000204
начало 0,243038 0,000107
начать 0,066947 0,000079
начаться 0,514105 0,000151
начинать 0,292256 0,000129
начинаться 0,805589 0,000119
наш 0,118099 0,000104
наяву 1,213075 0,000357
небесный 1,167317 0,000172
небо 0,635838 0,000281
небрежный 1,468347 0,000216
неверие 1,389166 0,000818
невидимый 1,565257 0,000230
невинность 0,936868 0,000138
невыносимый 1,021189 0,000150
неглупо 2,167317 0,000319
негодяй 1,322219 0,000195
недавний 0,888564 0,000262
недавно 0,576253 0,000085
недаром 1,389166 0,000204
недорогой 1,866287 0,000275
недурно 1,468347 0,000216
нездоровый 1,053374 0,000155
неизвестно 0,936868 0,000276
неизвестный 0,936868 0,000138
неисповедимый 2,167317 0,000319
некоторый 0,154480 0,000091
некто 1,565257 0,000230
нельзя 0,176091 0,000104
немец 1,389166 0,000204
немного 0,426955 0,000063
немножко 1,021189 0,000150
ненавистный 0,805589 0,000237
необходимо 0,963197 0,000284
необходимый 0,599116 0,000088
неожиданный 0,419129 0,000247
неопределённый 1,053374 0,000310
неостроумный 1,866287 0,000549
неотвязный 1,866287 0,000275
неотлучно 1,690196 0,000249
непорочный 2,167317 0,000319
непременно 0,133894 0,000039
неприготовленный 1,866287 0,000275
неприличный 1,053374 0,000155
неразумный 1,565257 0,000230
нерв 1,322219 0,000195
нервно 0,936868 0,000138
несколько 0,095435 0,000014
нести 0,824895 0,000121
несчастный 0,374926 0,000110
неужели 0,389166 0,000057
нечаянно 0,752344 0,000111
нечего 0,381987 0,000056
нечто 0,389166 0,000115
нибыть 0,030597 0,000045
ниже 0,912045 0,000268
никакой 0,213075 0,000157
никогда 0,088136 0,000065
никто 0,095435 0,000070
нимало 0,991226 0,000146
ниоткуда 1,866287 0,000275
нисколько 0,662167 0,000097
ничего 0,030597 0,000041
ничто 0,576253 0,000085
новичок 1,866287 0,000275
новость 1,468347 0,000216
новый 0,167317 0,000222
нога 0,213075 0,000031
ноздря 2,167317 0,000957
норманочка 2,167317 0,000319
нос 1,021189 0,001353
носить 0,611015 0,000180
ночь 0,189594 0,000056
нрав 1,167317 0,000172
нравиться 0,611015 0,000270
нравственность 1,468347 0,000216
нравственный 0,690196 0,000203
нуль 1,690196 0,000249
ныне 1,021189 0,000150
оба 0,316059 0,000047
обеднение 2,167317 0,000319
обещать 0,704919 0,000104
облокотиться 1,125925 0,000166
обманщик 1,866287 0,000275
обмочить 1,866287 0,000275
образ 0,243038 0,000107
обрасти 1,690196 0,000249
обратиться 0,316059 0,000140
обречь 2,167317 0,000319
обстоятельство 0,403889 0,000059
общественный 0,000000 0,000000
общество 0,468347 0,000276
объяснить 0,374926 0,000110
обыкновенно 0,720159 0,000212
овладеть 0,912045 0,000134
огонь 0,991226 0,000146
огонёк 1,468347 0,000216
одесную 2,167317 0,000319
одетый 0,648803 0,000095
один 0,000000 0,000000
одиннадцатый 0,912045 0,000268
одинокий 1,389166 0,000204
однажды 0,635838 0,000094
однако 0,102859 0,000091
оживление 1,866287 0,000549
озабоченность 1,866287 0,000275
оказаться 0,275223 0,000041
оклеветать 1,690196 0,000497
окно 0,381987 0,000225
оконный 2,167317 0,000319
окончательно 0,565257 0,000499
олух 1,690196 0,000249
омрачиться 1,690196 0,000249
он 0,000000 0,000000
опал 1,866287 0,000275
опалить 1,866287 0,000275
опозорить 1,125925 0,000166
оппозиция 2,167317 0,000319
оправдать 0,963197 0,000142
определить 0,866287 0,000127
опубликовать 0,000000 0,000000
опять 0,027438 0,000085
оратор 1,213075 0,000179
организм 1,866287 0,000275
оригинальный 0,936868 0,000138
осанна 1,866287 0,002472
осесть 1,468347 0,000432
оскорбить 0,599116 0,000088
осмелиться 0,769377 0,000113
осмеять 1,389166 0,000204
осмотреть 1,053374 0,000310
осмотреться 1,125925 0,000166
особенно 0,129891 0,000038
особый 0,565257 0,000166
оспа 1,866287 0,000549
оставаться 0,280827 0,000124
оставить 0,203530 0,000090
остальной 0,367977 0,000054
остановиться 0,269690 0,000079
остаться 0,133894 0,000079
осудить 0,866287 0,000127
отбросить 1,468347 0,000432
отвергать 1,053374 0,000310
отвести 0,866287 0,000127
ответ 0,322219 0,000095
ответить 0,121994 0,000018
отвечать 0,258832 0,000152
отворить 0,486076 0,000358
отворять 1,167317 0,000172
отвращение 0,769377 0,000226
отвыкать 2,167317 0,000319
отдалить 0,963197 0,000142
отдать 0,381987 0,000056
отделение 1,213075 0,000536
отец 0,091770 0,000054
отживать 2,167317 0,000319
открывать 0,963197 0,000142
открытый 1,125925 0,000166
открыть 0,635838 0,000281
отлично 0,805589 0,000119
отмена 2,167317 0,000319
отняться 1,565257 0,000230
отойти 0,845098 0,000124
отпереть 0,805589 0,000237
отпустить 0,845098 0,000124
отпущение 2,167317 0,000319
отрезать 0,599116 0,000088
отречься 1,389166 0,000204
отрицание 1,468347 0,000432
отрицать 1,088136 0,000320
отставной 0,845098 0,000124
отступиться 1,565257 0,000230
отсылать 1,565257 0,000230
отходить 0,824895 0,000121
отчасти 0,611015 0,000090
отчаяние 0,544068 0,000160
отчаянный 0,963197 0,000142
отчий 0,554533 0,000082
оформление 0,000000 0,000000
очевидный 0,554533 0,000326
очень 0,024303 0,000043
очертить 1,468347 0,000216
очённо 1,322219 0,000389
ощущать 0,735954 0,000108
падаль 2,167317 0,000319
падший 1,690196 0,000249
пакость 1,468347 0,000432
палец 0,486076 0,000286
панталоны 1,322219 0,000195
параллель 2,167317 0,000319
париж 0,991226 0,000292
париться 2,167317 0,000319
партия 1,322219 0,000195
пасть 0,866287 0,000255
патер 1,690196 0,001492
первый 0,018098 0,000008
перебить 0,486076 0,000072
переворот 1,213075 0,000179
перед 0,554533 0,000082
передавать 0,635838 0,000094
пережитое 1,866287 0,000275
перейти 0,000000 0,000000
перелететь 1,866287 0,000275
перемолоть 2,167317 0,000319
переселяться 1,690196 0,000249
перескочить 0,991226 0,000292
пересолить 2,167317 0,000319
переспросить 1,053374 0,000155
перестать 0,411442 0,000061
переходить 0,991226 0,000146
период 1,690196 0,000995
перси 1,866287 0,000275
перстень 1,264227 0,000186
перчатка 1,389166 0,000204
петербургский 0,991226 0,000146
петь 0,936868 0,000138
пиджак 1,565257 0,000230
пинок 1,866287 0,001099
писать 0,419129 0,000062
письмо 0,434924 0,000064
плохо 0,912045 0,000134
победа 1,565257 0,000230
побеждать 1,468347 0,000216
побороть 1,322219 0,000195
побояться 1,167317 0,000172
поверить 0,347773 0,000461
повернуться 0,495219 0,000073
повеситься 1,322219 0,000389
повредить 1,213075 0,000179
повторить 0,544068 0,000160
повторять 0,396465 0,000175
повторяться 1,021189 0,000301
поглядеть 0,396465 0,000058
поглядывать 1,021189 0,000150
погода 1,565257 0,000461
поголовно 2,167317 0,000319
погубить 0,936868 0,000138
подать 0,451314 0,000066
подборка 0,000000 0,000000
поддеть 2,167317 0,000319
поджать 1,866287 0,000275
подносить 1,690196 0,000249
подозревать 0,504560 0,000074
подписываться 1,866287 0,000275
подпустить 2,167317 0,000319
подробность 0,477121 0,000070
подсказать 0,963197 0,000142
подтверждать 1,389166 0,000204
подумать 0,185046 0,000054
поехать 0,576253 0,000170
пожаловаться 1,565257 0,000230
пожалуй 0,237898 0,000140
пожалуйста 0,662167 0,000195
пожелать 0,675956 0,000099
пожертвовать 0,963197 0,000142
позабыть 0,845098 0,000124
позволительно 1,690196 0,000497
позволить 0,264227 0,000117
поздравительный 2,167317 0,000319
поймать 0,824895 0,000243
пойти 0,080958 0,000095
пока 0,213075 0,000157
показывать 0,514105 0,000076
покаянный 1,866287 0,000275
покраснеть 0,504560 0,000074
полагать 0,720159 0,000212
полезный 1,053374 0,000155
полететь 1,021189 0,000150
полка 1,264227 0,000186
положение 0,459747 0,000135
положить 0,403889 0,000059
полотенце 1,322219 0,000778
полтора 0,787106 0,000116
получать 0,752344 0,000111
получить 0,309985 0,000046
получиться 1,565257 0,000230
польза 0,675956 0,000099
полюбить 0,635838 0,000187
полярный 2,167317 0,000319
помаленьку 1,866287 0,000275
помалу 0,675956 0,000199
помереть 0,720159 0,000106
помещик 0,805589 0,000119
поминутно 0,635838 0,000094
помириться 1,021189 0,000150
помнить 0,167317 0,000025
помогать 0,845098 0,000249
помолчать 0,648803 0,000095
помочь 0,587534 0,000173
помутиться 1,389166 0,000204
понадобиться 0,936868 0,000138
понимать 0,095435 0,000084
поносить 1,565257 0,000230
понятие 0,735954 0,000108
понять 0,106619 0,000016
поп 1,866287 0,000549
попасть 0,533849 0,000157
попеременно 1,565257 0,000230
поперёк 1,565257 0,000230
пора 0,690196 0,000102
поразить 0,243038 0,000036
порассказать 1,866287 0,000275
порвать 1,322219 0,000195
порваться 1,565257 0,000230
породить 1,565257 0,000230
портной 1,565257 0,000230
поручение 0,936868 0,000138
порядочность 1,866287 0,000275
порядочный 0,866287 0,000765
посадить 0,752344 0,000111
поседелый 2,167317 0,000319
посетитель 0,991226 0,000292
послать 0,309985 0,000091
после 0,084532 0,000037
последний 0,066947 0,000030
последовательный 2,167317 0,000319
последствие 1,053374 0,000310
послушать 0,662167 0,000097
посмертно 0,000000 0,000000
посмотреть 0,213075 0,000031
посоветовать 1,053374 0,000155
поспешать 1,468347 0,000216
поставить 0,451314 0,000066
постоялый 1,088136 0,000160
постоять 0,690196 0,000102
пострадать 1,167317 0,000172
поступить 0,648803 0,000095
потащиться 1,389166 0,000204
потерять 0,611015 0,000180
потом 0,084532 0,000037
потому 0,024303 0,000061
потрафить 1,565257 0,000230
потрястись 2,167317 0,000319
потёртый 2,167317 0,000319
похоже 0,845098 0,000124
почва 1,690196 0,000249
почему 0,099131 0,000058
почесть 0,769377 0,000113
почти 0,024303 0,000025
пошлый 1,468347 0,000432
поэма 1,264227 0,000186
поэмка 1,866287 0,000275
появление 0,735954 0,000108
правда 0,088136 0,000091
праведный 1,322219 0,000195
право 0,176091 0,000104
правый 0,495219 0,000219
превосходно 1,125925 0,000166
преграда 1,866287 0,000275
пред 0,030597 0,000018
предел 0,991226 0,000146
предлагать 0,824895 0,000121
предмет 0,611015 0,000180
предположение 0,991226 0,000146
представить 0,286504 0,000211
предстать 1,264227 0,000372
предстоять 0,963197 0,000142
предчувствовать 0,504560 0,000074
прежде 0,077412 0,000046
прежний 0,198834 0,000176
прекрасно 0,735954 0,000108
прекрасный 0,495219 0,000146
прелестный 0,866287 0,000127
прелесть 1,264227 0,000186
прельстить 1,322219 0,000195
премило 1,690196 0,000249
пренебречь 1,565257 0,000230
преодолеть 1,866287 0,000549
прервать 0,623249 0,000092
прерывать 0,912045 0,000134
претензия 1,213075 0,000179
прибавить 0,162996 0,000024
прибегнуть 1,389166 0,000204
прибыть 0,704919 0,000104
привести 0,576253 0,000085
привить 2,167317 0,000319
привычка 0,769377 0,000113
приглядываться 1,389166 0,000204
приехать 0,309985 0,000046
приживальщик 1,322219 0,001168
приживальщицкий 2,167317 0,000319
прижизненный 0,000000 0,000000
признаваться 0,912045 0,000134
признание 0,824895 0,000243
признаться 0,443041 0,000065
призрак 1,167317 0,000515
прийти 0,095435 0,000028
прийтись 0,565257 0,000083
приказ 1,468347 0,000216
прилепиться 1,690196 0,000249
приложить 0,963197 0,000284
примерзать 2,167317 0,000319
примерно 0,963197 0,000142
примкнуть 1,468347 0,000216
принадлежать 0,912045 0,000134
принимать 0,328468 0,000532
приносить 0,936868 0,000138
принудить 0,805589 0,000237
принцип 1,468347 0,000216
принять 0,180546 0,000053
приняться 0,845098 0,000249
припадок 0,544068 0,000080
припоминаться 1,690196 0,000249
припомнить 0,533849 0,000079
припомниться 1,213075 0,000357
природа 0,675956 0,000895
прислать 0,403889 0,000059
присудить 1,468347 0,000432
присутствовать 0,912045 0,000134
притащить 1,322219 0,000195
притом 0,769377 0,000113
приходить 0,243038 0,000179
прицепить 1,690196 0,000497
приятный 0,805589 0,000119
пробормотать 0,316059 0,000047
пробыть 0,845098 0,000373
проверить 1,167317 0,000172
провидение 1,167317 0,000344
прогнать 0,704919 0,000104
проговорить 0,110412 0,000049
программирование 0,000000 0,000000
продать 0,824895 0,000121
продолжать 0,125925 0,000019
продолжаться 0,704919 0,000207
продолжиться 1,866287 0,000275
произведение 0,000000 0,000000
произойти 0,258832 0,000114
происшествие 1,053374 0,000620
пройти 0,000000 0,000000
проклятие 1,088136 0,000160
пролежать 1,053374 0,000155
пропеть 1,690196 0,000249
пропустить 0,845098 0,000124
пророк 1,389166 0,000204
просвещённый 1,389166 0,000204
проседь 1,389166 0,000204
проскрежетать 1,167317 0,000344
простить 0,286504 0,000042
просто 0,232819 0,000103
простонать 1,264227 0,000372
прострадать 2,167317 0,000319
пространство 1,389166 0,000613
простудиться 1,565257 0,000461
протекать 2,167317 0,000319
противоположный 0,888564 0,000262
противоречить 1,053374 0,000155
протоплазма 2,167317 0,000319
процветать 1,690196 0,000249
прочее 1,088136 0,000320
прошлое 0,963197 0,000142
прошлый 0,735954 0,000866
проявление 1,690196 0,000249
прямо 0,118099 0,000052
публикация 0,000000 0,000000
публиковаться 1,866287 0,000275
пуговица 1,468347 0,000216
пустить 0,735954 0,000108
пуститься 0,845098 0,000124
пустынник 1,690196 0,000249
пустыня 1,468347 0,000432
пусть 0,253503 0,000037
путы 2,167317 0,000638
пуховый 1,690196 0,000249
пылкий 1,565257 0,000230
пять 0,222835 0,000033
пятьдесят 0,675956 0,000298
раб 1,322219 0,000195
равно 0,303994 0,000224
равняться 1,389166 0,000204
радостный 0,752344 0,000111
радость 0,411442 0,000182
разбойник 1,125925 0,000166
разве 0,146128 0,000022
развитие 0,912045 0,000403
развлечение 1,565257 0,000230
развязно 1,565257 0,000230
разговор 0,264227 0,000039
раздаться 0,635838 0,000094
раздражительный 0,587534 0,000086
разлагаться 2,167317 0,000319
разложиться 2,167317 0,000319
размах 1,167317 0,000172
разный 0,565257 0,000083
разобрать 0,888564 0,000131
разом 0,389166 0,000057
разрешение 0,000000 0,000000
разрушать 1,866287 0,000275
разрушить 1,468347 0,000432
разряд 1,389166 0,000204
разувериться 1,690196 0,000497
разумеется 0,328468 0,000097
райский 1,690196 0,000249
рама 1,468347 0,000432
расплываться 2,167317 0,000319
распознать 2,167317 0,000638
распять 1,468347 0,000216
рассеянно 0,991226 0,000146
рассказать 0,280827 0,000207
рассмешить 1,322219 0,000195
расстроить 0,845098 0,000249
расстройство 1,167317 0,000344
рассчитать 1,264227 0,000186
рассыпаться 1,468347 0,000216
растолковать 1,053374 0,000155
рваться 1,053374 0,000155
реализм 1,264227 0,000558
реалист 1,866287 0,000275
реально 2,167317 0,000319
реальный 1,866287 0,000549
ребёнок 0,232819 0,000103
ревматизм 1,565257 0,000691
редакция 1,468347 0,000216
репутация 1,053374 0,000310
ретроградный 1,866287 0,000549
реформа 1,690196 0,000249
решение 0,533849 0,000157
решительно 0,341243 0,000301
решить 0,232819 0,000137
решиться 0,341243 0,000050
рискнуть 1,322219 0,000195
род 0,419129 0,000123
родство 1,468347 0,000216
рожа 1,565257 0,000230
рождество 1,690196 0,000249
рожок 1,565257 0,000230
роковой 0,704919 0,000104
романтический 1,866287 0,000275
ропот 1,389166 0,000204
роптать 1,468347 0,000216
рубль 0,334808 0,000049
рука 0,030597 0,000032
русский 0,411442 0,000363
рыцарски 1,690196 0,000249
рявкнуть 1,389166 0,000204
сайт 0,000000 0,000000
сам 0,002964 0,000005
самый 0,018098 0,000027
санкция 1,866287 0,000549
сапог 0,805589 0,000119
саркастический 1,866287 0,000275
сатана 1,213075 0,000714
свалиться 1,565257 0,000230
сведение 0,824895 0,000121
свезти 1,389166 0,000204
сверху 0,936868 0,000138
свет 0,176091 0,000181
светлый 0,735954 0,000108
светренничать 2,167317 0,000319
светский 0,720159 0,000106
свечка 0,866287 0,000382
свидание 0,514105 0,000151
свирепо 1,322219 0,000389
свирепый 1,389166 0,000409
свободно 0,000000 0,000000
свой 0,000000 0,000000
свойство 1,264227 0,000372
связанный 1,468347 0,000216
связать 1,053374 0,000155
связь 0,824895 0,000121
святой 0,468347 0,000276
сделать 0,102859 0,000030
сдержанно 1,021189 0,000150
сдирать 2,167317 0,000319
себя 0,000000 0,000000
сегодня 0,194189 0,000143
сезон 1,565257 0,000230
сейчас 0,070407 0,000083
секрет 0,690196 0,000406
секунда 0,565257 0,000250
семечко 2,167317 0,000319
семипудовый 2,167317 0,000957
семнадцать 1,264227 0,000372
семьдесят 0,000000 0,000000
сентенциозный 1,322219 0,000195
серафим 1,866287 0,000275
сердиться 0,443041 0,000261
сердце 0,095435 0,000084
серьёзно 0,419129 0,000185
серьёзный 0,565257 0,000166
сидеть 0,125925 0,000093
сидя 0,845098 0,000124
сила 0,185046 0,000054
сильный 0,269690 0,000079
сириус 2,167317 0,000319
сияние 1,866287 0,000275
сказать 0,011981 0,000028
скверный 0,623249 0,000092
скитаться 1,125925 0,000166
складный 1,690196 0,000746
сколько 0,280827 0,000083
скрепить 2,167317 0,000638
скромный 0,991226 0,000292
скучища 1,866287 0,000275
скучно 1,021189 0,000150
скучноватый 2,167317 0,000319
слабость 0,888564 0,000131
слабый 0,611015 0,000090
славянин 1,866287 0,000275
слать 2,167317 0,000319
следовательно 1,866287 0,000275
слеза 0,275223 0,000041
слепец 1,866287 0,000275
слетать 1,389166 0,000204
слишком 0,133894 0,000079
слово 0,027438 0,000040
сложный 1,468347 0,000216
служба 0,769377 0,000113
служить 0,544068 0,000160
случай 0,146128 0,000043
случаться 0,599116 0,000088
случиться 0,292256 0,000172
слушать 0,203530 0,000240
слышать 0,125925 0,000130
слюнка 1,690196 0,000249
смахивать 2,167317 0,000319
смело 1,389166 0,000204
смердяков 0,576253 0,000339
смертный 0,805589 0,000119
смерть 0,374926 0,000110
сметь 0,389166 0,000115
смешать 1,690196 0,000249
смеяться 0,171682 0,000152
смирно 1,690196 0,000249
смотреть 0,077412 0,000011
смошенничать 2,167317 0,000319
смысл 0,523865 0,000154
смягчение 2,167317 0,000319
снять 0,704919 0,000104
собака 0,888564 0,000131
собираться 0,635838 0,000187
собрание 1,088136 0,000160
событие 0,824895 0,000243
совершенно 0,180546 0,000106
совершиться 0,662167 0,000097
совестливый 1,866287 0,000275
совесть 0,544068 0,000400
совет 0,662167 0,000097
советник 1,264227 0,000186
советовать 1,125925 0,000166
совокупиться 1,565257 0,000230
современный 0,936868 0,000138
совсем 0,021189 0,000034
согласие 0,000000 0,000000
сожаление 0,963197 0,000142
созвездие 1,866287 0,000275
созерцать 1,021189 0,000150
сознавать 0,824895 0,000243
сознание 0,787106 0,000116
сойти 0,495219 0,000073
солнце 0,675956 0,000497
соль 2,167317 0,000319
сомнение 0,426955 0,000063
сон 0,866287 0,000127
соображать 0,963197 0,000142
сопротивляться 1,389166 0,000409
сорвать 0,991226 0,000146
сорт 1,322219 0,000195
составить 0,912045 0,000268
составной 1,866287 0,000549
состояние 0,322219 0,000047
сотворять 1,866287 0,000275
сотый 1,322219 0,000195
сохранить 0,690196 0,000102
социальный 1,389166 0,000409
сочинение 1,468347 0,000216
сочинитель 1,468347 0,000216
сочинить 0,963197 0,000425
спасаться 0,991226 0,000146
спасение 0,991226 0,000146
спасибо 0,866287 0,000255
спастись 1,565257 0,000230
спасть 0,554533 0,000163
спать 0,495219 0,000073
специалист 1,690196 0,001492
специальность 2,167317 0,000319
спирит 2,167317 0,000319
списать 2,167317 0,000319
сплетничать 2,167317 0,000638
сплетня 1,322219 0,000389
спокойно 0,648803 0,000095
способный 0,587534 0,000086
справедливо 0,805589 0,000119
спрашивать 0,232819 0,000034
спроситься 1,565257 0,000230
спутник 1,690196 0,000249
среднее 1,167317 0,000172
средний 1,213075 0,000179
средство 0,888564 0,000262
ставить 0,991226 0,000146
стакан 1,088136 0,000480
становиться 0,389166 0,000115
стараться 0,648803 0,000191
старец 0,611015 0,000090
старик 0,303994 0,000089
старый 0,374926 0,000055
статский 1,468347 0,000216
стать 0,002964 0,000004
статься 1,322219 0,000389
стена 0,533849 0,000079
степень 0,367977 0,000054
стиснуть 1,322219 0,000195
стихия 2,167317 0,000319
стклянка 1,468347 0,000216
стоить 0,189594 0,000056
стол 0,286504 0,000211
столь 0,434924 0,000128
столько 0,443041 0,000065
сторона 0,110412 0,000065
стоять 0,150284 0,000044
страдание 0,554533 0,000245
страдать 0,623249 0,000275
странно 0,354404 0,000104
странный 0,227798 0,000067
стремительно 0,936868 0,000138
стриженый 2,167317 0,000319
строгий 0,720159 0,000106
строптивый 2,167317 0,000319
струйка 2,167317 0,000319
студентик 2,167317 0,000319
стук 1,053374 0,000620
ступать 0,587534 0,000086
стучать 0,866287 0,000127
стыд 0,533849 0,000079
стыдиться 0,623249 0,000092
стыдно 0,504560 0,000149
судить 0,523865 0,000077
судьба 0,443041 0,000196
суеверие 1,866287 0,000275
суеверный 1,866287 0,000549
сумасшедший 0,554533 0,000082
сумбур 1,565257 0,000230
сурово 1,088136 0,000160
существо 0,477121 0,000070
существовать 0,635838 0,000561
существующий 1,690196 0,000249
схватить 0,347773 0,000102
сходить 0,611015 0,000180
сходиться 0,912045 0,000134
счастие 0,451314 0,000066
считать 0,275223 0,000041
сшить 1,264227 0,000186
сюда 0,232819 0,000034
тайна 0,675956 0,000099
также 0,000000 0,000000
таки 0,066947 0,000099
таковой 0,451314 0,000133
такой 0,002964 0,000013
тамошний 1,322219 0,000195
танцевать 1,167317 0,000172
твердия 2,167317 0,000638
твой 0,258832 0,000457
творить 1,468347 0,000216
твёрдый 0,576253 0,000085
текст 0,000000 0,000000
телеса 1,866287 0,000275
тело 0,720159 0,000106
тема 0,735954 0,000108
темя 1,264227 0,000186
теперешний 0,533849 0,000157
теперь 0,015029 0,000040
терять 0,720159 0,000106
течь 1,167317 0,000172
титанический 2,167317 0,000319
товарищ 0,704919 0,000104
тогда 0,050046 0,000096
тоже 0,043466 0,000026
толстой 1,088136 0,000160
толстый 1,021189 0,000150
только 0,002964 0,000022
том 1,565257 0,000230
томить 1,565257 0,000230
тон 0,648803 0,000095
топор 1,690196 0,001990
торговый 1,866287 0,000275
тормашки 2,167317 0,000319
тоска 0,599116 0,000088
тот 0,002964 0,000004
тотчас 0,046743 0,000028
точно 0,121994 0,000018
трагедия 1,053374 0,000155
требование 1,264227 0,000186
требовать 0,565257 0,000250
трепещущий 1,468347 0,000216
трескаться 2,167317 0,000319
третий 0,154480 0,000045
тридцатиградусный 2,167317 0,000319
тридцать 0,599116 0,000088
труд 0,866287 0,000127
тщетно 2,167317 0,000319
ты 0,133894 0,001281
тысяча 0,217927 0,000128
тысячная 2,167317 0,000319
тёмный 0,523865 0,000077
тётка 1,053374 0,000155
убеждаться 1,565257 0,000230
убеждение 0,554533 0,000082
уберечь 1,565257 0,000230
убить 0,275223 0,000081
убраться 1,690196 0,000249
уверить 0,599116 0,000265
уверять 0,411442 0,000061
увидеть 0,222835 0,000066
увлекаться 1,322219 0,000195
угадывать 1,167317 0,000172
угаснуть 1,565257 0,000230
угодить 1,389166 0,000409
угодный 0,504560 0,000223
угол 0,341243 0,000050
угостить 2,167317 0,000319
угрызение 1,088136 0,000320
удаться 0,805589 0,000119
удел 1,866287 0,000275
удержать 0,769377 0,000113
удивиться 0,523865 0,000077
удивление 0,292256 0,000043
удовлетворять 1,468347 0,000216
удовольствие 0,486076 0,000215
ужасно 0,167317 0,000049
ужасный 0,322219 0,000047
уживчивый 1,690196 0,000249
ужиться 1,565257 0,000230
узкий 1,213075 0,000179
узнавать 0,704919 0,000104
узнать 0,106619 0,000094
уйти 0,248239 0,000073
укорять 1,021189 0,000150
улечься 1,322219 0,000389
уличить 1,565257 0,000230
ум 0,720159 0,000106
умереть 0,269690 0,000079
умерить 1,866287 0,000275
умерший 0,000000 0,000000
уметь 0,328468 0,000145
умный 0,403889 0,000119
уничтожение 1,690196 0,000249
упование 1,264227 0,000372
упоминать 0,888564 0,000262
упорно 0,866287 0,000255
упорство 1,468347 0,000216
уравнение 2,167317 0,000638
усиленно 1,264227 0,000186
усиливаться 1,264227 0,000186
усилить 1,389166 0,000204
усмехнуться 0,374926 0,000110
успеть 0,203530 0,000030
устроиться 1,088136 0,000480
уступчивый 2,167317 0,000319
утешение 1,088136 0,000160
участие 0,787106 0,000116
учреждение 1,565257 0,000230
фамилия 0,824895 0,000121
фантазия 0,824895 0,000364
фантастически 1,866287 0,000275
фантастический 0,912045 0,000134
фауст 2,167317 0,000319
фельетонист 2,167317 0,000319
физиономия 0,963197 0,000142
философ 1,053374 0,000155
философия 1,264227 0,000558
философствовать 2,167317 0,000638
фома 1,389166 0,000204
фонарь 1,125925 0,000166
формально 1,690196 0,000249
формула 1,690196 0,000249
форточка 1,690196 0,000249
фрак 1,125925 0,000663
франц 0,635838 0,001123
француз 1,167317 0,000172
фёдор 0,434924 0,000128
фёдорович 0,150284 0,000310
характер 0,374926 0,000166
характерный 0,845098 0,000124
хвост 1,125925 0,000166
херувим 1,565257 0,000230
химический 1,866287 0,000275
хлестаков 2,167317 0,000319
хлопоты 0,991226 0,000146
ход 0,963197 0,000142
ходить 0,213075 0,000314
хозяин 0,805589 0,000474
холодный 0,824895 0,000121
холостяк 1,866287 0,000275
хор 1,389166 0,000204
хороший 0,077412 0,000159
хотеть 0,033778 0,000089
хотеться 0,292256 0,000086
хоть 0,060107 0,000062
хотя 0,050046 0,000052
христос 0,675956 0,000099
художественно 1,690196 0,000249
художественный 1,468347 0,000216
целое 0,587534 0,000173
целый 0,217927 0,000096
цель 0,361137 0,000319
церковь 0,787106 0,000116
час 0,185046 0,000136
часть 0,002964 0,000001
часы 0,787106 0,000116
чей 0,000000 0,000000
человек 0,011981 0,000041
человеко 2,167317 0,000638
человечек 1,088136 0,000160
человеческий 0,565257 0,000166
человечество 0,866287 0,000382
через 0,258832 0,000038
черепаховый 1,866287 0,000275
чернильница 1,866287 0,000275
черта 0,264227 0,000350
честно 0,991226 0,000146
честной 0,587534 0,000086
честный 0,735954 0,000108
честолюбивый 1,866287 0,000275
честь 0,403889 0,000238
четвёртый 0,286504 0,000084
четыре 0,361137 0,000053
чин 0,991226 0,000292
чиновник 0,635838 0,000094
число 0,704919 0,000104
чисто 1,213075 0,000179
чистый 0,434924 0,000128
читаемый 2,167317 0,000319
читатель 0,888564 0,000131
читать 0,403889 0,000059
чрево 1,264227 0,000186
чрезвычайный 0,258832 0,000038
что 0,030597 0,000027
чтоб 0,073896 0,000054
чтобы 0,030597 0,000068
чувствительный 1,088136 0,000160
чувство 0,158717 0,000117
чувствовать 0,264227 0,000039
чуждый 2,167317 0,000319
чужой 0,662167 0,000097
чёрный 0,504560 0,000074
чёрт 1,264227 0,000186
чёрточка 0,991226 0,000146
шабаш 1,866287 0,000275
шаромыжка 2,167317 0,000319
шарф 1,468347 0,000432
шептать 1,021189 0,000150
шиковатый 2,167317 0,000319
широкий 0,888564 0,000131
шляпа 0,769377 0,000113
шутка 0,675956 0,000398
экстракт 2,167317 0,000319
элемент 1,322219 0,000195
эманация 2,167317 0,000319
эстетический 1,866287 0,000275
этакий 0,533849 0,000157
это 0,002964 0,000004
этот 0,002964 0,000009
эфир 2,167317 0,000319
юный 1,125925 0,000166
я 0,024303 0,000154
явиться 0,298086 0,000132
язык 0,611015 0,000090
яростно 1,468347 0,000432
