автор 0,000000 0,000000
авторский 0,000000 0,000000
алексей 0,000000 0,000000
алеш 0,328468 0,006356
баловать 1,690196 0,000962
банный 1,690196 0,000962
бежать 0,434924 0,000495
без 0,599116 0,000341
безучастно 1,690196 0,000962
белокурый 1,565257 0,000891
библиотека 1,866287 0,003187
бить 0,769377 0,000438
бледненький 1,565257 0,001782
бог 0,154480 0,000088
боец 1,690196 0,000962
бок 1,322219 0,002258
более 0,000000 0,000000
болезненный 0,611015 0,000348
боль 0,690196 0,000393
больно 0,787106 0,003136
больший 0,248239 0,000424
большой 0,056728 0,000194
брат 0,060107 0,000137
бросать 0,787106 0,000448
бросаться 0,866287 0,000493
бросить 0,269690 0,000307
броситься 0,258832 0,000295
будто 0,099131 0,000056
булыжник 2,167317 0,001234
бывало 0,554533 0,000316
быть 0,000000 0,000000
важный 0,341243 0,000194
вверх 0,866287 0,000493
вглядываться 0,936868 0,000533
вдали 1,565257 0,000891
вдруг 0,005949 0,000027
ведь 0,043466 0,000049
верно 0,523865 0,000894
весь 0,002964 0,000012
ветхий 1,088136 0,000619
взгляд 0,185046 0,000105
взор 1,167317 0,000664
взрослый 1,053374 0,000600
видеть 0,027438 0,000078
видимо 0,328468 0,000187
видимый 0,443041 0,000504
видно 0,504560 0,000574
визит 0,845098 0,000481
виноватый 0,328468 0,000187
влететь 1,264227 0,000720
вместо 0,411442 0,000234
внизу 0,936868 0,000533
внимательно 0,845098 0,000481
вовремя 1,167317 0,000664
вознаграждение 0,000000 0,000000
войти 0,137934 0,000079
вопросительно 1,167317 0,000664
впиться 1,053374 0,000600
вражда 1,322219 0,000753
время 0,018098 0,000021
вскочить 0,451314 0,000257
вскрикнуть 0,611015 0,001043
вскричать 0,253503 0,000144
вслед 0,523865 0,000596
встреча 0,554533 0,000316
вступить 0,675956 0,000385
всякий 0,106619 0,000061
второй 0,217927 0,000248
вчерашний 0,599116 0,000341
вы 0,232819 0,000133
выдумать 0,648803 0,000369
выжидать 1,264227 0,000720
вызывающий 1,389166 0,000791
выйти 0,063514 0,000072
вылететь 1,322219 0,000753
вынуть 0,451314 0,000257
выплата 0,000000 0,000000
выпускать 1,088136 0,000619
выпустить 1,264227 0,000720
вырасти 1,088136 0,000619
выскочить 0,824895 0,000469
высокий 0,213075 0,000121
выходить 0,258832 0,000147
гарнитуров 2,167317 0,001234
глаз 0,056728 0,000129
глазок 0,805589 0,000459
глазёнки 1,565257 0,001782
глубоко 0,611015 0,000348
глядеть 0,243038 0,000415
говорить 0,011981 0,000007
голенище 2,167317 0,001234
голова 0,114239 0,000195
голос 0,208276 0,000237
голосок 1,053374 0,000600
голый 1,167317 0,000664
гора 0,805589 0,000459
гореть 0,735954 0,000419
горка 1,690196 0,000962
город 0,248239 0,000141
господин 0,208276 0,000237
госпожа 0,648803 0,000369
громко 0,504560 0,000287
грудь 0,443041 0,000252
группа 1,389166 0,007906
грушенька 0,544068 0,000310
грушенький 1,088136 0,000619
давеча 0,232819 0,000133
даже 0,005949 0,000010
далёкий 0,411442 0,000234
даром 0,769377 0,000438
дать 0,171682 0,000098
два 0,198834 0,000113
двенадцать 0,805589 0,000459
двигаться 1,167317 0,001329
девять 0,888564 0,001011
деловитый 1,866287 0,001062
деловой 1,213075 0,000690
день 0,118099 0,000067
десять 0,298086 0,000509
детский 0,752344 0,000428
дистанция 2,167317 0,001234
дмитрий 0,396465 0,000226
доверенность 1,213075 0,000690
довольно 0,129891 0,000222
догадаться 0,554533 0,000316
догнать 1,088136 0,000619
долго 0,222835 0,000254
должный 0,099131 0,000056
дом 0,154480 0,000088
допрашивать 0,991226 0,000564
дорога 0,275223 0,000157
доставать 1,389166 0,000791
достать 0,587534 0,000334
достоевский 0,000000 0,000000
достояние 0,000000 0,000000
дразнить 0,845098 0,002405
другой 0,008955 0,000020
думать 0,060107 0,000034
дырка 2,167317 0,001234
дёргать 1,468347 0,000836
если 0,011981 0,000007
ждать 0,142011 0,000404
забор 0,866287 0,000986
загадка 0,787106 0,000448
загалдеть 1,690196 0,000962
заговорить 0,334808 0,000191
загородить 1,866287 0,001062
заготовить 1,565257 0,001782
задеть 1,322219 0,000753
задорно 1,866287 0,001062
зажиточный 1,690196 0,000962
закричать 0,434924 0,001733
замазать 2,167317 0,001234
заметить 0,056728 0,000097
замечание 0,888564 0,000506
заплакать 0,599116 0,000682
заплатка 1,866287 0,001062
засверкать 0,720159 0,000410
заслониться 1,866287 0,001062
засмеяться 0,347773 0,000198
заставить 0,735954 0,000419
захотеться 0,704919 0,000401
зашибить 1,866287 0,001062
зверёнок 1,866287 0,001062
здоровый 0,769377 0,000438
земля 0,298086 0,000170
злобно 0,599116 0,000682
злобный 0,635838 0,000362
злой 0,587534 0,000669
знать 0,002964 0,000012
зуб 0,735954 0,000419
идти 0,180546 0,000103
избить 0,845098 0,000481
именно 0,066947 0,000038
иначе 0,367977 0,000209
иной 0,208276 0,000119
инстинкт 1,264227 0,000720
исподтишка 2,167317 0,002467
использоваться 0,000000 0,000000
источник 1,565257 0,000891
какой 0,005949 0,000010
камень 0,787106 0,008064
канавка 2,167317 0,011102
карамазов 0,180546 0,000719
карман 0,396465 0,000903
кармашек 1,866287 0,001062
кидать 1,389166 0,000791
кинуться 0,991226 0,000564
класс 0,888564 0,001011
книга 0,106619 0,000182
когда 0,015029 0,000009
кожаный 1,213075 0,000690
коленка 1,053374 0,000600
комар 0,000000 0,000000
конечно 0,060107 0,000034
кость 1,468347 0,000836
который 0,002964 0,000007
красный 0,611015 0,000348
красоткин 1,213075 0,002071
крепко 0,443041 0,000252
крикнуть 0,292256 0,000166
кричать 0,303994 0,000173
кровь 0,389166 0,000443
кстати 0,468347 0,000267
кураж 1,690196 0,000962
курточка 2,167317 0,003701
курчавый 1,565257 0,000891
кучка 1,565257 0,000891
левша 2,167317 0,004934
левый 0,704919 0,000802
лететь 0,805589 0,000459
либо 0,000000 0,000000
литература 1,468347 0,000836
лицо 0,000000 0,000000
личико 1,088136 0,001239
лишь 0,185046 0,000211
ловко 1,125925 0,000641
локоть 1,088136 0,000619
лупить 2,167317 0,001234
любить 0,066947 0,000114
любой 0,000000 0,000000
маленький 0,185046 0,000316
мало 0,208276 0,000119
малолетний 1,690196 0,000962
малорослый 2,167317 0,001234
мальчик 0,411442 0,007728
мальчишка 0,752344 0,001713
мгновение 0,316059 0,000180
между 0,129891 0,000074
место 0,099131 0,000169
метил 1,690196 0,000962
мешок 1,389166 0,000791
мешочек 1,690196 0,002886
мигом 0,504560 0,000287
мимо 0,514105 0,000878
минута 0,050046 0,000028
минутка 0,635838 0,000362
михайловский 2,167317 0,004934
многий 0,514105 0,000293
молодцеватый 1,866287 0,001062
молча 0,367977 0,000209
момент 0,000000 0,000000
монах 0,845098 0,000481
москва 0,468347 0,000267
мостик 1,690196 0,001924
мочалка 1,264227 0,002159
мочь 0,000000 0,000000
мрачно 0,866287 0,000493
мучить 0,419129 0,000239
наблюдать 0,587534 0,000334
набрать 1,565257 0,000891
навстречу 1,125925 0,000641
нагнуть 1,690196 0,000962
надо 0,036984 0,000105
надумать 1,468347 0,000836
назад 0,000000 0,000000
название 1,088136 0,000619
найти 0,298086 0,000170
найтись 0,845098 0,000481
наконец 0,073896 0,000084
нападать 1,322219 0,000753
написать 0,000000 0,000000
направляться 1,468347 0,000836
нарочно 0,227798 0,000130
наступить 0,845098 0,000481
наука 0,787106 0,000448
начать 0,066947 0,000114
начаться 0,514105 0,000585
начинать 0,292256 0,000333
некогда 0,912045 0,000519
неловко 1,125925 0,000641
нельзя 0,176091 0,000100
ненавидеть 0,514105 0,000293
непременно 0,133894 0,000229
непрерывный 1,690196 0,000962
несомненно 0,704919 0,000401
неудачно 2,167317 0,001234
нибыть 0,030597 0,000035
никогда 0,088136 0,000050
ничего 0,030597 0,000017
новый 0,167317 0,000095
нога 0,213075 0,000121
ноготь 1,565257 0,000891
ножик 1,468347 0,000836
носить 0,611015 0,000696
носка 1,866287 0,001062
ночь 0,189594 0,000216
нравиться 0,611015 0,000348
оба 0,316059 0,000360
обернуть 1,322219 0,000753
обернуться 0,576253 0,000328
обратиться 0,316059 0,000180
общественный 0,000000 0,000000
общий 0,514105 0,000293
обёртывать 1,690196 0,000962
оглядеть 0,787106 0,000448
оглядываться 1,167317 0,000664
одетый 0,648803 0,000369
один 0,000000 0,000000
одиннадцать 0,866287 0,000986
однако 0,102859 0,000059
оживлённо 1,690196 0,000962
оживлённый 1,389166 0,000791
озаботить 0,888564 0,000506
озлиться 1,053374 0,000600
оказаться 0,275223 0,000157
окаменелый 2,167317 0,001234
около 0,443041 0,000252
он 0,000000 0,000000
опальный 2,167317 0,001234
опубликовать 0,000000 0,000000
опять 0,027438 0,000125
особенно 0,129891 0,000148
остальной 0,367977 0,000209
остановиться 0,269690 0,000307
остервенение 1,389166 0,001581
ответ 0,322219 0,000183
ответить 0,121994 0,000069
отвечать 0,258832 0,000147
отделяться 2,167317 0,001234
отдуться 2,167317 0,002467
отец 0,091770 0,000209
отплатить 1,468347 0,000836
отскочить 1,213075 0,000690
оформление 0,000000 0,000000
очевидный 0,554533 0,000316
очень 0,024303 0,000055
очередь 0,769377 0,000438
палец 0,486076 0,001107
пальтишко 1,389166 0,002372
пальто 0,936868 0,000533
панталоны 1,322219 0,000753
параллельный 1,866287 0,001062
пасть 0,866287 0,000493
первый 0,018098 0,000021
перебить 0,486076 0,000277
переглянуться 1,021189 0,000581
перейти 0,000000 0,000000
перестрелка 2,167317 0,002467
переулок 1,053374 0,000600
перочинный 1,389166 0,000791
плакать 0,328468 0,000187
платок 0,675956 0,000385
плечо 0,403889 0,000690
площадь 0,888564 0,000506
побежать 0,468347 0,000533
побояться 1,167317 0,000664
повернуться 0,495219 0,000282
повторить 0,544068 0,000310
поглядеть 0,396465 0,000226
подборка 0,000000 0,000000
подлец 0,554533 0,000316
подлый 0,675956 0,000385
поднять 0,396465 0,000226
подойти 0,341243 0,000388
подумать 0,185046 0,000105
подхватить 0,403889 0,000230
подходить 0,587534 0,000334
пожалуй 0,237898 0,000135
поза 2,167317 0,001234
пойти 0,080958 0,000184
политься 1,866287 0,001062
полный 0,253503 0,000144
положить 0,403889 0,000230
понимать 0,095435 0,000054
попасть 0,533849 0,000304
поразить 0,243038 0,000277
посетитель 0,991226 0,001128
посмертно 0,000000 0,000000
посмотреть 0,213075 0,000243
потечь 1,264227 0,000720
потому 0,024303 0,000028
почти 0,024303 0,000014
почувствовать 0,426955 0,000243
правда 0,088136 0,000050
право 0,176091 0,000301
правый 0,495219 0,000282
пред 0,030597 0,000070
предумышленный 2,167317 0,001234
предупредительно 1,565257 0,001782
прежний 0,198834 0,000113
прижизненный 0,000000 0,000000
прийтись 0,565257 0,000322
примерно 0,963197 0,000548
прислать 0,403889 0,000230
приставать 0,963197 0,000548
программирование 0,000000 0,000000
продолговатый 1,468347 0,000836
продолжать 0,125925 0,000143
произведение 0,000000 0,000000
происшествие 1,053374 0,000600
пройти 0,000000 0,000000
прокусить 2,167317 0,001234
пролететь 1,264227 0,000720
промахиваться 2,167317 0,001234
пронизать 2,167317 0,001234
проходить 0,576253 0,000328
прочь 0,866287 0,000493
прощать 0,426955 0,000243
прямо 0,118099 0,000336
публикация 0,000000 0,000000
пустить 0,735954 0,002094
пырнуть 1,468347 0,001671
пытливый 1,213075 0,000690
пять 0,222835 0,000127
равный 1,053374 0,000600
разве 0,146128 0,000083
разговор 0,264227 0,000150
раздаться 0,635838 0,000362
раздражительный 0,587534 0,000334
раздражить 0,720159 0,001230
разом 0,389166 0,000443
разрешение 0,000000 0,000000
разъяснить 0,662167 0,000377
разыскать 1,088136 0,001239
раненый 1,690196 0,000962
ранчик 1,866287 0,001062
рассказать 0,280827 0,000160
рассчитывать 0,675956 0,000385
растрепать 1,565257 0,000891
расходиться 1,389166 0,000791
ребятки 2,167317 0,001234
ребёнок 0,232819 0,000663
ребёночек 1,088136 0,001239
ремень 2,167317 0,001234
род 0,419129 0,000239
рост 0,675956 0,000385
рубашка 1,088136 0,000619
рука 0,030597 0,000104
рукав 1,088136 0,000619
румяный 1,264227 0,001439
русский 0,411442 0,000234
сажать 1,565257 0,000891
сайт 0,000000 0,000000
сам 0,002964 0,000003
самый 0,018098 0,000010
сапог 0,805589 0,000917
сверкать 0,611015 0,000348
сверкнуть 0,866287 0,000493
свернуть 1,565257 0,001782
свободно 0,000000 0,000000
свой 0,000000 0,000000
связаться 1,389166 0,001581
сделать 0,102859 0,000293
себя 0,000000 0,000000
сегодня 0,194189 0,000332
сейчас 0,070407 0,000040
секунда 0,565257 0,000322
семьдесят 0,000000 0,000000
сердце 0,095435 0,000054
серьёзно 0,419129 0,000239
сзади 0,824895 0,000469
сила 0,185046 0,000211
сильно 0,292256 0,000333
сказать 0,011981 0,000048
складка 2,167317 0,001234
слабый 0,611015 0,000348
слава 0,635838 0,000362
слегка 0,936868 0,000533
следить 0,623249 0,000355
случиться 0,292256 0,000166
слышать 0,125925 0,000072
смотреть 0,077412 0,000176
смуров 1,389166 0,003953
собрание 1,088136 0,000619
собраться 0,662167 0,000377
совершенно 0,180546 0,000103
совещаться 1,690196 0,000962
совсем 0,021189 0,000036
согласие 0,000000 0,000000
сорваться 0,936868 0,000533
сочинение 1,468347 0,000836
спина 0,752344 0,000856
спокойно 0,648803 0,000369
спрашивать 0,232819 0,000133
спросить 0,114239 0,000325
спустить 1,167317 0,000664
средний 1,213075 0,000690
старенький 1,167317 0,000664
старший 0,587534 0,000334
стать 0,002964 0,000010
сторона 0,110412 0,000063
стоять 0,150284 0,000171
струсить 1,021189 0,000581
стыдно 0,504560 0,000574
схватить 0,347773 0,000198
также 0,000000 0,000000
такой 0,002964 0,000002
текст 0,000000 0,000000
теперь 0,015029 0,000060
тихий 0,544068 0,000310
тихо 0,354404 0,000202
товарищ 0,704919 0,000401
тоже 0,043466 0,000198
толковать 0,912045 0,000519
только 0,002964 0,000008
том 1,565257 0,000891
торчать 1,213075 0,000690
тот 0,002964 0,000005
тотчас 0,046743 0,000133
третий 0,154480 0,000088
три 0,303994 0,000173
тридцать 0,599116 0,000682
трое 0,752344 0,000428
трёхлетний 1,389166 0,000791
туда 0,495219 0,000282
тёмный 0,523865 0,000298
убить 0,275223 0,000313
увидать 0,434924 0,000248
увидеть 0,222835 0,000254
угодить 1,389166 0,000791
ударить 0,635838 0,001448
удариться 1,565257 0,001782
удаться 0,805589 0,000459
удивление 0,292256 0,000166
узнавать 0,704919 0,000401
узнать 0,106619 0,000121
укрепиться 1,322219 0,000753
укусить 1,125925 0,001282
улица 0,396465 0,000677
умалять 2,167317 0,001234
умерший 0,000000 0,000000
уняться 1,690196 0,000962
упасть 0,495219 0,000282
упереться 1,565257 0,000891
уродливый 1,565257 0,000891
усмешка 0,752344 0,000428
успеть 0,203530 0,000463
фискал 2,167317 0,001234
фискалить 1,866287 0,001062
фёдор 0,434924 0,000495
хитрость 1,264227 0,000720
ходить 0,213075 0,000121
хорошо 0,189594 0,000216
хотеть 0,033778 0,000058
хоть 0,060107 0,000103
хотя 0,050046 0,000028
хохлаковый 0,690196 0,000786
хохот 1,322219 0,000753
хохотать 0,824895 0,000469
худенький 1,389166 0,000791
целый 0,217927 0,000248
час 0,185046 0,000211
часть 0,002964 0,000003
чей 0,000000 0,000000
через 0,258832 0,000147
чернила 1,866287 0,001062
четверо 1,088136 0,000619
четвёртый 0,286504 0,000326
число 0,704919 0,000401
читаемый 2,167317 0,001234
читать 0,403889 0,000230
чрезвычайно 0,217927 0,000124
что 0,030597 0,000017
чтоб 0,073896 0,000042
чтобы 0,030597 0,000070
чёрный 0,504560 0,000574
шаг 0,367977 0,001047
шевельнуться 1,213075 0,000690
шестеро 1,690196 0,000962
шесть 0,514105 0,000878
школа 1,053374 0,000600
школьник 0,936868 0,003199
штаны 2,167317 0,001234
щеголять 1,690196 0,000962
энергически 1,389166 0,000791
это 0,002964 0,000005
этот 0,002964 0,000005
я 0,024303 0,000083
