авраам 1,866287 0,000706
авраамовый 2,167317 0,000410
автор 0,000000 0,000000
авторский 0,000000 0,000000
адский 1,468347 0,000555
алексей 0,000000 0,000000
алмаз 1,866287 0,000353
ангел 0,720159 0,000136
анфим 1,690196 0,000320
апостол 1,468347 0,000278
атеист 0,963197 0,000182
афанасий 1,167317 0,000441
базар 1,322219 0,000250
барин 0,787106 0,000298
батюшка 0,635838 0,000361
бедный 0,328468 0,000373
бежать 0,434924 0,000082
без 0,599116 0,000227
безгрешный 1,690196 0,000959
бездна 1,053374 0,000199
беззащитный 1,565257 0,000296
безмятежный 1,690196 0,000320
безумие 1,322219 0,000250
безумно 1,389166 0,000263
беречь 1,322219 0,000500
беседа 1,167317 0,000662
беседовать 1,389166 0,000263
бесконечно 1,088136 0,000412
бесконечный 0,824895 0,000156
бесполезный 1,468347 0,000278
бессилие 1,021189 0,000193
бессильный 1,389166 0,000263
бессмысленно 1,322219 0,000250
бессмысленный 1,468347 0,000555
бесспорный 0,787106 0,000149
бесстыдный 1,468347 0,000278
бесценный 1,565257 0,000296
бесчисленный 1,021189 0,000193
бесчувственный 1,322219 0,000750
библиотека 1,866287 0,001059
биографический 1,690196 0,000320
бичевать 2,167317 0,000410
благодарный 0,752344 0,000142
благой 1,322219 0,000250
благолепный 1,690196 0,002237
благословить 0,735954 0,000278
благословлять 1,053374 0,000199
близкий 0,477121 0,000271
близко 0,888564 0,000168
блуд 2,167317 0,000410
блуждать 1,866287 0,000353
бог 0,154480 0,000467
богатство 1,088136 0,000412
богатый 0,587534 0,000667
богач 1,322219 0,000500
богоносец 2,167317 0,000410
бодрый 1,468347 0,000278
божеский 1,866287 0,000353
божий 0,623249 0,001179
боз 1,565257 0,000296
более 0,000000 0,000000
боль 0,690196 0,000131
большой 0,056728 0,000075
борец 2,167317 0,000410
бороться 1,053374 0,000199
бояться 0,158717 0,000120
бранный 2,167317 0,000410
брат 0,060107 0,000125
братия 1,468347 0,000278
братолюбие 2,167317 0,000820
братский 1,389166 0,000525
братство 1,468347 0,000833
бродяга 2,167317 0,000410
бросить 0,269690 0,000051
будущий 0,824895 0,000156
бывало 0,554533 0,000105
бывший 0,389166 0,000074
бытие 1,389166 0,000525
быть 0,000000 0,000000
ваш 0,121994 0,000069
вдруг 0,005949 0,000005
ведать 1,088136 0,000206
ведомый 1,866287 0,000353
ведь 0,043466 0,000041
век 0,769377 0,000291
веко 1,322219 0,000250
великий 0,341243 0,000258
великое 0,888564 0,000840
великолепный 0,824895 0,000156
величие 1,389166 0,000263
вера 0,514105 0,000486
верить 0,180546 0,000273
верный 0,495219 0,000094
веровать 0,704919 0,000533
верх 0,963197 0,000182
веселие 1,213075 0,000688
вести 0,787106 0,000298
весь 0,002964 0,000012
весёлый 0,389166 0,000074
вечер 0,322219 0,000061
вечно 0,824895 0,000156
вечный 0,769377 0,000145
вещь 0,411442 0,000467
взаимно 1,468347 0,000278
взамен 1,690196 0,000320
взглянуть 0,468347 0,000089
взирать 1,565257 0,000296
взойти 1,088136 0,000617
взрастить 1,866287 0,001059
взять 0,077412 0,000059
вид 0,150284 0,000057
видать 0,419129 0,000238
видеть 0,027438 0,000088
видимо 0,328468 0,000062
визит 0,845098 0,000160
вино 0,752344 0,000427
виноватый 0,328468 0,000186
виновный 0,704919 0,000267
вместе 0,208276 0,000039
вместо 0,411442 0,000233
внезапно 0,623249 0,000118
внезапный 0,533849 0,000101
внешний 1,322219 0,000250
вновь 0,720159 0,000272
внутренно 1,322219 0,000250
внутри 1,053374 0,000199
вовсе 0,150284 0,000114
вода 0,587534 0,000111
вожак 1,866287 0,000353
возбудить 0,787106 0,000149
воздать 1,690196 0,000320
воздвигнуть 1,468347 0,000278
воздух 0,845098 0,000160
возжаждать 1,866287 0,000353
воззреть 2,167317 0,000410
возлюбить 0,912045 0,000172
возможно 0,735954 0,000557
возможный 0,845098 0,000160
возмочь 1,565257 0,000888
возмутить 1,565257 0,000296
возмущать 1,565257 0,000296
вознаграждение 0,000000 0,000000
возненавидеть 1,021189 0,000193
вознести 1,468347 0,000278
вознестись 1,866287 0,000353
возноситься 1,690196 0,000320
возрадоваться 1,690196 0,001279
возрасти 1,468347 0,000278
возроптать 1,468347 0,000278
воистину 0,912045 0,001552
воля 0,576253 0,000109
воочию 1,866287 0,000353
вопрос 0,146128 0,000028
вопросить 1,690196 0,000320
восемь 0,735954 0,000139
вослед 1,565257 0,000296
воспитание 0,936868 0,000177
воспитать 1,167317 0,000441
восполнить 1,565257 0,000296
восполниться 2,167317 0,000410
воспоминание 0,635838 0,000120
воссиять 1,565257 0,000888
восставать 1,565257 0,000296
восстать 1,213075 0,000688
восток 1,389166 0,000263
восторг 0,419129 0,000317
восхвалить 1,866287 0,000706
восходить 1,322219 0,000250
впасть 1,088136 0,000617
вперёд 0,426955 0,000081
впечатление 0,389166 0,000074
вполне 0,316059 0,000060
вправду 0,888564 0,000168
время 0,018098 0,000027
всегда 0,129891 0,000098
всемирный 1,389166 0,000263
всецело 2,167317 0,000410
всецелый 2,167317 0,000820
вскоре 0,991226 0,000187
вследствие 0,888564 0,000168
вспоминать 0,623249 0,000118
вспомнить 0,434924 0,000082
встать 0,269690 0,000051
встретить 0,459747 0,000174
встретиться 0,704919 0,000133
встречаться 0,769377 0,000145
всюду 1,468347 0,000278
всяк 1,322219 0,001500
всякий 0,106619 0,000121
второй 0,217927 0,000082
выдумка 1,690196 0,000320
выезд 1,389166 0,000263
выйти 0,063514 0,000048
вынести 0,486076 0,000092
выплата 0,000000 0,000000
высокий 0,213075 0,000121
вытерпеть 0,991226 0,000375
выходить 0,258832 0,000098
вычистить 1,565257 0,000296
выше 0,720159 0,000136
гениальный 1,264227 0,000239
главый 1,866287 0,000353
глупый 0,419129 0,000079
гнев 0,544068 0,000309
гневливый 1,213075 0,000229
гноить 2,167317 0,000410
гнойный 1,866287 0,000353
гнусно 1,690196 0,000320
говорить 0,011981 0,000041
голова 0,114239 0,000043
голодный 1,053374 0,000199
гора 0,805589 0,000457
гордость 0,587534 0,000556
гордый 0,576253 0,000327
горестный 1,322219 0,000500
гореть 0,735954 0,000139
горний 1,690196 0,000320
город 0,248239 0,000235
горячо 0,544068 0,000103
господин 0,208276 0,000158
господь 0,374926 0,000496
гость 0,434924 0,000082
гражданин 1,264227 0,000239
грех 0,752344 0,002134
грешить 1,866287 0,000353
грошик 1,866287 0,000353
грудь 0,443041 0,000084
грусть 1,021189 0,000193
грядущий 1,468347 0,000555
губернский 1,088136 0,000206
даваться 1,690196 0,000320
даже 0,005949 0,000035
далее 0,648803 0,000245
далёкий 0,411442 0,000156
даровать 1,565257 0,000296
даром 0,769377 0,000145
дать 0,171682 0,000325
два 0,198834 0,000113
движение 0,648803 0,000123
двое 0,936868 0,000354
действие 1,088136 0,000412
делание 2,167317 0,000820
делать 0,194189 0,000110
дело 0,011981 0,000018
денщик 1,690196 0,000639
день 0,118099 0,000179
дескать 0,419129 0,000079
десятилетний 1,565257 0,000296
десять 0,298086 0,000056
детский 0,752344 0,000142
детство 0,720159 0,000136
деятель 1,264227 0,000478
деятельный 1,264227 0,001195
диван 0,648803 0,000123
дивиться 0,787106 0,000149
дивно 1,565257 0,000296
дитя 0,888564 0,000336
днесь 1,866287 0,000353
добровольный 1,565257 0,000296
доброхотный 2,167317 0,000410
долгий 0,720159 0,000272
долго 0,222835 0,000042
должный 0,099131 0,000019
дорога 0,275223 0,000052
дорого 1,021189 0,000193
дорожить 1,213075 0,000459
достигать 1,389166 0,000263
достигнуть 0,662167 0,000376
достоевский 0,000000 0,000000
достоинство 0,587534 0,000333
достояние 0,000000 0,000000
драгоценный 0,912045 0,000345
древлема 1,866287 0,000353
древний 0,936868 0,000354
друг 0,180546 0,000376
друга 0,411442 0,000156
другой 0,008955 0,000015
думать 0,060107 0,000034
дурной 0,611015 0,000116
дух 0,486076 0,000552
духовный 0,991226 0,001874
душа 0,158717 0,000210
душевный 0,912045 0,000172
душный 1,322219 0,000250
евангелие 1,053374 0,000199
европа 1,088136 0,000206
единение 1,690196 0,001918
единиться 2,167317 0,000410
единый 0,611015 0,000578
ежечасно 1,565257 0,000296
ездить 0,690196 0,000131
если 0,011981 0,000075
есть 0,018098 0,000041
жажда 0,866287 0,000328
жаждать 0,769377 0,000436
желание 0,514105 0,000194
желать 0,232819 0,000044
жена 0,486076 0,000184
жениться 0,554533 0,000105
жертва 0,769377 0,000582
жертвовать 1,322219 0,000250
жестокий 0,769377 0,000291
жестокость 1,213075 0,000229
живаго 1,866287 0,000353
живо 1,389166 0,000263
живой 0,675956 0,000639
животное 1,322219 0,000750
животный 1,565257 0,000296
жизнь 0,084532 0,000240
житие 1,264227 0,000239
жить 0,217927 0,000247
заблудиться 1,866287 0,000353
забывать 0,824895 0,000156
забыть 0,125925 0,000024
завистливый 1,322219 0,000500
зависть 1,565257 0,001184
заглушаться 2,167317 0,000410
загноиться 2,167317 0,000410
заключаться 0,635838 0,000120
закон 0,805589 0,000152
залить 1,125925 0,000213
заметить 0,056728 0,000011
заметно 1,264227 0,000239
заметный 1,264227 0,000239
замучить 1,264227 0,000239
заплакать 0,599116 0,000113
запомнить 0,576253 0,000109
зарождать 2,167317 0,000410
засмеяться 0,347773 0,000066
затем 0,237898 0,000045
затереть 2,167317 0,000820
зато 0,468347 0,000089
захотеть 0,316059 0,000060
звать 0,419129 0,000159
звезда 1,053374 0,000199
здание 1,389166 0,000263
здесь 0,095435 0,000036
здоровье 0,704919 0,000133
земля 0,298086 0,001747
земной 0,845098 0,000479
зиждать 2,167317 0,000410
злобный 0,635838 0,000361
злодей 1,021189 0,000579
злодейство 1,322219 0,000750
знание 1,053374 0,000398
знатный 0,936868 0,000532
знать 0,002964 0,000005
значение 0,936868 0,000177
значит 0,243038 0,000046
зосим 0,912045 0,000517
зреть 1,690196 0,000320
игра 0,787106 0,000149
идея 0,459747 0,000261
идти 0,180546 0,000137
иеросхимонах 1,565257 0,000296
избивать 1,866287 0,000353
избранный 1,389166 0,000263
известие 0,554533 0,000105
извлечь 1,690196 0,000320
изгнать 1,389166 0,000525
издревле 1,690196 0,000320
измеримый 2,167317 0,000410
измученный 1,021189 0,000193
изречь 1,053374 0,000199
именно 0,066947 0,000013
иметь 0,118099 0,000112
иногда 0,208276 0,000039
иной 0,208276 0,000276
инок 1,264227 0,001434
иноческий 1,690196 0,000639
искажать 1,690196 0,000320
исказиться 1,389166 0,000263
искать 0,411442 0,000078
искони 2,167317 0,000410
искренний 0,576253 0,000218
искренно 0,523865 0,000099
исповедоваться 1,468347 0,000278
исполнимый 1,866287 0,000353
исполнить 0,648803 0,000245
использоваться 0,000000 0,000000
испытывать 1,389166 0,000263
исследовать 1,690196 0,000320
исступление 0,565257 0,000214
истинный 0,611015 0,000231
история 0,495219 0,000094
источник 1,565257 0,000296
истребить 1,213075 0,000688
истязание 1,264227 0,000239
ихний 0,963197 0,000364
каждый 0,137934 0,000183
казаться 0,063514 0,000024
какой 0,005949 0,000005
камень 0,787106 0,000149
капля 1,053374 0,000598
карамазов 0,180546 0,000205
качать 1,264227 0,000239
кинуться 0,991226 0,000187
книга 0,106619 0,000081
князь 0,443041 0,000084
когда 0,015029 0,000023
кой 1,468347 0,000278
колено 0,565257 0,000107
кольмить 1,866287 0,000353
комар 0,000000 0,000000
комнатка 1,053374 0,000199
конец 0,213075 0,000201
конченый 0,963197 0,000182
кончина 1,322219 0,000750
кончить 0,328468 0,000186
кончиться 0,495219 0,000094
корень 1,866287 0,000353
корить 1,866287 0,000353
котора 0,805589 0,000305
который 0,002964 0,000008
крепко 0,443041 0,000084
кресло 0,599116 0,000113
кровь 0,389166 0,000442
кроткий 0,912045 0,000690
кругом 0,419129 0,000079
кто 0,114239 0,000022
куда 0,248239 0,000094
кулак 0,752344 0,000285
купец 0,720159 0,000136
купить 0,752344 0,000142
кухарка 1,213075 0,000229
лазар 2,167317 0,000410
ласка 1,389166 0,000263
легко 0,752344 0,000142
легкомысленный 0,845098 0,000160
леденец 1,690196 0,000320
лежать 0,243038 0,000046
лентяй 1,866287 0,000353
лень 1,565257 0,000296
либо 0,000000 0,000000
листик 1,690196 0,000320
литература 1,468347 0,000278
лицо 0,000000 0,000000
лишение 1,866287 0,000353
лишить 1,213075 0,000229
лишний 0,787106 0,000149
лишь 0,185046 0,000665
лобызать 1,866287 0,000353
ложный 1,322219 0,000250
лоно 2,167317 0,000410
лоток 1,690196 0,000320
любить 0,066947 0,000279
любовия 1,690196 0,000320
любовно 1,565257 0,000296
любовный 1,322219 0,000500
любовь 0,334808 0,001203
любой 0,000000 0,000000
любя 1,213075 0,000229
любящий 1,125925 0,000213
людская 1,565257 0,000592
лёгкий 0,599116 0,000113
маленький 0,185046 0,000070
малое 0,963197 0,000364
малый 0,334808 0,000063
материальный 1,389166 0,000788
машина 1,213075 0,000229
мгновение 0,316059 0,000179
между 0,129891 0,000074
мелкий 0,690196 0,000131
мелькнуть 0,544068 0,000103
мера 0,217927 0,000041
место 0,099131 0,000037
месяц 0,264227 0,000050
меч 1,468347 0,000278
мечта 0,735954 0,000418
мечтательный 1,690196 0,000320
мечтать 0,752344 0,000285
милосердие 1,389166 0,000263
милосердный 1,690196 0,000320
милостивый 0,888564 0,000168
милый 0,322219 0,000183
мимо 0,514105 0,000194
минута 0,050046 0,000019
мир 0,523865 0,001486
мироед 2,167317 0,000820
мирской 1,322219 0,000250
мистический 1,468347 0,000278
младенец 0,866287 0,000328
мнение 0,374926 0,000071
многие 0,468347 0,000089
многий 0,514105 0,000194
много 0,080958 0,000122
многое 0,443041 0,000251
множество 0,845098 0,000320
можно 0,088136 0,000050
мой 0,077412 0,000161
молельщик 2,167317 0,000410
молитва 0,888564 0,001344
молить 0,769377 0,000436
молиться 0,866287 0,000819
молодость 1,021189 0,000193
молча 0,367977 0,000070
молчальник 1,565257 0,000296
молчание 0,662167 0,000125
молчать 0,248239 0,000047
момент 0,000000 0,000000
монастырский 1,053374 0,000199
монастырь 0,533849 0,000606
монашество 1,866287 0,000706
мочь 0,000000 0,000000
мстительный 1,213075 0,000229
мужик 0,675956 0,000128
мука 0,735954 0,000557
мундир 1,264227 0,000239
мучение 0,963197 0,000364
мученик 1,322219 0,000750
мучить 0,419129 0,000159
мучиться 0,623249 0,000118
мы 0,648803 0,000245
мыслить 1,088136 0,002675
мысль 0,114239 0,000259
навсегда 0,735954 0,000139
навыдумать 1,690196 0,000320
наглый 0,963197 0,000182
награда 1,468347 0,000555
надежда 0,533849 0,000101
надменно 1,468347 0,000278
надо 0,036984 0,000035
назад 0,000000 0,000000
название 1,088136 0,000206
найти 0,298086 0,000056
наконец 0,073896 0,000056
накопить 1,389166 0,000263
написать 0,000000 0,000000
например 0,298086 0,000056
напротив 0,180546 0,000137
народ 0,514105 0,001750
народный 1,264227 0,000478
наружно 1,389166 0,000263
насмешка 0,599116 0,000227
насмешливо 0,787106 0,000149
насмешник 1,468347 0,000278
настоящий 0,309985 0,000059
наступать 1,264227 0,000239
наступить 0,845098 0,000479
насытить 2,167317 0,000410
насыщать 2,167317 0,000820
наука 0,787106 0,000595
научиться 1,053374 0,000199
находить 0,576253 0,000109
начало 0,243038 0,000046
начать 0,066947 0,000025
начинаться 0,805589 0,000152
наш 0,118099 0,000357
небесный 1,167317 0,000441
небогатый 1,866287 0,000353
небытие 1,690196 0,000320
неверие 1,389166 0,000263
неверующий 1,565257 0,000296
невозможно 0,411442 0,000156
невозможность 1,088136 0,000412
невозможный 0,623249 0,000118
невольник 1,690196 0,000320
негодование 0,403889 0,000076
недоступный 1,690196 0,000320
недоумение 0,554533 0,000105
незабвенный 2,167317 0,000410
неискажённый 2,167317 0,000410
некиима 2,167317 0,000410
некий 1,167317 0,001104
некоторый 0,154480 0,000029
нелепый 0,845098 0,000160
нельзя 0,176091 0,000167
немедленно 0,554533 0,000315
немыслимый 1,213075 0,000229
ненависть 0,623249 0,000236
ненасытить 1,690196 0,000959
ненужный 1,389166 0,000263
необоримый 2,167317 0,000410
необходимость 1,053374 0,000398
неожиданно 0,523865 0,000099
неожиданный 0,419129 0,000079
неотразимый 1,053374 0,000199
неприглядный 1,565257 0,000296
нерадение 2,167317 0,000410
несмотрение 2,167317 0,000410
несмотря 0,275223 0,000104
несомненно 0,704919 0,000133
несчастный 0,374926 0,000142
неужели 0,389166 0,000294
неужто 0,599116 0,000113
неустанно 1,167317 0,000883
неутоление 2,167317 0,000410
нечаянно 0,752344 0,000142
нечестивый 1,866287 0,000353
нечестие 2,167317 0,000410
нечто 0,389166 0,000294
неясный 1,088136 0,000206
ниже 0,912045 0,000172
никогда 0,088136 0,000067
никто 0,095435 0,000072
нимало 0,991226 0,000187
ничего 0,030597 0,000017
ничей 1,690196 0,000320
нищета 1,213075 0,000229
нищий 1,125925 0,000426
новопреставленный 1,690196 0,000639
новый 0,167317 0,000063
ночь 0,189594 0,000036
нощь 1,866287 0,000353
нужно 0,514105 0,000097
ныне 1,021189 0,000772
нынешний 1,125925 0,000213
оба 0,316059 0,000060
обвинить 1,167317 0,000221
обед 0,690196 0,000131
оберегать 1,866287 0,000353
обетование 1,565257 0,000592
обида 0,720159 0,000136
облегчение 1,565257 0,000296
облобызаться 2,167317 0,000410
обнимать 0,866287 0,000164
обнять 0,735954 0,000139
ободрить 0,963197 0,000182
обрадовать 1,264227 0,000239
обрадоваться 0,611015 0,000231
образ 0,243038 0,000276
образование 0,845098 0,000160
образовать 0,912045 0,000345
обращать 0,963197 0,000182
обращение 1,866287 0,000353
обретать 1,690196 0,000320
обряд 1,565257 0,000296
обряскать 1,866287 0,000353
обходить 1,322219 0,000250
общежитие 2,167317 0,000410
общение 1,468347 0,000278
общественный 0,000000 0,000000
общество 0,468347 0,000177
объядения 2,167317 0,000410
объяснить 0,374926 0,000071
обычай 1,053374 0,000199
огонь 0,991226 0,000375
одежда 1,053374 0,000199
один 0,000000 0,000000
одинокий 1,389166 0,000263
однажды 0,635838 0,000240
однако 0,102859 0,000019
озарить 1,167317 0,000441
озлобить 1,389166 0,000263
оканчиваться 1,866287 0,000353
океан 1,866287 0,000706
около 0,443041 0,000168
омочить 2,167317 0,000820
он 0,000000 0,000000
они 0,275223 0,000104
оправдание 1,088136 0,000206
определить 0,866287 0,000164
опубликовать 0,000000 0,000000
опуститься 0,888564 0,000168
освободить 1,565257 0,000296
осердиться 1,167317 0,000221
оскорбить 0,599116 0,000113
ослабевать 2,167317 0,000410
осмотрительный 2,167317 0,000410
основание 0,787106 0,000149
особенно 0,129891 0,000098
оставаться 0,280827 0,000106
оставить 0,203530 0,000038
оставлять 0,533849 0,000101
остаться 0,133894 0,000152
осудить 0,866287 0,000328
отвергать 1,053374 0,000398
отвергнуть 0,991226 0,000750
ответ 0,322219 0,000122
ответить 0,121994 0,000023
ответный 1,468347 0,000278
ответчик 1,866287 0,000706
отвечать 0,258832 0,000098
отдаваться 1,389166 0,000263
отдать 0,381987 0,000217
отец 0,091770 0,000139
отказать 0,735954 0,000139
отнимать 1,213075 0,000229
отнять 0,888564 0,000336
отойти 0,845098 0,000160
отомщение 1,866287 0,000353
отпустить 0,845098 0,000320
отрывочный 1,866287 0,000353
отсекать 1,866287 0,000353
отставка 1,125925 0,000213
отстать 1,088136 0,000412
оттого 0,675956 0,000128
отходить 0,824895 0,000312
отчий 0,554533 0,000105
отшедший 1,866287 0,000353
отъединение 1,866287 0,000353
отъединенно 2,167317 0,000410
офицер 0,752344 0,000142
офицерский 1,389166 0,000263
оформление 0,000000 0,000000
охать 1,389166 0,000525
оценить 1,021189 0,000193
очевидный 0,554533 0,000105
очищение 1,690196 0,000320
ошибка 0,805589 0,000152
ощущение 0,690196 0,000131
павлович 0,286504 0,000054
палата 1,690196 0,000320
пасть 0,866287 0,000328
паче 1,322219 0,000250
первый 0,018098 0,000003
передавать 0,635838 0,000240
передаваться 1,866287 0,000353
перейти 0,000000 0,000000
песчинка 2,167317 0,000410
питаться 1,322219 0,000250
плакать 0,328468 0,000124
пламенеть 1,690196 0,000320
пламенный 1,264227 0,000239
пламень 1,866287 0,001412
пламя 1,468347 0,000278
платье 0,635838 0,000120
плод 1,389166 0,000263
плотоугодие 2,167317 0,000410
плотоугодник 2,167317 0,000410
побледнеть 0,544068 0,000103
побороть 1,322219 0,000250
побуждение 1,468347 0,000278
повергаться 1,468347 0,000278
повеселиться 1,866287 0,000353
повести 1,053374 0,000199
повсеместно 1,088136 0,000412
повторять 0,396465 0,000075
погибнуть 0,888564 0,000336
подать 0,451314 0,000085
подаять 2,167317 0,000410
подбежать 1,167317 0,000221
подборка 0,000000 0,000000
подверженный 1,866287 0,000353
подвести 0,963197 0,000182
подвиг 0,769377 0,000436
подивиться 0,991226 0,000375
подносить 1,690196 0,000320
подобие 1,389166 0,000263
подобный 0,533849 0,000303
поединок 1,565257 0,000296
пожалеть 1,021189 0,000579
пожалуй 0,237898 0,000045
пожелать 0,675956 0,000256
позабыться 1,866287 0,000353
поздно 0,735954 0,000139
познавать 1,690196 0,000320
познать 1,565257 0,000592
пойти 0,080958 0,000077
пока 0,213075 0,000121
показать 0,292256 0,000055
покивать 1,690196 0,000320
покидать 1,053374 0,000199
поклониться 0,662167 0,000125
поколебаться 1,389166 0,000263
покорить 1,690196 0,000320
покорность 1,866287 0,000353
покупаться 1,866287 0,000353
полагать 0,720159 0,000136
полный 0,253503 0,000048
половина 0,396465 0,000075
полтина 1,866287 0,001059
получить 0,309985 0,000059
полюбить 0,635838 0,000361
помиловать 0,735954 0,000139
помнить 0,167317 0,000095
помолиться 1,213075 0,000229
помоль 1,866287 0,000353
помощие 1,690196 0,000320
помыкать 2,167317 0,000410
понимать 0,095435 0,000036
понятие 0,735954 0,000139
понять 0,106619 0,000081
поражать 0,888564 0,000168
порченый 2,167317 0,000410
посадить 0,752344 0,000142
посетитель 0,991226 0,000375
посеять 2,167317 0,000410
послать 0,309985 0,000059
после 0,084532 0,000080
последний 0,066947 0,000076
послужить 0,824895 0,000312
послушание 1,213075 0,000459
посмертно 0,000000 0,000000
посмотреть 0,213075 0,000081
пост 1,264227 0,000239
поставить 0,451314 0,000171
постичь 1,167317 0,001545
постник 1,322219 0,000250
пострадать 1,167317 0,000441
поступать 1,167317 0,000441
поступок 0,623249 0,000118
потечь 1,264227 0,000239
потом 0,084532 0,000080
потому 0,024303 0,000023
потоп 1,690196 0,000320
потребность 0,805589 0,001066
поусердствовать 2,167317 0,000410
поучение 1,565257 0,001184
похоже 0,845098 0,000160
почему 0,099131 0,000075
почесть 0,769377 0,000145
почти 0,024303 0,000005
почувствовать 0,426955 0,000161
появиться 0,662167 0,000125
появление 0,735954 0,000278
появляться 1,021189 0,000386
правда 0,088136 0,000217
праведник 1,125925 0,000213
праведный 1,322219 0,001500
правильно 1,167317 0,000441
право 0,176091 0,000133
православный 1,389166 0,000263
праздник 1,213075 0,000229
пребыть 1,866287 0,000706
превозноситься 1,866287 0,000353
превышение 2,167317 0,000410
пред 0,030597 0,000087
предать 0,866287 0,000164
предвидеть 1,021189 0,000193
предпоследний 1,690196 0,000320
представить 0,286504 0,000108
предстать 1,264227 0,000239
прежде 0,077412 0,000073
прежний 0,198834 0,000113
прекрасный 0,495219 0,000094
премудрый 1,322219 0,000250
пренебрегать 1,322219 0,000250
пренебречь 1,565257 0,000888
преставиться 1,468347 0,000278
преступление 0,623249 0,000471
преступник 0,845098 0,000639
прибавить 0,162996 0,000062
привести 0,576253 0,000218
привыкнуть 1,088136 0,000206
привычка 0,769377 0,000436
пригодиться 1,088136 0,000206
приготовить 0,675956 0,000128
прижать 1,322219 0,000250
прижизненный 0,000000 0,000000
прижить 1,690196 0,000320
призвать 1,322219 0,000250
признать 0,735954 0,000139
приий 2,167317 0,000820
прийти 0,095435 0,000072
пример 0,936868 0,000177
приметить 1,322219 0,000250
принбыть 1,866287 0,000353
принести 0,389166 0,000074
принимать 0,328468 0,000062
принять 0,180546 0,000137
приобрести 0,912045 0,000172
приобретаться 1,866287 0,000353
приобщиться 2,167317 0,001230
природа 0,675956 0,000256
прислужник 1,866287 0,000353
притча 1,866287 0,000353
приумножать 1,866287 0,000353
приумножение 2,167317 0,000820
приумножить 1,866287 0,000353
приходить 0,243038 0,000046
провозгласить 0,824895 0,000312
программирование 0,000000 0,000000
проживать 0,769377 0,000145
произведение 0,000000 0,000000
произвести 0,504560 0,000095
произноситься 1,690196 0,000320
произойти 0,258832 0,000294
пройти 0,000000 0,000000
проклинать 1,264227 0,000239
проклясть 1,264227 0,000478
проклятый 0,662167 0,000250
пронестись 0,963197 0,000182
проноситься 2,167317 0,000410
проповедовать 1,322219 0,000250
пророк 1,389166 0,000263
просвещение 1,264227 0,000239
просвещённый 1,389166 0,000263
просить 0,150284 0,000114
простить 0,286504 0,000108
простодушие 1,021189 0,000193
простодушный 0,690196 0,000261
простой 0,576253 0,000218
простолюдин 1,565257 0,000296
пространство 1,389166 0,000263
противиться 1,565257 0,000296
прохладить 2,167317 0,000410
проходить 0,576253 0,000109
прощаться 0,963197 0,000182
прощение 0,611015 0,000462
пряничек 1,866287 0,000353
птичка 1,389166 0,001314
публикация 0,000000 0,000000
пустыня 1,468347 0,000278
пусть 0,253503 0,000096
путешествовать 1,866287 0,000353
путь 0,675956 0,000511
пьянство 1,167317 0,000662
пять 0,222835 0,000042
раб 1,322219 0,000250
раболепный 2,167317 0,000410
работа 0,991226 0,000375
работать 0,845098 0,000160
рабство 1,468347 0,000833
равенство 1,322219 0,000250
равно 0,303994 0,000057
равнодушный 1,389166 0,000263
ради 0,752344 0,000285
радостно 0,888564 0,000336
радостный 0,752344 0,000427
радость 0,411442 0,000622
разве 0,146128 0,000028
развратить 1,468347 0,000555
развратный 1,021189 0,000579
раздать 1,389166 0,000263
разделиться 1,565257 0,000296
различный 1,690196 0,000320
разный 0,565257 0,000107
разрешение 0,000000 0,000000
ранний 0,504560 0,000095
распростереть 2,167317 0,000410
рассвет 0,963197 0,000182
рассказывать 0,341243 0,000065
расстаться 0,936868 0,000354
расстояние 1,167317 0,000221
рассуждать 0,752344 0,000142
рассуждение 1,021189 0,000193
растение 2,167317 0,000410
растление 1,690196 0,000320
ребёнок 0,232819 0,000396
ребёночек 1,088136 0,000823
рекут 1,866287 0,000353
решать 1,053374 0,000199
решить 0,232819 0,000044
решиться 0,341243 0,000065
робость 1,264227 0,000239
родный 0,565257 0,000107
россия 0,514105 0,000389
рука 0,030597 0,000017
рукопись 1,565257 0,000592
русский 0,411442 0,000467
русь 1,264227 0,000478
рынок 1,565257 0,000296
сайт 0,000000 0,000000
сам 0,002964 0,000004
самовар 1,213075 0,000229
самолюбивый 1,213075 0,000229
самоубийство 1,125925 0,000426
самоубийца 1,690196 0,000320
самый 0,018098 0,000031
сатана 1,213075 0,000229
сатанинский 1,866287 0,000706
сбивчивый 1,468347 0,000278
сбыться 1,264227 0,000239
сведение 0,824895 0,000156
сверху 0,936868 0,000177
свести 1,053374 0,000199
свет 0,176091 0,000200
светить 1,690196 0,001279
светлый 0,735954 0,000278
светский 0,720159 0,000136
свидетельствовать 0,888564 0,000168
свирепый 1,389166 0,000263
свобода 1,021189 0,001352
свободно 0,000000 0,000000
свободный 0,936868 0,000532
свой 0,000000 0,000000
связь 0,824895 0,000156
святой 0,468347 0,000089
сделать 0,102859 0,000097
себя 0,000000 0,000000
сегодня 0,194189 0,000073
сей 1,264227 0,000956
семьдесят 0,000000 0,000000
семья 0,991226 0,000375
семя 1,389166 0,000525
сердечко 1,565257 0,000296
сердиться 0,443041 0,000084
сердце 0,095435 0,000144
сие 0,611015 0,001618
сила 0,185046 0,000175
сильно 0,292256 0,000055
сильный 0,269690 0,000357
скажем 1,389166 0,000263
сказать 0,011981 0,000014
скверный 0,623249 0,000354
скидывать 2,167317 0,000410
скит 1,053374 0,000199
склониться 1,167317 0,000221
сколь 1,389166 0,002102
сколько 0,280827 0,000106
скорбный 1,389166 0,000263
скорбь 1,322219 0,000250
скорее 0,514105 0,000194
скорый 0,237898 0,000090
скрытый 1,690196 0,000320
слагаться 1,866287 0,000353
сластолюбец 1,565257 0,000296
след 0,991226 0,000187
следовать 0,544068 0,000103
следующий 0,866287 0,000328
слеза 0,275223 0,000208
слово 0,027438 0,000021
словоохотливый 1,565257 0,000296
слуга 0,599116 0,001813
служение 1,468347 0,000833
служить 0,544068 0,000412
слух 0,805589 0,000152
случайно 0,866287 0,000164
случайный 1,322219 0,000250
случиться 0,292256 0,000055
слушать 0,203530 0,000077
слыхать 0,675956 0,000128
слышать 0,125925 0,000024
смерть 0,374926 0,000355
смеяться 0,171682 0,000097
смирение 1,088136 0,001029
смиренный 1,053374 0,001195
смирять 2,167317 0,000410
смотреть 0,077412 0,000044
смрад 1,866287 0,000353
смрадный 1,690196 0,000639
смущать 0,991226 0,000187
соблазняться 1,866287 0,000706
соборный 1,389166 0,000263
собрание 1,088136 0,000206
собраться 0,662167 0,000250
собственно 0,565257 0,000107
собственный 0,264227 0,000100
событие 0,824895 0,000156
совершить 0,769377 0,000291
совершиться 0,662167 0,000376
совратиться 2,167317 0,000410
совсем 0,021189 0,000008
согбенный 2,167317 0,000410
согласие 0,000000 0,000000
согрешить 1,468347 0,000833
сожалеть 0,963197 0,000182
создание 1,167317 0,000441
созерцание 1,565257 0,000296
созерцать 1,021189 0,000579
сознание 0,787106 0,000149
сойтись 0,623249 0,000118
сократиться 2,167317 0,000410
сокращать 2,167317 0,000410
сокровенный 1,866287 0,000353
солнце 0,675956 0,000128
сопоставить 2,167317 0,000410
соприкасаться 1,468347 0,000278
соприкосновение 2,167317 0,000820
соприкоснуться 1,866287 0,000353
сосать 1,565257 0,000296
составить 0,912045 0,000172
сотворить 1,690196 0,000320
сотрясение 1,322219 0,000250
сохраняться 1,565257 0,000296
сочинение 1,468347 0,000278
спасать 1,088136 0,000412
спасаться 0,991226 0,000375
спасение 0,991226 0,000750
спасти 0,468347 0,000354
спастись 1,565257 0,001184
спорить 0,752344 0,000142
способность 0,805589 0,000152
способный 0,587534 0,000222
справедливо 0,805589 0,000457
спрашивать 0,232819 0,000132
спросить 0,114239 0,000043
среда 1,264227 0,000717
средство 0,888564 0,000168
срок 0,675956 0,001150
становиться 0,389166 0,000074
старец 0,611015 0,000693
стать 0,002964 0,000009
стена 0,533849 0,000101
стоить 0,189594 0,000036
столь 0,434924 0,000411
столько 0,443041 0,000084
сторона 0,110412 0,000021
стоящий 1,468347 0,001111
страдание 0,554533 0,000105
страдать 0,623249 0,000118
странный 0,227798 0,000086
странствие 1,565257 0,000296
странствовать 1,866287 0,000353
страх 0,426955 0,000081
страшиться 1,565257 0,000592
страшный 0,286504 0,000163
стремиться 0,888564 0,000168
стучать 0,866287 0,000164
стыд 0,533849 0,000101
стыдиться 0,623249 0,000236
суд 0,554533 0,000105
судить 0,523865 0,000099
судия 1,866287 0,001765
судья 0,866287 0,000328
суета 1,389166 0,000263
суметь 0,648803 0,000123
супруг 0,523865 0,000198
существо 0,477121 0,000361
сущность 0,675956 0,000128
сходный 1,565257 0,000296
счастливый 0,451314 0,000085
считаться 1,088136 0,000206
сын 0,434924 0,000082
табак 1,690196 0,000639
таинственный 0,991226 0,000562
тайна 0,675956 0,000383
тайный 1,021189 0,000193
также 0,000000 0,000000
таковой 0,451314 0,000341
такой 0,002964 0,000005
талантливый 1,322219 0,000250
твердь 2,167317 0,000410
твоеть 1,866287 0,000353
твой 0,258832 0,000979
твёрдо 0,419129 0,000079
твёрдый 0,576253 0,000109
текст 0,000000 0,000000
тело 0,720159 0,000272
темнота 0,866287 0,000164
теперь 0,015029 0,000031
терять 0,720159 0,000136
течь 1,167317 0,000221
тиранство 2,167317 0,000410
тихо 0,354404 0,000134
тишина 0,912045 0,000517
тогда 0,050046 0,000123
тоже 0,043466 0,000008
только 0,002964 0,000002
том 1,565257 0,000296
торгом 2,167317 0,000410
торжество 0,912045 0,000172
торопиться 0,662167 0,000125
тоска 0,599116 0,000113
тот 0,002964 0,000007
тотчас 0,046743 0,000018
точно 0,121994 0,000046
точность 0,735954 0,000139
требовать 0,565257 0,000107
тревожный 0,866287 0,000328
третий 0,154480 0,000029
тронуть 1,088136 0,000206
труд 0,866287 0,000164
трудно 0,459747 0,000174
тунеядец 1,565257 0,000296
ты 0,133894 0,000785
тысяча 0,217927 0,000041
тюрьма 1,213075 0,000229
убедить 0,888564 0,000168
убедиться 0,623249 0,000118
уберечься 1,866287 0,000353
убивать 0,805589 0,000152
убийство 0,787106 0,000149
убирать 1,389166 0,000263
уверять 0,411442 0,000078
увидеть 0,222835 0,000126
угасать 2,167317 0,000410
угол 0,341243 0,000065
удержать 0,769377 0,000145
удивиться 0,523865 0,000099
удивление 0,292256 0,000055
удивляться 0,544068 0,000103
уединение 1,264227 0,002869
уединиться 2,167317 0,000410
уединённый 1,264227 0,000478
узнать 0,106619 0,000020
узреть 1,264227 0,000239
уйти 0,248239 0,000094
указание 1,053374 0,000199
указать 0,554533 0,000210
указывать 0,599116 0,000227
укор 1,468347 0,000278
улучшение 1,690196 0,000320
улыбка 0,374926 0,000071
ум 0,720159 0,000409
умереть 0,269690 0,000102
умерший 0,000000 0,000000
уметь 0,328468 0,000248
умиление 0,769377 0,000436
умилительный 1,264227 0,000717
умилённо 1,213075 0,000229
умирать 0,611015 0,000116
умножаться 2,167317 0,000410
умный 0,403889 0,000076
уничижение 2,167317 0,000410
уничтожаться 1,866287 0,000353
уничтожить 1,264227 0,000239
уныние 1,690196 0,000320
упиться 1,565257 0,000296
упование 1,264227 0,000239
упокой 1,468347 0,000278
усадить 0,963197 0,000182
усмехаться 0,805589 0,000152
усомниться 1,322219 0,000250
устремиться 1,213075 0,000229
устроиться 1,088136 0,000617
уступить 1,021189 0,000193
устыдиться 1,565257 0,000296
утверждать 0,623249 0,000118
утоление 1,690196 0,000320
утолить 1,322219 0,000500
утолиться 2,167317 0,000410
утолять 1,565257 0,000296
утро 0,347773 0,000066
учение 1,167317 0,000221
учитель 0,936868 0,001063
учительница 2,167317 0,000410
учить 0,752344 0,000427
фабрика 1,690196 0,000320
фантазия 0,824895 0,000156
философ 1,053374 0,000199
фёдор 0,434924 0,000164
фёдорович 0,150284 0,000085
характер 0,374926 0,000071
хвастовство 1,565257 0,000296
хилый 1,690196 0,000320
ходить 0,213075 0,000040
хороший 0,077412 0,000015
хотеть 0,033778 0,000013
хоть 0,060107 0,000091
хотя 0,050046 0,000085
хранить 1,264227 0,000478
христов 1,125925 0,001065
христос 0,675956 0,000639
худо 1,053374 0,000199
целование 2,167317 0,000410
целовать 0,635838 0,000361
целое 0,587534 0,000444
целостность 1,866287 0,000353
церковь 0,787106 0,000298
час 0,185046 0,000070
часть 0,002964 0,000002
часы 0,787106 0,000149
чахлый 1,866287 0,000353
чванство 1,866287 0,000706
чей 0,000000 0,000000
человек 0,011981 0,000070
человеколюбие 1,690196 0,000320
человеческий 0,565257 0,000855
человечество 0,866287 0,000491
через 0,258832 0,000049
честь 0,403889 0,000076
чин 0,991226 0,000375
число 0,704919 0,000133
чистенький 1,389166 0,000263
чистота 1,322219 0,000250
читаемый 2,167317 0,000410
читать 0,403889 0,000076
член 0,752344 0,000142
чтить 1,264227 0,000239
что 0,030597 0,000012
чтоб 0,073896 0,000070
чтобы 0,030597 0,000041
чувство 0,158717 0,000210
чужой 0,662167 0,000125
чуть 0,176091 0,000100
шестой 1,053374 0,000398
экипаж 1,125925 0,000213
этакий 0,533849 0,000101
это 0,002964 0,000001
этот 0,002964 0,000001
юность 0,963197 0,000182
юноша 0,912045 0,000517
я 0,024303 0,000055
явить 1,866287 0,000353
являть 1,866287 0,000353
ясно 0,354404 0,000201
ясный 0,623249 0,000118
