автор 0,000000 0,000000
авторский 0,000000 0,000000
аглая 0,662167 0,000827
александрович 0,504560 0,000210
алексеевич 0,963197 0,002006
алексей 0,000000 0,000000
алтарь 1,866287 0,000389
анекдот 0,752344 0,000157
анна 1,389166 0,000579
аплодисменты 2,167317 0,000451
ардалионович 0,675956 0,000141
барыш 1,866287 0,000389
бедный 0,328468 0,000137
бежать 0,434924 0,000181
бездна 1,053374 0,000439
безмерный 1,264227 0,000263
безумец 1,690196 0,000352
безумный 0,824895 0,000172
беречься 1,389166 0,000289
беспокоить 0,735954 0,000153
беспрерывный 0,787106 0,000164
беспримерный 1,565257 0,000326
библиотека 1,866287 0,001166
бильярд 2,167317 0,000903
битва 1,690196 0,000352
бить 0,769377 0,000160
благодетель 0,866287 0,000180
благородный 0,374926 0,000156
бледный 0,443041 0,000185
блеск 1,088136 0,000227
блестящий 0,963197 0,000201
близкий 0,477121 0,000199
бог 0,154480 0,000032
богатство 1,088136 0,000453
бодрый 1,468347 0,000612
более 0,000000 0,000000
болезненный 0,611015 0,000127
болезнь 0,434924 0,000091
болеть 0,845098 0,000176
больной 0,258832 0,000377
больший 0,248239 0,000103
большой 0,056728 0,000083
бояться 0,158717 0,000132
брак 0,735954 0,000613
бракосочетание 1,866287 0,000389
брат 0,060107 0,000013
брать 0,486076 0,000101
бриллиант 1,389166 0,000579
бросать 0,787106 0,000164
бросаться 0,866287 0,000361
броситься 0,258832 0,000108
будто 0,099131 0,000083
буквально 0,805589 0,000168
бурдовский 1,053374 0,001536
бывало 0,554533 0,000231
бывать 0,280827 0,000058
бывший 0,389166 0,000081
быстро 0,232819 0,000048
быстрота 1,125925 0,000234
быть 0,000000 0,000000
вагон 0,888564 0,000185
ваш 0,121994 0,000051
вдвое 1,264227 0,000263
вдохновение 1,053374 0,000219
вдруг 0,005949 0,000009
ведь 0,043466 0,000045
вежливый 0,735954 0,000153
везде 0,866287 0,000180
великолепный 0,824895 0,000172
венец 1,088136 0,000906
венчальный 2,167317 0,000451
венчание 2,167317 0,000451
вера 0,514105 0,000856
верить 0,180546 0,000038
верно 0,523865 0,000109
вести 0,787106 0,000164
весь 0,002964 0,000010
весёлый 0,389166 0,000324
вечер 0,322219 0,000268
вещь 0,411442 0,000086
взгляд 0,185046 0,000193
взглянуть 0,468347 0,000098
вздохнуть 0,866287 0,000180
вздумать 0,720159 0,000150
взять 0,077412 0,000048
вид 0,150284 0,000125
видать 0,419129 0,000087
видеть 0,027438 0,000057
видеться 0,963197 0,000201
видимый 0,443041 0,000092
видно 0,504560 0,000105
визит 0,845098 0,000352
виновный 0,704919 0,000147
вкус 1,021189 0,000213
влечение 1,322219 0,000275
вместе 0,208276 0,000130
вначале 0,936868 0,000390
внимание 0,504560 0,000315
вовремя 1,167317 0,000486
вовсе 0,150284 0,000031
возбудить 0,787106 0,000328
возвестить 0,936868 0,000195
возвратиться 0,824895 0,000344
возможный 0,845098 0,000352
вознаграждение 0,000000 0,000000
возражение 1,264227 0,000263
возрастать 1,167317 0,000243
возродиться 1,866287 0,000389
войти 0,137934 0,000172
волнение 0,361137 0,000150
воля 0,576253 0,000360
вообще 0,459747 0,000096
вопрос 0,146128 0,000152
воротить 1,053374 0,000219
восемь 0,735954 0,000460
восклицание 0,991226 0,000413
восклицать 0,533849 0,000111
воскреснуть 0,991226 0,000206
воспротивиться 2,167317 0,000451
восстать 1,213075 0,000253
восторг 0,419129 0,000087
восторженный 0,963197 0,000201
восьмой 0,888564 0,000370
впечатление 0,389166 0,000243
вполне 0,316059 0,000197
впрочем 0,118099 0,000123
впустить 1,088136 0,000227
враг 0,735954 0,000153
враждебно 1,565257 0,000326
время 0,018098 0,000041
вроде 0,662167 0,000276
всегда 0,129891 0,000108
вскоре 0,991226 0,000206
вскорости 1,167317 0,000243
вскрикивать 1,213075 0,000253
вскрикнуть 0,611015 0,000127
вслед 0,523865 0,000109
вслух 0,533849 0,000111
встретить 0,459747 0,000096
встречать 0,735954 0,000613
вступить 0,675956 0,000141
всунуть 1,866287 0,000389
всякий 0,106619 0,000111
второй 0,217927 0,000045
втрое 1,565257 0,000652
вчерашний 0,599116 0,000125
вы 0,232819 0,000048
выбежать 0,752344 0,000157
выбор 1,389166 0,000289
вывести 0,611015 0,000127
выговорить 0,599116 0,000125
выделать 1,690196 0,000352
выдержать 0,587534 0,000122
выехать 1,322219 0,000275
выждать 1,565257 0,000326
выжить 1,468347 0,000306
выискаться 1,866287 0,000389
выйти 0,063514 0,000079
выказать 1,213075 0,000253
вынести 0,486076 0,000202
вынуть 0,451314 0,000094
выплата 0,000000 0,000000
выражать 0,963197 0,000201
высказывать 1,389166 0,000289
выскочка 2,167317 0,000451
высокий 0,213075 0,000222
выстрел 1,565257 0,000326
выход 0,769377 0,000160
выходить 0,258832 0,000108
гаврил 1,213075 0,000253
ганя 0,735954 0,000153
генерал 0,504560 0,000315
глава 0,963197 0,000201
главное 0,185046 0,000039
глаз 0,056728 0,000059
гласно 1,690196 0,000352
глубокий 0,477121 0,000199
глупость 0,576253 0,000120
глядеть 0,243038 0,000051
говор 1,468347 0,000612
говорить 0,011981 0,000022
голова 0,114239 0,000167
головной 1,389166 0,000289
голос 0,208276 0,000087
гора 0,805589 0,000168
гордиться 1,021189 0,000213
горевать 1,264227 0,000263
город 0,248239 0,000207
горячий 0,523865 0,000109
горячо 0,544068 0,000113
господин 0,208276 0,000260
гость 0,434924 0,000272
государь 1,021189 0,000213
готовый 0,367977 0,000230
граница 0,662167 0,000138
гроб 0,888564 0,000185
грозный 1,125925 0,000234
громкий 1,021189 0,000213
грохот 1,866287 0,000389
грустный 0,735954 0,000153
грусть 1,021189 0,000425
густой 0,991226 0,000206
давно 0,158717 0,000033
даже 0,005949 0,000022
далёкий 0,411442 0,000086
дарья 1,125925 0,002345
дать 0,171682 0,000143
дача 0,888564 0,000925
дачник 1,468347 0,000306
дачный 1,690196 0,000352
два 0,198834 0,000041
двенадцать 0,805589 0,000168
дверца 2,167317 0,000903
дверь 0,258832 0,000270
двор 0,523865 0,000218
девушка 0,533849 0,000334
действительно 0,106619 0,000089
действовать 0,936868 0,000195
делать 0,194189 0,000202
делаться 0,991226 0,000206
деликатно 1,389166 0,000289
делить 1,866287 0,000389
делишки 1,389166 0,000289
дело 0,011981 0,000020
день 0,118099 0,000197
деньга 0,185046 0,000116
деревенский 1,264227 0,000263
детство 0,720159 0,000150
добежать 1,468347 0,000306
добиться 1,053374 0,000219
добраться 1,565257 0,000326
добро 0,963197 0,000201
доброта 0,991226 0,000206
добрый 0,303994 0,000063
доверитель 2,167317 0,000451
доверчивость 1,213075 0,000253
довольно 0,129891 0,000027
довольный 0,495219 0,000103
доктор 0,554533 0,001617
долгий 0,720159 0,000150
долго 0,222835 0,000046
должный 0,099131 0,000062
дом 0,154480 0,000322
домашний 0,824895 0,000172
домик 1,213075 0,000253
доподлинно 1,690196 0,000352
допустить 0,635838 0,000132
дорога 0,275223 0,000115
дорогой 0,451314 0,000094
доскакать 1,866287 0,000389
достигнуть 0,662167 0,000276
достоевский 0,000000 0,000000
достоинство 0,587534 0,000122
достояние 0,000000 0,000000
дрогнуть 1,389166 0,000289
дрожать 0,426955 0,000089
друг 0,180546 0,000150
другой 0,008955 0,000015
дружески 0,991226 0,000206
думать 0,060107 0,000050
дурак 0,611015 0,000127
дурно 0,888564 0,000185
дурной 0,611015 0,000127
дух 0,486076 0,000101
душа 0,158717 0,000066
душевный 0,912045 0,000190
дёшево 1,322219 0,000275
евгений 0,866287 0,001082
едва 0,554533 0,000115
единственно 0,477121 0,000099
ежедневно 1,021189 0,000425
ездить 0,690196 0,000144
епанчин 0,690196 0,000431
если 0,011981 0,000022
есть 0,018098 0,000011
жаждать 0,769377 0,000160
жалкий 0,936868 0,000390
жар 0,587534 0,000489
жара 1,167317 0,000243
ждать 0,142011 0,000089
желание 0,514105 0,000214
желать 0,232819 0,000291
железный 0,752344 0,000157
жемчуг 1,264227 0,000263
женатый 1,125925 0,000234
жениться 0,554533 0,000115
жених 0,824895 0,000172
женщина 0,213075 0,000044
жертва 0,769377 0,000160
жестокий 0,769377 0,000160
жизнь 0,084532 0,000035
жить 0,217927 0,000045
забыть 0,125925 0,000026
завтра 0,298086 0,000186
завтрашний 1,021189 0,000213
загадочный 1,088136 0,000227
заглядывать 1,021189 0,000213
заглянуть 0,991226 0,000206
заговаривать 0,991226 0,000206
заговорить 0,334808 0,000070
задумчивость 0,912045 0,000380
задумчивый 0,805589 0,000168
задумываться 0,963197 0,000401
задыхаться 0,635838 0,000132
заинтересовать 0,824895 0,000344
зайти 0,554533 0,000115
заключаться 0,635838 0,000132
заключение 0,787106 0,000328
заключить 0,347773 0,000145
законфузиться 1,468347 0,000306
закричать 0,434924 0,000091
закрыть 0,576253 0,000120
заметить 0,056728 0,000071
замечание 0,888564 0,000185
замечать 0,554533 0,000115
занятой 1,468347 0,000306
занятый 0,866287 0,000361
запереть 0,735954 0,000460
заплакать 0,599116 0,000125
запомнить 0,576253 0,000120
зарезать 0,963197 0,000201
зарождаться 1,322219 0,000275
засвидетельствовать 1,264227 0,000263
заснуть 0,769377 0,000160
заставать 1,866287 0,000389
застать 0,648803 0,000135
затворить 1,322219 0,000275
затем 0,237898 0,000149
затеять 1,468347 0,000306
затихнуть 0,912045 0,000190
затмить 2,167317 0,000451
заходить 0,611015 0,000254
захотеть 0,316059 0,000197
захотеться 0,704919 0,000147
зачем 0,146128 0,000091
здесь 0,095435 0,000079
зевака 2,167317 0,000903
зеркало 1,125925 0,000234
злоба 0,523865 0,000109
знакомый 0,486076 0,000101
знать 0,002964 0,000003
значить 0,866287 0,000180
знающий 1,264227 0,000263
иван 0,232819 0,000145
иванович 0,269690 0,000112
игра 0,787106 0,000164
идиот 0,426955 0,000356
идти 0,180546 0,000038
избавлять 2,167317 0,000903
известие 0,554533 0,000231
известный 0,347773 0,000072
излишний 1,264227 0,000263
изложение 1,088136 0,000453
изумиться 1,389166 0,000579
изумление 0,735954 0,000153
имение 1,053374 0,000439
именно 0,066947 0,000070
иметь 0,118099 0,000074
иначе 0,367977 0,000153
инкогнито 2,167317 0,000451
иногда 0,208276 0,000217
иной 0,208276 0,000043
интриговать 1,866287 0,000777
ипполит 0,599116 0,001123
искать 0,411442 0,000257
искренно 0,523865 0,000218
использоваться 0,000000 0,000000
истерика 0,752344 0,000157
истина 0,704919 0,000147
истинный 0,611015 0,000127
источник 1,565257 0,000326
каждый 0,137934 0,000057
казаться 0,063514 0,000066
казённый 1,167317 0,000243
какой 0,005949 0,000016
канцелярист 2,167317 0,000451
капитал 0,912045 0,000190
капитанша 1,389166 0,001446
капитанше 1,690196 0,000352
карета 1,167317 0,001215
касаться 0,599116 0,000125
качать 1,264227 0,000263
каяться 1,389166 0,000579
квартира 0,623249 0,000130
кверху 1,468347 0,000306
келлер 0,963197 0,003410
климат 1,866287 0,000389
клониться 1,866287 0,000389
клятва 1,264227 0,000263
книга 0,106619 0,000022
княгиня 1,167317 0,000486
князь 0,443041 0,008580
коварно 1,690196 0,000352
когда 0,015029 0,000050
кола 0,991226 0,000206
колено 0,565257 0,000118
коля 0,565257 0,000706
коляска 0,991226 0,000413
комар 0,000000 0,000000
комната 0,150284 0,000156
компетентный 1,389166 0,000289
комплимент 1,866287 0,000389
конгресс 2,167317 0,000451
конечно 0,060107 0,000050
кончать 1,125925 0,000234
кончить 0,328468 0,000205
коротко 1,468347 0,000306
который 0,002964 0,000007
крайний 0,292256 0,000487
красавица 0,936868 0,000390
красота 0,720159 0,000150
крепко 0,443041 0,000092
кривая 1,565257 0,000326
крик 0,514105 0,000321
кричать 0,303994 0,000253
кровь 0,389166 0,000081
кроме 0,158717 0,000198
кругом 0,419129 0,000087
крыльцо 0,787106 0,001147
кстати 0,468347 0,000098
кто 0,114239 0,000071
куда 0,248239 0,000155
купить 0,752344 0,000157
курить 1,468347 0,000306
кучер 1,389166 0,000579
лебедев 0,690196 0,004168
лежать 0,243038 0,000051
лечение 1,125925 0,000234
либо 0,000000 0,000000
лизавета 0,623249 0,000260
литература 1,468347 0,000306
лихой 1,866287 0,000389
лицо 0,000000 0,000000
личный 0,662167 0,000138
лишь 0,185046 0,000116
ложа 1,690196 0,000352
локоть 1,088136 0,000227
лошадь 1,021189 0,000213
лукаво 1,088136 0,000227
любить 0,066947 0,000042
любоваться 1,264227 0,000263
любовь 0,334808 0,000209
любой 0,000000 0,000000
любопытно 0,845098 0,000176
маленький 0,185046 0,000116
мало 0,208276 0,000173
мантилька 2,167317 0,000451
мантилья 1,565257 0,000652
мать 0,217927 0,000045
машина 1,213075 0,001010
мгновение 0,316059 0,000132
мебель 1,021189 0,000213
медицина 1,389166 0,000289
медовый 1,690196 0,000352
между 0,129891 0,000027
мера 0,217927 0,000363
мертвец 1,264227 0,000263
местность 1,866287 0,000389
месяц 0,264227 0,000055
мечта 0,735954 0,000153
мечтаться 1,389166 0,000289
милостивый 0,888564 0,000185
мимо 0,514105 0,000214
миновать 1,021189 0,000213
минута 0,050046 0,000052
мираж 1,565257 0,000326
мирить 1,866287 0,000389
младенец 0,866287 0,000361
младший 1,021189 0,000213
мнение 0,374926 0,000234
многие 0,468347 0,000195
многий 0,514105 0,000107
много 0,080958 0,000017
множество 0,845098 0,000176
модистка 1,866287 0,000777
модный 1,468347 0,000306
можно 0,088136 0,000037
молодой 0,222835 0,000046
момент 0,000000 0,000000
мочь 0,000000 0,000000
музыка 0,963197 0,000401
мыслить 1,088136 0,000227
мысль 0,114239 0,000119
набожно 1,389166 0,000289
навести 1,322219 0,000275
нагнуться 0,824895 0,000172
надеть 0,888564 0,000370
надлежащий 1,088136 0,000453
надобность 1,213075 0,000253
наедине 0,936868 0,000195
назавтра 1,264227 0,000263
назад 0,000000 0,000000
название 1,088136 0,000227
назвать 0,635838 0,000132
назначить 0,787106 0,000164
называть 0,477121 0,000298
найти 0,298086 0,000310
найтись 0,845098 0,000176
накануне 0,662167 0,000414
накинуть 1,690196 0,000704
наклонность 1,213075 0,000253
наконец 0,073896 0,000154
налево 0,824895 0,000172
наливка 1,690196 0,000352
намерение 0,514105 0,000214
написать 0,000000 0,000000
наполняться 2,167317 0,000451
направо 0,787106 0,000164
например 0,298086 0,000062
напротив 0,180546 0,000075
напугать 1,167317 0,000243
народ 0,514105 0,000107
нарочно 0,227798 0,000142
наряд 1,565257 0,001630
наскоро 0,888564 0,000185
насмешка 0,599116 0,000125
настаивать 0,565257 0,000118
настасья 0,720159 0,004499
насущный 1,565257 0,000326
натурально 0,991226 0,000206
натуральный 1,167317 0,000243
наука 0,787106 0,000164
наутро 0,991226 0,000206
начало 0,243038 0,000051
начать 0,066947 0,000056
начаться 0,514105 0,000107
начинать 0,292256 0,000061
наяву 1,213075 0,000253
неважный 1,866287 0,000389
невеста 0,720159 0,000450
невозможно 0,411442 0,000086
невольный 1,468347 0,000306
негодование 0,403889 0,000336
недавно 0,576253 0,000240
недалеко 0,912045 0,000190
неделя 0,374926 0,000156
недогадливый 2,167317 0,000451
недоумение 0,554533 0,000462
незаметливый 2,167317 0,000451
нездоровый 1,053374 0,000219
незнакомый 1,125925 0,000469
неизвестно 0,936868 0,000195
неизвестный 0,936868 0,000195
некомпетентный 2,167317 0,000451
некоторый 0,154480 0,000225
нельзя 0,176091 0,000073
немедля 2,167317 0,000451
немного 0,426955 0,000178
ненависть 0,623249 0,000130
необходимый 0,599116 0,000125
необыкновенно 0,805589 0,000168
необыкновенный 0,396465 0,000165
неотлагательный 1,690196 0,000352
непомерный 1,565257 0,000326
непонятный 1,053374 0,000219
непременный 1,264227 0,000527
неприлично 0,824895 0,000172
несколько 0,095435 0,000159
нескромный 2,167317 0,000903
несмотря 0,275223 0,000057
несчастие 0,690196 0,000144
несчастный 0,374926 0,000078
нетерпение 0,554533 0,000115
нехорошо 0,963197 0,000201
нечаянность 2,167317 0,000451
нечего 0,381987 0,000159
нибыть 0,030597 0,000025
никакой 0,213075 0,000177
никогда 0,088136 0,000055
никто 0,095435 0,000079
нина 0,888564 0,000370
ничего 0,030597 0,000038
новый 0,167317 0,000035
нога 0,213075 0,000044
ночь 0,189594 0,000118
ночью 0,587534 0,000245
нужный 0,477121 0,000298
нянька 1,264227 0,000263
оба 0,316059 0,000066
обвенчаться 1,389166 0,000289
обещаться 1,021189 0,000425
обладать 1,264227 0,000263
обменять 2,167317 0,000451
обнаружить 1,053374 0,000219
обнимать 0,866287 0,000180
ободриться 1,213075 0,000253
обольстительный 1,565257 0,000326
образ 0,243038 0,000152
образование 0,845098 0,000176
обратить 0,769377 0,000160
обратиться 0,316059 0,000197
обращаться 0,451314 0,000094
общественный 0,000000 0,000000
общество 0,468347 0,000098
объявить 0,389166 0,000243
объяснение 0,599116 0,000125
объяснять 0,936868 0,000390
объясняться 0,991226 0,000206
обыкновение 0,888564 0,000370
обыкновенный 0,565257 0,000235
обычай 1,053374 0,000219
овдоветь 1,389166 0,000289
ограничиться 1,690196 0,000704
одеяние 1,866287 0,000389
один 0,000000 0,000000
одиннадцатый 0,912045 0,000190
одиннадцать 0,866287 0,000180
однажды 0,635838 0,000265
однако 0,102859 0,000086
одобряться 2,167317 0,000451
одушевление 1,264227 0,000263
оживлённый 1,389166 0,000289
ожидать 0,264227 0,000055
озлобиться 1,690196 0,000352
ознакомиться 1,690196 0,000352
оказаться 0,275223 0,000057
окно 0,381987 0,000239
около 0,443041 0,000369
окружать 1,264227 0,000263
он 0,000000 0,000000
они 0,275223 0,000115
опасение 1,468347 0,000306
опека 1,866287 0,000777
опекун 1,866287 0,000389
опереться 1,565257 0,000652
опубликовать 0,000000 0,000000
опыт 1,213075 0,000253
опять 0,027438 0,000017
орден 1,565257 0,000326
осадить 1,167317 0,000243
осведомиться 0,805589 0,000336
оскорбить 0,599116 0,000125
осмелиться 0,769377 0,000160
осмотреть 1,053374 0,000219
особа 0,769377 0,000641
особенно 0,129891 0,000054
особенный 0,389166 0,000162
особый 0,565257 0,000235
осрамиться 1,866287 0,000389
оставаться 0,280827 0,000175
оставить 0,203530 0,000127
остальной 0,367977 0,000077
остановить 0,565257 0,000706
остановиться 0,269690 0,000056
остаться 0,133894 0,000112
осуждать 1,264227 0,000263
ответ 0,322219 0,000067
ответить 0,121994 0,000051
отвечать 0,258832 0,000162
отворить 0,486076 0,000304
отвориться 0,936868 0,000195
отдых 1,565257 0,000326
отец 0,091770 0,000057
отзыв 1,213075 0,000253
отказаться 0,752344 0,000157
откровенный 0,866287 0,000180
открыто 1,213075 0,000253
открыть 0,635838 0,000265
отличать 1,866287 0,000389
отмахиваться 1,565257 0,000326
отнять 0,888564 0,000185
отпевание 1,565257 0,000978
отпить 1,389166 0,000289
отправиться 0,611015 0,000382
отправляться 1,088136 0,000227
отстранить 1,866287 0,000389
отчасти 0,611015 0,000509
отчаяние 0,544068 0,000113
официально 2,167317 0,000451
оформление 0,000000 0,000000
охотник 1,125925 0,000234
оцепенеть 2,167317 0,000451
очень 0,024303 0,000051
ощущение 0,690196 0,000144
павлович 0,286504 0,000358
павловск 0,888564 0,000740
палец 0,486076 0,000101
парикмахер 1,866287 0,000389
пасть 0,866287 0,000180
первоначальный 1,167317 0,000243
первый 0,018098 0,000026
перед 0,554533 0,000231
передавать 0,635838 0,000397
передать 0,381987 0,000080
перейти 0,000000 0,000000
переменить 0,845098 0,000176
перестать 0,411442 0,000086
перчатка 1,389166 0,000289
петербург 0,434924 0,000453
петербургский 0,991226 0,000206
петь 0,936868 0,000195
пистолет 0,805589 0,000168
платок 0,675956 0,000282
платочек 1,389166 0,000289
платье 0,635838 0,000265
плечо 0,403889 0,000168
плотный 1,322219 0,000275
плохой 0,533849 0,000111
побеждать 1,468347 0,000306
побледнеть 0,544068 0,000113
повеса 2,167317 0,000451
повестить 1,690196 0,000352
повторять 0,396465 0,000083
погоня 1,866287 0,000389
подавать 0,866287 0,000180
подать 0,451314 0,000094
подборка 0,000000 0,000000
подвенечный 2,167317 0,000451
подвеселить 2,167317 0,000451
подглядеть 1,389166 0,000289
поддержать 1,125925 0,000234
поднести 1,264227 0,000263
поднять 0,396465 0,000165
подняться 0,443041 0,000185
подозревать 0,504560 0,000105
подойти 0,341243 0,000213
подраться 1,389166 0,000289
подробный 0,888564 0,000555
подхватить 0,403889 0,000168
подыматься 1,053374 0,000219
пожаловать 0,704919 0,000147
пожарный 1,866287 0,000777
пожелание 1,565257 0,000326
пожелать 0,675956 0,000141
позвать 0,704919 0,000147
поздний 0,963197 0,000201
поздно 0,735954 0,000153
поймать 0,824895 0,000172
пойти 0,080958 0,000034
пока 0,213075 0,000044
показаться 0,334808 0,000349
покамест 0,866287 0,000361
покачивание 2,167317 0,000451
поклониться 0,662167 0,000138
поклясться 1,053374 0,000219
покровительство 1,264227 0,000527
полдюжины 1,690196 0,000352
полиция 1,322219 0,000275
половина 0,396465 0,000165
положение 0,459747 0,000096
полуночь 1,690196 0,000352
полюбопытствовать 1,389166 0,000289
помалу 0,675956 0,000282
помешательство 1,167317 0,000486
помириться 1,021189 0,000425
помнить 0,167317 0,000139
помолчать 0,648803 0,000135
помочь 0,587534 0,000122
понимать 0,095435 0,000020
понять 0,106619 0,000044
пообещаться 1,866287 0,000389
пополудни 1,213075 0,000253
поправить 0,991226 0,000206
попросить 0,426955 0,000089
попытка 1,167317 0,000729
поразить 0,243038 0,000051
портмоне 1,565257 0,000326
поручить 0,991226 0,000206
порядок 0,704919 0,000147
порядочность 1,866287 0,000389
посадить 0,752344 0,000313
посетитель 0,991226 0,000619
посещать 0,845098 0,000176
посещение 0,888564 0,000555
послать 0,309985 0,000194
после 0,084532 0,000106
последний 0,066947 0,000098
последующий 1,866287 0,000389
послышаться 0,735954 0,000153
посмертно 0,000000 0,000000
посмотреть 0,213075 0,000044
поспеть 1,053374 0,000219
поспешность 1,167317 0,000243
поставить 0,451314 0,000094
постучаться 1,264227 0,000527
потом 0,084532 0,000229
потому 0,024303 0,000020
потрясти 0,845098 0,000352
поутру 0,845098 0,000352
похвала 1,322219 0,000275
похвалить 0,991226 0,000413
похожий 0,611015 0,000127
похороны 1,322219 0,001101
поцеловать 0,587534 0,000245
почему 0,099131 0,000083
почесть 0,769377 0,000160
почтенный 0,720159 0,000450
почти 0,024303 0,000076
появление 0,735954 0,000153
правда 0,088136 0,000073
православный 1,389166 0,000289
правый 0,495219 0,000103
праздничный 1,690196 0,000352
праздный 1,468347 0,000306
превкусный 2,167317 0,000451
превосходный 0,936868 0,000195
пред 0,030597 0,000045
преданность 1,322219 0,000275
предлог 1,125925 0,000234
предложить 0,623249 0,000130
предмет 0,611015 0,000127
предостережение 2,167317 0,000451
предполагаться 1,866287 0,000389
предприятие 1,322219 0,000275
председатель 1,125925 0,000234
предсказать 1,565257 0,000326
представить 0,286504 0,000060
предстоящий 1,167317 0,000729
предупредить 0,769377 0,000160
прежде 0,077412 0,000097
презирать 0,662167 0,000138
премудрый 1,322219 0,000275
претензия 1,213075 0,000253
прибавить 0,162996 0,000102
прибавлять 1,088136 0,000227
прибежать 0,769377 0,000160
прибыль 1,389166 0,000289
привести 0,576253 0,000120
приветствовать 1,866287 0,000389
приводить 0,991226 0,000206
привычка 0,769377 0,000160
привязаться 1,125925 0,000234
пригласить 0,720159 0,000750
пригодиться 1,088136 0,000227
приготовить 0,675956 0,000141
приготовляться 1,125925 0,000234
прижизненный 0,000000 0,000000
прийти 0,095435 0,000060
прийтись 0,565257 0,000235
приключение 0,936868 0,000390
прикрываться 2,167317 0,000451
прилив 1,389166 0,000289
прилично 1,213075 0,000758
приличный 0,866287 0,000180
примиренно 2,167317 0,000451
примиритель 1,690196 0,000352
принести 0,389166 0,000081
принцесса 2,167317 0,000451
принять 0,180546 0,000188
приняться 0,845098 0,000176
приобрести 0,912045 0,000190
приплестись 2,167317 0,000451
припоминать 0,648803 0,000135
припомнить 0,533849 0,000222
прислать 0,403889 0,000084
приставать 0,963197 0,000201
присутствовать 0,912045 0,000380
присылать 1,167317 0,000486
притянуть 1,264227 0,000263
приходить 0,243038 0,000101
приходиться 0,963197 0,000201
причина 0,396465 0,000083
причём 0,912045 0,000380
приятель 0,866287 0,000180
приятный 0,805589 0,000168
приём 1,213075 0,000253
пробить 1,322219 0,000275
пробовать 1,088136 0,000227
пробормотать 0,316059 0,000132
пробуждение 1,565257 0,000326
проводить 0,845098 0,000176
провожать 0,936868 0,000390
провозгласить 0,824895 0,000172
проговорить 0,110412 0,000023
проговориться 1,125925 0,000234
программирование 0,000000 0,000000
продать 0,824895 0,000344
продолжать 0,125925 0,000026
проезжать 2,167317 0,000903
проехать 1,389166 0,000289
произведение 0,000000 0,000000
произвести 0,504560 0,000210
произнести 0,280827 0,000175
произноситься 1,690196 0,000352
произойти 0,258832 0,000054
пройти 0,000000 0,000000
проклятие 1,088136 0,000227
прокофиевич 0,704919 0,000294
прокричать 0,599116 0,000125
пролитие 2,167317 0,000451
пропустить 0,845098 0,000176
просидеть 0,704919 0,000294
просить 0,150284 0,000063
просиять 1,264227 0,000263
проститься 0,845098 0,000176
просто 0,232819 0,000097
простой 0,576253 0,000120
просьба 0,623249 0,000260
против 0,389166 0,000243
противоположный 0,888564 0,000185
протянуть 0,486076 0,000202
проходить 0,576253 0,000360
прочий 0,824895 0,000172
прочить 0,648803 0,000270
прощание 1,322219 0,000275
прощаться 0,963197 0,000201
прыгнуть 1,468347 0,000306
прямо 0,118099 0,000025
птицын 0,769377 0,000320
публика 0,805589 0,000839
публикация 0,000000 0,000000
публично 1,213075 0,000253
пункт 0,824895 0,000172
пуститься 0,845098 0,000176
пусть 0,253503 0,000106
пуще 0,599116 0,000125
пятидесятирублевый 1,866287 0,000389
пять 0,222835 0,000093
пятьдесят 0,675956 0,000141
рада 0,735954 0,000153
радоваться 0,888564 0,000185
радушие 1,690196 0,000352
радушно 1,565257 0,000326
раз 0,309985 0,000194
разве 0,146128 0,000030
развеселить 1,468347 0,000306
разветвляться 2,167317 0,000451
развлекать 1,565257 0,000326
развязный 1,468347 0,000612
разговор 0,264227 0,000440
разговориться 1,213075 0,000253
раздаваться 1,088136 0,000227
раздаться 0,635838 0,000132
раздвинуться 1,690196 0,000352
раздеваться 1,565257 0,000326
раздражить 0,720159 0,000300
раздумать 1,468347 0,000306
разнести 1,389166 0,000289
разогнуть 2,167317 0,000451
разойтись 0,888564 0,000185
разочароваться 2,167317 0,000451
разрешение 0,000000 0,000000
разрешиться 1,322219 0,000275
разумеется 0,328468 0,000205
разумный 1,167317 0,000243
ранний 0,504560 0,000105
раскалить 1,866287 0,000389
раскрасавица 1,389166 0,000289
распивочный 2,167317 0,000451
располагать 1,565257 0,000326
расположение 1,021189 0,000213
распорядиться 0,805589 0,000168
распоряжаться 1,389166 0,000289
распространяться 1,167317 0,000243
рассказ 0,477121 0,000199
рассказать 0,280827 0,000117
рассказывать 0,341243 0,000426
рассказываться 1,690196 0,000352
рассмешить 1,322219 0,000275
рассмеяться 0,599116 0,000125
расспрашивать 0,824895 0,000515
расстаться 0,936868 0,000780
расстройство 1,167317 0,000243
рассуждать 0,752344 0,000157
расчёт 0,611015 0,000254
ребёнок 0,232819 0,000097
речь 0,486076 0,000101
решительно 0,341243 0,000142
решить 0,232819 0,000097
решиться 0,341243 0,000071
рогать 2,167317 0,000451
рогожин 0,936868 0,000195
рогожина 0,648803 0,002027
род 0,419129 0,000262
роль 1,053374 0,000219
рублёв 2,167317 0,000451
рука 0,030597 0,000057
руководство 1,389166 0,000289
русский 0,411442 0,000171
рухлядь 1,866287 0,000389
ручаться 1,322219 0,000275
сад 0,824895 0,000515
садиться 0,486076 0,000101
сайт 0,000000 0,000000
сам 0,002964 0,000005
самодовольно 1,690196 0,000352
самоубийство 1,125925 0,000234
самый 0,018098 0,000034
свадьба 1,053374 0,002413
сваливать 1,866287 0,000389
сверкать 0,611015 0,000254
светлый 0,735954 0,000153
светский 0,720159 0,000150
свидание 0,514105 0,000107
свидетель 0,459747 0,000096
свидетельствовать 0,888564 0,000185
свистеть 2,167317 0,000451
свисток 1,866287 0,000389
свободно 0,000000 0,000000
свободный 0,936868 0,000195
свой 0,000000 0,000000
сволочь 1,866287 0,000389
святой 0,468347 0,000098
священник 1,389166 0,000289
сглодать 2,167317 0,000451
сделать 0,102859 0,000064
себя 0,000000 0,000000
сегодня 0,194189 0,000202
седой 0,991226 0,000413
сезон 1,565257 0,000326
сейчас 0,070407 0,000044
секрет 0,690196 0,000287
секунда 0,565257 0,000118
семейный 0,769377 0,000160
семейство 0,451314 0,000094
семь 0,623249 0,000519
семьдесят 0,000000 0,000000
сердечный 0,866287 0,000180
сердце 0,095435 0,000020
серьёзный 0,565257 0,000235
сестра 0,477121 0,000099
сжать 0,963197 0,000201
сигара 1,690196 0,000352
сидеть 0,125925 0,000079
сидя 0,845098 0,000176
сила 0,185046 0,000077
сильно 0,292256 0,000061
сильный 0,269690 0,000112
симпатия 1,167317 0,000243
система 1,213075 0,000505
сказать 0,011981 0,000017
скандал 0,845098 0,000176
сквозь 0,936868 0,000390
сколько 0,280827 0,000058
скорее 0,514105 0,000214
скоро 0,298086 0,000124
скорый 0,237898 0,000050
скромно 1,053374 0,000219
скромный 0,991226 0,000206
скрывать 0,635838 0,000132
скрыться 1,213075 0,000253
слабый 0,611015 0,000127
след 0,991226 0,000206
следовать 0,544068 0,000113
следующий 0,866287 0,000361
слеза 0,275223 0,000287
слишком 0,133894 0,000195
слово 0,027438 0,000023
слух 0,805589 0,000168
случай 0,146128 0,000091
случиться 0,292256 0,000122
слыхать 0,675956 0,000141
слышать 0,125925 0,000184
слышаться 0,963197 0,000201
слышный 0,845098 0,000176
смерть 0,374926 0,000078
сметь 0,389166 0,000081
смех 0,443041 0,000277
смешной 0,565257 0,000118
смеяться 0,171682 0,000072
смотреть 0,077412 0,000064
смущать 0,991226 0,000206
смущение 0,752344 0,000313
сначала 0,434924 0,000091
снять 0,704919 0,000147
собираться 0,635838 0,000530
собрание 1,088136 0,000680
собственный 0,264227 0,000055
событие 0,824895 0,000687
совершенно 0,180546 0,000376
совершенный 0,451314 0,000188
совестно 1,167317 0,000243
совет 0,662167 0,000138
советовать 1,125925 0,000234
советоваться 1,468347 0,000306
совсем 0,021189 0,000013
согласие 0,000000 0,000000
сократить 1,322219 0,000275
сомневаться 0,752344 0,000157
сообразить 0,690196 0,000144
сообщать 0,963197 0,000401
сообщить 0,434924 0,000453
соответствовать 1,565257 0,000326
соперница 1,322219 0,000275
составить 0,912045 0,000190
состояние 0,322219 0,000336
состоять 0,514105 0,000107
сохранить 0,690196 0,000144
сочинение 1,468347 0,000306
сочинённый 2,167317 0,000451
спальня 0,936868 0,000195
спасаться 0,991226 0,000206
спасти 0,468347 0,000488
спасть 0,554533 0,000231
сперва 0,735954 0,000153
спешить 0,477121 0,000099
спокойный 0,576253 0,000120
спокойствие 0,888564 0,000185
спор 1,053374 0,000219
спорить 0,752344 0,000157
способствовать 0,912045 0,000190
спохватиться 0,991226 0,000206
справедливо 0,805589 0,000168
справиться 0,991226 0,000206
спросить 0,114239 0,000024
спрятать 1,021189 0,000213
спустя 0,533849 0,000222
сряду 0,991226 0,000206
становиться 0,389166 0,000243
станция 1,264227 0,000263
стараться 0,648803 0,000270
старенький 1,167317 0,000243
старик 0,303994 0,000063
старичок 0,912045 0,000380
старший 0,587534 0,000122
старый 0,374926 0,000078
стать 0,002964 0,000007
степень 0,367977 0,000077
стих 0,735954 0,000153
стоить 0,189594 0,000039
стол 0,286504 0,000060
сторона 0,110412 0,000092
сторублёвый 1,125925 0,000469
стоять 0,150284 0,000031
страх 0,426955 0,000356
ступенька 1,021189 0,000213
судить 0,523865 0,000109
судорожно 1,167317 0,000243
судьба 0,443041 0,000092
сумасброд 1,866287 0,000389
супруг 0,523865 0,000109
схватить 0,347773 0,000145
сцена 0,554533 0,000115
счастие 0,451314 0,000094
счастливо 1,213075 0,000505
счастливый 0,451314 0,000094
сюрприз 1,264227 0,000263
тайный 1,021189 0,000213
также 0,000000 0,000000
таки 0,066947 0,000056
таковой 0,451314 0,000188
такой 0,002964 0,000009
талейран 2,167317 0,000451
текст 0,000000 0,000000
тема 0,735954 0,000153
теперь 0,015029 0,000053
терентьев 1,213075 0,000253
терраса 0,912045 0,000380
тихий 0,544068 0,000227
тихо 0,354404 0,000148
тогда 0,050046 0,000021
тогдашний 0,635838 0,000132
тоже 0,043466 0,000045
толк 0,805589 0,000168
толпа 0,648803 0,001486
только 0,002964 0,000013
том 1,565257 0,000326
тонкий 0,720159 0,000300
торопиться 0,662167 0,000138
тот 0,002964 0,000004
тотчас 0,046743 0,000010
тоцкий 1,088136 0,000227
точно 0,121994 0,000076
трагический 1,213075 0,000253
третий 0,154480 0,000097
тронуть 1,088136 0,000227
труба 1,690196 0,000704
трудно 0,459747 0,000191
трусить 1,264227 0,000263
ты 0,133894 0,000056
тяжело 0,565257 0,000118
тёмный 0,523865 0,000109
убить 0,275223 0,000115
убор 2,167317 0,000451
увезти 0,963197 0,000201
уверенность 1,021189 0,000425
увести 1,021189 0,000213
увидеть 0,222835 0,000093
увлекаться 1,322219 0,000551
увлечь 1,167317 0,000486
уговор 1,565257 0,000326
угодный 0,504560 0,000105
уголь 1,565257 0,000326
угощение 1,468347 0,000306
удаваться 1,125925 0,000469
удаляться 1,264227 0,000527
удар 0,866287 0,000180
ударить 0,635838 0,000132
удвоить 1,866287 0,000389
удивление 0,292256 0,000061
удовлетворение 1,167317 0,000243
удостоить 1,053374 0,000219
ужасно 0,167317 0,000070
ужасный 0,322219 0,000134
узнать 0,106619 0,000022
уйти 0,248239 0,000258
указательный 1,468347 0,000306
указывать 0,599116 0,000125
улица 0,396465 0,000083
улыбаться 0,544068 0,000113
улыбка 0,374926 0,000156
умереть 0,269690 0,000168
умерший 0,000000 0,000000
уметь 0,328468 0,000068
умирать 0,611015 0,000127
умственный 1,322219 0,000551
унылый 1,690196 0,000352
упасть 0,495219 0,000103
упоминать 0,888564 0,000185
употреблять 1,264227 0,000263
упрёк 1,125925 0,000234
усадить 0,963197 0,000201
усиливать 1,565257 0,000326
усилие 0,845098 0,000528
усложняться 1,690196 0,000352
услыхать 1,088136 0,000227
услышать 0,381987 0,000159
успеть 0,203530 0,000170
успокоить 0,824895 0,000172
успокоиться 0,735954 0,000307
установить 1,468347 0,000306
устраиваться 1,690196 0,000352
устроить 0,690196 0,000144
уступить 1,021189 0,000213
утаить 1,264227 0,000263
утешить 1,053374 0,000219
утро 0,347773 0,000072
утром 0,411442 0,000086
уходить 0,328468 0,000137
участвовать 1,167317 0,000243
участие 0,787106 0,000328
участь 1,053374 0,000219
факт 0,533849 0,000222
филиппович 0,735954 0,004598
философия 1,264227 0,000263
формальность 1,690196 0,000352
фрак 1,125925 0,000234
фуляровый 2,167317 0,000451
фёдор 0,434924 0,000181
фёдорович 0,150284 0,000094
хвалить 0,963197 0,000201
хитрость 1,264227 0,000263
хлопотать 1,088136 0,000227
хлопоты 0,991226 0,000206
ходить 0,213075 0,000177
хоронить 1,213075 0,000253
хороший 0,077412 0,000064
хорошо 0,189594 0,000039
хотеть 0,033778 0,000035
хотеться 0,292256 0,000061
хоть 0,060107 0,000038
хотя 0,050046 0,000010
худо 1,053374 0,000439
целый 0,217927 0,000136
цель 0,361137 0,000150
цена 1,021189 0,000213
ценить 0,769377 0,000160
церковь 0,787106 0,002131
час 0,185046 0,000462
часто 0,292256 0,000183
частый 0,805589 0,000168
часть 0,002964 0,000001
чей 0,000000 0,000000
человек 0,011981 0,000035
через 0,258832 0,000216
честной 0,587534 0,000122
честь 0,403889 0,000084
чета 1,866287 0,000389
четвероногий 2,167317 0,000451
четверть 0,769377 0,000160
четвёртый 0,286504 0,000119
четыре 0,361137 0,000075
чиновный 1,565257 0,000326
число 0,704919 0,000147
читаемый 2,167317 0,000451
читать 0,403889 0,000084
чрезвычайно 0,217927 0,000136
чрезвычайный 0,258832 0,000431
что 0,030597 0,000025
чтоб 0,073896 0,000031
чтобы 0,030597 0,000045
чувство 0,158717 0,000099
чувствовать 0,264227 0,000110
чуть 0,176091 0,000147
чёрный 0,504560 0,000105
шаг 0,367977 0,000077
шаль 1,322219 0,000275
шампанское 0,936868 0,000195
шаривари 2,167317 0,000903
шафер 1,866287 0,000777
швейцария 1,021189 0,000213
шепнуть 0,963197 0,000401
шептать 1,021189 0,000213
шесть 0,514105 0,000214
шнейдер 1,213075 0,000505
шум 1,167317 0,000243
шумно 1,565257 0,000326
шушера 1,866287 0,000389
шёпот 1,565257 0,000326
шёпотом 0,675956 0,000141
щепка 1,866287 0,000389
экий 1,021189 0,000213
экипаж 1,125925 0,000234
экономический 1,690196 0,000352
этак 0,690196 0,000144
это 0,002964 0,000008
этот 0,002964 0,000005
юрист 1,468347 0,000306
я 0,024303 0,000015
явиться 0,298086 0,000248
являться 0,675956 0,000141
явно 1,088136 0,000227
ясно 0,354404 0,000074
ясный 0,623249 0,000130
