автор 0,000000 0,000000
авторский 0,000000 0,000000
аким 1,866287 0,004034
алексей 0,000000 0,000000
андреев 1,690196 0,001218
арестант 1,389166 0,002002
аркан 2,167317 0,001561
баба 0,936868 0,000675
безвинно 1,866287 0,001345
беспорядок 0,787106 0,000567
бессвязно 1,167317 0,000841
библиотека 1,866287 0,004034
благородный 0,374926 0,000270
близкий 0,477121 0,000344
божий 0,623249 0,000449
более 0,000000 0,000000
борисович 1,125925 0,004867
бороться 1,053374 0,001518
брат 0,060107 0,000173
быть 0,000000 0,000000
ваш 0,121994 0,000176
вдруг 0,005949 0,000039
ведомый 1,866287 0,001345
ведь 0,043466 0,000063
великодушие 1,053374 0,000759
весь 0,002964 0,000013
ветер 1,053374 0,000759
взбунтоваться 1,468347 0,001058
взводить 1,565257 0,001128
вздрогнуть 0,486076 0,000700
взлезть 2,167317 0,001561
взять 0,077412 0,000056
вид 0,150284 0,000108
видеть 0,027438 0,000020
визит 0,845098 0,000609
вина 1,053374 0,000759
винить 1,264227 0,000911
виновность 1,213075 0,000874
виновный 0,704919 0,001016
влезать 1,866287 0,001345
влезть 1,322219 0,000953
внезапно 0,623249 0,000449
внешний 1,322219 0,000953
вниз 0,752344 0,000542
внизу 0,936868 0,000675
внимание 0,504560 0,000364
внимательно 0,845098 0,000609
возвещать 1,468347 0,001058
возложить 1,468347 0,001058
вознаграждение 0,000000 0,000000
возобновить 1,866287 0,001345
воля 0,576253 0,000415
ворота 0,720159 0,000519
воскликнуть 0,269690 0,000194
восклицать 0,533849 0,001154
вполне 0,316059 0,000455
всегда 0,129891 0,000094
всенародный 2,167317 0,001561
вскинуть 0,991226 0,000714
вступиться 1,167317 0,000841
всякий 0,106619 0,000077
второй 0,217927 0,000471
вчера 0,341243 0,000246
вы 0,232819 0,000503
выйти 0,063514 0,000046
выплата 0,000000 0,000000
выразить 0,599116 0,000432
выразиться 0,504560 0,000364
выскочить 0,824895 0,000594
выслушать 0,426955 0,000308
глаз 0,056728 0,000082
гласить 1,866287 0,001345
глубоко 0,611015 0,000440
глупый 0,419129 0,000302
глядеть 0,243038 0,000175
говорить 0,011981 0,000009
год 0,292256 0,000211
голова 0,114239 0,000082
голос 0,208276 0,000450
гордо 1,053374 0,000759
город 0,248239 0,000358
горький 0,912045 0,000657
горячо 0,544068 0,000392
господин 0,208276 0,000750
готовый 0,367977 0,001060
гром 0,912045 0,001314
грудной 1,264227 0,000911
грудь 0,443041 0,000319
грузно 1,866287 0,001345
груша 1,322219 0,000953
грушенек 0,787106 0,000567
грушенька 0,544068 0,000392
грянуть 1,565257 0,001128
губка 1,264227 0,000911
гуманный 1,264227 0,000911
даже 0,005949 0,000013
далёкий 0,411442 0,000296
дать 0,171682 0,000124
двадцатилетний 1,565257 0,001128
двое 0,936868 0,000675
девочка 0,787106 0,000567
девятый 0,991226 0,001428
действительно 0,106619 0,000077
дело 0,011981 0,000017
день 0,118099 0,000170
деньга 0,185046 0,000133
дмитрий 0,396465 0,000857
добродушие 1,690196 0,001218
доброта 0,991226 0,000714
добрый 0,303994 0,000219
дождь 1,565257 0,001128
долго 0,222835 0,000161
должный 0,099131 0,000071
допрос 0,991226 0,000714
допросить 1,565257 0,001128
достоевский 0,000000 0,000000
достояние 0,000000 0,000000
другой 0,008955 0,000019
дух 0,486076 0,000350
если 0,011981 0,000017
есть 0,018098 0,000013
ехать 0,587534 0,000423
жест 0,787106 0,000567
жестокий 0,769377 0,000554
жизнь 0,084532 0,000061
жить 0,217927 0,000157
забежать 1,167317 0,000841
забыть 0,125925 0,000091
задрожать 0,866287 0,000624
зазвенеть 1,213075 0,000874
заключить 0,347773 0,000501
заключиться 1,690196 0,001218
закричать 0,434924 0,000313
закрыть 0,576253 0,000415
залепетать 1,213075 0,000874
заложить 0,888564 0,000640
заметить 0,056728 0,000082
замок 0,963197 0,000694
занятый 0,866287 0,000624
заплакать 0,599116 0,000432
заставлять 1,167317 0,000841
захватить 0,587534 0,000423
зачем 0,146128 0,000105
здесь 0,095435 0,000069
зипунишко 1,866287 0,001345
злость 0,936868 0,000675
идти 0,180546 0,000130
изверг 0,936868 0,000675
изволить 0,477121 0,000687
излишний 1,264227 0,000911
изъяснить 1,389166 0,001001
иной 0,208276 0,000150
использоваться 0,000000 0,000000
исправиться 1,264227 0,000911
исправность 2,167317 0,001561
источник 1,565257 0,001128
каждый 0,137934 0,000199
казнь 0,963197 0,001388
какой 0,005949 0,000017
калган 1,053374 0,000759
калгановый 1,322219 0,000953
карамазов 0,180546 0,000650
качество 0,735954 0,000530
книга 0,106619 0,000230
когда 0,015029 0,000011
колокольчик 1,053374 0,000759
комар 0,000000 0,000000
комната 0,150284 0,000108
конвой 2,167317 0,001561
конец 0,213075 0,000307
конечно 0,060107 0,000043
копия 1,690196 0,001218
короткий 0,936868 0,000675
который 0,002964 0,000009
крепко 0,443041 0,000638
крикнуть 0,292256 0,000632
кричать 0,303994 0,000876
кровь 0,389166 0,000280
кругом 0,419129 0,000302
крылечко 1,167317 0,001682
куда 0,248239 0,000179
либо 0,000000 0,000000
литература 1,468347 0,001058
лицо 0,000000 0,000000
любовь 0,334808 0,000482
любой 0,000000 0,000000
маврикиевич 1,866287 0,009412
маврикий 1,690196 0,009742
маврикич 1,866287 0,001345
маленький 0,185046 0,000267
мало 0,208276 0,000150
малословный 2,167317 0,001561
мальчик 0,411442 0,000593
мать 0,217927 0,000157
мгновение 0,316059 0,000228
между 0,129891 0,000094
мелькать 1,021189 0,000736
мелькнуть 0,544068 0,000392
место 0,099131 0,000071
мигом 0,504560 0,000364
милый 0,322219 0,000232
минута 0,050046 0,000108
митя 0,451314 0,009104
мой 0,077412 0,000279
молить 0,769377 0,000554
молодой 0,222835 0,000321
момент 0,000000 0,000000
мочь 0,000000 0,000000
мужик 0,675956 0,000487
мужичонко 1,690196 0,002435
мука 0,735954 0,000530
мутный 1,565257 0,001128
мысль 0,114239 0,000082
мягко 1,167317 0,000841
навек 1,468347 0,001058
нагнуть 1,690196 0,001218
назад 0,000000 0,000000
название 1,088136 0,000784
найти 0,298086 0,000215
наказание 1,088136 0,000784
наклонный 1,125925 0,000811
наконец 0,073896 0,000053
намеренный 0,769377 0,000554
написать 0,000000 0,000000
народ 0,514105 0,000741
нарядить 2,167317 0,001561
настаивать 0,565257 0,000407
натягивать 1,690196 0,001218
наука 0,787106 0,000567
научить 0,963197 0,000694
находиться 0,514105 0,000370
наш 0,118099 0,000085
небо 0,635838 0,000458
небось 0,912045 0,000657
недавний 0,888564 0,000640
некоторый 0,154480 0,000111
нельзя 0,176091 0,000127
неприятный 0,936868 0,000675
несколько 0,095435 0,000138
несчастный 0,374926 0,000270
неудержимый 1,053374 0,000759
никогда 0,088136 0,000127
николай 0,752344 0,003252
ничего 0,030597 0,000066
нравиться 0,611015 0,000440
нужный 0,477121 0,000344
обвинение 0,787106 0,000567
обвинять 0,888564 0,002561
обернуться 0,576253 0,000415
обещать 0,704919 0,000508
облако 1,389166 0,001001
обождать 1,690196 0,001218
обрадоваться 0,611015 0,000440
обратиться 0,316059 0,000228
обращаться 0,451314 0,000325
обрюзглый 1,690196 0,001218
обстоятельство 0,403889 0,000291
обтянутый 2,167317 0,001561
общественный 0,000000 0,000000
объявить 0,389166 0,000561
огорчить 1,389166 0,001001
один 0,000000 0,000000
однако 0,102859 0,000074
озноб 1,322219 0,000953
оказаться 0,275223 0,000198
окружный 1,690196 0,001218
он 0,000000 0,000000
оправдание 1,088136 0,001568
опубликовать 0,000000 0,000000
опустить 0,752344 0,000542
опять 0,027438 0,000020
осмелиться 0,769377 0,000554
основа 1,389166 0,001001
оставаться 0,280827 0,000202
ответить 0,121994 0,000088
отец 0,091770 0,000066
откуда 0,514105 0,000370
отрезать 0,599116 0,000432
отчаяние 0,544068 0,000392
оформление 0,000000 0,000000
очень 0,024303 0,000053
очиститься 1,866287 0,002689
очутиться 0,675956 0,000487
пакость 1,468347 0,001058
парфёнович 1,125925 0,004867
перебить 0,486076 0,000350
передёрнуть 1,322219 0,000953
перейти 0,000000 0,000000
перестать 0,411442 0,000296
плакать 0,328468 0,000710
плечо 0,403889 0,000582
плотный 1,322219 0,000953
побежать 0,468347 0,000337
повезти 1,565257 0,001128
поверить 0,347773 0,000251
повинный 1,468347 0,001058
погубить 0,936868 0,000675
подбежать 1,167317 0,000841
подборка 0,000000 0,000000
подкатить 1,565257 0,001128
подлый 0,675956 0,000974
подняться 0,443041 0,000319
подписать 1,213075 0,000874
подумать 0,185046 0,000267
поехать 0,576253 0,000415
пожалуй 0,237898 0,000171
пожать 0,912045 0,000657
пожелать 0,675956 0,000487
позор 0,720159 0,000519
поить 1,690196 0,001218
пойти 0,080958 0,000058
показание 0,752344 0,000542
поклониться 0,662167 0,000477
покраснеть 0,504560 0,000364
полный 0,253503 0,000183
понимать 0,095435 0,000138
поручение 0,936868 0,000675
посетитель 0,991226 0,001428
после 0,084532 0,000061
последний 0,066947 0,000193
посмертно 0,000000 0,000000
постановить 1,565257 0,001128
постановление 2,167317 0,003123
посторонний 0,787106 0,000567
пострадать 1,167317 0,000841
потеснить 2,167317 0,001561
потечь 1,264227 0,000911
почти 0,024303 0,000053
почувствовать 0,426955 0,000308
правда 0,088136 0,000063
представить 0,286504 0,000206
прежде 0,077412 0,000056
прервать 0,623249 0,000449
пресечение 2,167317 0,001561
преступление 0,623249 0,000449
преступник 0,845098 0,000609
привести 0,576253 0,000415
пригласить 0,720159 0,000519
прижизненный 0,000000 0,000000
приземистый 2,167317 0,001561
признавать 1,167317 0,000841
признать 0,735954 0,000530
примолкнуть 1,264227 0,000911
принимать 0,328468 0,000710
припрятать 1,322219 0,000953
пристать 1,088136 0,000784
присутствие 0,912045 0,000657
присутствовать 0,912045 0,000657
программирование 0,000000 0,000000
продолжать 0,125925 0,000091
произведение 0,000000 0,000000
произнести 0,280827 0,000202
пройти 0,000000 0,000000
прокурор 0,787106 0,000567
прописать 1,866287 0,001345
пропить 1,565257 0,001128
простить 0,286504 0,000413
проститься 0,845098 0,001218
против 0,389166 0,000280
протокол 1,468347 0,001058
протягивать 1,088136 0,000784
протянуть 0,486076 0,001051
прочесть 0,443041 0,000319
прощание 1,322219 0,000953
прощать 0,426955 0,002461
прощаться 0,963197 0,000694
прямо 0,118099 0,000170
публикация 0,000000 0,000000
пусть 0,253503 0,000365
разговор 0,264227 0,000190
раздаться 0,635838 0,000916
раздражить 0,720159 0,000519
разняться 2,167317 0,001561
разрешение 0,000000 0,000000
ребёнок 0,232819 0,000168
резкий 1,088136 0,000784
речь 0,486076 0,000350
решить 0,232819 0,000503
рука 0,030597 0,000220
руководствоваться 2,167317 0,001561
русский 0,411442 0,000296
сайт 0,000000 0,000000
сам 0,002964 0,000002
самый 0,018098 0,000026
сановитость 1,866287 0,001345
сберечь 1,690196 0,001218
свезти 1,389166 0,001001
свет 0,176091 0,000127
свидетель 0,459747 0,000662
свирепо 1,322219 0,000953
свободно 0,000000 0,000000
свободный 0,936868 0,000675
свой 0,000000 0,000000
сгубить 1,468347 0,001058
себя 0,000000 0,000000
сегодня 0,194189 0,000280
сейчас 0,070407 0,000101
семьдесят 0,000000 0,000000
сени 0,824895 0,000594
сердито 1,389166 0,001001
сердиться 0,443041 0,000638
сердце 0,095435 0,000069
сидеть 0,125925 0,000091
сие 0,611015 0,000440
сила 0,185046 0,000133
сильно 0,292256 0,000211
сказать 0,011981 0,000035
сконфузиться 0,824895 0,000594
скрутить 2,167317 0,001561
следователь 1,053374 0,000759
следствие 0,912045 0,001314
слеза 0,275223 0,000198
слишком 0,133894 0,000096
слово 0,027438 0,000040
случиться 0,292256 0,000421
смертный 0,805589 0,000580
собрание 1,088136 0,000784
собственно 0,565257 0,000407
совет 0,662167 0,000477
совсем 0,021189 0,000046
согласие 0,000000 0,000000
сомнение 0,426955 0,000308
сообщить 0,434924 0,000313
сопровождать 0,888564 0,000640
сорвать 0,991226 0,000714
состояться 0,936868 0,000675
сотский 1,866287 0,001345
сочинение 1,468347 0,001058
спорить 0,752344 0,000542
способ 1,565257 0,001128
спросить 0,114239 0,000082
спускать 1,167317 0,000841
спуститься 1,468347 0,001058
становой 1,690196 0,001218
стать 0,002964 0,000002
статья 0,991226 0,000714
степень 0,367977 0,000265
стоить 0,189594 0,000410
столпиться 1,565257 0,001128
сторона 0,110412 0,000080
стоять 0,150284 0,000217
страдание 0,554533 0,000400
страсть 0,735954 0,000530
строго 0,576253 0,000415
стыд 0,533849 0,000385
суд 0,554533 0,000799
сударь 1,053374 0,000759
судебный 0,963197 0,000694
судорожный 1,565257 0,001128
судьба 0,443041 0,000319
суетиться 1,088136 0,000784
сурово 1,088136 0,000784
схватить 0,347773 0,000251
считать 0,275223 0,000198
также 0,000000 0,000000
таки 0,066947 0,000048
такой 0,002964 0,000026
твой 0,258832 0,000373
творить 1,468347 0,001058
текст 0,000000 0,000000
телега 1,213075 0,006118
теперь 0,015029 0,000076
товарищ 0,704919 0,000508
тогда 0,050046 0,000036
тоже 0,043466 0,000031
только 0,002964 0,000009
том 1,565257 0,001128
торжественно 0,888564 0,000640
тот 0,002964 0,000002
тотчас 0,046743 0,000101
точно 0,121994 0,000176
трактир 0,720159 0,000519
третий 0,154480 0,000334
трифон 1,125925 0,004867
тройка 0,991226 0,002142
тронуться 1,389166 0,001001
тщательно 1,322219 0,000953
ты 0,133894 0,000579
тыкать 1,866287 0,001345
тюремный 1,690196 0,001218
убежать 0,565257 0,000407
убить 0,275223 0,000595
увезти 0,963197 0,002082
увести 1,021189 0,000736
увлечь 1,167317 0,000841
угол 0,341243 0,000492
удар 0,866287 0,001248
удача 1,690196 0,001218
удивляться 0,544068 0,000392
удовлетворить 1,021189 0,000736
уклониться 1,690196 0,001218
уличать 2,167317 0,001561
уложение 2,167317 0,001561
умерший 0,000000 0,000000
уметь 0,328468 0,000237
уныние 1,690196 0,001218
усесться 0,662167 0,000477
услышать 0,381987 0,000275
успеть 0,203530 0,000147
уставиться 1,053374 0,000759
уставясь 1,866287 0,001345
фигурка 1,866287 0,001345
фуражка 1,167317 0,000841
фёдор 0,434924 0,000627
фёдорович 0,150284 0,000217
холодно 0,991226 0,000714
хотеть 0,033778 0,000073
хотеться 0,292256 0,000211
час 0,185046 0,000267
часть 0,002964 0,000006
чей 0,000000 0,000000
человек 0,011981 0,000129
четвертак 2,167317 0,001561
четвёртый 0,286504 0,000206
число 0,704919 0,000508
читаемый 2,167317 0,001561
читать 0,403889 0,000291
чрез 0,275223 0,000397
что 0,030597 0,000044
чтоб 0,073896 0,000053
чувство 0,158717 0,000114
широко 1,167317 0,000841
этот 0,002964 0,000002
юноша 0,912045 0,000657
я 0,024303 0,000053
ямщик 1,125925 0,000811
