автор 0,000000 0,000000
авторский 0,000000 0,000000
алексей 0,000000 0,000000
ардалионович 0,675956 0,000488
бабий 1,389166 0,000501
батюшка 0,635838 0,000229
беда 0,662167 0,000239
бедный 0,328468 0,000118
беречься 1,389166 0,000501
бесить 1,690196 0,000610
беспокоиться 0,514105 0,000185
библиотека 1,866287 0,002019
благородный 0,374926 0,000406
благородство 0,888564 0,000320
бог 0,154480 0,000111
более 0,000000 0,000000
болтун 1,866287 0,000673
боль 0,690196 0,000249
большой 0,056728 0,000082
брат 0,060107 0,000043
брать 0,486076 0,000526
бросить 0,269690 0,000195
бубновый 2,167317 0,000782
бутылка 0,845098 0,000305
быстро 0,232819 0,000168
быть 0,000000 0,000000
валет 1,866287 0,000673
варвар 1,468347 0,001059
варя 0,991226 0,003217
варёк 1,565257 0,000564
ваш 0,121994 0,000220
вдруг 0,005949 0,000017
ведь 0,043466 0,000188
верить 0,180546 0,000065
весь 0,002964 0,000006
весёлый 0,389166 0,000140
вечером 0,533849 0,000193
вещь 0,411442 0,000148
взбунтоваться 1,468347 0,000530
взволновать 0,866287 0,000312
взять 0,077412 0,000056
вид 0,150284 0,000054
видеть 0,027438 0,000049
видимо 0,328468 0,000118
видно 0,504560 0,000364
видывать 1,125925 0,000406
визит 0,845098 0,000610
вилять 1,213075 0,000437
вино 0,752344 0,000271
виновато 2,167317 0,000782
виноватый 0,328468 0,000118
властвовать 1,866287 0,000673
влечение 1,322219 0,000477
влить 1,866287 0,000673
влияние 0,991226 0,000357
влюбить 0,752344 0,000271
вначале 0,936868 0,000338
возможность 0,587534 0,000212
вознаграждение 0,000000 0,000000
возобновляться 1,866287 0,000673
войти 0,137934 0,000149
вопрос 0,146128 0,000053
восторженный 0,963197 0,000347
впоследствии 0,662167 0,000239
впрочем 0,118099 0,000128
враг 0,735954 0,001062
время 0,018098 0,000013
вслед 0,523865 0,000378
встать 0,269690 0,000097
второй 0,217927 0,000079
вы 0,232819 0,000420
выбрать 0,845098 0,000305
выгода 1,167317 0,000421
выдавать 1,021189 0,000368
выдержать 0,587534 0,000636
выдерживать 1,322219 0,000477
выдумать 0,648803 0,000234
вызываться 2,167317 0,000782
выйти 0,063514 0,000115
выплата 0,000000 0,000000
выражать 0,963197 0,000347
вырваться 0,565257 0,000204
высокий 0,213075 0,000077
выставлять 1,125925 0,000406
вытаскивать 2,167317 0,000782
выходить 0,258832 0,000093
ганечка 1,264227 0,000456
ганька 1,264227 0,000912
ганя 0,735954 0,004246
генерал 0,504560 0,000182
гимнастика 1,866287 0,001346
главное 0,185046 0,000067
глаз 0,056728 0,000020
глупо 0,845098 0,000305
говорить 0,011981 0,000056
год 0,292256 0,000105
годиться 1,213075 0,000437
голова 0,114239 0,000082
голубчик 0,565257 0,000612
гораздо 0,443041 0,000320
гордость 0,587534 0,000212
горячо 0,544068 0,000392
гостиная 0,845098 0,000305
готовить 1,213075 0,000437
давать 0,253503 0,000274
давеча 0,232819 0,000924
давешний 0,611015 0,000441
давно 0,158717 0,000114
даже 0,005949 0,000013
далёкий 0,411442 0,000148
дать 0,171682 0,000186
дверь 0,258832 0,000280
движение 0,648803 0,000234
двор 0,523865 0,000189
действительно 0,106619 0,000038
делать 0,194189 0,000140
дело 0,011981 0,000022
день 0,118099 0,000043
деньга 0,185046 0,000667
деспотизм 1,866287 0,000673
десять 0,298086 0,000107
детски 1,565257 0,000564
детский 0,752344 0,000271
детство 0,720159 0,000260
диван 0,648803 0,000234
добродетельный 1,167317 0,000421
доверяться 1,468347 0,000530
довести 0,720159 0,000519
довольно 0,129891 0,000141
долготерпение 2,167317 0,000782
должный 0,099131 0,000036
дом 0,154480 0,000056
донашивать 2,167317 0,000782
достаться 0,888564 0,000320
достоевский 0,000000 0,000000
достояние 0,000000 0,000000
доходить 0,769377 0,000277
драма 1,866287 0,000673
друг 0,180546 0,000130
другой 0,008955 0,000006
думать 0,060107 0,000238
дура 0,936868 0,000338
дурак 0,611015 0,000441
дурно 0,888564 0,000320
дух 0,486076 0,000175
душа 0,158717 0,000057
ездить 0,690196 0,000249
епанчин 0,690196 0,000747
если 0,011981 0,000039
есть 0,018098 0,000072
ехать 0,587534 0,000212
жалко 0,912045 0,000329
желать 0,232819 0,000084
жена 0,486076 0,000351
жениться 0,554533 0,000800
женский 0,623249 0,000225
женщина 0,213075 0,000307
жизнь 0,084532 0,000061
жить 0,217927 0,000236
забрести 1,866287 0,000673
забыть 0,125925 0,000045
завариться 2,167317 0,000782
завести 1,021189 0,000368
загадка 0,787106 0,000284
загадывать 1,565257 0,000564
заговорить 0,334808 0,000121
задача 0,866287 0,000312
задумчивость 0,912045 0,000329
задумчивый 0,805589 0,000291
заключать 0,787106 0,000284
заключить 0,347773 0,000125
законфузиться 1,468347 0,000530
заметить 0,056728 0,000123
замечать 0,554533 0,000200
замолчать 0,752344 0,000271
западня 2,167317 0,000782
запечатать 1,213075 0,000437
записка 0,824895 0,000892
засмеяться 0,347773 0,000376
затвориться 1,322219 0,000477
затевать 2,167317 0,000782
захватить 0,587534 0,000212
захотеть 0,316059 0,000114
зачем 0,146128 0,000053
звать 0,419129 0,000302
здесь 0,095435 0,000103
злоба 0,523865 0,000189
злобно 0,599116 0,000216
злодей 1,021189 0,001105
знавать 1,565257 0,000564
знакомство 0,720159 0,000260
знать 0,002964 0,000031
значит 0,243038 0,000088
иволгин 0,866287 0,000312
игольный 2,167317 0,000782
игра 0,787106 0,000284
идиот 0,426955 0,000770
идти 0,180546 0,000065
известно 0,334808 0,000121
измениться 0,735954 0,000531
изумление 0,735954 0,000265
именно 0,066947 0,000048
иметь 0,118099 0,000085
иначе 0,367977 0,000133
иногда 0,208276 0,000075
иной 0,208276 0,000150
искренно 0,523865 0,000756
использоваться 0,000000 0,000000
испортить 1,088136 0,000392
источник 1,565257 0,000564
иудейский 1,866287 0,000673
каждый 0,137934 0,000050
казаться 0,063514 0,000137
каковой 0,576253 0,000208
какой 0,005949 0,000024
каламбур 1,389166 0,000501
капитал 0,912045 0,000329
капитальный 1,167317 0,000421
карета 1,167317 0,000421
карман 0,396465 0,000143
карс 1,690196 0,000610
касаться 0,599116 0,000216
каяться 1,389166 0,000501
клубный 2,167317 0,000782
клясться 0,554533 0,000400
книга 0,106619 0,000038
князь 0,443041 0,004633
колебаться 1,088136 0,000392
коленка 1,053374 0,000380
коли 0,269690 0,000097
коля 0,565257 0,001835
комар 0,000000 0,000000
комната 0,150284 0,000108
конец 0,213075 0,000154
конечно 0,060107 0,000087
конфузиться 1,264227 0,000456
кончаться 1,468347 0,000530
конченый 0,963197 0,000347
копейка 0,769377 0,000277
король 1,468347 0,000530
который 0,002964 0,000002
кредит 1,690196 0,000610
крепки 1,866287 0,000673
крепко 0,443041 0,000160
кровь 0,389166 0,000140
кроме 0,158717 0,000114
кстати 0,468347 0,000676
кто 0,114239 0,000082
купить 0,752344 0,000271
кутерьма 2,167317 0,000782
лгать 0,599116 0,000216
лгунишка 1,866287 0,000673
легко 0,752344 0,000271
легкомысленно 1,565257 0,000564
лекция 1,565257 0,000564
лермонтов 2,167317 0,000782
либерально 2,167317 0,000782
либо 0,000000 0,000000
литература 1,468347 0,000530
лицо 0,000000 0,000000
любить 0,066947 0,000193
любовница 1,264227 0,001824
любовь 0,334808 0,000121
любой 0,000000 0,000000
лёгкий 0,599116 0,000216
мало 0,208276 0,000150
мальчик 0,411442 0,000148
мальчишка 0,752344 0,000271
мамаша 0,735954 0,000531
маменька 0,824895 0,000595
маскарад 1,866287 0,000673
матушка 0,991226 0,000357
мать 0,217927 0,000079
махнуть 0,888564 0,000320
мелочь 1,053374 0,000380
милый 0,322219 0,000116
минута 0,050046 0,000018
мир 0,523865 0,000189
мириться 1,389166 0,001002
мнение 0,374926 0,000270
мнительный 1,322219 0,000477
много 0,080958 0,000088
многое 0,443041 0,000160
можно 0,088136 0,000032
мой 0,077412 0,000167
молодой 0,222835 0,000080
молча 0,367977 0,000133
момент 0,000000 0,000000
мочь 0,000000 0,000000
мрак 0,787106 0,000568
мука 0,735954 0,000796
мщение 1,088136 0,000392
мысль 0,114239 0,000041
наболеть 2,167317 0,001563
наверно 0,264227 0,000191
навсегда 0,735954 0,000265
надо 0,036984 0,000053
надоедать 1,690196 0,000610
надуть 1,021189 0,000368
нажива 2,167317 0,000782
назад 0,000000 0,000000
название 1,088136 0,000392
называть 0,477121 0,000344
найти 0,298086 0,000107
накинуться 1,125925 0,001218
наконец 0,073896 0,000027
написать 0,000000 0,000000
напротив 0,180546 0,000065
нарасти 2,167317 0,000782
настаивать 0,565257 0,000204
настасья 0,720159 0,001818
наука 0,787106 0,000284
начало 0,243038 0,000088
начать 0,066947 0,000072
начинать 0,292256 0,000105
наш 0,118099 0,000085
невинный 0,576253 0,000208
недостаток 1,322219 0,000954
недурно 1,468347 0,000530
нелепо 1,167317 0,000842
неловкий 1,322219 0,000477
нельзя 0,176091 0,000127
ненавистный 0,805589 0,000291
ненатурально 2,167317 0,000782
неожиданно 0,523865 0,000189
неподвижный 0,991226 0,000357
непременно 0,133894 0,000145
несчастие 0,690196 0,000249
несчастный 0,374926 0,000135
нетерпеливо 0,936868 0,000338
неужели 0,389166 0,000281
нечаянно 0,752344 0,000271
нечего 0,381987 0,000276
нибыть 0,030597 0,000033
никак 0,396465 0,000286
никогда 0,088136 0,000127
нисколько 0,662167 0,000239
нитка 1,167317 0,000421
ничего 0,030597 0,000088
ничтожный 0,805589 0,000291
ножичек 1,690196 0,000610
нравиться 0,611015 0,000881
нравственность 1,468347 0,000530
оба 0,316059 0,000114
обедать 0,963197 0,000695
обесчестить 1,468347 0,000530
обидный 0,991226 0,000357
обижать 1,053374 0,000380
обнять 0,735954 0,000265
обойти 1,213075 0,000437
обойтись 0,912045 0,000329
обрадовать 1,264227 0,000456
обстоятельство 0,403889 0,000291
обуза 2,167317 0,000782
обходиться 1,866287 0,000673
общественный 0,000000 0,000000
обыкновенный 0,565257 0,000408
один 0,000000 0,000000
однако 0,102859 0,000037
оказаться 0,275223 0,000099
он 0,000000 0,000000
они 0,275223 0,000099
опубликовать 0,000000 0,000000
опыт 1,213075 0,000437
опять 0,027438 0,000010
оригинальный 0,936868 0,001351
осада 1,565257 0,000564
оскорбить 0,599116 0,000432
ослепить 1,690196 0,000610
осмотреться 1,125925 0,000406
основать 1,264227 0,000456
особенный 0,389166 0,000140
оставаться 0,280827 0,000101
осторожно 0,912045 0,000329
осторожный 1,088136 0,000392
ответ 0,322219 0,000116
ответить 0,121994 0,000044
отвориться 0,936868 0,000338
отвязаться 1,389166 0,000501
отец 0,091770 0,000132
отзыв 1,213075 0,000437
отказать 0,735954 0,000265
откровенно 0,824895 0,000297
отлично 0,805589 0,000291
отрицать 1,088136 0,000392
оттого 0,675956 0,000244
оформление 0,000000 0,000000
очень 0,024303 0,000070
ошибиться 0,752344 0,000271
папаша 0,912045 0,000329
первый 0,018098 0,000026
перебить 0,486076 0,000175
переводить 1,125925 0,000406
передавать 0,635838 0,000459
передать 0,381987 0,000138
перейти 0,000000 0,000000
перескочить 0,991226 0,000357
перочинный 1,389166 0,000501
писать 0,419129 0,000151
племя 1,565257 0,000564
плюнуть 0,936868 0,000676
поблагодарить 1,264227 0,000456
побояться 1,167317 0,000421
повернуться 0,495219 0,000179
повиниться 1,322219 0,000954
поговорить 0,805589 0,000291
поговорка 1,866287 0,000673
подать 0,451314 0,000163
подборка 0,000000 0,000000
подлец 0,554533 0,001400
подло 1,264227 0,001368
подлый 0,675956 0,000488
подозревать 0,504560 0,000364
подумать 0,185046 0,000067
поехать 0,576253 0,000416
пожалуй 0,237898 0,000172
пожалуйста 0,662167 0,000478
позавтракать 1,866287 0,000673
познакомить 1,264227 0,000456
пойти 0,080958 0,000117
показать 0,292256 0,000105
показаться 0,334808 0,000121
показывать 0,514105 0,000185
покатиться 1,690196 0,000610
поколебаться 1,389166 0,000501
покраснеть 0,504560 0,000182
получить 0,309985 0,000112
помин 1,690196 0,000610
помнить 0,167317 0,000060
понравиться 0,533849 0,000385
понять 0,106619 0,000077
попасться 1,125925 0,000406
пора 0,690196 0,000249
поразить 0,243038 0,000088
порог 0,888564 0,000320
порох 1,264227 0,000456
посетитель 0,991226 0,000715
после 0,084532 0,000091
последний 0,066947 0,000024
послушаться 1,389166 0,001002
посмертно 0,000000 0,000000
посмотреть 0,213075 0,000077
постоялый 1,088136 0,000392
поступать 1,167317 0,000421
посудить 1,565257 0,000564
потом 0,084532 0,000091
потому 0,024303 0,000053
поцеловать 0,587534 0,000424
поцеловаться 1,690196 0,000610
поцелуй 0,888564 0,000641
почему 0,099131 0,000036
почитать 0,866287 0,000625
почти 0,024303 0,000018
пошевелиться 1,565257 0,000564
пощёчина 1,167317 0,000421
поэзия 1,866287 0,000673
правда 0,088136 0,000095
право 0,176091 0,000191
пред 0,030597 0,000011
предчувствовать 0,504560 0,000182
прежде 0,077412 0,000167
прежний 0,198834 0,000072
презирать 0,662167 0,000239
пренебрежение 1,690196 0,000610
прибавить 0,162996 0,000176
прибежать 0,769377 0,000277
приблизиться 1,167317 0,000421
приверженность 2,167317 0,000782
приготовляться 1,125925 0,000406
приехать 0,309985 0,000112
прижизненный 0,000000 0,000000
прийти 0,095435 0,000069
приказать 0,752344 0,000271
приличный 0,866287 0,000625
принимать 0,328468 0,000118
принять 0,180546 0,000130
приобрести 0,912045 0,000329
пристать 1,088136 0,000392
пристяжной 1,866287 0,000673
проба 1,468347 0,000530
пробормотать 0,316059 0,000228
проговариваться 2,167317 0,000782
программирование 0,000000 0,000000
прогрессивный 1,565257 0,000564
продать 0,824895 0,000297
продолжать 0,125925 0,000045
продолжить 1,866287 0,000673
произведение 0,000000 0,000000
пройти 0,000000 0,000000
просить 0,150284 0,000108
простить 0,286504 0,000620
просто 0,232819 0,000336
простота 1,167317 0,000421
просунуть 1,866287 0,000673
прочесть 0,443041 0,000160
прощать 0,426955 0,000308
прощение 0,611015 0,000220
прямо 0,118099 0,000170
птицын 0,769377 0,000832
публикация 0,000000 0,000000
пускать 1,021189 0,000368
пусть 0,253503 0,000183
пуще 0,599116 0,000432
пятнадцать 0,752344 0,000271
пять 0,222835 0,000482
раз 0,309985 0,000112
разве 0,146128 0,000053
развязный 1,468347 0,000530
разглядеть 0,662167 0,000478
разговаривать 0,720159 0,000260
разговор 0,264227 0,000191
раздражительный 0,587534 0,000212
разный 0,565257 0,000612
разобрать 0,888564 0,000320
разорвать 0,936868 0,000338
разрешение 0,000000 0,000000
разрешиться 1,322219 0,000477
разъяснить 0,662167 0,000239
расположение 1,021189 0,000368
рассказывать 0,341243 0,000123
рассыпать 1,565257 0,000564
расчёт 0,611015 0,000661
ребёнок 0,232819 0,000084
решимость 0,963197 0,000347
решить 0,232819 0,000084
робко 0,787106 0,000284
рогожин 0,936868 0,001014
родня 1,213075 0,000437
рожа 1,565257 0,000564
ростовщик 1,264227 0,000456
рука 0,030597 0,000066
русский 0,411442 0,000297
рядом 0,690196 0,000249
сайт 0,000000 0,000000
сам 0,002964 0,000012
самолюбивый 1,213075 0,000875
самолюбие 0,963197 0,000695
самый 0,018098 0,000013
свидание 0,514105 0,000185
свободно 0,000000 0,000000
свой 0,000000 0,000000
связь 0,824895 0,000297
сгореть 1,322219 0,000477
сдаваться 1,866287 0,000673
сделать 0,102859 0,000037
сделаться 0,735954 0,000265
себя 0,000000 0,000000
сегодня 0,194189 0,000140
сейчас 0,070407 0,000076
секунда 0,565257 0,000204
семнадцать 1,264227 0,000456
семьдесят 0,000000 0,000000
сердиться 0,443041 0,000160
сердце 0,095435 0,000069
серый 1,167317 0,000421
сестра 0,477121 0,000172
сидеть 0,125925 0,000045
сильно 0,292256 0,000105
сильный 0,269690 0,000195
сказать 0,011981 0,000095
скверный 0,623249 0,000225
сконфузить 1,125925 0,000406
сконфузиться 0,824895 0,000297
скончание 1,866287 0,000673
скоро 0,298086 0,000107
слабый 0,611015 0,000441
слава 0,635838 0,000229
слишком 0,133894 0,000241
слово 0,027438 0,000010
сложённый 1,866287 0,000673
случай 0,146128 0,000053
случаться 0,599116 0,000216
случиться 0,292256 0,000105
слышать 0,125925 0,000045
смелость 1,213075 0,000437
смелый 1,167317 0,000421
смех 0,443041 0,000320
смешной 0,565257 0,000408
смеяться 0,171682 0,000371
смирно 1,690196 0,001219
смолчать 1,565257 0,000564
смотреть 0,077412 0,000112
смыть 1,866287 0,000673
соблазн 1,125925 0,000406
собрание 1,088136 0,000392
совершенно 0,180546 0,000065
совесть 0,544068 0,000196
совсем 0,021189 0,000023
согласие 0,000000 0,000000
содержать 0,912045 0,000329
сомнение 0,426955 0,000154
сочинение 1,468347 0,000530
спасть 0,554533 0,000200
сплошь 1,125925 0,000406
способный 0,587534 0,001059
спросить 0,114239 0,000206
стараться 0,648803 0,000234
старинный 0,936868 0,000338
старший 0,587534 0,000212
старый 0,374926 0,000270
стать 0,002964 0,000007
степень 0,367977 0,000133
стоить 0,189594 0,000342
сторона 0,110412 0,000080
страдать 0,623249 0,000225
странный 0,227798 0,000082
страсть 0,735954 0,000265
страшно 0,434924 0,000157
ступать 0,587534 0,000212
стыдно 0,504560 0,000546
судить 0,523865 0,000189
сумасшедший 0,554533 0,000400
сумасшествие 1,021189 0,000368
сцена 0,554533 0,000200
счесть 0,888564 0,000320
считать 0,275223 0,000496
съесть 0,936868 0,000338
сюрприз 1,264227 0,000456
сюртук 0,912045 0,000329
также 0,000000 0,000000
таки 0,066947 0,000121
такой 0,002964 0,000011
талант 0,991226 0,000715
текст 0,000000 0,000000
теперь 0,015029 0,000076
терпеть 0,866287 0,000312
товарищ 0,704919 0,000508
тогда 0,050046 0,000036
тоже 0,043466 0,000047
только 0,002964 0,000011
том 1,565257 0,000564
торговать 1,213075 0,000437
тот 0,002964 0,000004
тотчас 0,046743 0,000051
тоцкий 1,088136 0,000392
точно 0,121994 0,000132
тревожный 0,866287 0,000312
третьегодний 2,167317 0,000782
труд 0,866287 0,000312
ты 0,133894 0,000193
тысяча 0,217927 0,000629
тяжело 0,565257 0,000204
убедить 0,888564 0,000320
убедиться 0,623249 0,000225
уважать 0,523865 0,000189
уверенность 1,021189 0,000737
уверенный 0,611015 0,000220
уверить 0,599116 0,000864
уверять 0,411442 0,000148
увести 1,021189 0,000368
увидать 0,434924 0,000157
увидеть 0,222835 0,000161
угадать 0,599116 0,000432
удивительно 0,866287 0,000312
удивлять 1,053374 0,000380
удивляться 0,544068 0,000196
удостоить 1,053374 0,000380
уехать 0,459747 0,000166
ужасно 0,167317 0,000181
уйти 0,248239 0,000179
указывать 0,599116 0,000216
уладиться 1,690196 0,000610
улица 0,396465 0,000143
уложить 1,125925 0,000406
умерший 0,000000 0,000000
умный 0,403889 0,000146
урок 0,936868 0,000676
усесться 0,662167 0,000239
усмехаться 0,805589 0,000291
усмехнуться 0,374926 0,000270
утешать 1,322219 0,000477
ушко 2,167317 0,000782
уязвить 1,389166 0,000501
филиппович 0,735954 0,001858
фокус 1,565257 0,002258
франц 0,635838 0,000229
фёдор 0,434924 0,000314
характер 0,374926 0,000406
хороший 0,077412 0,000167
хорошо 0,189594 0,000273
хотеть 0,033778 0,000183
хотеться 0,292256 0,000105
хоть 0,060107 0,000087
целый 0,217927 0,000157
цель 0,361137 0,000260
церемониться 1,322219 0,000477
час 0,185046 0,000133
часть 0,002964 0,000002
чей 0,000000 0,000000
человек 0,011981 0,000069
человеческий 0,565257 0,000204
через 0,258832 0,000093
черта 0,264227 0,000191
честной 0,587534 0,000424
честный 0,735954 0,000265
чин 0,991226 0,000357
чиновник 0,635838 0,000229
число 0,704919 0,000254
читаемый 2,167317 0,000782
читать 0,403889 0,000291
чрез 0,275223 0,000099
чрезвычайно 0,217927 0,000157
чрезвычайный 0,258832 0,000093
что 0,030597 0,000066
чтоб 0,073896 0,000027
чувство 0,158717 0,000114
чужой 0,662167 0,000239
чуть 0,176091 0,000191
шаг 0,367977 0,000133
шестьдесят 1,021189 0,000368
шляпа 0,769377 0,000277
этакий 0,533849 0,000578
это 0,002964 0,000007
этот 0,002964 0,000006
я 0,024303 0,000167
язвительный 1,125925 0,000406
ясно 0,354404 0,000128
