автор 0,000000 0,000000
авторский 0,000000 0,000000
алексей 0,000000 0,000000
ангел 0,720159 0,000782
ангельский 1,389166 0,000503
анекдот 0,752344 0,000272
баба 0,936868 0,001697
батюшка 0,635838 0,001382
беднеть 1,866287 0,000676
бедный 0,328468 0,000357
бедрягин 2,167317 0,000785
бежать 0,434924 0,000158
без 0,599116 0,000217
безвыходный 1,866287 0,000676
бельишечко 2,167317 0,000785
беречь 1,322219 0,000479
бесконечный 0,824895 0,000299
беснование 2,167317 0,000785
бесноваться 1,690196 0,000612
беспрерывно 0,623249 0,000226
бесценный 1,565257 0,000567
библиотека 1,866287 0,002028
биться 0,623249 0,000226
благодетель 0,866287 0,000314
благородный 0,374926 0,000136
благословить 0,735954 0,000533
благословиться 1,389166 0,000503
благословлять 1,053374 0,000763
блаженство 1,322219 0,000479
бледный 0,443041 0,000160
бог 0,154480 0,000336
богатый 0,587534 0,000426
богомолье 1,690196 0,001224
божий 0,623249 0,002032
более 0,000000 0,000000
болезнь 0,434924 0,000473
больно 0,787106 0,000285
больной 0,258832 0,000656
больший 0,248239 0,000090
большой 0,056728 0,000062
боязнь 1,264227 0,000458
бояться 0,158717 0,000460
брат 0,060107 0,000087
бросить 0,269690 0,000098
брызнуть 1,389166 0,000503
бывало 0,554533 0,000603
бывать 0,280827 0,000102
быть 0,000000 0,000000
васенька 1,866287 0,000676
вглядываться 0,936868 0,000339
вдоветь 2,167317 0,000785
вдовый 1,468347 0,001064
вдруг 0,005949 0,000006
ведь 0,043466 0,000031
везти 0,866287 0,000314
великий 0,341243 0,000742
вера 0,514105 0,000186
верно 0,523865 0,000190
веровать 0,704919 0,001021
вероятно 0,623249 0,000226
верста 0,888564 0,001287
верхний 1,053374 0,000382
веселиться 1,468347 0,000532
весело 0,648803 0,000235
весна 1,125925 0,000408
вести 0,787106 0,000285
весь 0,002964 0,000013
весёлый 0,389166 0,000141
вещь 0,411442 0,000149
взвизгивать 1,565257 0,000567
взвыть 2,167317 0,000785
взгляд 0,185046 0,000201
взглянуть 0,468347 0,000339
вздохнуть 0,866287 0,000314
вздрагивать 1,021189 0,000370
взять 0,077412 0,000056
видать 0,419129 0,000304
видеть 0,027438 0,000040
видно 0,504560 0,000183
визжать 1,322219 0,000479
визит 0,845098 0,000306
вкус 1,021189 0,000370
вместе 0,208276 0,000151
внизу 0,936868 0,000339
вовеки 1,565257 0,000567
вовсе 0,150284 0,000218
водить 1,468347 0,000532
возить 1,167317 0,000423
возможно 0,735954 0,000267
вознаграждение 0,000000 0,000000
возненавидеть 1,021189 0,000370
воистину 0,912045 0,000661
войти 0,137934 0,000050
воспевать 1,565257 0,000567
восторг 0,419129 0,000152
вполне 0,316059 0,000114
впоследствии 0,662167 0,000240
время 0,018098 0,000013
всегда 0,129891 0,000188
вскоре 0,991226 0,000718
вспоминать 0,623249 0,000226
вспомянуть 1,690196 0,000612
вставать 0,576253 0,000209
встать 0,269690 0,000098
всякий 0,106619 0,000077
второй 0,217927 0,000158
вчера 0,341243 0,000124
вызвать 0,824895 0,000598
выздороветь 1,053374 0,000382
выйти 0,063514 0,000046
выкупить 1,866287 0,000676
вынести 0,486076 0,000176
выносить 0,888564 0,000644
вынуть 0,451314 0,000163
выплата 0,000000 0,000000
выход 0,769377 0,000279
вышегорье 1,866287 0,000676
галерейка 1,565257 0,001701
галерея 1,565257 0,000567
главное 0,185046 0,000067
глаз 0,056728 0,000103
глубоко 0,611015 0,000443
глядеть 0,243038 0,000264
глянуть 0,963197 0,000349
говорить 0,011981 0,000074
годик 2,167317 0,000785
голова 0,114239 0,000083
голосочек 2,167317 0,000785
голубчик 0,565257 0,000409
гора 0,805589 0,000875
горе 0,648803 0,000470
гореть 0,735954 0,000267
город 0,248239 0,000270
городск 2,167317 0,000785
городской 0,936868 0,001357
горький 0,912045 0,000330
господин 0,208276 0,000226
господний 1,565257 0,000567
господь 0,374926 0,000815
госпожа 0,648803 0,000235
граница 0,662167 0,000240
грех 0,752344 0,002997
грешный 0,991226 0,000359
грудной 1,264227 0,000458
губа 0,411442 0,000149
давать 0,253503 0,000092
давно 0,158717 0,000057
даже 0,005949 0,000002
дальний 1,021189 0,000370
далёкий 0,411442 0,000298
дама 0,434924 0,000315
дар 1,322219 0,002873
даровать 1,565257 0,000567
дать 0,171682 0,000062
два 0,198834 0,000072
двадцать 0,303994 0,000220
двор 0,523865 0,000190
девочка 0,787106 0,000855
дело 0,011981 0,000009
деревня 0,963197 0,000698
деревянный 0,787106 0,000285
дерзновенный 2,167317 0,002355
десять 0,298086 0,000108
детство 0,720159 0,000261
детушки 2,167317 0,000785
дить 1,690196 0,000612
длинный 0,495219 0,000359
добро 0,963197 0,000698
добрый 0,303994 0,000110
довольно 0,129891 0,000047
должный 0,099131 0,000036
дом 0,154480 0,000112
допустить 0,635838 0,000461
дорогой 0,451314 0,000163
достоевский 0,000000 0,000000
достояние 0,000000 0,000000
дочь 0,374926 0,000407
древний 0,936868 0,001018
другой 0,008955 0,000003
думать 0,060107 0,000131
душа 0,158717 0,000287
едва 0,554533 0,000402
един 2,167317 0,000785
единственный 0,648803 0,000235
единый 0,611015 0,000221
если 0,011981 0,000004
есть 0,018098 0,000033
жалеть 0,805589 0,000292
жаль 0,635838 0,000230
ждать 0,142011 0,000103
желанный 2,167317 0,000785
желать 0,232819 0,000169
жена 0,486076 0,000176
женский 0,623249 0,000451
женщина 0,213075 0,000926
живой 0,675956 0,000490
жизнь 0,084532 0,000031
жить 0,217927 0,000079
заботиться 0,936868 0,000339
забыть 0,125925 0,000228
завидеть 0,963197 0,000349
загореть 2,167317 0,000785
зайти 0,554533 0,000201
закрыть 0,576253 0,000209
заливаться 1,866287 0,000676
заметить 0,056728 0,000021
замужем 1,565257 0,000567
записать 0,845098 0,000306
заплакать 0,599116 0,000217
заступница 1,866287 0,000676
затесниться 1,690196 0,000612
затихнуть 0,912045 0,000330
затосковать 1,468347 0,000532
затрястись 0,963197 0,000698
захожий 1,690196 0,000612
зачем 0,146128 0,000053
зашибаться 2,167317 0,000785
звать 0,419129 0,000152
здесь 0,095435 0,000035
здешний 0,611015 0,000221
здоровый 0,769377 0,000279
здоровье 0,704919 0,000255
здравие 1,866287 0,000676
земля 0,298086 0,000324
знать 0,002964 0,000010
играть 0,599116 0,000217
избить 0,845098 0,000306
извоз 2,167317 0,000785
извозчик 1,125925 0,000408
издалёка 1,866287 0,004732
изнурительный 2,167317 0,000785
изнурённый 1,866287 0,000676
икать 2,167317 0,000785
ильинишный 2,167317 0,001570
имение 1,053374 0,000382
иной 0,208276 0,000302
иркутск 1,866287 0,000676
искоренить 1,866287 0,000676
испитой 1,468347 0,000532
исповедь 0,845098 0,000306
исполнить 0,648803 0,000235
использоваться 0,000000 0,000000
испытать 1,167317 0,000423
исступлённый 0,805589 0,000292
иссушить 2,167317 0,000785
истина 0,704919 0,000255
источник 1,565257 0,000567
истощить 2,167317 0,000785
исцеление 1,389166 0,001006
исцелитель 1,866287 0,000676
каждый 0,137934 0,000050
казаться 0,063514 0,000023
какой 0,005949 0,000011
карамазов 0,180546 0,000262
каяться 1,389166 0,001509
клерикал 1,866287 0,000676
кликуша 1,322219 0,001437
книга 0,106619 0,000116
когда 0,015029 0,000011
колдовство 1,690196 0,000612
колено 0,565257 0,000614
колесо 1,565257 0,000567
коли 0,269690 0,000293
коль 0,720159 0,001043
кольмить 1,866287 0,000676
комар 0,000000 0,000000
комиссариат 2,167317 0,000785
комната 0,150284 0,000054
конец 0,213075 0,000077
конечно 0,060107 0,000022
кончить 0,328468 0,000357
копейка 0,769377 0,000279
который 0,002964 0,000005
край 0,936868 0,000339
краткий 1,264227 0,000458
кресло 0,599116 0,000434
крестьянка 1,866287 0,000676
крестьянство 1,866287 0,000676
крикнуть 0,292256 0,000106
кричать 0,303994 0,000110
кроме 0,158717 0,000057
кроткий 0,912045 0,000330
крылечко 1,167317 0,000423
кстати 0,468347 0,000170
кто 0,114239 0,000041
купить 0,752344 0,000272
купчиха 1,322219 0,000479
ладонь 0,866287 0,000314
лаять 1,866287 0,000676
лежать 0,243038 0,000088
лето 0,866287 0,000314
либо 0,000000 0,000000
лизавета 0,623249 0,000451
литература 1,468347 0,000532
лицо 0,000000 0,000000
личико 1,088136 0,000394
лишь 0,185046 0,000737
лошадка 1,565257 0,000567
любезный 0,991226 0,000359
любить 0,066947 0,000121
любовь 0,334808 0,000485
любой 0,000000 0,000000
любопытно 0,845098 0,000306
лёгкий 0,599116 0,000217
маленький 0,185046 0,000067
мало 0,208276 0,000075
маловерный 1,468347 0,000532
малоизвестный 1,565257 0,000567
мальчик 0,411442 0,000298
мамаша 0,735954 0,000267
мамка 2,167317 0,000785
материнский 1,468347 0,000532
мать 0,217927 0,000947
мгновенный 1,389166 0,000503
медик 1,468347 0,000532
медицинский 1,125925 0,000408
месяц 0,264227 0,000191
мещанство 2,167317 0,000785
миловидный 1,690196 0,000612
милый 0,322219 0,000817
минута 0,050046 0,000054
минуточка 1,690196 0,000612
младенец 0,866287 0,001569
младенчик 1,866287 0,001352
многие 0,468347 0,000170
многократно 1,866287 0,000676
многотерпеливый 2,167317 0,000785
можно 0,088136 0,000032
мой 0,077412 0,000112
молвить 1,322219 0,000479
молебщик 2,167317 0,001570
молитва 0,888564 0,000644
молить 0,769377 0,000557
молодой 0,222835 0,000161
молча 0,367977 0,000267
молчаливый 0,720159 0,000522
молчать 0,248239 0,000090
момент 0,000000 0,000000
монастырь 0,533849 0,000773
монах 0,845098 0,000306
мочь 0,000000 0,000000
муж 0,805589 0,000875
мутиться 1,866287 0,000676
мучиться 0,623249 0,000226
мы 0,648803 0,000235
мысль 0,114239 0,000041
наверно 0,264227 0,000383
наградить 1,690196 0,000612
надеть 0,888564 0,000644
надлежащий 1,088136 0,000394
надо 0,036984 0,000013
надолго 1,167317 0,000423
надорвать 1,389166 0,000503
надоть 1,389166 0,000503
надрывать 2,167317 0,000785
назад 0,000000 0,000000
название 1,088136 0,000394
назваться 2,167317 0,000785
найти 0,298086 0,000216
наклонить 1,389166 0,000503
наконец 0,073896 0,000027
накрыть 0,963197 0,000349
наложить 1,690196 0,000612
намедни 1,167317 0,000423
написать 0,000000 0,000000
нараспев 1,690196 0,000612
народ 0,514105 0,000372
наружный 1,565257 0,000567
нарушать 1,565257 0,000567
настасьюшка 2,167317 0,000785
настоятельно 0,991226 0,000359
натура 0,888564 0,000322
натуральный 1,167317 0,000423
наука 0,787106 0,000285
начало 0,243038 0,000352
начать 0,066947 0,000024
наш 0,118099 0,000171
небесный 1,167317 0,000846
небо 0,635838 0,000230
невеликий 1,866287 0,000676
невидимый 1,565257 0,000567
неделя 0,374926 0,000136
незнание 1,690196 0,000612
нелепо 1,167317 0,000423
нельзя 0,176091 0,000064
немедленно 0,554533 0,000201
немного 0,426955 0,000309
неподвижный 0,991226 0,000359
неправда 0,752344 0,000545
неправильный 1,468347 0,001064
непременно 0,133894 0,000048
непременный 1,264227 0,000916
непрестанный 2,167317 0,000785
неразумный 1,565257 0,000567
нервный 0,824895 0,000299
несколько 0,095435 0,000035
неуклонно 2,167317 0,000785
неутолимость 2,167317 0,000785
нечистый 1,389166 0,000503
нечто 0,389166 0,000141
нижний 0,963197 0,000349
низенький 1,389166 0,000503
никакой 0,213075 0,000077
никитушка 2,167317 0,006280
никогда 0,088136 0,000128
никто 0,095435 0,000069
ничего 0,030597 0,000033
нога 0,213075 0,000077
ножка 0,912045 0,000991
оба 0,316059 0,000114
обедня 1,264227 0,000458
обида 0,720159 0,000261
обитель 1,690196 0,000612
облобызать 1,389166 0,000503
образ 0,243038 0,000088
образок 1,565257 0,000567
обратиться 0,316059 0,000229
обратно 0,675956 0,000245
общественный 0,000000 0,000000
общий 0,514105 0,000186
объяснять 0,936868 0,000339
овладеть 0,912045 0,000330
огорчаться 1,866287 0,000676
ограда 1,264227 0,000458
одежда 1,053374 0,000382
одетый 0,648803 0,000470
один 0,000000 0,000000
однажды 0,635838 0,000230
однако 0,102859 0,000037
оживлённый 1,389166 0,000503
ожидание 0,662167 0,000719
ожидать 0,264227 0,000096
около 0,443041 0,000160
он 0,000000 0,000000
они 0,275223 0,000100
опоздать 0,866287 0,000314
опубликовать 0,000000 0,000000
опять 0,027438 0,000030
организм 1,866287 0,000676
оскорбить 0,599116 0,000217
оскудевать 1,565257 0,000567
ослабеть 1,088136 0,000394
особа 0,769377 0,000279
особенно 0,129891 0,000094
оставаться 0,280827 0,000102
оставлять 0,533849 0,000193
остаться 0,133894 0,000048
отвернуться 0,912045 0,000330
отвести 0,866287 0,000314
отдать 0,381987 0,000277
отец 0,091770 0,000266
отогнать 1,690196 0,000612
отпустить 0,845098 0,000306
отселе 1,690196 0,000612
отселевый 1,389166 0,001006
отсюда 0,805589 0,000292
оттуда 0,888564 0,000965
отходить 0,824895 0,000299
офицерский 1,389166 0,000503
оформление 0,000000 0,000000
очень 0,024303 0,000044
очищение 1,690196 0,000612
пазуха 2,167317 0,000785
палец 0,486076 0,000176
память 0,599116 0,000217
паралич 1,690196 0,000612
паче 1,322219 0,000479
первый 0,018098 0,000020
перейти 0,000000 0,000000
перекрестить 1,167317 0,000423
перестать 0,411442 0,000149
печаль 1,866287 0,000676
писать 0,419129 0,000304
письмо 0,434924 0,000315
питаться 1,322219 0,000479
плавно 1,468347 0,000532
плакать 0,328468 0,001190
плачущий 1,125925 0,000816
побои 1,389166 0,000503
побывать 2,167317 0,000785
поведать 1,468347 0,000532
повидать 1,468347 0,001595
поглядеть 0,396465 0,000287
подать 0,451314 0,000163
подборка 0,000000 0,000000
подвести 0,963197 0,000698
подводить 1,322219 0,000958
подле 0,419129 0,000455
подобно 1,167317 0,000423
подойти 0,341243 0,000124
подпирать 2,167317 0,001570
подтверждение 1,213075 0,000439
поехать 0,576253 0,000209
пожалеть 1,021189 0,000370
позументный 2,167317 0,000785
пойти 0,080958 0,000147
показаться 0,334808 0,000121
покачивать 1,866287 0,000676
покаяние 1,264227 0,000916
поклониться 0,662167 0,000719
покойник 1,053374 0,000382
покойный 0,599116 0,000434
покончить 0,769377 0,000279
покупаться 1,866287 0,000676
полгода 0,963197 0,000349
поле 0,912045 0,000330
полный 0,253503 0,000092
положить 0,403889 0,000146
полушёпот 1,389166 0,000503
помещение 1,125925 0,000408
помещик 0,805589 0,000292
помещица 1,322219 0,000479
поминание 1,866287 0,000676
поминать 1,088136 0,000394
помирать 1,264227 0,000458
помнить 0,167317 0,000121
помоль 1,866287 0,000676
помощница 1,866287 0,000676
помощь 0,888564 0,000322
помышлять 1,690196 0,000612
помянуть 1,389166 0,002516
поражать 0,888564 0,000322
посему 1,690196 0,001224
посетитель 0,991226 0,000718
посетительница 1,866287 0,000676
посещать 0,845098 0,000306
послать 0,309985 0,000112
после 0,084532 0,000061
последний 0,066947 0,000048
послыхать 2,167317 0,000785
посмертно 0,000000 0,000000
посмотреть 0,213075 0,000077
постоять 0,690196 0,000250
потечь 1,264227 0,000458
потому 0,024303 0,000026
потребность 0,805589 0,000292
потупиться 1,088136 0,000394
почернеть 1,389166 0,000503
почти 0,024303 0,000026
поясочка 2,167317 0,001570
правда 0,088136 0,000064
праведный 1,322219 0,000479
право 0,176091 0,000064
пребывать 1,125925 0,000408
превысить 1,866287 0,000676
пред 0,030597 0,000055
предел 0,991226 0,000359
предстоять 0,963197 0,000349
прежде 0,077412 0,000084
преимущество 1,389166 0,000503
преклонение 1,866287 0,000676
прекращаться 1,565257 0,000567
прелестный 0,866287 0,000314
престол 1,690196 0,001224
приблизить 1,468347 0,000532
приблизиться 1,167317 0,000846
прибыть 0,704919 0,000511
привести 0,576253 0,000209
приводить 0,991226 0,000359
приводиться 1,866287 0,000676
привстать 1,021189 0,000370
приделать 2,167317 0,000785
приехать 0,309985 0,000112
прижизненный 0,000000 0,000000
призвать 1,322219 0,000479
признать 0,735954 0,000267
прийти 0,095435 0,000207
пример 0,936868 0,000339
примириться 1,322219 0,000479
принимать 0,328468 0,000119
прислать 0,403889 0,000146
пристать 1,088136 0,000394
притаиться 1,690196 0,000612
притворство 1,866287 0,002028
притянуть 1,264227 0,000458
причастие 2,167317 0,000785
причитание 2,167317 0,001570
причитать 1,690196 0,000612
причитывание 2,167317 0,000785
причитывать 1,866287 0,001352
причём 0,912045 0,000330
пробиться 1,565257 0,000567
проговорить 0,110412 0,000120
программирование 0,000000 0,000000
продолжать 0,125925 0,000091
проживать 0,769377 0,000279
прожить 0,690196 0,000250
произведение 0,000000 0,000000
происходить 0,523865 0,000759
пройти 0,000000 0,000000
промолвить 0,912045 0,000661
просить 0,150284 0,000163
простить 0,286504 0,000415
просьбица 2,167317 0,000785
прохорович 1,866287 0,001352
проч 0,662167 0,000240
прочесть 0,443041 0,000160
прощать 0,426955 0,000309
прощаться 0,963197 0,000349
прямо 0,118099 0,000086
психически 1,866287 0,000676
публикация 0,000000 0,000000
пять 0,222835 0,000081
пятьсот 0,936868 0,000339
работа 0,991226 0,000359
работать 0,845098 0,000306
радоваться 0,888564 0,001287
радость 0,411442 0,000298
раз 0,309985 0,000337
развеселить 1,468347 0,000532
разговаривать 0,720159 0,000261
раздражать 0,936868 0,000339
разик 1,866287 0,001352
разложить 1,866287 0,000676
размышление 1,866287 0,000676
разный 0,565257 0,000205
разобрать 0,888564 0,000322
разочек 2,167317 0,001570
разрешение 0,000000 0,000000
разрешить 0,824895 0,000299
рана 1,213075 0,000439
расспрос 1,053374 0,000382
растравлять 1,866287 0,000676
рахиль 2,167317 0,000785
рваться 1,053374 0,000382
ребёнок 0,232819 0,000169
ребёночек 1,088136 0,000788
ресница 1,565257 0,000567
родимец 2,167317 0,000785
родимый 2,167317 0,000785
родненький 2,167317 0,000785
родный 0,565257 0,000614
роды 1,322219 0,000479
рубашоночка 2,167317 0,000785
рука 0,030597 0,000044
русский 0,411442 0,000149
русь 1,264227 0,000458
ручьём 1,866287 0,000676
рыдание 1,322219 0,000479
сайт 0,000000 0,000000
сам 0,002964 0,000005
самый 0,018098 0,000026
сапожок 1,389166 0,000503
сверх 0,752344 0,000272
свет 0,176091 0,000128
светиться 1,690196 0,000612
свидетельствующий 2,167317 0,000785
свободно 0,000000 0,000000
свой 0,000000 0,000000
святой 0,468347 0,001018
себя 0,000000 0,000000
северный 1,690196 0,000612
сегодня 0,194189 0,000211
сельский 1,690196 0,000612
семьдесят 0,000000 0,000000
сердечный 0,866287 0,000314
сердиться 0,443041 0,000160
сердце 0,095435 0,000138
сибирь 0,866287 0,000314
сидеть 0,125925 0,000091
сие 0,611015 0,000443
сказать 0,011981 0,000026
сквозь 0,936868 0,000339
сколь 1,389166 0,000503
скоро 0,298086 0,000108
скорый 0,237898 0,000086
слеза 0,275223 0,000598
слишком 0,133894 0,000048
слово 0,027438 0,000020
служить 0,544068 0,000197
случаться 0,599116 0,000217
слушать 0,203530 0,000074
слыхать 0,675956 0,000245
слышать 0,125925 0,000137
смеяться 0,171682 0,000062
смотреть 0,077412 0,000084
сначала 0,434924 0,000158
снести 0,845098 0,000306
сниться 0,991226 0,000359
снять 0,704919 0,000255
собачий 1,690196 0,000612
собираться 0,635838 0,000230
собрание 1,088136 0,000394
собраться 0,662167 0,000240
совершаться 1,213075 0,000439
совершить 0,769377 0,000279
совершиться 0,662167 0,000480
совсем 0,021189 0,000015
согласие 0,000000 0,000000
согрешить 1,468347 0,000532
содержать 0,912045 0,000330
соединять 1,690196 0,000612
сокровище 1,389166 0,000503
сонм 1,866287 0,000676
сообщить 0,434924 0,000158
сотрясение 1,322219 0,000958
сочинение 1,468347 0,000532
спасать 1,088136 0,000394
спасаться 0,991226 0,000359
спасибо 0,866287 0,000941
сперва 0,735954 0,000267
специалист 1,690196 0,000612
спешить 0,477121 0,000173
справиться 0,991226 0,000359
справляться 1,264227 0,000458
спрашивать 0,232819 0,000169
спросить 0,114239 0,000041
старенький 1,167317 0,000423
старец 0,611015 0,004426
старик 0,303994 0,000110
старушонка 1,389166 0,000503
старый 0,374926 0,000407
стать 0,002964 0,000004
стена 0,533849 0,000193
степанида 1,690196 0,001224
стоить 0,189594 0,000069
столь 0,434924 0,000158
сторона 0,110412 0,000080
стояние 2,167317 0,000785
стоять 0,150284 0,000272
страдать 0,623249 0,000226
страннически 2,167317 0,000785
странный 0,227798 0,000083
страшный 0,286504 0,000104
стремиться 0,888564 0,000322
строгость 1,389166 0,000503
стул 0,434924 0,000158
ступать 0,587534 0,001064
ступенька 1,021189 0,001110
стыдно 0,504560 0,000183
судьба 0,443041 0,000160
сумлеваться 1,866287 0,000676
супруг 0,523865 0,000190
сходить 0,611015 0,000221
схоронить 1,565257 0,001701
счастие 0,451314 0,000163
сынок 1,213075 0,000879
сыночек 1,565257 0,005102
сюда 0,232819 0,000169
также 0,000000 0,000000
таки 0,066947 0,000024
таковой 0,451314 0,000163
такой 0,002964 0,000009
твой 0,258832 0,001500
текст 0,000000 0,000000
теперь 0,015029 0,000076
тесниться 1,322219 0,000958
тихий 0,544068 0,000591
тихо 0,354404 0,000128
тогда 0,050046 0,000073
тоже 0,043466 0,000094
толпа 0,648803 0,000470
толпиться 1,565257 0,000567
только 0,002964 0,000020
том 1,565257 0,000567
томиться 1,690196 0,000612
тоска 0,599116 0,000217
тосковать 1,021189 0,000370
тот 0,002964 0,000004
тотчас 0,046743 0,000034
точно 0,121994 0,000088
третий 0,154480 0,000224
трехлеточка 2,167317 0,000785
три 0,303994 0,000551
тридцать 0,599116 0,000217
триста 1,213075 0,000439
ты 0,133894 0,001552
тяжело 0,565257 0,000205
тяжёлый 0,662167 0,000480
тёмный 0,523865 0,000190
уведомить 1,125925 0,000408
увидеть 0,222835 0,000161
угол 0,341243 0,000124
удивление 0,292256 0,000106
удивлять 1,053374 0,000382
узнать 0,106619 0,000039
узреть 1,264227 0,000916
указать 0,554533 0,000402
указывать 0,599116 0,000217
уловить 1,322219 0,000479
умерший 0,000000 0,000000
умиление 0,769377 0,000557
умилиться 1,322219 0,000479
умолять 0,805589 0,000292
унтер 1,866287 0,000676
упокой 1,468347 0,001595
услыхать 1,088136 0,000394
услышать 0,381987 0,000553
успокоиваться 2,167317 0,000785
успокоиться 0,735954 0,000267
установиться 1,389166 0,000503
устраивать 1,468347 0,000532
устройство 1,389166 0,000503
утешать 1,322219 0,000479
утешаться 1,866287 0,002028
утешение 1,088136 0,000394
утешиться 1,866287 0,000676
утолять 1,565257 0,000567
уходить 0,328468 0,000238
учитель 0,936868 0,000339
фокус 1,565257 0,000567
фёдор 0,434924 0,000315
хворать 1,565257 0,001134
хворый 1,866287 0,001352
ходить 0,213075 0,000077
хозяин 0,805589 0,000292
хороший 0,077412 0,000056
хорошо 0,189594 0,000069
хотеть 0,033778 0,000012
хоть 0,060107 0,000022
хотя 0,050046 0,000091
хохлаковый 0,690196 0,000500
храм 1,213075 0,000439
худенький 1,389166 0,000503
худой 1,322219 0,000479
царица 1,125925 0,000408
царствие 1,565257 0,000567
церковь 0,787106 0,000570
час 0,185046 0,000134
часто 0,292256 0,000318
часть 0,002964 0,000002
чахоточный 1,167317 0,000423
чей 0,000000 0,000000
человек 0,011981 0,000022
четверо 1,088136 0,000394
четырнадцатилетний 2,167317 0,000785
число 0,704919 0,000255
читаемый 2,167317 0,000785
читать 0,403889 0,000146
чрез 0,275223 0,000100
что 0,030597 0,000033
чтоб 0,073896 0,000027
чтобы 0,030597 0,000033
чувство 0,158717 0,000057
чудо 0,866287 0,000314
чужой 0,662167 0,000240
чуть 0,176091 0,000128
чёрный 0,504560 0,000183
шаг 0,367977 0,000133
шаловливый 2,167317 0,000785
шесть 0,514105 0,000372
шестьдесят 1,021189 0,000370
шёпотом 0,675956 0,000245
щека 0,623249 0,000451
экипаж 1,125925 0,000408
эпитрахиль 2,167317 0,002355
это 0,002964 0,000001
этот 0,002964 0,000002
эффект 1,021189 0,000370
я 0,024303 0,000079
