автор 0,000000 0,000000
авторский 0,000000 0,000000
азият 2,167317 0,001006
алексей 0,000000 0,000000
алеш 0,328468 0,000915
алёшка 1,021189 0,001896
анафема 2,167317 0,005031
апофеоз 2,167317 0,001006
баранина 2,167317 0,002012
без 0,599116 0,000278
беспрерывно 0,623249 0,000289
библиотека 1,866287 0,002599
бог 0,154480 0,000287
божий 0,623249 0,000579
более 0,000000 0,000000
больший 0,248239 0,000115
большой 0,056728 0,000053
браниться 0,936868 0,000870
брат 0,060107 0,000167
будто 0,099131 0,000046
бульонщик 1,565257 0,001453
бывало 0,554533 0,000257
быть 0,000000 0,000000
валаамов 1,690196 0,000785
василиевич 1,167317 0,005419
ваш 0,121994 0,000057
вдруг 0,005949 0,000022
ведь 0,043466 0,000222
великий 0,341243 0,000158
великодушничать 2,167317 0,001006
вера 0,514105 0,002864
верить 0,180546 0,000084
верно 0,523865 0,000243
веровать 0,704919 0,001636
веселеть 1,866287 0,000866
весь 0,002964 0,000012
весьма 0,243038 0,000451
взямшить 1,866287 0,000866
взять 0,077412 0,000036
вид 0,150284 0,000140
видеть 0,027438 0,000038
видимый 0,443041 0,000206
визгливый 1,565257 0,000727
визит 0,845098 0,000392
виноватый 0,328468 0,000152
вменяться 2,167317 0,001006
вновь 0,720159 0,000334
вовсе 0,150284 0,000070
вознаграждение 0,000000 0,000000
войти 0,137934 0,000064
вол 1,690196 0,000785
вонючий 1,468347 0,000682
вопрос 0,146128 0,000136
воспевать 1,565257 0,000727
восторг 0,419129 0,000195
восторженный 0,963197 0,000447
вполне 0,316059 0,000147
врать 0,845098 0,003531
время 0,018098 0,000050
всегдашний 0,991226 0,000460
вседержитель 2,167317 0,003019
всякий 0,106619 0,000049
всячески 1,866287 0,000866
второй 0,217927 0,000101
выгода 1,167317 0,000542
выйти 0,063514 0,000029
выплата 0,000000 0,000000
выпучить 1,167317 0,000542
вырваться 0,565257 0,000262
выслушать 0,426955 0,000396
высокий 0,213075 0,000297
выспаться 2,167317 0,001006
выходить 0,258832 0,000120
газета 0,866287 0,000402
глаз 0,056728 0,000053
гневно 1,264227 0,000587
говорить 0,011981 0,000022
головка 1,167317 0,000542
гора 0,805589 0,002992
город 0,248239 0,000115
господень 1,690196 0,000785
господь 0,374926 0,000696
граница 0,662167 0,000307
грех 0,752344 0,001397
грешный 0,991226 0,000460
грешок 1,866287 0,000866
григорий 0,648803 0,007229
громко 0,504560 0,000234
давить 1,021189 0,000474
даже 0,005949 0,000030
далеко 0,599116 0,000556
далёкий 0,411442 0,000382
дать 0,171682 0,000159
два 0,198834 0,000462
двадцать 0,303994 0,000141
дверь 0,258832 0,000120
двинуться 1,125925 0,002091
действительно 0,106619 0,000049
делать 0,194189 0,000090
дело 0,011981 0,000006
день 0,118099 0,000055
деньга 0,185046 0,000086
десерт 2,167317 0,001006
добрый 0,303994 0,000141
дойти 0,389166 0,000181
доказать 0,565257 0,000262
должный 0,099131 0,000046
допить 1,565257 0,000727
допускаться 1,690196 0,000785
достигнуть 0,662167 0,000307
достоевский 0,000000 0,000000
достояние 0,000000 0,000000
драть 1,088136 0,000505
дребедень 2,167317 0,001006
другой 0,008955 0,000004
думать 0,060107 0,000084
дурак 0,611015 0,000284
египетский 2,167317 0,001006
едва 0,554533 0,000257
если 0,011981 0,000050
есть 0,018098 0,000025
ждать 0,142011 0,000066
жизнь 0,084532 0,000039
забирать 2,167317 0,001006
завизжать 1,322219 0,000614
заговорить 0,334808 0,000466
задавать 0,912045 0,000423
заключать 0,787106 0,000731
залиться 1,021189 0,000474
заметить 0,056728 0,000105
замысел 1,322219 0,000614
записать 0,845098 0,000392
зарубить 1,690196 0,000785
здесь 0,095435 0,000044
земля 0,298086 0,000415
зерно 1,468347 0,000682
знать 0,002964 0,000003
значит 0,243038 0,000451
значить 0,866287 0,000402
иван 0,232819 0,000973
иезуит 1,389166 0,001935
известие 0,554533 0,000257
известный 0,347773 0,000161
изменить 0,769377 0,000357
именно 0,066947 0,000062
иметь 0,118099 0,000055
имя 0,752344 0,000349
иноязычник 2,167317 0,002012
искупить 1,468347 0,000682
ислам 2,167317 0,001006
использоваться 0,000000 0,000000
испробовать 1,690196 0,000785
истина 0,704919 0,000327
истинный 0,611015 0,000284
источник 1,565257 0,000727
каждый 0,137934 0,000128
казуист 2,167317 0,002012
каковой 0,576253 0,000535
какой 0,005949 0,000019
карамазов 0,180546 0,000335
книга 0,106619 0,000148
когда 0,015029 0,000035
кожа 1,468347 0,003408
кой 1,468347 0,000682
колено 0,565257 0,000262
коли 0,269690 0,001502
комар 0,000000 0,000000
конец 0,213075 0,000099
конечно 0,060107 0,000028
контроверза 1,690196 0,001569
коньячок 1,167317 0,001626
кощунствовать 2,167317 0,001006
крайний 0,292256 0,000136
крещение 1,690196 0,003139
крик 0,514105 0,000239
крикнуть 0,292256 0,000407
кричать 0,303994 0,000423
кроме 0,158717 0,000147
купец 0,720159 0,000334
лавка 0,787106 0,000365
легкомыслие 1,125925 0,000523
либо 0,000000 0,000000
литература 1,468347 0,000682
лицо 0,000000 0,000000
лишь 0,185046 0,000344
лоб 1,167317 0,000542
ложь 0,824895 0,000383
лукьянов 2,167317 0,001006
любить 0,066947 0,000093
любой 0,000000 0,000000
любопытство 0,361137 0,000168
лёгкий 0,599116 0,000278
магометов 2,167317 0,001006
мало 0,208276 0,000097
малодушие 1,322219 0,000614
малое 0,963197 0,000447
малый 0,334808 0,000311
манер 1,021189 0,000948
медлить 1,468347 0,000682
мера 0,217927 0,000101
мигом 0,504560 0,000234
милосердие 1,389166 0,000645
милость 0,845098 0,000392
минута 0,050046 0,000046
много 0,080958 0,000038
можно 0,088136 0,000041
мой 0,077412 0,000252
молвить 1,322219 0,000614
момент 0,000000 0,000000
монастырь 0,533849 0,000248
море 1,690196 0,003139
мочь 0,000000 0,000000
мужик 0,675956 0,000314
мука 0,735954 0,000683
мучитель 1,389166 0,005159
мучительный 0,623249 0,000289
наблюдать 0,587534 0,000273
нагнуться 0,824895 0,001149
награда 1,468347 0,001363
нагрузиться 2,167317 0,001006
надежда 0,533849 0,000248
надлежать 1,690196 0,000785
надлежащий 1,088136 0,000505
надо 0,036984 0,000017
назад 0,000000 0,000000
название 1,088136 0,000505
найти 0,298086 0,000415
наказание 1,088136 0,000505
наказать 1,088136 0,000505
наказывать 1,690196 0,000785
напечатать 1,167317 0,000542
написать 0,000000 0,000000
народ 0,514105 0,000239
народный 1,264227 0,000587
нарочно 0,227798 0,000212
население 1,690196 0,000785
насильно 1,565257 0,000727
наслаждение 0,769377 0,000357
настроение 0,824895 0,000383
насчёт 0,354404 0,000658
наука 0,787106 0,000365
научить 0,963197 0,000447
начинать 0,292256 0,000271
наш 0,118099 0,000110
небесный 1,167317 0,000542
небо 0,635838 0,000590
неверующий 1,565257 0,001453
невозможно 0,411442 0,000191
некогда 0,912045 0,000847
нельзя 0,176091 0,000082
немедленно 0,554533 0,000515
немедленный 1,213075 0,000563
неожиданно 0,523865 0,000243
неповинный 1,389166 0,000645
неправда 0,752344 0,000349
неужели 0,389166 0,000181
нибыть 0,030597 0,000099
никакой 0,213075 0,000297
никто 0,095435 0,000133
нимало 0,991226 0,000460
нисколько 0,662167 0,000307
ничего 0,030597 0,000028
обед 0,690196 0,000641
облегчать 1,565257 0,000727
обрадоваться 0,611015 0,000284
обращаться 0,451314 0,000210
общественный 0,000000 0,000000
обыкновенный 0,565257 0,000525
один 0,000000 0,000000
однако 0,102859 0,000048
одобрительный 1,690196 0,000785
одолеть 1,468347 0,000682
означать 1,021189 0,000474
окончить 1,088136 0,000505
он 0,000000 0,000000
определить 0,866287 0,000402
опубликовать 0,000000 0,000000
опять 0,027438 0,000051
оратор 1,213075 0,000563
ослица 1,690196 0,002354
особенно 0,129891 0,000060
остальной 0,367977 0,000513
остановиться 0,269690 0,000125
остаться 0,133894 0,000062
остолбенеть 1,088136 0,000505
отвечать 0,258832 0,000120
отец 0,091770 0,000043
отказаться 0,752344 0,001048
отлучить 1,866287 0,001733
относиться 0,824895 0,000383
отразить 2,167317 0,001006
отрекаться 1,264227 0,000587
отрекнуться 2,167317 0,001006
отречение 1,690196 0,000785
отречься 1,389166 0,002580
отсюда 0,805589 0,000374
оформление 0,000000 0,000000
очень 0,024303 0,000045
павлович 0,286504 0,001862
папаша 0,912045 0,000423
первый 0,018098 0,000034
переждать 1,213075 0,000563
перейти 0,000000 0,000000
писание 1,690196 0,000785
питаться 1,322219 0,000614
плакать 0,328468 0,000152
плен 1,690196 0,001569
победа 1,565257 0,000727
повалить 1,565257 0,000727
повременить 1,468347 0,001363
поганый 1,468347 0,002727
погладить 1,866287 0,000866
поглядеть 0,396465 0,000184
поговорить 0,805589 0,000374
подавить 1,125925 0,001045
подборка 0,000000 0,000000
подвиг 0,769377 0,000714
поджаривать 2,167317 0,001006
подлец 0,554533 0,000772
подталкивать 1,690196 0,000785
подхватить 0,403889 0,000188
пойти 0,080958 0,000038
показать 0,292256 0,000136
покаяться 1,264227 0,000587
полагать 0,720159 0,001003
полнота 0,805589 0,000374
половина 0,396465 0,000184
получить 0,309985 0,000144
польза 0,675956 0,000314
помереть 0,720159 0,000334
помолчать 0,648803 0,000301
поморщиться 1,167317 0,000542
помыслить 1,565257 0,000727
помышление 1,690196 0,000785
понимать 0,095435 0,000089
понять 0,106619 0,000099
попасть 0,533849 0,000496
попивать 1,866287 0,000866
попробовать 0,866287 0,000402
порядок 0,704919 0,000327
порядочно 1,213075 0,000563
посетитель 0,991226 0,000920
после 0,084532 0,000078
последний 0,066947 0,000031
посмертно 0,000000 0,000000
посмеяться 1,125925 0,000523
посмотреть 0,213075 0,000099
потому 0,024303 0,000079
поторопить 1,866287 0,000866
поутру 0,845098 0,000392
похвалить 0,991226 0,000920
похвальный 1,264227 0,000587
почти 0,024303 0,000011
правда 0,088136 0,000041
право 0,176091 0,000082
прах 1,468347 0,000682
пред 0,030597 0,000028
прежде 0,077412 0,000108
прежний 0,198834 0,000092
презрительно 0,866287 0,000402
прекрасный 0,495219 0,000230
препроводить 1,690196 0,000785
прервать 0,623249 0,000289
прибытие 1,021189 0,000474
привычка 0,769377 0,000357
придавить 1,322219 0,000614
прижизненный 0,000000 0,000000
приказание 1,167317 0,000542
примерно 0,963197 0,000447
принуждать 1,866287 0,000866
принять 0,180546 0,000168
прислать 0,403889 0,000188
пристально 0,389166 0,000181
притом 0,769377 0,000357
причина 0,396465 0,000184
приятно 0,805589 0,000374
проговорить 0,110412 0,000051
программирование 0,000000 0,000000
продолжать 0,125925 0,000058
произведение 0,000000 0,000000
произвести 0,504560 0,000234
произнести 0,280827 0,000391
произойти 0,258832 0,000120
пройти 0,000000 0,000000
проклинать 1,264227 0,000587
проклясть 1,264227 0,001174
проклятый 0,662167 0,001230
пролить 1,125925 0,000523
прослушать 1,565257 0,000727
простить 0,286504 0,000133
противник 1,167317 0,000542
прочь 0,866287 0,000402
прошептать 0,587534 0,000273
прошипеть 1,690196 0,000785
прощёный 1,866287 0,001733
прямо 0,118099 0,000110
публикация 0,000000 0,000000
пустынник 1,690196 0,001569
пустыня 1,468347 0,000682
пусть 0,253503 0,000118
равно 0,303994 0,000141
радостно 0,888564 0,000413
разбитый 1,053374 0,000489
разбить 0,936868 0,000435
разве 0,146128 0,000136
разжаловать 1,866287 0,000866
разразиться 1,053374 0,000489
разрешение 0,000000 0,000000
раскаяние 0,769377 0,000357
раскидываться 1,565257 0,000727
расписывать 1,565257 0,000727
рассудить 0,675956 0,001883
рассудок 0,963197 0,000894
рассуждать 0,752344 0,001048
речка 1,690196 0,000785
решительно 0,341243 0,000158
решиться 0,341243 0,000158
ровно 0,533849 0,000248
род 0,419129 0,000195
родитель 0,599116 0,000278
родиться 0,936868 0,000435
роклясть 1,866287 0,000866
ругать 1,264227 0,001174
ругаться 1,322219 0,000614
русски 0,991226 0,000920
русский 0,411442 0,001146
рюмка 1,322219 0,001228
сад 0,824895 0,000383
сайт 0,000000 0,000000
сам 0,002964 0,000019
самый 0,018098 0,000109
сберечь 1,690196 0,000785
сверх 0,752344 0,000349
свет 0,176091 0,000245
свободно 0,000000 0,000000
свой 0,000000 0,000000
святой 0,468347 0,000652
сдвигать 1,866287 0,000866
сдержанно 1,021189 0,000474
себя 0,000000 0,000000
сегодня 0,194189 0,000270
сейчас 0,070407 0,000033
секрет 0,690196 0,000320
секунда 0,565257 0,000262
семьдесят 0,000000 0,000000
серьёзно 0,419129 0,000389
серьёзный 0,565257 0,000262
сказать 0,011981 0,000044
сказаться 1,088136 0,000505
сколько 0,280827 0,000130
скорый 0,237898 0,000110
славить 1,866287 0,001733
следовать 0,544068 0,000253
слеза 0,275223 0,000128
слово 0,027438 0,000064
случайность 1,690196 0,000785
случиться 0,292256 0,000136
слушать 0,203530 0,000094
смердеть 1,053374 0,000489
смердяков 0,576253 0,002943
смертный 0,805589 0,000374
смерть 0,374926 0,000174
сметь 0,389166 0,000181
смех 0,443041 0,000206
смотреть 0,077412 0,000036
смочь 1,264227 0,000587
сниматься 1,866287 0,000866
снятой 1,389166 0,000645
собрание 1,088136 0,000505
собственный 0,264227 0,000245
совершенно 0,180546 0,000335
совлечь 2,167317 0,002012
совсем 0,021189 0,000049
согласие 0,000000 0,000000
согласиться 0,396465 0,000368
соглашаться 0,963197 0,000894
содрать 2,167317 0,003019
сознавать 0,824895 0,000383
солгать 0,824895 0,000383
солдат 0,888564 0,001238
солидно 1,690196 0,000785
сообщение 1,167317 0,000542
сообщить 0,434924 0,000202
составлять 0,752344 0,001397
сочинение 1,468347 0,000682
спасаться 0,991226 0,000460
спасти 0,468347 0,000217
специально 1,389166 0,001290
спина 0,752344 0,000349
спихнуть 2,167317 0,001006
спокойно 0,648803 0,000301
справедливость 1,125925 0,001568
спрашивать 0,232819 0,000432
спросить 0,114239 0,000053
становиться 0,389166 0,000181
стать 0,002964 0,000011
стена 0,533849 0,000248
степенно 1,866287 0,000866
стоить 0,189594 0,000352
стол 0,286504 0,000399
столь 0,434924 0,000404
стоять 0,150284 0,000140
странный 0,227798 0,000106
страх 0,426955 0,000595
страшный 0,286504 0,000133
стукнуться 1,565257 0,000727
суд 0,554533 0,000257
сумление 1,468347 0,001363
сущий 1,389166 0,000645
сущность 0,675956 0,000314
съехать 1,690196 0,003139
также 0,000000 0,000000
таки 0,066947 0,000124
такой 0,002964 0,000007
таракан 1,389166 0,000645
татарин 1,866287 0,002599
твой 0,258832 0,000360
твёрдо 0,419129 0,000195
текст 0,000000 0,000000
тема 0,735954 0,001025
теперь 0,015029 0,000007
течение 1,021189 0,000474
течь 1,167317 0,000542
товар 1,322219 0,000614
тогда 0,050046 0,000163
тоже 0,043466 0,000020
только 0,002964 0,000015
том 1,565257 0,000727
тот 0,002964 0,000006
тотчас 0,046743 0,000022
требовать 0,565257 0,000262
третий 0,154480 0,000143
ты 0,133894 0,000497
увидеть 0,222835 0,000103
удовольствие 0,486076 0,000226
ужасно 0,167317 0,000078
улыбка 0,374926 0,000174
улыбнуться 0,426955 0,000198
умереть 0,269690 0,000125
умерший 0,000000 0,000000
умилиться 1,322219 0,000614
уповать 1,565257 0,001453
уполномочить 1,866287 0,000866
усаживать 1,389166 0,000645
услышать 0,381987 0,000177
усмехнуться 0,374926 0,000174
усмешка 0,752344 0,000349
усомниться 1,322219 0,001228
успеть 0,203530 0,000094
устроить 0,690196 0,000320
фёдор 0,434924 0,003231
фёдорович 0,150284 0,000349
хвалить 0,963197 0,000447
хихикать 1,322219 0,000614
хлебнуть 1,690196 0,000785
хороший 0,077412 0,000036
хорошо 0,189594 0,000176
хотеть 0,033778 0,000016
хоть 0,060107 0,000112
хотя 0,050046 0,000116
христианин 1,322219 0,004911
христианский 1,125925 0,000523
христианство 1,264227 0,001174
христов 1,125925 0,000523
христос 0,675956 0,000941
царствие 1,565257 0,000727
целость 1,468347 0,000682
церковь 0,787106 0,000365
час 0,185046 0,000258
часто 0,292256 0,000136
часть 0,002964 0,000003
чей 0,000000 0,000000
человек 0,011981 0,000017
червонец 1,866287 0,000866
черта 0,264227 0,000491
четверть 0,769377 0,000357
четыре 0,361137 0,000168
число 0,704919 0,000327
читаемый 2,167317 0,001006
читать 0,403889 0,000188
чрезвычайный 0,258832 0,000120
что 0,030597 0,000043
чтобы 0,030597 0,000071
чёрточка 0,991226 0,000460
шкура 1,690196 0,000785
этакий 0,533849 0,000248
это 0,002964 0,000004
этот 0,002964 0,000006
я 0,024303 0,000056
являться 0,675956 0,000314
