автор 0,000000 0,000000
авторский 0,000000 0,000000
аглая 0,662167 0,000134
адрес 1,053374 0,000428
алексеевич 0,963197 0,000196
алексей 0,000000 0,000000
аллахов 2,167317 0,000440
анализировать 1,565257 0,000318
ардалионович 0,675956 0,000137
бежать 0,434924 0,000177
безобразие 1,213075 0,000246
безумие 1,322219 0,000537
безумный 0,824895 0,000168
безумство 1,866287 0,000379
беспокоить 0,735954 0,000149
беспокоиться 0,514105 0,000104
беспокойный 0,824895 0,000168
беспокойство 0,514105 0,000418
беспорядочно 1,690196 0,000343
беспредельный 1,389166 0,000282
беспрерывно 0,623249 0,000253
беспрерывный 0,787106 0,000160
бессознательный 1,690196 0,000343
бесчеловечность 2,167317 0,000440
бесчестно 1,468347 0,000298
бесчестный 0,888564 0,000180
бешеный 1,167317 0,000237
библиотека 1,866287 0,001137
биение 1,565257 0,000318
билет 1,125925 0,000457
биться 0,623249 0,000127
благословение 1,125925 0,000229
бледный 0,443041 0,000090
блеснуть 1,088136 0,000221
близкий 0,477121 0,000097
близко 0,888564 0,000361
бог 0,154480 0,000031
боец 1,690196 0,000343
более 0,000000 0,000000
болезненный 0,611015 0,000372
болезнь 0,434924 0,000442
больной 0,258832 0,000158
больший 0,248239 0,000101
большой 0,056728 0,000023
бормотать 0,662167 0,000134
брат 0,060107 0,000037
братски 1,690196 0,000343
бред 1,021189 0,000207
бреда 0,866287 0,000176
бродить 1,125925 0,000457
бросить 0,269690 0,000110
броситься 0,258832 0,000158
будто 0,099131 0,000060
буфетный 2,167317 0,000440
бывало 0,554533 0,000225
бывать 0,280827 0,000114
быстро 0,232819 0,000047
бытие 1,389166 0,000846
быть 0,000000 0,000000
вагон 0,888564 0,000541
вдруг 0,005949 0,000034
ведь 0,043466 0,000132
вера 0,514105 0,000209
верить 0,180546 0,000220
верный 0,495219 0,000201
вероятно 0,623249 0,000253
вес 2,167317 0,000440
вести 0,787106 0,000160
весы 1,866287 0,002274
весь 0,002964 0,000013
весьма 0,243038 0,000049
вечер 0,322219 0,000065
вечерний 1,213075 0,000246
вещь 0,411442 0,000501
взбежать 1,690196 0,000687
взволновать 0,866287 0,000176
взгляд 0,185046 0,000225
вздрогнуть 0,486076 0,000099
вздумать 0,720159 0,000146
взять 0,077412 0,000063
взяться 0,824895 0,000168
вид 0,150284 0,000153
видать 0,419129 0,000085
видение 1,125925 0,000229
видеть 0,027438 0,000028
видеться 0,963197 0,000196
видимо 0,328468 0,000067
визит 0,845098 0,000172
вино 0,752344 0,000153
виноватый 0,328468 0,000133
виться 2,167317 0,000440
вкопать 1,468347 0,000298
вместе 0,208276 0,000085
вместо 0,411442 0,000084
внезапно 0,623249 0,000127
внезапный 0,533849 0,000867
внешний 1,322219 0,000269
вниз 0,752344 0,000458
внимание 0,504560 0,000410
внутренний 0,936868 0,000381
внутри 1,053374 0,000214
внушать 1,264227 0,000770
вовсе 0,150284 0,000031
вода 0,587534 0,000119
возвращаться 0,704919 0,000143
возмущать 1,565257 0,000318
вознаграждение 0,000000 0,000000
воксало 1,167317 0,001897
волнение 0,361137 0,000073
воля 0,576253 0,000117
вообразить 0,662167 0,000269
вопль 1,125925 0,000686
вопрос 0,146128 0,000119
ворота 0,720159 0,001024
воротить 1,053374 0,000214
воротиться 0,303994 0,000247
воспламеняться 1,690196 0,000343
воспоминание 0,635838 0,000517
восторженный 0,963197 0,000196
востроглазый 2,167317 0,000440
востролицый 2,167317 0,000440
впечатление 0,389166 0,000395
вплоть 0,866287 0,000176
вполне 0,316059 0,000128
впоследствии 0,662167 0,000134
впрочем 0,118099 0,000216
время 0,018098 0,000037
вроде 0,662167 0,000134
вседовольный 1,866287 0,000379
вселять 2,167317 0,000440
вскричать 0,253503 0,000051
вслед 0,523865 0,000106
всматриваться 0,963197 0,000391
вспоминать 0,623249 0,000127
вспомнить 0,434924 0,000618
вспомниться 1,322219 0,000269
встать 0,269690 0,000055
встретить 0,459747 0,000187
встретиться 0,704919 0,000573
встречать 0,735954 0,000149
всякий 0,106619 0,000043
второй 0,217927 0,000133
вход 0,752344 0,000458
въехать 1,690196 0,000343
выбежать 0,752344 0,000306
вывод 1,389166 0,000846
выдержать 0,587534 0,000119
выжидать 1,264227 0,000257
вызов 0,866287 0,000176
выйти 0,063514 0,000077
вынести 0,486076 0,000099
выплата 0,000000 0,000000
выражение 0,514105 0,000209
выразить 0,599116 0,000243
вырваться 0,565257 0,000115
вырываться 1,866287 0,000379
высокий 0,213075 0,000389
выставить 0,845098 0,000343
выход 0,769377 0,000156
выходить 0,258832 0,000053
гадкий 1,213075 0,000246
гармоничный 2,167317 0,000440
гармония 1,264227 0,000257
генеральша 0,912045 0,000370
главный 0,426955 0,000087
глаз 0,056728 0,000173
глубина 0,866287 0,000352
глубокий 0,477121 0,000097
глупость 0,576253 0,000117
глядеть 0,243038 0,000197
говорить 0,011981 0,000017
голова 0,114239 0,000093
гольбейн 1,866287 0,000379
город 0,248239 0,000101
горячий 0,523865 0,000106
горячо 0,544068 0,000110
господь 0,374926 0,000076
гостиница 1,322219 0,002685
грех 0,752344 0,000153
гроза 1,389166 0,000564
грозовой 2,167317 0,000440
гром 0,912045 0,000185
грудь 0,443041 0,000180
грусть 1,021189 0,000207
губа 0,411442 0,000084
давать 0,253503 0,000051
давеча 0,232819 0,000804
давешний 0,611015 0,000869
давление 1,866287 0,000379
давно 0,158717 0,000193
даже 0,005949 0,000018
далёкий 0,411442 0,000167
дарья 1,125925 0,000229
дать 0,171682 0,000070
дача 0,888564 0,000361
дважды 1,866287 0,000379
движение 0,648803 0,000264
двинуться 1,125925 0,000457
дебаркадер 2,167317 0,000440
действительно 0,106619 0,000130
действительность 0,991226 0,000604
действительный 0,991226 0,000201
делать 0,194189 0,000039
дело 0,011981 0,000015
демон 2,167317 0,002641
день 0,118099 0,000168
дерево 0,752344 0,000153
детский 0,752344 0,000306
диалектический 2,167317 0,000440
длинный 0,495219 0,000101
довольно 0,129891 0,000079
догадаться 0,554533 0,000113
дождаться 1,125925 0,000229
дожидаться 1,167317 0,000474
дойти 0,389166 0,000079
доказывать 1,389166 0,000282
доктор 0,554533 0,000113
долго 0,222835 0,000136
должный 0,099131 0,000060
дом 0,154480 0,000345
допустить 0,635838 0,000258
дорога 0,275223 0,000447
достаточный 1,468347 0,000298
достоевский 0,000000 0,000000
достояние 0,000000 0,000000
дотоле 1,866287 0,000379
дочь 0,374926 0,000076
дрогнуть 1,389166 0,000282
дрожать 0,426955 0,000087
дрожь 1,264227 0,000257
друг 0,180546 0,000293
другой 0,008955 0,000011
думать 0,060107 0,000024
душа 0,158717 0,000419
душевный 0,912045 0,000741
душный 1,322219 0,000537
дюбарри 1,866287 0,000379
единственно 0,477121 0,000097
единственный 0,648803 0,000132
епанчин 0,690196 0,000140
епанчина 1,053374 0,000428
если 0,011981 0,000039
есть 0,018098 0,000018
ехать 0,587534 0,000119
жалкий 0,936868 0,000190
жалость 1,021189 0,000830
жар 0,587534 0,000119
жаркое 1,866287 0,000379
жгучий 1,213075 0,000246
ждать 0,142011 0,000058
желание 0,514105 0,000313
желать 0,232819 0,000095
железный 0,752344 0,000458
жемарин 1,866287 0,000379
женщина 0,213075 0,000130
жестокость 1,213075 0,000246
жизненный 1,690196 0,000343
жизнь 0,084532 0,000120
жилище 1,866287 0,000379
забежной 1,866287 0,000379
забыть 0,125925 0,000077
забыться 1,021189 0,000207
заволочь 2,167317 0,000440
завтра 0,298086 0,000121
заговорить 0,334808 0,000068
задать 0,866287 0,000176
задача 0,866287 0,000176
задуматься 0,787106 0,000320
задумчивый 0,805589 0,000164
заинтересовать 0,824895 0,000168
заинтересоваться 1,167317 0,000237
зайти 0,554533 0,000113
заказать 1,088136 0,000442
заключать 0,787106 0,000160
заключаться 0,635838 0,000129
закон 0,805589 0,000164
залить 1,125925 0,000229
замереть 1,021189 0,000207
заметить 0,056728 0,000058
замечать 0,554533 0,000450
занятие 1,264227 0,000257
запереться 1,213075 0,000246
записка 0,824895 0,000503
засверкать 0,720159 0,000146
засмеяться 0,347773 0,000141
застать 0,648803 0,000395
затем 0,237898 0,000193
затылок 2,167317 0,000440
захватить 0,587534 0,000239
захватывать 1,468347 0,000298
заходить 0,611015 0,000124
захотеть 0,316059 0,000128
захотеться 0,704919 0,000573
зачем 0,146128 0,000030
заявить 0,675956 0,000137
звонить 1,322219 0,000269
звук 1,053374 0,000214
здесь 0,095435 0,000039
здоровый 0,769377 0,000313
здравый 1,125925 0,000229
земля 0,298086 0,000061
знак 0,565257 0,000115
знать 0,002964 0,000004
значит 0,243038 0,000197
иволгин 0,866287 0,000176
идея 0,459747 0,000654
идиот 0,426955 0,000347
идиотизм 1,690196 0,000343
идти 0,180546 0,000220
известие 0,554533 0,000113
известить 1,264227 0,000257
известиться 2,167317 0,000440
известно 0,334808 0,000068
изумлённый 1,264227 0,000257
изъяснять 1,866287 0,000379
именно 0,066947 0,000054
иметь 0,118099 0,000048
имя 0,752344 0,000153
иначе 0,367977 0,000075
иногда 0,208276 0,000254
иной 0,208276 0,000085
инструмент 1,565257 0,000636
интерес 0,866287 0,000176
искажать 1,690196 0,000343
искажаться 2,167317 0,000440
исказить 2,167317 0,000440
искание 2,167317 0,000440
искать 0,411442 0,000251
искривить 1,167317 0,000237
использоваться 0,000000 0,000000
испытать 1,167317 0,000237
истерически 1,125925 0,000229
истина 0,704919 0,000143
источник 1,565257 0,000318
исчезать 1,213075 0,000246
исчезнуть 0,623249 0,000127
итак 0,805589 0,000164
каждый 0,137934 0,000056
казаться 0,063514 0,000064
какой 0,005949 0,000030
каменный 1,213075 0,000739
карета 1,167317 0,000237
картина 0,690196 0,000280
карточка 1,690196 0,000343
клеветать 1,167317 0,000474
книга 0,106619 0,000065
князь 0,443041 0,003509
когда 0,015029 0,000049
колебание 1,125925 0,000229
колено 0,565257 0,000115
коллежский 1,690196 0,000343
коля 0,565257 0,000574
комар 0,000000 0,000000
комната 0,150284 0,000031
конвульсия 1,866287 0,000758
кондитерский 2,167317 0,000440
конец 0,213075 0,000087
конечно 0,060107 0,000085
кончить 0,328468 0,000067
копейка 0,769377 0,000625
коридор 1,322219 0,000806
который 0,002964 0,000014
кошмар 1,213075 0,000246
крайний 0,292256 0,000178
краска 0,991226 0,000403
красота 0,720159 0,000293
крест 0,690196 0,000140
крикнуть 0,292256 0,000059
кричать 0,303994 0,000123
кровь 0,389166 0,000079
кругом 0,419129 0,000426
кружиться 1,322219 0,000269
кстати 0,468347 0,000095
кто 0,114239 0,000023
кувшин 1,565257 0,000318
куда 0,248239 0,000151
кушать 1,167317 0,000237
лавка 0,787106 0,001599
лебедев 0,690196 0,001822
легко 0,752344 0,000153
леденящий 2,167317 0,000440
лежать 0,243038 0,000099
лестница 0,787106 0,001279
лететь 0,805589 0,000164
летний 1,167317 0,000711
лето 0,866287 0,000176
либо 0,000000 0,000000
липа 1,866287 0,000379
литература 1,468347 0,000298
лицо 0,000000 0,000000
ловить 0,866287 0,000176
лужица 2,167317 0,000440
лукаво 1,088136 0,000221
любить 0,066947 0,000054
любовь 0,334808 0,000068
любой 0,000000 0,000000
любопытство 0,361137 0,000220
магомет 1,866287 0,000379
маленький 0,185046 0,000075
мало 0,208276 0,000042
малый 0,334808 0,000136
мать 0,217927 0,000044
машинально 1,053374 0,000214
мгновение 0,316059 0,000642
мгновенно 0,888564 0,000361
мгновенный 1,389166 0,000282
медленно 0,805589 0,000164
между 0,129891 0,000026
мелькнуть 0,544068 0,000110
мера 0,217927 0,000221
место 0,099131 0,000101
месяц 0,264227 0,000054
мечтаться 1,389166 0,000282
милый 0,322219 0,000065
мимо 0,514105 0,000104
минута 0,050046 0,000152
мистический 1,468347 0,000298
многие 0,468347 0,000095
многий 0,514105 0,000209
много 0,080958 0,000066
можно 0,088136 0,000018
мозг 1,021189 0,000207
мой 0,077412 0,000031
молитва 0,888564 0,000180
молитвенный 2,167317 0,000440
молния 1,565257 0,000636
момент 0,000000 0,000000
москва 0,468347 0,000285
мост 1,468347 0,000298
мотив 1,468347 0,000298
мочь 0,000000 0,000000
мрак 0,787106 0,001119
мрачно 0,866287 0,000528
мрачный 0,662167 0,000538
музыкальный 1,866287 0,000379
мучение 0,963197 0,000391
мучительный 0,623249 0,000759
мучить 0,419129 0,000085
мучиться 0,623249 0,000127
мысль 0,114239 0,000070
набережная 2,167317 0,000440
наблюдатель 1,468347 0,000298
наверно 0,264227 0,000161
навзничь 1,468347 0,000298
надвигаться 1,690196 0,000343
надвинуться 1,866287 0,000379
надежда 0,533849 0,000108
наделать 0,963197 0,000196
надлежащий 1,088136 0,000221
надо 0,036984 0,000053
надоесть 1,088136 0,000221
надолго 1,167317 0,000237
назад 0,000000 0,000000
название 1,088136 0,000221
называть 0,477121 0,000097
наискось 1,468347 0,000298
найти 0,298086 0,000121
наклонный 1,125925 0,000229
наконец 0,073896 0,000060
намерение 0,514105 0,000104
написать 0,000000 0,000000
напоказ 1,565257 0,000318
наполнить 1,167317 0,000237
направиться 0,787106 0,000160
направо 0,787106 0,000320
напротив 0,180546 0,000037
напрягать 1,690196 0,000343
напрягаться 1,690196 0,000343
напряжение 1,264227 0,000770
напрячь 1,690196 0,000343
нарочно 0,227798 0,000093
нарушение 1,866287 0,000379
насмешка 0,599116 0,000122
настасья 0,720159 0,000439
настойчиво 0,787106 0,000320
настойчивость 1,322219 0,000269
настоящий 0,309985 0,000063
настроение 0,824895 0,000335
наступить 0,845098 0,000172
насущный 1,565257 0,000318
наука 0,787106 0,000160
научить 0,963197 0,000196
нахлынуть 2,167317 0,000440
находиться 0,514105 0,000209
начало 0,243038 0,000247
начинать 0,292256 0,000178
начинаться 0,805589 0,000327
нашёптывание 2,167317 0,000440
наяву 1,213075 0,000246
небо 0,635838 0,000129
нева 1,565257 0,000954
невинный 0,576253 0,000117
невозможно 0,411442 0,000251
невозможность 1,088136 0,000221
невольно 0,704919 0,000143
невообразимый 1,565257 0,000318
невыносимый 1,021189 0,000622
негаданный 2,167317 0,000880
неглупый 1,565257 0,000318
негодование 0,403889 0,000082
недавний 0,888564 0,000180
недавно 0,576253 0,000351
недоумение 0,554533 0,000113
неизбежный 1,565257 0,000318
некоторый 0,154480 0,000031
немедленно 0,554533 0,000113
немыслимо 1,866287 0,000379
ненормальный 1,866287 0,000758
необыкновенно 0,805589 0,000327
необыкновенный 0,396465 0,000483
необычайный 0,662167 0,000269
неожиданный 0,419129 0,000085
неотвязный 1,866287 0,000379
неотразимый 1,053374 0,000856
непобедимый 1,389166 0,000282
непосредственный 1,264227 0,000257
непременно 0,133894 0,000272
непростительно 1,690196 0,000343
несколько 0,095435 0,000136
неслыханный 1,264227 0,000513
несмотря 0,275223 0,000112
несомненно 0,704919 0,000143
нестерпимый 0,963197 0,000391
несуществующий 1,866287 0,000379
несчастный 0,374926 0,000152
нетерпение 0,554533 0,000225
неужели 0,389166 0,000079
нечего 0,381987 0,000078
нечто 0,389166 0,000158
нибыть 0,030597 0,000025
низкий 0,611015 0,000248
низость 0,845098 0,000343
никак 0,396465 0,000161
никака 1,690196 0,000343
никакой 0,213075 0,000087
никогда 0,088136 0,000018
николаевский 1,866287 0,000758
николай 0,752344 0,000153
ничего 0,030597 0,000012
ниша 2,167317 0,001320
новый 0,167317 0,000204
нога 0,213075 0,000043
нож 1,167317 0,000237
ножовщик 2,167317 0,000440
номер 1,690196 0,001030
номерной 2,167317 0,000440
нормальный 1,389166 0,000282
нравиться 0,611015 0,000124
нужный 0,477121 0,000097
оба 0,316059 0,000064
обвинять 0,888564 0,000180
обдумать 0,936868 0,000381
обдумывать 1,053374 0,000642
обед 0,690196 0,000140
обедать 0,963197 0,000196
обежать 1,690196 0,000343
обернуться 0,576253 0,000234
обещаться 1,021189 0,000207
обличитель 2,167317 0,000440
обнять 0,735954 0,000149
обожать 0,888564 0,000361
обозреть 2,167317 0,000440
образ 0,243038 0,000049
обратно 0,675956 0,000412
обстоятельство 0,403889 0,000082
общественный 0,000000 0,000000
объявить 0,389166 0,000079
объятие 0,991226 0,000201
обыкновенно 0,720159 0,000146
овладевать 1,690196 0,000343
овладеть 0,912045 0,000185
оглянуться 1,213075 0,000246
огромный 0,599116 0,000122
один 0,000000 0,000000
однажды 0,635838 0,000258
однако 0,102859 0,000167
ожидать 0,264227 0,000107
озарить 1,167317 0,000237
озариться 1,866287 0,000379
озаряться 1,866287 0,000379
оказаться 0,275223 0,000112
оказываться 0,936868 0,000190
окно 0,381987 0,000388
около 0,443041 0,000360
окончание 1,264227 0,000257
окончательно 0,565257 0,000344
окончательный 0,936868 0,000381
окружающий 1,690196 0,000343
олений 1,866287 0,000379
он 0,000000 0,000000
опасность 1,125925 0,000229
опиум 2,167317 0,000440
оправдать 0,963197 0,000196
оправдаться 1,322219 0,000537
оправдывать 1,322219 0,000269
опрокинуться 1,565257 0,000318
опубликовать 0,000000 0,000000
опять 0,027438 0,000072
орган 1,690196 0,000343
осмелиться 0,769377 0,000156
осмотр 1,468347 0,000298
осмыслить 1,021189 0,000207
особа 0,769377 0,000156
особенно 0,129891 0,000079
особенный 0,389166 0,000395
особый 0,565257 0,000115
оставить 0,203530 0,000248
оставлять 0,533849 0,000108
останавливать 1,021189 0,000415
останавливаться 0,866287 0,000528
остановить 0,565257 0,000115
остановиться 0,269690 0,000164
остановка 1,690196 0,000343
остаться 0,133894 0,000027
осторожный 1,088136 0,000221
ответить 0,121994 0,000050
отвращение 0,769377 0,000469
отвязаться 1,389166 0,000282
отдалить 0,963197 0,000391
отдать 0,381987 0,000078
отдаться 1,690196 0,000343
отдохнуть 1,213075 0,000246
отказаться 0,752344 0,000153
откровенно 0,824895 0,000168
откушать 1,565257 0,000636
отношение 0,623249 0,000127
отправиться 0,611015 0,000124
отрекаться 1,264227 0,000257
отречение 1,690196 0,000687
отречься 1,389166 0,000564
оттенок 0,991226 0,000201
отупение 1,690196 0,000343
отчаяние 0,544068 0,000331
отчий 0,554533 0,000113
отшатнуться 1,468347 0,000298
отыскать 0,769377 0,000156
оформление 0,000000 0,000000
охватить 1,389166 0,000282
оценивать 2,167317 0,000440
оценить 1,021189 0,000207
оценка 2,167317 0,000440
оцепенить 2,167317 0,000880
очевидный 0,554533 0,000113
очень 0,024303 0,000054
очнуться 0,752344 0,000306
очутиться 0,675956 0,000137
ошибиться 0,752344 0,000153
ошибка 0,805589 0,000164
ощущать 0,735954 0,000299
ощущение 0,690196 0,000421
павловск 0,888564 0,001444
павловский 1,389166 0,000282
падать 0,787106 0,000160
падучий 0,936868 0,000571
память 0,599116 0,000122
парадоксальный 1,866287 0,000379
парень 1,125925 0,000229
парфена 1,213075 0,000246
пассивно 1,866287 0,000379
первый 0,018098 0,000026
перевезти 1,690196 0,000343
перед 0,554533 0,000338
передать 0,381987 0,000078
переезд 1,264227 0,000257
перейти 0,000000 0,000000
перекрёсток 1,322219 0,000269
перемена 0,824895 0,000168
перенести 0,704919 0,000143
пересилить 1,866287 0,000379
переходящий 2,167317 0,000440
петербург 0,434924 0,000265
петербургский 0,991226 0,001007
племянник 1,125925 0,000915
плечо 0,403889 0,000164
площадка 1,468347 0,000596
площадь 0,888564 0,000180
поверка 2,167317 0,000440
повернуть 1,088136 0,000442
повернуться 0,495219 0,000201
поворотить 1,322219 0,000269
повредить 1,213075 0,000246
повторить 0,544068 0,000110
повторять 0,396465 0,000081
поглотить 1,866287 0,000379
поглядеть 0,396465 0,000081
подборка 0,000000 0,000000
подняться 0,443041 0,000090
подойти 0,341243 0,000139
подтвердить 0,544068 0,000110
подтвердиться 1,565257 0,000636
подумать 0,185046 0,000113
подходить 0,587534 0,000119
поезд 1,167317 0,000237
поехать 0,576253 0,000234
пожалуй 0,237898 0,000048
позвонить 1,125925 0,000229
поздно 0,735954 0,000149
поймать 0,824895 0,000670
пойти 0,080958 0,000148
показать 0,292256 0,000119
поклон 0,787106 0,000160
покраснеть 0,504560 0,000102
полнота 0,805589 0,000164
полный 0,253503 0,000309
полова 2,167317 0,000440
половина 0,396465 0,000322
половой 1,866287 0,001137
положить 0,403889 0,000082
полоумный 1,167317 0,000237
полсекунды 1,866287 0,000379
полутемнота 2,167317 0,000440
полчаса 0,752344 0,000153
полшаг 1,866287 0,000379
померещиться 1,264227 0,000513
поместиться 1,690196 0,000343
помнить 0,167317 0,000102
понимать 0,095435 0,000019
понравиться 0,533849 0,000217
понятно 0,936868 0,000381
понятный 1,264227 0,000257
понять 0,106619 0,000022
попадаться 1,468347 0,000298
попросить 0,426955 0,000173
поразить 0,243038 0,000049
порыв 0,936868 0,000381
порывисто 1,866287 0,000758
посетитель 0,991226 0,000403
посинелый 2,167317 0,000440
послать 0,309985 0,000063
после 0,084532 0,000052
последний 0,066947 0,000041
последствие 1,053374 0,000214
посмертно 0,000000 0,000000
посмотреть 0,213075 0,000043
поспешить 0,704919 0,000143
поставить 0,451314 0,000092
постоялец 1,866287 0,000379
поступок 0,623249 0,000127
потерянный 0,912045 0,000370
потеть 2,167317 0,000880
потом 0,084532 0,000034
потому 0,024303 0,000005
потребность 0,805589 0,000327
потёмки 1,866287 0,001895
поутру 0,845098 0,000172
похоже 0,845098 0,000172
похожий 0,611015 0,000124
почему 0,099131 0,000101
почти 0,024303 0,000104
почувствовать 0,426955 0,000087
правда 0,088136 0,000018
правый 0,495219 0,000101
пред 0,030597 0,000056
предвещание 2,167317 0,000440
предмет 0,611015 0,000620
предположение 0,991226 0,000403
предположить 0,824895 0,000168
предприпадочный 2,167317 0,000440
представляться 0,611015 0,000124
предуведомить 1,389166 0,000282
предчувствие 0,912045 0,000926
прежде 0,077412 0,000031
прежний 0,198834 0,000202
прелестный 0,866287 0,000176
преследовать 1,213075 0,000246
преступление 0,623249 0,000127
прибавить 0,162996 0,000066
привести 0,576253 0,000117
привлечь 1,264227 0,000257
привязаться 1,125925 0,000229
пригласить 0,720159 0,000146
приговор 0,824895 0,000168
придать 1,088136 0,000221
приехать 0,309985 0,000126
прижизненный 0,000000 0,000000
признак 0,845098 0,000172
признать 0,735954 0,000149
прийти 0,095435 0,000058
прийтись 0,565257 0,000115
приключиться 1,125925 0,000229
приковать 1,690196 0,000343
прилепляться 2,167317 0,000440
прилив 1,389166 0,000282
приманка 2,167317 0,000440
примирение 1,389166 0,000282
примочка 1,866287 0,000379
принять 0,180546 0,000110
припадок 0,544068 0,001326
припоминать 0,648803 0,000264
припоминаться 1,690196 0,001030
припомнить 0,533849 0,000217
пристально 0,389166 0,000079
присутствие 0,912045 0,000185
приходить 0,243038 0,000148
причина 0,396465 0,000403
причислить 2,167317 0,000440
пробегать 1,389166 0,000282
проблеск 2,167317 0,000880
проверить 1,167317 0,000474
провидение 1,167317 0,000237
прогнать 0,704919 0,000143
проговорить 0,110412 0,000022
программирование 0,000000 0,000000
продолжаться 0,704919 0,000573
произведение 0,000000 0,000000
произвести 0,504560 0,000102
производить 0,936868 0,000381
произносить 1,213075 0,000246
произойти 0,258832 0,000105
пройти 0,000000 0,000000
пролиться 1,565257 0,000636
промелькнуть 0,936868 0,000190
пропадать 1,322219 0,000269
простить 0,286504 0,000058
противно 1,468347 0,000298
противоположный 0,888564 0,000180
проходить 0,576253 0,000234
прохожий 1,389166 0,000846
прочить 0,648803 0,000132
прыщик 2,167317 0,000440
прямо 0,118099 0,000072
прятаться 0,888564 0,000180
публикация 0,000000 0,000000
пустой 0,690196 0,000140
пусть 0,253503 0,000051
путь 0,675956 0,000137
пуще 0,599116 0,000122
пятнадцать 0,752344 0,000153
пять 0,222835 0,000091
пятьдесят 0,675956 0,000137
пятьсот 0,936868 0,000190
радость 0,411442 0,000251
разбитый 1,053374 0,000214
разве 0,146128 0,000356
разверзнуться 2,167317 0,000880
разгадывать 1,690196 0,000343
разглядеть 0,662167 0,000134
разглядывать 1,125925 0,000229
разговор 0,264227 0,000161
раздавить 1,125925 0,000229
раздражительный 0,587534 0,000119
раздумывать 1,565257 0,000318
различить 1,264227 0,000513
разложить 1,866287 0,000379
размах 1,167317 0,000237
разом 0,389166 0,000395
разрешать 1,264227 0,000257
разрешаться 1,866287 0,000379
разрешение 0,000000 0,000000
разрешиться 1,322219 0,000806
разум 1,389166 0,000282
разумеется 0,328468 0,000067
расположить 1,468347 0,000298
рассеянно 0,991226 0,000201
рассеянность 1,213075 0,000246
рассеянный 1,021189 0,000415
рассказ 0,477121 0,000097
рассказать 0,280827 0,000057
рассматривать 0,824895 0,000168
рассудок 0,963197 0,000196
расшибиться 1,565257 0,000318
ребёнок 0,232819 0,000095
ревность 0,888564 0,000180
редкий 0,824895 0,000168
результат 1,389166 0,000282
рекомендовать 1,264227 0,000257
решительный 0,611015 0,000124
решить 0,232819 0,000095
решиться 0,341243 0,000069
рисунок 1,866287 0,000758
рогожин 0,936868 0,000571
рогожина 0,648803 0,005271
родственница 1,021189 0,000207
роковой 0,704919 0,000143
россия 0,514105 0,000104
рука 0,030597 0,000025
русский 0,411442 0,000334
сад 0,824895 0,000670
садиться 0,486076 0,000296
сайт 0,000000 0,000000
сам 0,002964 0,000012
самоощущение 1,866287 0,000758
самосознание 2,167317 0,001761
самый 0,018098 0,000077
сведение 0,824895 0,000168
сверкнуть 0,866287 0,000176
свет 0,176091 0,000215
светло 1,167317 0,000237
светлый 0,735954 0,000149
свободно 0,000000 0,000000
свой 0,000000 0,000000
связанный 1,468347 0,000298
сделать 0,102859 0,000021
себя 0,000000 0,000000
сегодня 0,194189 0,000355
сегодняшний 0,991226 0,000201
сейчас 0,070407 0,000071
секретарша 2,167317 0,000440
секретный 1,213075 0,000246
секунда 0,565257 0,001033
семь 0,623249 0,000253
семьдесят 0,000000 0,000000
сердечный 0,866287 0,000176
сердце 0,095435 0,000213
серебро 1,690196 0,000343
серьёзно 0,419129 0,000085
сидеть 0,125925 0,000026
сидя 0,845098 0,000172
сила 0,185046 0,000113
сильно 0,292256 0,000059
сильный 0,269690 0,000110
симпатичный 1,389166 0,000282
синтез 2,167317 0,000880
сказать 0,011981 0,000034
скамья 1,213075 0,000493
скорее 0,514105 0,000104
скоро 0,298086 0,000182
скорый 0,237898 0,000097
скрестить 1,565257 0,000318
скрываться 1,264227 0,000770
слабый 0,611015 0,000248
следить 0,623249 0,000253
следовательно 1,866287 0,000379
следовать 0,544068 0,000110
слеза 0,275223 0,000056
слитие 2,167317 0,000440
слишком 0,133894 0,000082
слово 0,027438 0,000028
слон 1,690196 0,000343
слуга 0,599116 0,000122
случай 0,146128 0,000059
случайно 0,866287 0,000176
случаться 0,599116 0,000243
случиться 0,292256 0,000178
слушать 0,203530 0,000041
слышать 0,125925 0,000026
сметь 0,389166 0,000079
смех 0,443041 0,000090
смешать 1,690196 0,000343
смешивать 1,690196 0,000687
смотреть 0,077412 0,000079
смутить 0,963197 0,000196
смутный 1,167317 0,000237
смущать 0,991226 0,000201
смущение 0,752344 0,000153
смятение 0,991226 0,000201
сначала 0,434924 0,000088
сниться 0,991226 0,000201
соблазн 1,125925 0,000229
соблазнять 1,468347 0,000298
собрание 1,088136 0,000221
собраться 0,662167 0,000134
собственно 0,565257 0,000230
совершенно 0,180546 0,000220
совершиться 0,662167 0,000134
совокупность 1,468347 0,000298
совсем 0,021189 0,000013
согласие 0,000000 0,000000
согласиться 0,396465 0,000081
созерцательный 2,167317 0,000440
сознавать 0,824895 0,000168
сознание 0,787106 0,000320
сознательно 1,389166 0,000846
сознательный 1,468347 0,000298
сознать 1,088136 0,000221
солгать 0,824895 0,000168
солидный 1,322219 0,000269
солнце 0,675956 0,000137
сомневаться 0,752344 0,000153
сомнение 0,426955 0,000434
соображение 0,912045 0,000185
сообразить 0,690196 0,000140
сообщить 0,434924 0,000088
соперник 1,053374 0,000214
сопрячь 2,167317 0,000880
сорок 0,845098 0,000172
состояние 0,322219 0,000524
состоять 0,514105 0,000104
сострадание 0,787106 0,000480
сострадать 1,690196 0,000343
сочинение 1,468347 0,000298
спасти 0,468347 0,000095
спешить 0,477121 0,000097
спокойствие 0,888564 0,000180
спорить 0,752344 0,000153
способный 0,587534 0,000119
спрашивать 0,232819 0,000047
спросить 0,114239 0,000093
спуститься 1,468347 0,000596
спустя 0,533849 0,000325
среди 0,769377 0,000156
становиться 0,389166 0,000158
старший 0,587534 0,000119
стать 0,002964 0,000007
степень 0,367977 0,000224
стоить 0,189594 0,000116
столб 1,389166 0,000564
сторожить 1,088136 0,000221
сторона 0,110412 0,000135
стоя 0,963197 0,000196
стоять 0,150284 0,000397
страдание 0,554533 0,000225
страдательный 2,167317 0,000440
страдать 0,623249 0,000380
странно 0,354404 0,000216
странный 0,227798 0,000231
страстно 1,322219 0,000537
страстность 1,565257 0,000636
страстный 0,963197 0,000587
страсть 0,735954 0,000149
страшный 0,286504 0,000175
стремглав 1,213075 0,000246
строить 1,088136 0,000221
стул 0,434924 0,000088
ступень 1,565257 0,000318
ступенька 1,021189 0,000207
ступить 1,021189 0,000415
стыд 0,533849 0,000434
судить 0,523865 0,000213
судорога 0,991226 0,000403
судорожно 1,167317 0,000237
судорожный 1,565257 0,000636
судья 0,866287 0,000176
сумбур 1,565257 0,000318
существо 0,477121 0,000194
существовать 0,635838 0,000387
схватить 0,347773 0,000071
сходить 0,611015 0,000124
сходиться 0,912045 0,000741
сходка 1,866287 0,000379
счастие 0,451314 0,000092
счастливо 1,213075 0,000246
счастливый 0,451314 0,000092
сюда 0,232819 0,000095
таинственность 1,690196 0,000343
таиться 1,125925 0,000229
также 0,000000 0,000000
таки 0,066947 0,000041
таковой 0,451314 0,000092
такой 0,002964 0,000008
тамошний 1,322219 0,000269
твой 0,258832 0,000053
текст 0,000000 0,000000
тело 0,720159 0,000293
темно 0,912045 0,000370
теперешний 0,533849 0,000108
теперь 0,015029 0,000064
тихий 0,544068 0,000110
товар 1,322219 0,000806
тогда 0,050046 0,000061
тоже 0,043466 0,000009
толпа 0,648803 0,000264
толстой 1,088136 0,000221
только 0,002964 0,000009
том 1,565257 0,000318
топать 1,565257 0,000318
тоска 0,599116 0,000122
тосковать 1,021189 0,000207
тот 0,002964 0,000005
тотчас 0,046743 0,000047
точно 0,121994 0,000074
трактир 0,720159 0,000146
тревога 0,648803 0,000132
третий 0,154480 0,000094
три 0,303994 0,000062
тротуар 1,389166 0,000564
трудно 0,459747 0,000280
трудность 2,167317 0,000440
трус 1,322219 0,000269
туда 0,495219 0,000503
туманный 1,690196 0,000343
туча 1,866287 0,000758
тяжело 0,565257 0,000115
тяжёлый 0,662167 0,000134
тёмный 0,523865 0,000213
убедиться 0,623249 0,000253
убеждение 0,554533 0,000563
убийство 0,787106 0,000320
убийца 0,704919 0,000286
убить 0,275223 0,000224
уверенный 0,611015 0,000124
увериться 1,322219 0,000269
увидать 0,434924 0,000265
увидеть 0,222835 0,000362
угаснуть 1,565257 0,000318
углубление 2,167317 0,000440
удар 0,866287 0,000176
удариться 1,565257 0,000318
удесятеряться 2,167317 0,000440
уединение 1,264227 0,000513
уехать 0,459747 0,000280
ужас 0,468347 0,000285
ужасно 0,167317 0,000068
ужасный 0,322219 0,000131
узкий 1,213075 0,000246
узнавать 0,704919 0,000143
узнать 0,106619 0,000108
улица 0,396465 0,000403
улыбаться 0,544068 0,000110
улыбка 0,374926 0,000228
ум 0,720159 0,000146
умерший 0,000000 0,000000
умиротворяться 2,167317 0,000440
унижать 1,167317 0,000237
унизительность 2,167317 0,000440
упасть 0,495219 0,000101
упомянуть 0,704919 0,000143
упорно 0,866287 0,000176
упрёк 1,125925 0,000229
усиление 1,565257 0,000318
усиленный 1,213075 0,000246
усиливаться 1,264227 0,000257
ускорить 2,167317 0,000440
условие 0,936868 0,000190
услышать 0,381987 0,000078
успевать 1,389166 0,000564
успеть 0,203530 0,000165
устремиться 1,213075 0,000246
устремляться 1,565257 0,000318
утро 0,347773 0,000141
утром 0,411442 0,000167
уходить 0,328468 0,000067
ушиб 2,167317 0,000440
фантазия 0,824895 0,000168
филиппович 0,735954 0,000448
филисова 2,167317 0,001761
формулировать 1,690196 0,000343
фёдор 0,434924 0,000177
хаос 1,468347 0,000596
хашиш 2,167317 0,000440
ходить 0,213075 0,000043
хозяйка 0,912045 0,000185
холод 1,125925 0,000229
холодный 0,824895 0,000168
хорошо 0,189594 0,000039
хотеть 0,033778 0,000069
хотеться 0,292256 0,000178
хоть 0,060107 0,000012
хотя 0,050046 0,000030
царскосельский 2,167317 0,000880
целое 0,587534 0,000119
целый 0,217927 0,000044
цель 0,361137 0,000220
цельный 1,866287 0,000379
цинически 1,866287 0,000379
час 0,185046 0,000338
часто 0,292256 0,000178
частый 0,805589 0,000164
часть 0,002964 0,000002
чей 0,000000 0,000000
человек 0,011981 0,000056
человеческий 0,565257 0,000115
человечество 0,866287 0,000176
через 0,258832 0,000105
черенок 1,866287 0,000379
черта 0,264227 0,000054
честной 0,587534 0,000119
четвёртый 0,286504 0,000116
четыре 0,361137 0,000147
число 0,704919 0,000429
чисто 1,213075 0,000246
читаемый 2,167317 0,000440
читать 0,403889 0,000328
чрез 0,275223 0,000224
чрезвычайно 0,217927 0,000177
чрезвычайный 0,258832 0,000053
что 0,030597 0,000037
чтоб 0,073896 0,000060
чтобы 0,030597 0,000037
чувство 0,158717 0,000032
чувствовать 0,264227 0,000107
чудовищность 1,690196 0,000343
чужой 0,662167 0,000134
шаг 0,367977 0,000299
шепнуть 0,963197 0,000196
шесть 0,514105 0,000418
шестьдесят 1,021189 0,000830
ширина 1,866287 0,000379
шум 1,167317 0,000237
эпилепсия 2,167317 0,000880
эпилептик 1,565257 0,000318
эпилептический 1,866287 0,000758
этаж 1,167317 0,000237
это 0,002964 0,000017
этот 0,002964 0,000020
я 0,024303 0,000005
явиться 0,298086 0,000182
яркий 1,264227 0,000513
ясно 0,354404 0,000576
ясный 0,623249 0,000253
