австриец 2,167317 0,000469
автор 0,000000 0,000000
авторский 0,000000 0,000000
аглая 0,662167 0,005160
аделаида 0,720159 0,000156
александр 1,213075 0,000788
алексей 0,000000 0,000000
ардалионович 0,675956 0,000732
бал 1,565257 0,000339
батюшка 0,635838 0,000138
бег 1,468347 0,000318
бедный 0,328468 0,000071
бежать 0,434924 0,000753
безумие 1,322219 0,000286
безумный 0,824895 0,000714
беспрерывно 0,623249 0,000135
беспрерывный 0,787106 0,000341
библиотека 1,866287 0,001212
биться 0,623249 0,000135
благодарить 0,635838 0,000138
благотворитель 1,866287 0,000404
бог 0,154480 0,000067
более 0,000000 0,000000
болезнь 0,434924 0,000094
больной 0,258832 0,000168
больший 0,248239 0,000054
большой 0,056728 0,000086
бормотать 0,662167 0,000143
бояться 0,158717 0,000137
брак 0,735954 0,000159
бровь 1,053374 0,000228
бросать 0,787106 0,000170
бросить 0,269690 0,000117
броситься 0,258832 0,000056
будить 1,088136 0,000236
буднишний 2,167317 0,000469
будто 0,099131 0,000086
будущее 0,735954 0,000159
бутылка 0,845098 0,000366
бывать 0,280827 0,000061
быстро 0,232819 0,000101
быстрота 1,125925 0,000244
быть 0,000000 0,000000
важность 0,991226 0,000215
ваш 0,121994 0,000370
вглядываться 0,936868 0,000203
вдруг 0,005949 0,000024
ведь 0,043466 0,000103
вежливый 0,735954 0,000159
великий 0,341243 0,000074
верить 0,180546 0,000313
вериться 1,565257 0,000339
верно 0,523865 0,000113
вероятный 0,866287 0,000375
весь 0,002964 0,000008
вечером 0,533849 0,000347
вечно 0,824895 0,000179
взгляд 0,185046 0,000040
взглядывать 1,322219 0,000286
вздрагивать 1,021189 0,000442
вздрогнуть 0,486076 0,000316
взять 0,077412 0,000034
вид 0,150284 0,000163
видать 0,419129 0,000091
видеть 0,027438 0,000089
видимо 0,328468 0,000071
визит 0,845098 0,000183
вина 1,053374 0,000228
виноватый 0,328468 0,000142
виновный 0,704919 0,000153
влюбить 0,752344 0,000489
влюбиться 0,963197 0,000208
вместе 0,208276 0,000090
внезапно 0,623249 0,000135
внезапность 1,690196 0,000366
внезапный 0,533849 0,000116
внутренно 1,322219 0,000286
вовсе 0,150284 0,000033
возвеличение 2,167317 0,000469
возвратить 0,845098 0,000183
возмущаться 1,866287 0,000404
вознаграждение 0,000000 0,000000
волнение 0,361137 0,000078
воображать 0,991226 0,000215
вообще 0,459747 0,000100
вопрос 0,146128 0,000127
воротиться 0,303994 0,000132
восемь 0,735954 0,000319
воскресить 1,213075 0,000263
воспитание 0,936868 0,000406
воспламеняться 1,690196 0,000366
впрочем 0,118099 0,000077
время 0,018098 0,000008
всегда 0,129891 0,000056
всеять 0,888564 0,000192
вскочить 0,451314 0,000195
вскричать 0,253503 0,000658
вспоминать 0,623249 0,000135
вспомнить 0,434924 0,000094
вспыхнуть 0,805589 0,000174
вставить 1,167317 0,000253
встать 0,269690 0,000058
встрепенуться 1,264227 0,000274
встретиться 0,704919 0,000153
входить 0,477121 0,000103
вчера 0,341243 0,000812
вы 0,232819 0,000151
выбрать 0,845098 0,000732
выговаривать 0,963197 0,000208
выдавать 1,021189 0,000442
выдумать 0,648803 0,000140
вызов 0,866287 0,000375
выйти 0,063514 0,000069
вылиться 2,167317 0,000469
вынуть 0,451314 0,000098
выплата 0,000000 0,000000
выражаться 0,752344 0,000163
выражение 0,514105 0,000111
выразиться 0,504560 0,000218
высказать 0,523865 0,000227
выслушать 0,426955 0,000277
высокий 0,213075 0,000046
высоко 0,991226 0,000215
высокомерие 1,565257 0,000339
высокомерно 1,866287 0,000404
высокомерный 1,125925 0,000487
выстрелить 1,322219 0,000572
вытерпеть 0,991226 0,000215
выходить 0,258832 0,000056
выходка 0,866287 0,000188
гаврил 1,213075 0,001050
гаврила 0,752344 0,000163
генеральский 1,213075 0,000263
главное 0,185046 0,000080
главный 0,426955 0,000185
глаз 0,056728 0,000037
глубоко 0,611015 0,000132
глупый 0,419129 0,000091
глядеть 0,243038 0,000053
глянуть 0,963197 0,000208
гнев 0,544068 0,000471
говорить 0,011981 0,000067
год 0,292256 0,000127
голова 0,114239 0,000049
голос 0,208276 0,000135
гораздо 0,443041 0,000192
гордо 1,053374 0,000228
гордость 0,587534 0,000127
горечь 1,565257 0,000339
город 0,248239 0,000054
господь 0,374926 0,000081
готический 2,167317 0,000469
готовиться 0,845098 0,000183
гроб 0,888564 0,000192
грозно 0,888564 0,000192
грубо 1,125925 0,000244
грустно 0,735954 0,000319
грязный 0,824895 0,000357
губа 0,411442 0,000178
губка 1,264227 0,000547
давать 0,253503 0,000055
давеча 0,232819 0,000101
давно 0,158717 0,000137
даже 0,005949 0,000022
далёкий 0,411442 0,000089
дать 0,171682 0,000074
два 0,198834 0,000043
двадцать 0,303994 0,000066
двенадцатый 0,690196 0,000149
девочка 0,787106 0,000170
девушка 0,533849 0,000116
действительно 0,106619 0,000115
делать 0,194189 0,000126
делаться 0,991226 0,000215
дело 0,011981 0,000023
день 0,118099 0,000128
деревня 0,963197 0,000208
держать 0,403889 0,000175
детский 0,752344 0,000163
дико 1,167317 0,000253
дикость 2,167317 0,000469
доверчивость 1,213075 0,000263
доводить 1,322219 0,000286
довольно 0,129891 0,000028
довольный 0,495219 0,000107
договаривать 1,264227 0,000274
доказательство 0,824895 0,000179
доказать 0,565257 0,000367
долго 0,222835 0,000145
должный 0,099131 0,000129
дом 0,154480 0,000401
домой 0,459747 0,000100
досада 0,675956 0,000293
достоевский 0,000000 0,000000
достояние 0,000000 0,000000
доходить 0,769377 0,000333
дочка 0,912045 0,000197
дразнить 0,845098 0,000183
дрожать 0,426955 0,000185
друг 0,180546 0,000039
другой 0,008955 0,000014
думать 0,060107 0,000286
дура 0,936868 0,000811
дурно 0,888564 0,000385
дурной 0,611015 0,000132
дух 0,486076 0,000105
душа 0,158717 0,000034
евгений 0,866287 0,000750
едва 0,554533 0,000120
ездить 0,690196 0,000149
если 0,011981 0,000044
есть 0,018098 0,000016
жаль 0,635838 0,000275
ждать 0,142011 0,000123
желать 0,232819 0,000050
жениться 0,554533 0,000120
женщина 0,213075 0,000369
жертва 0,769377 0,000333
жестокий 0,769377 0,000167
живой 0,675956 0,000146
жизнь 0,084532 0,000091
жить 0,217927 0,000142
забыться 1,021189 0,000221
завлечь 1,690196 0,000366
завтра 0,298086 0,000065
заговорить 0,334808 0,000072
загранице 1,866287 0,000404
задрожать 0,866287 0,000563
задуматься 0,787106 0,000511
задумчиво 0,912045 0,000592
зажечь 1,125925 0,000244
зажить 1,565257 0,000339
заклад 0,824895 0,000179
заклеймить 2,167317 0,000469
заключаться 0,635838 0,000138
заключить 0,347773 0,000075
закрыть 0,576253 0,000125
закупорить 1,866287 0,000808
замереть 1,021189 0,000221
заметить 0,056728 0,000086
замечать 0,554533 0,000480
замолчать 0,752344 0,000163
замуж 0,735954 0,001115
замучить 1,264227 0,000274
заниматься 0,963197 0,000208
заносчивый 1,690196 0,000732
заняться 1,468347 0,000636
запомнить 0,576253 0,000125
запретить 1,053374 0,000228
зародиться 1,389166 0,000301
заря 1,565257 0,000339
засверкать 0,720159 0,000156
заслужить 0,824895 0,000179
засмеяться 0,347773 0,000075
заснуть 0,769377 0,000333
заставлять 1,167317 0,000253
застать 0,648803 0,000140
застрелиться 1,053374 0,000684
застыдиться 1,389166 0,000301
засыпать 0,963197 0,000208
зато 0,468347 0,000101
захотеть 0,316059 0,000068
зачем 0,146128 0,000095
защищать 0,912045 0,000197
здесь 0,095435 0,000165
здоровый 0,769377 0,000167
земля 0,298086 0,000065
злоба 0,523865 0,000113
злодей 1,021189 0,000221
злорадство 1,565257 0,000339
знать 0,002964 0,000030
значит 0,243038 0,000053
иванович 0,269690 0,000175
играть 0,599116 0,000130
идиот 0,426955 0,000370
идти 0,180546 0,000078
издали 1,053374 0,000228
изменить 0,769377 0,000167
изменять 1,322219 0,000286
именно 0,066947 0,000029
иметь 0,118099 0,000102
иначе 0,367977 0,000080
иногда 0,208276 0,000406
иной 0,208276 0,000045
институт 1,690196 0,000366
ипполит 0,599116 0,000778
искать 0,411442 0,000089
исповедь 0,845098 0,000549
использоваться 0,000000 0,000000
исправиться 1,264227 0,000274
испуг 0,554533 0,000240
испуганный 0,752344 0,000163
испугаться 0,523865 0,000340
испытать 1,167317 0,000253
исступление 0,565257 0,000122
история 0,495219 0,000107
источник 1,565257 0,000339
кабинет 0,936868 0,000203
каждый 0,137934 0,000060
казаться 0,063514 0,000069
какой 0,005949 0,000019
камень 0,787106 0,000170
карман 0,396465 0,000086
книга 0,106619 0,000092
князь 0,443041 0,003836
когда 0,015029 0,000042
кока 2,167317 0,000469
коли 0,269690 0,000058
коля 0,565257 0,000122
комар 0,000000 0,000000
комментарий 2,167317 0,000469
комната 0,150284 0,000033
компания 0,611015 0,000132
конверт 1,088136 0,000236
конечно 0,060107 0,000026
котора 0,805589 0,000174
который 0,002964 0,000004
край 0,936868 0,000203
красавица 0,936868 0,000203
краснеть 0,866287 0,001313
кричать 0,303994 0,000066
кроме 0,158717 0,000103
кругом 0,419129 0,000091
кто 0,114239 0,000099
куда 0,248239 0,000054
лгать 0,599116 0,000130
лежать 0,243038 0,000053
либо 0,000000 0,000000
лизавета 0,623249 0,000405
литература 1,468347 0,000318
лицо 0,000000 0,000000
лишь 0,185046 0,000040
ловко 1,125925 0,000244
ложь 0,824895 0,000179
любить 0,066947 0,000290
любовный 1,322219 0,000859
любовь 0,334808 0,000362
любой 0,000000 0,000000
любопытство 0,361137 0,000156
маленькая 1,690196 0,000366
маленький 0,185046 0,000080
мало 0,208276 0,000090
мать 0,217927 0,000142
мгновение 0,316059 0,000068
между 0,129891 0,000028
мелькнуть 0,544068 0,000118
мерещиться 0,866287 0,000188
мерзкий 1,264227 0,000821
место 0,099131 0,000086
месяц 0,264227 0,000057
мечта 0,735954 0,000159
мечтать 0,752344 0,000163
мечтаться 1,389166 0,000301
минута 0,050046 0,000108
много 0,080958 0,000035
можно 0,088136 0,000019
мой 0,077412 0,000117
молчаливый 0,720159 0,000312
молчание 0,662167 0,000287
молчать 0,248239 0,000054
момент 0,000000 0,000000
мочь 0,000000 0,000000
мрак 0,787106 0,000511
мрачный 0,662167 0,000143
музыка 0,963197 0,001042
мука 0,735954 0,000159
мысль 0,114239 0,000099
наброситься 1,213075 0,000263
наверно 0,264227 0,000172
навсегда 0,735954 0,000159
надзор 1,322219 0,000286
надо 0,036984 0,000056
назад 0,000000 0,000000
название 1,088136 0,000236
наивность 1,125925 0,000244
найти 0,298086 0,000065
наклонить 1,389166 0,000301
наклониться 1,866287 0,000404
наконец 0,073896 0,000064
наотрез 1,866287 0,000404
наперёд 1,389166 0,000301
написать 0,000000 0,000000
наполеон 1,389166 0,000601
напоминать 1,264227 0,000547
напротив 0,180546 0,000039
нарочно 0,227798 0,000099
наслаждение 0,769377 0,000167
насмеяться 1,322219 0,000286
настояние 1,468347 0,000318
наука 0,787106 0,000170
нахмуривать 2,167317 0,000469
нахмуриться 0,769377 0,000333
находить 0,576253 0,000249
начало 0,243038 0,000210
начать 0,066947 0,000014
начинать 0,292256 0,000253
невероятный 1,322219 0,000286
невинный 0,576253 0,000249
неглавный 2,167317 0,000469
негодовать 1,468347 0,000318
неделя 0,374926 0,000081
неестественно 1,213075 0,000525
неестественный 1,264227 0,000274
нежность 1,213075 0,000263
незаслуженный 2,167317 0,000469
нелепо 1,167317 0,000253
немного 0,426955 0,000185
ненависть 0,623249 0,000135
необыкновенный 0,396465 0,000343
неправда 0,752344 0,000489
непременно 0,133894 0,000145
несколько 0,095435 0,000021
несправедливый 0,888564 0,000962
несчастный 0,374926 0,000162
нетвёрдый 2,167317 0,000469
неужели 0,389166 0,000421
неужто 0,599116 0,000130
нехорошо 0,963197 0,000208
нечего 0,381987 0,000083
нибыть 0,030597 0,000026
нижний 0,963197 0,000208
низкий 0,611015 0,000265
никак 0,396465 0,000172
никакой 0,213075 0,000092
никогда 0,088136 0,000076
николаевич 0,704919 0,000458
никто 0,095435 0,000062
никуда 0,936868 0,000406
ничего 0,030597 0,000053
ничто 0,576253 0,000125
новый 0,167317 0,000109
ночь 0,189594 0,000123
нужно 0,514105 0,000223
оба 0,316059 0,000068
обвенчаться 1,389166 0,000301
обвинять 0,888564 0,000962
обдумать 0,936868 0,000203
обернуться 0,576253 0,000125
обидеть 0,720159 0,000156
обман 1,021189 0,000442
обморок 0,912045 0,000197
обольщать 1,866287 0,000404
обрадоваться 0,611015 0,000132
обратиться 0,316059 0,000068
обступить 1,322219 0,000286
общественный 0,000000 0,000000
общество 0,468347 0,000101
объявить 0,389166 0,000168
объяснить 0,374926 0,000081
объясниться 0,824895 0,000179
обыкновенно 0,720159 0,000312
обыкновенный 0,565257 0,000122
обязать 0,936868 0,000203
огарок 1,866287 0,000404
оглядывать 0,991226 0,000215
один 0,000000 0,000000
одолжение 0,936868 0,000203
оживляться 1,167317 0,000253
означать 1,021189 0,000221
оказаться 0,275223 0,000060
он 0,000000 0,000000
они 0,275223 0,000119
опомниться 0,888564 0,000577
опубликовать 0,000000 0,000000
опять 0,027438 0,000077
ослабнуть 2,167317 0,000469
осмелиться 0,769377 0,000167
осмотреть 1,053374 0,000228
особенно 0,129891 0,000084
оставить 0,203530 0,000044
оставлять 0,533849 0,000116
остановить 0,565257 0,000122
остаться 0,133894 0,000029
отвернуться 0,912045 0,000197
ответить 0,121994 0,000106
отдать 0,381987 0,000083
отец 0,091770 0,000079
отказать 0,735954 0,000159
откровенно 0,824895 0,000179
отмщение 1,322219 0,000286
отравиться 1,690196 0,000366
отрезать 0,599116 0,000519
отстать 1,088136 0,000236
оттуда 0,888564 0,000192
отчасти 0,611015 0,000132
оформление 0,000000 0,000000
очень 0,024303 0,000184
очнуться 0,752344 0,000163
павлович 0,286504 0,000124
павлыкать 1,389166 0,000601
палец 0,486076 0,000210
папаша 0,912045 0,000197
париж 0,991226 0,000215
пасть 0,866287 0,000188
первый 0,018098 0,000008
перебивать 1,322219 0,001145
перебить 0,486076 0,000105
перед 0,554533 0,000120
переждать 1,213075 0,000263
перейти 0,000000 0,000000
перемена 0,824895 0,000179
переносить 0,936868 0,000203
переспросить 1,053374 0,000228
петербург 0,434924 0,000094
писать 0,419129 0,000635
пистолет 0,805589 0,000349
письмо 0,434924 0,001789
плакать 0,328468 0,000142
платье 0,635838 0,000138
плач 1,053374 0,000228
плечо 0,403889 0,000087
побежать 0,468347 0,000101
побледнеть 0,544068 0,000236
поведение 1,125925 0,000244
повторить 0,544068 0,000118
погибнуть 0,888564 0,000385
поглядеть 0,396465 0,000172
подборка 0,000000 0,000000
подле 0,419129 0,000181
подняться 0,443041 0,000096
подозревать 0,504560 0,000218
подробность 0,477121 0,000103
подсвечник 1,690196 0,000366
подтверждение 1,213075 0,000263
подумать 0,185046 0,000080
пожаловать 0,704919 0,000153
пожаловаться 1,565257 0,000339
пожалуй 0,237898 0,000103
пожалуйста 0,662167 0,000287
пожертвовать 0,963197 0,000417
позвать 0,704919 0,000610
позор 0,720159 0,000468
позорить 1,565257 0,000339
позорный 0,991226 0,000215
пойти 0,080958 0,000053
пока 0,213075 0,000046
показать 0,292256 0,000127
показывать 0,514105 0,000111
покраснеть 0,504560 0,000218
полгода 0,963197 0,000208
полный 0,253503 0,000055
половина 0,396465 0,000172
положение 0,459747 0,000100
положить 0,403889 0,000087
получать 0,752344 0,000163
полчаса 0,752344 0,000163
поль 2,167317 0,000469
польза 0,675956 0,000439
полюбить 0,635838 0,000138
помещик 0,805589 0,000174
поминутно 0,635838 0,000413
помнить 0,167317 0,000072
помолчать 0,648803 0,000140
помочь 0,587534 0,000127
помощь 0,888564 0,000192
понимать 0,095435 0,000165
понять 0,106619 0,000162
попросить 0,426955 0,000092
поразить 0,243038 0,000053
порочный 1,565257 0,000339
посадить 0,752344 0,000163
посетитель 0,991226 0,000429
после 0,084532 0,000091
последний 0,066947 0,000029
посмертно 0,000000 0,000000
посмотреть 0,213075 0,000092
посоветовать 1,053374 0,000228
посторонний 0,787106 0,000170
потом 0,084532 0,000238
потому 0,024303 0,000110
потупиться 1,088136 0,000236
похвалить 0,991226 0,000644
похоже 0,845098 0,000183
похожий 0,611015 0,000265
почему 0,099131 0,000064
почитать 0,866287 0,000188
почти 0,024303 0,000032
почтительный 0,963197 0,000208
правда 0,088136 0,000229
правдивый 1,167317 0,000505
право 0,176091 0,000038
пред 0,030597 0,000066
предложение 0,769377 0,000666
предложить 0,623249 0,000135
представить 0,286504 0,000062
предупредить 0,769377 0,000167
предупреждать 1,125925 0,000244
предчувствовать 0,504560 0,000109
презрительный 0,963197 0,000208
прибавить 0,162996 0,000212
придумать 0,991226 0,000215
приезд 0,805589 0,000174
приехать 0,309985 0,000335
прижизненный 0,000000 0,000000
признать 0,735954 0,000159
прийти 0,095435 0,000041
принести 0,389166 0,000337
приносить 0,936868 0,000608
принудить 0,805589 0,000174
принять 0,180546 0,000078
приписать 1,389166 0,000301
прискакать 1,264227 0,000274
прислать 0,403889 0,000262
присниться 1,264227 0,000547
пристально 0,389166 0,000168
приткнуться 2,167317 0,000469
притом 0,769377 0,000167
приятно 0,805589 0,000174
пробовать 1,088136 0,000236
проболтаться 1,690196 0,000366
пробормотать 0,316059 0,000137
провести 0,888564 0,000192
проговорить 0,110412 0,000167
программирование 0,000000 0,000000
продолжать 0,125925 0,000109
продолжаться 0,704919 0,000153
произведение 0,000000 0,000000
происходить 0,523865 0,000227
пройти 0,000000 0,000000
проколоть 1,866287 0,000404
прокофиевич 0,704919 0,000458
проповедь 1,565257 0,000339
просить 0,150284 0,000098
простить 0,286504 0,000124
просто 0,232819 0,000050
простодушно 1,322219 0,000286
простой 0,576253 0,000125
прочесть 0,443041 0,000575
прочитать 0,912045 0,000197
прочить 0,648803 0,000140
прошлый 0,735954 0,000159
прыснуть 1,690196 0,000366
прямо 0,118099 0,000179
публикация 0,000000 0,000000
пугливо 1,866287 0,000404
равно 0,303994 0,000132
рада 0,735954 0,000319
радость 0,411442 0,000089
разбивать 1,690196 0,000366
разбить 0,936868 0,000203
разве 0,146128 0,000063
развить 1,565257 0,000339
развратник 1,690196 0,000366
разговор 0,264227 0,000172
раздаться 0,635838 0,000138
раздражительный 0,587534 0,000127
разогнать 1,565257 0,000678
разрешение 0,000000 0,000000
ранний 0,504560 0,000109
раскаяние 0,769377 0,000167
рассердиться 0,523865 0,000113
рассказ 0,477121 0,000103
рассказать 0,280827 0,000182
рассмеяться 0,599116 0,000130
расспросить 1,322219 0,000286
рассчитать 1,264227 0,000274
рассчитывать 0,675956 0,000146
ребёнок 0,232819 0,000252
ревность 0,888564 0,000385
редко 0,690196 0,000149
решительно 0,341243 0,000074
решить 0,232819 0,000050
рим 1,690196 0,000366
рогожин 0,936868 0,000406
рогожина 0,648803 0,000562
родитель 0,599116 0,000130
роман 0,866287 0,000188
рука 0,030597 0,000040
руководить 1,264227 0,000274
русский 0,411442 0,000089
рыцарь 1,053374 0,000228
садиться 0,486076 0,000105
сайт 0,000000 0,000000
сам 0,002964 0,000013
самый 0,018098 0,000043
сбиваться 1,088136 0,000236
сбить 0,866287 0,000188
сверкать 0,611015 0,000265
свести 1,053374 0,000228
свет 0,176091 0,000114
свечка 0,866287 0,001125
свидание 0,514105 0,000223
свободно 0,000000 0,000000
свой 0,000000 0,000000
сделать 0,102859 0,000134
себя 0,000000 0,000000
сегодня 0,194189 0,000168
сейчас 0,070407 0,000076
село 0,888564 0,000192
семь 0,623249 0,000135
семьдесят 0,000000 0,000000
сердить 1,690196 0,000366
сердиться 0,443041 0,000288
сердце 0,095435 0,000186
серьёзно 0,419129 0,000091
сестра 0,477121 0,000310
сеть 1,565257 0,000339
сжечь 1,565257 0,000678
сидеть 0,125925 0,000136
сказать 0,011981 0,000060
скамейка 1,088136 0,000707
склонить 1,264227 0,000274
склонный 1,866287 0,000404
склонять 1,690196 0,000366
сконфузиться 0,824895 0,000179
скоро 0,298086 0,000065
скороговорка 1,264227 0,000274
скрывать 0,635838 0,000138
слишком 0,133894 0,000087
слово 0,027438 0,000065
случай 0,146128 0,000127
слушайте 0,912045 0,000395
слушать 0,203530 0,000044
слышать 0,125925 0,000082
слышный 0,845098 0,000183
смела 2,167317 0,000469
сметь 0,389166 0,000168
смех 0,443041 0,000192
смеяться 0,171682 0,000297
смирительный 1,866287 0,000404
смотреть 0,077412 0,000134
смутить 0,963197 0,000208
сниться 0,991226 0,000215
собеседник 1,468347 0,000318
собираться 0,635838 0,000138
собор 1,389166 0,000301
собрание 1,088136 0,000236
совершенно 0,180546 0,000078
совершенный 0,451314 0,000098
совестно 1,167317 0,000253
совесть 0,544068 0,000118
совсем 0,021189 0,000073
согласие 0,000000 0,000000
согласиться 0,396465 0,000086
содрогание 1,322219 0,000286
сознание 0,787106 0,000341
солгать 0,824895 0,000179
сомнение 0,426955 0,000092
сообщить 0,434924 0,000094
составить 0,912045 0,000197
сострадание 0,787106 0,000170
социальный 1,389166 0,000301
сочинение 1,468347 0,000318
спасть 0,554533 0,000600
спать 0,495219 0,000322
спичка 1,866287 0,000404
спокойствие 0,888564 0,000192
спорить 0,752344 0,000163
способствовать 0,912045 0,000197
спрашивать 0,232819 0,000101
спросить 0,114239 0,000074
спустя 0,533849 0,000116
сразу 0,991226 0,000215
ссориться 1,125925 0,000487
ставить 0,991226 0,000215
становиться 0,389166 0,000084
стараться 0,648803 0,000281
стать 0,002964 0,000008
сторона 0,110412 0,000143
стоять 0,150284 0,000033
страдание 0,554533 0,000120
страдать 0,623249 0,000135
странно 0,354404 0,000230
странный 0,227798 0,000049
стрелять 1,322219 0,000286
строчка 1,125925 0,000244
стукать 1,866287 0,000404
стыдливость 1,468347 0,000318
стыдно 0,504560 0,000109
судить 0,523865 0,000227
сумасшедший 0,554533 0,000120
сумасшествие 1,021189 0,000221
суметь 0,648803 0,000140
суровый 1,264227 0,000274
существо 0,477121 0,000103
счастие 0,451314 0,000195
счастливый 0,451314 0,000293
считать 0,275223 0,000417
сюда 0,232819 0,000403
также 0,000000 0,000000
таки 0,066947 0,000029
такой 0,002964 0,000012
тварь 0,866287 0,000188
текст 0,000000 0,000000
тело 0,720159 0,000156
теперь 0,015029 0,000026
тихо 0,354404 0,000153
тогда 0,050046 0,000087
тогдашний 0,635838 0,000275
тоже 0,043466 0,000075
только 0,002964 0,000013
том 1,565257 0,000339
тон 0,648803 0,000281
торопить 1,565257 0,000339
торопиться 0,662167 0,000287
тот 0,002964 0,000007
тотчас 0,046743 0,000040
точка 0,623249 0,000135
точно 0,121994 0,000132
требовать 0,565257 0,000122
тревога 0,648803 0,000281
третий 0,154480 0,000100
три 0,303994 0,000066
тридцать 0,599116 0,000130
тринадцатилетний 1,468347 0,000318
тронуть 1,088136 0,000236
трудно 0,459747 0,000100
трусить 1,264227 0,000274
туман 1,468347 0,000318
тяжёлый 0,662167 0,000287
убедительный 1,690196 0,000366
убедить 0,888564 0,000385
убежать 0,565257 0,000122
убеждённый 0,635838 0,000138
убить 0,275223 0,000060
уважать 0,523865 0,000227
уважение 0,648803 0,000140
уверенность 1,021189 0,000221
уверенный 0,611015 0,000132
уверить 0,599116 0,000389
увидеться 1,213075 0,000263
угадать 0,599116 0,000259
угадывать 1,167317 0,000253
удивительно 0,866287 0,000188
удивить 0,769377 0,000167
удивиться 0,523865 0,000227
удивление 0,292256 0,000253
удивлять 1,053374 0,000228
удивляться 0,544068 0,000118
удовлетворить 1,021189 0,000221
удовольствие 0,486076 0,000105
уехать 0,459747 0,000100
ужас 0,468347 0,000203
ужасно 0,167317 0,000290
ужасный 0,322219 0,000209
узнавать 0,704919 0,000153
узнать 0,106619 0,000092
уйти 0,248239 0,000161
уколоть 1,468347 0,000318
укорять 1,021189 0,000221
улыбаться 0,544068 0,000118
улыбнуться 0,426955 0,000092
ум 0,720159 0,000468
умереть 0,269690 0,000117
умерший 0,000000 0,000000
умирять 2,167317 0,000469
умно 1,264227 0,000547
умный 0,403889 0,000437
умолять 0,805589 0,000349
упасть 0,495219 0,000214
упомянуть 0,704919 0,000153
упорно 0,866287 0,000188
употребить 1,088136 0,000471
упрашивать 1,264227 0,000274
усилие 0,845098 0,000183
услышать 0,381987 0,000165
усмехаться 0,805589 0,000174
успеть 0,203530 0,000044
успокоивать 1,866287 0,000404
уставиться 1,053374 0,000228
утром 0,411442 0,000089
уходить 0,328468 0,000071
учиться 0,912045 0,000592
учёный 0,752344 0,000326
фантазия 0,824895 0,000179
фельдмаршал 2,167317 0,000469
фёдор 0,434924 0,000188
ходить 0,213075 0,000277
хороший 0,077412 0,000050
хорошо 0,189594 0,000246
хотеть 0,033778 0,000322
хотеться 0,292256 0,000316
хоть 0,060107 0,000130
хотя 0,050046 0,000011
храбро 1,866287 0,000404
целый 0,217927 0,000283
цель 0,361137 0,000078
час 0,185046 0,000240
часто 0,292256 0,000190
часть 0,002964 0,000001
чей 0,000000 0,000000
человек 0,011981 0,000021
честной 0,587534 0,000254
честный 0,735954 0,000159
четырнадцать 1,468347 0,000318
число 0,704919 0,000153
чистый 0,434924 0,000094
читаемый 2,167317 0,000469
читать 0,403889 0,000262
чрезвычайно 0,217927 0,000047
что 0,030597 0,000046
чтоб 0,073896 0,000080
чтобы 0,030597 0,000159
чувство 0,158717 0,000034
чувствовать 0,264227 0,000172
чуть 0,176091 0,000152
школа 1,053374 0,000228
шутить 0,845098 0,000183
шутка 0,675956 0,000146
шёпотом 0,675956 0,000146
щекотливый 1,322219 0,000286
эксцентрический 1,264227 0,000274
этакий 0,533849 0,000116
это 0,002964 0,000010
этот 0,002964 0,000005
я 0,024303 0,000242
ярость 1,053374 0,000228
ясно 0,354404 0,000077
