автор 0,000000 0,000000
авторский 0,000000 0,000000
адвокат 1,021189 0,000862
алексей 0,000000 0,000000
алеш 0,328468 0,003234
алешенек 1,690196 0,000951
арест 1,167317 0,000657
арестант 1,389166 0,000391
арестовать 1,264227 0,000356
бальзамчик 2,167317 0,000610
барыня 0,704919 0,000595
бегать 0,912045 0,000257
бедно 1,389166 0,000391
бедность 0,963197 0,000271
бедный 0,328468 0,000185
бездомный 1,866287 0,000525
бесповоротный 2,167317 0,000610
беспокойный 0,824895 0,000232
беспрерывно 0,623249 0,000175
бесстыжий 1,389166 0,000782
библиотека 1,866287 0,001575
благодарный 0,752344 0,000212
благодетель 0,866287 0,000244
благодеяние 1,389166 0,000782
благой 1,322219 0,000372
близкий 0,477121 0,000134
богадельный 2,167317 0,000610
более 0,000000 0,000000
болезнь 0,434924 0,000367
больной 0,258832 0,000510
больший 0,248239 0,000070
большой 0,056728 0,000080
бомбардировать 2,167317 0,000610
бояться 0,158717 0,000045
брат 0,060107 0,000203
брать 0,486076 0,000137
бреда 0,866287 0,000244
бровь 1,053374 0,000296
бросить 0,269690 0,000303
будто 0,099131 0,000028
бумага 0,735954 0,000207
бумажный 1,565257 0,000440
бывать 0,280827 0,000079
бывший 0,389166 0,000109
быстро 0,232819 0,000131
быстрый 0,824895 0,000232
быть 0,000000 0,000000
важность 0,991226 0,000279
важный 0,341243 0,000096
васильич 1,565257 0,000440
ваш 0,121994 0,000069
вдруг 0,005949 0,000027
ведь 0,043466 0,000220
велеть 0,576253 0,000810
вели 1,468347 0,000413
великий 0,341243 0,000096
верить 0,180546 0,000203
вертикальный 2,167317 0,000610
веселие 1,213075 0,000341
весь 0,002964 0,000008
весёлость 0,991226 0,000279
весёлый 0,389166 0,000766
ветреность 1,690196 0,000475
вечер 0,322219 0,000091
взаймы 1,167317 0,000328
взгляд 0,185046 0,000208
вздумать 0,720159 0,000608
взмолиться 2,167317 0,000610
взять 0,077412 0,000044
вид 0,150284 0,000042
видеть 0,027438 0,000031
видимо 0,328468 0,000185
визит 0,845098 0,000238
вина 1,053374 0,000296
виноватый 0,328468 0,000277
висок 1,167317 0,000328
витиеватый 2,167317 0,001829
влюбить 0,752344 0,000423
вовсе 0,150284 0,000296
возиться 1,213075 0,000341
вознаграждение 0,000000 0,000000
волнение 0,361137 0,000102
волос 0,690196 0,000194
вообще 0,459747 0,000129
воротиться 0,303994 0,000171
воскликнуть 0,269690 0,000152
впереди 0,912045 0,000513
вперёд 0,426955 0,000240
впоследствии 0,662167 0,000186
впрочем 0,118099 0,000066
вредный 1,167317 0,000328
время 0,018098 0,000010
врублевский 1,565257 0,000440
всегда 0,129891 0,000073
вскинуться 0,866287 0,000487
вскочить 0,451314 0,000254
вставать 0,576253 0,000162
вставить 1,167317 0,000328
встать 0,269690 0,000076
встретить 0,459747 0,000129
встречать 0,735954 0,000207
вступить 0,675956 0,000190
всякий 0,106619 0,000060
второе 1,125925 0,000633
втроём 1,866287 0,001050
входить 0,477121 0,000134
вчера 0,341243 0,000192
вчерашний 0,599116 0,000169
выведать 1,866287 0,000525
вывести 0,611015 0,000172
выздороветь 1,053374 0,000296
выздоровление 1,690196 0,000475
выиграть 1,088136 0,000306
выйти 0,063514 0,000036
выписать 1,264227 0,002134
выплата 0,000000 0,000000
выпытывать 1,866287 0,000525
высказаться 0,936868 0,000264
выслушать 0,426955 0,000120
выходить 0,258832 0,000146
газета 0,866287 0,000244
галдеть 1,690196 0,000475
гитара 1,468347 0,000413
главное 0,185046 0,000052
глаз 0,056728 0,000160
глазок 0,805589 0,000227
глубокий 0,477121 0,000134
глупость 0,576253 0,000162
глупый 0,419129 0,000236
говорить 0,011981 0,000084
голова 0,114239 0,000032
голос 0,208276 0,000059
голосок 1,053374 0,000296
голубчик 0,565257 0,000318
гора 0,805589 0,000680
гордый 0,576253 0,000162
горесть 1,264227 0,000356
горничный 1,690196 0,000475
город 0,248239 0,000140
горько 0,690196 0,000388
горячий 0,523865 0,000147
господин 0,208276 0,000059
господь 0,374926 0,000211
григорий 0,648803 0,000365
грозный 1,125925 0,000317
гром 0,912045 0,000257
грушенек 0,787106 0,007749
грушенька 0,544068 0,000765
грушенький 1,088136 0,000612
губа 0,411442 0,000116
давно 0,158717 0,000134
даже 0,005949 0,000020
далёкий 0,411442 0,000116
дать 0,171682 0,000193
два 0,198834 0,000056
двадцать 0,303994 0,000086
дверь 0,258832 0,000073
двести 0,912045 0,000257
движение 0,648803 0,000183
двор 0,523865 0,000147
девушка 0,533849 0,000150
девчонка 1,565257 0,000440
действительно 0,106619 0,000120
дело 0,011981 0,000024
день 0,118099 0,000233
деньга 0,185046 0,000104
дескать 0,419129 0,000589
десятка 1,468347 0,000413
десять 0,298086 0,000168
деться 1,565257 0,000440
диван 0,648803 0,000730
дивиться 0,787106 0,000443
дитя 0,888564 0,000250
дитятя 2,167317 0,000610
длинный 0,495219 0,000279
доверять 1,088136 0,000306
договорить 0,888564 0,000250
дождь 1,565257 0,000440
дойти 0,389166 0,000109
доктор 0,554533 0,000624
долго 0,222835 0,000063
дом 0,154480 0,000087
достоевский 0,000000 0,000000
достояние 0,000000 0,000000
дрова 1,565257 0,000440
другой 0,008955 0,000010
думать 0,060107 0,000237
дура 0,936868 0,000264
дурак 0,611015 0,000516
дурачок 1,322219 0,000372
духовный 0,991226 0,000279
душа 0,158717 0,000045
если 0,011981 0,000010
есть 0,018098 0,000015
ехидный 2,167317 0,000610
жалко 0,912045 0,000770
ждать 0,142011 0,000080
жена 0,486076 0,000137
жених 0,824895 0,000232
женщина 0,213075 0,000060
жестокий 0,769377 0,000216
жестоко 1,088136 0,000306
жить 0,217927 0,000061
журнал 1,322219 0,000372
забежать 1,167317 0,000328
заболеть 1,053374 0,000296
забота 0,824895 0,000464
забыть 0,125925 0,000035
завтра 0,298086 0,000419
завтрашний 1,021189 0,000287
заглохнуть 1,866287 0,000525
заговорить 0,334808 0,000188
задача 0,866287 0,000244
задолжать 1,866287 0,000525
задрожать 0,866287 0,000244
задумчиво 0,912045 0,000257
задумчивость 0,912045 0,000513
зайти 0,554533 0,000156
заказать 1,088136 0,000306
заключение 0,787106 0,000221
заключить 0,347773 0,000196
закрыть 0,576253 0,000162
залпом 1,690196 0,000475
заметить 0,056728 0,000032
замыслить 1,565257 0,000440
заносчивый 1,690196 0,000475
запереть 0,735954 0,000207
запечатать 1,213075 0,000341
заплакать 0,599116 0,000337
зарумяниться 2,167317 0,000610
засиять 1,468347 0,000413
заступиться 1,468347 0,000413
затем 0,237898 0,000134
захаживать 2,167317 0,000610
заходить 0,611015 0,000172
зачем 0,146128 0,000123
заявить 0,675956 0,000190
звать 0,419129 0,000236
здороваться 1,389166 0,000391
здоровье 0,704919 0,000397
зловещий 1,468347 0,000413
злой 0,587534 0,000165
злость 0,936868 0,000527
знаменитый 0,936868 0,000264
знать 0,002964 0,000011
значит 0,243038 0,000273
иван 0,232819 0,000655
иванович 0,269690 0,000531
игра 0,787106 0,000221
идти 0,180546 0,000051
известие 0,554533 0,000156
измениться 0,735954 0,000207
изредка 0,888564 0,000250
илюша 1,213075 0,000341
иногда 0,208276 0,000117
иной 0,208276 0,000059
исказиться 1,389166 0,000391
использоваться 0,000000 0,000000
испуганный 0,752344 0,000212
источник 1,565257 0,000440
исчезнуть 0,623249 0,000175
каждый 0,137934 0,000194
казаться 0,063514 0,000018
какой 0,005949 0,000018
калган 1,053374 0,000296
карамазов 0,180546 0,000203
карта 1,053374 0,000593
катерина 0,587534 0,001157
катька 1,565257 0,003082
квартира 0,623249 0,000175
кинуть 1,389166 0,000391
кипеть 1,053374 0,000296
кликнуть 1,088136 0,000612
книга 0,106619 0,000090
когда 0,015029 0,000034
кожаный 1,213075 0,000341
коли 0,269690 0,000303
колпак 1,690196 0,000475
коль 0,720159 0,000203
комар 0,000000 0,000000
комната 0,150284 0,000042
конец 0,213075 0,000180
кормить 1,125925 0,000633
короткий 0,936868 0,000264
который 0,002964 0,000008
кофей 1,565257 0,000881
кресло 0,599116 0,000169
крикнуть 0,292256 0,000164
кроме 0,158717 0,000045
кроткий 0,912045 0,000257
кто 0,114239 0,000064
куда 0,248239 0,000070
кузьма 1,322219 0,000372
купец 0,720159 0,000203
купчиха 1,322219 0,000372
кухарка 1,213075 0,000341
кушанье 1,322219 0,000372
лавка 0,787106 0,000221
лакей 0,704919 0,000991
лгать 0,599116 0,000169
лежать 0,243038 0,000273
либо 0,000000 0,000000
лист 1,053374 0,000296
литература 1,468347 0,000413
лихорадка 0,845098 0,000238
лицо 0,000000 0,000000
ломить 1,866287 0,000525
любить 0,066947 0,000188
любой 0,000000 0,000000
максим 1,125925 0,001267
максимушка 2,167317 0,003048
мало 0,208276 0,000117
мать 0,217927 0,000061
медленно 0,805589 0,000227
между 0,129891 0,000037
место 0,099131 0,000056
месяц 0,264227 0,000297
милый 0,322219 0,000091
минута 0,050046 0,000014
минутка 0,635838 0,000358
митино 2,167317 0,000610
митька 1,322219 0,000372
митя 0,451314 0,002920
мнение 0,374926 0,000105
много 0,080958 0,000046
мокрый 0,675956 0,000380
молодой 0,222835 0,000063
молча 0,367977 0,000104
молчать 0,248239 0,000140
момент 0,000000 0,000000
морозов 1,322219 0,000744
морщинка 1,565257 0,000440
москва 0,468347 0,000395
мотать 1,866287 0,000525
мочь 0,000000 0,000000
мошенник 1,264227 0,000356
муссялович 1,690196 0,000951
мучить 0,419129 0,000236
мучиться 0,623249 0,000175
наведываться 1,866287 0,000525
наверно 0,264227 0,000074
наверх 0,888564 0,000250
навстречу 1,125925 0,000317
надо 0,036984 0,000010
назад 0,000000 0,000000
название 1,088136 0,000306
найти 0,298086 0,000168
наконец 0,073896 0,000083
написать 0,000000 0,000000
направиться 0,787106 0,000221
например 0,298086 0,000084
нарочно 0,227798 0,000513
настоятельный 1,690196 0,000475
наука 0,787106 0,000221
начало 0,243038 0,000273
начать 0,066947 0,000075
начаться 0,514105 0,000145
начинать 0,292256 0,000082
начинаться 0,805589 0,000227
небольшой 0,675956 0,000190
небось 0,912045 0,000257
невеста 0,720159 0,000405
неделя 0,374926 0,001266
недовольный 0,888564 0,000250
независимость 1,389166 0,000391
неизменный 1,389166 0,000391
некоторый 0,154480 0,000130
некуда 1,389166 0,000391
неминуемый 1,322219 0,000372
ненадолго 1,690196 0,000475
необходимый 0,599116 0,000169
неотлучно 1,690196 0,000475
непременно 0,133894 0,000038
несмотря 0,275223 0,000232
несчастие 0,690196 0,000194
нетерпение 0,554533 0,000156
неужто 0,599116 0,000169
нехотя 1,389166 0,000391
нибыть 0,030597 0,000017
никакой 0,213075 0,000060
никто 0,095435 0,000134
ничего 0,030597 0,000043
ничегошеньки 1,866287 0,000525
ничтожный 0,805589 0,000227
нищета 1,213075 0,000341
ножка 0,912045 0,000257
нотка 1,167317 0,000328
ночевать 0,936868 0,000264
нужно 0,514105 0,000145
нужный 0,477121 0,000403
оба 0,316059 0,000089
обвинить 1,167317 0,000328
обещать 0,704919 0,000198
обещаться 1,021189 0,000287
обидеться 0,845098 0,000238
обидно 1,053374 0,000889
обратиться 0,316059 0,000089
общественный 0,000000 0,000000
объявить 0,389166 0,000109
обыкновение 0,888564 0,000250
обязательство 2,167317 0,000610
огласка 1,389166 0,000391
огонёк 1,468347 0,000413
один 0,000000 0,000000
одиннадцатый 0,912045 0,000513
однако 0,102859 0,000116
ожидать 0,264227 0,000074
озаботить 0,888564 0,000250
озабоченно 1,088136 0,000306
оказаться 0,275223 0,000077
он 0,000000 0,000000
оправиться 1,565257 0,000440
опрашивать 1,690196 0,000475
определённый 1,322219 0,000372
опросить 1,565257 0,000881
опубликовать 0,000000 0,000000
опять 0,027438 0,000054
оробеть 1,565257 0,000440
осечься 1,389166 0,000391
ослабеть 1,088136 0,000306
осмыслить 1,021189 0,000287
особенно 0,129891 0,000037
особливый 1,264227 0,000356
оставаться 0,280827 0,000079
оставить 0,203530 0,000115
оставлять 0,533849 0,000150
остаться 0,133894 0,000151
острог 1,322219 0,000372
осудить 0,866287 0,000244
ответ 0,322219 0,000091
ответить 0,121994 0,000034
отдать 0,381987 0,000107
откровенный 0,866287 0,000244
открывать 0,963197 0,000271
отнимать 1,213075 0,000341
отнюдь 0,824895 0,000232
отпереть 0,805589 0,000227
отрезать 0,599116 0,000169
отходить 0,824895 0,000464
оформление 0,000000 0,000000
очень 0,024303 0,000048
падучий 0,936868 0,000264
палец 0,486076 0,000137
память 0,599116 0,000169
пан 1,468347 0,002478
папироса 1,866287 0,000525
первый 0,018098 0,000036
переворот 1,213075 0,000341
передёрнуть 1,322219 0,000372
перейти 0,000000 0,000000
перекрестить 1,167317 0,000328
перемена 0,824895 0,000696
песня 1,021189 0,000287
петербург 0,434924 0,000122
петь 0,936868 0,000264
печать 1,264227 0,000356
пирог 1,690196 0,002377
пирожковый 2,167317 0,001219
пирожок 1,690196 0,000475
письмо 0,434924 0,001468
плакать 0,328468 0,000277
пламенеть 1,690196 0,000475
платок 0,675956 0,000380
плохо 0,912045 0,000257
площадь 0,888564 0,000250
побуждение 1,468347 0,000413
повадиться 1,322219 0,000372
повелеть 1,389166 0,000391
поверить 0,347773 0,000098
погубить 0,936868 0,000264
подарить 0,912045 0,000257
подборка 0,000000 0,000000
поди 1,125925 0,000317
подлый 0,675956 0,000190
подписаться 1,389166 0,000782
подробный 0,888564 0,000250
подсаживаться 2,167317 0,000610
подумать 0,185046 0,000104
подхватить 0,403889 0,000114
пожалуй 0,237898 0,000134
пожать 0,912045 0,000257
пожелтелый 2,167317 0,000610
позабыть 0,845098 0,000238
позволительно 1,690196 0,000475
пойти 0,080958 0,000068
пока 0,213075 0,000060
показание 0,752344 0,000423
показать 0,292256 0,000082
покушать 1,866287 0,000525
полно 1,053374 0,000296
половина 0,396465 0,000112
полулежать 1,690196 0,000475
получение 1,213075 0,000341
получить 0,309985 0,000349
полчаса 0,752344 0,000423
поляк 1,322219 0,002232
помешанный 0,769377 0,000649
помешательство 1,167317 0,000328
помин 1,690196 0,000475
поминать 1,088136 0,000306
помнить 0,167317 0,000047
понемножку 2,167317 0,000610
понести 1,213075 0,000341
понимать 0,095435 0,000081
понять 0,106619 0,000090
попрекнуть 1,389166 0,000391
поразить 0,243038 0,000137
порассказать 1,866287 0,000525
порешить 0,991226 0,000279
поручение 0,936868 0,000264
посетитель 0,991226 0,000558
посетить 0,866287 0,000244
посещать 0,845098 0,000238
послать 0,309985 0,000349
после 0,084532 0,000071
последовать 0,824895 0,000464
посмертно 0,000000 0,000000
посмотреть 0,213075 0,000060
поссориться 0,936868 0,000791
постель 0,662167 0,000559
постепенно 1,088136 0,000306
постичь 1,167317 0,000328
постлать 1,468347 0,000413
постоять 0,690196 0,000388
посылать 0,787106 0,000886
потаённо 1,866287 0,000525
потерянно 1,565257 0,000440
потерять 0,611015 0,000172
потом 0,084532 0,000071
потому 0,024303 0,000048
потревожить 1,690196 0,000475
потупить 1,213075 0,000341
похоже 0,845098 0,000238
похуделый 1,565257 0,000440
поцеловать 0,587534 0,000165
почему 0,099131 0,000028
почти 0,024303 0,000062
почтовый 1,389166 0,000391
почувствовать 0,426955 0,000120
появиться 0,662167 0,000186
правда 0,088136 0,000099
право 0,176091 0,000050
правый 0,495219 0,000139
пред 0,030597 0,000009
предмет 0,611015 0,000172
представить 0,286504 0,000161
предстоять 0,963197 0,000271
предупреждать 1,125925 0,000633
прежде 0,077412 0,000109
прежний 0,198834 0,000503
преступление 0,623249 0,000175
прибавить 0,162996 0,000092
привлекательный 1,690196 0,000475
привыкнуть 1,088136 0,000306
привязаться 1,125925 0,000633
приготовить 0,675956 0,000190
придавать 1,213075 0,000341
придумать 0,991226 0,000279
приезд 0,805589 0,000227
приехать 0,309985 0,000262
приживальщик 1,322219 0,000372
прижизненный 0,000000 0,000000
прийти 0,095435 0,000242
приказывать 1,264227 0,000356
приложить 0,963197 0,000542
принести 0,389166 0,000109
принимать 0,328468 0,000185
принять 0,180546 0,000051
приревновать 1,565257 0,003963
прискакать 1,264227 0,000356
прислать 0,403889 0,000227
пристально 0,389166 0,000109
присылать 1,167317 0,000328
приходить 0,243038 0,000410
проболтаться 1,690196 0,000951
прогнать 0,704919 0,000198
проговорить 0,110412 0,000248
проголодаться 1,565257 0,000440
программирование 0,000000 0,000000
продолжать 0,125925 0,000035
произведение 0,000000 0,000000
произойти 0,258832 0,000073
пройти 0,000000 0,000000
проклятый 0,662167 0,000186
пролежать 1,053374 0,000296
промокнуть 2,167317 0,000610
просидеть 0,704919 0,000198
просить 0,150284 0,000296
просто 0,232819 0,000065
просьба 0,623249 0,000351
против 0,389166 0,000219
прочесть 0,443041 0,000125
прошлый 0,735954 0,000207
прощать 0,426955 0,000120
прямо 0,118099 0,000066
публикация 0,000000 0,000000
пугать 0,805589 0,000227
пустяк 0,888564 0,000500
пялить 1,866287 0,000525
пять 0,222835 0,000251
равно 0,303994 0,000086
радостно 0,888564 0,000250
раз 0,309985 0,000262
разболеться 1,866287 0,001050
разве 0,146128 0,000082
разговаривать 0,720159 0,000203
раздражить 0,720159 0,001621
раздутый 2,167317 0,000610
разный 0,565257 0,000159
разрешение 0,000000 0,000000
разрыдаться 1,866287 0,000525
ракитин 0,787106 0,000443
ракитка 1,866287 0,001575
рано 0,787106 0,000221
расписка 1,389166 0,001563
расплакаться 1,264227 0,000356
рассеянно 0,991226 0,000279
рассказать 0,280827 0,000474
рассказывать 0,341243 0,000096
рассмеяться 0,599116 0,000506
растоптать 1,468347 0,000413
расточать 2,167317 0,000610
расчувствоваться 1,866287 0,000525
ребёнок 0,232819 0,000065
ревновать 1,021189 0,002298
ревность 0,888564 0,000250
резать 1,322219 0,000372
речь 0,486076 0,000137
решение 0,533849 0,000150
решимость 0,963197 0,000271
решить 0,232819 0,000065
робкий 0,824895 0,000232
ровно 0,533849 0,000150
россия 0,514105 0,000145
рубль 0,334808 0,000848
ругательство 1,565257 0,000440
ругать 1,264227 0,000356
ругаться 1,322219 0,000372
рука 0,030597 0,000017
русский 0,411442 0,000116
садиться 0,486076 0,000273
сайт 0,000000 0,000000
сам 0,002964 0,000013
самый 0,018098 0,000015
сбегать 1,053374 0,000296
сбить 0,866287 0,000244
свалить 1,468347 0,001239
свет 0,176091 0,000050
свободно 0,000000 0,000000
свой 0,000000 0,000000
сдаваться 1,866287 0,000525
сдать 1,389166 0,000391
сделать 0,102859 0,000087
себя 0,000000 0,000000
сегодня 0,194189 0,000601
сейчас 0,070407 0,000040
секрет 0,690196 0,002524
семьдесят 0,000000 0,000000
сердце 0,095435 0,000081
сибирь 0,866287 0,000487
сидеть 0,125925 0,000035
сила 0,185046 0,000052
сильно 0,292256 0,000164
сильный 0,269690 0,000076
сказать 0,011981 0,000098
сказывать 1,213075 0,000682
сказываться 1,322219 0,000372
скитаться 1,125925 0,000317
скоро 0,298086 0,000084
слава 0,635838 0,000179
сладко 1,213075 0,000341
след 0,991226 0,000279
слезиться 2,167317 0,000610
слепой 1,389166 0,000391
слечь 1,565257 0,000440
слишком 0,133894 0,000038
словечко 0,704919 0,000198
слово 0,027438 0,000015
словцо 1,088136 0,000306
слуга 0,599116 0,000169
слышать 0,125925 0,000035
слякоть 1,866287 0,000525
смерть 0,374926 0,000105
сметь 0,389166 0,000109
смех 0,443041 0,000125
смеяться 0,171682 0,000097
смиренный 1,053374 0,000296
смотреть 0,077412 0,000022
смущать 0,991226 0,000279
смущение 0,752344 0,000212
снести 0,845098 0,000238
соборный 1,389166 0,000391
собрание 1,088136 0,000306
собственный 0,264227 0,000074
совесть 0,544068 0,000153
совет 0,662167 0,000186
совсем 0,021189 0,000042
согласие 0,000000 0,000000
согласиться 0,396465 0,000223
содержать 0,912045 0,000513
солгать 0,824895 0,000232
соображать 0,963197 0,000271
соображение 0,912045 0,000513
сорвать 0,991226 0,000279
сосредоточить 1,690196 0,000475
составиться 1,264227 0,000356
состояние 0,322219 0,000091
сострадательный 1,322219 0,000372
сочинение 1,468347 0,000413
спасти 0,468347 0,000132
спать 0,495219 0,000139
спешить 0,477121 0,000134
справляться 1,264227 0,000356
спросить 0,114239 0,000129
спускаться 1,322219 0,000372
спустя 0,533849 0,000150
срамный 2,167317 0,000610
срок 0,675956 0,000190
ссудить 1,565257 0,000881
ставень 1,565257 0,000440
старик 0,303994 0,000171
старичок 0,912045 0,000513
стать 0,002964 0,000008
стемнеть 2,167317 0,000610
стлать 1,866287 0,000525
стоить 0,189594 0,000160
стол 0,286504 0,000403
сторожить 1,088136 0,000306
сторона 0,110412 0,000031
странно 0,354404 0,000100
страх 0,426955 0,000120
страшно 0,434924 0,000489
страшный 0,286504 0,000242
строго 0,576253 0,000324
суд 0,554533 0,000468
судить 0,523865 0,000442
суетливый 1,389166 0,000391
сумасшедший 0,554533 0,000156
сумерки 1,389166 0,000391
сумма 0,662167 0,000186
супруг 0,523865 0,000147
суровый 1,264227 0,000356
сходить 0,611015 0,000344
съесть 0,936868 0,000264
сын 0,434924 0,000122
сякой 1,866287 0,001050
таинственный 0,991226 0,000279
также 0,000000 0,000000
таки 0,066947 0,000038
таковой 0,451314 0,000254
такой 0,002964 0,000013
твёрдо 0,419129 0,000236
твёрдый 0,576253 0,000162
текст 0,000000 0,000000
теперь 0,015029 0,000051
теребить 1,866287 0,000525
течение 1,021189 0,000287
тихо 0,354404 0,000199
тихость 2,167317 0,000610
тогда 0,050046 0,000155
тоже 0,043466 0,000086
только 0,002964 0,000016
том 1,565257 0,000440
торопиться 0,662167 0,000186
торопливо 1,167317 0,000328
тоска 0,599116 0,000337
тот 0,002964 0,000003
тотчас 0,046743 0,000026
точно 0,121994 0,000103
трактир 0,720159 0,000203
тревога 0,648803 0,000183
три 0,303994 0,000171
трое 0,752344 0,000212
трудный 0,963197 0,000271
ты 0,133894 0,000942
тысяча 0,217927 0,000245
тёмный 0,523865 0,000147
убить 0,275223 0,000774
увеличиться 1,389166 0,000391
увернуть 2,167317 0,000610
увидеть 0,222835 0,000063
угодный 0,504560 0,000142
угрожать 1,167317 0,000328
угрюмо 1,322219 0,000372
угрюмый 1,053374 0,000296
удивить 0,769377 0,000216
ужасно 0,167317 0,000094
узнавать 0,704919 0,000198
узнать 0,106619 0,000090
уйти 0,248239 0,000140
укрепиться 1,322219 0,000372
улыбаться 0,544068 0,000306
улыбка 0,374926 0,000211
улыбнуться 0,426955 0,000480
умереть 0,269690 0,000076
умерший 0,000000 0,000000
уметь 0,328468 0,000185
умножиться 1,866287 0,000525
умный 0,403889 0,000114
уплатить 1,690196 0,000475
успеть 0,203530 0,000115
успокоиться 0,735954 0,000207
уставиться 1,053374 0,000593
уськать 2,167317 0,000610
утешение 1,088136 0,000306
утром 0,411442 0,000116
ухватиться 1,565257 0,000440
участь 1,053374 0,000296
учёный 0,752344 0,000212
фамильный 1,468347 0,000413
феня 1,125925 0,003167
фетюкович 1,167317 0,000657
финал 1,264227 0,000356
формат 1,468347 0,000413
фёдор 0,434924 0,000245
фёдорович 0,150284 0,000169
халат 1,322219 0,000372
хвалить 0,963197 0,000271
хворать 1,565257 0,000440
хихикнуть 1,690196 0,000475
хлопоты 0,991226 0,000279
ходить 0,213075 0,000479
хозяйка 0,912045 0,000257
хоронить 1,213075 0,000341
хорошенько 1,264227 0,000356
хороший 0,077412 0,000022
хорошо 0,189594 0,000107
хотеть 0,033778 0,000057
хоть 0,060107 0,000051
хотя 0,050046 0,000070
хохотать 0,824895 0,000232
целый 0,217927 0,000061
час 0,185046 0,000104
часто 0,292256 0,000164
часть 0,002964 0,000002
чей 0,000000 0,000000
четвёртый 0,286504 0,000161
чиновник 0,635838 0,000179
число 0,704919 0,000198
читаемый 2,167317 0,000610
читать 0,403889 0,000114
чрезвычайно 0,217927 0,000061
что 0,030597 0,000009
чтоб 0,073896 0,000062
чтобы 0,030597 0,000052
чуть 0,176091 0,000099
шагать 0,963197 0,000271
шелохнуться 2,167317 0,000610
экий 1,021189 0,000287
эксперт 1,565257 0,000440
этак 0,690196 0,000194
этикет 1,565257 0,000440
это 0,002964 0,000006
этот 0,002964 0,000010
я 0,024303 0,000205
являться 0,675956 0,000190
