автор 0,000000 0,000000
авторитет 1,389166 0,000584
авторский 0,000000 0,000000
алексей 0,000000 0,000000
алеш 0,328468 0,003312
америка 1,264227 0,001594
ахинея 1,389166 0,000584
бедный 0,328468 0,000138
бежать 0,434924 0,000183
беззаветный 2,167317 0,000911
безногий 1,468347 0,000617
белинский 1,866287 0,002352
библиотека 1,866287 0,002352
биться 0,623249 0,000262
благородный 0,374926 0,000158
благословить 0,735954 0,000309
блестеть 1,322219 0,000556
бог 0,154480 0,000454
богатый 0,587534 0,000247
более 0,000000 0,000000
болезненно 1,167317 0,000490
болтать 1,088136 0,000457
большой 0,056728 0,000072
бормотать 0,662167 0,000278
бояться 0,158717 0,000067
браво 1,167317 0,000981
бранить 1,125925 0,000473
брат 0,060107 0,000101
брать 0,486076 0,000204
будто 0,099131 0,000167
бывать 0,280827 0,000236
быть 0,000000 0,000000
ваш 0,121994 0,000103
вдруг 0,005949 0,000020
ведь 0,043466 0,000055
великолепно 1,125925 0,000946
вера 0,514105 0,000216
верить 0,180546 0,000076
верниссимо 2,167317 0,000911
верно 0,523865 0,000220
веровать 0,704919 0,000889
весело 0,648803 0,000273
весь 0,002964 0,000014
вещь 0,411442 0,000173
вздор 0,565257 0,000475
видеть 0,027438 0,000081
видный 1,088136 0,000457
визит 0,845098 0,000355
влияние 0,991226 0,000416
вовсе 0,150284 0,000253
возвратить 0,845098 0,000355
вознаграждение 0,000000 0,000000
возненавидеть 1,021189 0,000429
возраст 0,963197 0,000405
вольтер 1,866287 0,003137
воображать 0,991226 0,000416
вообразиться 1,389166 0,001751
воплотиться 1,565257 0,000658
вопрос 0,146128 0,000061
воскликнуть 0,269690 0,000567
восприимчивый 1,565257 0,000658
восторг 0,419129 0,000176
восхищать 2,167317 0,000911
впечатление 0,389166 0,000164
вполне 0,316059 0,000133
вправду 0,888564 0,000373
впрочем 0,118099 0,000298
враг 0,735954 0,000309
время 0,018098 0,000008
вскричать 0,253503 0,000107
вспыхнуть 0,805589 0,000338
встретиться 0,704919 0,000296
встреча 0,554533 0,000233
вступать 1,021189 0,000429
второй 0,217927 0,000092
вы 0,232819 0,000196
выдумать 0,648803 0,000818
выплата 0,000000 0,000000
выслушать 0,426955 0,000179
выставить 0,845098 0,001065
выставиться 1,389166 0,000584
выставлять 1,125925 0,000473
вытянуться 1,468347 0,000617
выходить 0,258832 0,000109
выше 0,720159 0,000303
вязание 1,866287 0,000784
гипотеза 1,690196 0,000710
глаз 0,056728 0,000072
глубоко 0,611015 0,000770
глупо 0,845098 0,000355
глупость 0,576253 0,000242
глядеть 0,243038 0,000204
говорить 0,011981 0,000065
год 0,292256 0,000368
голос 0,208276 0,000175
горький 0,912045 0,000383
горячий 0,523865 0,000220
горячо 0,544068 0,000457
господин 0,208276 0,000175
господь 0,374926 0,000158
готовый 0,367977 0,000309
гроб 0,888564 0,000373
грубо 1,125925 0,000473
грубый 0,824895 0,000347
грустно 0,735954 0,000928
гуманный 1,264227 0,000531
гусь 1,565257 0,000658
давеча 0,232819 0,000098
давно 0,158717 0,000267
даже 0,005949 0,000020
далее 0,648803 0,000273
далёкий 0,411442 0,000173
дать 0,171682 0,000072
действительно 0,106619 0,000045
действительность 0,991226 0,000416
дело 0,011981 0,000015
держать 0,403889 0,000170
десятый 0,845098 0,000710
детство 0,720159 0,000303
деятельность 1,264227 0,000531
добрый 0,303994 0,000128
доктор 0,554533 0,000699
долго 0,222835 0,000094
должный 0,099131 0,000083
дорожить 1,213075 0,000510
досадный 1,167317 0,000490
достоевский 0,000000 0,000000
достояние 0,000000 0,000000
друг 0,180546 0,000076
другой 0,008955 0,000011
думать 0,060107 0,000379
дурак 0,611015 0,000257
дурной 0,611015 0,000257
душить 1,866287 0,002352
если 0,011981 0,000045
есть 0,018098 0,000046
жалеть 0,805589 0,000338
жалкий 0,936868 0,000394
жаль 0,635838 0,000534
жар 0,587534 0,000247
желать 0,232819 0,000098
женщина 0,213075 0,000269
живить 1,389166 0,000584
жизнь 0,084532 0,000142
жить 0,217927 0,000183
заботиться 0,936868 0,000394
завтра 0,298086 0,000125
заграничный 1,264227 0,000531
заклад 0,824895 0,000347
заключить 0,347773 0,000292
залезть 1,690196 0,000710
заметить 0,056728 0,000048
замечать 0,554533 0,000233
запутаться 1,565257 0,000658
засмеяться 0,347773 0,000292
заставить 0,735954 0,000309
застрять 2,167317 0,000911
зато 0,468347 0,000590
захохотать 0,866287 0,000364
зачем 0,146128 0,000368
звёздный 1,866287 0,000784
здание 1,389166 0,000584
здесь 0,095435 0,000120
знакомство 0,720159 0,000303
знание 1,053374 0,000443
знатный 0,936868 0,000394
знать 0,002964 0,000021
значение 0,936868 0,000394
играть 0,599116 0,000252
идея 0,459747 0,000193
избавиться 1,565257 0,000658
извратить 2,167317 0,001821
излечить 1,565257 0,001315
илюша 1,213075 0,001019
илюшин 1,565257 0,000658
именно 0,066947 0,000253
иметь 0,118099 0,000198
иначе 0,367977 0,000155
иногда 0,208276 0,000175
использоваться 0,000000 0,000000
исправить 1,690196 0,000710
исправиться 1,264227 0,001062
источник 1,565257 0,000658
ихний 0,963197 0,000405
казаться 0,063514 0,000187
каковой 0,576253 0,000242
какой 0,005949 0,000022
кандида 2,167317 0,000911
карамазов 0,180546 0,001214
карта 1,053374 0,000885
класс 0,888564 0,000373
клясться 0,554533 0,000233
книга 0,106619 0,000179
когда 0,015029 0,000057
кола 0,991226 0,000833
колбаснический 2,167317 0,000911
колокол 1,690196 0,000710
коля 0,565257 0,005225
комар 0,000000 0,000000
комната 0,150284 0,000063
конечно 0,060107 0,000126
коробить 1,866287 0,000784
который 0,002964 0,000004
крайний 0,292256 0,000123
краснеть 0,866287 0,000364
кто 0,114239 0,000048
лапка 1,565257 0,000658
лезть 0,936868 0,000394
лето 0,866287 0,000364
либо 0,000000 0,000000
литература 1,468347 0,000617
лицо 0,000000 0,000000
личность 1,125925 0,000473
лишь 0,185046 0,000078
ломать 0,963197 0,000405
любить 0,066947 0,000225
любовь 0,334808 0,000141
любой 0,000000 0,000000
маленький 0,185046 0,000078
мало 0,208276 0,000263
мальчик 0,411442 0,000346
малютка 1,690196 0,000710
мамаша 0,735954 0,000309
масса 1,322219 0,000556
мать 0,217927 0,000092
медицина 1,389166 0,001167
между 0,129891 0,000109
мельком 0,912045 0,000383
мера 0,217927 0,000092
место 0,099131 0,000167
месяц 0,264227 0,000111
мечтать 0,752344 0,000316
минута 0,050046 0,000021
мировой 1,088136 0,000457
мистик 1,690196 0,002130
мистицизм 1,565257 0,000658
мнение 0,374926 0,000315
мнительный 1,322219 0,002778
многие 0,468347 0,000197
много 0,080958 0,000068
многое 0,443041 0,000372
можно 0,088136 0,000074
мой 0,077412 0,000033
молодость 1,021189 0,000429
молодцом 2,167317 0,000911
молодёжь 1,125925 0,000473
момент 0,000000 0,000000
монастырь 0,533849 0,000224
мост 1,468347 0,001234
мочь 0,000000 0,000000
мучить 0,419129 0,000352
мы 0,648803 0,000273
мысль 0,114239 0,000048
навеки 0,648803 0,000273
наверно 0,264227 0,000111
наврать 2,167317 0,001821
надо 0,036984 0,000109
назад 0,000000 0,000000
название 1,088136 0,000457
называть 0,477121 0,000200
найти 0,298086 0,000125
налгать 1,389166 0,000584
наперёд 1,389166 0,001167
написать 0,000000 0,000000
наполеон 1,389166 0,000584
например 0,298086 0,000250
напротив 0,180546 0,000076
натура 0,888564 0,001493
натурально 0,991226 0,000416
наука 0,787106 0,000661
научить 0,963197 0,000809
научиться 1,053374 0,000443
нахвататься 2,167317 0,000911
находить 0,576253 0,000242
начать 0,066947 0,000084
начинать 0,292256 0,000123
наш 0,118099 0,000149
небо 0,635838 0,000267
негодование 0,403889 0,000170
недавно 0,576253 0,000242
неделя 0,374926 0,000158
независимый 1,322219 0,000556
неисправимый 1,866287 0,000784
немец 1,389166 0,003502
немного 0,426955 0,000538
непременно 0,133894 0,000169
несколько 0,095435 0,000040
несмотря 0,275223 0,000231
нести 0,824895 0,000347
несчастный 0,374926 0,000473
неуверенность 2,167317 0,000911
неужели 0,389166 0,000327
нибыть 0,030597 0,000026
нигде 1,125925 0,000473
низкий 0,611015 0,000257
низость 0,845098 0,000710
никакой 0,213075 0,000179
никто 0,095435 0,000120
ниночка 1,468347 0,001234
ничего 0,030597 0,000051
нужный 0,477121 0,000200
нумереть 1,866287 0,000784
нынче 1,389166 0,001751
обиняк 1,468347 0,000617
оборвать 1,167317 0,000490
образование 0,845098 0,000355
общественный 0,000000 0,000000
объяснение 0,599116 0,000503
один 0,000000 0,000000
однако 0,102859 0,000216
одолжение 0,936868 0,000394
ожидать 0,264227 0,000111
окружающий 1,690196 0,001420
он 0,000000 0,000000
онегин 2,167317 0,002732
опубликовать 0,000000 0,000000
опять 0,027438 0,000058
осклабиться 1,088136 0,000457
осмотреть 1,053374 0,000443
особенно 0,129891 0,000055
оставаться 0,280827 0,000118
остановить 0,565257 0,000238
отвергнуть 0,991226 0,000416
ответить 0,121994 0,000154
отвечать 0,258832 0,000218
отвратительный 1,053374 0,000443
отдавать 0,787106 0,000331
отделение 1,213075 0,000510
отечество 1,264227 0,000531
отзыв 1,213075 0,000510
отрезать 0,599116 0,000503
отцовский 1,125925 0,000473
отчасти 0,611015 0,000257
отчий 0,554533 0,000932
оформление 0,000000 0,000000
очень 0,024303 0,000082
ошибиться 0,752344 0,000316
ощущать 0,735954 0,000309
первый 0,018098 0,000015
перебить 0,486076 0,000204
перевод 1,322219 0,001111
переделать 1,389166 0,000584
перейти 0,000000 0,000000
перестать 0,411442 0,000173
писать 0,419129 0,000176
плодотворный 1,565257 0,000658
плохой 0,533849 0,000224
подбивать 1,690196 0,000710
подборка 0,000000 0,000000
поделом 1,690196 0,000710
подлец 0,554533 0,000233
подлый 0,675956 0,000284
подтвердить 0,544068 0,000229
подумать 0,185046 0,000544
подчинённый 1,468347 0,000617
пожалуйста 0,662167 0,000278
пожать 0,912045 0,000383
позиция 2,167317 0,000911
познание 1,125925 0,000946
пойти 0,080958 0,000068
показать 0,292256 0,000246
показаться 0,334808 0,000281
поколение 1,389166 0,000584
покраснеть 0,504560 0,000636
полезно 1,866287 0,000784
польза 0,675956 0,000284
помиловать 0,735954 0,001237
помнить 0,167317 0,000211
понимать 0,095435 0,000120
понравиться 0,533849 0,000224
понятие 0,735954 0,000309
понять 0,106619 0,000134
попасть 0,533849 0,000224
поразить 0,243038 0,000102
порядок 0,704919 0,000889
посетитель 0,991226 0,000833
последний 0,066947 0,000028
послужить 0,824895 0,000347
послушание 1,213075 0,000510
послушать 0,662167 0,000278
посмертно 0,000000 0,000000
посмотреть 0,213075 0,000179
постелька 1,389166 0,000584
постыдиться 1,213075 0,000510
постыдный 2,167317 0,000911
потом 0,084532 0,000036
потому 0,024303 0,000031
потребность 0,805589 0,000338
похоже 0,845098 0,000355
почему 0,099131 0,000125
почти 0,024303 0,000051
правда 0,088136 0,000185
пред 0,030597 0,000039
предрассудок 1,053374 0,000443
представить 0,286504 0,000241
презирать 0,662167 0,001391
прелестный 0,866287 0,000728
препирание 1,565257 0,000658
прервать 0,623249 0,000262
прибавить 0,162996 0,000137
приглашать 0,991226 0,000416
прижизненный 0,000000 0,000000
признавать 1,167317 0,000981
признаться 0,443041 0,000558
прикосновение 1,565257 0,000658
примкнуть 1,468347 0,000617
принести 0,389166 0,000164
принимать 0,328468 0,000138
притом 0,769377 0,000323
приходить 0,243038 0,000306
пробормотать 0,316059 0,000133
провести 0,888564 0,000373
проговорить 0,110412 0,000093
программирование 0,000000 0,000000
произведение 0,000000 0,000000
произвести 0,504560 0,000212
произнести 0,280827 0,000118
пройти 0,000000 0,000000
пророк 1,389166 0,000584
просто 0,232819 0,000098
против 0,389166 0,000327
прочее 1,088136 0,000457
прочесть 0,443041 0,000931
прочить 0,648803 0,000273
прошептать 0,587534 0,000247
прямо 0,118099 0,000050
псевдовеликий 2,167317 0,000911
публикация 0,000000 0,000000
пусть 0,253503 0,000213
пустяк 0,888564 0,000373
путаться 1,322219 0,000556
пушкин 1,167317 0,000490
пылать 1,866287 0,000784
раболепство 2,167317 0,000911
рабство 1,468347 0,000617
равный 1,053374 0,000443
радостный 0,752344 0,000316
радость 0,411442 0,000519
раз 0,309985 0,000130
разве 0,146128 0,000246
развитие 0,912045 0,000766
разговаривать 0,720159 0,000303
разделять 1,389166 0,000584
раздражительный 0,587534 0,000247
разойтись 0,888564 0,000373
разом 0,389166 0,000164
разрешение 0,000000 0,000000
разумеется 0,328468 0,000138
ракитин 0,787106 0,000661
ранний 0,504560 0,000848
рано 0,787106 0,000331
рассказывать 0,341243 0,000287
расслабить 1,213075 0,000510
рассмотреть 1,053374 0,000443
растравлять 1,866287 0,000784
ребёнок 0,232819 0,000196
революционер 1,866287 0,001568
редкий 0,824895 0,000347
решение 0,533849 0,000224
решительный 0,611015 0,000257
ровно 0,533849 0,000224
ровный 1,468347 0,000617
ровня 2,167317 0,001821
роль 1,053374 0,000443
роман 0,866287 0,000364
россия 0,514105 0,000216
рука 0,030597 0,000013
русский 0,411442 0,000691
сайт 0,000000 0,000000
сальность 2,167317 0,000911
сам 0,002964 0,000006
самовластие 1,866287 0,000784
самодовольство 1,690196 0,000710
самолюбие 0,963197 0,001619
самомнение 1,866287 0,001568
самоосуждение 1,866287 0,000784
сбиваться 1,088136 0,000457
светло 1,167317 0,000490
свободно 0,000000 0,000000
свой 0,000000 0,000000
связаться 1,389166 0,000584
сделать 0,102859 0,000086
сдержанно 1,021189 0,000429
себя 0,000000 0,000000
сегодня 0,194189 0,000163
сейчас 0,070407 0,000118
семьдесят 0,000000 0,000000
сие 0,611015 0,000257
сильный 0,269690 0,000113
сказать 0,011981 0,000050
сколько 0,280827 0,000118
сконфузиться 0,824895 0,000347
скороговорка 1,264227 0,000531
скромно 1,053374 0,000443
скрыть 0,991226 0,000416
скрючить 1,866287 0,000784
слишком 0,133894 0,000113
слово 0,027438 0,000023
случай 0,146128 0,000061
слушайте 0,912045 0,000383
слушаться 1,167317 0,000490
слышать 0,125925 0,000212
смелость 1,213075 0,000510
смешно 0,824895 0,001386
смешной 0,565257 0,001425
смеяться 0,171682 0,000289
смуров 1,389166 0,000584
собрание 1,088136 0,000457
совершенно 0,180546 0,000379
соврать 1,167317 0,000490
совсем 0,021189 0,000053
согласие 0,000000 0,000000
согласиться 0,396465 0,000333
согласный 0,565257 0,000238
соглашаться 0,963197 0,000405
содрогание 1,322219 0,000556
сознаться 0,769377 0,000323
сойтись 0,623249 0,000786
состояние 0,322219 0,000135
социалист 1,389166 0,001751
сочинение 1,468347 0,000617
спешить 0,477121 0,000200
спокойно 0,648803 0,000273
способность 0,805589 0,000338
способный 0,587534 0,000247
спросить 0,114239 0,000096
старик 0,303994 0,000128
старший 0,587534 0,000247
старый 0,374926 0,000158
стать 0,002964 0,000004
сторона 0,110412 0,000093
страдать 0,623249 0,000262
стремиться 0,888564 0,000373
стыдливый 1,213075 0,000510
стыдно 0,504560 0,000848
сумасшествие 1,021189 0,000429
существо 0,477121 0,001002
сущий 1,389166 0,000584
счастие 0,451314 0,000190
считать 0,275223 0,000116
также 0,000000 0,000000
таки 0,066947 0,000141
такой 0,002964 0,000017
татьяна 2,167317 0,002732
текст 0,000000 0,000000
теперешний 0,533849 0,000224
теперь 0,015029 0,000051
терпеть 0,866287 0,000728
тихо 0,354404 0,000149
тогда 0,050046 0,000042
тоже 0,043466 0,000110
только 0,002964 0,000014
том 1,565257 0,000658
торопиться 0,662167 0,000556
тот 0,002964 0,000001
тотчас 0,046743 0,000020
точить 0,787106 0,000661
точно 0,121994 0,000051
третий 0,154480 0,000065
тринадцать 1,322219 0,001111
тщеславие 1,167317 0,000490
убеждение 0,554533 0,000932
убеждённый 0,635838 0,000267
убиваться 1,866287 0,000784
уважать 0,523865 0,000220
увидеть 0,222835 0,000187
удерживаться 1,565257 0,000658
удивиться 0,523865 0,000220
удивление 0,292256 0,000123
удивлять 1,053374 0,000443
ужасно 0,167317 0,000352
ужасный 0,322219 0,000135
узнавать 0,704919 0,000296
узнать 0,106619 0,000179
укор 1,468347 0,000617
улыбнуться 0,426955 0,000718
умереть 0,269690 0,000113
умерший 0,000000 0,000000
уметь 0,328468 0,000138
уничтожить 1,264227 0,000531
упор 0,963197 0,000405
уродливый 1,565257 0,000658
урок 0,936868 0,000394
усмехнуться 0,374926 0,000945
успеть 0,203530 0,000086
утешить 1,053374 0,000443
учиться 0,912045 0,000383
философский 1,690196 0,000710
фраза 0,805589 0,000338
франц 0,635838 0,000267
фёдор 0,434924 0,000365
харя 1,468347 0,000617
хитро 1,322219 0,000556
ходить 0,213075 0,000090
хороший 0,077412 0,000065
хорошо 0,189594 0,000159
хотеть 0,033778 0,000114
хотеться 0,292256 0,000123
хоть 0,060107 0,000025
хотя 0,050046 0,000126
христианский 1,125925 0,000473
христос 0,675956 0,000284
целое 0,587534 0,000247
целый 0,217927 0,000092
ценить 0,769377 0,000647
цепной 1,866287 0,001568
час 0,185046 0,000156
часто 0,292256 0,000246
часть 0,002964 0,000002
чей 0,000000 0,000000
человек 0,011981 0,000030
человечество 0,866287 0,001456
через 0,258832 0,000109
черта 0,264227 0,000444
четвёртый 0,286504 0,000241
четырнадцать 1,468347 0,001234
число 0,704919 0,000296
читаемый 2,167317 0,000911
читать 0,403889 0,001697
что 0,030597 0,000090
чтоб 0,073896 0,000062
чтобы 0,030597 0,000039
чувство 0,158717 0,000067
чуть 0,176091 0,000074
чухна 2,167317 0,000911
шельма 1,213075 0,001019
шкаф 1,322219 0,000556
школьник 0,936868 0,000787
щека 0,623249 0,000262
эгоистический 2,167317 0,000911
экспансивный 1,468347 0,000617
эманципация 2,167317 0,000911
это 0,002964 0,000015
этот 0,002964 0,000005
я 0,024303 0,000163
