автор 0,000000 0,000000
авторский 0,000000 0,000000
алексей 0,000000 0,000000
алеш 0,328468 0,002117
арест 1,167317 0,000981
ассимилировать 2,167317 0,000607
баловство 1,690196 0,000474
балюстрада 1,866287 0,000523
барин 0,787106 0,000221
барышня 0,912045 0,000256
бездна 1,053374 0,000295
бескорыстие 1,866287 0,000523
беспримерный 1,565257 0,000439
бешенство 1,053374 0,000295
библиотека 1,866287 0,001569
бинокль 2,167317 0,000607
благоговейный 1,690196 0,000474
благодетель 0,866287 0,000243
благоприятный 1,690196 0,000474
благородно 1,167317 0,000327
благородный 0,374926 0,000210
благородство 0,888564 0,000249
бледный 0,443041 0,000248
близ 1,125925 0,000315
близко 0,888564 0,000249
боевой 1,866287 0,000523
более 0,000000 0,000000
болезненный 0,611015 0,000171
больно 0,787106 0,000221
больший 0,248239 0,000070
большой 0,056728 0,000016
босоногий 1,690196 0,000474
бояться 0,158717 0,000133
брат 0,060107 0,000337
броситься 0,258832 0,000073
будто 0,099131 0,000083
бывало 0,554533 0,000155
бывший 0,389166 0,000218
быть 0,000000 0,000000
важно 0,675956 0,000189
ваш 0,121994 0,000308
вверить 1,468347 0,000411
ввязаться 1,088136 0,000305
вдаваться 1,565257 0,000439
вдохновение 1,053374 0,000295
вдруг 0,005949 0,000013
ведь 0,043466 0,000012
вежливый 0,735954 0,000206
великодушно 1,468347 0,000411
великодушный 0,912045 0,000256
великое 0,888564 0,000249
верить 0,180546 0,000253
вероятный 0,866287 0,000243
верхний 1,053374 0,000295
весь 0,002964 0,000012
весьма 0,243038 0,000272
вечером 0,533849 0,000150
взволновать 0,866287 0,000243
взгляд 0,185046 0,000207
взглянуть 0,468347 0,000131
вздрогнуть 0,486076 0,000272
взять 0,077412 0,000043
видать 0,419129 0,000117
видеть 0,027438 0,000023
видимо 0,328468 0,000092
видно 0,504560 0,000141
визит 0,845098 0,000237
виноватый 0,328468 0,000368
виновность 1,213075 0,001020
вместе 0,208276 0,000058
вмиг 1,264227 0,000354
внезапно 0,623249 0,000349
внезапный 0,533849 0,000299
внутренний 0,936868 0,000263
вовсе 0,150284 0,000126
возбуждение 1,021189 0,000286
возвратить 0,845098 0,000237
вознаграждение 0,000000 0,000000
войти 0,137934 0,000039
вообще 0,459747 0,000129
вопрос 0,146128 0,000532
вор 1,021189 0,000858
воскликнуть 0,269690 0,000076
восклицать 0,533849 0,000598
воспламеняться 1,690196 0,000474
воспоминание 0,635838 0,000178
восстановить 1,468347 0,000411
вперёд 0,426955 0,000120
впечатление 0,389166 0,000327
вполне 0,316059 0,000089
впопыхах 1,389166 0,000389
впрочем 0,118099 0,000099
время 0,018098 0,000010
всегда 0,129891 0,000218
вскочить 0,451314 0,000126
вскричать 0,253503 0,000071
вспомнить 0,434924 0,000122
вставать 0,576253 0,000161
вход 0,752344 0,000211
вцепиться 1,264227 0,000354
вчера 0,341243 0,000096
выбежать 0,752344 0,000211
выбрать 0,845098 0,000237
выговорить 0,599116 0,000168
вызвать 0,824895 0,000462
вызов 0,866287 0,000485
выйти 0,063514 0,000089
выносить 0,888564 0,000249
выплата 0,000000 0,000000
выпросить 1,565257 0,000439
выражаться 0,752344 0,000211
выражение 0,514105 0,000288
выразиться 0,504560 0,000141
высказать 0,523865 0,000147
выслушать 0,426955 0,000120
высокий 0,213075 0,000179
высоко 0,991226 0,000555
высокооткровенный 2,167317 0,000607
выставить 0,845098 0,000237
выставиться 1,389166 0,000389
выходка 0,866287 0,000243
вышвырнуть 1,866287 0,000523
выше 0,720159 0,000202
главный 0,426955 0,000120
глаз 0,056728 0,000064
глубоко 0,611015 0,000171
глупость 0,576253 0,000161
глупый 0,419129 0,000352
гнев 0,544068 0,000152
гневливый 1,213075 0,000340
говорить 0,011981 0,000047
голос 0,208276 0,000292
гораздо 0,443041 0,000124
гордый 0,576253 0,000484
город 0,248239 0,000209
горячий 0,523865 0,000147
горячо 0,544068 0,000152
господин 0,208276 0,000117
готовый 0,367977 0,000206
грабёж 1,167317 0,000654
гражданский 1,322219 0,000370
громкий 1,021189 0,000286
громко 0,504560 0,000141
грубый 0,824895 0,000231
грудь 0,443041 0,001365
грушенек 0,787106 0,001764
грушенька 0,544068 0,000457
грязненький 1,866287 0,000523
давешний 0,611015 0,000171
даже 0,005949 0,000020
далеко 0,599116 0,000168
дальнейший 0,845098 0,000237
далёкий 0,411442 0,000115
дама 0,434924 0,000366
данные 1,322219 0,000370
данный 1,322219 0,000370
дать 0,171682 0,000241
два 0,198834 0,000056
двадцать 0,303994 0,000085
двенадцатый 0,690196 0,000387
двоюродный 1,468347 0,000411
девица 0,648803 0,000182
девушка 0,533849 0,000449
действительно 0,106619 0,000060
дело 0,011981 0,000023
денежный 1,565257 0,000877
деньга 0,185046 0,000363
дерево 0,752344 0,000211
дмитрий 0,396465 0,000222
добрый 0,303994 0,000085
довести 0,720159 0,000202
довольно 0,129891 0,000036
довольный 0,495219 0,000139
доказательство 0,824895 0,001849
долг 0,735954 0,001237
долго 0,222835 0,000187
должный 0,099131 0,000028
допрашивать 0,991226 0,000555
допрос 0,991226 0,001389
дорога 0,275223 0,000077
достоевский 0,000000 0,000000
достояние 0,000000 0,000000
дрожать 0,426955 0,000239
другой 0,008955 0,000010
думать 0,060107 0,000017
единый 0,611015 0,000342
если 0,011981 0,000027
естественный 1,021189 0,000286
есть 0,018098 0,000030
жадно 1,053374 0,000295
жадный 1,264227 0,000354
жажда 0,866287 0,000243
ждать 0,142011 0,000040
женщина 0,213075 0,000119
жертва 0,769377 0,000431
жизнь 0,084532 0,000071
забыть 0,125925 0,000141
заговорить 0,334808 0,000281
зазвать 1,565257 0,000439
зазвенеть 1,213075 0,000680
закончить 0,824895 0,000462
закоченеть 2,167317 0,000607
закричать 0,434924 0,000244
закрыть 0,576253 0,000161
зал 0,936868 0,001050
зала 0,662167 0,000928
замереть 1,021189 0,000286
заметить 0,056728 0,000048
заплатить 1,167317 0,000327
заподозрить 1,088136 0,000305
запредчувствовать 2,167317 0,000607
заранее 0,576253 0,000323
зарыдать 1,213075 0,000340
заслышать 1,213075 0,000340
затем 0,237898 0,000067
захотеть 0,316059 0,000177
зачем 0,146128 0,000082
зашевелиться 1,322219 0,000370
зашить 1,322219 0,000370
звать 0,419129 0,000117
звучать 2,167317 0,000607
здесь 0,095435 0,000080
земля 0,298086 0,000084
земной 0,845098 0,000474
злоба 0,523865 0,000147
злобный 0,635838 0,000356
злодей 1,021189 0,000572
злой 0,587534 0,000165
знакомство 0,720159 0,000404
знать 0,002964 0,000007
зуб 0,735954 0,000206
иван 0,232819 0,000065
иванович 0,269690 0,000907
идея 0,459747 0,000129
изба 0,824895 0,000231
известный 0,347773 0,000097
излишний 1,264227 0,000354
изменник 2,167317 0,000607
именно 0,066947 0,000431
иметь 0,118099 0,000165
иногда 0,208276 0,000117
иной 0,208276 0,000233
искренний 0,576253 0,000161
искренность 0,991226 0,000278
использоваться 0,000000 0,000000
исступление 0,565257 0,000158
истинный 0,611015 0,000171
источник 1,565257 0,000439
каждый 0,137934 0,000039
какой 0,005949 0,000028
канючить 2,167317 0,000607
капельку 0,963197 0,000270
карамазов 0,180546 0,000253
катастрофа 0,936868 0,000788
катерина 0,587534 0,001975
каторга 0,963197 0,000270
катя 0,912045 0,000511
качество 0,735954 0,000206
клевета 1,264227 0,000354
книга 0,106619 0,000090
когда 0,015029 0,000034
комар 0,000000 0,000000
комната 0,150284 0,000042
конечно 0,060107 0,000067
кончить 0,328468 0,000184
кончиться 0,495219 0,000139
конь 1,213075 0,000340
косвенно 1,322219 0,000370
коснуться 1,213075 0,000680
который 0,002964 0,000008
крайний 0,292256 0,000491
крепостной 1,167317 0,000327
крест 0,690196 0,000193
крикнуть 0,292256 0,000082
кричать 0,303994 0,000085
кроме 0,158717 0,000089
кто 0,114239 0,000160
кулак 0,752344 0,000632
ладонка 1,389166 0,001168
ладонь 0,866287 0,000243
лакей 0,704919 0,000395
лгать 0,599116 0,000336
лететь 0,805589 0,000226
либо 0,000000 0,000000
литература 1,468347 0,000411
лихорадка 0,845098 0,000237
лицо 0,000000 0,000000
личный 0,662167 0,000186
лишь 0,185046 0,000363
ловить 0,866287 0,000243
лорнет 1,389166 0,000389
любовь 0,334808 0,000094
любой 0,000000 0,000000
любопытный 0,648803 0,000182
маленькая 1,690196 0,000474
мало 0,208276 0,000058
малое 0,963197 0,000270
малый 0,334808 0,000094
мания 1,468347 0,000411
мать 0,217927 0,000122
медицинский 1,125925 0,000315
между 0,129891 0,000073
мелкий 0,690196 0,000193
мелькнуть 0,544068 0,000305
мера 0,217927 0,000305
место 0,099131 0,000250
месяц 0,264227 0,000148
мигом 0,504560 0,000283
минута 0,050046 0,000182
митя 0,451314 0,002529
мнение 0,374926 0,000105
многие 0,468347 0,000131
многое 0,443041 0,000124
можно 0,088136 0,000025
мой 0,077412 0,000108
мокрый 0,675956 0,000568
молить 0,769377 0,000216
молодой 0,222835 0,000062
молчание 0,662167 0,000186
молчать 0,248239 0,000070
момент 0,000000 0,000000
монастырь 0,533849 0,000299
мочь 0,000000 0,000000
мужчина 0,912045 0,000256
мучить 0,419129 0,000117
мучиться 0,623249 0,000349
мысль 0,114239 0,000160
мягко 1,167317 0,000327
наглый 0,963197 0,000270
надеяться 0,434924 0,000122
надо 0,036984 0,000021
назад 0,000000 0,000000
название 1,088136 0,000305
найти 0,298086 0,000167
накопить 1,389166 0,000389
налево 0,824895 0,000231
намекать 0,866287 0,000485
намеренный 0,769377 0,000216
намёк 0,845098 0,000474
написать 0,000000 0,000000
напомнить 0,912045 0,000256
направить 1,322219 0,000370
направо 0,787106 0,000221
напрасно 0,805589 0,000226
например 0,298086 0,000084
напротив 0,180546 0,000051
наружу 1,322219 0,000370
насилие 1,389166 0,000389
наследство 0,824895 0,000231
настаивать 0,565257 0,000158
настойчивость 1,322219 0,000370
насчёт 0,354404 0,000199
наука 0,787106 0,000221
находить 0,576253 0,000161
начало 0,243038 0,000136
начать 0,066947 0,000038
начаться 0,514105 0,000288
наш 0,118099 0,000066
невеста 0,720159 0,000202
невинность 0,936868 0,000263
невинный 0,576253 0,000161
невиновность 2,167317 0,000607
невиновный 1,866287 0,000523
невозможно 0,411442 0,000115
невыносимый 1,021189 0,000286
негодование 0,403889 0,000113
недодать 1,866287 0,000523
неизвестно 0,936868 0,000263
неистовый 0,888564 0,000249
некорыстолюбивый 2,167317 0,000607
некоторый 0,154480 0,000043
нельзя 0,176091 0,000049
немудрено 2,167317 0,000607
ненависть 0,623249 0,000524
необыкновенный 0,396465 0,000111
неожиданность 1,213075 0,000340
неповинный 1,389166 0,000389
непременно 0,133894 0,000038
неприятный 0,936868 0,000263
неровный 1,866287 0,000523
несвязовать 2,167317 0,000607
несколько 0,095435 0,000107
неслышный 1,389166 0,000389
несмотря 0,275223 0,000231
несчастие 0,690196 0,000193
несчастный 0,374926 0,000420
неужели 0,389166 0,000109
неустройство 2,167317 0,000607
нечаянно 0,752344 0,000211
нечто 0,389166 0,000654
неясно 1,088136 0,000305
нибыть 0,030597 0,000026
ниже 0,912045 0,000767
низкий 0,611015 0,000171
никакой 0,213075 0,000299
никогда 0,088136 0,000025
никто 0,095435 0,000053
нисколько 0,662167 0,000186
ничего 0,030597 0,000034
новый 0,167317 0,000141
нотка 1,167317 0,000654
ночью 0,587534 0,000165
нравственный 0,690196 0,000193
нужный 0,477121 0,000401
оба 0,316059 0,000177
обвинение 0,787106 0,000441
обидчик 0,912045 0,000256
обиженный 0,752344 0,000211
облиться 1,866287 0,000523
обман 1,021189 0,000286
образ 0,243038 0,000068
обратиться 0,316059 0,000177
обстоятельство 0,403889 0,000226
обусловливать 2,167317 0,000607
общественный 0,000000 0,000000
общий 0,514105 0,000144
объявить 0,389166 0,000218
ограбить 0,912045 0,000256
огрызнуться 1,468347 0,000411
одетый 0,648803 0,000182
один 0,000000 0,000000
однажды 0,635838 0,000178
одолжение 0,936868 0,000263
ожидать 0,264227 0,000074
озлиться 1,053374 0,000295
оказаться 0,275223 0,000154
окаменеть 1,866287 0,000523
окончательно 0,565257 0,000317
окончательный 0,936868 0,000263
омерзение 1,322219 0,000370
он 0,000000 0,000000
описать 0,912045 0,000256
опубликовать 0,000000 0,000000
опустить 0,752344 0,000211
опять 0,027438 0,000031
орех 1,468347 0,000411
осведомиться 0,805589 0,000451
основание 0,787106 0,000662
основываться 1,468347 0,000411
особа 0,769377 0,000216
особенно 0,129891 0,000036
особливый 1,264227 0,000354
оставаться 0,280827 0,000079
оставить 0,203530 0,000114
остановить 0,565257 0,000158
остаться 0,133894 0,000113
осторожно 0,912045 0,000511
отвергнуть 0,991226 0,000278
ответ 0,322219 0,000181
ответить 0,121994 0,000068
отвечать 0,258832 0,000580
отдавать 0,787106 0,000441
отдать 0,381987 0,000856
отец 0,091770 0,000437
отнестись 1,468347 0,000411
отослать 1,213075 0,000340
отпор 1,322219 0,000370
отпустить 0,845098 0,000237
отрекаться 1,264227 0,000354
отсылка 1,866287 0,000523
отцеубийца 1,264227 0,000354
отчасти 0,611015 0,000342
отыскать 0,769377 0,000216
отыскаться 1,565257 0,000439
офицер 0,752344 0,000632
оформление 0,000000 0,000000
очень 0,024303 0,000041
очертить 1,468347 0,000411
павлович 0,286504 0,000161
пакет 0,963197 0,000540
палец 0,486076 0,000136
первый 0,018098 0,000015
передавать 0,635838 0,000534
перейти 0,000000 0,000000
переслать 1,565257 0,001316
петербург 0,434924 0,000122
пить 0,787106 0,000221
плавно 1,468347 0,000411
платок 0,675956 0,000189
плечо 0,403889 0,000113
побагроветь 1,389166 0,000389
побледнеть 0,544068 0,000152
поведать 1,468347 0,000411
поверить 0,347773 0,000390
повеситься 1,322219 0,000370
повторить 0,544068 0,000152
повторять 0,396465 0,000111
поговаривать 2,167317 0,000607
погубить 0,936868 0,000788
подборка 0,000000 0,000000
подробность 0,477121 0,000134
подсудимый 0,866287 0,001214
подтвердить 0,544068 0,000152
подумать 0,185046 0,000104
подуматься 1,213075 0,000340
подхватить 0,403889 0,000226
подходить 0,587534 0,000329
пожелать 0,675956 0,000189
позабыть 0,845098 0,000474
позволить 0,264227 0,000074
позор 0,720159 0,001412
позорный 0,991226 0,000555
пойти 0,080958 0,000068
пока 0,213075 0,000119
показание 0,752344 0,001476
показать 0,292256 0,000164
показаться 0,334808 0,000281
показывать 0,514105 0,000144
поклон 0,787106 0,000662
поклониться 0,662167 0,000186
покраснеть 0,504560 0,000141
полететь 1,021189 0,000286
полный 0,253503 0,000142
половина 0,396465 0,000778
положение 0,459747 0,000258
положим 0,720159 0,000202
полтора 0,787106 0,001103
получить 0,309985 0,000347
польза 0,675956 0,000568
помнить 0,167317 0,000328
помолвить 1,866287 0,000523
попасть 0,533849 0,000150
попросить 0,426955 0,000120
порыв 0,936868 0,000525
посетитель 0,991226 0,000555
послать 0,309985 0,000087
после 0,084532 0,000024
последний 0,066947 0,000113
послужить 0,824895 0,000231
посмертно 0,000000 0,000000
поставить 0,451314 0,000126
поступить 0,648803 0,000182
потом 0,084532 0,000261
потому 0,024303 0,000034
потребовать 0,805589 0,000226
потрясать 1,322219 0,000370
потрясти 0,845098 0,000237
потупиться 1,088136 0,000305
потчевать 1,468347 0,000411
похерить 1,866287 0,000523
походка 1,565257 0,000439
почему 0,099131 0,000056
почта 1,565257 0,000877
почтенный 0,720159 0,000202
почти 0,024303 0,000034
почтительно 1,053374 0,000590
почтительный 0,963197 0,000270
почувствовать 0,426955 0,000239
почувствоваться 1,690196 0,000474
появиться 0,662167 0,000371
появление 0,735954 0,000206
правда 0,088136 0,000049
право 0,176091 0,000148
пред 0,030597 0,000026
предварительный 1,213075 0,001360
предвидеть 1,021189 0,000286
предложить 0,623249 0,000349
предположение 0,991226 0,000555
предположить 0,824895 0,000231
председатель 1,125925 0,001893
предстоять 0,963197 0,000270
предчувствовать 0,504560 0,000424
предшествовать 1,389166 0,000389
прежде 0,077412 0,000022
презрение 0,554533 0,000311
презрительно 0,866287 0,000485
презрительный 0,963197 0,000810
преклониться 1,565257 0,000439
прекрасный 0,495219 0,000139
прекратить 1,088136 0,000305
прельстить 1,322219 0,000370
преступник 0,845098 0,000237
прибавить 0,162996 0,000228
прибежать 0,769377 0,000216
приблизиться 1,167317 0,000654
привести 0,576253 0,000161
привлекательно 2,167317 0,000607
привязаться 1,125925 0,000315
приговорить 1,322219 0,000370
прижизненный 0,000000 0,000000
признаться 0,443041 0,000248
прийти 0,095435 0,000027
принять 0,180546 0,000051
приобрести 0,912045 0,000256
припоминать 0,648803 0,000364
припомнить 0,533849 0,000299
припомниться 1,213075 0,000340
прислать 0,403889 0,000113
пристально 0,389166 0,000109
присяга 1,468347 0,000411
приходить 0,243038 0,000136
причина 0,396465 0,000222
проговорить 0,110412 0,000062
программирование 0,000000 0,000000
продолжать 0,125925 0,000071
произведение 0,000000 0,000000
произвести 0,504560 0,000283
произойти 0,258832 0,000145
пройти 0,000000 0,000000
прокричать 0,599116 0,000168
прокуратура 1,690196 0,000474
прокурор 0,787106 0,001764
пронестись 0,963197 0,000540
проницательность 2,167317 0,000607
пропасть 0,769377 0,000216
пропустить 0,845098 0,000474
прорываться 1,565257 0,000439
просить 0,150284 0,000042
проследовать 2,167317 0,000607
простирать 1,167317 0,000327
просто 0,232819 0,000065
против 0,389166 0,000109
противоречить 1,053374 0,000295
прочить 0,648803 0,000364
прямо 0,118099 0,000132
публика 0,805589 0,000677
публикация 0,000000 0,000000
пустяк 0,888564 0,000249
пять 0,222835 0,000250
пятьсот 0,936868 0,000263
равно 0,303994 0,000085
раз 0,309985 0,000087
разве 0,146128 0,000041
разговор 0,264227 0,000074
разгореться 1,389166 0,000389
раздражить 0,720159 0,000202
разлучница 1,866287 0,000523
разочаровывать 2,167317 0,000607
разразиться 1,053374 0,000295
разрешение 0,000000 0,000000
разумеется 0,328468 0,000184
разыграться 1,866287 0,000523
ракитин 0,787106 0,000882
раскачка 2,167317 0,000607
раскраснеться 1,389166 0,000389
распря 1,866287 0,000523
рассказ 0,477121 0,000267
рассказать 0,280827 0,000236
рассказывать 0,341243 0,000382
расспрос 1,053374 0,000295
расстаться 0,936868 0,000263
ревнивый 1,088136 0,000305
резко 0,648803 0,000182
речь 0,486076 0,000136
решимость 0,963197 0,000270
решительный 0,611015 0,000342
решить 0,232819 0,000065
решиться 0,341243 0,000191
робко 0,787106 0,000221
робость 1,264227 0,000708
родный 0,565257 0,000475
родственник 0,805589 0,000226
роковой 0,704919 0,000198
россия 0,514105 0,000144
рубль 0,334808 0,000469
рука 0,030597 0,000017
руководить 1,264227 0,000354
русский 0,411442 0,000115
рыдать 0,963197 0,000270
сайт 0,000000 0,000000
сам 0,002964 0,000009
самовластный 1,468347 0,000411
самозаклание 2,167317 0,000607
самообвинение 1,866287 0,000523
самоосуждение 1,866287 0,000523
самсонов 1,053374 0,000295
самый 0,018098 0,000046
сверкать 0,611015 0,000171
сверкнуть 0,866287 0,000243
свет 0,176091 0,000049
свидание 0,514105 0,000288
свидетель 0,459747 0,000129
свидетельствовать 0,888564 0,000249
свободно 0,000000 0,000000
своеобразный 1,389166 0,000389
свой 0,000000 0,000000
сделать 0,102859 0,000058
сдержанно 1,021189 0,000286
сдержать 0,752344 0,000211
себя 0,000000 0,000000
сегодня 0,194189 0,000109
сейчас 0,070407 0,000118
село 0,888564 0,000498
семейство 0,451314 0,000126
семьдесят 0,000000 0,000000
сердечный 0,866287 0,000243
сердце 0,095435 0,000160
сестра 0,477121 0,000267
сжать 0,963197 0,000270
сжаться 1,690196 0,000474
сигнал 2,167317 0,000607
сидеть 0,125925 0,000035
сила 0,185046 0,000104
сильно 0,292256 0,000082
симпатично 1,690196 0,000947
симпатичный 1,389166 0,000389
симпатия 1,167317 0,000327
сказать 0,011981 0,000023
сказывать 1,213075 0,000340
скамья 1,213075 0,000340
скандал 0,845098 0,000237
скобка 1,389166 0,000389
скроить 1,690196 0,000474
скромно 1,053374 0,000590
скрыть 0,991226 0,000278
слабость 0,888564 0,000249
слава 0,635838 0,000178
следствие 0,912045 0,001022
слово 0,027438 0,000054
случиться 0,292256 0,000082
слушать 0,203530 0,000057
слыхать 0,675956 0,000189
слышать 0,125925 0,000106
смердяков 0,576253 0,001130
сметь 0,389166 0,000109
смешок 1,125925 0,000315
смеяться 0,171682 0,000096
смотреть 0,077412 0,000022
смысл 0,523865 0,000147
снисхождение 1,565257 0,000439
снять 0,704919 0,000198
собрание 1,088136 0,000305
собственный 0,264227 0,000074
совершенно 0,180546 0,000051
совершенный 0,451314 0,000126
совершить 0,769377 0,000216
совсем 0,021189 0,000030
согласие 0,000000 0,000000
согласиться 0,396465 0,000111
содрогаться 1,866287 0,001046
сознаваться 1,565257 0,000439
сознаться 0,769377 0,000216
солгать 0,824895 0,000462
сомнение 0,426955 0,000120
сообразить 0,690196 0,000193
сообщить 0,434924 0,000122
соперничество 1,468347 0,000823
сосредоточить 1,690196 0,000474
состояние 0,322219 0,000090
состоять 0,514105 0,000144
сотня 0,991226 0,000278
сочинение 1,468347 0,000411
спасать 1,088136 0,000305
спасение 0,991226 0,000278
спасибо 0,866287 0,000243
спасти 0,468347 0,000394
спокойно 0,648803 0,000364
спокойный 0,576253 0,000161
спрашивать 0,232819 0,000196
спросить 0,114239 0,000192
средство 0,888564 0,000996
старик 0,303994 0,000085
стать 0,002964 0,000002
степень 0,367977 0,000103
стиснуть 1,322219 0,000370
столь 0,434924 0,000122
сторона 0,110412 0,000093
страсть 0,735954 0,000412
строго 0,576253 0,000161
струна 1,565257 0,000439
стул 0,434924 0,000244
стучать 0,866287 0,000243
стыд 0,533849 0,000449
стыдиться 0,623249 0,000175
стыдливый 1,213075 0,000340
суд 0,554533 0,000466
сумрачный 1,565257 0,000439
существенный 1,264227 0,000354
существовать 0,635838 0,000178
схватиться 1,088136 0,000305
счастие 0,451314 0,000253
считать 0,275223 0,000154
сюда 0,232819 0,000065
также 0,000000 0,000000
таки 0,066947 0,000075
таковой 0,451314 0,000126
такой 0,002964 0,000006
твёрдо 0,419129 0,000822
текст 0,000000 0,000000
тема 0,735954 0,000206
теперь 0,015029 0,000038
течение 1,021189 0,000286
тихо 0,354404 0,000298
тогда 0,050046 0,000266
тогдашний 0,635838 0,000178
тоже 0,043466 0,000085
только 0,002964 0,000012
том 1,565257 0,000439
тон 0,648803 0,000182
торжествовать 0,824895 0,000231
тот 0,002964 0,000002
тотчас 0,046743 0,000052
точно 0,121994 0,000034
точность 0,735954 0,000206
точный 0,866287 0,000243
трагический 1,213075 0,000340
требовательный 2,167317 0,000607
тревога 0,648803 0,000182
три 0,303994 0,000341
тридцать 0,599116 0,000168
трубный 2,167317 0,000607
туда 0,495219 0,000139
тысяча 0,217927 0,001160
тяжело 0,565257 0,000158
тёмный 0,523865 0,000147
убедиться 0,623249 0,000175
убеждение 0,554533 0,000466
убеждённый 0,635838 0,000178
убивать 0,805589 0,000226
убить 0,275223 0,000694
уважать 0,523865 0,000147
уверенность 1,021189 0,000572
уверенный 0,611015 0,000342
уверить 0,599116 0,000671
уверять 0,411442 0,000231
увлечение 1,021189 0,000286
увлечь 1,167317 0,000654
увоз 1,690196 0,000474
угадать 0,599116 0,000168
угроза 1,125925 0,000631
ударять 1,213075 0,001699
удивительно 0,866287 0,000485
удивительный 0,735954 0,000206
ужасный 0,322219 0,000090
узнать 0,106619 0,000030
указанный 1,468347 0,001234
указать 0,554533 0,000466
указывать 0,599116 0,001511
уклончиво 1,690196 0,000474
улыбаться 0,544068 0,000305
ум 0,720159 0,000202
умерить 1,866287 0,000523
умерший 0,000000 0,000000
умолять 0,805589 0,000226
уничтожить 1,264227 0,000354
упасть 0,495219 0,000139
упомянуть 0,704919 0,000395
употребить 1,088136 0,000305
усесться 0,662167 0,000186
усиленно 1,264227 0,000354
усиливаться 1,264227 0,000354
условие 0,936868 0,000263
услышать 0,381987 0,000107
усмехнуться 0,374926 0,000105
успеть 0,203530 0,000057
успокоить 0,824895 0,000231
успокоиться 0,735954 0,000206
устранить 1,690196 0,000474
устремиться 1,213075 0,000340
устыдиться 1,565257 0,000439
утаить 1,264227 0,000354
утверждать 0,623249 0,000349
факт 0,533849 0,000299
фетюкович 1,167317 0,003271
фунт 1,322219 0,000370
фёдор 0,434924 0,000487
фёдорович 0,150284 0,000126
характер 0,374926 0,000315
характерный 0,845098 0,000237
ходить 0,213075 0,000060
холодеть 1,565257 0,000439
хороший 0,077412 0,000130
хотеть 0,033778 0,000019
хоть 0,060107 0,000152
хотя 0,050046 0,000014
цель 0,361137 0,000202
час 0,185046 0,000104
часть 0,002964 0,000002
чей 0,000000 0,000000
человек 0,011981 0,000013
через 0,258832 0,000073
честность 1,167317 0,000654
честь 0,403889 0,000113
четвёртый 0,286504 0,000161
число 0,704919 0,000198
читаемый 2,167317 0,000607
читать 0,403889 0,000113
член 0,752344 0,000211
чрез 0,275223 0,000077
чрезвычайно 0,217927 0,000183
чрезвычайный 0,258832 0,000073
что 0,030597 0,000009
чтоб 0,073896 0,000021
чтобы 0,030597 0,000051
чувство 0,158717 0,000089
чувствовать 0,264227 0,000074
чуть 0,176091 0,000049
чёрный 0,504560 0,000424
шаль 1,322219 0,000370
шапка 1,468347 0,000411
шевелиться 1,213075 0,000340
шоколат 1,866287 0,000523
щедрый 1,866287 0,000523
экспертиза 1,468347 0,000411
эпизод 1,021189 0,001431
это 0,002964 0,000009
этот 0,002964 0,000010
юрист 1,468347 0,000411
я 0,024303 0,000075
явиться 0,298086 0,000251
явно 1,088136 0,000305
ясно 0,354404 0,000298
