автор 0,000000 0,000000
авторский 0,000000 0,000000
алексей 0,000000 0,000000
алеш 0,328468 0,000372
басня 1,565257 0,000443
беззвучно 2,167317 0,000614
безукоризненно 1,690196 0,000479
безумный 0,824895 0,000234
белый 0,720159 0,000408
беспокоиться 0,514105 0,000146
бесчестить 1,565257 0,000443
бесчестный 0,888564 0,000503
библиотека 1,866287 0,001585
биться 0,623249 0,000176
благородный 0,374926 0,000106
близкий 0,477121 0,000135
богатый 0,587534 0,000166
более 0,000000 0,000000
болезненный 0,611015 0,000173
больно 0,787106 0,000223
больной 0,258832 0,000366
большой 0,056728 0,000016
боязнь 1,264227 0,000358
бояться 0,158717 0,000045
брат 0,060107 0,000187
брать 0,486076 0,000138
бредить 0,912045 0,000775
бросить 0,269690 0,000076
броситься 0,258832 0,000073
будто 0,099131 0,000028
бумага 0,735954 0,000625
бывший 0,389166 0,000110
быть 0,000000 0,000000
важность 0,991226 0,000281
ванька 1,565257 0,000443
ваш 0,121994 0,000207
ввиду 1,088136 0,000308
вглядываться 0,936868 0,000265
вдруг 0,005949 0,000034
ведь 0,043466 0,000012
везти 0,866287 0,000245
велеть 0,576253 0,000163
венчать 1,468347 0,000416
верить 0,180546 0,000153
вероятно 0,623249 0,000176
весь 0,002964 0,000003
вечер 0,322219 0,000182
вечером 0,533849 0,000151
вечно 0,824895 0,000234
вещественный 1,389166 0,001180
вещь 0,411442 0,000116
взвизгивать 1,565257 0,000443
взволновать 0,866287 0,000245
взять 0,077412 0,000241
вид 0,150284 0,000043
видение 1,125925 0,000319
видеть 0,027438 0,000062
видимо 0,328468 0,000186
видимый 0,443041 0,000125
видно 0,504560 0,000143
визит 0,845098 0,000239
вина 1,053374 0,000298
виновный 0,704919 0,000200
вместо 0,411442 0,000116
внезапный 0,533849 0,000453
внимание 0,504560 0,000143
внимательно 0,845098 0,000239
внимательный 1,125925 0,000319
вода 0,587534 0,000166
возбуждение 1,021189 0,000289
вознаграждение 0,000000 0,000000
вообразить 0,662167 0,000187
вопить 1,322219 0,000374
вопль 1,125925 0,000638
вопрос 0,146128 0,000290
воротиться 0,303994 0,000086
восемь 0,735954 0,000208
воскликнуть 0,269690 0,000305
восклицать 0,533849 0,000302
впервые 1,565257 0,000443
вперёд 0,426955 0,000121
впечатление 0,389166 0,000220
вполне 0,316059 0,000089
впоследствии 0,662167 0,000187
вправду 0,888564 0,000252
впрочем 0,118099 0,000100
врач 1,264227 0,000358
время 0,018098 0,000015
всегда 0,129891 0,000074
всеять 0,888564 0,000252
вскоца 2,167317 0,002454
вскочить 0,451314 0,000383
вскрикивать 1,213075 0,000343
вскричать 0,253503 0,000144
вслед 0,523865 0,000148
вслух 0,533849 0,000151
встать 0,269690 0,000076
встречать 0,735954 0,000208
всходить 1,322219 0,000374
вход 0,752344 0,000213
вчера 0,341243 0,000193
вчитаться 2,167317 0,000614
вывесть 1,866287 0,000528
выводить 0,936868 0,000265
вызвать 0,824895 0,000234
вызов 0,866287 0,000245
выкрикивать 1,264227 0,000716
выносить 0,888564 0,000252
вынуть 0,451314 0,000256
выплата 0,000000 0,000000
вырваться 0,565257 0,000320
выродиться 2,167317 0,000614
высказаться 0,936868 0,000265
выслать 1,690196 0,000479
выслушать 0,426955 0,000363
выслушивать 1,213075 0,000343
вытянуть 1,468347 0,000416
гадина 1,322219 0,000374
геологический 1,866287 0,000528
гимн 1,213075 0,000343
главное 0,185046 0,000052
главный 0,426955 0,000121
глаз 0,056728 0,000128
глубина 0,866287 0,000245
глубокий 0,477121 0,000270
глубоко 0,611015 0,000173
глупо 0,845098 0,000479
глупость 0,576253 0,000163
глядеть 0,243038 0,000275
говорить 0,011981 0,000027
голова 0,114239 0,000097
голос 0,208276 0,000059
гора 0,805589 0,000228
гордость 0,587534 0,000333
гордый 0,576253 0,000163
город 0,248239 0,000070
горячка 0,963197 0,001636
господин 0,208276 0,000059
гость 0,434924 0,000123
готовый 0,367977 0,000313
громко 0,504560 0,000286
грудь 0,443041 0,000125
грушенек 0,787106 0,000223
даваться 1,690196 0,000479
давеча 0,232819 0,000264
даже 0,005949 0,000013
дальнейший 0,845098 0,000239
далёкий 0,411442 0,000116
дама 0,434924 0,000123
дать 0,171682 0,000194
двенадцатый 0,690196 0,000391
девичий 1,690196 0,000479
девка 1,021189 0,000289
дело 0,011981 0,000003
день 0,118099 0,000167
деньга 0,185046 0,000943
деревня 0,963197 0,000273
дескать 0,419129 0,000119
дикий 0,720159 0,000204
дмитрий 0,396465 0,000112
довольно 0,129891 0,000037
довольный 0,495219 0,000140
дожидаться 1,167317 0,000330
доказательство 0,824895 0,000701
доктор 0,554533 0,000785
документ 1,053374 0,000895
долго 0,222835 0,000126
должный 0,099131 0,000112
доложить 1,021189 0,000578
допросить 1,565257 0,000443
дорога 0,275223 0,000078
достаточно 1,264227 0,000358
достаться 0,888564 0,000252
достоевский 0,000000 0,000000
достояние 0,000000 0,000000
друг 0,180546 0,000358
другой 0,008955 0,000013
дрянный 1,125925 0,000319
думать 0,060107 0,000034
дурнота 2,167317 0,000614
дух 0,486076 0,000138
душа 0,158717 0,000090
дьявол 1,322219 0,000374
единственный 0,648803 0,000367
если 0,011981 0,000027
есть 0,018098 0,000026
ехидно 1,690196 0,000479
жадно 1,053374 0,000298
жгучий 1,213075 0,000343
ждать 0,142011 0,000040
желать 0,232819 0,000330
жениться 0,554533 0,000314
женщина 0,213075 0,000121
жертва 0,769377 0,000436
жизнь 0,084532 0,000072
забеспокоиться 1,565257 0,000443
заволноваться 1,468347 0,000416
завопить 0,769377 0,000871
завязать 1,468347 0,000416
загорланить 2,167317 0,000614
задумчиво 0,912045 0,000258
задумчивость 0,912045 0,000258
задыхаться 0,635838 0,000180
заикаться 1,690196 0,000479
заключить 0,347773 0,000098
закричать 0,434924 0,000246
закрыть 0,576253 0,000163
зал 0,936868 0,000531
зала 0,662167 0,001125
замереть 1,021189 0,000289
заметить 0,056728 0,000032
замучить 1,264227 0,000358
занести 1,322219 0,000374
заниматься 0,963197 0,000273
запеть 1,322219 0,000374
заранее 0,576253 0,000326
зарыдать 1,213075 0,000343
засверкать 0,720159 0,000204
заседание 1,389166 0,000393
заслужить 0,824895 0,000234
засмеяться 0,347773 0,000098
затем 0,237898 0,000067
затихнуть 0,912045 0,000258
зато 0,468347 0,000133
захотеть 0,316059 0,000358
захоца 2,167317 0,002454
зачем 0,146128 0,000041
защитник 0,963197 0,001091
зверь 0,991226 0,000281
здесь 0,095435 0,000081
здоровый 0,769377 0,000653
здравый 1,125925 0,000319
земля 0,298086 0,000084
земной 0,845098 0,000239
злоба 0,523865 0,000445
злой 0,587534 0,000166
злорадно 1,866287 0,000528
змея 1,690196 0,000479
знаменитый 0,936868 0,000265
знать 0,002964 0,000012
значит 0,243038 0,000069
зрелище 1,468347 0,001247
зрительница 2,167317 0,000614
иван 0,232819 0,000923
иванович 0,269690 0,000534
изверг 0,936868 0,001857
измена 1,167317 0,001322
изменить 0,769377 0,000218
изнеможённый 1,866287 0,000528
изучить 1,322219 0,000374
именно 0,066947 0,000076
иметь 0,118099 0,000201
ипполит 0,599116 0,000170
искривить 1,167317 0,000330
искривленный 1,565257 0,000443
использоваться 0,000000 0,000000
испуг 0,554533 0,000157
испугаться 0,523865 0,000148
исступление 0,565257 0,000320
истерика 0,752344 0,000639
истерический 0,888564 0,000252
источник 1,565257 0,000443
истратить 1,125925 0,000319
каждый 0,137934 0,000117
казаться 0,063514 0,000054
какой 0,005949 0,000019
каналья 1,468347 0,000416
карамазов 0,180546 0,000204
катастрофа 0,936868 0,000796
катерина 0,587534 0,001164
катя 0,912045 0,002324
квадриллион 1,866287 0,001057
кивнуть 0,912045 0,000258
кинуться 0,991226 0,000561
кириллович 1,021189 0,000289
клеветать 1,167317 0,000330
клясться 0,554533 0,000314
книга 0,106619 0,000091
когда 0,015029 0,000038
комар 0,000000 0,000000
конвульсивный 1,468347 0,000416
конец 0,213075 0,000060
конечно 0,060107 0,000051
конфиденциально 1,468347 0,000416
кончить 0,328468 0,000093
кончиться 0,495219 0,000140
который 0,002964 0,000009
крайний 0,292256 0,000165
красноречие 1,213075 0,000343
кратко 1,866287 0,000528
крестьянский 1,565257 0,000443
кривляться 1,322219 0,000374
кричать 0,303994 0,000086
кроме 0,158717 0,000045
кто 0,114239 0,000032
куда 0,248239 0,000070
лгать 0,599116 0,000339
лгун 1,690196 0,000479
легко 0,752344 0,000213
лежать 0,243038 0,000138
лечиться 1,322219 0,000374
либо 0,000000 0,000000
литература 1,468347 0,000416
лицо 0,000000 0,000000
лишь 0,185046 0,000210
ломать 0,963197 0,000273
любить 0,066947 0,000057
любовь 0,334808 0,000569
любой 0,000000 0,000000
любопытный 0,648803 0,000184
любопытство 0,361137 0,000102
лёгкий 0,599116 0,000170
мало 0,208276 0,000059
малый 0,334808 0,000095
мановение 1,690196 0,000479
математический 1,565257 0,000443
математичность 2,167317 0,000614
мгновенно 0,888564 0,000252
медленно 0,805589 0,000912
между 0,129891 0,000037
мелкий 0,690196 0,000195
мелькать 1,021189 0,000289
мера 0,217927 0,000123
мерил 2,167317 0,000614
место 0,099131 0,000112
месяц 0,264227 0,000224
мечтать 0,752344 0,000213
мешаться 2,167317 0,000614
минута 0,050046 0,000113
митя 0,451314 0,002300
многое 0,443041 0,000251
можно 0,088136 0,000025
мой 0,077412 0,000066
молить 0,769377 0,000218
молодой 0,222835 0,000063
молчать 0,248239 0,000070
момент 0,000000 0,000000
москва 0,468347 0,000133
московский 1,053374 0,000298
мочь 0,000000 0,000000
мстить 1,322219 0,000374
мутно 2,167317 0,000614
мутный 1,565257 0,000443
мучить 0,419129 0,000237
мщение 1,088136 0,000616
мягко 1,167317 0,000330
наверно 0,264227 0,000150
навострить 1,690196 0,000479
нагнуться 0,824895 0,000234
надо 0,036984 0,000021
надорвать 1,389166 0,000787
назад 0,000000 0,000000
название 1,088136 0,000308
называть 0,477121 0,000135
найти 0,298086 0,000169
накануне 0,662167 0,000187
наконец 0,073896 0,000042
намеренно 1,565257 0,000443
написать 0,000000 0,000000
напиться 1,167317 0,000330
например 0,298086 0,000084
напротив 0,180546 0,000051
напряжение 1,264227 0,000358
напрячь 1,690196 0,000479
нарастать 1,213075 0,000343
народность 1,866287 0,000528
наружу 1,322219 0,000374
наследство 0,824895 0,000234
настаивать 0,565257 0,000160
настоящий 0,309985 0,000088
наука 0,787106 0,000223
научить 0,963197 0,000273
нахмуренно 1,389166 0,000393
начало 0,243038 0,000069
начальство 0,912045 0,000258
начать 0,066947 0,000095
начаться 0,514105 0,000146
наш 0,118099 0,000067
наэлектризовать 2,167317 0,000614
наяву 1,213075 0,000343
невозможно 0,411442 0,000116
невозможный 0,623249 0,000176
невольно 0,704919 0,000200
неделя 0,374926 0,000212
недоверчивость 1,125925 0,000319
нездоровый 1,053374 0,000596
нездоровье 2,167317 0,000614
незнание 1,690196 0,000479
неистовый 0,888564 0,000252
нельзя 0,176091 0,000050
немедленно 0,554533 0,000471
ненавидеть 0,514105 0,000582
неожиданно 0,523865 0,000297
неожиданный 0,419129 0,000119
неподвижный 0,991226 0,000281
непонятный 1,053374 0,000298
непременно 0,133894 0,000038
несвязный 1,565257 0,000443
несколько 0,095435 0,000054
нетерпение 0,554533 0,000157
нехотя 1,389166 0,000393
нибыть 0,030597 0,000069
низость 0,845098 0,000479
никто 0,095435 0,000054
ничего 0,030597 0,000078
новый 0,167317 0,000047
нога 0,213075 0,000060
ночь 0,189594 0,000054
нужный 0,477121 0,000270
обвести 1,322219 0,000374
обвинительный 1,565257 0,000443
обдумать 0,936868 0,000531
обезуметь 1,468347 0,000416
обернуться 0,576253 0,000163
обидно 1,053374 0,000298
обиженный 0,752344 0,000213
обожать 0,888564 0,000252
образ 0,243038 0,000069
обратить 0,769377 0,000218
обратиться 0,316059 0,000179
обращать 0,963197 0,000273
обстоятельство 0,403889 0,000114
общественный 0,000000 0,000000
объявить 0,389166 0,000110
объяснить 0,374926 0,000212
овладеть 0,912045 0,000258
оглядывать 0,991226 0,000281
одетый 0,648803 0,000184
один 0,000000 0,000000
однажды 0,635838 0,000180
однако 0,102859 0,000029
ожидание 0,662167 0,000187
ожидать 0,264227 0,000075
оказать 1,213075 0,000343
он 0,000000 0,000000
опасный 0,845098 0,000239
описать 0,912045 0,000775
описывать 1,125925 0,000638
опомниться 0,888564 0,000252
оправиться 1,565257 0,000443
опубликовать 0,000000 0,000000
опустить 0,752344 0,000213
опять 0,027438 0,000047
освободить 1,565257 0,000443
оскорбить 0,599116 0,000170
осматривать 1,053374 0,000298
осмыслить 1,021189 0,000289
основательно 1,690196 0,000479
особенно 0,129891 0,000037
особенность 1,125925 0,000319
особенный 0,389166 0,000331
особый 0,565257 0,000160
остальной 0,367977 0,000104
остановиться 0,269690 0,000076
остаться 0,133894 0,000038
ответить 0,121994 0,000069
отвечать 0,258832 0,000220
отвращение 0,769377 0,000218
отговориться 1,866287 0,000528
отдавать 0,787106 0,000446
отдать 0,381987 0,000324
отец 0,091770 0,000468
открывать 0,963197 0,000273
открыть 0,635838 0,000180
отношение 0,623249 0,000176
отослать 1,213075 0,000343
отпустить 0,845098 0,000239
отцеубийство 1,322219 0,000374
отцеубийца 1,264227 0,000358
отчаяние 0,544068 0,000154
отчий 0,554533 0,000314
оформление 0,000000 0,000000
очень 0,024303 0,000007
очутиться 0,675956 0,000191
пакет 0,963197 0,001091
панева 2,167317 0,000614
пациент 1,322219 0,000374
пачка 0,963197 0,000545
первенствовать 2,167317 0,000614
первый 0,018098 0,000005
переворот 1,213075 0,000343
передать 0,381987 0,000216
перейти 0,000000 0,000000
перекрёстный 2,167317 0,000614
перерыв 1,565257 0,000443
перестать 0,411442 0,000116
писать 0,419129 0,000237
письмо 0,434924 0,001724
питер 1,866287 0,000528
плечо 0,403889 0,000114
победить 0,787106 0,000223
побудить 1,389166 0,000393
повернуться 0,495219 0,000140
поверьте 0,866287 0,000245
повеситься 1,322219 0,000374
повторение 1,690196 0,000479
повторять 0,396465 0,000224
погибнуть 0,888564 0,000503
погубить 0,936868 0,000796
подавить 1,125925 0,000319
подавлять 1,565257 0,000443
подать 0,451314 0,000128
подборка 0,000000 0,000000
подлец 0,554533 0,000157
подлом 1,690196 0,000479
подлый 0,675956 0,000191
поднять 0,396465 0,000224
подняться 0,443041 0,000251
подозревать 0,504560 0,000286
подоспеть 1,866287 0,000528
подробность 0,477121 0,000135
подробный 0,888564 0,000252
подсказывать 1,468347 0,000416
подсудимый 0,866287 0,000491
подтвердить 0,544068 0,000308
подтверждение 1,213075 0,000343
поехать 0,576253 0,000163
пожалуйста 0,662167 0,000375
пожертвовать 0,963197 0,000545
позволение 1,053374 0,000298
пойти 0,080958 0,000046
пока 0,213075 0,000121
показание 0,752344 0,002130
показать 0,292256 0,000331
показывать 0,514105 0,000291
поклон 0,787106 0,000446
поклониться 0,662167 0,000187
полагать 0,720159 0,000204
полететь 1,021189 0,000289
положительно 0,805589 0,000228
положить 0,403889 0,000114
получить 0,309985 0,000439
пользоваться 0,963197 0,000273
помедлить 1,690196 0,000479
помереть 0,720159 0,000204
помешанный 0,769377 0,000218
помирать 1,264227 0,000358
помнить 0,167317 0,000237
понимать 0,095435 0,000135
понять 0,106619 0,000272
попросить 0,426955 0,000242
поразить 0,243038 0,000069
порваться 1,565257 0,000443
порядок 0,704919 0,000200
посетитель 0,991226 0,000561
послать 0,309985 0,000088
последний 0,066947 0,000038
последствие 1,053374 0,000298
посмертно 0,000000 0,000000
посмотреть 0,213075 0,000241
пособие 2,167317 0,000614
постановить 1,565257 0,000443
поступок 0,623249 0,000353
посылать 0,787106 0,000223
потом 0,084532 0,000048
потому 0,024303 0,000083
потрясать 1,322219 0,000374
потрясный 1,213075 0,000343
потупиться 1,088136 0,000308
походить 1,088136 0,000308
похожий 0,611015 0,000173
почему 0,099131 0,000056
почти 0,024303 0,000021
почтительно 1,053374 0,000298
почувствовать 0,426955 0,000242
почувствоваться 1,690196 0,000479
появиться 0,662167 0,000187
появление 0,735954 0,000208
правда 0,088136 0,000050
превосходительство 1,053374 0,001193
пред 0,030597 0,000043
предать 0,866287 0,000491
предвидеть 1,021189 0,000578
предлагать 0,824895 0,000467
предложить 0,623249 0,000353
предречь 1,468347 0,000416
председатель 1,125925 0,006694
предсмертный 1,866287 0,000528
представить 0,286504 0,000081
представляться 0,611015 0,000173
предстоять 0,963197 0,000273
предъявить 1,866287 0,000528
прежде 0,077412 0,000066
прежний 0,198834 0,000113
презирать 0,662167 0,001875
презрение 0,554533 0,000157
прение 1,565257 0,000443
прервать 0,623249 0,000176
преступление 0,623249 0,000353
прибавить 0,162996 0,000138
прибежать 0,769377 0,000218
приблизиться 1,167317 0,000661
привязаться 1,125925 0,000319
приглашать 0,991226 0,000281
приговор 0,824895 0,000234
приезжий 1,264227 0,000716
прижизненный 0,000000 0,000000
признаваться 0,912045 0,000775
признание 0,824895 0,000467
признать 0,735954 0,000417
прийти 0,095435 0,000108
принести 0,389166 0,000331
припадок 0,544068 0,000308
прислать 0,403889 0,000229
прислушиваться 1,088136 0,000308
присоединить 1,866287 0,000528
пристав 1,690196 0,001914
пристать 1,088136 0,001848
присяга 1,468347 0,000416
присяжный 0,991226 0,000281
притворяться 1,213075 0,000343
приходить 0,243038 0,000206
пробовать 1,088136 0,000308
проговорить 0,110412 0,000063
программа 1,468347 0,000416
программирование 0,000000 0,000000
продолжать 0,125925 0,000107
продолжаться 0,704919 0,000200
произведение 0,000000 0,000000
произвести 0,504560 0,000286
произнести 0,280827 0,000080
пройти 0,000000 0,000000
прокричать 0,599116 0,000339
прокурор 0,787106 0,002228
прокутить 1,468347 0,000416
промелькнуть 0,936868 0,000265
пропустить 0,845098 0,000239
просить 0,150284 0,000043
проскрежетать 1,167317 0,000661
простить 0,286504 0,000162
простодушный 0,690196 0,000195
простонать 1,264227 0,000358
просьба 0,623249 0,000176
против 0,389166 0,000110
протокол 1,468347 0,000416
протягивать 1,088136 0,000308
протянуть 0,486076 0,000138
проч 0,662167 0,000375
прочесть 0,443041 0,000502
прочитать 0,912045 0,000258
прямо 0,118099 0,000033
публика 0,805589 0,000684
публикация 0,000000 0,000000
пустить 0,735954 0,000208
пытать 1,565257 0,000443
пьяный 0,451314 0,000511
равно 0,303994 0,000086
ради 0,752344 0,000213
радость 0,411442 0,000116
раз 0,309985 0,000088
разве 0,146128 0,000083
развратник 1,690196 0,000479
развязка 1,213075 0,000343
раздвигаться 1,690196 0,000479
разный 0,565257 0,000160
разойтись 0,888564 0,000252
разом 0,389166 0,000110
разразиться 1,053374 0,000298
разрешение 0,000000 0,000000
разумеется 0,328468 0,000279
распорядиться 0,805589 0,000228
рассердиться 0,523865 0,000148
рассказать 0,280827 0,000239
рассмеяться 0,599116 0,000170
рвануться 1,468347 0,000416
рваться 1,053374 0,000596
репутация 1,053374 0,000298
речь 0,486076 0,000550
ровно 0,533849 0,000151
родный 0,565257 0,000160
рожа 1,565257 0,000443
роковой 0,704919 0,000200
рука 0,030597 0,000017
русский 0,411442 0,000116
рыдать 0,963197 0,000545
сайт 0,000000 0,000000
сам 0,002964 0,000008
самый 0,018098 0,000026
сарафан 2,167317 0,000614
сатана 1,213075 0,000343
свестись 1,866287 0,000528
свет 0,176091 0,000050
свидетель 0,459747 0,001302
свидетельница 1,866287 0,000528
свободно 0,000000 0,000000
свой 0,000000 0,000000
связно 1,866287 0,000528
сделать 0,102859 0,000029
сделаться 0,735954 0,000417
себя 0,000000 0,000000
сегодня 0,194189 0,000110
сейчас 0,070407 0,000120
секретарь 1,322219 0,000374
секунда 0,565257 0,000320
семьдесят 0,000000 0,000000
сестра 0,477121 0,000135
сидеть 0,125925 0,000036
сидя 0,845098 0,000239
сказать 0,011981 0,000017
сколько 0,280827 0,000239
скопляться 2,167317 0,000614
скорее 0,514105 0,000291
скорый 0,237898 0,000135
слава 0,635838 0,000180
следовать 0,544068 0,000154
следствие 0,912045 0,000775
слететь 1,213075 0,000343
слово 0,027438 0,000023
слушайте 0,912045 0,000258
слушать 0,203530 0,000115
слыхать 0,675956 0,000191
слышать 0,125925 0,000107
смердяков 0,576253 0,001305
смерть 0,374926 0,000425
смеяться 0,171682 0,000097
смотреть 0,077412 0,000088
смысл 0,523865 0,000148
смягчить 1,322219 0,000374
смятение 0,991226 0,000281
снести 0,845098 0,000479
снова 0,565257 0,000160
собака 0,888564 0,000252
соблазнить 1,389166 0,000393
собрание 1,088136 0,000308
совершенно 0,180546 0,000102
совесть 0,544068 0,000616
совещание 1,690196 0,000479
совсем 0,021189 0,000030
согласие 0,000000 0,000000
содрогаться 1,866287 0,000528
сойти 0,495219 0,000140
солгать 0,824895 0,000234
соображать 0,963197 0,000273
сообщение 1,167317 0,000330
сообщить 0,434924 0,000616
соперница 1,322219 0,000374
состояние 0,322219 0,000274
сотрясаться 0,963197 0,000545
сочинение 1,468347 0,000416
спасти 0,468347 0,000663
спокойно 0,648803 0,000184
способный 0,587534 0,000333
спрашивать 0,232819 0,000132
спросить 0,114239 0,000065
сразить 1,565257 0,000443
стать 0,002964 0,000005
стол 0,286504 0,000162
столичный 1,053374 0,000298
стон 1,322219 0,000374
сторона 0,110412 0,000063
страж 1,866287 0,000528
страшный 0,286504 0,000081
стремительно 0,936868 0,000531
стремительный 1,565257 0,000443
строго 0,576253 0,000163
стул 0,434924 0,000369
стыд 0,533849 0,000453
стыдно 0,504560 0,000143
суд 0,554533 0,001099
судебный 0,963197 0,003272
судорожно 1,167317 0,000330
суетливый 1,389166 0,000393
суматоха 1,468347 0,000831
существовать 0,635838 0,000180
схватить 0,347773 0,000591
сходить 0,611015 0,000173
сцена 0,554533 0,000157
счастие 0,451314 0,000128
счёт 0,623249 0,000176
счёты 1,565257 0,000443
съедать 2,167317 0,000614
также 0,000000 0,000000
таки 0,066947 0,000133
такой 0,002964 0,000007
тварь 0,866287 0,001226
твой 0,258832 0,000220
текст 0,000000 0,000000
теперь 0,015029 0,000017
тихо 0,354404 0,000100
тогда 0,050046 0,000241
тоже 0,043466 0,000025
толковый 1,690196 0,000479
только 0,002964 0,000015
том 1,565257 0,000443
тон 0,648803 0,000184
тонкость 1,213075 0,000343
торжествовать 0,824895 0,000234
торопиться 0,662167 0,000187
тот 0,002964 0,000007
тотчас 0,046743 0,000013
точить 0,787106 0,000446
точка 0,623249 0,000176
точно 0,121994 0,000104
трактир 0,720159 0,000612
трепетать 0,735954 0,000208
третий 0,154480 0,000087
тронутый 1,389166 0,000393
трудно 0,459747 0,000130
ты 0,133894 0,000190
тысяча 0,217927 0,000185
тяжело 0,565257 0,000160
убедить 0,888564 0,000252
убедиться 0,623249 0,000176
убийца 0,704919 0,000798
убитый 0,866287 0,000245
убить 0,275223 0,001558
увезти 0,963197 0,000545
уверенный 0,611015 0,000346
уверять 0,411442 0,000116
увидать 0,434924 0,000123
увидеть 0,222835 0,000189
уводить 1,468347 0,000416
угодный 0,504560 0,000143
угроза 1,125925 0,000319
удалиться 0,888564 0,000252
ударить 0,635838 0,000180
удержать 0,769377 0,000218
удивительно 0,866287 0,000245
удивление 0,292256 0,000165
удовлетворить 1,021189 0,000289
уехать 0,459747 0,000260
ужас 0,468347 0,000133
ужасно 0,167317 0,000142
узнать 0,106619 0,000060
уйти 0,248239 0,000070
указывать 0,599116 0,000170
украсть 0,805589 0,000228
улица 0,396465 0,000224
уличить 1,565257 0,000443
уловить 1,322219 0,000374
улыбаться 0,544068 0,000154
улыбка 0,374926 0,000212
уменьшить 1,565257 0,000443
умереть 0,269690 0,000076
умерший 0,000000 0,000000
умолчать 1,389166 0,000393
умолять 0,805589 0,000228
унести 0,991226 0,000842
уносить 1,866287 0,000528
упасть 0,495219 0,000421
упомнить 1,468347 0,000416
упор 0,963197 0,000273
усиленно 1,264227 0,000358
уследить 2,167317 0,001227
усмехнуться 0,374926 0,000212
успеть 0,203530 0,000115
успокоивать 1,866287 0,000528
успокоиться 0,735954 0,001042
утаить 1,264227 0,000358
утомление 1,866287 0,000528
утомлённый 1,389166 0,000393
утром 0,411442 0,000349
уходить 0,328468 0,000093
участь 1,053374 0,000298
уязвить 1,389166 0,000393
фетюкович 1,167317 0,000661
форма 0,991226 0,000281
фраза 0,805589 0,000228
франц 0,635838 0,000180
фёдор 0,434924 0,000246
фёдорович 0,150284 0,000553
характер 0,374926 0,000106
характеристика 1,322219 0,000374
характерный 0,845098 0,000239
хвост 1,125925 0,000319
хлеб 0,805589 0,000228
ходить 0,213075 0,000241
хороший 0,077412 0,000022
хотеть 0,033778 0,000124
хоть 0,060107 0,000034
хотя 0,050046 0,000071
христос 0,675956 0,000191
целомудренный 1,389166 0,000393
час 0,185046 0,000157
часто 0,292256 0,000083
часть 0,002964 0,000002
чей 0,000000 0,000000
человек 0,011981 0,000007
через 0,258832 0,000073
черта 0,264227 0,000075
честь 0,403889 0,000229
четвёртый 0,286504 0,000162
четыре 0,361137 0,000102
число 0,704919 0,000200
читаемый 2,167317 0,000614
читать 0,403889 0,000229
член 0,752344 0,000213
чрез 0,275223 0,000156
чрезвычайный 0,258832 0,000073
что 0,030597 0,000017
чтоб 0,073896 0,000063
чтобы 0,030597 0,000069
чувство 0,158717 0,000045
чувствовать 0,264227 0,000150
чувствоваться 1,389166 0,000393
чёрточка 0,991226 0,000281
шаг 0,367977 0,000104
шептаться 1,468347 0,000416
это 0,002964 0,000012
этот 0,002964 0,000005
эшафот 1,389166 0,000393
я 0,024303 0,000124
явиться 0,298086 0,000084
яростно 1,468347 0,000831
яростный 1,866287 0,000528
ясность 1,322219 0,000374
