автор 0,000000 0,000000
авторский 0,000000 0,000000
алексей 0,000000 0,000000
алеш 0,328468 0,000327
алёшка 1,021189 0,000678
барин 0,787106 0,000261
батька 2,167317 0,000720
батюшка 0,635838 0,001267
бегичев 2,167317 0,000720
беда 0,662167 0,000220
бельё 0,845098 0,000281
бесцеремонный 1,565257 0,000520
бесчувствие 1,565257 0,000520
библиотека 1,866287 0,001859
биение 1,565257 0,000520
бить 0,769377 0,000256
биться 0,623249 0,000414
бог 0,154480 0,000154
божий 0,623249 0,000207
более 0,000000 0,000000
болеть 0,845098 0,000281
больной 0,258832 0,000258
большой 0,056728 0,000038
борода 1,021189 0,001357
бородёнка 1,468347 0,001463
бояться 0,158717 0,000105
брань 1,565257 0,000520
брат 0,060107 0,000080
братец 0,991226 0,000329
брать 0,486076 0,000161
броситься 0,258832 0,000086
бывало 0,554533 0,000184
бывать 0,280827 0,000093
быстро 0,232819 0,000309
быть 0,000000 0,000000
вагон 0,888564 0,000590
вдруг 0,005949 0,000032
ведь 0,043466 0,000115
велеть 0,576253 0,000191
великий 0,341243 0,000113
венеция 2,167317 0,002159
верста 0,888564 0,000590
версточка 2,167317 0,000720
верхний 1,053374 0,000350
весело 0,648803 0,000215
вести 0,787106 0,000261
весь 0,002964 0,000013
весёлый 0,389166 0,000129
вечер 0,322219 0,000535
взволновать 0,866287 0,000288
взглянуть 0,468347 0,000311
вздор 0,565257 0,000188
взойти 1,088136 0,000361
вид 0,150284 0,000100
видеть 0,027438 0,000064
видимо 0,328468 0,000218
видно 0,504560 0,000168
визит 0,845098 0,000281
влево 1,690196 0,000561
влезть 1,322219 0,000439
вместо 0,411442 0,000273
вмиг 1,264227 0,000420
внезапный 0,533849 0,000355
вниз 0,752344 0,001749
внизу 0,936868 0,000933
внимательный 1,125925 0,000374
вовремя 1,167317 0,000388
вовсе 0,150284 0,000050
вода 0,587534 0,000195
воздух 0,845098 0,000281
возможность 0,587534 0,000195
вознаграждение 0,000000 0,000000
возобновляться 1,866287 0,000620
возражать 0,963197 0,000320
войти 0,137934 0,000183
воловий 1,468347 0,001951
вольный 1,389166 0,000461
вопрос 0,146128 0,000049
ворона 2,167317 0,000720
восемь 0,735954 0,000489
восемьдесят 1,468347 0,000488
восторг 0,419129 0,000278
вострый 1,690196 0,000561
впрочем 0,118099 0,000039
впрягать 1,866287 0,001240
впрямь 0,769377 0,000767
враждебный 1,389166 0,000461
время 0,018098 0,000036
вручить 1,565257 0,001040
всегда 0,129891 0,000086
всерьёз 2,167317 0,001440
вскочить 0,451314 0,000150
вскричать 0,253503 0,000084
вслед 0,523865 0,000174
вспоминать 0,623249 0,000621
вспомнить 0,434924 0,000289
вставать 0,576253 0,000191
встретить 0,459747 0,000305
второй 0,217927 0,000145
входить 0,477121 0,000317
вчера 0,341243 0,000680
въезжий 1,866287 0,000620
выдумать 0,648803 0,000215
выйти 0,063514 0,000127
вынести 0,486076 0,000161
выплата 0,000000 0,000000
выполнимый 2,167317 0,000720
выразиться 0,504560 0,000168
вырваться 0,565257 0,000188
выслушать 0,426955 0,000142
высоко 0,991226 0,000329
вытащить 0,991226 0,000329
выходить 0,258832 0,000258
гаденький 2,167317 0,000720
герценштуба 1,088136 0,000723
главное 0,185046 0,000061
гладить 1,322219 0,000439
глаз 0,056728 0,000113
глубоко 0,611015 0,000203
глядеть 0,243038 0,000404
глянуть 0,963197 0,000320
говорить 0,011981 0,000044
год 0,292256 0,000291
годиться 1,213075 0,000403
голова 0,114239 0,000038
голубчик 0,565257 0,000188
город 0,248239 0,000082
горсткина 1,866287 0,003099
горький 0,912045 0,000303
господь 0,374926 0,000125
готовый 0,367977 0,000122
григорий 0,648803 0,000646
грозить 1,053374 0,000350
грушенек 0,787106 0,000261
губерния 0,991226 0,000329
гусь 1,565257 0,000520
давать 0,253503 0,000168
давешний 0,611015 0,000203
давно 0,158717 0,000211
даже 0,005949 0,000018
далёкий 0,411442 0,000137
дать 0,171682 0,000285
два 0,198834 0,000132
двадцать 0,303994 0,000101
двенадцать 0,805589 0,000803
дверь 0,258832 0,000258
движение 0,648803 0,000215
двор 0,523865 0,000174
девять 0,888564 0,000295
действительно 0,106619 0,000035
делать 0,194189 0,000129
дело 0,011981 0,000024
день 0,118099 0,000078
деньга 0,185046 0,000061
дерево 0,752344 0,000250
держать 0,403889 0,000134
дерзить 1,565257 0,000520
дескать 0,419129 0,000139
десять 0,298086 0,000099
диван 0,648803 0,000215
дивиться 0,787106 0,000261
дмитрий 0,396465 0,000263
довольный 0,495219 0,000164
дождаться 1,125925 0,000374
доктор 0,554533 0,000368
долго 0,222835 0,000148
должный 0,099131 0,000099
доложить 1,021189 0,000678
дом 0,154480 0,000103
домашний 0,824895 0,000274
дорога 0,275223 0,000366
доскакать 1,866287 0,000620
доставить 1,021189 0,000339
достать 0,587534 0,000390
достоевский 0,000000 0,000000
достояние 0,000000 0,000000
драгоценность 1,866287 0,000620
другой 0,008955 0,000012
думать 0,060107 0,000060
дунуть 2,167317 0,000720
душа 0,158717 0,000422
дячкина 2,167317 0,000720
единственно 0,477121 0,000158
единый 0,611015 0,000203
ежедневный 1,468347 0,000488
если 0,011981 0,000016
есть 0,018098 0,000006
ехать 0,587534 0,000585
жадно 1,053374 0,000350
жаловаться 0,805589 0,000268
ждать 0,142011 0,000141
желание 0,514105 0,000341
железный 0,752344 0,000500
жена 0,486076 0,000323
женатый 1,125925 0,000374
жест 0,787106 0,000261
живо 1,389166 0,000461
жизнь 0,084532 0,000140
жить 0,217927 0,000072
забота 0,824895 0,000274
забыть 0,125925 0,000042
заверение 1,690196 0,000561
завтра 0,298086 0,000495
заглядывать 1,021189 0,000678
заговорить 0,334808 0,000111
задерживать 1,264227 0,000420
задержка 2,167317 0,000720
заезжать 1,468347 0,000488
заинтересовать 0,824895 0,000274
зайти 0,554533 0,000553
заключить 0,347773 0,000231
закричать 0,434924 0,000144
закуска 1,264227 0,000420
зал 0,936868 0,000311
зала 0,662167 0,000220
заметаться 1,690196 0,000561
заметить 0,056728 0,000019
замолчать 0,752344 0,000250
заныть 1,690196 0,000561
занятие 1,264227 0,000420
запереть 0,735954 0,000244
запереться 1,213075 0,000403
записка 0,824895 0,000822
запрягать 2,167317 0,000720
зарез 1,866287 0,000620
засмеяться 0,347773 0,000231
заснуть 0,769377 0,000511
затаить 1,866287 0,000620
затем 0,237898 0,000237
затихнуть 0,912045 0,000303
зато 0,468347 0,000311
захватить 0,587534 0,000195
захлопотать 1,565257 0,000520
захотеться 0,704919 0,000234
зачем 0,146128 0,000146
здесь 0,095435 0,000127
здешний 0,611015 0,001015
здоровье 0,704919 0,000234
злоба 0,523865 0,000174
злобно 0,599116 0,000199
знать 0,002964 0,000006
значит 0,243038 0,000484
золото 1,125925 0,000374
иван 0,232819 0,001546
иванович 0,269690 0,000358
игнатиевич 1,021189 0,002374
избавить 1,389166 0,000461
избить 0,845098 0,000281
известный 0,347773 0,000231
извозчик 1,125925 0,000374
изволить 0,477121 0,000158
изложить 0,866287 0,000288
измученный 1,021189 0,000339
изредка 0,888564 0,000295
изумление 0,735954 0,000244
ильинский 1,690196 0,000561
именно 0,066947 0,000022
иметь 0,118099 0,000118
иной 0,208276 0,000069
инок 1,264227 0,000420
использоваться 0,000000 0,000000
испугаться 0,523865 0,000174
источник 1,565257 0,000520
каждый 0,137934 0,000046
какой 0,005949 0,000014
карамазов 0,180546 0,000300
катерина 0,587534 0,000781
книга 0,106619 0,000142
ковёр 1,322219 0,000439
когда 0,015029 0,000045
коли 0,269690 0,000269
комар 0,000000 0,000000
комната 0,150284 0,000200
комнатка 1,053374 0,000350
конец 0,213075 0,000071
конечно 0,060107 0,000040
конченый 0,963197 0,000320
кончить 0,328468 0,000109
коньяк 1,264227 0,000420
коньячок 1,167317 0,000388
корча 2,167317 0,000720
который 0,002964 0,000004
крайний 0,292256 0,000194
крепко 0,443041 0,000147
крик 0,514105 0,000512
крикнуть 0,292256 0,000097
кроме 0,158717 0,000105
кругом 0,419129 0,000278
кружиться 1,322219 0,000439
крыльцо 0,787106 0,000784
кстати 0,468347 0,000156
кто 0,114239 0,000038
куда 0,248239 0,000165
кулачат 2,167317 0,000720
купаться 2,167317 0,000720
купец 0,720159 0,000239
купить 0,752344 0,000250
купчишка 1,565257 0,000520
курица 1,468347 0,000975
кушать 1,167317 0,000388
ладный 1,690196 0,001123
лакей 0,704919 0,000234
лгать 0,599116 0,000597
левый 0,704919 0,000234
легко 0,752344 0,000250
ледок 2,167317 0,000720
лес 1,053374 0,000350
лестница 0,787106 0,000784
лететь 0,805589 0,000268
либо 0,000000 0,000000
литература 1,468347 0,000488
лицо 0,000000 0,000000
лишь 0,185046 0,000184
лобзание 2,167317 0,000720
лобызаться 2,167317 0,000720
ложиться 0,824895 0,000274
лошадь 1,021189 0,001017
любезность 1,322219 0,000439
любой 0,000000 0,000000
любопытно 0,845098 0,001123
любопытство 0,361137 0,000120
любопытствовать 1,322219 0,000439
лягавыя 1,565257 0,001040
лёд 1,389166 0,000461
малый 0,334808 0,000111
марфа 0,912045 0,002423
маслов 2,167317 0,002159
махать 0,963197 0,000320
машина 1,213075 0,000403
медлить 1,468347 0,000488
мезонин 1,866287 0,000620
мелькнуть 0,544068 0,000181
мера 0,217927 0,000145
мерзкий 1,264227 0,000420
место 0,099131 0,000033
мигом 0,504560 0,000503
милость 0,845098 0,000281
милый 0,322219 0,000107
мимо 0,514105 0,000341
минута 0,050046 0,000116
мир 0,523865 0,000174
митрий 1,565257 0,001560
много 0,080958 0,000027
можно 0,088136 0,000117
мой 0,077412 0,000026
молча 0,367977 0,000122
момент 0,000000 0,000000
москва 0,468347 0,000778
мочь 0,000000 0,000000
мрак 0,787106 0,000261
мстить 1,322219 0,000439
мудрено 1,866287 0,000620
мужик 0,675956 0,000673
мучить 0,419129 0,000139
мыслить 1,088136 0,000361
мысль 0,114239 0,000114
наведаться 1,866287 0,000620
навеки 0,648803 0,000215
наверно 0,264227 0,000263
наверх 0,888564 0,000295
надежда 0,533849 0,000177
надо 0,036984 0,000061
надоесть 1,088136 0,000361
надуть 1,021189 0,000339
назад 0,000000 0,000000
название 1,088136 0,000361
называть 0,477121 0,000158
найти 0,298086 0,000198
найтись 0,845098 0,000281
наконец 0,073896 0,000025
налгать 1,389166 0,000923
написать 0,000000 0,000000
напрасно 0,805589 0,000268
например 0,298086 0,000198
напротив 0,180546 0,000060
нарочно 0,227798 0,000076
нарываться 2,167317 0,000720
наслать 0,805589 0,000268
насмешливый 0,704919 0,000234
настоятельно 0,991226 0,000329
настрочить 2,167317 0,001440
насущный 1,565257 0,000520
насчёт 0,354404 0,000118
наука 0,787106 0,000261
находить 0,576253 0,000191
находиться 0,514105 0,000171
начать 0,066947 0,000022
начаться 0,514105 0,000171
начинать 0,292256 0,000097
наш 0,118099 0,000039
небо 0,635838 0,000422
неделя 0,374926 0,000125
некогда 0,912045 0,000303
нельзя 0,176091 0,000058
немедленно 0,554533 0,000184
немного 0,426955 0,000142
ненавидеть 0,514105 0,000341
ненавистный 0,805589 0,000803
ненависть 0,623249 0,000207
необъяснимый 1,468347 0,000488
необычайный 0,662167 0,000220
неожиданный 0,419129 0,000278
неопределённый 1,053374 0,000350
непременно 0,133894 0,000089
нервный 0,824895 0,000274
несомненно 0,704919 0,000234
нестерпимый 0,963197 0,000320
несчастие 0,690196 0,000458
неугомонный 1,866287 0,000620
нечаянно 0,752344 0,000250
нечто 0,389166 0,000129
неясный 1,088136 0,000361
нибыть 0,030597 0,000041
нижний 0,963197 0,000320
никакой 0,213075 0,000212
никогда 0,088136 0,000117
никто 0,095435 0,000032
ничего 0,030597 0,000061
новый 0,167317 0,000167
нога 0,213075 0,000071
ночь 0,189594 0,000315
нужный 0,477121 0,000158
обед 0,690196 0,000229
обещать 0,704919 0,000234
обидеться 0,845098 0,000281
обидчик 0,912045 0,000303
обмануть 0,787106 0,000261
образ 0,243038 0,000081
обратно 0,675956 0,000449
обстоятельство 0,403889 0,000134
обступить 1,322219 0,000439
общественный 0,000000 0,000000
общий 0,514105 0,000171
объявить 0,389166 0,000129
обычный 1,264227 0,000420
оглядеться 1,565257 0,000520
оглядка 2,167317 0,000720
одеться 1,167317 0,000388
один 0,000000 0,000000
одиннадцать 0,866287 0,001151
однако 0,102859 0,000102
одолжить 1,565257 0,000520
ожидание 0,662167 0,000440
ожидать 0,264227 0,000088
оказать 1,213075 0,000403
оказаться 0,275223 0,000091
окно 0,381987 0,000381
около 0,443041 0,000294
окончание 1,264227 0,000420
окончить 1,088136 0,000361
он 0,000000 0,000000
опасность 1,125925 0,000374
опоздать 0,866287 0,000288
опубликовать 0,000000 0,000000
опустить 0,752344 0,000250
опять 0,027438 0,000018
осадить 1,167317 0,000388
осмотреть 1,053374 0,000350
особенно 0,129891 0,000043
особенный 0,389166 0,000258
останавливаться 0,866287 0,000288
остановиться 0,269690 0,000090
остаться 0,133894 0,000044
ответ 0,322219 0,000107
ответить 0,121994 0,000122
отворять 1,167317 0,000388
отвращение 0,769377 0,000256
отец 0,091770 0,000213
отзыв 1,213075 0,000403
отлететь 1,389166 0,000461
отмахать 2,167317 0,000720
отнюдь 0,824895 0,000274
отняться 1,565257 0,000520
оторваться 1,021189 0,000339
отпереть 0,805589 0,000535
отписать 1,322219 0,000878
отстранять 2,167317 0,000720
отсюда 0,805589 0,000268
отъезд 1,021189 0,001357
оформление 0,000000 0,000000
охватывать 2,167317 0,000720
очень 0,024303 0,000097
очнуться 0,752344 0,000250
ощущать 0,735954 0,000244
павлович 0,286504 0,001618
падать 0,787106 0,000261
падение 1,125925 0,000748
пена 1,866287 0,000620
первый 0,018098 0,000006
передавать 0,635838 0,000211
передать 0,381987 0,000254
перейти 0,000000 0,000000
переменить 0,845098 0,000281
перепугать 1,866287 0,000620
пересушить 2,167317 0,000720
писать 0,419129 0,000139
плут 1,468347 0,000488
плутовать 1,866287 0,000620
повар 1,565257 0,000520
повергнуть 1,389166 0,000461
повторять 0,396465 0,000132
поговорить 0,805589 0,001070
погреб 1,264227 0,001679
погребова 2,167317 0,000720
подавать 0,866287 0,000288
подарить 0,912045 0,000303
подать 0,451314 0,000150
подборка 0,000000 0,000000
подглядеть 1,389166 0,000461
поддёвка 1,565257 0,000520
подлец 0,554533 0,000368
подлый 0,675956 0,000224
подождать 0,587534 0,000195
подолгу 1,389166 0,000461
подскочить 0,991226 0,000329
подумать 0,185046 0,000184
подхватить 0,403889 0,000134
поехать 0,576253 0,000766
пожалуй 0,237898 0,000079
пожатие 2,167317 0,000720
пожилой 1,125925 0,000374
позабыть 0,845098 0,000281
поздно 0,735954 0,000489
поздороваться 1,468347 0,000488
пойти 0,080958 0,000027
пока 0,213075 0,000142
показать 0,292256 0,000097
покамест 0,866287 0,000288
покупщик 1,866287 0,001240
поле 0,912045 0,000303
полезть 1,322219 0,000439
полететь 1,021189 0,000339
полночь 1,322219 0,000439
положить 0,403889 0,000134
получить 0,309985 0,000103
получиться 1,565257 0,000520
полчаса 0,752344 0,000250
помешанный 0,769377 0,000256
помещение 1,125925 0,000374
помиловать 0,735954 0,000244
помнить 0,167317 0,000111
помогать 0,845098 0,000281
помои 1,690196 0,000561
помочь 0,587534 0,000195
помощь 0,888564 0,000295
помчаться 2,167317 0,001440
понимать 0,095435 0,000032
понять 0,106619 0,000071
попивать 1,866287 0,000620
поправить 0,991226 0,000329
попробовать 0,866287 0,000575
попросить 0,426955 0,000142
посетитель 0,991226 0,000658
посетительница 1,866287 0,000620
поскакать 1,565257 0,000520
поскорбеть 2,167317 0,000720
послать 0,309985 0,000412
после 0,084532 0,000028
последний 0,066947 0,000022
послезавтра 1,322219 0,000439
посмеиваться 1,866287 0,000620
посмертно 0,000000 0,000000
поспеть 1,053374 0,000700
поспешно 0,866287 0,000288
поступок 0,623249 0,000414
постучаться 1,264227 0,000840
потерять 0,611015 0,000203
потеряться 0,769377 0,000256
потом 0,084532 0,000140
потому 0,024303 0,000056
потрафить 1,565257 0,000520
поутру 0,845098 0,000561
похаживать 1,690196 0,001123
похвалиться 1,213075 0,000403
почему 0,099131 0,000099
почтенный 0,720159 0,000239
почти 0,024303 0,000065
почувствовать 0,426955 0,000142
поясница 1,468347 0,000488
правда 0,088136 0,000117
прачка 1,565257 0,000520
предосадный 2,167317 0,000720
представить 0,286504 0,000190
предугадывать 1,565257 0,000520
прежде 0,077412 0,000026
прежний 0,198834 0,000132
прекращаться 1,565257 0,000520
пренеприлично 2,167317 0,000720
пренеприятный 2,167317 0,000720
претерпевать 2,167317 0,000720
прибытие 1,021189 0,000339
прибыть 0,704919 0,000468
приветливо 1,468347 0,000488
приготовление 1,690196 0,000561
приезжать 0,936868 0,000311
приехать 0,309985 0,000206
прижизненный 0,000000 0,000000
призрак 1,167317 0,000388
приискать 1,468347 0,000488
прийти 0,095435 0,000032
прикладывать 1,322219 0,000439
приключиться 1,125925 0,000374
прилив 1,389166 0,000461
примерно 0,963197 0,000320
примета 1,565257 0,000520
принять 0,180546 0,000060
припадок 0,544068 0,000903
припоминать 0,648803 0,000215
припомнить 0,533849 0,000177
прислать 0,403889 0,000134
прислушиваться 1,088136 0,000361
причина 0,396465 0,000132
пробормотать 0,316059 0,000105
пробыть 0,845098 0,000281
проводить 0,845098 0,000281
провожать 0,936868 0,000622
программирование 0,000000 0,000000
проделывать 2,167317 0,000720
продумать 1,866287 0,000620
прожевать 2,167317 0,000720
произведение 0,000000 0,000000
произнести 0,280827 0,000093
произойти 0,258832 0,000258
пройти 0,000000 0,000000
проклятый 0,662167 0,000220
пролетать 1,866287 0,000620
пролететь 1,264227 0,000420
проникновенно 1,389166 0,000461
просить 0,150284 0,000050
проследить 1,690196 0,000561
проснуться 0,735954 0,000489
просто 0,232819 0,000077
просёлок 1,866287 0,000620
против 0,389166 0,000129
протянуть 0,486076 0,000161
прочь 0,866287 0,000288
прошептать 0,587534 0,000195
прошлое 0,963197 0,000320
прошлый 0,735954 0,000489
прощать 0,426955 0,000142
проявление 1,690196 0,000561
публикация 0,000000 0,000000
пустой 0,690196 0,000229
пустошь 2,167317 0,000720
пусть 0,253503 0,000084
путешественник 1,866287 0,000620
пятый 0,787106 0,000523
пять 0,222835 0,000148
равно 0,303994 0,000101
раз 0,309985 0,000206
развалиться 1,690196 0,000561
разве 0,146128 0,000097
разглядеть 0,662167 0,000440
разговор 0,264227 0,000088
раздаться 0,635838 0,000211
разлука 1,322219 0,000439
размашистый 2,167317 0,000720
разница 1,021189 0,000339
разный 0,565257 0,000188
разобрать 0,888564 0,000885
разом 0,389166 0,000129
разрешение 0,000000 0,000000
ранний 0,504560 0,000168
рано 0,787106 0,000523
раскидываться 1,565257 0,000520
раскрыть 1,125925 0,000374
расписка 1,389166 0,000461
распорядиться 0,805589 0,000268
рассвести 1,565257 0,000520
рассвет 0,963197 0,000320
расспрос 1,053374 0,000700
расхвораться 1,565257 0,000520
расшибиться 1,565257 0,000520
решительно 0,341243 0,000113
решить 0,232819 0,000232
решиться 0,341243 0,000113
робость 1,264227 0,000420
ровно 0,533849 0,000355
родитель 0,599116 0,000398
родный 0,565257 0,000188
роща 1,389166 0,000923
рубль 0,334808 0,000111
рука 0,030597 0,000041
русский 0,411442 0,000273
рыженький 1,866287 0,000620
рядиться 2,167317 0,000720
рядом 0,690196 0,000229
сайт 0,000000 0,000000
сам 0,002964 0,000004
самовар 1,213075 0,000403
самый 0,018098 0,000024
сберечь 1,690196 0,000561
сбыт 2,167317 0,000720
свежий 0,963197 0,000320
свернуть 1,565257 0,001040
свет 0,176091 0,000117
свидание 0,514105 0,000171
свободно 0,000000 0,000000
свой 0,000000 0,000000
сговориться 1,322219 0,001757
сготовить 2,167317 0,000720
сделать 0,102859 0,000102
сдерживаться 1,468347 0,000488
себя 0,000000 0,000000
сегодня 0,194189 0,000193
сейчас 0,070407 0,000117
секунда 0,565257 0,000188
семь 0,623249 0,000828
семьдесят 0,000000 0,000000
сени 0,824895 0,000274
сердиться 0,443041 0,000441
сердце 0,095435 0,000158
серьёзно 0,419129 0,000139
сила 0,185046 0,000061
синь 2,167317 0,000720
сказать 0,011981 0,000016
скорбь 1,322219 0,000439
скорее 0,514105 0,000171
скоро 0,298086 0,000099
скорый 0,237898 0,000316
скрыться 1,213075 0,000403
сладкий 1,389166 0,000461
слега 1,565257 0,000520
слетать 1,389166 0,000923
слететь 1,213075 0,000806
слишком 0,133894 0,000089
словечко 0,704919 0,000234
словно 0,866287 0,000288
слово 0,027438 0,000009
сломать 1,264227 0,000420
случиться 0,292256 0,000194
слушать 0,203530 0,000203
слышать 0,125925 0,000042
смердяков 0,576253 0,002297
сметь 0,389166 0,000129
смешок 1,125925 0,000374
смотреть 0,077412 0,000051
смотрительша 2,167317 0,000720
смутно 1,389166 0,000461
смятение 0,991226 0,000329
сначала 0,434924 0,000144
собираться 0,635838 0,000211
собрание 1,088136 0,000361
собственный 0,264227 0,000088
совершенный 0,451314 0,000150
совершить 0,769377 0,000256
совсем 0,021189 0,000035
согласие 0,000000 0,000000
сойти 0,495219 0,000658
сойтись 0,623249 0,000207
сон 0,866287 0,000288
соображать 0,963197 0,000640
сообразить 0,690196 0,000229
сообщение 1,167317 0,000388
сообщить 0,434924 0,000289
сосед 1,389166 0,000461
сотрясение 1,322219 0,000439
сохранение 2,167317 0,000720
сохранить 0,690196 0,000229
сочинение 1,468347 0,000488
спасибо 0,866287 0,000288
спасть 0,554533 0,000368
спать 0,495219 0,000164
спешный 1,565257 0,000520
справедливый 1,021189 0,000339
спросить 0,114239 0,000076
спускать 1,167317 0,000388
спустить 1,167317 0,000388
спустя 0,533849 0,000177
сравнительно 1,088136 0,000361
среди 0,769377 0,000256
средство 0,888564 0,000295
сруб 2,167317 0,000720
станционный 2,167317 0,000720
станция 1,264227 0,002099
стараться 0,648803 0,000215
старик 0,303994 0,000808
старикашка 1,167317 0,000388
старичок 0,912045 0,000606
старый 0,374926 0,000125
стать 0,002964 0,000003
стая 1,690196 0,000561
стоить 0,189594 0,000189
сторожить 1,088136 0,000361
сторона 0,110412 0,000037
стотысячник 1,866287 0,000620
странный 0,227798 0,000227
страшно 0,434924 0,000289
страшный 0,286504 0,000095
строчка 1,125925 0,000374
стук 1,053374 0,000350
ступать 0,587534 0,000195
ступенька 1,021189 0,000678
стучать 0,866287 0,000288
сударь 1,053374 0,000350
судорога 0,991226 0,000329
суметь 0,648803 0,000215
сходить 0,611015 0,000203
счастливый 0,451314 0,000150
считать 0,275223 0,000091
сын 0,434924 0,000433
сынок 1,213075 0,001209
сюда 0,232819 0,000155
тайник 1,866287 0,000620
также 0,000000 0,000000
такой 0,002964 0,000007
тарантас 1,690196 0,002245
твой 0,258832 0,000172
твёрдо 0,419129 0,000278
твёрдый 0,576253 0,000191
текст 0,000000 0,000000
темя 1,264227 0,000420
теперешний 0,533849 0,000177
теперь 0,015029 0,000040
терять 0,720159 0,000239
течение 1,021189 0,000339
тихо 0,354404 0,000235
тихонько 0,991226 0,000329
тогда 0,050046 0,000050
тоже 0,043466 0,000072
толкать 1,565257 0,000520
только 0,002964 0,000014
том 1,565257 0,000520
тоненький 1,088136 0,000361
торговать 1,213075 0,000403
торопливый 1,468347 0,000488
тот 0,002964 0,000005
тотчас 0,046743 0,000047
точно 0,121994 0,000041
точность 0,735954 0,000244
тревожный 0,866287 0,000575
трепетный 2,167317 0,000720
третий 0,154480 0,000154
тронутый 1,389166 0,000461
тронуться 1,389166 0,000461
трудно 0,459747 0,000153
трястись 1,125925 0,000748
туда 0,495219 0,000164
тщательно 1,322219 0,000439
тщательный 2,167317 0,000720
ты 0,133894 0,000534
тысяча 0,217927 0,000434
тысячка 1,468347 0,000488
тягаться 2,167317 0,000720
тяжкий 1,565257 0,000520
тёмный 0,523865 0,000522
убежать 0,565257 0,000188
убираться 1,389166 0,000461
уверить 0,599116 0,000199
увидеть 0,222835 0,000074
удивление 0,292256 0,000097
удивляться 0,544068 0,000181
уезжать 0,912045 0,000303
уехать 0,459747 0,000305
ужасно 0,167317 0,000056
узнать 0,106619 0,000035
укладывать 1,389166 0,000923
уклончиво 1,690196 0,000561
уладить 1,690196 0,000561
улечься 1,322219 0,000878
уложить 1,125925 0,000374
умереть 0,269690 0,000090
умерший 0,000000 0,000000
уметь 0,328468 0,000327
умирать 0,611015 0,000203
умный 0,403889 0,000671
унизительный 1,125925 0,000374
упасть 0,495219 0,000329
упрёк 1,125925 0,000374
урвать 2,167317 0,000720
усесться 0,662167 0,000220
условный 1,690196 0,000561
услуга 1,088136 0,000361
услышать 0,381987 0,000381
усмехнуться 0,374926 0,000374
усмешка 0,752344 0,000250
успокоить 0,824895 0,000274
утром 0,411442 0,000410
ухо 0,991226 0,000329
уходить 0,328468 0,000109
участок 1,866287 0,000620
учиться 0,912045 0,000303
учёный 0,752344 0,000250
фанфаронить 1,468347 0,000488
федора 0,912045 0,001212
физический 1,213075 0,000403
флигель 0,936868 0,000622
фёдор 0,434924 0,002167
фёдорович 0,150284 0,001048
характер 0,374926 0,000125
хлопотливо 1,866287 0,000620
ходить 0,213075 0,000142
холм 2,167317 0,000720
холодноватый 1,690196 0,000561
хорошо 0,189594 0,000252
хотеть 0,033778 0,000067
хоть 0,060107 0,000020
хотя 0,050046 0,000050
христос 0,675956 0,000224
целый 0,217927 0,000072
церемония 0,991226 0,000329
цидулка 2,167317 0,000720
час 0,185046 0,000615
часть 0,002964 0,000002
чей 0,000000 0,000000
человек 0,011981 0,000040
чемодан 1,468347 0,001463
чердак 1,264227 0,000420
чермашня 1,125925 0,003365
черта 0,264227 0,000263
черёд 1,690196 0,000561
четверг 1,690196 0,000561
число 0,704919 0,000234
чистый 0,434924 0,000144
читаемый 2,167317 0,000720
читать 0,403889 0,000134
чрез 0,275223 0,000274
чрезвычайно 0,217927 0,000072
чрезвычайный 0,258832 0,000172
что 0,030597 0,000091
чтоб 0,073896 0,000025
чтобы 0,030597 0,000041
чувство 0,158717 0,000105
чувствовать 0,264227 0,000439
шевелиться 1,213075 0,000403
шепнуть 0,963197 0,000320
шестой 1,053374 0,000350
штука 0,912045 0,000606
щемить 2,167317 0,000720
экий 1,021189 0,000339
экспансивничать 2,167317 0,000720
энергия 1,690196 0,000561
эпилептик 1,565257 0,001040
это 0,002964 0,000004
этот 0,002964 0,000011
я 0,024303 0,000024
ямщик 1,125925 0,000374
ясный 0,623249 0,000414
