автор 0,000000 0,000000
авторский 0,000000 0,000000
аделаида 0,720159 0,001009
актёр 1,565257 0,000731
алексей 0,000000 0,000000
алеш 0,328468 0,000613
баба 0,936868 0,001750
банька 1,866287 0,000871
баня 1,468347 0,001371
барин 0,787106 0,000367
барский 1,690196 0,000789
бедненький 1,468347 0,000686
безответно 1,866287 0,000871
безответный 1,565257 0,000731
безропотно 2,167317 0,001012
беременный 1,690196 0,000789
беспрекословно 1,690196 0,000789
беспутство 2,167317 0,001012
бессемейник 2,167317 0,001012
бесспорный 0,787106 0,000367
бесчестный 0,888564 0,000415
библиотека 1,866287 0,002614
бивать 1,690196 0,000789
бить 0,769377 0,000359
близкий 0,477121 0,000223
богатый 0,587534 0,000274
богоносный 2,167317 0,001012
божественный 1,565257 0,001461
более 0,000000 0,000000
болезненный 0,611015 0,000571
болтливый 1,690196 0,000789
больно 0,787106 0,000367
больной 0,258832 0,000121
больший 0,248239 0,000348
большой 0,056728 0,000079
бояться 0,158717 0,000074
брак 0,735954 0,000344
брат 0,060107 0,000112
будить 1,088136 0,000508
будто 0,099131 0,000046
будущее 0,735954 0,000344
бывать 0,280827 0,000262
быть 0,000000 0,000000
важность 0,991226 0,000463
важный 0,341243 0,000319
василиевич 1,167317 0,001635
вдруг 0,005949 0,000011
век 0,769377 0,000359
великий 0,341243 0,000159
величественный 1,866287 0,000871
вера 0,514105 0,000240
верный 0,495219 0,000694
верх 0,963197 0,000450
веский 1,866287 0,000871
весна 1,125925 0,000526
весь 0,002964 0,000008
весьма 0,243038 0,000340
весёлый 0,389166 0,000182
ветхий 1,088136 0,000508
вечер 0,322219 0,000150
вещь 0,411442 0,000960
взаправду 1,322219 0,000617
взгляд 0,185046 0,000086
взять 0,077412 0,000036
видеть 0,027438 0,000038
видимо 0,328468 0,000460
визит 0,845098 0,000395
влияние 0,991226 0,000463
вникать 1,690196 0,000789
внимание 0,504560 0,000236
вовсе 0,150284 0,000070
водиться 1,322219 0,001235
вознаграждение 0,000000 0,000000
возразить 1,213075 0,000566
войти 0,137934 0,000064
волос 0,690196 0,000322
воля 0,576253 0,000269
вообще 0,459747 0,000429
воротиться 0,303994 0,000142
восприемник 2,167317 0,001012
вострый 1,690196 0,000789
вперёд 0,426955 0,000199
вплоть 0,866287 0,000404
вполне 0,316059 0,000148
впоследствии 0,662167 0,000309
впредь 0,752344 0,000351
впрочем 0,118099 0,000221
впятеро 1,866287 0,000871
врать 0,845098 0,000395
время 0,018098 0,000025
всегда 0,129891 0,000121
всегдашний 0,991226 0,000463
вслух 0,533849 0,000249
вслушаться 2,167317 0,001012
всмотреться 2,167317 0,001012
вспоминать 0,623249 0,000291
встать 0,269690 0,000126
всякий 0,106619 0,000050
второй 0,217927 0,000102
вход 0,752344 0,000351
выйти 0,063514 0,000059
выказывать 1,125925 0,000526
выписать 1,264227 0,000590
выплата 0,000000 0,000000
выплачивать 2,167317 0,001012
выпускать 1,088136 0,000508
выражаться 0,752344 0,000351
выразиться 0,504560 0,000236
выручать 1,690196 0,000789
выскочить 0,824895 0,000385
высокий 0,213075 0,000199
выцеживать 2,167317 0,001012
вычёсывать 1,866287 0,000871
главное 0,185046 0,000086
глубокий 0,477121 0,000223
глупый 0,419129 0,000196
глядеть 0,243038 0,000113
говаривать 1,866287 0,000871
говорить 0,011981 0,000045
год 0,292256 0,000136
горло 1,213075 0,000566
город 0,248239 0,000232
городской 0,936868 0,000437
господин 0,208276 0,000292
гость 0,434924 0,000203
гребешок 1,866287 0,000871
григорий 0,648803 0,006058
гробик 1,468347 0,000686
грозить 1,053374 0,000492
громко 0,504560 0,000236
грустнеть 2,167317 0,001012
гряда 1,690196 0,000789
давно 0,158717 0,000074
даже 0,005949 0,000031
далеко 0,599116 0,000280
далёкий 0,411442 0,000192
дать 0,171682 0,000080
двадцать 0,303994 0,000142
двор 0,523865 0,000978
дворовый 1,389166 0,000649
девка 1,021189 0,000477
девушка 0,533849 0,000249
действительно 0,106619 0,000100
дело 0,011981 0,000022
день 0,118099 0,000110
деньжонки 1,866287 0,000871
деревенский 1,264227 0,001180
деревня 0,963197 0,000450
держать 0,403889 0,000189
деточка 1,468347 0,000686
детский 0,752344 0,000351
дмитрий 0,396465 0,000370
добыть 1,125925 0,000526
довольно 0,129891 0,000182
долг 0,735954 0,001374
долго 0,222835 0,000104
дом 0,154480 0,000288
домашний 0,824895 0,000385
домой 0,459747 0,000215
допускать 0,963197 0,000450
доселе 0,912045 0,000852
достоевский 0,000000 0,000000
достояние 0,000000 0,000000
дракон 2,167317 0,003035
друг 0,180546 0,000169
другой 0,008955 0,000013
дружественный 1,866287 0,000871
духовный 0,991226 0,000926
душа 0,158717 0,000222
если 0,011981 0,000006
есть 0,018098 0,000017
жалование 1,125925 0,001051
желать 0,232819 0,000109
железный 0,752344 0,000351
жена 0,486076 0,000908
женщина 0,213075 0,000398
жестокий 0,769377 0,000359
жизнь 0,084532 0,000237
житейский 1,322219 0,000617
заблагорассудить 1,866287 0,000871
забор 0,866287 0,000404
забота 0,824895 0,000385
забраться 1,866287 0,000871
заговаривать 0,991226 0,000463
закаяться 2,167317 0,001012
заметить 0,056728 0,000026
замечание 0,888564 0,000415
замечательный 0,675956 0,000316
замечать 0,554533 0,000259
замок 0,963197 0,000450
заниматься 0,963197 0,000450
запах 1,866287 0,000871
запирать 1,468347 0,000686
запираться 1,264227 0,000590
засветить 1,866287 0,000871
заслужить 0,824895 0,000385
засыпать 0,963197 0,000450
защитить 1,167317 0,000545
защищать 0,912045 0,000426
заявить 0,675956 0,000631
звать 0,419129 0,000196
здесь 0,095435 0,000045
земля 0,298086 0,000139
зимой 1,322219 0,000617
злой 0,587534 0,000274
знать 0,002964 0,000006
зрелище 1,468347 0,000686
иван 0,232819 0,000217
иванович 0,269690 0,000504
игнатиевич 1,021189 0,005244
идти 0,180546 0,000253
изба 0,824895 0,001155
известный 0,347773 0,000162
изменить 0,769377 0,000359
именно 0,066947 0,000031
иметь 0,118099 0,000165
иногда 0,208276 0,000292
иной 0,208276 0,000097
иов 1,565257 0,000731
исаак 1,690196 0,000789
использоваться 0,000000 0,000000
испугать 0,845098 0,000395
испугаться 0,523865 0,000245
истерический 0,888564 0,000415
истина 0,704919 0,000329
источник 1,565257 0,000731
ихний 0,963197 0,000450
каждый 0,137934 0,000129
каковой 0,576253 0,000269
какой 0,005949 0,000019
калитка 1,125925 0,000526
карамазов 0,180546 0,000421
карьера 0,936868 0,000437
качество 0,735954 0,000344
кликуша 1,322219 0,000617
ключ 1,088136 0,000508
книга 0,106619 0,000249
когда 0,015029 0,000063
колено 0,565257 0,000264
коли 0,269690 0,000252
комар 0,000000 0,000000
комната 0,150284 0,000070
конечно 0,060107 0,000028
кончиться 0,495219 0,000231
копал 2,167317 0,001012
корыто 1,565257 0,000731
который 0,002964 0,000004
краска 0,991226 0,000463
красный 0,611015 0,000285
крепкий 0,787106 0,000367
крепостной 1,167317 0,000545
крестить 1,690196 0,001578
крестьянин 1,389166 0,000649
крещение 1,690196 0,000789
кроме 0,158717 0,000074
крошка 1,866287 0,000871
круглый 0,963197 0,000450
кругом 0,419129 0,000196
крыльцо 0,787106 0,000367
крыса 1,866287 0,000871
крышка 2,167317 0,001012
кто 0,114239 0,000213
купель 2,167317 0,001012
кутузов 2,167317 0,001012
кухня 0,888564 0,000830
кухонный 1,866287 0,000871
кушанье 1,322219 0,000617
лакейская 1,690196 0,000789
ласковость 1,866287 0,000871
легкомысленный 0,845098 0,000395
лежать 0,243038 0,000113
лесенка 1,468347 0,000686
лето 0,866287 0,000404
либо 0,000000 0,000000
лизавета 0,623249 0,000582
литература 1,468347 0,000686
лицо 0,000000 0,000000
лично 0,720159 0,000336
лишь 0,185046 0,000259
ложиться 0,824895 0,000385
лузя 2,167317 0,001012
любить 0,066947 0,000250
любой 0,000000 0,000000
людской 1,264227 0,000590
лёгкий 0,599116 0,000280
майский 2,167317 0,001012
маленький 0,185046 0,000086
маленько 1,866287 0,000871
мало 0,208276 0,000292
малый 0,334808 0,000156
мальчик 0,411442 0,000960
манер 1,021189 0,000477
марфа 0,912045 0,005109
мать 0,217927 0,000102
мгновение 0,316059 0,000148
между 0,129891 0,000121
мезонин 1,866287 0,000871
мера 0,217927 0,000102
минея 1,690196 0,000789
минута 0,050046 0,000047
минутка 0,635838 0,000297
мистицизм 1,565257 0,000731
миусов 0,936868 0,000437
младенец 0,866287 0,001618
мнение 0,374926 0,000175
многие 0,468347 0,000219
много 0,080958 0,000076
многое 0,443041 0,000207
многолётный 2,167317 0,001012
могилка 1,322219 0,001852
можно 0,088136 0,000041
мой 0,077412 0,000036
молвить 1,322219 0,000617
молиться 0,866287 0,000404
молодой 0,222835 0,000208
молочница 2,167317 0,001012
молча 0,367977 0,000344
молчание 0,662167 0,000309
молчать 0,248239 0,000348
момент 0,000000 0,000000
моментально 1,866287 0,000871
москва 0,468347 0,000437
мочь 0,000000 0,000000
муж 0,805589 0,000752
наверно 0,264227 0,000123
навсегда 0,735954 0,001031
надевать 1,213075 0,000566
надежда 0,533849 0,000249
надо 0,036984 0,000052
назад 0,000000 0,000000
название 1,088136 0,000508
назначить 0,787106 0,000367
наиболее 1,125925 0,000526
найти 0,298086 0,000139
наконец 0,073896 0,000034
намёк 0,845098 0,000395
наоборот 1,690196 0,000789
написать 0,000000 0,000000
например 0,298086 0,000139
напротив 0,180546 0,000084
нарочно 0,227798 0,000213
наружность 1,053374 0,000984
насекомое 1,565257 0,000731
насмешечка 2,167317 0,001012
наставление 1,468347 0,000686
натуральный 1,167317 0,000545
наука 0,787106 0,000367
начало 0,243038 0,000227
начать 0,066947 0,000063
начетливость 2,167317 0,001012
начинать 0,292256 0,000136
наш 0,118099 0,000110
небольшой 0,675956 0,000316
небывалый 1,468347 0,000686
невозможно 0,411442 0,000192
неглубокий 2,167317 0,001012
недалеко 0,912045 0,000426
неделя 0,374926 0,000350
неизвестный 0,936868 0,000437
некоторый 0,154480 0,000288
нелегкомысленный 2,167317 0,001012
нелогический 2,167317 0,001012
нельзя 0,176091 0,000082
ненавидеть 0,514105 0,000240
необходимый 0,599116 0,000280
необычайный 0,662167 0,000309
неожиданный 0,419129 0,000587
неоспоримый 1,468347 0,000686
неподкупный 2,167317 0,001012
непостижимо 2,167317 0,001012
непреложный 1,389166 0,000649
непременно 0,133894 0,000063
несколько 0,095435 0,000045
несмотря 0,275223 0,000128
несчастный 0,374926 0,000175
неуклонный 2,167317 0,001012
нечто 0,389166 0,000363
неясно 1,088136 0,000508
нибыть 0,030597 0,000057
никогда 0,088136 0,000041
ничего 0,030597 0,000071
ничто 0,576253 0,000538
новорождённый 1,690196 0,001578
новый 0,167317 0,000078
ночь 0,189594 0,000354
ночью 0,587534 0,000549
нравственный 0,690196 0,000322
нужда 1,213075 0,000566
нуждаться 0,704919 0,000329
обдумывать 1,053374 0,000492
обидчик 0,912045 0,000426
обмывать 1,690196 0,000789
обратиться 0,316059 0,000295
обращать 0,963197 0,000450
обучать 1,565257 0,000731
обширный 1,389166 0,000649
общественный 0,000000 0,000000
обыкновение 0,888564 0,000415
огород 1,389166 0,000649
одеться 1,167317 0,000545
один 0,000000 0,000000
однажды 0,635838 0,000297
одноэтажный 1,866287 0,000871
оказаться 0,275223 0,000128
окраина 2,167317 0,001012
окрасить 1,866287 0,000871
окрестить 1,468347 0,000686
он 0,000000 0,000000
опасный 0,845098 0,000395
определить 0,866287 0,000809
опубликовать 0,000000 0,000000
оригинальный 0,936868 0,000437
осведомиться 0,805589 0,000376
освобождение 1,866287 0,000871
особенный 0,389166 0,000182
особо 1,468347 0,000686
оставаться 0,280827 0,000262
оставить 0,203530 0,000095
остолбенеть 1,088136 0,000508
осудить 0,866287 0,000404
ответить 0,121994 0,000057
отворить 0,486076 0,000227
отец 0,091770 0,000043
отзываться 1,213075 0,000566
откуда 0,514105 0,000240
отпускать 1,264227 0,001180
отсутствие 1,167317 0,000545
оформление 0,000000 0,000000
очень 0,024303 0,000045
очки 1,213075 0,000566
ощущать 0,735954 0,000687
павлович 0,286504 0,002274
первый 0,018098 0,000051
переброситься 2,167317 0,001012
перейти 0,000000 0,000000
перенести 0,704919 0,000329
переходить 0,991226 0,000463
печать 1,264227 0,000590
плакать 0,328468 0,000153
плач 1,053374 0,000984
плюнуть 0,936868 0,000437
поблизости 1,866287 0,000871
побои 1,389166 0,001297
повествовать 1,389166 0,000649
повторяться 1,021189 0,000477
подборка 0,000000 0,000000
подле 0,419129 0,000587
подробный 0,888564 0,000415
подчиняться 1,213075 0,000566
пожалуй 0,237898 0,000333
позвать 0,704919 0,000329
пойти 0,080958 0,000038
поклониться 0,662167 0,000309
покорный 1,389166 0,000649
получить 0,309985 0,000145
помереть 0,720159 0,000336
поместительный 1,468347 0,000686
поместить 1,565257 0,000731
помешать 0,963197 0,000450
помещичий 1,565257 0,000731
помирать 1,264227 0,000590
понимать 0,095435 0,000267
понять 0,106619 0,000149
попасть 0,533849 0,000249
попеть 2,167317 0,001012
поплясать 1,866287 0,000871
порадовать 2,167317 0,001012
поразить 0,243038 0,000113
посетитель 0,991226 0,000926
после 0,084532 0,000079
последний 0,066947 0,000031
посмертно 0,000000 0,000000
посмеяться 1,125925 0,000526
пост 1,264227 0,000590
посторонний 0,787106 0,000367
построить 1,866287 0,000871
потаскать 2,167317 0,001012
потаскун 1,690196 0,000789
потом 0,084532 0,000039
потому 0,024303 0,000045
потребность 0,805589 0,000376
потрясный 1,213075 0,000566
поучить 1,866287 0,000871
похоронить 1,213075 0,000566
почему 0,099131 0,000046
почти 0,024303 0,000057
пощёчина 1,167317 0,000545
появление 0,735954 0,000344
праведник 1,125925 0,000526
пред 0,030597 0,000057
преданность 1,322219 0,000617
предать 0,866287 0,000404
прежний 0,198834 0,000093
презрение 0,554533 0,000259
преимущество 1,389166 0,000649
привязанность 1,389166 0,000649
придать 1,088136 0,000508
приезд 0,805589 0,000376
прижизненный 0,000000 0,000000
признать 0,735954 0,000344
признаться 0,443041 0,000207
прийти 0,095435 0,000089
принести 0,389166 0,000182
приносить 0,936868 0,000437
принять 0,180546 0,000084
природа 0,675956 0,000316
прислать 0,403889 0,000189
прислуга 1,322219 0,000617
прислушаться 1,565257 0,000731
прислушиваться 1,088136 0,000508
приставать 0,963197 0,000450
пристально 0,389166 0,000182
приходить 0,243038 0,000113
приходиться 0,963197 0,000899
причина 0,396465 0,000185
причт 1,866287 0,000871
приятный 0,805589 0,000376
пробормотать 0,316059 0,000295
провозиться 1,690196 0,000789
программирование 0,000000 0,000000
продолжение 0,888564 0,000415
прозвище 1,690196 0,000789
произведение 0,000000 0,000000
произойти 0,258832 0,000121
пройти 0,000000 0,000000
пройтись 1,389166 0,001297
промолчать 1,021189 0,000477
пронзить 1,167317 0,000545
проповедь 1,565257 0,000731
проснуться 0,735954 0,000344
простоять 1,053374 0,000492
против 0,389166 0,000363
противиться 1,565257 0,000731
прочитывать 2,167317 0,001012
прочный 1,866287 0,000871
прямодушный 2,167317 0,001012
прямолинейно 2,167317 0,001012
прятки 2,167317 0,001012
публикация 0,000000 0,000000
пустяк 0,888564 0,000415
пущий 1,565257 0,000731
пьяный 0,451314 0,000211
раз 0,309985 0,000579
разбудить 1,088136 0,000508
разве 0,146128 0,000205
развратный 1,021189 0,000953
разный 0,565257 0,000528
разрешение 0,000000 0,000000
разумеется 0,328468 0,000307
разъяснить 0,662167 0,000618
распространяться 1,167317 0,001090
рассказ 0,477121 0,000445
рассудительный 1,565257 0,000731
ребёнок 0,232819 0,000652
ребёночек 1,088136 0,001524
редко 0,690196 0,000644
решить 0,232819 0,000109
ровно 0,533849 0,000249
род 0,419129 0,000196
родить 1,167317 0,000545
родиться 0,936868 0,000875
рука 0,030597 0,000014
русский 0,411442 0,000384
сад 0,824895 0,001540
садовый 1,389166 0,000649
сайт 0,000000 0,000000
сам 0,002964 0,000007
самый 0,018098 0,000025
сбежать 1,389166 0,000649
свет 0,176091 0,000082
свободно 0,000000 0,000000
свой 0,000000 0,000000
священник 1,389166 0,001297
священный 1,167317 0,000545
себя 0,000000 0,000000
сегодня 0,194189 0,000181
семьдесят 0,000000 0,000000
семья 0,991226 0,000463
сердиться 0,443041 0,000621
сердце 0,095435 0,000134
серебряный 1,213075 0,000566
серенький 1,866287 0,000871
симпатия 1,167317 0,000545
сирин 1,866287 0,000871
сказать 0,011981 0,000011
скандал 0,845098 0,000395
скверна 1,468347 0,000686
скитаться 1,125925 0,000526
склонный 1,866287 0,000871
склоняться 1,690196 0,000789
скорбь 1,322219 0,000617
скорее 0,514105 0,000240
скоро 0,298086 0,000139
скрывать 0,635838 0,000297
скучно 1,021189 0,000477
слабоватый 2,167317 0,001012
сладострастие 1,264227 0,000590
сладострастник 1,167317 0,001090
слегка 0,936868 0,000437
следовать 0,544068 0,000254
словечко 0,704919 0,000329
словно 0,866287 0,000404
слово 0,027438 0,000051
словцо 1,088136 0,000508
сложный 1,468347 0,000686
слуга 0,599116 0,000839
служебный 1,565257 0,000731
случаем 1,389166 0,000649
случай 0,146128 0,000341
случаться 0,599116 0,000839
случиться 0,292256 0,000273
слышать 0,125925 0,000059
смердеть 1,053374 0,000984
смердяков 0,576253 0,000269
смерть 0,374926 0,000175
смешение 1,690196 0,000789
смотреть 0,077412 0,000072
собрание 1,088136 0,000508
собрать 1,213075 0,000566
собраться 0,662167 0,000309
собственный 0,264227 0,000247
совершаться 1,213075 0,000566
совершенно 0,180546 0,000084
совершенный 0,451314 0,000632
совет 0,662167 0,000309
совпасть 2,167317 0,001012
совсем 0,021189 0,000049
согласие 0,000000 0,000000
сон 0,866287 0,000404
сообразить 0,690196 0,000322
соседство 1,322219 0,000617
состояние 0,322219 0,000150
сотрясение 1,322219 0,000617
софья 1,565257 0,000731
сочинение 1,468347 0,000686
спасть 0,554533 0,000259
спать 0,495219 0,000231
список 1,690196 0,000789
справедливо 0,805589 0,000376
спустя 0,533849 0,000249
становиться 0,389166 0,000182
старик 0,303994 0,000426
старинный 0,936868 0,000437
старое 0,866287 0,000404
старуха 0,690196 0,000322
стать 0,002964 0,000004
столь 0,434924 0,000203
стон 1,322219 0,001235
стонать 1,021189 0,000953
стоять 0,150284 0,000210
странный 0,227798 0,000106
страх 0,426955 0,000199
страшный 0,286504 0,000134
стыдиться 0,623249 0,000291
супруг 0,523865 0,000978
супружество 2,167317 0,001012
сын 0,434924 0,000203
сюрприз 1,264227 0,000590
тайна 0,675956 0,000316
также 0,000000 0,000000
такой 0,002964 0,000003
танцевать 1,167317 0,001635
танцмейстер 1,866287 0,000871
таперич 2,167317 0,001012
твёрдо 0,419129 0,000391
твёрдый 0,576253 0,000807
театр 1,264227 0,000590
текст 0,000000 0,000000
текущий 1,389166 0,000649
тогда 0,050046 0,000093
только 0,002964 0,000012
том 1,565257 0,000731
тонкий 0,720159 0,000336
торговлишка 2,167317 0,001012
тоска 0,599116 0,000280
тот 0,002964 0,000008
тотчас 0,046743 0,000044
точка 0,623249 0,000582
точно 0,121994 0,000114
трепетаться 2,167317 0,001012
третий 0,154480 0,000216
три 0,303994 0,000142
трёхлетний 1,389166 0,000649
тупо 1,690196 0,000789
тяжело 0,565257 0,000264
тёплый 0,991226 0,000463
убить 0,275223 0,000128
уважать 0,523865 0,000245
уверять 0,411442 0,000192
увидеть 0,222835 0,000208
удивительно 0,866287 0,000404
удивление 0,292256 0,000273
ужас 0,468347 0,000437
ужасно 0,167317 0,000078
уйти 0,248239 0,000232
укорять 1,021189 0,000477
улица 0,396465 0,000185
уложить 1,125925 0,000526
умереть 0,269690 0,000126
умерший 0,000000 0,000000
уметь 0,328468 0,000153
умный 0,403889 0,000189
упоминать 0,888564 0,000415
упомянуть 0,704919 0,000329
упорно 0,866287 0,000809
упрямый 1,322219 0,000617
уразуметь 2,167317 0,001012
усердно 2,167317 0,001012
услышать 0,381987 0,000178
уход 1,264227 0,000590
уходить 0,328468 0,000460
уютный 2,167317 0,001012
физиономия 0,963197 0,000450
физически 1,690196 0,000789
флигель 0,936868 0,002187
фонарь 1,125925 0,000526
фёдор 0,434924 0,003858
фёдорович 0,150284 0,000281
характер 0,374926 0,000350
хитрый 0,963197 0,000450
хлопотать 1,088136 0,000508
хлыстовщина 1,690196 0,000789
холодный 0,824895 0,000385
хором 1,690196 0,000789
хотеть 0,033778 0,000032
хоть 0,060107 0,000056
хотя 0,050046 0,000093
худой 1,322219 0,001235
ценить 0,769377 0,000718
центр 1,866287 0,000871
час 0,185046 0,000173
часто 0,292256 0,000273
часть 0,002964 0,000004
чей 0,000000 0,000000
человек 0,011981 0,000050
через 0,258832 0,000363
честный 0,735954 0,000344
четие 2,167317 0,001012
число 0,704919 0,000329
читаемый 2,167317 0,001012
читать 0,403889 0,000566
читывать 2,167317 0,001012
чрезвычайно 0,217927 0,000203
что 0,030597 0,000014
чтобы 0,030597 0,000086
чувствовать 0,264227 0,000247
чуланчик 2,167317 0,001012
шестипалый 2,167317 0,003035
шуточка 2,167317 0,001012
шёпотом 0,675956 0,000316
это 0,002964 0,000008
этот 0,002964 0,000007
юродивый 1,088136 0,000508
я 0,024303 0,000011
явиться 0,298086 0,000139
ясно 0,354404 0,000331
