автор 0,000000 0,000000
авторский 0,000000 0,000000
аграфена 0,912045 0,000319
ажный 2,167317 0,000379
александрович 0,504560 0,000177
алексей 0,000000 0,000000
алеш 0,328468 0,000057
арестовать 1,264227 0,000221
барин 0,787106 0,000551
барыня 0,704919 0,000123
безапелляционно 2,167317 0,000379
безвинный 1,866287 0,000327
безумный 0,824895 0,000289
белка 1,866287 0,000327
белый 0,720159 0,000252
берег 1,322219 0,000231
бесконечный 0,824895 0,000289
беспамятство 1,322219 0,000231
беспокоить 0,735954 0,000129
беспокоиться 0,514105 0,000090
беспокойство 0,514105 0,000090
бесполезно 2,167317 0,000379
беспременно 1,322219 0,000926
бессильный 1,389166 0,000243
бесчувствие 1,565257 0,000822
бешено 1,866287 0,000653
библиотека 1,866287 0,000980
биться 0,623249 0,000218
благо 1,264227 0,000221
бледный 0,443041 0,000155
бог 0,154480 0,000081
бодро 1,690196 0,000296
боковой 1,053374 0,000184
более 0,000000 0,000000
болезненно 1,167317 0,000204
болезнь 0,434924 0,000152
болеть 0,845098 0,000148
больница 1,264227 0,000664
больно 0,787106 0,000138
больной 0,258832 0,000317
больший 0,248239 0,000087
большой 0,056728 0,000020
бояться 0,158717 0,000250
бранить 1,125925 0,000197
браниться 0,936868 0,000328
брат 0,060107 0,000084
братец 0,991226 0,000174
бредить 0,912045 0,000160
бросать 0,787106 0,000138
бросить 0,269690 0,000142
броситься 0,258832 0,000045
брызнуть 1,389166 0,000243
будто 0,099131 0,000260
бумага 0,735954 0,000644
буянить 1,565257 0,000274
бывало 0,554533 0,000097
бывать 0,280827 0,000049
бывший 0,389166 0,000136
быстро 0,232819 0,000041
быть 0,000000 0,000000
ванька 1,565257 0,000548
василиевич 1,167317 0,001022
васильич 1,565257 0,000274
ваш 0,121994 0,000192
ввёртывать 2,167317 0,000379
вдруг 0,005949 0,000035
вдумываться 1,565257 0,000274
ведь 0,043466 0,000084
веко 1,322219 0,000231
велеть 0,576253 0,000101
верить 0,180546 0,000126
верно 0,523865 0,000092
верный 0,495219 0,000173
вероятно 0,623249 0,000109
весь 0,002964 0,000013
ветер 1,053374 0,000369
вечер 0,322219 0,000056
взволноваться 1,690196 0,000296
взгляд 0,185046 0,000162
взглянуть 0,468347 0,000164
вздохнуть 0,866287 0,000303
вздрогнуть 0,486076 0,000170
вздумать 0,720159 0,000126
взопреть 2,167317 0,000379
взять 0,077412 0,000163
взяться 0,824895 0,000144
видать 0,419129 0,000073
видеть 0,027438 0,000067
видимо 0,328468 0,000115
видимый 0,443041 0,000078
видно 0,504560 0,000088
визит 0,845098 0,000296
вина 1,053374 0,000184
виновный 0,704919 0,000370
висок 1,167317 0,000204
вконец 1,866287 0,000327
влезть 1,322219 0,000231
влюбить 0,752344 0,000132
вместе 0,208276 0,000219
вместо 0,411442 0,000072
внезапно 0,623249 0,000109
внезапный 0,533849 0,000093
вниз 0,752344 0,000132
внутренний 0,936868 0,000164
вовсе 0,150284 0,000132
возвратиться 0,824895 0,000144
вознаграждение 0,000000 0,000000
войти 0,137934 0,000048
вопль 1,125925 0,000197
вопрос 0,146128 0,000102
воротиться 0,303994 0,000053
ворчать 1,565257 0,000274
воскликнуть 0,269690 0,000189
воспоминание 0,635838 0,000111
впасть 1,088136 0,000190
вправду 0,888564 0,000467
впрямь 0,769377 0,000135
время 0,018098 0,000016
всегда 0,129891 0,000136
вскоре 0,991226 0,000174
вскочить 0,451314 0,000237
вскрикнуть 0,611015 0,000107
вслед 0,523865 0,000092
вслух 0,533849 0,000093
вспомниться 1,322219 0,000231
встать 0,269690 0,000283
встревожить 1,389166 0,000243
встретить 0,459747 0,000080
вступить 0,675956 0,000118
всякий 0,106619 0,000019
второй 0,217927 0,000076
втуне 1,690196 0,000296
вы 0,232819 0,000163
выбежать 0,752344 0,000263
выговаривать 0,963197 0,000169
выговорить 0,599116 0,000210
выдать 0,845098 0,000148
выдержать 0,587534 0,000103
выдумать 0,648803 0,000341
выйти 0,063514 0,000067
вынести 0,486076 0,000170
вынуть 0,451314 0,000316
выпасть 1,468347 0,000257
выплата 0,000000 0,000000
высматривать 1,167317 0,000204
высокомерный 1,125925 0,000197
высунуться 1,690196 0,000592
вытащить 0,991226 0,000521
вытерпеть 0,991226 0,000174
вытянуться 1,468347 0,000257
гад 1,565257 0,000274
гадина 1,322219 0,000231
гадливость 1,866287 0,000327
главное 0,185046 0,000097
главный 0,426955 0,000224
глаз 0,056728 0,000169
глубоко 0,611015 0,000214
глупость 0,576253 0,000101
глупый 0,419129 0,000367
глядеть 0,243038 0,000298
гнев 0,544068 0,000095
говорить 0,011981 0,000052
голова 0,114239 0,000100
головокружение 1,866287 0,000327
голос 0,208276 0,000146
гораздо 0,443041 0,000078
гордость 0,587534 0,000103
гордый 0,576253 0,000101
город 0,248239 0,000087
горько 0,690196 0,000121
господин 0,208276 0,000036
граница 0,662167 0,000116
григорий 0,648803 0,001022
грубо 1,125925 0,000197
грушенек 0,787106 0,000413
густой 0,991226 0,000174
давеча 0,232819 0,000041
давно 0,158717 0,000083
даже 0,005949 0,000011
далёкий 0,411442 0,000288
дать 0,171682 0,000060
два 0,198834 0,000035
дверь 0,258832 0,000317
движение 0,648803 0,000114
двинуться 1,125925 0,000394
дворянин 1,167317 0,000204
действительно 0,106619 0,000037
делать 0,194189 0,000034
дело 0,011981 0,000015
день 0,118099 0,000062
деньга 0,185046 0,000745
дерево 0,752344 0,000132
держать 0,403889 0,000071
дескать 0,419129 0,000220
десять 0,298086 0,000052
диван 0,648803 0,000568
дивиться 0,787106 0,000138
длинно 1,322219 0,000231
длинный 0,495219 0,000173
дмитрий 0,396465 0,000972
добродетель 0,912045 0,000160
доверять 1,088136 0,000190
довольно 0,129891 0,000045
довольный 0,495219 0,000087
довольство 1,468347 0,000514
догадаться 0,554533 0,000194
дойти 0,389166 0,000136
доказательство 0,824895 0,000289
доказать 0,565257 0,000099
доктор 0,554533 0,000097
долго 0,222835 0,000117
должный 0,099131 0,000104
дом 0,154480 0,000054
домишко 1,322219 0,000694
домой 0,459747 0,000161
дорога 0,275223 0,000096
доселевый 2,167317 0,000379
достать 0,587534 0,000103
достаться 0,888564 0,000156
достигнуть 0,662167 0,000116
достоевский 0,000000 0,000000
достояние 0,000000 0,000000
дотащить 2,167317 0,000379
доходить 0,769377 0,000135
дразнить 0,845098 0,000148
дрожать 0,426955 0,000224
дрожь 1,264227 0,000221
друг 0,180546 0,000063
другой 0,008955 0,000011
думать 0,060107 0,000105
дупло 1,866287 0,000653
душа 0,158717 0,000083
единственно 0,477121 0,000167
единственный 0,648803 0,000114
единый 0,611015 0,000107
если 0,011981 0,000044
естественный 1,021189 0,000179
есть 0,018098 0,000032
жажда 0,866287 0,000455
ждать 0,142011 0,000149
желание 0,514105 0,000090
женимшиться 2,167317 0,000379
женский 0,623249 0,000109
живой 0,675956 0,000237
жизнь 0,084532 0,000089
жить 0,217927 0,000038
жёлтый 0,991226 0,000694
забор 0,866287 0,000152
забояться 1,690196 0,000296
забывать 0,824895 0,000289
забыть 0,125925 0,000088
заварить 2,167317 0,000379
заверить 2,167317 0,000379
завопить 0,769377 0,000808
завтра 0,298086 0,000522
завтрашний 1,021189 0,000179
завёртывать 2,167317 0,000379
заглавие 1,866287 0,000327
загораживать 2,167317 0,000379
заготовить 1,565257 0,000274
задержать 1,088136 0,000190
задрожать 0,866287 0,000152
зайти 0,554533 0,000097
заключить 0,347773 0,000061
законный 0,963197 0,000169
залить 1,125925 0,000197
заметить 0,056728 0,000030
заметный 1,264227 0,000221
замечательный 0,675956 0,000118
замечать 0,554533 0,000097
замолкнуть 1,088136 0,000190
замёрзнуть 2,167317 0,000759
занимать 0,787106 0,000138
заняться 1,468347 0,000257
запечатывать 1,866287 0,000327
заплатать 2,167317 0,000379
заподозрить 1,088136 0,000190
запустить 1,690196 0,000296
заранее 0,576253 0,000101
заранний 2,167317 0,000759
засморкать 1,866287 0,000327
заставить 0,735954 0,000129
засыпать 0,963197 0,000337
затаённый 1,088136 0,000190
затем 0,237898 0,000042
заткнуть 1,866287 0,000327
затрястись 0,963197 0,000337
затягивать 2,167317 0,000379
захватить 0,587534 0,000103
захотеть 0,316059 0,000111
захотеться 0,704919 0,000123
зачем 0,146128 0,000128
зашагать 1,322219 0,000231
зашептать 1,167317 0,000204
защитить 1,167317 0,000204
заявить 0,675956 0,000355
здесь 0,095435 0,000100
здоровье 0,704919 0,000123
земля 0,298086 0,000104
зигзаг 1,866287 0,000327
зипунишка 2,167317 0,000379
злобно 0,599116 0,000105
знак 0,565257 0,000396
знамшить 1,690196 0,000296
знать 0,002964 0,000007
значит 0,243038 0,000128
знающий 1,264227 0,000221
иван 0,232819 0,002812
иванович 0,269690 0,000047
игнатиевич 1,021189 0,000715
играть 0,599116 0,000105
идти 0,180546 0,000095
изба 0,824895 0,000289
избимшить 2,167317 0,000379
избить 0,845098 0,000296
известный 0,347773 0,000061
изволить 0,477121 0,000167
измениться 0,735954 0,000258
изредка 0,888564 0,000311
имемшить 2,167317 0,000379
именно 0,066947 0,000035
иметь 0,118099 0,000124
инстинктивно 1,565257 0,000274
интересный 0,845098 0,000148
исаак 1,690196 0,000592
искать 0,411442 0,000144
искренность 0,991226 0,000174
искривленный 1,565257 0,000274
использоваться 0,000000 0,000000
испортить 1,088136 0,000190
испуг 0,554533 0,000485
испуганно 1,021189 0,000179
испугать 0,845098 0,000148
испугаться 0,523865 0,000275
исступление 0,565257 0,000099
исступлённо 1,021189 0,000179
источник 1,565257 0,000274
ихний 0,963197 0,000169
кабинет 0,936868 0,000164
казаться 0,063514 0,000044
какой 0,005949 0,000020
карамазов 0,180546 0,000126
карман 0,396465 0,000139
катерина 0,587534 0,000103
качнуться 1,866287 0,000327
кверху 1,468347 0,000514
кивать 1,322219 0,000231
кивнуть 0,912045 0,000160
кисть 1,468347 0,000257
кланяться 1,053374 0,000184
класть 1,213075 0,000212
кликнуть 1,088136 0,000190
ключ 1,088136 0,000190
клясться 0,554533 0,000194
книга 0,106619 0,000112
когда 0,015029 0,000011
кожаный 1,213075 0,000212
койка 1,690196 0,000296
колебание 1,125925 0,000197
коли 0,269690 0,000236
колода 1,565257 0,000274
коль 0,720159 0,000252
комар 0,000000 0,000000
комедь 2,167317 0,000759
комната 0,150284 0,000184
конвульсивный 1,468347 0,000257
кондратиевич 1,213075 0,000849
конец 0,213075 0,000112
конечно 0,060107 0,000032
кончить 0,328468 0,000057
копаться 1,866287 0,000327
косить 2,167317 0,000379
коситься 1,468347 0,000257
который 0,002964 0,000002
кошмар 1,213075 0,000212
крайний 0,292256 0,000051
краска 0,991226 0,000174
красный 0,611015 0,000107
красть 1,565257 0,000274
кредитка 1,167317 0,000613
крепко 0,443041 0,000078
кривой 1,167317 0,000409
крик 0,514105 0,000090
крикнуть 0,292256 0,000409
кричать 0,303994 0,000160
кровать 1,021189 0,000179
кровь 0,389166 0,000272
кроме 0,158717 0,000028
кругом 0,419129 0,000147
крутило 2,167317 0,000379
кто 0,114239 0,000040
кулак 0,752344 0,000132
куст 1,389166 0,000486
лавка 0,787106 0,000276
лакей 0,704919 0,000123
лгать 0,599116 0,000105
левый 0,704919 0,000123
ледяной 1,866287 0,000327
лежать 0,243038 0,000596
ленточка 1,264227 0,000221
лестница 0,787106 0,000138
либо 0,000000 0,000000
лимонад 2,167317 0,001138
литература 1,468347 0,000257
лицо 0,000000 0,000000
личарда 1,866287 0,000327
лишек 1,125925 0,000197
лишимшиться 1,866287 0,000327
лишь 0,185046 0,000032
ложиться 0,824895 0,000144
любить 0,066947 0,000035
любой 0,000000 0,000000
лёжа 1,690196 0,000296
маета 2,167317 0,000379
маленький 0,185046 0,000032
манер 1,021189 0,000179
марфа 0,912045 0,000639
марь 1,565257 0,000274
марья 0,936868 0,000492
махнуть 0,888564 0,000622
машинально 1,053374 0,000184
мгновение 0,316059 0,000111
между 0,129891 0,000023
мелкий 0,690196 0,000242
мера 0,217927 0,000038
мерещиться 0,866287 0,000152
мерин 2,167317 0,000379
мертвенный 1,690196 0,000296
место 0,099131 0,000121
месяц 0,264227 0,000046
метаться 1,565257 0,000274
метель 1,866287 0,001307
мечта 0,735954 0,000129
мещанин 1,322219 0,000463
мимо 0,514105 0,000180
минута 0,050046 0,000026
мирный 2,167317 0,000379
миролюбивый 2,167317 0,000379
младенец 0,866287 0,000152
мнительность 1,053374 0,000184
много 0,080958 0,000043
можно 0,088136 0,000015
мозг 1,021189 0,000179
мой 0,077412 0,000054
молча 0,367977 0,000129
молчаливый 0,720159 0,000126
молчание 0,662167 0,000116
молчать 0,248239 0,000043
момент 0,000000 0,000000
морочить 2,167317 0,000379
москва 0,468347 0,000082
мочь 0,000000 0,000000
мошка 2,167317 0,000379
мрак 0,787106 0,000276
мужик 0,675956 0,000237
мужичонка 2,167317 0,001517
мужичонко 1,690196 0,000592
мучительный 0,623249 0,000218
мучить 0,419129 0,000293
мучиться 0,623249 0,000109
мы 0,648803 0,000114
мысль 0,114239 0,000060
мёрзлый 1,690196 0,000296
наблюдать 0,587534 0,000103
навеки 0,648803 0,000114
наверно 0,264227 0,000093
наверх 0,888564 0,000156
навзничь 1,468347 0,000514
наглядеть 1,866287 0,000327
нагнуться 0,824895 0,000144
наградить 1,690196 0,000296
надеяться 0,434924 0,000076
надо 0,036984 0,000039
надобный 0,866287 0,000152
надоесть 1,088136 0,000190
надписывать 2,167317 0,000379
назад 0,000000 0,000000
название 1,088136 0,000381
наиболее 1,125925 0,000394
найти 0,298086 0,000157
наконец 0,073896 0,000116
накопиться 1,322219 0,000231
накрыть 0,963197 0,000337
налево 0,824895 0,000289
намереваться 1,213075 0,000212
намерение 0,514105 0,000180
намёк 0,845098 0,000296
написать 0,000000 0,000000
напоминание 1,565257 0,000274
направиться 0,787106 0,000138
направо 0,787106 0,000138
например 0,298086 0,000104
напротив 0,180546 0,000126
наслаждение 0,769377 0,000269
наслать 0,805589 0,000141
наследство 0,824895 0,000289
насмешка 0,599116 0,000105
настоящий 0,309985 0,000054
насчёт 0,354404 0,000062
наткнуться 1,389166 0,000243
натопить 1,690196 0,000296
наука 0,787106 0,000138
наутро 0,991226 0,000174
научить 0,963197 0,000337
находиться 0,514105 0,000270
начальство 0,912045 0,000160
начать 0,066947 0,000047
начаться 0,514105 0,000090
начинать 0,292256 0,000153
наш 0,118099 0,000041
небывалый 1,468347 0,000257
неделя 0,374926 0,000066
недоверчиво 1,264227 0,000221
недоверчивость 1,125925 0,000197
нежный 0,845098 0,000148
незлобный 2,167317 0,000379
некоторый 0,154480 0,000081
нельзя 0,176091 0,000031
ненавистный 0,805589 0,000141
ненависть 0,623249 0,000218
необычный 1,866287 0,000327
неожиданный 0,419129 0,000073
неотразимый 1,053374 0,000184
неподвижно 0,936868 0,000164
неправда 0,752344 0,000132
непременно 0,133894 0,000023
непривычный 1,866287 0,000327
несколько 0,095435 0,000033
несомненно 0,704919 0,000247
несчастный 0,374926 0,000066
нетерпение 0,554533 0,000097
неужели 0,389166 0,000204
неужто 0,599116 0,000315
нечего 0,381987 0,000201
нибыть 0,030597 0,000016
нижний 0,963197 0,000169
никак 0,396465 0,000139
никакой 0,213075 0,000149
никогда 0,088136 0,000046
никто 0,095435 0,000067
нимало 0,991226 0,000174
нисколько 0,662167 0,000348
нитка 1,167317 0,000204
ничего 0,030597 0,000107
ничто 0,576253 0,000202
новый 0,167317 0,000029
нога 0,213075 0,000149
ночь 0,189594 0,000166
ночью 0,587534 0,000103
нужный 0,477121 0,000084
оба 0,316059 0,000166
обдумать 0,936868 0,000328
обернуть 1,322219 0,000231
обернуться 0,576253 0,000101
обещать 0,704919 0,000123
обмерить 1,468347 0,000257
обнаружить 1,053374 0,000184
оборотить 1,866287 0,000327
образ 0,243038 0,000170
обратно 0,675956 0,000118
обращаться 0,451314 0,000079
обтереть 1,866287 0,000327
обутый 1,565257 0,000274
общественный 0,000000 0,000000
объявить 0,389166 0,000068
обыкновенный 0,565257 0,000099
обёртка 2,167317 0,000759
обёртывать 1,690196 0,000296
овладеть 0,912045 0,000160
оглядываться 1,167317 0,000204
один 0,000000 0,000000
одиннадцатый 0,912045 0,000319
одинокий 1,389166 0,000243
однако 0,102859 0,000036
ожидать 0,264227 0,000093
озираться 1,213075 0,000212
оказаться 0,275223 0,000145
окно 0,381987 0,000669
он 0,000000 0,000000
они 0,275223 0,000096
опасаться 0,845098 0,000148
описывать 1,125925 0,000197
опрос 1,565257 0,000274
опубликовать 0,000000 0,000000
опуститься 0,888564 0,000467
опять 0,027438 0,000106
освежить 1,565257 0,000274
осесть 1,468347 0,000257
ослабеть 1,088136 0,000190
осмотр 1,468347 0,000257
осмотреть 1,053374 0,000184
осмыслить 1,021189 0,000179
особенно 0,129891 0,000023
оставаться 0,280827 0,000049
оставить 0,203530 0,000071
остановиться 0,269690 0,000236
остаться 0,133894 0,000117
острый 1,213075 0,000212
осунуться 1,866287 0,000327
отвернуть 1,389166 0,000243
ответ 0,322219 0,000169
ответить 0,121994 0,000043
отвечать 0,258832 0,000091
отворить 0,486076 0,000596
отвратительный 1,053374 0,000369
отдавать 0,787106 0,000413
отдёрнуть 1,690196 0,000296
отец 0,091770 0,000032
откачнуться 1,866287 0,000327
откликнуться 1,565257 0,000274
отлепартовать 2,167317 0,000379
отлететь 1,389166 0,000243
отложить 0,824895 0,000289
отняться 1,565257 0,000274
отобрать 1,690196 0,000296
отойти 0,845098 0,000296
отослать 1,213075 0,000212
отпереть 0,805589 0,000564
отстать 1,088136 0,000381
оттолкнуть 1,322219 0,000231
отыскивать 1,167317 0,000204
оформление 0,000000 0,000000
охать 1,389166 0,000486
охота 1,021189 0,000179
очевидный 0,554533 0,000194
очень 0,024303 0,000051
очнуться 0,752344 0,000132
очённо 1,322219 0,000463
павел 1,468347 0,000257
павлович 0,286504 0,000251
падать 0,787106 0,000138
падучий 0,936868 0,000164
пакет 0,963197 0,002192
палец 0,486076 0,000425
пальто 0,936868 0,000492
панталоны 1,322219 0,000231
папье 2,167317 0,000759
пахнуть 1,213075 0,000212
пачка 0,963197 0,001012
первый 0,018098 0,000003
переводить 1,125925 0,000197
перегородка 1,468347 0,000514
перейти 0,000000 0,000000
перемена 0,824895 0,000144
перенбыть 2,167317 0,000379
перенести 0,704919 0,000123
песня 1,021189 0,000357
питер 1,866287 0,000653
пить 0,787106 0,000138
платок 0,675956 0,000237
плечо 0,403889 0,000071
плохо 0,912045 0,000160
плюнуть 0,936868 0,000164
победить 0,787106 0,000138
побежать 0,468347 0,000164
повалиться 1,468347 0,000257
поверженный 1,264227 0,000221
поверить 0,347773 0,000304
повернуться 0,495219 0,000087
поверстаться 2,167317 0,000379
повестить 1,690196 0,000296
поворотить 1,322219 0,000231
повстречать 1,565257 0,000274
повторить 0,544068 0,000095
повторять 0,396465 0,000069
поглядеть 0,396465 0,000139
поглядывать 1,021189 0,000179
погреб 1,264227 0,000221
подбивать 1,690196 0,000888
подборка 0,000000 0,000000
подвести 0,963197 0,000169
подвязка 2,167317 0,000379
подговаривать 1,866287 0,000327
поджигать 1,389166 0,000243
подле 0,419129 0,000147
поднять 0,396465 0,000139
подняться 0,443041 0,000233
подождать 0,587534 0,000206
подойти 0,341243 0,000239
подпереть 1,468347 0,000257
подробность 0,477121 0,000334
подсказать 0,963197 0,000169
подтвердить 0,544068 0,000095
подумать 0,185046 0,000162
подушка 0,611015 0,000107
подхватить 0,403889 0,000141
поехать 0,576253 0,000403
пожалеть 1,021189 0,000179
пожалуйста 0,662167 0,000116
пожелтеть 1,468347 0,000514
пожертвовать 0,963197 0,000169
позволить 0,264227 0,000139
пойти 0,080958 0,000156
пока 0,213075 0,000075
показать 0,292256 0,000307
показаться 0,334808 0,000117
показывать 0,514105 0,000180
покойный 0,599116 0,000105
покончить 0,769377 0,000135
пол 0,704919 0,000123
полнота 0,805589 0,000141
положить 0,403889 0,000212
полпути 2,167317 0,000379
получить 0,309985 0,000109
помещение 1,125925 0,000197
помилосердовать 1,565257 0,000274
помнить 0,167317 0,000117
помогать 0,845098 0,000148
помолчать 0,648803 0,000227
помочь 0,587534 0,000103
понаслышке 1,468347 0,000257
понимать 0,095435 0,000117
понимаючи 2,167317 0,000379
понятно 0,936868 0,000164
понятный 1,264227 0,000221
понять 0,106619 0,000019
попросить 0,426955 0,000149
попых 2,167317 0,000759
поразить 0,243038 0,000085
порешить 0,991226 0,000174
порог 0,888564 0,000156
поручить 0,991226 0,000174
порядок 0,704919 0,000123
посетитель 0,991226 0,000347
посинеть 1,468347 0,000257
после 0,084532 0,000089
последний 0,066947 0,000047
посмертно 0,000000 0,000000
посметь 0,936868 0,000656
посмотреть 0,213075 0,000075
поспеть 1,053374 0,000184
поспешно 0,866287 0,000303
поставить 0,451314 0,000079
постель 0,662167 0,000232
постлать 1,468347 0,000257
постоять 0,690196 0,000121
поступить 0,648803 0,000114
постучаться 1,264227 0,000221
посыпать 2,167317 0,000379
потащить 1,322219 0,000231
потерянный 0,912045 0,000160
потечь 1,264227 0,000221
потом 0,084532 0,000178
потому 0,024303 0,000094
потупиться 1,088136 0,000190
похваляться 1,690196 0,000296
похититель 2,167317 0,000379
похитить 1,213075 0,000212
похоже 0,845098 0,000148
похожий 0,611015 0,000107
похолодеть 1,565257 0,000274
похудеть 1,468347 0,000257
почему 0,099131 0,000104
почти 0,024303 0,000034
почувствовать 0,426955 0,000224
почудиться 2,167317 0,000759
почёт 1,866287 0,000327
пред 0,030597 0,000048
предварительно 0,991226 0,000174
предмет 0,611015 0,000214
предпринимать 1,866287 0,000327
представлять 0,845098 0,000148
представляться 0,611015 0,000107
предчувствовать 0,504560 0,000088
прежде 0,077412 0,000108
прежний 0,198834 0,000209
презрение 0,554533 0,000097
презренный 1,322219 0,000231
презрительно 0,866287 0,000303
прелесть 1,264227 0,000221
прервать 0,623249 0,000218
прерывать 0,912045 0,000160
преследовать 1,213075 0,000212
пресс 2,167317 0,000759
прибавить 0,162996 0,000029
прибежать 0,769377 0,000135
прибытие 1,021189 0,000179
прибыть 0,704919 0,000123
привести 0,576253 0,000202
привычный 1,690196 0,000296
пригласить 0,720159 0,000126
приготовить 0,675956 0,000118
придавить 1,322219 0,000231
придвинуть 1,389166 0,000243
придумать 0,991226 0,000174
прижизненный 0,000000 0,000000
признаться 0,443041 0,000078
призрак 1,167317 0,000409
прийти 0,095435 0,000100
приказать 0,752344 0,000132
приковаться 1,468347 0,000257
прикосновение 1,565257 0,000274
прикоснуться 1,389166 0,000486
прилипать 2,167317 0,000379
прилипнуть 2,167317 0,000379
примерно 0,963197 0,000337
принадлежать 0,912045 0,000160
принести 0,389166 0,000204
принимать 0,328468 0,000057
принять 0,180546 0,000126
припереть 2,167317 0,000759
прислать 0,403889 0,000071
прислушаться 1,565257 0,000274
приспешник 1,866287 0,000327
приставать 0,963197 0,000169
пристально 0,389166 0,000068
пристраивать 2,167317 0,000379
пристроить 1,565257 0,000274
притвориться 1,322219 0,000694
притворяться 1,213075 0,000425
приходить 0,243038 0,000043
приходиться 0,963197 0,000337
причина 0,396465 0,000069
причём 0,912045 0,000160
пришибить 1,866287 0,000327
провидение 1,167317 0,000204
прогнать 0,704919 0,000123
проговорить 0,110412 0,000232
программирование 0,000000 0,000000
продолжать 0,125925 0,000066
продолжаться 0,704919 0,000123
прозвенеть 1,468347 0,000257
произведение 0,000000 0,000000
произнести 0,280827 0,000098
произойти 0,258832 0,000136
пройти 0,000000 0,000000
пройтись 1,389166 0,000729
прокурор 0,787106 0,000413
пролезать 2,167317 0,000379
пролепетать 0,936868 0,000656
проломить 1,264227 0,000221
проникнуть 1,021189 0,000179
пропускать 1,565257 0,000274
просить 0,150284 0,000026
проситься 1,468347 0,000257
проскрежетать 1,167317 0,000409
проснуться 0,735954 0,000129
простить 0,286504 0,000050
просто 0,232819 0,000082
простонать 1,264227 0,000221
простучать 1,690196 0,000592
противоположный 0,888564 0,000156
протянуть 0,486076 0,000085
прочесть 0,443041 0,000078
прошептать 0,587534 0,000309
прошлый 0,735954 0,000515
прощать 0,426955 0,000075
прямо 0,118099 0,000041
публика 0,805589 0,000141
публикация 0,000000 0,000000
пугаться 1,264227 0,000221
пускать 1,021189 0,000179
пустить 0,735954 0,000129
путаться 1,322219 0,000463
пуще 0,599116 0,000524
пытливый 1,213075 0,000212
пьяный 0,451314 0,000158
работать 0,845098 0,000148
равно 0,303994 0,000266
радость 0,411442 0,000144
радужный 1,264227 0,000221
раз 0,309985 0,000054
разбирать 1,088136 0,000190
разбудить 1,088136 0,000190
разве 0,146128 0,000026
развернуть 0,866287 0,000152
развёртывать 1,264227 0,000221
разговаривать 0,720159 0,000252
разговор 0,264227 0,000093
раздражать 0,936868 0,000164
раздражение 0,888564 0,000156
раздражить 0,720159 0,000126
различить 1,264227 0,000221
размахнуться 1,690196 0,000296
разрешение 0,000000 0,000000
разрешить 0,824895 0,000144
рама 1,468347 0,000257
рано 0,787106 0,000138
раскаяние 0,769377 0,000135
раскидываться 1,565257 0,000274
распечатать 1,264227 0,000443
распечатывать 1,389166 0,000486
рассказ 0,477121 0,000084
рассказать 0,280827 0,000098
рассказчик 1,389166 0,000243
рассказывать 0,341243 0,000119
рассмеяться 0,599116 0,000105
рассудить 0,675956 0,000355
рассуждать 0,752344 0,000132
рассуждение 1,021189 0,000179
растолковать 1,053374 0,000184
расход 1,690196 0,000296
расчёт 0,611015 0,000107
ребёнок 0,232819 0,000041
решение 0,533849 0,000187
решить 0,232819 0,000204
решиться 0,341243 0,000119
риск 1,468347 0,000257
родитель 0,599116 0,000105
родовой 1,213075 0,000212
рождение 0,888564 0,000156
розовый 1,167317 0,000204
рост 0,675956 0,000118
рубль 0,334808 0,000059
рука 0,030597 0,000054
руководство 1,389166 0,000243
русский 0,411442 0,000072
рядом 0,690196 0,000121
сад 0,824895 0,000144
садиться 0,486076 0,000085
сайт 0,000000 0,000000
сам 0,002964 0,000008
самовар 1,213075 0,000212
самый 0,018098 0,000073
сбить 0,866287 0,000152
свалить 1,468347 0,000771
свалиться 1,565257 0,000274
сведение 0,824895 0,000144
сверкать 0,611015 0,000107
сверху 0,936868 0,000164
свет 0,176091 0,000031
свечка 0,866287 0,000303
свидание 0,514105 0,000270
свидетель 0,459747 0,000080
свидетельствовать 0,888564 0,000156
свободно 0,000000 0,000000
свой 0,000000 0,000000
святой 0,468347 0,000082
сделать 0,102859 0,000108
себя 0,000000 0,000000
сегодня 0,194189 0,000068
сейчас 0,070407 0,000049
секунда 0,565257 0,000099
семьдесят 0,000000 0,000000
сени 0,824895 0,000144
сердце 0,095435 0,000033
серьёзный 0,565257 0,000099
сесть 0,824895 0,000144
сзади 0,824895 0,000144
сидеть 0,125925 0,000176
сила 0,185046 0,000065
силиться 1,213075 0,000212
сильно 0,292256 0,000051
сильный 0,269690 0,000047
сиплый 1,866287 0,000327
сирин 1,866287 0,000653
сказать 0,011981 0,000029
скорый 0,237898 0,000125
слабый 0,611015 0,000214
слазить 1,866287 0,000327
следить 0,623249 0,000109
следующий 0,866287 0,000152
слишком 0,133894 0,000023
словно 0,866287 0,000303
слово 0,027438 0,000038
слуга 0,599116 0,000105
слушать 0,203530 0,000249
слышать 0,125925 0,000066
слюнка 1,690196 0,000296
смелый 1,167317 0,000409
смердяков 0,576253 0,004236
смерть 0,374926 0,000066
сметь 0,389166 0,000068
смешно 0,824895 0,000289
смеяться 0,171682 0,000030
смотреть 0,077412 0,000081
смутиться 0,805589 0,000141
снег 1,213075 0,000212
снять 0,704919 0,000494
соболезновать 2,167317 0,000379
собрание 1,088136 0,000190
собраться 0,662167 0,000116
собственность 1,389166 0,000243
собственный 0,264227 0,000093
совершенный 0,451314 0,000158
совершить 0,769377 0,000539
совсем 0,021189 0,000070
согласие 0,000000 0,000000
согласиться 0,396465 0,000069
сознаться 0,769377 0,000269
сойти 0,495219 0,000260
солгать 0,824895 0,000144
соображать 0,963197 0,000169
сообразить 0,690196 0,000121
сорвать 0,991226 0,000174
сотрястись 1,565257 0,000274
сочинение 1,468347 0,000257
спать 0,495219 0,000087
сперва 0,735954 0,000129
спешить 0,477121 0,000167
спина 0,752344 0,000132
спокойно 0,648803 0,000341
споткнуться 1,866287 0,000327
справиться 0,991226 0,000174
спрашивать 0,232819 0,000082
спросить 0,114239 0,000060
спрятаться 1,125925 0,000197
спускать 1,167317 0,000204
ставень 1,565257 0,000274
старуха 0,690196 0,000242
старый 0,374926 0,000066
стать 0,002964 0,000007
стена 0,533849 0,000467
стоить 0,189594 0,000232
стол 0,286504 0,000552
столь 0,434924 0,000228
стонать 1,021189 0,000357
сторона 0,110412 0,000039
сторублёвый 1,125925 0,000197
стоять 0,150284 0,000079
страдание 0,554533 0,000097
странно 0,354404 0,000248
страх 0,426955 0,000224
страшный 0,286504 0,000201
строчка 1,125925 0,000197
стукнуться 1,565257 0,000274
стул 0,434924 0,000305
ступать 0,587534 0,000206
стучать 0,866287 0,000152
стыд 0,533849 0,000093
стыдно 0,504560 0,000177
суд 0,554533 0,000679
судорога 0,991226 0,000347
сумасшедший 0,554533 0,000291
сумление 1,468347 0,000771
сумма 0,662167 0,000232
сунуть 1,167317 0,000409
сухой 1,021189 0,000357
схватить 0,347773 0,000243
сходить 0,611015 0,000321
счастие 0,451314 0,000158
считать 0,275223 0,000096
тайный 1,021189 0,000179
также 0,000000 0,000000
таки 0,066947 0,000023
таковой 0,451314 0,000079
такой 0,002964 0,000006
тащить 1,021189 0,000179
твёрдо 0,419129 0,000293
твёрдость 1,264227 0,000221
текст 0,000000 0,000000
тело 0,720159 0,000126
темя 1,264227 0,000221
теперь 0,015029 0,000058
теряться 1,468347 0,000257
тесно 1,565257 0,000274
тихий 0,544068 0,000095
тихо 0,354404 0,000372
товарищ 0,704919 0,000123
тогда 0,050046 0,000175
тогдашний 0,635838 0,000111
тоже 0,043466 0,000015
толстой 1,088136 0,000190
толстый 1,021189 0,000179
только 0,002964 0,000017
том 1,565257 0,000274
тон 0,648803 0,000227
торжественно 0,888564 0,000156
торопиться 0,662167 0,000232
тоска 0,599116 0,000105
тот 0,002964 0,000005
тотчас 0,046743 0,000041
точка 0,623249 0,000218
точно 0,121994 0,000043
трепетать 0,735954 0,000129
третий 0,154480 0,000216
тряпка 1,264227 0,000221
тряпочка 1,690196 0,000296
трястись 1,125925 0,000591
туфля 1,468347 0,000257
ты 0,133894 0,000609
тысяча 0,217927 0,000114
тюфяк 1,167317 0,000817
тяжело 0,565257 0,000099
убедить 0,888564 0,000156
убежать 0,565257 0,000198
убеждённый 0,635838 0,000111
убивец 2,167317 0,001897
убивство 1,690196 0,000888
убийца 0,704919 0,000123
убить 0,275223 0,001301
убрать 1,167317 0,000204
уверенно 1,866287 0,000327
уверенный 0,611015 0,000107
увериться 1,322219 0,000231
уверовать 1,264227 0,000443
уверять 0,411442 0,000072
увидать 0,434924 0,000152
увидеть 0,222835 0,000117
угадать 0,599116 0,000105
угол 0,341243 0,000358
ударить 0,635838 0,000223
удариться 1,565257 0,000274
удаться 0,805589 0,000141
удивиться 0,523865 0,000092
удивление 0,292256 0,000102
удивлённо 1,565257 0,000548
уехать 0,459747 0,000241
ужас 0,468347 0,000082
ужасно 0,167317 0,000029
уйти 0,248239 0,000130
указывать 0,599116 0,000105
укоризненно 1,690196 0,000592
украсть 0,805589 0,000564
улика 1,125925 0,000394
уличить 1,565257 0,000274
ум 0,720159 0,000126
умереть 0,269690 0,000047
умерший 0,000000 0,000000
уметь 0,328468 0,000057
умнеть 1,866287 0,000327
умный 0,403889 0,000141
унести 0,991226 0,001041
упасть 0,495219 0,000173
упрямый 1,322219 0,000231
усесться 0,662167 0,000116
усиливаться 1,264227 0,000221
усмехаться 0,805589 0,000141
усмехнуться 0,374926 0,000525
успеть 0,203530 0,000107
успокоить 0,824895 0,000144
уставиться 1,053374 0,000369
устало 1,866287 0,000653
утечь 1,690196 0,000296
утихнуть 1,866287 0,000327
утром 0,411442 0,000072
ухватить 1,565257 0,000548
ухмыляться 1,468347 0,000257
учинить 1,565257 0,000274
учить 0,752344 0,000132
федора 0,912045 0,000160
физический 1,213075 0,000212
фонарь 1,125925 0,000197
фунт 1,322219 0,000231
фёдор 0,434924 0,000457
фёдорович 0,150284 0,000842
халат 1,322219 0,000231
ход 0,963197 0,000169
ходить 0,213075 0,000037
холод 1,125925 0,000197
холодный 0,824895 0,000144
хорошо 0,189594 0,000232
хотеть 0,033778 0,000059
хоть 0,060107 0,000053
хотя 0,050046 0,000009
худо 1,053374 0,000184
целый 0,217927 0,000076
цель 0,361137 0,000063
час 0,185046 0,000065
частный 1,322219 0,000231
часть 0,002964 0,000002
чей 0,000000 0,000000
человек 0,011981 0,000017
человечество 0,866287 0,000152
через 0,258832 0,000136
чермашня 1,125925 0,000591
черта 0,264227 0,000139
четвёртый 0,286504 0,000100
число 0,704919 0,000123
чистый 0,434924 0,000076
читаемый 2,167317 0,000379
читать 0,403889 0,000141
чрезмерно 1,565257 0,000274
что 0,030597 0,000054
чтоб 0,073896 0,000052
чтобы 0,030597 0,000054
чувство 0,158717 0,000056
чувствовать 0,264227 0,000231
чугунный 1,565257 0,000274
чулок 1,565257 0,001096
чуть 0,176091 0,000031
шаг 0,367977 0,000064
шагать 0,963197 0,000337
шагнуть 0,912045 0,000639
шататься 1,389166 0,000243
шевелиться 1,213075 0,000212
шептать 1,021189 0,000536
шкатунка 2,167317 0,001138
шлёпнуться 1,690196 0,000296
шорох 1,866287 0,000327
щедрый 1,866287 0,000327
энергично 2,167317 0,000379
этакий 0,533849 0,000093
это 0,002964 0,000005
этот 0,002964 0,000007
я 0,024303 0,000162
яблонька 2,167317 0,000379
явиться 0,298086 0,000104
явно 1,088136 0,000190
явный 1,167317 0,000204
язык 0,611015 0,000107
яростно 1,468347 0,000257
ярость 1,053374 0,000184
ясно 0,354404 0,000062
