автор 0,000000 0,000000
авторский 0,000000 0,000000
аграфена 0,912045 0,000653
адвокат 1,021189 0,000732
александрович 0,504560 0,000361
алексей 0,000000 0,000000
алеш 0,328468 0,000392
анализировать 1,565257 0,000374
ангел 0,720159 0,000172
антипатия 2,167317 0,000518
аршинный 1,565257 0,000747
ахинея 1,389166 0,000663
батюшка 0,635838 0,000152
беда 0,662167 0,000316
бедный 0,328468 0,000078
без 0,599116 0,000143
безвредный 1,866287 0,000446
безмолвно 1,322219 0,000316
безнадёжно 1,866287 0,000446
безнадёжный 1,690196 0,000404
безобразие 1,213075 0,000290
безобразник 1,866287 0,000446
безотрадный 1,866287 0,000446
бесконечный 0,824895 0,000394
беспощадно 1,866287 0,000446
бессмысленно 1,322219 0,000316
бессознательно 1,125925 0,000269
библиотека 1,866287 0,001337
благодарить 0,635838 0,000152
благодарность 0,991226 0,000237
благонадёжный 1,690196 0,000404
благородный 0,374926 0,000448
бледно 1,125925 0,000269
бледный 0,443041 0,000106
близкий 0,477121 0,000228
близко 0,888564 0,000212
бог 0,154480 0,000037
более 0,000000 0,000000
болезненно 1,167317 0,000279
болезненный 0,611015 0,000292
больной 0,258832 0,000124
больший 0,248239 0,000059
борода 1,021189 0,000244
бороться 1,053374 0,000503
борьба 1,053374 0,000503
брак 0,735954 0,000176
брат 0,060107 0,000100
брить 1,690196 0,000404
бросить 0,269690 0,000064
буквально 0,805589 0,000192
бумага 0,735954 0,000527
буянить 1,565257 0,000374
бывать 0,280827 0,000067
бывший 0,389166 0,000093
быстро 0,232819 0,000056
быть 0,000000 0,000000
важно 0,675956 0,000323
важный 0,341243 0,000081
ваш 0,121994 0,000117
ввести 0,963197 0,000230
вдохновение 1,053374 0,000252
вдруг 0,005949 0,000020
ведать 1,088136 0,000260
ведь 0,043466 0,000031
вежливый 0,735954 0,000176
велеть 0,576253 0,000963
верить 0,180546 0,000216
верно 0,523865 0,000125
вернуться 0,963197 0,000460
верный 0,495219 0,000118
вероятно 0,623249 0,000446
верста 0,888564 0,000212
верх 0,963197 0,000460
вершковый 1,565257 0,000374
весь 0,002964 0,000010
весьма 0,243038 0,000174
вечер 0,322219 0,000077
вечером 0,533849 0,000127
взбегать 1,866287 0,000446
взглянуть 0,468347 0,000112
вздрогнуть 0,486076 0,000348
взор 1,167317 0,000279
взять 0,077412 0,000185
вид 0,150284 0,000108
видать 0,419129 0,000100
видеть 0,027438 0,000020
видно 0,504560 0,000120
визит 0,845098 0,000202
виноватый 0,328468 0,000078
вихрь 1,468347 0,000351
владение 1,690196 0,000404
влечь 1,167317 0,000279
вместе 0,208276 0,000050
вместо 0,411442 0,000098
внезапно 0,623249 0,000298
вниз 0,752344 0,000180
вовсе 0,150284 0,000144
вода 0,587534 0,000281
возвратить 0,845098 0,000404
возвращение 1,053374 0,000503
возвышеннейший 2,167317 0,000518
возможность 0,587534 0,000140
возможный 0,845098 0,000202
вознаграждение 0,000000 0,000000
возродиться 1,866287 0,000446
волнение 0,361137 0,000086
воловий 1,468347 0,000351
волос 0,690196 0,000165
воля 0,576253 0,000138
вообразить 0,662167 0,000158
вопрос 0,146128 0,000070
вор 1,021189 0,000244
воровски 2,167317 0,000518
восемь 0,735954 0,000176
восклицать 0,533849 0,000255
воскресение 1,088136 0,000260
воскрешать 2,167317 0,000518
воспаление 1,565257 0,000747
восторг 0,419129 0,000100
восторженно 0,936868 0,000224
восторженный 0,963197 0,000230
восьмой 0,888564 0,000424
вперёд 0,426955 0,000102
вполне 0,316059 0,000151
впоследствии 0,662167 0,000158
вправе 1,565257 0,000374
впредь 0,752344 0,000180
впрочем 0,118099 0,000028
впускать 1,264227 0,000302
временами 1,264227 0,000604
время 0,018098 0,000022
вскочить 0,451314 0,000323
вследствие 0,888564 0,000212
вспоминать 0,623249 0,000149
вставать 0,576253 0,000138
встречный 1,389166 0,000332
всякий 0,106619 0,000102
вход 0,752344 0,000180
входной 1,468347 0,000351
выбирать 1,468347 0,000351
выбрать 0,845098 0,000404
вывести 0,611015 0,000146
выговорить 0,599116 0,000143
выгодный 1,167317 0,000279
выдать 0,845098 0,000404
выдержать 0,587534 0,000140
выиграть 1,088136 0,000260
выйти 0,063514 0,000091
выманить 1,690196 0,000404
выплата 0,000000 0,000000
выплыть 1,866287 0,000446
выражение 0,514105 0,000123
выразиться 0,504560 0,000361
высказать 0,523865 0,000125
выскочить 0,824895 0,000197
выслушать 0,426955 0,000102
высокопарный 2,167317 0,000518
выход 0,769377 0,000367
выходить 0,258832 0,000062
выходка 0,866287 0,000207
выясниться 1,468347 0,000351
галилейский 1,690196 0,000404
гениальный 1,264227 0,000302
главное 0,185046 0,000177
главный 0,426955 0,000102
глаз 0,056728 0,000041
глупый 0,419129 0,000200
глядеть 0,243038 0,000058
гнев 0,544068 0,000130
гнусный 1,468347 0,000351
говорить 0,011981 0,000017
говориться 1,167317 0,000557
голова 0,114239 0,000136
голыш 1,690196 0,000404
гордость 0,587534 0,000140
гордый 0,576253 0,000138
город 0,248239 0,000237
городишко 1,389166 0,000332
горячее 1,125925 0,000269
гость 0,434924 0,000104
государственный 1,264227 0,000302
готовиться 0,845098 0,000202
готовый 0,367977 0,000088
громко 0,504560 0,000120
грубый 0,824895 0,000197
грушенек 0,787106 0,004511
грушенька 0,544068 0,000390
грушенький 1,088136 0,000779
губа 0,411442 0,000098
губернский 1,088136 0,000260
давнишний 1,866287 0,000446
давно 0,158717 0,000114
даже 0,005949 0,000028
далее 0,648803 0,000310
дальнейший 0,845098 0,000202
далёкий 0,411442 0,000196
даром 0,769377 0,000184
дать 0,171682 0,000082
даться 1,322219 0,000316
два 0,198834 0,000047
двадцать 0,303994 0,000145
двенадцать 0,805589 0,000385
дверь 0,258832 0,000124
двинуться 1,125925 0,000269
двор 0,523865 0,000125
двухэтажный 1,690196 0,000404
действительно 0,106619 0,000102
делец 1,866287 0,000891
деликатный 1,088136 0,000260
дело 0,011981 0,000043
дельный 1,690196 0,000404
день 0,118099 0,000085
деньга 0,185046 0,000574
деревня 0,963197 0,000230
дерево 0,752344 0,000180
деревянный 0,787106 0,000188
дескать 0,419129 0,000500
десять 0,298086 0,000142
диван 0,648803 0,000310
дикий 0,720159 0,000172
дичь 1,565257 0,000747
длинный 0,495219 0,000118
дмитрий 0,396465 0,000379
добродетель 0,912045 0,000218
добродетельный 1,167317 0,000836
добываться 2,167317 0,000518
довольно 0,129891 0,000031
договорить 0,888564 0,000212
додача 2,167317 0,000518
дойти 0,389166 0,000186
документ 1,053374 0,001006
документальный 2,167317 0,000518
долг 0,735954 0,000176
долго 0,222835 0,000053
должный 0,099131 0,000095
доложить 1,021189 0,000488
доложиться 1,690196 0,000404
дом 0,154480 0,000037
дорога 0,275223 0,000066
дорого 1,021189 0,000244
дословно 2,167317 0,000518
достать 0,587534 0,000421
достаться 0,888564 0,000212
достоевский 0,000000 0,000000
достояние 0,000000 0,000000
доход 1,565257 0,000374
дочь 0,374926 0,000179
дрогнуть 1,389166 0,000332
друг 0,180546 0,000129
другой 0,008955 0,000026
думать 0,060107 0,000086
дух 0,486076 0,000116
душа 0,158717 0,000114
дышать 0,866287 0,000207
единственно 0,477121 0,000228
ежеминутно 1,690196 0,000404
если 0,011981 0,000046
есть 0,018098 0,000030
ехать 0,587534 0,000140
жаждать 0,769377 0,000184
жаться 1,690196 0,000404
ждать 0,142011 0,000170
желать 0,232819 0,000056
женатый 1,125925 0,000269
жениться 0,554533 0,000132
жених 0,824895 0,000197
женщина 0,213075 0,000051
жест 0,787106 0,000188
жестокий 0,769377 0,000184
жестоко 1,088136 0,000260
жизнь 0,084532 0,000262
жить 0,217927 0,000052
жребий 1,565257 0,000374
забегать 1,125925 0,000269
заболеть 1,053374 0,000503
забыть 0,125925 0,000060
завязнуть 1,690196 0,000404
заказать 1,088136 0,000260
заключаться 0,635838 0,000152
заключить 0,347773 0,000083
законный 0,963197 0,000230
зал 0,936868 0,000224
зала 0,662167 0,000474
залавок 1,866287 0,000446
залепетать 1,213075 0,000290
заметить 0,056728 0,000041
замирать 0,991226 0,000473
замуж 0,735954 0,000351
занимать 0,787106 0,000188
заниматься 0,963197 0,000230
запереть 0,735954 0,000176
запутаться 1,565257 0,000374
застегнуть 1,690196 0,000404
затем 0,237898 0,000114
захватить 0,587534 0,000140
захотеть 0,316059 0,000151
захохотать 0,866287 0,000207
здесь 0,095435 0,000137
здешний 0,611015 0,000146
здоровье 0,704919 0,000168
зеркало 1,125925 0,000269
злоба 0,523865 0,000375
злобный 0,635838 0,000304
злой 0,587534 0,000140
злоупотребить 2,167317 0,000518
знак 0,565257 0,000135
знаменитый 0,936868 0,000224
знание 1,053374 0,000503
знать 0,002964 0,000009
зов 1,866287 0,000446
зуб 0,735954 0,000176
иван 0,232819 0,000056
иванович 0,269690 0,000322
идти 0,180546 0,000043
изверг 0,936868 0,000671
известно 0,334808 0,000240
известный 0,347773 0,000083
извинить 0,611015 0,000438
изволить 0,477121 0,000114
изложение 1,088136 0,000260
изменить 0,769377 0,000184
изредка 0,888564 0,000212
изречь 1,053374 0,000503
ильинский 1,690196 0,000807
именно 0,066947 0,000160
иметь 0,118099 0,000085
иначе 0,367977 0,000351
иной 0,208276 0,000050
иск 1,690196 0,000404
искать 0,411442 0,000098
исключить 1,565257 0,000374
искомый 2,167317 0,000518
искренний 0,576253 0,000138
искренно 0,523865 0,000125
использоваться 0,000000 0,000000
исступление 0,565257 0,000270
исступлённо 1,021189 0,000244
иссякнуть 1,690196 0,000404
истинно 1,125925 0,000269
история 0,495219 0,000118
источник 1,565257 0,000374
истукан 1,690196 0,000404
исход 0,991226 0,000473
исчезновение 1,389166 0,000332
итак 0,805589 0,000577
каждый 0,137934 0,000066
казаться 0,063514 0,000061
каковой 0,576253 0,000138
какой 0,005949 0,000014
кан 1,690196 0,000404
капиталист 2,167317 0,000518
капитан 0,769377 0,000735
карамазов 0,180546 0,000216
карандаш 1,264227 0,000302
карманный 1,389166 0,000332
касаться 0,599116 0,000143
кат 1,468347 0,000351
катастрофа 0,936868 0,000447
катерина 0,587534 0,000701
катя 0,912045 0,000218
кафтан 1,690196 0,000404
квартира 0,623249 0,000149
квартирка 1,866287 0,000446
квартировать 1,565257 0,000374
кипеть 1,053374 0,000252
клочок 1,322219 0,000316
клясться 0,554533 0,000132
книга 0,106619 0,000076
когда 0,015029 0,000018
кожаный 1,213075 0,000290
коли 0,269690 0,000064
комар 0,000000 0,000000
коммерческий 1,690196 0,000807
комната 0,150284 0,000144
комнатка 1,053374 0,000252
конец 0,213075 0,000051
конечно 0,060107 0,000043
контры 1,866287 0,000446
кончить 0,328468 0,000157
кончиться 0,495219 0,000236
корнеплод 2,167317 0,000518
корнеплодовый 2,167317 0,000518
короткий 0,936868 0,000224
косвенно 1,322219 0,000316
который 0,002964 0,000012
край 0,936868 0,000671
крайний 0,292256 0,000070
красный 0,611015 0,000146
кресло 0,599116 0,000429
крестьянство 1,866287 0,000446
кроме 0,158717 0,000076
круглый 0,963197 0,000230
круто 1,322219 0,000631
кряхтеть 1,690196 0,000404
кстати 0,468347 0,000112
кто 0,114239 0,000055
куда 0,248239 0,000119
кузьма 1,322219 0,005683
кузьмич 1,690196 0,006054
купец 0,720159 0,000344
купеческий 1,167317 0,000279
ладан 1,866287 0,000446
ласка 1,389166 0,000332
ледяной 1,866287 0,000446
лежать 0,243038 0,000116
лекарь 1,565257 0,000374
лепёшка 2,167317 0,000518
лес 1,053374 0,000252
лететь 0,805589 0,000385
либо 0,000000 0,000000
литератор 1,468347 0,000351
литература 1,468347 0,000351
лицо 0,000000 0,000000
лишь 0,185046 0,000751
лоб 1,167317 0,000279
лопнуть 1,468347 0,000351
любить 0,066947 0,000048
любовь 0,334808 0,000080
любой 0,000000 0,000000
любопытство 0,361137 0,000086
люстра 1,866287 0,000891
лягавома 1,565257 0,000374
лягавый 1,690196 0,000404
лягавыя 1,565257 0,000747
маленький 0,185046 0,000044
мало 0,208276 0,000050
малое 0,963197 0,000460
малый 0,334808 0,000160
мать 0,217927 0,000104
меблированный 1,264227 0,000302
медленно 0,805589 0,000577
между 0,129891 0,000062
мелькнуть 0,544068 0,000130
менее 0,635838 0,000152
мера 0,217927 0,000052
место 0,099131 0,000095
месяц 0,264227 0,000126
метаться 1,565257 0,000374
мечтать 0,752344 0,000180
минута 0,050046 0,000096
минутка 0,635838 0,000455
митенька 1,264227 0,000906
митя 0,451314 0,004742
младший 1,021189 0,000488
мнительность 1,053374 0,000252
многие 0,468347 0,000112
многий 0,514105 0,000123
много 0,080958 0,000019
многосемейный 1,866287 0,000446
многоуважаемый 1,264227 0,000302
многочтить 2,167317 0,000518
множество 0,845098 0,000202
можно 0,088136 0,000147
мозг 1,021189 0,000488
мой 0,077412 0,000055
молодец 1,167317 0,000279
молча 0,367977 0,000088
молчать 0,248239 0,000059
момент 0,000000 0,000000
монастырь 0,533849 0,000127
мота 2,167317 0,000518
мотать 1,866287 0,000446
мочь 0,000000 0,000000
мрамор 1,565257 0,000374
мрачный 0,662167 0,000158
мужчина 0,912045 0,000218
мука 0,735954 0,000351
мучительный 0,623249 0,000149
мучить 0,419129 0,000200
мучиться 0,623249 0,000149
мысль 0,114239 0,000136
навеки 0,648803 0,000310
наверно 0,264227 0,000063
навернуться 2,167317 0,000518
наверх 0,888564 0,000424
навстречу 1,125925 0,000269
нагородить 1,866287 0,000446
надвигаться 1,690196 0,000404
надворный 1,866287 0,000446
надеяться 0,434924 0,000312
надо 0,036984 0,000079
нажить 1,264227 0,000302
назад 0,000000 0,000000
название 1,088136 0,000260
найти 0,298086 0,000071
накануне 0,662167 0,000158
наконец 0,073896 0,000053
намерение 0,514105 0,000368
наметить 1,690196 0,000404
написать 0,000000 0,000000
наполнить 1,167317 0,000279
напротив 0,180546 0,000086
нарочито 1,690196 0,000807
нарочно 0,227798 0,000109
наследство 0,824895 0,000394
насмешливый 0,704919 0,000168
насмеяться 1,322219 0,000316
настаивать 0,565257 0,000135
настоящий 0,309985 0,000074
насчёт 0,354404 0,000254
наука 0,787106 0,000188
находиться 0,514105 0,000246
начать 0,066947 0,000080
начаться 0,514105 0,000246
начинать 0,292256 0,000140
начинаться 0,805589 0,000192
наш 0,118099 0,000028
небо 0,635838 0,000152
небрезгливый 2,167317 0,000518
невеста 0,720159 0,000172
невозможный 0,623249 0,000149
невольный 1,468347 0,000351
невообразимый 1,565257 0,000374
незамужний 2,167317 0,000518
неизменный 1,389166 0,000332
некоторый 0,154480 0,000074
нелепый 0,845098 0,000202
неловко 1,125925 0,000269
немедленно 0,554533 0,000265
немецк 1,565257 0,000374
ненавидеть 0,514105 0,000123
необитаемый 1,866287 0,000446
необходимый 0,599116 0,000143
необычайный 0,662167 0,000158
неожиданный 0,419129 0,000100
неопределённо 1,213075 0,000290
неопределённый 1,053374 0,000252
неподвижно 0,936868 0,000447
непомерный 1,565257 0,000374
непременно 0,133894 0,000128
неразговорчивый 1,866287 0,000446
неразрешимый 1,322219 0,000316
нервно 0,936868 0,000224
нервный 0,824895 0,000197
нерешимость 1,264227 0,000302
нерешительность 1,866287 0,000446
неробкий 1,866287 0,000446
несколько 0,095435 0,000068
несмотря 0,275223 0,000131
несподручный 2,167317 0,000518
нестись 1,565257 0,000374
нетерпение 0,554533 0,000132
неужели 0,389166 0,000093
неуклюжий 1,565257 0,000374
неясно 1,088136 0,000520
нибыть 0,030597 0,000044
нигде 1,125925 0,000269
нижний 0,963197 0,000460
никакой 0,213075 0,000102
никогда 0,088136 0,000021
никто 0,095435 0,000023
нисколько 0,662167 0,000158
ничего 0,030597 0,000058
ничтожество 1,690196 0,000404
новый 0,167317 0,000439
нога 0,213075 0,000102
нотариус 2,167317 0,000518
ночь 0,189594 0,000136
ночью 0,587534 0,000140
нужно 0,514105 0,000123
обдумать 0,936868 0,000224
обернуться 0,576253 0,000138
обеспокоить 1,088136 0,000260
облегчить 1,167317 0,000279
обновить 1,866287 0,000446
обновление 1,468347 0,000351
обозначить 1,322219 0,000316
обольститель 1,468347 0,000351
оборачиваться 1,389166 0,000332
оборванец 1,866287 0,000446
оборвать 1,167317 0,000279
оборваться 1,389166 0,000663
образ 0,243038 0,000116
обратиться 0,316059 0,000151
обрыв 2,167317 0,000518
обстоятельство 0,403889 0,000193
обширный 1,389166 0,000663
общественный 0,000000 0,000000
объяснить 0,374926 0,000090
объясниться 0,824895 0,000197
огорошить 1,468347 0,000351
ограбить 0,912045 0,000653
огромный 0,599116 0,000286
одеваться 1,213075 0,000290
одетый 0,648803 0,000155
один 0,000000 0,000000
однако 0,102859 0,000074
одышка 1,690196 0,000404
ожидание 0,662167 0,000158
ожидать 0,264227 0,000063
оказаться 0,275223 0,000066
около 0,443041 0,000106
окончательно 0,565257 0,000135
окончательный 0,936868 0,000447
омут 2,167317 0,000518
он 0,000000 0,000000
опасный 0,845098 0,000202
опираться 1,866287 0,000446
оправдать 0,963197 0,000230
определение 1,565257 0,000374
определённый 1,322219 0,000947
опросить 1,565257 0,000747
опубликовать 0,000000 0,000000
опухнуть 1,866287 0,000446
опять 0,027438 0,000039
осанка 1,468347 0,000351
оскорбить 0,599116 0,000143
осмеять 1,389166 0,000332
основание 0,787106 0,000376
основаться 2,167317 0,000518
особа 0,769377 0,000184
особенно 0,129891 0,000062
оставаться 0,280827 0,000134
оставлять 0,533849 0,000127
останавливать 1,021189 0,000244
остаться 0,133894 0,000032
отвернуться 0,912045 0,000218
ответ 0,322219 0,000154
отвиснуть 1,866287 0,000446
отвращение 0,769377 0,000184
отгонять 1,322219 0,000316
отдалить 0,963197 0,000230
отдать 0,381987 0,000091
отделаться 1,264227 0,000302
отец 0,091770 0,000088
отечески 1,866287 0,000891
отеческий 1,565257 0,000374
отзываться 1,213075 0,000290
отказать 0,735954 0,000351
откуда 0,514105 0,000123
отмечать 1,690196 0,000404
отнестись 1,468347 0,000351
отношение 0,623249 0,000149
отнять 0,888564 0,000212
оттого 0,675956 0,000161
отходить 0,824895 0,000197
отчасти 0,611015 0,000146
отчаяние 0,544068 0,000130
офицер 0,752344 0,000539
оформление 0,000000 0,000000
очень 0,024303 0,000041
ощущать 0,735954 0,000176
павел 1,468347 0,000351
павлович 0,286504 0,000889
парадное 1,866287 0,000446
первый 0,018098 0,000022
перебить 0,486076 0,000116
перевернуть 1,468347 0,000351
передать 0,381987 0,000182
передний 0,963197 0,000230
перейти 0,000000 0,000000
перемена 0,824895 0,000197
перескакивать 1,468347 0,000351
перескочить 0,991226 0,000237
перчатка 1,389166 0,000332
печься 2,167317 0,000518
писать 0,419129 0,000100
письмо 0,434924 0,000727
питать 1,213075 0,000290
пламя 1,468347 0,000351
план 0,888564 0,000849
платочек 1,389166 0,000332
победить 0,787106 0,000188
побудить 1,389166 0,000332
повернуться 0,495219 0,000118
повесть 1,053374 0,000252
погибать 1,322219 0,000316
погибнуть 0,888564 0,000212
подачка 1,690196 0,000404
подборка 0,000000 0,000000
поддаться 1,322219 0,000316
подле 0,419129 0,000100
подлец 0,554533 0,000794
подниматься 1,468347 0,000351
подняться 0,443041 0,000106
подобный 0,533849 0,000127
подозревать 0,504560 0,000120
подписать 1,213075 0,000290
подробно 1,053374 0,000503
подробный 0,888564 0,000424
подумать 0,185046 0,000044
подходить 0,587534 0,000140
пожелать 0,675956 0,000161
позор 0,720159 0,000172
пойти 0,080958 0,000097
пока 0,213075 0,000204
показать 0,292256 0,000140
показаться 0,334808 0,000080
поклониться 0,662167 0,000316
покровитель 1,264227 0,000906
поле 0,912045 0,000218
положение 0,459747 0,000110
получить 0,309985 0,000148
помалу 0,675956 0,000161
помещаться 1,125925 0,000269
помещение 1,125925 0,000269
поминутно 0,635838 0,000152
помнить 0,167317 0,000040
помощь 0,888564 0,000212
понимать 0,095435 0,000091
понятие 0,735954 0,000176
понять 0,106619 0,000076
поп 1,866287 0,000446
поразить 0,243038 0,000058
порешить 0,991226 0,000473
порок 1,213075 0,000579
поселиться 1,167317 0,000279
посетитель 0,991226 0,000710
послание 1,866287 0,000446
послать 0,309985 0,000222
после 0,084532 0,000121
последний 0,066947 0,000176
посмертно 0,000000 0,000000
посмеяться 1,125925 0,000538
посмотреть 0,213075 0,000102
поставить 0,451314 0,000108
посторонний 0,787106 0,000188
потом 0,084532 0,000121
потому 0,024303 0,000041
потребовать 0,805589 0,000192
потрясть 2,167317 0,000518
почему 0,099131 0,000071
почтенный 0,720159 0,000172
почти 0,024303 0,000029
почувствовать 0,426955 0,000510
появиться 0,662167 0,000158
правда 0,088136 0,000042
право 0,176091 0,000084
пребывать 1,125925 0,000269
пред 0,030597 0,000058
предать 0,866287 0,000207
предварительно 0,991226 0,000237
предвидеть 1,021189 0,000244
предложение 0,769377 0,000184
предложить 0,623249 0,000595
предполагать 0,991226 0,000237
предположить 0,824895 0,000197
предпочесть 1,468347 0,000351
предприятие 1,322219 0,000631
представимый 1,866287 0,000446
представить 0,286504 0,000205
представляться 0,611015 0,000584
предупредить 0,769377 0,000184
предчувствие 0,912045 0,000218
предшествовать 1,389166 0,000332
прежде 0,077412 0,000037
прежний 0,198834 0,000047
презрение 0,554533 0,000132
прерываться 1,264227 0,000302
престарелый 1,866287 0,000446
преступление 0,623249 0,000149
прибытие 1,021189 0,000244
привет 2,167317 0,000518
приводить 0,991226 0,000237
пригласить 0,720159 0,000172
придать 1,088136 0,000260
придерживать 1,866287 0,000446
придумать 0,991226 0,000237
приезд 0,805589 0,000192
приехать 0,309985 0,000222
прижизненный 0,000000 0,000000
признаваться 0,912045 0,000218
прийти 0,095435 0,000068
приказ 1,468347 0,000351
приказание 1,167317 0,000279
приказчик 1,264227 0,000604
прилично 1,213075 0,000290
принадлежать 0,912045 0,000218
присвоить 1,322219 0,000316
прислуживать 1,213075 0,000290
приход 0,888564 0,000212
пробормотать 0,316059 0,000075
провалиться 1,264227 0,000302
проводить 0,845098 0,000202
проговорить 0,110412 0,000053
программирование 0,000000 0,000000
продолжение 0,888564 0,000212
проживать 0,769377 0,000184
прозвище 1,690196 0,000404
проиграть 1,213075 0,000290
произведение 0,000000 0,000000
произойти 0,258832 0,000185
происходить 0,523865 0,000250
пройти 0,000000 0,000000
проклятый 0,662167 0,000158
пролезть 1,866287 0,000446
промелькнуть 0,936868 0,000224
промолвить 0,912045 0,000218
пронестись 0,963197 0,000230
пропасть 0,769377 0,000551
просить 0,150284 0,000072
простенок 1,565257 0,000374
простить 0,286504 0,000068
просто 0,232819 0,000167
простодушие 1,021189 0,000488
простодушный 0,690196 0,000165
против 0,389166 0,000093
противиться 1,565257 0,000747
противоположный 0,888564 0,000212
процесс 1,167317 0,000279
прочить 0,648803 0,000155
прошедшее 1,565257 0,000374
прошлое 0,963197 0,000690
прошлый 0,735954 0,000176
публикация 0,000000 0,000000
пускать 1,021189 0,000244
пустой 0,690196 0,000165
пусть 0,253503 0,000061
путь 0,675956 0,000323
пьяный 0,451314 0,000108
пятилетний 1,690196 0,000404
пять 0,222835 0,000053
раз 0,309985 0,000074
развалина 1,866287 0,000446
развратитель 2,167317 0,000518
разгадать 1,690196 0,000404
разговор 0,264227 0,000063
раздельно 1,213075 0,000290
разом 0,389166 0,000186
разразиться 1,053374 0,000252
разрешение 0,000000 0,000000
разрешиться 1,322219 0,000316
разыскать 1,088136 0,000260
ранний 0,504560 0,000120
раскаяние 0,769377 0,000367
распорядиться 0,805589 0,000192
распространяться 1,167317 0,000279
распухнуть 1,322219 0,000316
рассердиться 0,523865 0,000125
рассказ 0,477121 0,000114
рассмотреть 1,053374 0,000503
расстаться 0,936868 0,000447
расточитель 2,167317 0,000518
расходиться 1,389166 0,000332
расчёт 0,611015 0,000146
реализм 1,264227 0,000604
ребёнок 0,232819 0,000056
ревнивый 1,088136 0,000260
речь 0,486076 0,000232
решаться 0,752344 0,000180
решение 0,533849 0,000637
решительный 0,611015 0,000292
решить 0,232819 0,000167
решиться 0,341243 0,000081
родный 0,565257 0,000270
роковой 0,704919 0,000673
россия 0,514105 0,000123
роща 1,389166 0,000663
рука 0,030597 0,000058
русский 0,411442 0,000295
рявкнуть 1,389166 0,000332
ряд 1,213075 0,000290
сажный 2,167317 0,000518
сайт 0,000000 0,000000
сам 0,002964 0,000008
самонужнейший 2,167317 0,000518
самсон 2,167317 0,004140
самсонов 1,053374 0,001006
самый 0,018098 0,000039
сбиться 1,088136 0,000260
свет 0,176091 0,000126
свидание 0,514105 0,000368
свидетель 0,459747 0,000110
свободно 0,000000 0,000000
свой 0,000000 0,000000
себя 0,000000 0,000000
сегодня 0,194189 0,000232
сейчас 0,070407 0,000101
село 0,888564 0,000212
семейный 0,769377 0,000184
семейство 0,451314 0,000108
семнадцать 1,264227 0,000302
семь 0,623249 0,000298
семьдесят 0,000000 0,000000
сердце 0,095435 0,000046
серьёзно 0,419129 0,000100
сестра 0,477121 0,000114
сибирь 0,866287 0,000414
сидеть 0,125925 0,000060
сила 0,185046 0,000088
сильный 0,269690 0,000064
сказать 0,011981 0,000026
склад 1,565257 0,000374
складываться 1,866287 0,000446
склонить 1,264227 0,000302
сколько 0,280827 0,000067
скоро 0,298086 0,000071
скорый 0,237898 0,000057
скрежет 1,866287 0,000446
скрыть 0,991226 0,000473
скучный 1,167317 0,000279
слабеть 1,866287 0,000891
сластолюбец 1,565257 0,000374
след 0,991226 0,000237
следить 0,623249 0,000298
слетать 1,389166 0,000332
слететь 1,213075 0,000290
слишком 0,133894 0,000128
слово 0,027438 0,000033
служанка 0,888564 0,000212
слух 0,805589 0,000192
случай 0,146128 0,000279
слыхать 0,675956 0,000161
слышать 0,125925 0,000060
смех 0,443041 0,000106
смеяться 0,171682 0,000041
смотреть 0,077412 0,000018
смятение 0,991226 0,000237
снизу 1,565257 0,000374
сношение 1,021189 0,000244
собираться 0,635838 0,000152
собрание 1,088136 0,000260
собственно 0,565257 0,000135
совершить 0,769377 0,000184
совершиться 0,662167 0,000158
совесть 0,544068 0,000130
совет 0,662167 0,000316
советоваться 1,468347 0,000351
совсем 0,021189 0,000061
согласие 0,000000 0,000000
содержание 1,213075 0,000290
сознаваться 1,565257 0,000374
сознаться 0,769377 0,000184
сомневаться 0,752344 0,000359
сообщать 0,963197 0,000230
соперник 1,053374 0,000503
сопровождение 1,866287 0,000446
сорванец 1,690196 0,000404
состояние 0,322219 0,000077
состоять 0,514105 0,000246
состояться 0,936868 0,000224
сострадание 0,787106 0,000188
состукнуться 1,866287 0,000446
сохранить 0,690196 0,000165
сочинение 1,468347 0,000351
спаленка 1,468347 0,000351
спасать 1,088136 0,000260
спасти 0,468347 0,000447
спасть 0,554533 0,000132
спешить 0,477121 0,000228
способствовать 0,912045 0,000218
спустя 0,533849 0,000255
спутать 2,167317 0,000518
средство 0,888564 0,000849
срок 0,675956 0,000161
станция 1,264227 0,000302
старец 0,611015 0,000146
старик 0,303994 0,001815
старина 1,389166 0,000332
старуха 0,690196 0,000659
старый 0,374926 0,000358
стать 0,002964 0,000002
статься 1,322219 0,000316
стена 0,533849 0,000255
стоить 0,189594 0,000136
столбняк 1,389166 0,000332
столь 0,434924 0,000104
столько 0,443041 0,000106
сторона 0,110412 0,000132
стоя 0,963197 0,000230
стоять 0,150284 0,000108
страдать 0,623249 0,000149
странно 0,354404 0,000085
странный 0,227798 0,000163
страсть 0,735954 0,000351
страх 0,426955 0,000306
страшилище 1,866287 0,000446
страшно 0,434924 0,000104
страшный 0,286504 0,000342
строгий 0,720159 0,000172
строго 0,576253 0,000275
строение 1,690196 0,000404
строчка 1,125925 0,000538
стул 0,434924 0,000208
стульчик 1,866287 0,000446
ступать 0,587534 0,000140
стыд 0,533849 0,000127
суд 0,554533 0,000132
сударь 1,053374 0,000503
судьба 0,443041 0,000529
сумма 0,662167 0,000158
сущий 1,389166 0,000332
схватить 0,347773 0,000166
счастливый 0,451314 0,000216
считать 0,275223 0,000131
счёт 0,623249 0,000149
сшибка 2,167317 0,000518
сын 0,434924 0,000519
сюда 0,232819 0,000167
сюртук 0,912045 0,000218
тайно 1,690196 0,000404
тайный 1,021189 0,000244
также 0,000000 0,000000
таки 0,066947 0,000032
таковой 0,451314 0,000108
такой 0,002964 0,000009
тверёзый 2,167317 0,000518
твой 0,258832 0,000124
твёрдый 0,576253 0,000275
текст 0,000000 0,000000
теперешний 0,533849 0,000127
теперь 0,015029 0,000047
тесниться 1,322219 0,000316
тогда 0,050046 0,000167
тоже 0,043466 0,000093
толстой 1,088136 0,000260
только 0,002964 0,000008
том 1,565257 0,000374
томиться 1,690196 0,000404
тон 0,648803 0,000155
торговать 1,213075 0,000869
тоска 0,599116 0,000143
тосковать 1,021189 0,000244
тот 0,002964 0,000012
тотчас 0,046743 0,000100
точить 0,787106 0,000376
трактир 0,720159 0,000172
тратить 1,468347 0,000351
трепетать 0,735954 0,000351
третий 0,154480 0,000111
трещать 1,690196 0,000807
три 0,303994 0,000218
тридцать 0,599116 0,000286
трое 0,752344 0,000180
трудно 0,459747 0,000110
трястись 1,125925 0,000269
туманный 1,690196 0,000404
ты 0,133894 0,000032
тысяча 0,217927 0,000468
тяготить 2,167317 0,000518
убежать 0,565257 0,000135
убеждение 0,554533 0,000265
убеждённый 0,635838 0,000152
убивать 0,805589 0,000192
убийца 0,704919 0,000168
убитый 0,866287 0,000207
убить 0,275223 0,000066
увезти 0,963197 0,001150
уверенный 0,611015 0,000146
угнести 1,468347 0,000351
угодный 0,504560 0,000120
угрожать 1,167317 0,000279
угрюмый 1,053374 0,000503
удаться 0,805589 0,000192
удивление 0,292256 0,000070
уезжать 0,912045 0,000218
ужас 0,468347 0,000112
ужасный 0,322219 0,000154
узнать 0,106619 0,000025
указать 0,554533 0,000265
украсть 0,805589 0,000192
улетать 1,565257 0,000374
улететь 1,565257 0,000374
уловить 1,322219 0,000316
улыбаться 0,544068 0,000130
умерший 0,000000 0,000000
уметь 0,328468 0,000157
упор 0,963197 0,000230
упрекнуть 1,389166 0,000332
усаживаться 1,322219 0,000316
усесться 0,662167 0,000158
усилие 0,845098 0,000202
устать 1,021189 0,000244
устремиться 1,213075 0,000290
устремляться 1,565257 0,000374
устроить 0,690196 0,000330
утро 0,347773 0,000083
утром 0,411442 0,000196
ухаживать 1,322219 0,000316
уходить 0,328468 0,000078
участь 1,053374 0,000252
факт 0,533849 0,000255
фактически 1,690196 0,000404
фамилия 0,824895 0,000197
фантастический 0,912045 0,000436
федора 0,912045 0,000218
флигель 0,936868 0,000447
фраза 0,805589 0,000192
фронтовой 2,167317 0,000518
фёдор 0,434924 0,001350
фёдорович 0,150284 0,000144
характер 0,374926 0,000179
хватить 0,912045 0,000218
хлопоты 0,991226 0,000237
ходить 0,213075 0,000102
хозяин 0,805589 0,000192
холодный 0,824895 0,000394
хор 1,389166 0,000332
хороший 0,077412 0,000055
хорошо 0,189594 0,000045
хотеть 0,033778 0,000048
хоть 0,060107 0,000072
хотя 0,050046 0,000024
хранитель 1,389166 0,000332
хрустальный 1,690196 0,000807
целый 0,217927 0,000052
цена 1,021189 0,000488
час 0,185046 0,000221
часок 1,468347 0,000351
часочек 1,690196 0,000404
часто 0,292256 0,000070
часть 0,002964 0,000001
часы 0,787106 0,000376
чей 0,000000 0,000000
человек 0,011981 0,000043
чермашний 1,866287 0,000446
чермашня 1,125925 0,000538
черта 0,264227 0,000063
честно 0,991226 0,000237
честь 0,403889 0,000193
чехол 1,866287 0,000891
число 0,704919 0,000168
читаемый 2,167317 0,000518
читатель 0,888564 0,000212
читать 0,403889 0,000096
чрез 0,275223 0,000066
чрезвычайно 0,217927 0,000052
что 0,030597 0,000007
чтоб 0,073896 0,000071
чтобы 0,030597 0,000029
чувствительность 1,264227 0,000302
чувство 0,158717 0,000076
чувствовать 0,264227 0,000126
чёрный 0,504560 0,000120
чётко 1,690196 0,000404
шаг 0,367977 0,000176
шагать 0,963197 0,000230
шесть 0,514105 0,000246
шляпа 0,769377 0,000184
шпионить 1,389166 0,000332
эдакий 2,167317 0,000518
этаж 1,167317 0,000279
этакий 0,533849 0,000255
это 0,002964 0,000018
этот 0,002964 0,000018
юстиция 2,167317 0,001035
я 0,024303 0,000058
явиться 0,298086 0,000214
ясно 0,354404 0,000085
