автор 0,000000 0,000000
авторский 0,000000 0,000000
агафья 1,565257 0,003184
азарт 1,125925 0,000382
аксессуар 1,866287 0,000633
алексей 0,000000 0,000000
алеш 0,328468 0,000668
аллегорически 1,866287 0,000633
альбом 1,468347 0,000498
алёшка 1,021189 0,000346
ангел 0,720159 0,000244
анекдот 0,752344 0,000510
арест 1,167317 0,000396
аристократический 1,866287 0,000633
баба 0,936868 0,000635
бал 1,565257 0,000531
барынька 1,690196 0,000573
барышня 0,912045 0,000618
баталион 1,866287 0,001898
батарейный 2,167317 0,000735
бедный 0,328468 0,000111
бедняжка 1,468347 0,000498
без 0,599116 0,000203
безгрешно 1,866287 0,000633
безответный 1,565257 0,000531
безумный 0,824895 0,000280
безымённый 2,167317 0,000735
беспокоиться 0,514105 0,000349
бессловесный 1,468347 0,000498
бесчестный 0,888564 0,000301
библиотека 1,866287 0,001898
билет 1,125925 0,000382
благодарный 0,752344 0,000255
благородный 0,374926 0,000254
богатый 0,587534 0,000199
бойкий 1,322219 0,000448
более 0,000000 0,000000
болтать 1,088136 0,000369
больной 0,258832 0,000088
большинство 1,053374 0,000357
большой 0,056728 0,000038
бородач 1,690196 0,000573
борьба 1,053374 0,000357
борьбах 2,167317 0,000735
бояться 0,158717 0,000054
брат 0,060107 0,000183
брать 0,486076 0,000330
бросать 0,787106 0,000534
броситься 0,258832 0,000175
будто 0,099131 0,000034
бурбон 1,866287 0,000633
бывало 0,554533 0,000564
бывать 0,280827 0,000095
бывший 0,389166 0,000132
быть 0,000000 0,000000
ваш 0,121994 0,000041
вбежать 1,021189 0,000346
вверх 0,866287 0,000587
вверху 1,468347 0,000498
вдовец 1,690196 0,000573
вдруг 0,005949 0,000024
ведь 0,043466 0,000147
велено 1,468347 0,000498
великодушие 1,053374 0,000357
велита 0,963197 0,000327
величие 1,389166 0,000471
верить 0,180546 0,000245
верный 0,495219 0,000168
верхний 1,053374 0,000357
веселить 1,565257 0,001592
вестовый 2,167317 0,000735
весь 0,002964 0,000018
весёлость 0,991226 0,000336
вечер 0,322219 0,000109
вещественный 1,389166 0,000471
вещь 0,411442 0,000418
взгляд 0,185046 0,000063
взглянуть 0,468347 0,000159
вздрогнуть 0,486076 0,000165
взять 0,077412 0,000052
вид 0,150284 0,000051
видеть 0,027438 0,000065
видимо 0,328468 0,000111
визит 0,845098 0,000286
виноватый 0,328468 0,000111
вкатить 1,565257 0,000531
вкус 1,021189 0,000346
вложить 1,264227 0,000429
вместе 0,208276 0,000141
внимательно 0,845098 0,000286
вовсе 0,150284 0,000051
возвратить 0,845098 0,000286
возвратиться 0,824895 0,000280
возвращать 1,690196 0,000573
вознаграждение 0,000000 0,000000
воистину 0,912045 0,000309
войти 0,137934 0,000047
волнение 0,361137 0,000245
волосок 1,468347 0,000498
ворваться 1,167317 0,000396
воспоминание 0,635838 0,000216
восторг 0,419129 0,000284
вперёд 0,426955 0,000145
впрочем 0,118099 0,000120
впрямь 0,769377 0,000261
враг 0,735954 0,000499
время 0,018098 0,000018
вроде 0,662167 0,000224
всегда 0,129891 0,000088
вскоре 0,991226 0,000336
вскочить 0,451314 0,000153
вслед 0,523865 0,000178
вспоминать 0,623249 0,000211
встать 0,269690 0,000183
встречать 0,735954 0,000249
вступать 1,021189 0,000692
вступить 0,675956 0,000229
всякая 1,690196 0,000573
всякий 0,106619 0,000072
второй 0,217927 0,000295
выбежать 0,752344 0,000255
выгнать 1,125925 0,000382
выдавать 1,021189 0,000346
выдержать 0,587534 0,000199
выйти 0,063514 0,000129
выкинуть 1,322219 0,000448
вынуть 0,451314 0,000306
выплата 0,000000 0,000000
выслать 1,690196 0,000573
высокий 0,213075 0,000072
выстрелить 1,322219 0,000448
вытолкать 1,866287 0,000633
выходить 0,258832 0,000175
генерал 0,504560 0,000171
генеральский 1,213075 0,000411
главное 0,185046 0,000125
глаз 0,056728 0,000077
глазок 0,805589 0,000273
глубоко 0,611015 0,000207
глупость 0,576253 0,000195
глухой 1,213075 0,000411
глядеть 0,243038 0,000247
говорить 0,011981 0,000041
год 0,292256 0,000099
голова 0,114239 0,000077
голос 0,208276 0,000141
голубчик 0,565257 0,000192
гордиться 1,021189 0,000346
гордый 0,576253 0,000195
гордячка 2,167317 0,000735
гореть 0,735954 0,000249
горничная 1,088136 0,000369
город 0,248239 0,000589
городишко 1,389166 0,001884
горячее 1,125925 0,001527
гостинец 1,389166 0,000942
готовить 1,213075 0,000411
грубоватый 2,167317 0,000735
грудь 0,443041 0,000150
грушенек 0,787106 0,000267
грязь 1,088136 0,000738
губа 0,411442 0,000139
губка 1,264227 0,000429
гувернантка 1,322219 0,000448
давеча 0,232819 0,000079
давно 0,158717 0,000161
даже 0,005949 0,000016
далеко 0,599116 0,000406
далёкий 0,411442 0,000139
дама 0,434924 0,000295
дарить 1,264227 0,000429
дать 0,171682 0,000175
два 0,198834 0,000067
двадцать 0,303994 0,000103
дверь 0,258832 0,000175
двинуться 1,125925 0,000382
двое 0,936868 0,000635
двор 0,523865 0,000178
двухствольный 2,167317 0,000735
дебелый 1,866287 0,000633
дева 1,690196 0,000573
девица 0,648803 0,000660
девичий 1,690196 0,000573
девочка 0,787106 0,000267
девушка 0,533849 0,000181
девчоночка 1,690196 0,000573
действительно 0,106619 0,000072
делать 0,194189 0,000066
дело 0,011981 0,000020
денежный 1,565257 0,000531
день 0,118099 0,000040
деньга 0,185046 0,000690
держать 0,403889 0,000137
дерзко 1,468347 0,000498
дескать 0,419129 0,000426
дивизия 1,866287 0,000633
дмитрий 0,396465 0,000134
добровольно 1,322219 0,000448
добродетельный 1,167317 0,000396
добродушный 1,468347 0,000498
довольно 0,129891 0,000088
довольный 0,495219 0,000168
доктор 0,554533 0,000188
долго 0,222835 0,000076
должный 0,099131 0,000101
дом 0,154480 0,000209
досконально 2,167317 0,000735
достать 0,587534 0,000199
достоверно 1,690196 0,000573
достоевский 0,000000 0,000000
достояние 0,000000 0,000000
дочка 0,912045 0,000309
дочь 0,374926 0,000508
драть 1,088136 0,000369
древний 0,936868 0,000318
другой 0,008955 0,000021
дружба 0,805589 0,000273
дружески 0,991226 0,000672
дрянь 1,125925 0,000382
думать 0,060107 0,000082
душа 0,158717 0,000161
единый 0,611015 0,000207
если 0,011981 0,000012
есть 0,018098 0,000037
жар 0,587534 0,000199
жара 1,167317 0,000396
жать 1,565257 0,000531
желание 0,514105 0,000349
жена 0,486076 0,000494
жених 0,824895 0,000280
женский 0,623249 0,000211
женщина 0,213075 0,000217
жертва 0,769377 0,000261
жестокий 0,769377 0,000261
жестокость 1,213075 0,000411
живой 0,675956 0,000229
жизнь 0,084532 0,000029
жить 0,217927 0,000222
забавлять 1,866287 0,000633
заболевать 2,167317 0,000735
заведомо 2,167317 0,000735
завершить 1,866287 0,000633
зависеть 0,888564 0,000301
завтра 0,298086 0,000404
загадить 2,167317 0,001469
загалдеть 1,690196 0,000573
заговорить 0,334808 0,000227
задержать 1,088136 0,000369
задохлася 2,167317 0,000735
задрожать 0,866287 0,000294
зазвать 1,565257 0,000531
закипеть 1,322219 0,000448
заколоть 1,866287 0,000633
заколоться 2,167317 0,000735
закоулочек 2,167317 0,000735
закуска 1,264227 0,000429
зала 0,662167 0,000224
заметить 0,056728 0,000077
замолчать 0,752344 0,000255
замуж 0,735954 0,000249
запомнить 0,576253 0,000195
зарядить 1,088136 0,000369
затем 0,237898 0,000242
зато 0,468347 0,000159
захватить 0,587534 0,000199
захотеться 0,704919 0,000239
звать 0,419129 0,000142
здоровье 0,704919 0,000239
земля 0,298086 0,000101
зимой 1,322219 0,000448
злой 0,587534 0,000797
злость 0,936868 0,000318
знакомиться 1,389166 0,000471
знатный 0,936868 0,000953
знаток 1,213075 0,000411
знать 0,002964 0,000011
значит 0,243038 0,000165
значить 0,866287 0,000294
золотой 0,805589 0,000273
иван 0,232819 0,000395
иванович 0,269690 0,000457
игра 0,787106 0,000267
идти 0,180546 0,000061
известно 0,334808 0,000113
изволить 0,477121 0,000162
именно 0,066947 0,000068
иной 0,208276 0,000071
институт 1,690196 0,000573
институтка 1,866287 0,001898
институтски 2,167317 0,000735
интонация 1,690196 0,000573
инфернальный 1,565257 0,000531
искать 0,411442 0,000139
исключая 1,322219 0,000448
исповедь 0,845098 0,001146
использоваться 0,000000 0,000000
испугаться 0,523865 0,000355
истечь 1,690196 0,000573
история 0,495219 0,000168
источник 1,565257 0,000531
исчезать 1,213075 0,000411
каждый 0,137934 0,000047
казаться 0,063514 0,000065
казённый 1,167317 0,001187
какой 0,005949 0,000022
кануть 1,866287 0,000633
карамазов 0,180546 0,000306
карамазовский 1,088136 0,000369
картина 0,690196 0,000234
катенька 1,690196 0,000573
катерина 0,587534 0,000597
катя 0,912045 0,000309
квартира 0,623249 0,000423
кидать 1,389166 0,000471
класть 1,213075 0,000411
клоп 1,690196 0,002292
книга 0,106619 0,000181
когда 0,015029 0,000046
коли 0,269690 0,000091
командир 1,866287 0,000633
комар 0,000000 0,000000
конец 0,213075 0,000072
конечно 0,060107 0,000102
корить 1,866287 0,000633
кормить 1,125925 0,000382
который 0,002964 0,000004
кравченко 2,167317 0,000735
красавица 0,936868 0,000635
красивый 0,936868 0,000635
краснеть 0,866287 0,000294
крест 0,690196 0,000234
крикнуть 0,292256 0,000099
кроткий 0,912045 0,000618
кругом 0,419129 0,000142
кто 0,114239 0,000077
куда 0,248239 0,000084
купец 0,720159 0,000244
купеческий 1,167317 0,000396
купчик 1,468347 0,000498
курок 1,690196 0,000573
кутила 1,389166 0,000471
кутёж 1,021189 0,000346
куча 1,322219 0,000448
кучер 1,389166 0,000471
легковерный 1,690196 0,000573
легкомыслие 1,125925 0,000382
лежать 0,243038 0,000082
лексикон 1,690196 0,000573
либо 0,000000 0,000000
линейный 2,167317 0,000735
линия 1,264227 0,000429
литература 1,468347 0,000498
лицо 0,000000 0,000000
лоб 1,167317 0,000396
любезность 1,322219 0,000448
любить 0,066947 0,000250
любовь 0,334808 0,000227
любой 0,000000 0,000000
любопытный 0,648803 0,000440
любя 1,213075 0,000411
лёд 1,389166 0,000942
майор 1,690196 0,000573
мальчишка 0,752344 0,000255
мать 0,217927 0,000074
мерзость 1,167317 0,000396
место 0,099131 0,000101
месяц 0,264227 0,000179
миленький 1,468347 0,000498
милый 0,322219 0,000218
минута 0,050046 0,000034
митя 0,451314 0,000153
многие 0,468347 0,000159
много 0,080958 0,000027
многое 0,443041 0,000150
могила 1,088136 0,001107
можно 0,088136 0,000120
мой 0,077412 0,000079
молодец 1,167317 0,000396
молча 0,367977 0,000125
молчать 0,248239 0,000421
момент 0,000000 0,000000
мочь 0,000000 0,000000
мстительно 1,866287 0,000633
музыка 0,963197 0,000327
мундир 1,264227 0,000429
муха 1,167317 0,000791
мысль 0,114239 0,000155
мягко 1,167317 0,000396
мёрзлый 1,690196 0,000573
навсегда 0,735954 0,000249
надежда 0,533849 0,000181
надзор 1,322219 0,000448
надлежащий 1,088136 0,000369
надо 0,036984 0,000050
надушить 2,167317 0,000735
назад 0,000000 0,000000
название 1,088136 0,000369
назвать 0,635838 0,000216
найти 0,298086 0,000101
наконец 0,073896 0,000025
налицо 1,468347 0,000498
наличность 2,167317 0,000735
нанимать 1,322219 0,000448
написать 0,000000 0,000000
напрасно 0,805589 0,000273
напротив 0,180546 0,000061
нарочно 0,227798 0,000077
насекомое 1,565257 0,002122
наследник 1,565257 0,000531
насмешка 0,599116 0,000203
наука 0,787106 0,000267
начальник 1,264227 0,000429
начальство 0,912045 0,000309
начать 0,066947 0,000023
наш 0,118099 0,000200
небылица 1,866287 0,000633
невзлюбить 1,565257 0,000531
невинность 0,936868 0,000318
невинный 0,576253 0,000195
негодование 0,403889 0,000274
недавно 0,576253 0,000195
неделя 0,374926 0,000127
недовольный 0,888564 0,000301
недурной 1,468347 0,000995
нельзя 0,176091 0,000119
немедленно 0,554533 0,000188
немного 0,426955 0,000289
немножко 1,021189 0,000346
ненависть 0,623249 0,000634
неожиданность 1,213075 0,000411
непременно 0,133894 0,000045
нерешительность 1,866287 0,000633
нерушимый 1,468347 0,000498
несколько 0,095435 0,000065
неужели 0,389166 0,000132
нибыть 0,030597 0,000021
нижний 0,963197 0,000327
низкий 0,611015 0,000621
низость 0,845098 0,000573
никак 0,396465 0,000134
никакой 0,213075 0,000144
никогда 0,088136 0,000209
никто 0,095435 0,000194
нимало 0,991226 0,000336
ничего 0,030597 0,000062
новый 0,167317 0,000057
нога 0,213075 0,000217
ножны 2,167317 0,000735
нравственный 0,690196 0,000234
нуждаться 0,704919 0,000239
ныне 1,021189 0,000346
обвязать 1,322219 0,000448
обернуться 0,576253 0,000195
обеспокоить 1,088136 0,000369
обжечь 1,468347 0,000498
обмерить 1,468347 0,000995
обновиться 2,167317 0,000735
обнять 0,735954 0,000249
обожать 0,888564 0,000301
обольщение 1,690196 0,001146
оборот 1,389166 0,000471
образ 0,243038 0,000165
образование 0,845098 0,000286
обстановка 1,088136 0,000369
обтереть 1,866287 0,000633
общественный 0,000000 0,000000
общество 0,468347 0,000159
огонь 0,991226 0,000336
огонёк 1,468347 0,000995
огорошить 1,468347 0,000498
одеваться 1,213075 0,000411
одеться 1,167317 0,000396
один 0,000000 0,000000
однажды 0,635838 0,000216
однако 0,102859 0,000035
однородный 1,866287 0,000633
оказаться 0,275223 0,000187
окно 0,381987 0,000129
около 0,443041 0,000300
он 0,000000 0,000000
они 0,275223 0,000187
опубликовать 0,000000 0,000000
опять 0,027438 0,000019
ославить 1,690196 0,001146
ославлять 2,167317 0,000735
особа 0,769377 0,000261
оставить 0,203530 0,000069
остальной 0,367977 0,000249
отвалить 2,167317 0,000735
ответ 0,322219 0,000109
отворить 0,486076 0,000330
отворяться 1,389166 0,000471
отдавать 0,787106 0,000267
отдать 0,381987 0,000129
отец 0,091770 0,000187
отказать 0,735954 0,000249
отказываться 1,053374 0,000357
откровенность 0,991226 0,000336
откровенный 0,866287 0,000294
отмочить 1,866287 0,000633
отмстить 1,468347 0,000995
отнять 0,888564 0,000301
отречение 1,690196 0,000573
отсмотреть 2,167317 0,000735
отставка 1,125925 0,000382
отступя 2,167317 0,000735
оттого 0,675956 0,000229
отхлынуть 2,167317 0,000735
оформление 0,000000 0,000000
охлаждение 2,167317 0,000735
охота 1,021189 0,000346
охотничий 1,866287 0,000633
очень 0,024303 0,000025
очертить 1,468347 0,000498
очки 1,213075 0,000411
палец 0,486076 0,000165
папаша 0,912045 0,000618
первый 0,018098 0,000043
перед 0,554533 0,000188
передать 0,381987 0,000129
перейти 0,000000 0,000000
пересечь 1,866287 0,000633
переулок 1,053374 0,000357
переулочек 2,167317 0,000735
пикник 2,167317 0,001469
письмецо 1,264227 0,000429
платить 1,167317 0,000396
платок 0,675956 0,000458
племянница 1,468347 0,000498
площадь 0,888564 0,000301
побежать 0,468347 0,000159
побледнеть 0,544068 0,000184
повернуться 0,495219 0,000168
поглядеть 0,396465 0,000269
погостить 1,866287 0,000633
погром 2,167317 0,000735
подать 0,451314 0,000153
подборка 0,000000 0,000000
подкрасться 2,167317 0,000735
подлец 0,554533 0,000752
подлый 0,675956 0,000229
подождать 0,587534 0,000199
подозревать 0,504560 0,000342
подойти 0,341243 0,000463
подпись 1,389166 0,000471
подполковник 1,468347 0,006968
подробность 0,477121 0,000162
подросток 1,690196 0,000573
подсмотреть 1,866287 0,000633
поехать 0,576253 0,000195
пожаловать 0,704919 0,000239
пожалуй 0,237898 0,000161
пожалуйста 0,662167 0,000224
позволить 0,264227 0,000179
пока 0,213075 0,000144
показать 0,292256 0,000099
покивать 1,690196 0,000573
поклон 0,787106 0,000267
поклониться 0,662167 0,000224
покойница 1,389166 0,000471
покойный 0,599116 0,000203
покраснеть 0,504560 0,000342
поле 0,912045 0,000618
полковница 2,167317 0,000735
полнотелый 1,866287 0,000633
положим 0,720159 0,000244
полотенце 1,322219 0,000448
полслова 1,468347 0,000498
получать 0,752344 0,000510
получить 0,309985 0,000105
польдекоковский 2,167317 0,000735
польза 0,675956 0,000229
помереть 0,720159 0,000244
помнить 0,167317 0,000057
понимать 0,095435 0,000129
понять 0,106619 0,000072
поросячий 2,167317 0,000735
портниха 2,167317 0,000735
порыв 0,936868 0,000318
порядок 0,704919 0,000239
посадить 0,752344 0,000255
посетитель 0,991226 0,000672
послать 0,309985 0,000210
после 0,084532 0,000086
последний 0,066947 0,000023
посмертно 0,000000 0,000000
посмотреть 0,213075 0,000072
поступить 0,648803 0,000440
потерять 0,611015 0,000207
потолок 1,565257 0,000531
потом 0,084532 0,000201
потому 0,024303 0,000025
потребовать 0,805589 0,000273
похвалить 0,991226 0,000336
поцеловать 0,587534 0,000398
поцелуй 0,888564 0,000301
почему 0,099131 0,000034
почтение 1,322219 0,000448
почтительный 0,963197 0,000653
пошутить 1,389166 0,000471
пощадить 0,991226 0,000336
пояс 1,690196 0,000573
правда 0,088136 0,000060
право 0,176091 0,000060
правый 0,495219 0,000168
прапорщик 1,866287 0,000633
превосходительный 2,167317 0,000735
пред 0,030597 0,000021
предложение 0,769377 0,000782
представить 0,286504 0,000097
прежде 0,077412 0,000026
презрительный 0,963197 0,000327
прекрасный 0,495219 0,000168
прелестный 0,866287 0,000294
пренебрегать 1,322219 0,000448
пререкание 2,167317 0,000735
пресечься 1,213075 0,000411
прибежать 0,769377 0,000261
привозить 1,468347 0,000498
пригоршня 2,167317 0,000735
придираться 2,167317 0,000735
придраться 1,690196 0,000573
приезд 0,805589 0,000273
приезжать 0,936868 0,000318
приехать 0,309985 0,000630
прижизненный 0,000000 0,000000
признаться 0,443041 0,000150
прийти 0,095435 0,000065
приказ 1,468347 0,000995
прикладывать 1,322219 0,000448
приключение 0,936868 0,000318
приложить 0,963197 0,000327
принести 0,389166 0,000132
принижать 2,167317 0,001469
принимать 0,328468 0,000445
принудить 0,805589 0,000273
принять 0,180546 0,000122
прислать 0,403889 0,000274
прислуживать 1,213075 0,000411
присовокупить 1,468347 0,000498
пристально 0,389166 0,000132
причесаться 1,866287 0,000633
приятель 0,866287 0,000294
проговорить 0,110412 0,000037
программирование 0,000000 0,000000
произведение 0,000000 0,000000
производить 0,936868 0,000318
произнести 0,280827 0,000095
пройти 0,000000 0,000000
пролежать 1,053374 0,000357
проникновенный 1,322219 0,000448
просить 0,150284 0,000051
просто 0,232819 0,000079
простой 0,576253 0,000391
простота 1,167317 0,000791
процентик 2,167317 0,000735
прямо 0,118099 0,000120
публикация 0,000000 0,000000
пугать 0,805589 0,000273
пуля 1,264227 0,000429
пусть 0,253503 0,000258
пуще 0,599116 0,000203
пята 1,565257 0,000531
пятипроцентный 1,690196 0,000573
пятитысячный 1,866287 0,000633
пять 0,222835 0,000302
пятьсот 0,936868 0,000953
равно 0,303994 0,000206
равняться 1,389166 0,000471
разве 0,146128 0,000099
разврат 1,264227 0,000857
развратнейший 2,167317 0,000735
разговор 0,264227 0,000090
размазать 1,690196 0,000573
разрастаться 1,866287 0,000633
разрешение 0,000000 0,000000
разрывать 1,389166 0,000471
разумеется 0,328468 0,000223
ранить 1,565257 0,000531
ранний 0,504560 0,000171
раскаяние 0,769377 0,000261
раскрасавица 1,389166 0,000471
распечь 2,167317 0,000735
расписаться 2,167317 0,000735
рассказать 0,280827 0,000190
рассказывать 0,341243 0,000347
расти 1,088136 0,000369
расхватать 1,866287 0,000633
расчёт 0,611015 0,000207
речь 0,486076 0,000165
решительно 0,341243 0,000116
родня 1,213075 0,000411
рубль 0,334808 0,000227
ружьё 1,866287 0,002531
рука 0,030597 0,000041
русски 0,991226 0,000336
русский 0,411442 0,000279
ручка 0,769377 0,000522
сайт 0,000000 0,000000
сам 0,002964 0,000004
самородок 2,167317 0,000735
самый 0,018098 0,000043
сани 2,167317 0,000735
сапог 0,805589 0,000273
свататься 1,690196 0,000573
сверкнуть 0,866287 0,000294
свет 0,176091 0,000119
свинский 2,167317 0,000735
свободно 0,000000 0,000000
свой 0,000000 0,000000
святой 0,468347 0,000159
святость 1,866287 0,000633
сдавать 2,167317 0,000735
сдать 1,389166 0,000471
сделать 0,102859 0,000105
себя 0,000000 0,000000
сегодня 0,194189 0,000197
сейчас 0,070407 0,000048
секрет 0,690196 0,000702
секретно 1,690196 0,000573
секунда 0,565257 0,000575
семь 0,623249 0,000211
семьдесят 0,000000 0,000000
сени 0,824895 0,000280
сердиться 0,443041 0,000150
сердце 0,095435 0,000226
сестра 0,477121 0,000485
сзади 0,824895 0,000280
сидеть 0,125925 0,000171
сказать 0,011981 0,000057
скамья 1,213075 0,000411
скатерть 1,565257 0,000531
склониться 1,167317 0,000396
скрыть 0,991226 0,000336
сладострастие 1,264227 0,000429
следить 0,623249 0,000211
слишком 0,133894 0,000045
слово 0,027438 0,000047
сложить 0,845098 0,000573
случай 0,146128 0,000149
случайно 0,866287 0,000294
случаться 0,599116 0,000406
слушать 0,203530 0,000207
слушаться 1,167317 0,000396
слышать 0,125925 0,000085
слюнявый 2,167317 0,000735
сметь 0,389166 0,000132
смеяться 0,171682 0,000058
смотреть 0,077412 0,000052
снять 0,704919 0,000239
собрание 1,088136 0,000369
собственно 0,565257 0,000192
совершенно 0,180546 0,000184
соврать 1,167317 0,000791
совсем 0,021189 0,000022
согласие 0,000000 0,000000
сожаление 0,963197 0,000327
сойтись 0,623249 0,000211
солдат 0,888564 0,000301
солдатский 1,866287 0,000633
соседский 1,565257 0,000531
состоять 0,514105 0,000174
состояться 0,936868 0,000318
состряпать 2,167317 0,000735
сосчитать 1,389166 0,000471
сотенка 2,167317 0,000735
сохранить 0,690196 0,000234
сохранный 2,167317 0,000735
сочинение 1,468347 0,000498
спальня 0,936868 0,000318
спать 0,495219 0,000168
спустя 0,533849 0,000362
срам 1,053374 0,000357
сряду 0,991226 0,000336
ссориться 1,125925 0,000382
ссужать 2,167317 0,000735
ссыльный 1,565257 0,000531
старик 0,303994 0,000206
старикашка 1,167317 0,000396
старое 0,866287 0,000294
старость 1,213075 0,000411
старуха 0,690196 0,000234
старший 0,587534 0,000199
старый 0,374926 0,000254
стать 0,002964 0,000004
стекло 1,167317 0,000396
стена 0,533849 0,000181
степень 0,367977 0,000125
стих 0,735954 0,000249
стоить 0,189594 0,000193
стол 0,286504 0,000097
столица 1,213075 0,000411
столичный 1,053374 0,000357
стоять 0,150284 0,000051
странность 0,963197 0,000327
страшно 0,434924 0,000295
страшный 0,286504 0,000291
ступенька 1,021189 0,000692
ступить 1,021189 0,000346
стыдиться 0,623249 0,000211
сударыня 1,213075 0,000411
судить 0,523865 0,000178
сумерки 1,389166 0,000471
сумма 0,662167 0,000673
сутки 0,991226 0,000336
сущность 0,675956 0,000229
схватить 0,347773 0,000118
сходиться 0,912045 0,000309
счастливо 1,213075 0,000411
счёт 0,623249 0,000423
съездить 1,322219 0,000448
съесть 0,936868 0,000318
сын 0,434924 0,000147
сынишка 2,167317 0,000735
сюда 0,232819 0,000158
также 0,000000 0,000000
такой 0,002964 0,000008
талант 0,991226 0,000336
танец 1,565257 0,000531
танцевать 1,167317 0,000791
тарантул 1,866287 0,000633
твой 0,258832 0,000263
текст 0,000000 0,000000
тело 0,720159 0,000244
темнота 0,866287 0,000587
темя 1,264227 0,000429
теперешний 0,533849 0,000362
теперь 0,015029 0,000031
терять 0,720159 0,000244
тихо 0,354404 0,000120
тогда 0,050046 0,000254
тогдашний 0,635838 0,000431
тоже 0,043466 0,000088
только 0,002964 0,000017
том 1,565257 0,000531
томление 1,866287 0,000633
тот 0,002964 0,000010
тотчас 0,046743 0,000063
точно 0,121994 0,000083
трагедия 1,053374 0,000714
требовать 0,565257 0,000575
третий 0,154480 0,000105
тринадцатый 1,866287 0,000633
трифонов 2,167317 0,002204
тройка 0,991226 0,000336
тумба 2,167317 0,000735
ты 0,133894 0,000726
тысяча 0,217927 0,000443
тысячка 1,468347 0,000995
тёмный 0,523865 0,000355
тётка 1,053374 0,001428
убежать 0,565257 0,000192
убить 0,275223 0,000093
уверять 0,411442 0,000139
угодить 1,389166 0,000942
угол 0,341243 0,000116
удивляться 0,544068 0,000184
удовольствие 0,486076 0,000165
удрать 2,167317 0,000735
уехать 0,459747 0,000156
ужасно 0,167317 0,000057
ужасный 0,322219 0,000109
ужин 2,167317 0,000735
узнать 0,106619 0,000145
уйти 0,248239 0,000084
укусить 1,125925 0,000763
улица 0,396465 0,000134
уличный 1,565257 0,000531
ум 0,720159 0,000244
умерший 0,000000 0,000000
уметь 0,328468 0,000111
умиление 0,769377 0,000261
упереть 1,866287 0,000633
упоминать 0,888564 0,000301
упрямец 2,167317 0,000735
услуга 1,088136 0,000369
участие 0,787106 0,000267
фаланга 2,167317 0,002204
фамилия 0,824895 0,000280
фантом 1,690196 0,000573
форменный 1,866287 0,000633
французский 0,805589 0,000273
фуражка 1,167317 0,000396
фёдор 0,434924 0,000295
фёдорович 0,150284 0,000051
характер 0,374926 0,000254
хватить 0,912045 0,000309
хлебосол 2,167317 0,000735
хороший 0,077412 0,000052
хорошо 0,189594 0,000064
хотеть 0,033778 0,000057
хотеться 0,292256 0,000099
хоть 0,060107 0,000102
хотя 0,050046 0,000068
хранить 1,264227 0,000429
царица 1,125925 0,000382
цветочек 1,866287 0,000633
целость 1,468347 0,000498
целый 0,217927 0,000074
ценить 0,769377 0,000261
цыганка 1,264227 0,000429
час 0,185046 0,000188
часто 0,292256 0,000099
часть 0,002964 0,000002
чей 0,000000 0,000000
человек 0,011981 0,000016
человеческий 0,565257 0,000192
через 0,258832 0,000088
черта 0,264227 0,000269
честный 0,735954 0,000249
четыре 0,361137 0,000979
чиновник 0,635838 0,000431
чиновница 1,468347 0,000498
число 0,704919 0,000239
чисто 1,213075 0,000411
чистый 0,434924 0,000147
читаемый 2,167317 0,000735
читать 0,403889 0,000137
чрез 0,275223 0,000093
чрезвычайно 0,217927 0,000074
чрезмерный 1,468347 0,000498
что 0,030597 0,000010
чтоб 0,073896 0,000025
чтобы 0,030597 0,000062
чувствовать 0,264227 0,000269
чугунный 1,565257 0,000531
чуть 0,176091 0,000060
шагнуть 0,912045 0,000309
шельма 1,213075 0,000411
шепнуть 0,963197 0,000327
шесть 0,514105 0,000349
широко 1,167317 0,000396
шпага 1,565257 0,001592
шпион 1,690196 0,000573
штука 0,912045 0,001237
штучка 1,690196 0,001146
этакий 0,533849 0,000543
это 0,002964 0,000005
этот 0,002964 0,000010
я 0,024303 0,000189
ярмарка 1,565257 0,001592
ящик 1,021189 0,000346
