автор 0,000000 0,000000
авторский 0,000000 0,000000
алексей 0,000000 0,000000
алеш 0,328468 0,002897
алкать 1,690196 0,000994
архитриклин 2,167317 0,005097
архитриклиновить 2,167317 0,001274
башня 1,565257 0,000920
бедный 0,328468 0,000966
бездна 1,053374 0,000619
белые 1,213075 0,000713
беседа 1,167317 0,000686
бесконечно 1,088136 0,000640
беспрерывно 0,623249 0,000366
бесславный 2,167317 0,001274
бесчисленный 1,021189 0,000600
библиотека 1,866287 0,003292
благодарить 0,635838 0,000374
боец 1,690196 0,000994
божий 0,623249 0,000366
более 0,000000 0,000000
боль 0,690196 0,000406
больший 0,248239 0,000146
большой 0,056728 0,000033
бояться 0,158717 0,000187
брак 0,735954 0,003029
брат 0,060107 0,000141
будто 0,099131 0,000058
бывшаго 2,167317 0,001274
бывший 0,389166 0,000229
быстро 0,232819 0,000137
бысть 1,866287 0,002194
быть 0,000000 0,000000
важный 0,341243 0,000201
вдруг 0,005949 0,000021
ведь 0,043466 0,000051
ведяха 2,167317 0,001274
ведяша 2,167317 0,001274
век 0,769377 0,001357
веко 1,322219 0,002332
великий 0,341243 0,000602
великое 0,888564 0,000522
величие 1,389166 0,000817
вера 0,514105 0,000302
верх 0,963197 0,000566
веселие 1,213075 0,000713
веселиться 1,468347 0,001726
весь 0,002964 0,000009
весёлый 0,389166 0,000229
взять 0,077412 0,000091
видать 0,419129 0,000246
видеть 0,027438 0,000081
визит 0,845098 0,000497
вина 1,053374 0,000619
вино 0,752344 0,004865
вихрь 1,468347 0,000863
вкусить 1,690196 0,000994
вниз 0,752344 0,000442
вода 0,587534 0,001382
водонос 2,167317 0,001274
воздух 0,845098 0,000497
вознаграждение 0,000000 0,000000
войти 0,137934 0,000162
вообразить 0,662167 0,000389
восторг 0,419129 0,000986
восьмиконечный 2,167317 0,001274
восьмой 0,888564 0,000522
воцаряться 2,167317 0,001274
вплоть 0,866287 0,000509
вправо 1,866287 0,001097
всегда 0,129891 0,000153
всепрощение 2,167317 0,001274
вскоре 0,991226 0,000583
вскрикнуть 0,611015 0,000359
вставать 0,576253 0,000339
встать 0,269690 0,000317
вступить 0,675956 0,000397
всяк 1,322219 0,000777
вчера 0,341243 0,000201
вчерашний 0,599116 0,000352
выделяться 2,167317 0,001274
выйти 0,063514 0,000075
выплата 0,000000 0,000000
высота 1,322219 0,000777
вытеснять 2,167317 0,001274
галилейский 1,690196 0,003975
галилейсть 2,167317 0,001274
гаснуть 2,167317 0,001274
генисаретский 2,167317 0,001274
глава 0,963197 0,000566
главный 0,426955 0,000251
глагол 1,866287 0,006583
глаголать 1,866287 0,001097
глаз 0,056728 0,000067
глядеть 0,243038 0,000286
говорить 0,011981 0,000028
голова 0,114239 0,000067
голос 0,208276 0,000612
гора 0,805589 0,000947
гореть 0,735954 0,000433
горизонт 1,389166 0,000817
господь 0,374926 0,000220
гость 0,434924 0,001278
гроб 0,888564 0,005224
грудь 0,443041 0,000260
давать 0,253503 0,000149
давеча 0,232819 0,000274
давешний 0,611015 0,000718
даже 0,005949 0,000014
далёкий 0,411442 0,000242
дать 0,171682 0,000101
дверь 0,258832 0,000304
двоиться 2,167317 0,001274
девять 0,888564 0,000522
дело 0,011981 0,000021
день 0,118099 0,000069
дивиться 0,787106 0,000463
дить 1,690196 0,000994
добрый 0,303994 0,000357
дом 0,154480 0,000091
дорога 0,275223 0,000324
доселе 0,912045 0,000536
доставша 2,167317 0,001274
достоевский 0,000000 0,000000
достояние 0,000000 0,000000
доступно 2,167317 0,001274
драгоценный 0,912045 0,000536
дремать 1,389166 0,000817
другой 0,008955 0,000037
думать 0,060107 0,000035
дух 0,486076 0,000286
душа 0,158717 0,001120
евангелие 1,053374 0,001239
егда 1,866287 0,001097
есть 0,018098 0,000021
жаждать 0,769377 0,000452
жалкий 0,936868 0,001652
жалость 1,021189 0,000600
ждать 0,142011 0,000167
жених 0,824895 0,000970
жизнь 0,084532 0,000149
жить 0,217927 0,000128
забывать 0,824895 0,000485
забыть 0,125925 0,000074
загораться 1,690196 0,000994
задеть 1,322219 0,000777
задумываться 0,963197 0,000566
закрытый 1,690196 0,001987
заметить 0,056728 0,000033
заснуть 0,769377 0,000905
зато 0,468347 0,000275
зачем 0,146128 0,000086
званый 1,468347 0,002590
звать 0,419129 0,000739
звезда 1,053374 0,001239
звук 1,053374 0,000619
звёздный 1,866287 0,001097
звёздочка 2,167317 0,001274
здесь 0,095435 0,000224
земля 0,298086 0,000876
земной 0,845098 0,000994
зенит 2,167317 0,001274
знать 0,002964 0,000003
значит 0,243038 0,000143
золотой 0,805589 0,000474
зосим 0,912045 0,000536
идея 0,459747 0,000270
идти 0,180546 0,000106
иисус 1,690196 0,002981
иисусов 2,167317 0,002548
икона 1,167317 0,000686
иногда 0,208276 0,000122
иной 0,208276 0,000122
использоваться 0,000000 0,000000
исступление 0,565257 0,000332
исступлённо 1,021189 0,000600
истинно 1,125925 0,000662
историк 2,167317 0,001274
источник 1,565257 0,000920
каждый 0,137934 0,000081
казаться 0,063514 0,000037
какой 0,005949 0,000017
кан 1,690196 0,004968
карамазов 0,180546 0,000425
келья 0,991226 0,002331
клумба 2,167317 0,001274
клясться 0,554533 0,000326
книга 0,106619 0,000313
когда 0,015029 0,000018
колено 0,565257 0,000997
коли 0,269690 0,000317
коловращение 1,866287 0,001097
коль 0,720159 0,000423
комар 0,000000 0,000000
комната 0,150284 0,000265
конец 0,213075 0,000125
конечно 0,060107 0,000071
который 0,002964 0,000003
крепкий 0,787106 0,000463
крест 0,690196 0,000406
кроме 0,158717 0,000093
кроткий 0,912045 0,001072
кротко 1,322219 0,000777
кругом 0,419129 0,000246
круто 1,322219 0,000777
крылечко 1,167317 0,000686
куколь 1,866287 0,001097
купол 1,866287 0,001097
ласково 0,936868 0,000551
либо 0,000000 0,000000
литература 1,468347 0,000863
лицо 0,000000 0,000000
лишь 0,185046 0,000109
луковка 1,565257 0,004601
любить 0,066947 0,000276
любовь 0,334808 0,000197
любой 0,000000 0,000000
людская 1,565257 0,001840
маленький 0,185046 0,000109
мало 0,208276 0,000122
мальчик 0,411442 0,000242
мати 2,167317 0,003822
мать 0,217927 0,000128
машинально 1,053374 0,000619
мгновение 0,316059 0,000372
мелкий 0,690196 0,000406
мелькать 1,021189 0,000600
мертвец 1,264227 0,001486
место 0,099131 0,000233
милостивый 0,888564 0,000522
милый 0,322219 0,000568
минута 0,050046 0,000059
мир 0,523865 0,000924
митя 0,451314 0,000796
млечный 2,167317 0,001274
многие 0,468347 0,000275
можно 0,088136 0,000052
молитва 0,888564 0,001567
молиться 0,866287 0,001528
молодой 0,222835 0,000262
момент 0,000000 0,000000
монастырский 1,053374 0,000619
монастырь 0,533849 0,000314
морщинка 1,565257 0,000920
мочь 0,000000 0,000000
мучительный 0,623249 0,000366
мы 0,648803 0,000763
мысль 0,114239 0,000201
надо 0,036984 0,000022
назад 0,000000 0,000000
название 1,088136 0,000640
найти 0,298086 0,000175
написать 0,000000 0,000000
наполнить 1,167317 0,001373
наполниша 2,167317 0,001274
напротив 0,180546 0,000106
население 1,690196 0,000994
наука 0,787106 0,000463
начать 0,066947 0,000157
начинать 0,292256 0,000515
наш 0,118099 0,000139
небесный 1,167317 0,002059
небо 0,635838 0,000374
невеста 0,720159 0,000423
негодование 0,403889 0,000237
недвижимый 1,565257 0,000920
недостать 1,389166 0,000817
незыблемый 1,866287 0,001097
нельзя 0,176091 0,000104
немудрый 2,167317 0,001274
необозримый 1,866287 0,001097
неподвижность 1,468347 0,000863
непременно 0,133894 0,000157
нести 0,824895 0,000970
нестись 1,565257 0,000920
неудержимо 1,167317 0,000686
неужто 0,599116 0,000352
нехитрый 1,866287 0,001097
неясный 1,088136 0,000640
нибыть 0,030597 0,000054
никогда 0,088136 0,000104
никто 0,095435 0,000056
нить 1,866287 0,001097
новый 0,167317 0,000590
нога 0,213075 0,000125
нож 1,167317 0,001373
ночной 1,322219 0,000777
ночь 0,189594 0,000111
ноющий 2,167317 0,001274
ныне 1,021189 0,000600
обида 0,720159 0,000423
облечь 1,565257 0,000920
обливать 1,690196 0,000994
облить 1,866287 0,001097
обнимать 0,866287 0,000509
обрывок 2,167317 0,001274
общественный 0,000000 0,000000
общий 0,514105 0,000302
одежда 1,053374 0,000619
один 0,000000 0,000000
озеро 1,468347 0,000863
окно 0,381987 0,000674
около 0,443041 0,000521
он 0,000000 0,000000
они 0,275223 0,000162
опрокинуться 1,565257 0,000920
опубликовать 0,000000 0,000000
опять 0,027438 0,000113
осенний 1,690196 0,000994
особый 0,565257 0,000332
остановиться 0,269690 0,000159
осязательный 1,866287 0,001097
отвести 0,866287 0,000509
отворить 0,486076 0,000857
отдых 1,565257 0,000920
отец 0,091770 0,000270
открытый 1,125925 0,000662
откуда 0,514105 0,000302
отпереть 0,805589 0,000474
отчёт 1,088136 0,000640
оформление 0,000000 0,000000
очень 0,024303 0,000043
ощущение 0,690196 0,000406
паисий 1,053374 0,003096
первый 0,018098 0,000021
перейти 0,000000 0,000000
переполнить 1,866287 0,001097
переулок 1,053374 0,001239
переходить 0,991226 0,000583
пир 1,565257 0,000920
писать 0,419129 0,000246
пить 0,787106 0,000463
плакать 0,328468 0,000579
пламенно 1,690196 0,000994
плачущий 1,125925 0,000662
плечо 0,403889 0,000237
повелеть 1,389166 0,000817
повергнуться 1,468347 0,000863
повернуть 1,088136 0,000640
повернуться 0,495219 0,000291
повторять 0,396465 0,000233
подать 0,451314 0,000796
подборка 0,000000 0,000000
подвиг 0,769377 0,000452
подкосить 1,468347 0,000863
поднять 0,396465 0,000466
подняться 0,443041 0,000260
подойти 0,341243 0,000401
подумать 0,185046 0,000109
поехать 0,576253 0,000339
позвать 0,704919 0,000414
поздно 0,735954 0,000433
пойти 0,080958 0,000095
пока 0,213075 0,000125
покой 0,936868 0,000551
покойник 1,053374 0,000619
покойный 0,599116 0,000352
пол 0,704919 0,000414
полагать 0,720159 0,000423
полминуты 1,322219 0,000777
полно 1,053374 0,000619
полный 0,253503 0,000298
помалу 0,675956 0,000397
поминутно 0,635838 0,000374
помочь 0,587534 0,000345
понять 0,106619 0,000063
порфирий 1,468347 0,000863
посетитель 0,991226 0,001165
посетить 0,866287 0,001019
после 0,084532 0,000050
послушник 1,167317 0,000686
посмертно 0,000000 0,000000
посмотреть 0,213075 0,000125
потом 0,084532 0,000099
почему 0,099131 0,000117
почерпит 2,167317 0,001274
почерпшие 2,167317 0,001274
почти 0,024303 0,000014
почувствовать 0,426955 0,000502
пребывать 1,125925 0,000662
превращать 2,167317 0,001274
пред 0,030597 0,000072
прежде 0,077412 0,000046
прекрасно 0,735954 0,000433
премудрый 1,322219 0,001555
прервать 0,623249 0,000366
пресекаться 2,167317 0,001274
привратник 2,167317 0,001274
пригласить 0,720159 0,000423
прижизненный 0,000000 0,000000
призвать 1,322219 0,000777
приида 2,167317 0,001274
прийти 0,095435 0,000112
принесош 2,167317 0,001274
принести 0,389166 0,000229
приподнять 1,167317 0,000686
прислушиваться 1,088136 0,000640
пробить 1,322219 0,000777
пробовать 1,088136 0,000640
программирование 0,000000 0,000000
продолжать 0,125925 0,000074
прозвенеть 1,468347 0,001726
произведение 0,000000 0,000000
пройти 0,000000 0,000000
пропускать 1,565257 0,000920
пропустить 0,845098 0,000994
просить 0,150284 0,000177
проснуться 0,735954 0,000433
простереть 1,866287 0,001097
простить 0,286504 0,000168
простодушный 0,690196 0,000406
просьба 0,623249 0,000366
протянуть 0,486076 0,000286
прошептать 0,587534 0,000345
прощать 0,426955 0,000251
прощение 0,611015 0,000359
прямой 0,675956 0,000397
публикация 0,000000 0,000000
путь 0,675956 0,000397
путём 1,565257 0,000920
радостный 0,752344 0,000442
радость 0,411442 0,002661
раздаваться 1,088136 0,001279
раздвигаться 1,690196 0,000994
раздвинуться 1,690196 0,000994
раздельный 1,690196 0,000994
разом 0,389166 0,000229
разрешение 0,000000 0,000000
ракитин 0,787106 0,000925
расселить 2,167317 0,001274
рваться 1,053374 0,000619
решиться 0,341243 0,000201
робко 0,787106 0,000463
ровный 1,468347 0,000863
роскошный 1,690196 0,000994
рука 0,030597 0,000036
русский 0,411442 0,000242
рыдать 0,963197 0,000566
сайт 0,000000 0,000000
сам 0,002964 0,000002
самый 0,018098 0,000011
свадьба 1,053374 0,001858
свежий 0,963197 0,001133
сверкать 0,611015 0,000359
светлый 0,735954 0,000433
свобода 1,021189 0,000600
свободно 0,000000 0,000000
свод 1,866287 0,001097
свой 0,000000 0,000000
святыня 1,213075 0,000713
сделать 0,102859 0,000060
себя 0,000000 0,000000
сегодня 0,194189 0,000342
сегодняшний 0,991226 0,000583
седьмой 1,021189 0,001201
сейчас 0,070407 0,000083
семьдесят 0,000000 0,000000
сердце 0,095435 0,000281
сидеть 0,125925 0,000148
сие 0,611015 0,000359
сильный 0,269690 0,000159
сиять 0,888564 0,002090
сказываться 1,322219 0,000777
скит 1,053374 0,000619
сколько 0,280827 0,000165
скорый 0,237898 0,000140
слабый 0,611015 0,000359
сладко 1,213075 0,000713
слеза 0,275223 0,000647
сливаться 2,167317 0,001274
слишком 0,133894 0,000157
слово 0,027438 0,000081
слуга 0,599116 0,000704
случиться 0,292256 0,000172
слушать 0,203530 0,000239
слышать 0,125925 0,000148
слышаться 0,963197 0,000566
сменяться 1,690196 0,000994
сметь 0,389166 0,000229
смеяться 0,171682 0,000101
смотреть 0,077412 0,000046
смутно 1,389166 0,000817
соблюсти 1,690196 0,000994
собор 1,389166 0,000817
собрание 1,088136 0,000640
собраться 0,662167 0,000389
согласие 0,000000 0,000000
согласоваться 1,866287 0,001097
сознавать 0,824895 0,000485
сознать 1,088136 0,000640
сойти 0,495219 0,000873
сойтись 0,623249 0,000366
солнце 0,675956 0,000795
сон 0,866287 0,000509
соприкасаться 1,468347 0,001726
сорваться 0,936868 0,000551
сосуд 1,866287 0,001097
сотворить 1,690196 0,001987
сотворять 1,866287 0,001097
сочинение 1,468347 0,000863
спасть 0,554533 0,000326
старец 0,611015 0,001437
старичок 0,912045 0,001072
стать 0,002964 0,000007
стол 0,286504 0,000168
столь 0,434924 0,000511
сторона 0,110412 0,000065
стоять 0,150284 0,000353
странно 0,354404 0,000417
странный 0,227798 0,000134
страшный 0,286504 0,000337
стыдиться 0,623249 0,000366
суета 1,389166 0,000817
суметь 0,648803 0,000381
сухенький 1,866287 0,002194
существо 0,477121 0,000561
сходить 0,611015 0,000359
схорониться 2,167317 0,001274
счастие 0,451314 0,000265
сюда 0,232819 0,000274
тайна 0,675956 0,000397
также 0,000000 0,000000
таки 0,066947 0,000039
твоеть 1,866287 0,001097
твой 0,258832 0,000152
твёрдый 0,576253 0,001694
текст 0,000000 0,000000
теперь 0,015029 0,000027
тешить 2,167317 0,001274
тихий 0,544068 0,002239
тихо 0,354404 0,000417
тишина 0,912045 0,000536
тлетворный 1,690196 0,000994
тогда 0,050046 0,000088
тоже 0,043466 0,000128
толпа 0,648803 0,000381
только 0,002964 0,000010
том 1,565257 0,000920
тоска 0,599116 0,000352
тот 0,002964 0,000005
тотчас 0,046743 0,000027
точно 0,121994 0,000072
тревожный 0,866287 0,000509
трепетать 0,735954 0,000433
третий 0,154480 0,000272
три 0,303994 0,000179
ты 0,133894 0,000157
тяжело 0,565257 0,000332
тёмный 0,523865 0,000616
убогий 1,866287 0,001097
увидать 0,434924 0,000256
угол 0,341243 0,000201
удивляться 0,544068 0,000320
уединённо 1,468347 0,000863
ужасный 0,322219 0,000379
уйти 0,248239 0,000146
улыбка 0,374926 0,000220
улыбнуться 0,426955 0,000251
умерший 0,000000 0,000000
умножать 2,167317 0,001274
упиться 1,565257 0,000920
уподобиться 2,167317 0,001274
утолять 1,565257 0,000920
утомлённый 1,389166 0,001633
утро 0,347773 0,000204
утром 0,411442 0,000242
ухо 0,991226 0,000583
уходить 0,328468 0,000193
ученица 2,167317 0,001274
фёдор 0,434924 0,000511
холодноватый 1,690196 0,000994
хотеть 0,033778 0,000020
хотеться 0,292256 0,000515
хоть 0,060107 0,000035
христос 0,675956 0,000397
хрустальный 1,690196 0,000994
хуждшея 2,167317 0,001274
царить 1,866287 0,001097
цветок 1,389166 0,000817
целовать 0,635838 0,001121
целое 0,587534 0,000345
час 0,185046 0,000326
часть 0,002964 0,000003
чей 0,000000 0,000000
человек 0,011981 0,000028
через 0,258832 0,000152
число 0,704919 0,000414
читаемый 2,167317 0,001274
читать 0,403889 0,001662
чтение 1,125925 0,000662
что 0,030597 0,000036
чтоб 0,073896 0,000043
чтобы 0,030597 0,000018
чувствовать 0,264227 0,000155
чудо 0,866287 0,002037
шаг 0,367977 0,000216
широко 1,167317 0,000686
широта 2,167317 0,001274
это 0,002964 0,000002
этот 0,002964 0,000010
юноша 0,912045 0,001609
я 0,024303 0,000043
явно 1,088136 0,000640
якожа 2,167317 0,001274
ять 2,167317 0,001274
яхонтовый 2,167317 0,001274
