автор 0,000000 0,000000
авторский 0,000000 0,000000
алексей 0,000000 0,000000
алеш 0,328468 0,006843
аршин 1,322219 0,000672
баня 1,468347 0,000746
бегом 1,866287 0,000948
бежать 0,434924 0,000442
беспокоиться 0,514105 0,000261
библиотека 1,866287 0,002845
блеск 1,088136 0,000553
бог 0,154480 0,000157
более 0,000000 0,000000
болезнь 0,434924 0,000442
больной 0,258832 0,000263
большой 0,056728 0,000029
бояться 0,158717 0,000161
брат 0,060107 0,000428
брать 0,486076 0,000247
бреда 0,866287 0,000880
бросить 0,269690 0,000822
броситься 0,258832 0,000132
будто 0,099131 0,000252
будущее 0,735954 0,000374
бурый 1,690196 0,000859
бывать 0,280827 0,000143
быстро 0,232819 0,000118
быть 0,000000 0,000000
ваш 0,121994 0,000062
вглядываться 0,936868 0,000476
вдруг 0,005949 0,000018
ведь 0,043466 0,000088
велеть 0,576253 0,000293
великодушный 0,912045 0,000463
верить 0,180546 0,000459
верно 0,523865 0,000266
весь 0,002964 0,000008
взбесить 1,389166 0,000706
взять 0,077412 0,000079
видеть 0,027438 0,000042
визит 0,845098 0,000429
винить 1,264227 0,000642
виселица 1,866287 0,000948
висеть 1,125925 0,001144
вместе 0,208276 0,000106
вмиг 1,264227 0,000642
вовсе 0,150284 0,000076
вода 0,587534 0,000299
вознаграждение 0,000000 0,000000
возненавидеть 1,021189 0,000519
войти 0,137934 0,000070
воля 0,576253 0,000293
вопль 1,125925 0,000572
вопрос 0,146128 0,000223
воротиться 0,303994 0,000154
воскликнуть 0,269690 0,000137
восклицание 0,991226 0,000504
воспарять 2,167317 0,001101
восстать 1,213075 0,000616
восторг 0,419129 0,000213
впрочем 0,118099 0,000060
время 0,018098 0,000018
всегда 0,129891 0,000066
всемирный 1,389166 0,000706
вскочить 0,451314 0,000229
вскричать 0,253503 0,000515
вспомнить 0,434924 0,000221
встать 0,269690 0,000137
входить 0,477121 0,000242
выговаривать 0,963197 0,000489
выносить 0,888564 0,000452
выплата 0,000000 0,000000
выражение 0,514105 0,000261
гвоздочка 2,167317 0,001101
гимн 1,213075 0,000616
гладкий 1,468347 0,000746
глаз 0,056728 0,000115
глубокий 0,477121 0,000242
глупый 0,419129 0,000852
говорить 0,011981 0,000170
голова 0,114239 0,000348
голубь 1,866287 0,000948
гордость 0,587534 0,000597
гордый 0,576253 0,000293
горестно 1,125925 0,000572
горько 0,690196 0,000351
гром 0,912045 0,000463
громовый 1,866287 0,000948
губить 1,167317 0,000593
давеча 0,232819 0,000355
давешний 0,611015 0,000310
даже 0,005949 0,000006
далёкий 0,411442 0,000209
датский 2,167317 0,001101
дать 0,171682 0,000087
двенадцатый 0,690196 0,000351
двенадцать 0,805589 0,000409
движение 0,648803 0,000330
делать 0,194189 0,000099
дело 0,011981 0,000006
дерзкий 1,125925 0,000572
дескать 0,419129 0,000213
диван 0,648803 0,001978
длина 1,468347 0,000746
длинный 0,495219 0,000252
дмитрий 0,396465 0,000201
добро 0,963197 0,000489
добродетель 0,912045 0,002317
довести 0,720159 0,000366
доктор 0,554533 0,000282
допускать 0,963197 0,000489
дорога 0,275223 0,000140
достоевский 0,000000 0,000000
достояние 0,000000 0,000000
дразнить 0,845098 0,001288
дрожать 0,426955 0,000217
друг 0,180546 0,000092
другой 0,008955 0,000009
дрянный 1,125925 0,000572
думать 0,060107 0,000061
дышать 0,866287 0,000440
если 0,011981 0,000012
есть 0,018098 0,000018
жажда 0,866287 0,000440
желать 0,232819 0,000118
жертва 0,769377 0,000391
жестокий 0,769377 0,000391
животный 1,565257 0,000795
жизнь 0,084532 0,000129
жить 0,217927 0,000111
забыть 0,125925 0,000064
зависеть 0,888564 0,000452
завтра 0,298086 0,000606
загадка 0,787106 0,000400
задавать 0,912045 0,000463
задумчиво 0,912045 0,000927
заключить 0,347773 0,000177
замирать 0,991226 0,000504
запеть 1,322219 0,000672
записка 0,824895 0,000838
засверкать 0,720159 0,000366
засмеяться 0,347773 0,000177
заставить 0,735954 0,000374
застать 0,648803 0,000330
засыпать 0,963197 0,000489
захотеть 0,316059 0,000161
зачем 0,146128 0,000149
заявить 0,675956 0,000687
заявлять 0,991226 0,000504
звать 0,419129 0,000213
зверский 1,389166 0,000706
земля 0,298086 0,000303
злить 2,167317 0,001101
знать 0,002964 0,000032
иван 0,232819 0,002839
идти 0,180546 0,000917
изба 0,824895 0,000419
изверг 0,936868 0,001428
измучить 1,021189 0,000519
именно 0,066947 0,000034
использоваться 0,000000 0,000000
исправник 1,213075 0,000616
испуг 0,554533 0,000282
испугаться 0,523865 0,000266
исступление 0,565257 0,000287
источник 1,565257 0,000795
истреблять 1,565257 0,000795
исчезнуть 0,623249 0,000317
какой 0,005949 0,000006
карамазов 0,180546 0,000367
каторга 0,963197 0,000979
катя 0,912045 0,000927
квартира 0,623249 0,000317
клевета 1,264227 0,000642
клеветать 1,167317 0,001186
клясться 0,554533 0,000282
книга 0,106619 0,000217
когда 0,015029 0,000023
коль 0,720159 0,000366
комар 0,000000 0,000000
комната 0,150284 0,000382
кондратиевич 1,213075 0,000616
конфиденциально 1,468347 0,000746
корчиться 1,690196 0,000859
который 0,002964 0,000003
кошмар 1,213075 0,000616
крепко 0,443041 0,000225
крест 0,690196 0,000351
кругом 0,419129 0,000213
крыло 1,690196 0,000859
кто 0,114239 0,000232
лакей 0,704919 0,000358
лгать 0,599116 0,000913
лев 1,021189 0,000519
лежать 0,243038 0,000370
либо 0,000000 0,000000
лиза 1,213075 0,001849
лист 1,053374 0,000535
литература 1,468347 0,000746
лицо 0,000000 0,000000
лишаться 1,565257 0,000795
лишить 1,213075 0,001233
лишь 0,185046 0,000094
ловко 1,125925 0,001144
ложь 0,824895 0,000838
любить 0,066947 0,000068
любой 0,000000 0,000000
мало 0,208276 0,000106
мальчишка 0,752344 0,000382
марья 0,936868 0,000476
мелкий 0,690196 0,000351
мелькнуть 0,544068 0,000276
место 0,099131 0,000050
месяц 0,264227 0,000134
митя 0,451314 0,000688
мнение 0,374926 0,000191
много 0,080958 0,000082
многое 0,443041 0,000225
мой 0,077412 0,000039
мокрый 0,675956 0,000687
молекула 1,866287 0,000948
момент 0,000000 0,000000
морда 2,167317 0,001101
мочь 0,000000 0,000000
мстительный 1,213075 0,000616
мстить 1,322219 0,000672
мука 0,735954 0,000374
мучить 0,419129 0,000639
мучиться 0,623249 0,000317
мысль 0,114239 0,000058
наверно 0,264227 0,000134
надежда 0,533849 0,000271
надеяться 0,434924 0,000221
надо 0,036984 0,000038
надуть 1,021189 0,000519
назад 0,000000 0,000000
название 1,088136 0,000553
назвать 0,635838 0,000323
найти 0,298086 0,000151
наконец 0,073896 0,000038
намочить 1,565257 0,000795
написать 0,000000 0,000000
наука 0,787106 0,000400
наущение 2,167317 0,001101
начать 0,066947 0,000068
наяву 1,213075 0,001233
небольшой 0,675956 0,000343
невольно 0,704919 0,000358
некого 1,088136 0,000553
ненавидеть 0,514105 0,000522
ненависть 0,623249 0,000317
неправда 0,752344 0,000382
нескладно 1,690196 0,000859
нестись 1,565257 0,000795
неудержимо 1,167317 0,000593
нибыть 0,030597 0,000016
низкий 0,611015 0,000310
никогда 0,088136 0,000134
никто 0,095435 0,000242
нога 0,213075 0,000108
ночь 0,189594 0,000096
нравиться 0,611015 0,000621
нравственно 1,213075 0,000616
обида 0,720159 0,000366
обложить 1,866287 0,000948
образумить 1,866287 0,000948
общественный 0,000000 0,000000
объявить 0,389166 0,000395
оглядеться 1,565257 0,000795
один 0,000000 0,000000
одиннадцатый 0,912045 0,000927
одолевать 1,468347 0,000746
озябнуть 2,167317 0,001101
окно 0,381987 0,000194
он 0,000000 0,000000
они 0,275223 0,000140
опалить 1,866287 0,000948
оправдать 0,963197 0,000489
опубликовать 0,000000 0,000000
опять 0,027438 0,000070
орёл 1,468347 0,000746
оставить 0,203530 0,000207
осудить 0,866287 0,000440
ответить 0,121994 0,000062
отводить 1,690196 0,000859
отвыкнуть 1,690196 0,000859
отгадка 2,167317 0,001101
отец 0,091770 0,000093
оттуда 0,888564 0,000903
отходить 0,824895 0,000419
отчий 0,554533 0,000282
отыскать 0,769377 0,000391
оформление 0,000000 0,000000
охота 1,021189 0,000519
очень 0,024303 0,000037
ошибка 0,805589 0,000409
павлович 0,286504 0,000146
память 0,599116 0,000609
первый 0,018098 0,000009
передавать 0,635838 0,000323
перейти 0,000000 0,000000
перестать 0,411442 0,000209
плохо 0,912045 0,000463
плюнуть 0,936868 0,000476
победить 0,787106 0,000400
побояться 1,167317 0,000593
повадиться 1,322219 0,000672
поверить 0,347773 0,000530
повеситься 1,322219 0,002687
погибнуть 0,888564 0,000452
подборка 0,000000 0,000000
подвиг 0,769377 0,000782
поддержать 1,125925 0,000572
подле 0,419129 0,000213
подлость 1,053374 0,000535
подлый 0,675956 0,000343
подметить 1,866287 0,000948
поднять 0,396465 0,000201
подумать 0,185046 0,000094
подушка 0,611015 0,000931
подчиниться 1,264227 0,000642
пойти 0,080958 0,000370
пока 0,213075 0,000108
показание 0,752344 0,000382
показать 0,292256 0,000149
покачнуться 1,690196 0,000859
полотенце 1,322219 0,006047
помалу 0,675956 0,000343
помешанный 0,769377 0,000391
помолиться 1,213075 0,001233
понимать 0,095435 0,000048
понятный 1,264227 0,000642
поразить 0,243038 0,000123
поросёнок 1,690196 0,000859
поручить 0,991226 0,000504
посетитель 0,991226 0,001007
после 0,084532 0,000043
послужить 0,824895 0,000838
посмертно 0,000000 0,000000
посмотреть 0,213075 0,000108
поставить 0,451314 0,000229
постель 0,662167 0,000336
постоять 0,690196 0,000701
потащиться 1,389166 0,000706
потому 0,024303 0,000025
похвалить 0,991226 0,001511
почему 0,099131 0,000151
почти 0,024303 0,000012
правда 0,088136 0,000134
пред 0,030597 0,000016
предчувствовать 0,504560 0,000256
прежде 0,077412 0,000079
презирать 0,662167 0,001682
презренный 1,322219 0,000672
прервать 0,623249 0,000633
преступник 0,845098 0,000429
прибавить 0,162996 0,000331
прибежать 0,769377 0,000782
прибрать 1,690196 0,000859
привесть 1,690196 0,000859
привстать 1,021189 0,000519
привычка 0,769377 0,000782
прижизненный 0,000000 0,000000
признаться 0,443041 0,000225
прийти 0,095435 0,000097
прикладывать 1,322219 0,001344
прилечь 1,565257 0,000795
принцип 1,468347 0,000746
приняться 0,845098 0,000859
пристально 0,389166 0,000198
приход 0,888564 0,000452
приходить 0,243038 0,000247
прогнать 0,704919 0,000716
проговорить 0,110412 0,000168
программирование 0,000000 0,000000
продолжать 0,125925 0,000128
произведение 0,000000 0,000000
произнести 0,280827 0,000143
пройти 0,000000 0,000000
проклинать 1,264227 0,000642
просидеть 0,704919 0,000358
просто 0,232819 0,000237
прямо 0,118099 0,000180
публикация 0,000000 0,000000
пусть 0,253503 0,000644
ради 0,752344 0,000382
раз 0,309985 0,000158
раздеваться 1,565257 0,000795
раздел 1,866287 0,000948
раздеть 1,690196 0,000859
разрешение 0,000000 0,000000
рассказывать 0,341243 0,000173
растоптать 1,468347 0,000746
расшибиться 1,565257 0,000795
ревность 0,888564 0,000452
решать 1,053374 0,000535
решаться 0,752344 0,000382
решение 0,533849 0,000543
решить 0,232819 0,000118
решиться 0,341243 0,000347
ровно 0,533849 0,000271
романтик 2,167317 0,001101
рукомойник 1,866287 0,000948
русский 0,411442 0,000209
сайт 0,000000 0,000000
сам 0,002964 0,000003
самовар 1,213075 0,000616
самозванец 2,167317 0,001101
самый 0,018098 0,000009
сатана 1,213075 0,001233
сбегать 1,053374 0,000535
сбросить 1,264227 0,000642
свет 0,176091 0,000089
свечка 0,866287 0,000440
свободно 0,000000 0,000000
свой 0,000000 0,000000
сгнить 1,866287 0,000948
сгореть 1,322219 0,000672
себя 0,000000 0,000000
сегодня 0,194189 0,000197
сейчас 0,070407 0,000036
семь 0,623249 0,000317
семьдесят 0,000000 0,000000
серафим 1,866287 0,001897
сердиться 0,443041 0,000225
сердце 0,095435 0,000048
серьёзно 0,419129 0,000213
сесть 0,824895 0,001257
сидеть 0,125925 0,000256
сильно 0,292256 0,000149
сказать 0,011981 0,000049
скверный 0,623249 0,000317
скоро 0,298086 0,000151
следовать 0,544068 0,000276
слово 0,027438 0,000028
словоохотливый 1,565257 0,000795
сложить 0,845098 0,000429
слушать 0,203530 0,000207
слыхать 0,675956 0,000343
слышать 0,125925 0,000064
смерд 1,690196 0,000859
смердяков 0,576253 0,002342
смерть 0,374926 0,000191
сметь 0,389166 0,000593
смеяться 0,171682 0,000174
смотреть 0,077412 0,000157
смочить 1,565257 0,000795
снег 1,213075 0,000616
снова 0,565257 0,000287
собака 0,888564 0,000452
собрание 1,088136 0,000553
собственный 0,264227 0,000134
совершаться 1,213075 0,000616
совершить 0,769377 0,000782
совесть 0,544068 0,000829
совсем 0,021189 0,000032
согласие 0,000000 0,000000
содрогание 1,322219 0,000672
созвездие 1,866287 0,002845
солгать 0,824895 0,001257
солнце 0,675956 0,000343
сомнение 0,426955 0,000217
сообщить 0,434924 0,000221
сослать 1,565257 0,000795
сострадание 0,787106 0,000400
сочинение 1,468347 0,000746
спасать 1,088136 0,000553
спасти 0,468347 0,000238
спасть 0,554533 0,000564
спать 0,495219 0,000755
спросить 0,114239 0,000232
среди 0,769377 0,000391
стакан 1,088136 0,001106
становиться 0,389166 0,000395
стать 0,002964 0,000006
стенка 1,565257 0,000795
стол 0,286504 0,000291
столик 0,845098 0,000429
стоять 0,150284 0,000076
странно 0,354404 0,000180
страх 0,426955 0,000217
страшно 0,434924 0,000221
стул 0,434924 0,000221
стучать 0,866287 0,000440
суд 0,554533 0,000282
судебный 0,963197 0,000489
сухой 1,021189 0,000519
сыскать 1,389166 0,000706
сюда 0,232819 0,000237
также 0,000000 0,000000
таки 0,066947 0,000068
такой 0,002964 0,000008
твой 0,258832 0,000526
твёрдо 0,419129 0,000426
текст 0,000000 0,000000
теперь 0,015029 0,000038
тихо 0,354404 0,000540
тоже 0,043466 0,000022
только 0,002964 0,000003
том 1,565257 0,000795
тоскливый 1,866287 0,000948
тот 0,002964 0,000003
трус 1,322219 0,002016
туалетный 2,167317 0,001101
туда 0,495219 0,000252
ты 0,133894 0,001225
тысяча 0,217927 0,000111
убийца 0,704919 0,000358
убить 0,275223 0,000699
уверенный 0,611015 0,000310
угадать 0,599116 0,000304
уговорить 1,088136 0,000553
угол 0,341243 0,000347
удержаться 0,888564 0,000452
ужас 0,468347 0,000476
ужасно 0,167317 0,000425
узнать 0,106619 0,000108
уйти 0,248239 0,000252
улизнуть 1,866287 0,000948
уличить 1,565257 0,000795
уложить 1,125925 0,000572
улыбнуться 0,426955 0,000434
умереть 0,269690 0,000274
умерший 0,000000 0,000000
уметь 0,328468 0,000167
умолкать 1,322219 0,000672
унести 0,991226 0,000504
употребить 1,088136 0,000553
упрашивать 1,264227 0,000642
успеть 0,203530 0,000103
успокоиться 0,735954 0,000374
франц 0,635838 0,000323
фёдор 0,434924 0,000663
фёдорович 0,150284 0,000153
хвалить 0,963197 0,000489
хвост 1,125925 0,000572
херувим 1,565257 0,002386
химический 1,866287 0,000948
хитрый 0,963197 0,000979
ходить 0,213075 0,000433
холодный 0,824895 0,000419
хороший 0,077412 0,000039
хорошо 0,189594 0,000096
хотеть 0,033778 0,000120
хотеться 0,292256 0,000149
хоть 0,060107 0,000031
целое 0,587534 0,000299
час 0,185046 0,000282
часть 0,002964 0,000003
чей 0,000000 0,000000
человеческий 0,565257 0,000287
черта 0,264227 0,000671
четвёртый 0,286504 0,000291
число 0,704919 0,000358
чистый 0,434924 0,000442
читаемый 2,167317 0,001101
читать 0,403889 0,000205
что 0,030597 0,000093
чтоб 0,073896 0,000150
чтобы 0,030597 0,000031
чувство 0,158717 0,000081
шагать 0,963197 0,000979
это 0,002964 0,000006
этот 0,002964 0,000003
этта 1,690196 0,000859
я 0,024303 0,000222
явиться 0,298086 0,000151
ясно 0,354404 0,000180
