абсолютный 1,866287 0,000470
автодафе 2,167317 0,000819
автор 0,000000 0,000000
авторитет 1,389166 0,000350
авторский 0,000000 0,000000
ад 2,167317 0,000273
азарт 1,125925 0,000142
акриды 1,866287 0,000470
алексей 0,000000 0,000000
алеш 0,328468 0,000704
америка 1,264227 0,000159
ангел 0,720159 0,000363
антропофагия 1,565257 0,000394
армия 1,690196 0,000639
архангел 2,167317 0,000546
бабий 1,389166 0,000175
башня 1,565257 0,001183
бедный 0,328468 0,000041
бежать 0,434924 0,000055
без 0,599116 0,000151
безбожие 2,167317 0,000273
безбожник 1,468347 0,000185
безбрежный 1,866287 0,000470
бездыханный 2,167317 0,000273
безмерный 1,264227 0,000159
безумие 1,322219 0,000167
белый 0,720159 0,000181
бесконечный 0,824895 0,000104
бескровный 1,866287 0,000235
бесноваться 1,690196 0,000213
беспрерывный 0,787106 0,000099
бессилие 1,021189 0,000129
бессильный 1,389166 0,000175
бесследно 2,167317 0,000273
бессознательно 1,125925 0,000142
бесспорный 0,787106 0,000595
бестолковый 1,088136 0,000274
бесчинство 2,167317 0,000546
библиотека 1,866287 0,000705
благо 1,264227 0,000796
благодарить 0,635838 0,000080
благодарный 0,752344 0,000095
благодетель 0,866287 0,000109
благословить 0,735954 0,000093
благословлять 1,053374 0,000531
блаженство 1,322219 0,000167
блеск 1,088136 0,000137
близкий 0,477121 0,000060
блистать 1,125925 0,000142
блудница 1,690196 0,000213
бог 0,154480 0,000350
богоматерь 1,866287 0,000705
богородица 1,468347 0,000185
богослов 1,866287 0,000235
богохульный 2,167317 0,000273
богохульство 2,167317 0,000546
божий 0,623249 0,000393
более 0,000000 0,000000
больший 0,248239 0,000031
большой 0,056728 0,000021
бояться 0,158717 0,000040
брат 0,060107 0,000098
брать 0,486076 0,000122
бред 1,021189 0,000129
бремя 1,690196 0,000213
бровь 1,053374 0,000265
бросать 0,787106 0,000099
бросить 0,269690 0,000102
броситься 0,258832 0,000130
будто 0,099131 0,000012
будущее 0,735954 0,000278
будущий 0,824895 0,000104
буйный 1,468347 0,000185
буквально 0,805589 0,000101
букет 1,866287 0,000235
бунт 1,264227 0,000319
бунтовать 1,322219 0,000666
бунтовщик 2,167317 0,003277
быстро 0,232819 0,000029
бытие 1,389166 0,000175
быть 0,000000 0,000000
вавилонский 1,866287 0,000470
важно 0,675956 0,000085
ваш 0,121994 0,000031
вдоволь 2,167317 0,000273
вдруг 0,005949 0,000014
вдумчивый 2,167317 0,000273
ведь 0,043466 0,000033
век 0,769377 0,001454
вековечный 1,468347 0,000370
вековой 1,866287 0,000235
великанов 2,167317 0,000273
великий 0,341243 0,000860
великолепно 1,125925 0,000142
великолепный 0,824895 0,000416
велита 0,963197 0,000243
вера 0,514105 0,000648
верзиться 2,167317 0,000273
верить 0,180546 0,000091
верный 0,495219 0,000062
веровать 0,704919 0,000444
вершина 1,690196 0,000213
веселие 1,213075 0,000306
вести 0,787106 0,000198
весь 0,002964 0,000013
ветер 1,053374 0,000133
ветхий 1,088136 0,000137
вечно 0,824895 0,000312
вечный 0,769377 0,000097
взбунтоваться 1,468347 0,000370
взгляд 0,185046 0,000047
взглянуть 0,468347 0,000059
вздор 0,565257 0,000071
вздрагивать 1,021189 0,000129
взывать 1,468347 0,000370
взять 0,077412 0,000146
вид 0,150284 0,000038
видать 0,419129 0,000053
видение 1,125925 0,000284
видеть 0,027438 0,000059
видимо 0,328468 0,000083
видно 0,504560 0,000064
визит 0,845098 0,000106
виктор 2,167317 0,000273
вини 1,866287 0,000235
виноватый 0,328468 0,000124
вихрь 1,468347 0,000185
владеть 1,565257 0,000592
власть 1,088136 0,000548
вместе 0,208276 0,000157
вместить 1,866287 0,000235
вместо 0,411442 0,000259
внезапно 0,623249 0,000079
внести 1,264227 0,000159
вниз 0,752344 0,000284
вновь 0,720159 0,000817
вносить 2,167317 0,000273
вовеки 1,565257 0,000197
вовсе 0,150284 0,000095
возвестить 0,936868 0,000472
возводить 1,866287 0,000235
возвращаться 0,704919 0,000089
возвышенный 1,468347 0,000185
воздвигнуть 1,468347 0,000740
воздвигнуться 2,167317 0,000546
воздух 0,845098 0,000106
возжелать 1,690196 0,000852
возлюбить 0,912045 0,000115
возможно 0,735954 0,000185
возможный 0,845098 0,000106
вознаграждение 0,000000 0,000000
вознести 1,468347 0,000370
возопить 1,389166 0,000350
возрадоваться 1,690196 0,000213
возражать 0,963197 0,000121
возразить 1,213075 0,000153
воистину 0,912045 0,000115
войти 0,137934 0,000017
волнение 0,361137 0,000046
воля 0,576253 0,000073
вопиять 1,389166 0,000350
вопль 1,125925 0,000142
вопрос 0,146128 0,000221
вопрошать 1,468347 0,000185
воровство 1,389166 0,000175
воротиться 0,303994 0,000192
восемь 0,735954 0,000185
воскликнуть 0,269690 0,000102
восклицать 0,533849 0,000269
воскресение 1,088136 0,000137
воскресить 1,213075 0,000306
воскреснуть 0,991226 0,000125
восполнить 1,565257 0,000394
восст 2,167317 0,000273
восстановить 1,468347 0,000185
восстать 1,213075 0,000153
восток 1,389166 0,000175
восторг 0,419129 0,000158
восходить 1,322219 0,000167
впалый 1,468347 0,000185
вполне 0,316059 0,000040
вправе 1,565257 0,000197
впредь 0,752344 0,000095
впрочем 0,118099 0,000030
впрямь 0,769377 0,000097
враг 0,735954 0,000093
время 0,018098 0,000027
вроде 0,662167 0,000250
вручить 1,565257 0,000197
всегда 0,129891 0,000033
вселенная 1,389166 0,000175
всемилостивый 2,167317 0,000273
всемирно 2,167317 0,000273
всемирность 2,167317 0,000273
всемирный 1,389166 0,001050
всеобщий 0,912045 0,000460
вскричать 0,253503 0,000064
вслед 0,523865 0,000066
вслух 0,533849 0,000067
всматриваться 0,963197 0,000121
вспоминать 0,623249 0,000079
вспомнить 0,434924 0,000164
вставать 0,576253 0,000073
встать 0,269690 0,000068
встретиться 0,704919 0,000089
всякий 0,106619 0,000081
второй 0,217927 0,000055
вход 0,752344 0,000095
входить 0,477121 0,000060
вчера 0,341243 0,000172
вчерашний 0,599116 0,000151
выбор 1,389166 0,000350
выводить 0,936868 0,000118
выгнать 1,125925 0,000142
выдержать 0,587534 0,000222
выдерживать 1,322219 0,000167
выйти 0,063514 0,000040
вымаливать 2,167317 0,000273
вынести 0,486076 0,000061
выносить 0,888564 0,000224
выплата 0,000000 0,000000
выплыть 1,866287 0,000235
выпускать 1,088136 0,000137
выражать 0,963197 0,000121
выражение 0,514105 0,000065
выразить 0,599116 0,000075
вырваться 0,565257 0,000071
высказать 0,523865 0,000066
высказаться 0,936868 0,000118
высказываться 1,389166 0,000175
выскочить 0,824895 0,000104
выслушать 0,426955 0,000054
высокий 0,213075 0,000054
высоко 0,991226 0,000125
выстрадать 2,167317 0,000273
вытерпеть 0,991226 0,000375
выше 0,720159 0,000181
вящий 2,167317 0,000273
гадательный 2,167317 0,000273
гадкий 1,213075 0,000153
гармония 1,264227 0,000159
германия 2,167317 0,000273
глава 0,963197 0,000607
главное 0,185046 0,000023
главный 0,426955 0,000054
глаз 0,056728 0,000057
глазок 0,805589 0,000101
глубина 0,866287 0,000327
глубокий 0,477121 0,000060
глубоко 0,611015 0,000077
глупый 0,419129 0,000106
глядеть 0,243038 0,000184
гнев 0,544068 0,000069
говорить 0,011981 0,000035
год 0,292256 0,000074
голова 0,114239 0,000029
голодный 1,053374 0,000265
голос 0,208276 0,000026
голубой 0,936868 0,000118
голый 1,167317 0,000147
гонимый 2,167317 0,000273
гордиться 1,021189 0,000643
гордо 1,053374 0,000133
гордость 0,587534 0,000148
гордый 0,576253 0,000145
горестно 1,125925 0,000284
гореть 0,735954 0,000371
горний 1,690196 0,000213
город 0,248239 0,000031
горький 0,912045 0,000230
горячий 0,523865 0,000132
господин 0,208276 0,000052
господний 1,565257 0,000197
господствовать 2,167317 0,000546
господь 0,374926 0,000236
готовиться 0,845098 0,000106
град 1,690196 0,000213
гражданин 1,264227 0,000159
грех 0,752344 0,000853
греческий 1,690196 0,000213
грешить 1,866287 0,000470
грешник 1,264227 0,000478
грешный 0,991226 0,000125
гроб 0,888564 0,000560
гробик 1,468347 0,000370
гробовой 2,167317 0,000273
громовой 2,167317 0,000273
грубый 0,824895 0,000104
грудь 0,443041 0,000056
грусть 1,021189 0,000129
гряда 1,690196 0,000213
грязный 0,824895 0,000416
губа 0,411442 0,000052
густой 0,991226 0,000125
гусь 1,565257 0,000197
гюго 2,167317 0,000273
давать 0,253503 0,000032
даваться 1,690196 0,000426
давно 0,158717 0,000060
даже 0,005949 0,000012
далее 0,648803 0,000082
дальнейший 0,845098 0,000106
далёкий 0,411442 0,000052
дант 2,167317 0,000273
дантовский 2,167317 0,000273
дар 1,322219 0,000167
даровой 2,167317 0,000273
дать 0,171682 0,000130
два 0,198834 0,000025
двенадцать 0,805589 0,000101
дверь 0,258832 0,000098
движение 0,648803 0,000245
двор 0,523865 0,000066
дебри 2,167317 0,000273
дева 1,690196 0,000213
девица 0,648803 0,000163
девочка 0,787106 0,000198
девяносто 1,690196 0,000639
девяностолетний 2,167317 0,000819
действие 1,088136 0,000274
действительно 0,106619 0,000040
действовать 0,936868 0,000118
делать 0,194189 0,000024
дело 0,011981 0,000023
день 0,118099 0,000060
держать 0,403889 0,000051
дескать 0,419129 0,000053
десятка 1,468347 0,000740
десять 0,298086 0,000038
детский 0,752344 0,000569
дивиться 0,787106 0,000198
дитя 0,888564 0,000224
дмитрий 0,396465 0,000200
добро 0,963197 0,000364
добродетель 0,912045 0,000115
добыть 1,125925 0,000284
доводить 1,322219 0,000167
довольно 0,129891 0,000131
догадаться 0,554533 0,000140
доказать 0,565257 0,000142
докончить 0,888564 0,000112
долго 0,222835 0,000056
должный 0,099131 0,000112
доныне 2,167317 0,000273
допетровский 2,167317 0,000273
допустить 0,635838 0,000080
дорога 0,275223 0,000173
дорого 1,021189 0,000257
дорогой 0,451314 0,000171
достигнуть 0,662167 0,000250
достоевский 0,000000 0,000000
достояние 0,000000 0,000000
достроить 2,167317 0,000546
достроиться 2,167317 0,000273
дотянуть 2,167317 0,000273
дофин 2,167317 0,000273
дочь 0,374926 0,000047
драгоценный 0,912045 0,000115
дразнить 0,845098 0,000106
драматический 2,167317 0,000546
древний 0,936868 0,000236
дремать 1,389166 0,000175
друг 0,180546 0,000205
другой 0,008955 0,000006
думать 0,060107 0,000045
дурно 0,888564 0,000112
дух 0,486076 0,000429
душа 0,158717 0,000040
душевный 0,912045 0,000230
дьявол 1,322219 0,000167
единение 1,690196 0,000213
единолично 1,690196 0,000213
единоличный 1,866287 0,000235
единственный 0,648803 0,000327
единство 1,866287 0,000235
единый 0,611015 0,000539
ежедневно 1,021189 0,000129
ересь 2,167317 0,000546
еретик 1,866287 0,001411
если 0,011981 0,000038
есть 0,018098 0,000046
ехать 0,587534 0,000074
жажда 0,866287 0,000109
жаждать 0,769377 0,000388
жалкий 0,936868 0,000472
жаркое 1,866287 0,000235
ждать 0,142011 0,000072
желание 0,514105 0,000130
желать 0,232819 0,000088
железный 0,752344 0,000095
жена 0,486076 0,000061
женщина 0,213075 0,000054
жертва 0,769377 0,000097
жизнеописание 1,690196 0,000213
жизнь 0,084532 0,000075
житие 1,264227 0,000159
жить 0,217927 0,000192
забота 0,824895 0,000520
забывать 0,824895 0,000104
забыть 0,125925 0,000032
завершение 2,167317 0,000546
завести 1,021189 0,000129
завет 1,389166 0,000175
завоеватель 2,167317 0,000273
завоевать 2,167317 0,000273
завтра 0,298086 0,000225
заговаривать 0,991226 0,000125
заговорить 0,334808 0,000042
задавить 1,690196 0,000213
задать 0,866287 0,000109
задача 0,866287 0,000218
задержать 1,088136 0,000137
закат 1,322219 0,000167
заключаться 0,635838 0,000240
закон 0,805589 0,000101
зал 0,936868 0,000118
залить 1,125925 0,000142
залог 1,565257 0,000394
заметить 0,056728 0,000014
замечаньице 2,167317 0,000273
замечать 0,554533 0,000140
заниматься 0,963197 0,000121
запад 1,866287 0,000235
запирать 1,468347 0,000185
запираться 1,264227 0,000159
записать 0,845098 0,000106
запрещать 1,468347 0,000185
заприметить 1,468347 0,000185
заслуга 1,565257 0,000197
заслужить 0,824895 0,000104
засмеяться 0,347773 0,000131
заставить 0,735954 0,000185
затрещать 1,565257 0,000197
захотеть 0,316059 0,000159
зачем 0,146128 0,000055
зашуметь 2,167317 0,000273
защищать 0,912045 0,000115
звезда 1,053374 0,000133
зверь 0,991226 0,000500
здание 1,389166 0,000350
земля 0,298086 0,000789
земной 0,845098 0,001065
зловещий 1,468347 0,000185
злой 0,587534 0,000148
знамя 1,690196 0,001278
знатный 0,936868 0,000118
знать 0,002964 0,000009
знахарский 2,167317 0,000273
значит 0,243038 0,000061
значить 0,866287 0,000109
иван 0,232819 0,000499
игра 0,787106 0,000099
идеал 1,021189 0,000257
идеалист 2,167317 0,000273
идея 0,459747 0,000290
идол 1,468347 0,000185
идти 0,180546 0,000159
иезуит 1,389166 0,001050
избавить 1,389166 0,000175
избегнуть 1,468347 0,000555
избежать 1,565257 0,000197
избранник 2,167317 0,001638
избранный 1,389166 0,000350
известно 0,334808 0,000084
известный 0,347773 0,000044
издали 1,053374 0,000133
издеваться 1,468347 0,000185
излечиться 1,866287 0,000235
изливаться 1,690196 0,000213
изречь 1,053374 0,000133
иисус 1,690196 0,000213
именно 0,066947 0,000067
иметь 0,118099 0,000193
император 1,468347 0,000185
инквизитор 1,565257 0,002564
инквизиция 2,167317 0,000546
иной 0,208276 0,000079
иносказание 2,167317 0,000273
интересно 1,213075 0,000153
интересный 0,845098 0,000106
иронизировать 2,167317 0,000273
искать 0,411442 0,000156
искорка 1,866287 0,000235
искупить 1,468347 0,000185
искусить 2,167317 0,000273
искушать 1,866287 0,000470
искушение 1,468347 0,000555
испания 2,167317 0,000273
исполнить 0,648803 0,000082
использоваться 0,000000 0,000000
исправить 1,690196 0,000426
иссохший 1,468347 0,000185
истинный 0,611015 0,000077
исторический 1,167317 0,000147
история 0,495219 0,000187
источник 1,565257 0,000394
истребить 1,213075 0,000459
истреблять 1,565257 0,000394
исходить 1,690196 0,000426
исцеление 1,389166 0,000175
исцелить 1,565257 0,000197
исчезнуть 0,623249 0,000079
исчерпать 1,690196 0,000213
итак 0,805589 0,000101
каждый 0,137934 0,000035
казаться 0,063514 0,000016
каковой 0,576253 0,000145
какой 0,005949 0,000012
камень 0,787106 0,000397
карамазов 0,180546 0,000091
карамазовски 2,167317 0,000273
карамазовский 1,088136 0,000274
кардинал 1,866287 0,000705
кардинальский 2,167317 0,000273
картина 0,690196 0,000087
катакомба 2,167317 0,000273
католик 2,167317 0,000273
католический 1,468347 0,000185
католичество 1,866287 0,000470
кесарь 2,167317 0,001365
класс 0,888564 0,000224
клейкий 1,866287 0,000470
клерк 2,167317 0,000273
клясться 0,554533 0,000070
книга 0,106619 0,000107
когда 0,015029 0,000038
колдовство 1,690196 0,000213
колено 0,565257 0,000071
колоссально 1,866287 0,000235
комар 0,000000 0,000000
конец 0,213075 0,000215
конечно 0,060107 0,000091
конкурент 1,866287 0,000235
кончаться 1,468347 0,000370
конченый 0,963197 0,000485
кончить 0,328468 0,000166
кончиться 0,495219 0,000062
коренья 2,167317 0,000819
король 1,468347 0,000185
костра 2,167317 0,000546
костёр 1,866287 0,000941
котора 0,805589 0,000101
который 0,002964 0,000017
крайний 0,292256 0,000110
краснеть 0,866287 0,000109
красоваться 1,468347 0,000185
крепко 0,443041 0,000112
крепостной 1,167317 0,000147
крест 0,690196 0,000261
крестный 1,389166 0,000175
кривой 1,167317 0,000147
крик 0,514105 0,000065
критика 1,213075 0,000153
кричать 0,303994 0,000077
кровавый 1,264227 0,000159
кровь 0,389166 0,000049
кроме 0,158717 0,000040
кроткий 0,912045 0,000115
кротко 1,322219 0,000167
кругом 0,419129 0,000211
крыльцо 0,787106 0,000099
кто 0,114239 0,000072
кубок 1,690196 0,000426
куда 0,248239 0,000031
куметь 1,866287 0,000235
купить 0,752344 0,000095
лавр 2,167317 0,000273
лгать 0,599116 0,000075
левый 0,704919 0,000089
легко 0,752344 0,000095
лежать 0,243038 0,000061
леска 1,690196 0,000213
либо 0,000000 0,000000
лизать 2,167317 0,000273
лимон 2,167317 0,000273
листочек 1,468347 0,000370
литература 1,468347 0,000185
литературный 1,264227 0,000319
лицо 0,000000 0,000000
лично 0,720159 0,000091
личный 0,662167 0,000083
лишить 1,213075 0,000153
лишь 0,185046 0,000699
ложь 0,824895 0,000104
луч 1,264227 0,000159
любим 1,167317 0,000147
любимый 0,963197 0,000121
любить 0,066947 0,000059
любовия 1,690196 0,000213
любовница 1,264227 0,000159
любовь 0,334808 0,000422
любой 0,000000 0,000000
любя 1,213075 0,000153
любящий 1,125925 0,000567
людовик 2,167317 0,000273
людская 1,565257 0,000197
людской 1,264227 0,000159
лёгкий 0,599116 0,000075
мадонна 1,690196 0,000213
маленький 0,185046 0,000023
мало 0,208276 0,000052
малосильный 1,866287 0,001176
манить 1,690196 0,000213
мановение 1,690196 0,000639
мария 1,690196 0,000213
масон 1,690196 0,000639
материал 1,322219 0,000167
материальный 1,389166 0,000350
мать 0,217927 0,000055
мгновение 0,316059 0,000119
медленно 0,805589 0,000101
между 0,129891 0,000180
менее 0,635838 0,000160
мера 0,217927 0,000082
мерещиться 0,866287 0,000109
место 0,099131 0,000050
меч 1,468347 0,000185
мечтать 0,752344 0,000095
мешать 0,805589 0,000609
миллион 0,888564 0,000784
милосердие 1,389166 0,000175
милосердный 1,690196 0,000426
милый 0,322219 0,000041
мимо 0,514105 0,000194
минута 0,050046 0,000038
минуть 1,322219 0,000333
мир 0,523865 0,000396
митенькин 1,866287 0,000235
миусов 0,936868 0,000118
михаил 1,021189 0,000129
младенец 0,866287 0,000218
младенчески 1,866287 0,000235
мнение 0,374926 0,000047
многие 0,468347 0,000059
многий 0,514105 0,000065
много 0,080958 0,000071
многочисленный 1,053374 0,000265
могила 1,088136 0,000137
могучий 1,468347 0,001295
могущество 1,866287 0,000235
можно 0,088136 0,000033
мой 0,077412 0,000049
молить 0,769377 0,000291
молния 1,565257 0,000197
молча 0,367977 0,000371
молчание 0,662167 0,000167
молчать 0,248239 0,000094
момент 0,000000 0,000000
моментально 1,866287 0,000235
монастырский 1,053374 0,000133
монастырь 0,533849 0,000269
монах 0,845098 0,000106
монашеский 1,690196 0,000213
морской 1,690196 0,000213
москва 0,468347 0,000059
мочь 0,000000 0,000000
мрак 0,787106 0,000099
мрачно 0,866287 0,000109
мрачный 0,662167 0,000167
мудрец 2,167317 0,000273
мука 0,735954 0,000278
муравейник 2,167317 0,000273
мучающийся 2,167317 0,000273
мучение 0,963197 0,000607
мученик 1,322219 0,000333
мучитель 1,389166 0,000175
мучительный 0,623249 0,000393
мучить 0,419129 0,000106
мучиться 0,623249 0,000079
мысль 0,114239 0,000029
мёртвый 0,805589 0,000101
наблюдать 0,587534 0,000074
навеки 0,648803 0,000163
наверно 0,264227 0,000033
навсегда 0,735954 0,000371
навстречу 1,125925 0,000142
нагой 1,866287 0,000470
награда 1,468347 0,000185
надеяться 0,434924 0,000055
надо 0,036984 0,000023
надобность 1,213075 0,000153
назад 0,000000 0,000000
название 1,088136 0,000274
назвать 0,635838 0,000080
назидательный 1,690196 0,000213
наивно 1,322219 0,000167
найти 0,298086 0,000113
найтись 0,845098 0,000213
наказание 1,088136 0,000137
накануне 0,662167 0,000083
наконец 0,073896 0,000149
накормить 1,322219 0,001000
налагать 1,690196 0,000213
налево 0,824895 0,000104
написать 0,000000 0,000000
направо 0,787106 0,000099
например 0,298086 0,000038
напротив 0,180546 0,000023
нарастать 1,213075 0,000306
народ 0,514105 0,000777
нарочно 0,227798 0,000029
наружность 1,053374 0,000133
наседка 2,167317 0,000273
население 1,690196 0,000213
насмешка 0,599116 0,000226
насоздать 2,167317 0,000273
наставать 2,167317 0,000273
настать 1,213075 0,000153
настоятельно 0,991226 0,000125
настоящий 0,309985 0,000078
наступить 0,845098 0,000106
насчёт 0,354404 0,000045
наука 0,787106 0,000496
научить 0,963197 0,000121
нахмуриться 0,769377 0,000097
начало 0,243038 0,000061
начать 0,066947 0,000008
начаться 0,514105 0,000130
наш 0,118099 0,000253
небесить 1,565257 0,000394
небесный 1,167317 0,001471
неблагородный 1,690196 0,000213
небо 0,635838 0,000240
небольшой 0,675956 0,000085
небытие 1,690196 0,000213
неведомый 1,322219 0,000333
невинный 0,576253 0,000073
невозможно 0,411442 0,000156
невозможный 0,623249 0,000079
невольник 1,690196 0,000426
невыносимый 1,021189 0,000129
негодование 0,403889 0,000102
недоделать 2,167317 0,000273
недоразумение 1,866287 0,000235
недостаток 1,322219 0,000333
недоумение 0,554533 0,000140
недурной 1,468347 0,000185
незаметно 1,866287 0,000235
неизмеримый 1,866287 0,000235
некоторый 0,154480 0,000019
нелепость 0,963197 0,000121
нельзя 0,176091 0,000022
немедленно 0,554533 0,000070
немного 0,426955 0,000054
немыслимый 1,213075 0,000153
ненавидеть 0,514105 0,000065
необычайный 0,662167 0,000083
неожиданный 0,419129 0,000053
неопределённый 1,053374 0,000133
непобедимый 1,389166 0,000175
непокорный 2,167317 0,000546
непонимание 1,690196 0,000213
неправда 0,752344 0,000095
непременно 0,133894 0,000084
неразрешимый 1,322219 0,000500
несколько 0,095435 0,000036
несмотря 0,275223 0,000035
неспокойство 2,167317 0,000273
несчастие 0,690196 0,000174
несчастный 0,374926 0,000331
неужели 0,389166 0,000294
неужто 0,599116 0,000075
неясный 1,088136 0,000137
нибыть 0,030597 0,000046
нива 1,866287 0,000235
ниже 0,912045 0,000345
низость 0,845098 0,000106
никакой 0,213075 0,000107
никогда 0,088136 0,000155
никто 0,095435 0,000024
нимало 0,991226 0,000125
ниспровергнуть 2,167317 0,000273
ничего 0,030597 0,000039
ничтожный 0,805589 0,000101
новый 0,167317 0,000105
нога 0,213075 0,000215
носитель 2,167317 0,000273
носить 0,611015 0,000077
ночь 0,189594 0,000048
ноша 2,167317 0,000546
нравственный 0,690196 0,000087
нуждаться 0,704919 0,000089
ныне 1,021189 0,000129
обет 1,866287 0,000235
обетование 1,565257 0,000197
обещание 1,053374 0,000398
обещать 0,704919 0,000266
обидеться 0,845098 0,000106
облегчить 1,167317 0,000147
обливаться 1,565257 0,000197
обман 1,021189 0,000386
обмануть 0,787106 0,000099
обманывать 0,991226 0,000125
обнажить 1,866287 0,000235
обожать 0,888564 0,000112
обольстительный 1,565257 0,000197
обольстить 1,468347 0,000185
оборачиваться 1,389166 0,000175
обрадоваться 0,611015 0,000077
образ 0,243038 0,000184
обратить 0,769377 0,000194
обратиться 0,316059 0,000040
обращаться 0,451314 0,000057
обременить 1,866287 0,000235
обрызгать 2,167317 0,000273
обряскать 1,866287 0,000235
общественный 0,000000 0,000000
общество 0,468347 0,000059
общий 0,514105 0,000065
общность 2,167317 0,000273
объявить 0,389166 0,000049
объяснение 0,599116 0,000075
обычай 1,053374 0,000133
овладевать 1,690196 0,000213
овладеть 0,912045 0,000345
огненный 1,468347 0,000185
огонь 0,991226 0,000375
огромный 0,599116 0,000075
одежда 1,053374 0,000265
один 0,000000 0,000000
однажды 0,635838 0,000080
однако 0,102859 0,000052
ожидать 0,264227 0,000033
озеро 1,468347 0,000370
озреться 2,167317 0,000273
око 1,690196 0,000213
окончание 1,264227 0,000159
окружать 1,264227 0,000159
омрачиться 1,690196 0,000213
он 0,000000 0,000000
они 0,275223 0,000069
опозорить 1,125925 0,000142
оправдаться 1,322219 0,000167
опубликовать 0,000000 0,000000
опускать 1,565257 0,000197
опять 0,027438 0,000041
оробеть 1,565257 0,000197
осанна 1,866287 0,000235
оскудевать 1,565257 0,000197
осмыслить 1,021189 0,000129
основа 1,389166 0,000350
основание 0,787106 0,000099
основать 1,264227 0,000319
основный 1,468347 0,000555
особенно 0,129891 0,000033
оспорить 1,866287 0,000235
оставаться 0,280827 0,000142
оставить 0,203530 0,000051
остальной 0,367977 0,000185
останавливаться 0,866287 0,000437
остановиться 0,269690 0,000068
остановка 1,690196 0,000213
остаться 0,133894 0,000101
осудить 0,866287 0,000109
отвергнуть 0,991226 0,001873
ответ 0,322219 0,000122
ответить 0,121994 0,000031
ответный 1,468347 0,000185
отвечать 0,258832 0,000065
отворять 1,167317 0,000147
отворяться 1,389166 0,000175
отдать 0,381987 0,000048
отец 0,091770 0,000046
отказаться 0,752344 0,000095
открытый 1,125925 0,000142
откуда 0,514105 0,000130
отмстить 1,468347 0,000185
отнять 0,888564 0,000224
отрекаться 1,264227 0,000159
отречься 1,389166 0,000350
отрицать 1,088136 0,000137
отрываться 1,053374 0,000133
отходить 0,824895 0,000104
отчаяние 0,544068 0,000069
отшельник 1,866287 0,000470
отыместь 2,167317 0,000273
отыскать 0,769377 0,000097
оформление 0,000000 0,000000
оценить 1,021189 0,000129
очень 0,024303 0,000009
очнуться 0,752344 0,000095
очутиться 0,675956 0,000085
ошибка 0,805589 0,000101
падать 0,787106 0,000099
паисий 1,053374 0,000265
папа 0,963197 0,000243
паперть 1,690196 0,000426
париж 0,991226 0,000125
парижский 1,389166 0,000175
пастырь 1,866287 0,000235
пасть 0,866287 0,000327
патер 1,690196 0,000213
пахнуть 1,213075 0,000153
первосвященник 2,167317 0,000819
первый 0,018098 0,000011
перебить 0,486076 0,000061
перевод 1,322219 0,000167
переговорить 0,936868 0,000354
передать 0,381987 0,000193
перейти 0,000000 0,000000
перестать 0,411442 0,000052
переходить 0,991226 0,000250
перст 1,213075 0,000153
песенка 1,866287 0,000235
песня 1,021189 0,000129
песок 1,322219 0,000167
петь 0,936868 0,000118
печальный 1,264227 0,000319
писать 0,419129 0,000053
питаться 1,322219 0,000333
плакать 0,328468 0,000041
пламенный 1,264227 0,000159
пламя 1,468347 0,000185
плач 1,053374 0,000133
плачущий 1,125925 0,000284
племя 1,565257 0,000394
пленить 1,565257 0,000394
пленник 2,167317 0,001638
плечо 0,403889 0,000051
плоть 1,690196 0,000213
плохой 0,533849 0,000067
площадь 0,888564 0,000112
пляска 1,565257 0,000197
победить 0,787106 0,000298
побежать 0,468347 0,000118
побеждать 1,468347 0,000185
побледнеть 0,544068 0,000069
побороть 1,322219 0,000167
повелеть 1,389166 0,000175
повергаться 1,468347 0,000185
поверить 0,347773 0,000088
повернуться 0,495219 0,000125
повесть 1,053374 0,000133
повиноваться 1,468347 0,000185
повсеместно 1,088136 0,000274
повторять 0,396465 0,000200
поглядеть 0,396465 0,000050
погружаться 1,690196 0,000213
подать 0,451314 0,000057
подборка 0,000000 0,000000
подвиг 0,769377 0,000485
подгребать 2,167317 0,000546
поддаться 1,322219 0,000167
поди 1,125925 0,000142
подлый 0,675956 0,000085
подняться 0,443041 0,000056
подобие 1,389166 0,000175
подобный 0,533849 0,000269
подождать 0,587534 0,000074
подойти 0,341243 0,000043
подумать 0,185046 0,000023
подхватить 0,403889 0,000102
подходить 0,587534 0,000074
подчиниться 1,264227 0,000159
подыматься 1,053374 0,000133
поехать 0,576253 0,000073
пожалуй 0,237898 0,000090
позволение 1,053374 0,000265
позволить 0,264227 0,000200
позволять 0,866287 0,000218
познание 1,125925 0,000284
пойти 0,080958 0,000051
пока 0,213075 0,000081
показать 0,292256 0,000074
показаться 0,334808 0,000042
поклониться 0,662167 0,000167
покой 0,936868 0,000236
покориться 1,389166 0,000350
покорно 1,565257 0,000197
покорный 1,389166 0,000175
покоряться 1,866287 0,000235
полный 0,253503 0,000032
положить 0,403889 0,000153
полтора 0,787106 0,000099
получать 0,752344 0,000284
помещик 0,805589 0,000101
помилование 1,866287 0,000470
помимо 1,866287 0,000235
помнить 0,167317 0,000021
помощник 1,565257 0,000197
помыслить 1,565257 0,000592
понадеяться 1,565257 0,000197
понести 1,213075 0,000764
понимать 0,095435 0,000048
понятие 0,735954 0,000093
понять 0,106619 0,000067
поправлять 1,565257 0,000197
пора 0,690196 0,000087
поработить 2,167317 0,000546
порабощение 2,167317 0,000273
поразить 0,243038 0,000061
порочный 1,565257 0,000592
порфир 2,167317 0,000546
порядок 0,704919 0,000089
посетитель 0,991226 0,000250
посетить 0,866287 0,000109
посещать 0,845098 0,000213
послать 0,309985 0,000039
после 0,084532 0,000021
последний 0,066947 0,000051
послужить 0,824895 0,000104
послушание 1,213075 0,000306
послушать 0,662167 0,000083
послушный 1,565257 0,000986
посмертно 0,000000 0,000000
посмеяться 1,125925 0,000142
посмотреть 0,213075 0,000027
поставить 0,451314 0,000227
пострадать 1,167317 0,000147
поступить 0,648803 0,000245
посягнуть 1,565257 0,000197
потерять 0,611015 0,000077
потом 0,084532 0,000011
потому 0,024303 0,000028
потонуть 1,866287 0,000235
потребность 0,805589 0,000406
потребовать 0,805589 0,000203
похоже 0,845098 0,000106
поцеловать 0,587534 0,000074
поцелуй 0,888564 0,000112
почему 0,099131 0,000050
почти 0,024303 0,000018
поэма 1,264227 0,001115
поэмка 1,866287 0,000470
поэт 1,088136 0,000137
поэтический 1,866287 0,000235
появиться 0,662167 0,000167
появление 0,735954 0,000185
появляться 1,021189 0,000129
правда 0,088136 0,000067
правдивость 1,468347 0,000185
праведник 1,125925 0,000284
правитель 2,167317 0,000273
право 0,176091 0,000200
православие 1,468347 0,000185
правый 0,495219 0,000312
пред 0,030597 0,000081
предел 0,991226 0,000125
предисловие 1,468347 0,000370
предлагать 0,824895 0,000104
предлагаться 1,690196 0,000426
предложение 0,769377 0,000194
предложить 0,623249 0,000079
предположить 0,824895 0,000104
предсказать 1,565257 0,000394
представление 1,322219 0,000833
предупреждать 1,125925 0,000142
предупреждение 1,565257 0,000592
прежде 0,077412 0,000059
прежний 0,198834 0,000125
презанимательный 2,167317 0,000273
преклонение 1,866287 0,000705
преклониться 1,565257 0,001578
прекратиться 1,866287 0,000470
прелестный 0,866287 0,000109
прельстить 1,322219 0,000167
премудрость 1,468347 0,000370
премудрый 1,322219 0,000167
пренебречь 1,565257 0,000197
прервать 0,623249 0,000079
пресвятой 1,866287 0,000235
престол 1,690196 0,000213
преступление 0,623249 0,000079
претерпеть 1,690196 0,000213
прибавить 0,162996 0,000082
прибавлять 1,088136 0,000685
приближаться 1,264227 0,000159
привести 0,576253 0,000073
приводить 0,991226 0,000125
придворный 1,866287 0,000235
придумать 0,991226 0,000375
приехать 0,309985 0,000039
прижизненный 0,000000 0,000000
прижиматься 1,565257 0,000197
прийти 0,095435 0,000180
прийтись 0,565257 0,000071
прикосновение 1,565257 0,000197
пример 0,936868 0,000236
примкнуть 1,468347 0,000740
принести 0,389166 0,000147
принять 0,180546 0,000136
приползти 2,167317 0,000546
припоминать 0,648803 0,000082
природа 0,675956 0,000426
прирождённый 1,866287 0,000235
присутствие 0,912045 0,000115
притом 0,769377 0,000097
приучить 1,468347 0,000185
приходить 0,243038 0,000122
проба 1,468347 0,000185
пробный 2,167317 0,000273
провозгласить 0,824895 0,000104
прогвожденный 2,167317 0,000273
проговорить 0,110412 0,000042
программирование 0,000000 0,000000
продолжать 0,125925 0,000032
прозреть 2,167317 0,000273
произведение 0,000000 0,000000
производить 0,936868 0,000118
произнести 0,280827 0,000035
произносить 1,213075 0,000306
происходить 0,523865 0,000066
пройти 0,000000 0,000000
проклятие 1,088136 0,000274
проклятый 0,662167 0,000083
пролететь 1,264227 0,000159
промелькнуть 0,936868 0,000236
промучиться 1,866287 0,000235
проникновенно 1,389166 0,000350
проникновенный 1,322219 0,000167
проповедовать 1,322219 0,000167
пророк 1,389166 0,000350
пророчествовать 1,690196 0,000213
просвещение 1,264227 0,000159
просить 0,150284 0,000057
простирать 1,167317 0,000441
простить 0,286504 0,000036
просто 0,232819 0,000059
простодушно 1,322219 0,000167
простой 0,576253 0,000073
простота 1,167317 0,000147
против 0,389166 0,000098
противоречие 1,167317 0,000147
проходить 0,576253 0,000436
процессия 2,167317 0,000273
прочить 0,648803 0,000082
прощаться 0,963197 0,000121
прямо 0,118099 0,000060
прямой 0,675956 0,000085
птенец 1,565257 0,000197
публикация 0,000000 0,000000
пустить 0,735954 0,000093
пустынь 1,690196 0,000213
пустыня 1,468347 0,001295
пусть 0,253503 0,000064
путаница 1,565257 0,000197
путь 0,675956 0,000170
пытаться 1,690196 0,000213
пятнадцать 0,752344 0,000664
пятница 2,167317 0,000273
пятый 0,787106 0,000198
раб 1,322219 0,000167
работать 0,845098 0,000106
рабский 1,866287 0,000470
рабство 1,468347 0,000185
равно 0,303994 0,000077
рада 0,735954 0,000093
радость 0,411442 0,000156
разбаловать 2,167317 0,000273
разбиться 1,468347 0,000185
разбор 1,690196 0,000213
разве 0,146128 0,000092
разврат 1,264227 0,000159
развязывать 2,167317 0,000273
разговор 0,264227 0,000033
разгорячить 1,322219 0,000167
разгорячиться 1,088136 0,000274
раздаваться 1,088136 0,000137
раздать 1,389166 0,000175
раздвигаться 1,690196 0,000213
разделиться 1,565257 0,000197
раздражительный 0,587534 0,000074
раздробить 1,565257 0,000197
раздробление 2,167317 0,000273
раздумье 1,125925 0,000142
различие 1,468347 0,000185
размер 1,088136 0,000137
разом 0,389166 0,000098
разорвать 0,936868 0,000118
разрешение 0,000000 0,000000
разрешимый 1,866287 0,000470
разрешить 0,824895 0,000104
разрушение 1,866287 0,000705
разрушиться 2,167317 0,000273
разряд 1,389166 0,000175
разыскать 1,088136 0,000137
раскалить 1,866287 0,000235
раскачиваться 1,866287 0,000235
раскрытый 1,866287 0,000235
рассердиться 0,523865 0,000132
расслабленно 2,167317 0,000273
рассмеяться 0,599116 0,000151
расстаться 0,936868 0,000118
расстояние 1,167317 0,000147
рассудить 0,675956 0,000085
рассыпать 1,565257 0,000197
растление 1,690196 0,000213
расхотеть 2,167317 0,000273
расшибиться 1,565257 0,000197
ратуша 2,167317 0,000273
реализм 1,264227 0,000159
ребятишки 2,167317 0,000273
ребёнок 0,232819 0,000352
редакция 1,468347 0,000185
речь 0,486076 0,000061
решать 1,053374 0,000133
решение 0,533849 0,000269
решить 0,232819 0,000029
римский 1,322219 0,001000
робкий 0,824895 0,000104
ровно 0,533849 0,000067
род 0,419129 0,000106
родный 0,565257 0,000071
рождаться 1,389166 0,000175
рождение 0,888564 0,000112
рука 0,030597 0,000050
руководить 1,264227 0,000159
руководство 1,389166 0,000175
руководящий 2,167317 0,000273
русский 0,411442 0,000052
рыдание 1,322219 0,000167
рыцарь 1,053374 0,000133
ряса 1,690196 0,000213
садиться 0,486076 0,000061
сайт 0,000000 0,000000
сам 0,002964 0,000007
самоуничтожение 2,167317 0,000273
самый 0,018098 0,000025
сбыться 1,264227 0,000159
сведение 0,824895 0,000104
сверкать 0,611015 0,000077
сверх 0,752344 0,000095
свет 0,176091 0,000067
светильник 2,167317 0,000819
светиться 1,690196 0,000213
светлый 0,735954 0,000093
свидание 0,514105 0,000065
свирепый 1,389166 0,000175
свобода 1,021189 0,004117
свободно 0,000000 0,000000
свободный 0,936868 0,002715
сводить 1,213075 0,000153
сводчатый 2,167317 0,000273
свой 0,000000 0,000000
связывать 1,690196 0,000213
святой 0,468347 0,000354
священный 1,167317 0,000147
сделать 0,102859 0,000143
сдерживать 1,088136 0,000137
себя 0,000000 0,000000
север 1,468347 0,000185
севильский 2,167317 0,000546
севилья 2,167317 0,000546
сегодня 0,194189 0,000073
седой 0,991226 0,000125
сей 1,264227 0,000159
секрет 0,690196 0,000435
семилетний 1,690196 0,000213
семь 0,623249 0,000079
семьдесят 0,000000 0,000000
сердце 0,095435 0,000132
серьёз 2,167317 0,000273
сесть 0,824895 0,000104
сжечь 1,565257 0,000986
сжигать 1,690196 0,000426
сзади 0,824895 0,000104
сидеть 0,125925 0,000016
сие 0,611015 0,000154
сила 0,185046 0,000490
сильно 0,292256 0,000037
сильный 0,269690 0,000136
скажем 1,389166 0,000700
сказать 0,011981 0,000030
скверный 0,623249 0,000079
скит 1,053374 0,000133
скитский 1,565257 0,000197
склоняться 1,690196 0,000213
сколь 1,389166 0,000175
сколько 0,280827 0,000071
скончание 1,866287 0,000235
скорбный 1,389166 0,000175
скорбь 1,322219 0,000333
скоро 0,298086 0,000038
скорый 0,237898 0,000090
скроить 1,690196 0,000213
скрывать 0,635838 0,000080
скрываться 1,264227 0,000159
слабосильный 1,866287 0,001411
слабый 0,611015 0,000693
слава 0,635838 0,000240
сладкий 1,389166 0,000175
следовать 0,544068 0,000206
слеза 0,275223 0,000104
слезоточивый 2,167317 0,000273
слепец 1,866287 0,000235
слепо 1,690196 0,000213
слепой 1,389166 0,000350
слишком 0,133894 0,000101
слово 0,027438 0,000021
словцо 1,088136 0,000137
служить 0,544068 0,000069
случай 0,146128 0,000018
случайно 0,866287 0,000109
случаться 0,599116 0,000075
случиться 0,292256 0,000074
слушать 0,203530 0,000103
слышать 0,125925 0,000016
смелость 1,213075 0,000153
смеркаться 1,389166 0,000175
смерть 0,374926 0,000283
сметь 0,389166 0,000049
смех 0,443041 0,000056
смеяться 0,171682 0,000043
смиренно 1,167317 0,000147
смиренный 1,053374 0,000398
смотреть 0,077412 0,000078
смрадно 2,167317 0,000273
смысл 0,523865 0,000132
смятение 0,991226 0,000500
снизойти 1,565257 0,000197
снисходить 1,866287 0,000470
сносный 1,866287 0,000235
снятой 1,389166 0,000175
собор 1,389166 0,000525
соборный 1,389166 0,000175
собрание 1,088136 0,000137
собрать 1,213075 0,000153
собраться 0,662167 0,000083
собственный 0,264227 0,000067
событие 0,824895 0,000104
совершаться 1,213075 0,000153
совершенный 0,451314 0,000057
совершенство 1,264227 0,000159
совершить 0,769377 0,000097
совесть 0,544068 0,000685
совет 0,662167 0,000167
совокупить 1,565257 0,000197
совокупиться 1,565257 0,000197
современный 0,936868 0,000118
совсем 0,021189 0,000019
согласие 0,000000 0,000000
согласиться 0,396465 0,000150
согласный 0,565257 0,000071
соединение 2,167317 0,000546
соединиться 1,468347 0,000370
создание 1,167317 0,000147
создать 0,991226 0,000749
созидать 2,167317 0,000273
созиждиться 2,167317 0,000273
сознавать 0,824895 0,000104
сознательно 1,389166 0,000175
сознать 1,088136 0,000137
сознаться 0,769377 0,000097
сойти 0,495219 0,000250
сойтись 0,623249 0,000079
сократить 1,322219 0,000167
солгать 0,824895 0,000208
солнце 0,675956 0,000085
сомнение 0,426955 0,000108
сонм 1,866287 0,000705
соответствовать 1,565257 0,000197
сорваться 0,936868 0,000118
сосна 1,565257 0,000197
состоять 0,514105 0,000130
сострадание 0,787106 0,000298
сострадать 1,690196 0,000213
сотня 0,991226 0,000250
сотрясать 1,866287 0,000235
сохранить 0,690196 0,000087
сохраниться 1,167317 0,000147
сочинение 1,468347 0,000370
сочинитель 1,468347 0,000370
сочинить 0,963197 0,000243
сошествие 2,167317 0,000273
союз 1,322219 0,000167
спасать 1,088136 0,000137
спасибо 0,866287 0,000109
спасти 0,468347 0,000236
списывание 2,167317 0,000273
спокойствие 0,888564 0,000112
способствовать 0,912045 0,000115
спохватиться 0,991226 0,000125
справиться 0,991226 0,000125
спрашивать 0,232819 0,000117
спросить 0,114239 0,000029
сравниться 1,866287 0,000235
сразиться 2,167317 0,000273
среди 0,769377 0,000388
ставить 0,991226 0,000250
стадо 1,389166 0,001225
старец 0,611015 0,000077
старик 0,303994 0,000804
старина 1,389166 0,000175
старый 0,374926 0,000047
стать 0,002964 0,000007
статься 1,322219 0,000167
стих 0,735954 0,000185
стогна 2,167317 0,000546
стоить 0,189594 0,000096
стол 0,286504 0,000036
столетие 1,053374 0,000133
столь 0,434924 0,000548
столько 0,443041 0,000335
сторона 0,110412 0,000014
стоять 0,150284 0,000019
стоящий 1,468347 0,000370
страдалец 1,468347 0,000370
страдание 0,554533 0,000210
страдать 0,623249 0,000157
страж 1,866287 0,000470
стража 1,565257 0,000394
страна 1,389166 0,000175
странно 0,354404 0,000089
странный 0,227798 0,000029
страстно 1,322219 0,000167
страх 0,426955 0,000054
страшиться 1,565257 0,000197
страшно 0,434924 0,000055
страшный 0,286504 0,000541
стрелка 1,565257 0,000197
стремиться 0,888564 0,000336
строго 0,576253 0,000073
студент 1,389166 0,000175
ступать 0,587534 0,000148
судейский 2,167317 0,000273
судилище 2,167317 0,000273
судить 0,523865 0,000330
суметь 0,648803 0,000082
существо 0,477121 0,000421
существовать 0,635838 0,000160
сходить 0,611015 0,000154
сцена 0,554533 0,000140
счастие 0,451314 0,000682
счастливый 0,451314 0,000569
считать 0,275223 0,000069
сын 0,434924 0,000055
сыскать 1,389166 0,000525
тайна 0,675956 0,002044
тайный 1,021189 0,000129
также 0,000000 0,000000
таки 0,066947 0,000025
таковой 0,451314 0,000114
такой 0,002964 0,000010
талиф 1,866287 0,000235
татарщина 1,866287 0,000235
твой 0,258832 0,001337
твёрдо 0,419129 0,000053
твёрдый 0,576253 0,000290
текст 0,000000 0,000000
текущий 1,389166 0,000175
тело 0,720159 0,000091
тема 0,735954 0,000093
теперешний 0,533849 0,000135
теперь 0,015029 0,000030
тесный 1,322219 0,000167
течь 1,167317 0,000147
тимур 2,167317 0,000273
тихий 0,544068 0,000137
тихо 0,354404 0,000357
тогда 0,050046 0,000183
тоже 0,043466 0,000044
токмо 1,565257 0,000197
толпа 0,648803 0,000409
только 0,002964 0,000009
том 1,565257 0,000197
торжественный 1,213075 0,000153
тоска 0,599116 0,000075
тот 0,002964 0,000012
тотчас 0,046743 0,000018
точно 0,121994 0,000015
трагедия 1,053374 0,000133
трактир 0,720159 0,000091
трепетать 0,735954 0,000093
трепетно 2,167317 0,000273
трепещущий 1,468347 0,000185
третий 0,154480 0,000078
три 0,303994 0,000306
тридцать 0,599116 0,000226
троицын 2,167317 0,000273
труд 0,866287 0,000109
туда 0,495219 0,000062
ты 0,133894 0,001316
тысяча 0,217927 0,000357
тысячемиллионный 2,167317 0,000273
тьфу 1,213075 0,000153
тюрьма 1,213075 0,000459
тютчев 2,167317 0,000273
тяжело 0,565257 0,000071
тёмный 0,523865 0,000132
убавить 1,866287 0,000235
убедить 0,888564 0,000224
убедиться 0,623249 0,000314
убеждаться 1,565257 0,000197
убить 0,275223 0,000069
уважать 0,523865 0,000132
увеличить 1,565257 0,000197
уверить 0,599116 0,000075
уверовать 1,264227 0,000319
увидать 0,434924 0,000055
увидеть 0,222835 0,000112
увлечение 1,021189 0,000129
уводить 1,468347 0,000185
угадать 0,599116 0,000075
угаснуть 1,565257 0,000197
угнести 1,468347 0,000185
уголь 1,565257 0,000394
удел 1,866287 0,000235
удивлённый 0,824895 0,000104
удостоивать 1,264227 0,000159
удручённый 1,866287 0,000235
уезжать 0,912045 0,000115
уехать 0,459747 0,000116
ужас 0,468347 0,000059
ужасаться 1,690196 0,000213
ужасно 0,167317 0,000021
ужаснуть 1,690196 0,000213
узнавать 0,704919 0,000178
узнать 0,106619 0,000027
узник 2,167317 0,000273
узреть 1,264227 0,000159
уйти 0,248239 0,000063
указание 1,053374 0,000398
указать 0,554533 0,000140
указывать 0,599116 0,000075
украсть 0,805589 0,000101
улыбаться 0,544068 0,000069
улыбка 0,374926 0,000047
улыбнуться 0,426955 0,000108
ум 0,720159 0,000091
умереть 0,269690 0,000102
умерший 0,000000 0,000000
умиление 0,769377 0,000097
умирать 0,611015 0,000077
умножить 2,167317 0,000273
умный 0,403889 0,000356
умолкнуть 1,264227 0,000159
умолять 0,805589 0,000101
упасть 0,495219 0,000062
упорно 0,866287 0,000109
управлять 1,389166 0,000175
услышать 0,381987 0,000048
усмехнуться 0,374926 0,000047
усмешка 0,752344 0,000190
усмирить 1,866287 0,000235
успеть 0,203530 0,000026
успокоение 1,866287 0,000235
успокоить 0,824895 0,000208
уста 1,322219 0,000500
устать 1,021189 0,000129
устроенный 1,468347 0,000555
устроить 0,690196 0,000261
устроиться 1,088136 0,000137
утвердить 1,690196 0,000213
утратить 1,866287 0,000235
утром 0,411442 0,000052
уходить 0,328468 0,000124
участник 1,389166 0,000175
учитель 0,936868 0,000118
учить 0,752344 0,000190
учёный 0,752344 0,000095
фантазия 0,824895 0,000520
фантастический 0,912045 0,000230
философ 1,053374 0,000133
формула 1,690196 0,000213
фраза 0,805589 0,000101
франц 0,635838 0,000240
франция 1,690196 0,000213
французский 0,805589 0,000101
фёдор 0,434924 0,000110
хан 2,167317 0,000273
хвала 1,866287 0,000235
хватить 0,912045 0,000115
хлеб 0,805589 0,002537
хмурить 1,866287 0,000470
ходить 0,213075 0,000054
хождение 1,322219 0,000167
холодный 0,824895 0,000104
хором 1,690196 0,000213
хороший 0,077412 0,000020
хотеть 0,033778 0,000051
хотеться 0,292256 0,000037
хоть 0,060107 0,000129
хотя 0,050046 0,000095
храм 1,213075 0,000764
хранение 2,167317 0,000546
хранить 1,264227 0,000159
христос 0,675956 0,000085
хула 2,167317 0,000273
царица 1,125925 0,000142
царствие 1,565257 0,000197
царство 1,690196 0,001491
царь 1,690196 0,000639
цвета 1,213075 0,000153
цветок 1,389166 0,000175
целить 1,866287 0,000235
целовать 0,635838 0,000320
целое 0,587534 0,000370
целый 0,217927 0,000055
церковь 0,787106 0,000099
час 0,185046 0,000093
часто 0,292256 0,000037
часть 0,002964 0,000001
часы 0,787106 0,000099
чаша 1,468347 0,000185
чей 0,000000 0,000000
человек 0,011981 0,000094
человеческий 0,565257 0,000855
человечество 0,866287 0,001746
черта 0,264227 0,000033
честь 0,403889 0,000051
чешуя 2,167317 0,000273
чингис 2,167317 0,000273
число 0,704919 0,000355
читаемый 2,167317 0,000273
читать 0,403889 0,000153
чрезвычайный 0,258832 0,000098
что 0,030597 0,000019
чтоб 0,073896 0,000056
чтобы 0,030597 0,000081
чувство 0,158717 0,000020
чудесный 1,213075 0,000306
чудо 0,866287 0,001965
чудом 1,468347 0,000185
чуть 0,176091 0,000044
шевельнуться 1,213075 0,000153
шестнадцатый 2,167317 0,000273
школьник 0,936868 0,000118
это 0,002964 0,000007
этот 0,002964 0,000009
южный 2,167317 0,000273
я 0,024303 0,000043
явисеться 2,167317 0,000273
явить 1,866287 0,000235
явиться 0,298086 0,000150
являться 0,675956 0,000170
ясно 0,354404 0,000089
