автор 0,000000 0,000000
авторский 0,000000 0,000000
алексей 0,000000 0,000000
англия 1,866287 0,000293
апостол 1,468347 0,000231
аристократ 1,690196 0,000265
артист 1,468347 0,000231
артистический 1,866287 0,000293
аферист 2,167317 0,000340
баба 0,936868 0,000441
бакенбарда 1,468347 0,000231
бахмут 2,167317 0,004424
бахмутов 2,167317 0,000340
бахмутовый 2,167317 0,000681
бегать 0,912045 0,000430
бегло 1,468347 0,000231
беготня 2,167317 0,000340
бедность 0,963197 0,000302
бедный 0,328468 0,000155
бежать 0,434924 0,000068
безобразный 1,053374 0,000331
белка 1,866287 0,000293
белый 0,720159 0,000226
бесконечный 0,824895 0,000389
беспокоить 0,735954 0,000116
беспокоиться 0,514105 0,000161
беспокойство 0,514105 0,000161
беспорядок 0,787106 0,000371
бессмысленно 1,322219 0,000415
бесценный 1,565257 0,000246
бесцеремонно 1,866287 0,000293
бесчисленный 1,021189 0,000160
бесчувственный 1,322219 0,000208
бешенство 1,053374 0,000331
библиотека 1,866287 0,000879
битьё 1,468347 0,000461
благоговеть 1,389166 0,000218
благодарить 0,635838 0,000100
благодарность 0,991226 0,000156
благодарный 0,752344 0,000354
благородный 0,374926 0,000118
бледно 1,125925 0,000177
бледный 0,443041 0,000070
блистать 1,125925 0,000177
бог 0,154480 0,000049
боков 1,264227 0,000198
более 0,000000 0,000000
болезненный 0,611015 0,000096
болезнь 0,434924 0,000068
больной 0,258832 0,000203
больший 0,248239 0,000078
большой 0,056728 0,000018
бороться 1,053374 0,000165
боязливый 1,690196 0,000265
бояться 0,158717 0,000125
брат 0,060107 0,000019
бред 1,021189 0,000321
бредить 0,912045 0,000143
бросать 0,787106 0,000247
бросаться 0,866287 0,000136
бросить 0,269690 0,000169
броситься 0,258832 0,000122
будто 0,099131 0,000265
будущее 0,735954 0,000116
будущий 0,824895 0,000130
бумага 0,735954 0,000231
бумажник 1,690196 0,001062
бывать 0,280827 0,000088
бывший 0,389166 0,000122
быстро 0,232819 0,000146
быть 0,000000 0,000000
валяться 1,125925 0,000177
васильевский 1,565257 0,000492
ваш 0,121994 0,000192
вбежать 1,021189 0,000160
ввернуть 0,963197 0,000151
вдруг 0,005949 0,000015
ведь 0,043466 0,000041
век 0,769377 0,000121
велеть 0,576253 0,000181
великое 0,888564 0,000140
великолепный 0,824895 0,000130
величина 1,322219 0,000208
верить 0,180546 0,000028
верный 0,495219 0,000233
верование 1,866287 0,000293
веровать 0,704919 0,000111
вероятно 0,623249 0,000196
вероятный 0,866287 0,000136
весь 0,002964 0,000009
весьма 0,243038 0,000038
весёлый 0,389166 0,000061
вечер 0,322219 0,000202
вечный 0,769377 0,000121
вещь 0,411442 0,000194
взаимно 1,468347 0,000461
взаймы 1,167317 0,000183
взбегать 1,866287 0,000293
взбежать 1,690196 0,000531
взгляд 0,185046 0,000174
вздор 0,565257 0,000089
вздохнуть 0,866287 0,000136
вздрогнуть 0,486076 0,000076
вздувать 2,167317 0,000340
вздумать 0,720159 0,000113
вздуматься 1,322219 0,000415
взойти 1,088136 0,000171
взять 0,077412 0,000012
вид 0,150284 0,000165
видать 0,419129 0,000132
видение 1,125925 0,000354
видеть 0,027438 0,000060
видеться 0,963197 0,000151
видно 0,504560 0,000079
визит 0,845098 0,000398
виноватый 0,328468 0,000155
влияние 0,991226 0,000467
вместо 0,411442 0,000065
вмешать 1,866287 0,000293
внимание 0,504560 0,000079
внимательно 0,845098 0,000133
вовсе 0,150284 0,000212
вода 0,587534 0,000092
возможность 0,587534 0,000092
возмочь 1,565257 0,000492
вознаграждаться 2,167317 0,000340
вознаграждение 0,000000 0,000000
вознести 1,468347 0,000231
воистину 0,912045 0,000143
войти 0,137934 0,000282
волнение 0,361137 0,000057
воплотиться 1,565257 0,000246
вопрос 0,146128 0,000138
воробьевый 2,167317 0,000340
ворота 0,720159 0,000339
восемь 0,735954 0,000231
воскликнуть 0,269690 0,000085
воскреснуть 0,991226 0,000156
воспоминание 0,635838 0,000100
восторг 0,419129 0,000066
вперёд 0,426955 0,000134
впечатление 0,389166 0,000061
вполне 0,316059 0,000050
впрочем 0,118099 0,000093
впускать 1,264227 0,000198
враг 0,735954 0,000347
вражда 1,322219 0,000208
враждебно 1,565257 0,000246
временами 1,264227 0,000198
время 0,018098 0,000034
вроде 0,662167 0,000104
всегда 0,129891 0,000204
всегдашний 0,991226 0,000156
всесильный 2,167317 0,000340
вскочить 0,451314 0,000142
вскрикнуть 0,611015 0,000192
вскричать 0,253503 0,000199
всматриваться 0,963197 0,000151
вспоминать 0,623249 0,000196
вспоможение 1,389166 0,000218
вспухнуть 1,690196 0,000531
вставать 0,576253 0,000181
встать 0,269690 0,000339
встревожить 1,389166 0,000218
встретить 0,459747 0,000144
всякий 0,106619 0,000050
вход 0,752344 0,000118
вы 0,232819 0,000110
выбрить 1,866287 0,000293
вывести 0,611015 0,000096
вывод 1,389166 0,000654
выводить 0,936868 0,000147
выговаривать 0,963197 0,000151
выговорить 0,599116 0,000094
выйти 0,063514 0,000050
выкарабкаться 2,167317 0,000340
выкопать 2,167317 0,000340
вылить 1,866287 0,000293
вынести 0,486076 0,000076
вынуть 0,451314 0,000071
выпасть 1,468347 0,000231
выплата 0,000000 0,000000
выпроводить 2,167317 0,000340
выпрямиться 1,389166 0,000218
выражаться 0,752344 0,000118
выражение 0,514105 0,000242
выразить 0,599116 0,000094
вырасти 1,088136 0,000171
высказать 0,523865 0,000082
выслушать 0,426955 0,000134
выслушивать 1,213075 0,000190
высовываться 2,167317 0,000340
высокий 0,213075 0,000033
высота 1,322219 0,000208
выходить 0,258832 0,000041
выше 0,720159 0,000113
галстук 1,389166 0,000218
генерал 0,504560 0,000475
гимназист 1,389166 0,000436
гимназия 1,125925 0,000177
главный 0,426955 0,000067
глаз 0,056728 0,000053
глухо 1,690196 0,000265
глухой 1,213075 0,000381
глядеть 0,243038 0,000153
говорить 0,011981 0,000023
голова 0,114239 0,000036
голубчик 0,565257 0,000089
гора 0,805589 0,000126
гораздо 0,443041 0,000209
гордость 0,587534 0,000092
гореть 0,735954 0,000116
горький 0,912045 0,000286
горячий 0,523865 0,000165
горячо 0,544068 0,000256
господин 0,208276 0,000229
государь 1,021189 0,000160
готовиться 0,845098 0,000133
грамотный 2,167317 0,000681
гримаса 1,690196 0,000265
гробик 1,468347 0,000231
громадина 2,167317 0,000340
громадный 1,389166 0,000872
груда 2,167317 0,000340
грудь 0,443041 0,000070
грязный 0,824895 0,000130
грясти 2,167317 0,000340
губа 0,411442 0,000194
губернатор 1,389166 0,000218
губерния 0,991226 0,000311
губернский 1,088136 0,000171
давать 0,253503 0,000040
давеча 0,232819 0,000073
давно 0,158717 0,000025
даже 0,005949 0,000036
далее 0,648803 0,000102
далеко 0,599116 0,000094
далёкий 0,411442 0,000194
дама 0,434924 0,000068
даром 0,769377 0,000121
дать 0,171682 0,000027
два 0,198834 0,000031
двадцать 0,303994 0,000239
двенадцать 0,805589 0,000126
дверь 0,258832 0,000732
двор 0,523865 0,000082
девать 1,690196 0,000265
девица 0,648803 0,000102
девочка 0,787106 0,000124
девятый 0,991226 0,000156
действительно 0,106619 0,000067
действительность 0,991226 0,000156
действительный 0,991226 0,000467
делать 0,194189 0,000061
деликатно 1,389166 0,000218
деликатный 1,088136 0,000171
дело 0,011981 0,000040
делывать 2,167317 0,000340
день 0,118099 0,000074
деньга 0,185046 0,000087
деревянный 0,787106 0,000124
дерзкий 1,125925 0,000177
десятый 0,845098 0,000265
десять 0,298086 0,000234
диван 0,648803 0,000204
диковина 2,167317 0,000340
директор 2,167317 0,000340
длинный 0,495219 0,000078
добежать 1,468347 0,000231
добро 0,963197 0,000151
добрый 0,303994 0,000286
довести 0,720159 0,000113
доводить 1,322219 0,000208
довольно 0,129891 0,000082
догадка 1,053374 0,000165
догнать 1,088136 0,000171
догорать 2,167317 0,000340
дозволить 1,389166 0,000218
дойти 0,389166 0,000061
доказывать 1,389166 0,000218
докладывать 1,125925 0,000177
доктор 0,554533 0,000958
документ 1,053374 0,000165
долг 0,735954 0,000116
долго 0,222835 0,000070
должный 0,099131 0,000171
дом 0,154480 0,000170
домашний 0,824895 0,000130
домой 0,459747 0,000072
дорога 0,275223 0,000043
достоевский 0,000000 0,000000
достоинство 0,587534 0,000184
достояние 0,000000 0,000000
доходить 0,769377 0,000121
драка 1,690196 0,000265
дрожать 0,426955 0,000268
друг 0,180546 0,000113
другой 0,008955 0,000018
думать 0,060107 0,000094
душа 0,158717 0,000025
душеспасительный 2,167317 0,000340
дядя 1,167317 0,001100
едва 0,554533 0,000348
единичный 1,565257 0,000737
единственно 0,477121 0,000150
ездить 0,690196 0,000108
если 0,011981 0,000036
естественно 0,888564 0,000140
есть 0,018098 0,000034
жадность 1,322219 0,000415
жаловаться 0,805589 0,000253
жалость 1,021189 0,000160
жар 0,587534 0,000092
ждать 0,142011 0,000022
желать 0,232819 0,000037
железный 0,752344 0,000236
жена 0,486076 0,000687
женин 1,866287 0,000293
женский 0,623249 0,000098
женщина 0,213075 0,000100
живой 0,675956 0,000212
живописец 1,468347 0,000231
жизнь 0,084532 0,000133
жилет 1,213075 0,000190
жить 0,217927 0,000205
жёлтый 0,991226 0,000156
забавный 1,389166 0,000218
забегать 1,125925 0,000177
забота 0,824895 0,000130
забросить 1,389166 0,000218
забывать 0,824895 0,000130
забываться 1,866287 0,000293
забытый 1,389166 0,000218
забыть 0,125925 0,000079
забыться 1,021189 0,000160
завернуть 1,468347 0,000461
зависеть 0,888564 0,000279
завтра 0,298086 0,000094
заглянуть 0,991226 0,000311
заговорить 0,334808 0,000053
загромоздить 1,866287 0,000293
задний 1,021189 0,000160
задохся 1,322219 0,000208
задрожать 0,866287 0,000272
задыхаться 0,635838 0,000100
зажигать 1,690196 0,000531
заиграть 1,565257 0,000246
заинтересовать 0,824895 0,000130
зайти 0,554533 0,000087
закапывать 2,167317 0,000340
заклад 0,824895 0,000130
заключительный 2,167317 0,000340
заключить 0,347773 0,000055
заколоть 1,866287 0,000293
закон 0,805589 0,000379
закопать 1,690196 0,000265
закоренелый 1,468347 0,000231
закостенеть 2,167317 0,000340
залив 2,167317 0,000340
заметить 0,056728 0,000018
замечать 0,554533 0,000087
замок 0,963197 0,000151
заморозить 1,866287 0,000879
замучить 1,264227 0,000397
занавеска 1,213075 0,000190
занимать 0,787106 0,000371
занюнить 2,167317 0,000340
запереть 0,735954 0,000231
запереться 1,213075 0,000190
запираться 1,264227 0,000198
записать 0,845098 0,000133
записной 1,690196 0,000265
записывать 1,322219 0,000208
запросто 1,125925 0,000177
запрыгать 1,866287 0,000293
заранее 0,576253 0,000181
засесть 1,167317 0,000183
заслуга 1,565257 0,000246
засмеяться 0,347773 0,000055
затворить 1,322219 0,000415
зато 0,468347 0,000074
захватить 0,587534 0,000277
захотеть 0,316059 0,000050
захотеться 0,704919 0,000111
захохотать 0,866287 0,000136
звать 0,419129 0,000132
зверь 0,991226 0,000156
звонок 1,468347 0,000231
здесь 0,095435 0,000030
земля 0,298086 0,000140
злиться 1,167317 0,000183
злобно 0,599116 0,000094
злость 0,936868 0,000441
знакомство 0,720159 0,000113
знание 1,053374 0,000331
знать 0,002964 0,000007
значение 0,936868 0,000147
значит 0,243038 0,000076
золото 1,125925 0,000177
золотой 0,805589 0,000126
зрачок 1,866287 0,000293
иван 0,232819 0,000037
игрок 1,866287 0,000586
идиот 0,426955 0,000268
идти 0,180546 0,000028
известие 0,554533 0,000087
известно 0,334808 0,000053
известный 0,347773 0,000055
извинить 0,611015 0,000096
извозчик 1,125925 0,000177
изложить 0,866287 0,000136
излучина 2,167317 0,000340
измученный 1,021189 0,000160
изнутри 1,690196 0,000265
изображать 1,125925 0,000177
изобразить 1,167317 0,000183
изумление 0,735954 0,000116
изумлённый 1,264227 0,000198
именно 0,066947 0,000011
иметь 0,118099 0,000148
имя 0,752344 0,000236
иногда 0,208276 0,000360
иной 0,208276 0,000033
инструмент 1,565257 0,000246
интересовать 1,213075 0,000190
интрига 1,389166 0,000218
ирония 1,389166 0,000218
искать 0,411442 0,000194
исключать 1,690196 0,000265
исполнение 1,389166 0,000436
использоваться 0,000000 0,000000
испуг 0,554533 0,000609
испугать 0,845098 0,000133
испугаться 0,523865 0,000165
истерика 0,752344 0,000118
исторгнуть 2,167317 0,000340
история 0,495219 0,000233
источник 1,565257 0,000246
истрепать 1,690196 0,000265
истязание 1,264227 0,000198
каждый 0,137934 0,000195
казаться 0,063514 0,000160
казнь 0,963197 0,000151
казённый 1,167317 0,000183
какой 0,005949 0,000025
карман 0,396465 0,000124
картина 0,690196 0,000867
касаться 0,599116 0,000094
кафтан 1,690196 0,000265
кашель 1,389166 0,000872
квартира 0,623249 0,000098
кислый 1,690196 0,000265
кладбище 1,468347 0,000231
класс 0,888564 0,000140
клеёнчатый 1,866287 0,000293
кликнуть 1,088136 0,000171
ключ 1,088136 0,000171
клятва 1,264227 0,000198
книга 0,106619 0,000017
книжка 1,167317 0,000367
князь 0,443041 0,000139
когда 0,015029 0,000076
колбаса 1,565257 0,000246
колено 0,565257 0,000089
коли 0,269690 0,000042
колотить 1,690196 0,000265
коля 0,565257 0,000355
комар 0,000000 0,000000
комический 1,264227 0,000198
комната 0,150284 0,000236
конец 0,213075 0,000033
конечно 0,060107 0,000075
контраст 1,565257 0,000246
конченый 0,963197 0,000302
кончить 0,328468 0,000155
кончиться 0,495219 0,000156
копейка 0,769377 0,000121
короткий 0,936868 0,000147
короче 1,389166 0,000218
котора 0,805589 0,000126
который 0,002964 0,000019
крайний 0,292256 0,000092
красота 0,720159 0,000339
кредиторша 2,167317 0,000340
крест 0,690196 0,001084
крик 0,514105 0,000161
крикнуть 0,292256 0,000092
кричать 0,303994 0,000143
кровать 1,021189 0,001122
кроме 0,158717 0,000125
крошечный 1,213075 0,000381
крючок 1,264227 0,000198
крёстный 2,167317 0,000340
кстати 0,468347 0,000074
кто 0,114239 0,000018
куда 0,248239 0,000039
куметь 1,866287 0,000293
кургузый 2,167317 0,000340
курс 1,167317 0,000183
кусок 1,088136 0,000171
кухня 0,888564 0,000140
кухонный 1,866287 0,000293
куча 1,322219 0,000208
лазарь 2,167317 0,000340
лампадка 1,389166 0,000654
ласкать 1,088136 0,000171
левый 0,704919 0,000111
легко 0,752344 0,000354
леденеть 1,690196 0,000265
лежать 0,243038 0,000114
лекарь 1,565257 0,000246
лестница 0,787106 0,000865
либо 0,000000 0,000000
литератор 1,468347 0,000231
литература 1,468347 0,000231
лихорадка 0,845098 0,000133
лицо 0,000000 0,000000
личность 1,125925 0,000884
личный 0,662167 0,000208
лишний 0,787106 0,000124
лишь 0,185046 0,000029
ловить 0,866287 0,000136
логика 1,264227 0,000198
логический 1,468347 0,000692
ломать 0,963197 0,000151
лопнуть 1,468347 0,000231
лоск 1,565257 0,000246
лохмотья 1,565257 0,000737
лошадь 1,021189 0,000160
любить 0,066947 0,000063
любой 0,000000 0,000000
любопытный 0,648803 0,000204
любопытство 0,361137 0,000057
лёгкий 0,599116 0,000188
лёд 1,389166 0,000218
лёжа 1,690196 0,000265
маленький 0,185046 0,000058
мало 0,208276 0,000065
мальчик 0,411442 0,000129
март 2,167317 0,000681
мартовский 2,167317 0,000340
матвеевич 2,167317 0,000681
матрёна 1,468347 0,000231
мать 0,217927 0,000068
махнуть 0,888564 0,000140
машина 1,213075 0,000190
мгновение 0,316059 0,000099
мебель 1,021189 0,000321
медик 1,468347 0,000922
медленно 0,805589 0,000126
между 0,129891 0,000163
мелкий 0,690196 0,000217
мелькать 1,021189 0,000160
мера 0,217927 0,000068
мерещиться 0,866287 0,000544
мертвенный 1,690196 0,000265
место 0,099131 0,000140
месяц 0,264227 0,000373
мила 1,565257 0,000246
миллион 0,888564 0,000140
милостивый 0,888564 0,000140
милостыня 1,565257 0,000737
мимо 0,514105 0,000161
мимоходом 1,264227 0,000198
минута 0,050046 0,000141
мир 0,523865 0,000082
младенец 0,866287 0,000136
многие 0,468347 0,000074
много 0,080958 0,000089
многое 0,443041 0,000139
множество 0,845098 0,000265
можно 0,088136 0,000083
мой 0,077412 0,000328
молодой 0,222835 0,000070
молча 0,367977 0,000231
молчаливый 0,720159 0,000113
молчание 0,662167 0,000104
молчать 0,248239 0,000117
момент 0,000000 0,000000
морозить 1,866287 0,000293
москва 0,468347 0,000074
мост 1,468347 0,000461
мочь 0,000000 0,000000
мрачный 0,662167 0,000208
мстительный 1,213075 0,000190
мука 0,735954 0,000347
мученик 1,322219 0,000208
мучить 0,419129 0,000263
мучиться 0,623249 0,000098
мы 0,648803 0,000407
мысль 0,114239 0,000269
набитый 1,866287 0,000293
набожно 1,389166 0,000218
наброситься 1,213075 0,000190
навеки 0,648803 0,000102
наверно 0,264227 0,000207
наверх 0,888564 0,000140
навещать 1,690196 0,000265
навсегда 0,735954 0,000116
наглый 0,963197 0,000151
нагнуться 0,824895 0,000130
надежда 0,533849 0,000251
надо 0,036984 0,000012
назад 0,000000 0,000000
название 1,088136 0,000171
называть 0,477121 0,000075
найти 0,298086 0,000094
накануне 0,662167 0,000104
наконец 0,073896 0,000162
налево 0,824895 0,000130
намекать 0,866287 0,000136
намекнуть 1,389166 0,000436
намерение 0,514105 0,000081
напасть 1,322219 0,000415
написать 0,000000 0,000000
наполеон 1,389166 0,000218
наполнить 1,167317 0,000183
напоминать 1,264227 0,000198
напрасно 0,805589 0,000126
например 0,298086 0,000094
напротив 0,180546 0,000028
народ 0,514105 0,000081
нарочно 0,227798 0,000143
наслаждение 0,769377 0,000121
наслать 0,805589 0,000126
наследство 0,824895 0,000130
насмешка 0,599116 0,000188
насмешливо 0,787106 0,000247
наставление 1,468347 0,000231
настоять 1,690196 0,000265
настоящий 0,309985 0,000146
натурально 0,991226 0,000156
наука 0,787106 0,000247
находить 0,576253 0,000181
находиться 0,514105 0,000081
начало 0,243038 0,000076
начальство 0,912045 0,000143
начать 0,066947 0,000053
начаться 0,514105 0,000081
начинать 0,292256 0,000138
наш 0,118099 0,000056
нева 1,565257 0,000246
невозможно 0,411442 0,000065
невозможный 0,623249 0,000098
невольно 0,704919 0,000332
неглиже 2,167317 0,000340
негодование 0,403889 0,000063
неграмотный 2,167317 0,000340
недавно 0,576253 0,000090
неделя 0,374926 0,000235
недоставать 1,088136 0,000342
недостаток 1,322219 0,000208
незапертый 1,866287 0,000293
неизвестный 0,936868 0,000147
некоторый 0,154480 0,000049
нельзя 0,176091 0,000055
нелюбезность 2,167317 0,000340
немецкий 1,264227 0,000198
немой 1,468347 0,000461
ненавидеть 0,514105 0,000081
необходимый 0,599116 0,000188
необыкновенно 0,805589 0,000126
необыкновенный 0,396465 0,000062
неожиданный 0,419129 0,000132
неосвещённый 2,167317 0,000340
непосредственный 1,264227 0,000397
непременно 0,133894 0,000105
неприветливый 1,866287 0,000293
несколько 0,095435 0,000135
несмотря 0,275223 0,000173
несчастный 0,374926 0,000059
неудача 1,322219 0,000208
неужто 0,599116 0,000094
неумолимый 1,468347 0,000231
нехорошо 0,963197 0,000151
нечаянно 0,752344 0,000236
нечего 0,381987 0,000300
нибыть 0,030597 0,000053
ниже 0,912045 0,000143
низенький 1,389166 0,000218
никак 0,396465 0,000062
никакой 0,213075 0,000033
никогда 0,088136 0,000111
николаевский 1,866287 0,000293
никто 0,095435 0,000045
нисколько 0,662167 0,000416
ничего 0,030597 0,000034
ничто 0,576253 0,000090
ничтожный 0,805589 0,000126
новый 0,167317 0,000079
нога 0,213075 0,000033
ночник 2,167317 0,000681
ночь 0,189594 0,000149
нравиться 0,611015 0,000096
нужда 1,213075 0,000190
нуждаться 0,704919 0,000111
нужный 0,477121 0,000075
нумер 1,690196 0,000265
нюнить 2,167317 0,000340
оба 0,316059 0,000050
обделаться 1,866287 0,000293
обед 0,690196 0,000108
обедать 0,963197 0,000151
обернуться 0,576253 0,000090
обещание 1,053374 0,000165
обидеть 0,720159 0,000226
обидчивость 1,866287 0,000293
обижать 1,053374 0,000165
обиженный 0,752344 0,000354
облокачиваться 2,167317 0,000340
облокотиться 1,125925 0,000530
обогнать 2,167317 0,000340
обожать 0,888564 0,000140
обрадоваться 0,611015 0,000096
образ 0,243038 0,000305
образно 1,866287 0,000293
обрамить 1,866287 0,000293
обратиться 0,316059 0,000149
обращаться 0,451314 0,000071
обронить 1,565257 0,000246
обрывать 1,690196 0,000265
обстановка 1,088136 0,000683
обстоятельство 0,403889 0,000190
общественный 0,000000 0,000000
объяснение 0,599116 0,000188
объяснить 0,374926 0,000294
объясниться 0,824895 0,000259
объяснять 0,936868 0,000294
объясняться 0,991226 0,000311
обыкновение 0,888564 0,000140
обыкновенно 0,720159 0,000226
обыкновенный 0,565257 0,000089
огарок 1,866287 0,000293
огромный 0,599116 0,000564
одеваться 1,213075 0,000190
оделять 1,866287 0,000293
одетый 0,648803 0,000204
один 0,000000 0,000000
одиннадцать 0,866287 0,000136
однако 0,102859 0,000032
односпальный 2,167317 0,000340
одолевать 1,468347 0,000231
одолеть 1,468347 0,000461
ожидание 0,662167 0,000208
ожидать 0,264227 0,000041
оказаться 0,275223 0,000043
около 0,443041 0,000139
окончательный 0,936868 0,000441
окровавленный 1,264227 0,000198
окружать 1,264227 0,000397
он 0,000000 0,000000
они 0,275223 0,000086
описать 0,912045 0,000143
опорожнить 1,866287 0,000293
определённый 1,322219 0,000208
опубликовать 0,000000 0,000000
опускаться 2,167317 0,000340
опять 0,027438 0,000052
организация 2,167317 0,000340
оскорбить 0,599116 0,000094
оскорбление 1,088136 0,000171
оскорблять 1,322219 0,000208
ослабеть 1,088136 0,000171
осмелиться 0,769377 0,000121
осмотреть 1,053374 0,000165
особенно 0,129891 0,000061
особенный 0,389166 0,000122
оставаться 0,280827 0,000220
оставить 0,203530 0,000096
оставлять 0,533849 0,000168
останавливаться 0,866287 0,000272
остаться 0,133894 0,000063
остер 2,167317 0,000340
осторожно 0,912045 0,000143
остров 1,565257 0,000492
острог 1,322219 0,000208
острый 1,213075 0,000190
отблеск 2,167317 0,000340
отвернуться 0,912045 0,000143
ответить 0,121994 0,000019
отвечать 0,258832 0,000203
отворачиваться 1,565257 0,000246
отворить 0,486076 0,000611
отвориться 0,936868 0,000147
отвратительный 1,053374 0,000165
отвращение 0,769377 0,000121
отдавать 0,787106 0,000124
отдать 0,381987 0,000060
отделить 1,322219 0,000208
отдохнуть 1,213075 0,000190
отдышаться 2,167317 0,000681
отец 0,091770 0,000014
отказ 1,264227 0,000397
отказать 0,735954 0,000231
отказаться 0,752344 0,000236
отклонить 1,389166 0,000218
открытие 1,389166 0,000218
открытый 1,125925 0,000530
открыть 0,635838 0,000100
отмечать 1,690196 0,000265
отношение 0,623249 0,000098
отпереть 0,805589 0,000126
отправиться 0,611015 0,000096
отрасль 2,167317 0,000340
отрывок 1,565257 0,000246
оттенок 0,991226 0,000311
оформление 0,000000 0,000000
охватить 1,389166 0,000218
очевидный 0,554533 0,000087
очень 0,024303 0,000095
очнуться 0,752344 0,000236
ощупью 1,690196 0,000265
ощутить 1,322219 0,000415
ощущать 0,735954 0,000231
ощущение 0,690196 0,000108
павловск 0,888564 0,000140
палец 0,486076 0,000076
пальтишко 1,389166 0,000218
пальто 0,936868 0,000147
партия 1,322219 0,000415
пеленание 2,167317 0,000340
первый 0,018098 0,000031
перебить 0,486076 0,000076
переговариваться 2,167317 0,000340
передаваться 1,866287 0,000293
передать 0,381987 0,000060
перейти 0,000000 0,000000
перемена 0,824895 0,000130
переменять 1,322219 0,000208
переносить 0,936868 0,000147
перепелёнывать 2,167317 0,000340
перескакивать 1,468347 0,000231
перестать 0,411442 0,000194
пересыльный 2,167317 0,000340
перила 2,167317 0,000681
петербург 0,434924 0,000137
писать 0,419129 0,000066
пищать 1,866287 0,000586
плакать 0,328468 0,000052
план 0,888564 0,000140
племянник 1,125925 0,000177
плечо 0,403889 0,000127
плохой 0,533849 0,000084
площадка 1,468347 0,000231
плюнуть 0,936868 0,000147
победить 0,787106 0,000124
побежать 0,468347 0,000074
побеждать 1,468347 0,000231
побледнеть 0,544068 0,000085
повадиться 1,322219 0,000415
поверить 0,347773 0,000055
повернуться 0,495219 0,000156
повеселеть 1,565257 0,000246
повести 1,053374 0,000165
повод 0,635838 0,000100
повторить 0,544068 0,000085
поглотить 1,866287 0,000293
поглядеть 0,396465 0,000062
поговорить 0,805589 0,000253
погордиться 1,866287 0,000293
погорячиться 1,690196 0,000265
подать 0,451314 0,000283
подборка 0,000000 0,000000
подбородок 1,565257 0,000246
подвёртка 2,167317 0,000340
подкопаться 2,167317 0,000340
подле 0,419129 0,000066
поднять 0,396465 0,000124
подняться 0,443041 0,000070
подозревать 0,504560 0,000158
подойти 0,341243 0,000107
подпить 1,565257 0,000246
подражать 1,565257 0,000492
подробно 1,053374 0,000165
подскочить 0,991226 0,000156
подумать 0,185046 0,000087
подушка 0,611015 0,000096
подходить 0,587534 0,000184
подчинить 1,690196 0,000531
подчиняться 1,213075 0,000381
пожаловаться 1,565257 0,000246
пожалуй 0,237898 0,000037
пожать 0,912045 0,000143
позволение 1,053374 0,000165
поздно 0,735954 0,000231
пойти 0,080958 0,000038
пока 0,213075 0,000067
показать 0,292256 0,000138
показаться 0,334808 0,000368
показывать 0,514105 0,000081
покамест 0,866287 0,000408
поклон 0,787106 0,000124
поклясться 1,053374 0,000165
полный 0,253503 0,000239
половина 0,396465 0,000062
положение 0,459747 0,000144
полтора 0,787106 0,000247
получать 0,752344 0,000118
получить 0,309985 0,000195
полуштоф 1,690196 0,000265
польза 0,675956 0,000106
поманить 1,389166 0,000218
помешанный 0,769377 0,000121
поминутно 0,635838 0,000100
помнить 0,167317 0,000263
поневоле 1,167317 0,000183
понимать 0,095435 0,000015
понравиться 0,533849 0,000168
понятие 0,735954 0,000231
понятно 0,936868 0,000147
понять 0,106619 0,000050
попытка 1,167317 0,000183
пора 0,690196 0,000217
поравняться 1,468347 0,000231
поразить 0,243038 0,000038
порожний 1,866287 0,000293
портянка 2,167317 0,000340
поручение 0,936868 0,000147
порядочно 1,213075 0,000381
порядочный 0,866287 0,000136
посетитель 0,991226 0,000311
посетить 0,866287 0,000136
посещать 0,845098 0,000133
послать 0,309985 0,000049
после 0,084532 0,000040
последний 0,066947 0,000137
посмертно 0,000000 0,000000
посмотреть 0,213075 0,000067
посоветовать 1,053374 0,000165
поспешить 0,704919 0,000111
поспешно 0,866287 0,000136
постараться 1,213075 0,000190
постель 0,662167 0,000312
посторонний 0,787106 0,000124
постоянно 0,824895 0,000518
постоянный 1,167317 0,000367
поступать 1,167317 0,000183
поступок 0,623249 0,000098
постучать 1,565257 0,000246
посягать 1,866287 0,000586
потерять 0,611015 0,000288
потом 0,084532 0,000119
потому 0,024303 0,000023
потребность 0,805589 0,000379
потребовать 0,805589 0,000126
похожий 0,611015 0,000096
почему 0,099131 0,000140
почесть 0,769377 0,000121
почти 0,024303 0,000050
почувствовать 0,426955 0,000067
почём 1,264227 0,000397
пощадить 0,991226 0,000156
пощёлкивать 1,866287 0,000293
появление 0,735954 0,000116
правда 0,088136 0,000042
право 0,176091 0,000028
превосходительство 1,053374 0,000165
превосходный 0,936868 0,000147
пред 0,030597 0,000067
предел 0,991226 0,000156
представиться 1,167317 0,000367
представляться 0,611015 0,000096
предыдущий 1,322219 0,000208
прежде 0,077412 0,000061
презирать 0,662167 0,000416
презрительный 0,963197 0,000151
прекоротенький 2,167317 0,000340
прекрасно 0,735954 0,000116
прекратить 1,088136 0,000171
преступление 0,623249 0,000098
преступник 0,845098 0,000663
преувеличивать 1,088136 0,000171
преувеличить 1,167317 0,000183
прибавить 0,162996 0,000077
приветливый 1,389166 0,000218
привидение 1,690196 0,001858
приговор 0,824895 0,000130
приготовить 0,675956 0,000106
приезжать 0,936868 0,000294
приехать 0,309985 0,000097
прижизненный 0,000000 0,000000
признаться 0,443041 0,000070
приискивать 2,167317 0,000340
прийти 0,095435 0,000135
приказание 1,167317 0,000183
прикрыть 1,565257 0,000246
приличный 0,866287 0,000136
принадлежать 0,912045 0,000143
принести 0,389166 0,000061
принимать 0,328468 0,000258
приносить 0,936868 0,000147
принять 0,180546 0,000113
приобщаться 2,167317 0,000340
приобщение 2,167317 0,000340
приобщить 1,565257 0,000246
припадок 0,544068 0,000085
припас 1,565257 0,000246
припомниться 1,213075 0,000190
природа 0,675956 0,000743
присесть 1,213075 0,000190
пристально 0,389166 0,000061
приступать 1,213075 0,000190
приступить 1,125925 0,000177
присутствовать 0,912045 0,000143
присылать 1,167317 0,000183
притворить 1,690196 0,000265
притом 0,769377 0,000121
приходить 0,243038 0,000153
причина 0,396465 0,000062
приятно 0,805589 0,000126
приятный 0,805589 0,000253
пробегать 1,389166 0,000218
пробежать 1,213075 0,000190
пробормотать 0,316059 0,000050
пробыть 0,845098 0,000133
провести 0,888564 0,000279
провинция 1,468347 0,000231
проводить 0,845098 0,000133
проводы 2,167317 0,000340
провожать 0,936868 0,000441
проглядывать 1,264227 0,000198
проговорить 0,110412 0,000087
прогон 2,167317 0,000340
программирование 0,000000 0,000000
продолжать 0,125925 0,000040
продолжаться 0,704919 0,000332
продолжение 0,888564 0,000279
проесть 1,690196 0,000265
прозвать 1,565257 0,000246
произведение 0,000000 0,000000
произвести 0,504560 0,000079
производить 0,936868 0,000147
произойти 0,258832 0,000122
пройти 0,000000 0,000000
проклятый 0,662167 0,000104
пролежать 1,053374 0,000165
промолчать 1,021189 0,000160
промычать 1,690196 0,000265
пропасть 0,769377 0,000242
проповедовать 1,322219 0,000208
просидеть 0,704919 0,000221
просить 0,150284 0,000047
проскользнуть 1,389166 0,000218
проснуться 0,735954 0,000116
простить 0,286504 0,000045
просто 0,232819 0,000110
простой 0,576253 0,000181
простоять 1,053374 0,000165
просьба 0,623249 0,000294
протестовать 1,565257 0,000246
против 0,389166 0,000061
противоположность 1,167317 0,000367
проходить 0,576253 0,000090
прохожий 1,389166 0,000218
прочее 1,088136 0,000171
прочесть 0,443041 0,000209
прочий 0,824895 0,000130
прошлый 0,735954 0,000116
прощаться 0,963197 0,000151
прощение 0,611015 0,000096
прямой 0,675956 0,000106
публикация 0,000000 0,000000
пугаться 1,264227 0,000198
пуститься 0,845098 0,000265
пусть 0,253503 0,000040
пшеничный 1,468347 0,000231
пятый 0,787106 0,000247
пять 0,222835 0,000070
пётр 0,866287 0,000272
работа 0,991226 0,000311
равно 0,303994 0,000048
равный 1,053374 0,000165
раз 0,309985 0,000243
разбирать 1,088136 0,000342
разбитый 1,053374 0,000165
разве 0,146128 0,000023
разветвление 2,167317 0,000340
развязка 1,213075 0,000190
развязность 1,322219 0,000208
развёртывать 1,264227 0,000397
разглядеть 0,662167 0,000208
разгорячиться 1,088136 0,000171
раздавить 1,125925 0,000177
раздать 1,389166 0,000218
раздвигать 2,167317 0,000340
раздосадовать 1,690196 0,000265
раздражать 0,936868 0,000147
раздражаться 1,264227 0,000397
раздражительность 1,264227 0,000198
раздражительный 0,587534 0,000184
раздробить 1,565257 0,000492
разинуть 1,322219 0,000208
различать 1,213075 0,000190
различие 1,468347 0,000231
различный 1,690196 0,000265
разница 1,021189 0,000160
разозлиться 1,389166 0,000218
разойтись 0,888564 0,000140
разом 0,389166 0,000061
разразиться 1,053374 0,000165
разрешение 0,000000 0,000000
разумеется 0,328468 0,000052
рана 1,213075 0,000190
раскаяние 0,769377 0,000242
распространяться 1,167317 0,000183
рассказать 0,280827 0,000088
рассказывать 0,341243 0,000107
расспрашивать 0,824895 0,000259
расстаться 0,936868 0,000294
рассудить 0,675956 0,000106
рассуждение 1,021189 0,000160
рассчитать 1,264227 0,000397
рассчитывать 0,675956 0,000106
растолковать 1,053374 0,000165
расхохотаться 0,963197 0,000151
расчёт 0,611015 0,000096
ребёнок 0,232819 0,000548
редко 0,690196 0,000217
решаться 0,752344 0,000118
решение 0,533849 0,000084
решимость 0,963197 0,000605
решительно 0,341243 0,000214
решить 0,232819 0,000073
решиться 0,341243 0,000161
рогожина 0,648803 0,001834
родить 1,167317 0,000183
родиться 0,936868 0,000147
роды 1,322219 0,000208
рождаться 1,389166 0,000218
роман 0,866287 0,000136
россия 0,514105 0,000081
рука 0,030597 0,000062
румянец 1,264227 0,000198
русски 0,991226 0,000156
русский 0,411442 0,000065
ручка 0,769377 0,000242
ряд 1,213075 0,000190
сайт 0,000000 0,000000
сальный 1,389166 0,000218
сам 0,002964 0,000004
самовар 1,213075 0,000190
самый 0,018098 0,000045
сафьянный 1,866287 0,000293
сбить 0,866287 0,000136
сбросить 1,264227 0,000198
сверкать 0,611015 0,000096
свет 0,176091 0,000028
свечка 0,866287 0,000272
свидетель 0,459747 0,000072
свобода 1,021189 0,000160
свободно 0,000000 0,000000
свой 0,000000 0,000000
свойство 1,264227 0,000198
связанный 1,468347 0,000231
сделать 0,102859 0,000161
себя 0,000000 0,000000
сегодня 0,194189 0,000091
сезон 1,565257 0,000246
сейчас 0,070407 0,000033
секунда 0,565257 0,000089
семейство 0,451314 0,000071
семьдесят 0,000000 0,000000
семья 0,991226 0,000156
семя 1,389166 0,001091
сердиться 0,443041 0,000070
серьёзно 0,419129 0,000263
сжать 0,963197 0,000151
сибирь 0,866287 0,000408
сидеть 0,125925 0,000040
сие 0,611015 0,000096
сила 0,185046 0,000174
сильно 0,292256 0,000046
сильный 0,269690 0,000169
синий 1,125925 0,000177
синяк 1,389166 0,000218
сказать 0,011981 0,000019
сказаться 1,088136 0,000171
скверна 1,468347 0,000231
скверный 0,623249 0,000098
склонить 1,264227 0,000198
сколько 0,280827 0,000176
сконфузиться 0,824895 0,000389
скоро 0,298086 0,000140
скоситься 1,866287 0,000293
скрытый 1,690196 0,000265
следовать 0,544068 0,000342
следующий 0,866287 0,000680
слеза 0,275223 0,000043
слишком 0,133894 0,000084
слово 0,027438 0,000047
служение 1,468347 0,000231
служить 0,544068 0,000085
случай 0,146128 0,000069
случаться 0,599116 0,000094
слушать 0,203530 0,000064
слушаться 1,167317 0,000183
слышать 0,125925 0,000020
слышаться 0,963197 0,000151
смерть 0,374926 0,000177
сметь 0,389166 0,000244
смешно 0,824895 0,000130
смеяться 0,171682 0,000054
смирение 1,088136 0,000342
смиренно 1,167317 0,000183
смиренный 1,053374 0,000331
сморчок 1,690196 0,000265
смотреть 0,077412 0,000109
смочь 1,264227 0,000198
смуглый 1,866287 0,000293
смыкаться 2,167317 0,000340
смятение 0,991226 0,000311
сначала 0,434924 0,000137
снимать 1,167317 0,000367
сношение 1,021189 0,000160
снятой 1,389166 0,000436
снять 0,704919 0,000221
собрание 1,088136 0,000171
собственно 0,565257 0,000089
собственный 0,264227 0,000041
совершенно 0,180546 0,000113
совершенный 0,451314 0,000071
советник 1,264227 0,000595
совсем 0,021189 0,000010
согласие 0,000000 0,000000
согласиться 0,396465 0,000124
создаваться 2,167317 0,000340
создать 0,991226 0,000156
сойтись 0,623249 0,000196
солгать 0,824895 0,000130
солнце 0,675956 0,000106
сомневаться 0,752344 0,000118
сообразить 0,690196 0,000108
сорвать 0,991226 0,000156
сорок 0,845098 0,000133
состояние 0,322219 0,000152
сосчитать 1,389166 0,000218
сохранить 0,690196 0,000217
сочинение 1,468347 0,000231
спасть 0,554533 0,000348
спина 0,752344 0,000118
спокойный 0,576253 0,000090
спорить 0,752344 0,000118
способствовать 0,912045 0,000286
справиться 0,991226 0,000311
справка 1,264227 0,000397
спросить 0,114239 0,000018
спустя 0,533849 0,000084
средство 0,888564 0,000419
ссыльный 1,565257 0,000492
старенький 1,167317 0,000183
старик 0,303994 0,000048
старичок 0,912045 0,000430
старое 0,866287 0,000136
статский 1,468347 0,000692
стать 0,002964 0,000010
стеклянный 1,468347 0,000231
степень 0,367977 0,000058
стеснить 1,866287 0,000293
стоить 0,189594 0,000060
стол 0,286504 0,000315
столик 0,845098 0,000133
сторона 0,110412 0,000035
стоять 0,150284 0,000142
страдание 0,554533 0,000087
страдать 0,623249 0,000196
стража 1,565257 0,000246
странно 0,354404 0,000167
странный 0,227798 0,000358
страсть 0,735954 0,000116
страх 0,426955 0,000201
страшно 0,434924 0,000205
страшный 0,286504 0,000315
строго 0,576253 0,000090
строгостия 1,866287 0,000293
строиться 1,866287 0,000293
стул 0,434924 0,000546
ступать 0,587534 0,000184
ступенька 1,021189 0,000160
стучаться 1,565257 0,000246
стыд 0,533849 0,000084
стыдиться 0,623249 0,000098
судить 0,523865 0,000165
судьба 0,443041 0,000139
сумерки 1,389166 0,000654
суриков 1,866287 0,001465
сухо 0,991226 0,000156
сухой 1,021189 0,000321
суша 2,167317 0,000681
существо 0,477121 0,000449
схватить 0,347773 0,000218
схватиться 1,088136 0,000513
сходиться 0,912045 0,000143
сцена 0,554533 0,000087
считать 0,275223 0,000043
считаться 1,088136 0,000171
сын 0,434924 0,000068
сыскать 1,389166 0,000218
сюда 0,232819 0,000037
сюртук 0,912045 0,000143
также 0,000000 0,000000
таки 0,066947 0,000053
таковой 0,451314 0,000071
такой 0,002964 0,000009
талиф 1,866287 0,000293
тарантул 1,866287 0,000586
таскаться 1,468347 0,000231
текст 0,000000 0,000000
тело 0,720159 0,000226
темно 0,912045 0,000143
темнота 0,866287 0,000272
теперешний 0,533849 0,000084
теперь 0,015029 0,000031
терентьев 1,213075 0,000381
терентьич 2,167317 0,000681
тесный 1,322219 0,000208
тихо 0,354404 0,000167
товарищ 0,704919 0,000775
тогда 0,050046 0,000047
тогдашний 0,635838 0,000100
тоже 0,043466 0,000089
толк 0,805589 0,000126
толпа 0,648803 0,000102
толчок 1,322219 0,000208
только 0,002964 0,000009
том 1,565257 0,000246
тон 0,648803 0,000102
торопиться 0,662167 0,000104
торчать 1,213075 0,000381
тоска 0,599116 0,000188
тот 0,002964 0,000007
тотчас 0,046743 0,000044
точно 0,121994 0,000115
тощий 1,690196 0,000265
тревожить 1,264227 0,000198
трепетать 0,735954 0,000116
третий 0,154480 0,000073
трехнедельный 2,167317 0,000340
три 0,303994 0,000048
трогать 1,468347 0,000231
труп 1,389166 0,001309
тряпка 1,264227 0,000198
тряпьё 1,866287 0,000293
трёхлетний 1,389166 0,000218
туго 1,565257 0,000246
тусклый 1,565257 0,000246
туфля 1,468347 0,000231
тяжёлый 0,662167 0,000104
тёмный 0,523865 0,000329
тёплый 0,991226 0,000156
убедиться 0,623249 0,000098
убеждение 0,554533 0,000697
убить 0,275223 0,000043
убрать 1,167317 0,000183
увеличиваться 1,690196 0,000265
уверенный 0,611015 0,000096
уверять 0,411442 0,000194
увидать 0,434924 0,000205
увидеть 0,222835 0,000105
увлекать 1,565257 0,000246
увлечь 1,167317 0,000183
угадать 0,599116 0,000376
углубляться 1,690196 0,000265
угодный 0,504560 0,000079
угол 0,341243 0,000321
угрюмо 1,322219 0,000415
угрюмый 1,053374 0,000496
удар 0,866287 0,000136
ударить 0,635838 0,000100
удивиться 0,523865 0,000082
удивление 0,292256 0,000138
удовольствие 0,486076 0,000153
удостовериться 1,322219 0,000208
уединённый 1,264227 0,000198
уехать 0,459747 0,000072
ужас 0,468347 0,000147
ужасно 0,167317 0,000210
ужасный 0,322219 0,000101
узел 1,866287 0,000293
узкий 1,213075 0,000381
узнать 0,106619 0,000017
уйти 0,248239 0,000195
указать 0,554533 0,000174
украсть 0,805589 0,000126
уладиться 1,690196 0,000265
ум 0,720159 0,000226
умереть 0,269690 0,000085
умерший 0,000000 0,000000
уметь 0,328468 0,000103
умный 0,403889 0,000063
университет 1,389166 0,000218
унижение 0,912045 0,000143
унизительный 1,125925 0,000177
унизить 0,936868 0,000147
униматься 1,389166 0,000436
уносить 1,866287 0,000293
упасть 0,495219 0,000156
упор 0,963197 0,000151
упрёк 1,125925 0,000177
усаживать 1,389166 0,000218
усесться 0,662167 0,000104
условить 1,690196 0,000265
усмехаться 0,805589 0,000126
усмехнуться 0,374926 0,000118
усмешка 0,752344 0,000118
успеть 0,203530 0,000128
установить 1,468347 0,000231
устоять 1,389166 0,000218
устроить 0,690196 0,000108
устройство 1,389166 0,000436
утешение 1,088136 0,000171
утешитель 2,167317 0,000681
утомить 1,690196 0,000265
утро 0,347773 0,000164
утром 0,411442 0,000194
уход 1,264227 0,000198
уходить 0,328468 0,000103
участие 0,787106 0,000124
ученик 1,264227 0,000198
учитель 0,936868 0,000147
учить 0,752344 0,000118
учтивость 1,565257 0,000246
учтивый 1,468347 0,000231
фамилия 0,824895 0,000130
фанфаронить 1,468347 0,000231
фомич 1,565257 0,000246
фонарь 1,125925 0,000177
форма 0,991226 0,000623
фрак 1,125925 0,000354
франц 0,635838 0,000100
французский 0,805589 0,000126
фунт 1,322219 0,000208
фуражка 1,167317 0,000183
фёдор 0,434924 0,000137
хвататься 1,468347 0,000231
хлеб 0,805589 0,000379
хлопоты 0,991226 0,000156
хмельный 1,021189 0,000160
ход 0,963197 0,000605
ходить 0,213075 0,000167
холод 1,125925 0,000177
холостяк 1,866287 0,000293
холст 1,690196 0,000265
хорошенько 1,264227 0,000198
хороший 0,077412 0,000061
хорошо 0,189594 0,000089
хотеть 0,033778 0,000042
хоть 0,060107 0,000075
хотя 0,050046 0,000047
христианский 1,125925 0,000354
христос 0,675956 0,000318
целый 0,217927 0,000103
цепь 1,322219 0,000208
церемония 0,991226 0,000156
церковь 0,787106 0,000124
цифра 1,565257 0,000492
цыпочки 1,389166 0,000218
чаемый 1,690196 0,000265
чайник 2,167317 0,000340
час 0,185046 0,000232
часто 0,292256 0,000046
частый 0,805589 0,000126
часть 0,002964 0,000002
чахотка 1,167317 0,000367
чей 0,000000 0,000000
человек 0,011981 0,000036
человечество 0,866287 0,000136
чемодан 1,468347 0,000231
честь 0,403889 0,000063
четыре 0,361137 0,000057
число 0,704919 0,000443
читаемый 2,167317 0,000340
читать 0,403889 0,000254
чрез 0,275223 0,000086
чрезвычайно 0,217927 0,000034
чрезвычайный 0,258832 0,000122
что 0,030597 0,000014
чтоб 0,073896 0,000035
чтобы 0,030597 0,000053
чувствовать 0,264227 0,000124
чудо 0,866287 0,000136
чуть 0,176091 0,000111
чёрный 0,504560 0,000158
шаг 0,367977 0,000116
шампанское 0,936868 0,000147
шахматный 2,167317 0,000340
шестилавочный 2,167317 0,000340
шесть 0,514105 0,000323
широкий 0,888564 0,000140
школа 1,053374 0,000165
шлафрок 1,866287 0,000293
шляпа 0,769377 0,000242
шмыгнуть 2,167317 0,000340
штука 0,912045 0,000143
шуметь 1,389166 0,000218
шёпотом 0,675956 0,000106
щадить 1,053374 0,000165
щека 0,623249 0,000098
этаж 1,167317 0,000183
это 0,002964 0,000009
этот 0,002964 0,000007
я 0,024303 0,000294
явиться 0,298086 0,000047
являться 0,675956 0,000106
ясно 0,354404 0,000111
ясный 0,623249 0,000098
