автор 0,000000 0,000000
авторский 0,000000 0,000000
алексей 0,000000 0,000000
алеш 0,328468 0,003285
багровый 1,468347 0,000816
барышня 0,912045 0,001013
батюшка 0,635838 0,000353
башка 1,866287 0,001037
белый 0,720159 0,000400
бессилие 1,021189 0,000567
библиотека 1,866287 0,003110
бить 0,769377 0,000427
благодарить 0,635838 0,000353
бледный 0,443041 0,000246
богатый 0,587534 0,000326
бодриться 2,167317 0,001204
более 0,000000 0,000000
больница 1,264227 0,000702
большой 0,056728 0,000126
бояться 0,158717 0,000265
брат 0,060107 0,000267
бросить 0,269690 0,000150
будто 0,099131 0,000055
булка 1,866287 0,001037
бывать 0,280827 0,000156
быть 0,000000 0,000000
ванька 1,565257 0,000870
ваш 0,121994 0,000068
вглядываться 0,936868 0,000520
вдруг 0,005949 0,000010
ведь 0,043466 0,000169
велеть 0,576253 0,000640
верно 0,523865 0,000291
весь 0,002964 0,000008
ветер 1,053374 0,000585
вздор 0,565257 0,000314
взять 0,077412 0,000172
визит 0,845098 0,000469
вкус 1,021189 0,000567
влезть 1,322219 0,000735
внимание 0,504560 0,000280
вознаграждение 0,000000 0,000000
войти 0,137934 0,000230
волнение 0,361137 0,000201
волос 0,690196 0,000383
воля 0,576253 0,000320
вопрос 0,146128 0,000162
восемь 0,735954 0,000409
впрочем 0,118099 0,000066
врать 0,845098 0,000469
время 0,018098 0,000040
вслед 0,523865 0,000291
вспомнить 0,434924 0,000242
встать 0,269690 0,000449
второй 0,217927 0,000242
входить 0,477121 0,000530
вчера 0,341243 0,001137
вчерашний 0,599116 0,000666
выезжать 1,468347 0,000816
выйти 0,063514 0,000071
выпить 0,704919 0,000783
выплата 0,000000 0,000000
глупость 0,576253 0,000640
глядеть 0,243038 0,000135
говорить 0,011981 0,000047
голова 0,114239 0,000127
григорий 0,648803 0,000360
грушенька 0,544068 0,000605
грушко 2,167317 0,007224
грязь 1,088136 0,000605
давать 0,253503 0,000141
давить 1,021189 0,000567
давно 0,158717 0,000088
даже 0,005949 0,000010
далёкий 0,411442 0,000229
дать 0,171682 0,000191
двадцать 0,303994 0,000338
дверь 0,258832 0,000144
делать 0,194189 0,000324
дело 0,011981 0,000007
денежка 1,322219 0,001469
деньга 0,185046 0,000308
держать 0,403889 0,000224
добренький 2,167317 0,001204
добрый 0,303994 0,000338
довольно 0,129891 0,000072
долгий 0,720159 0,000800
дом 0,154480 0,000172
достоевский 0,000000 0,000000
достояние 0,000000 0,000000
драть 1,088136 0,000605
другой 0,008955 0,000015
дрянь 1,125925 0,000626
думать 0,060107 0,000067
душа 0,158717 0,000088
если 0,011981 0,000060
есть 0,018098 0,000010
ехать 0,587534 0,000326
жаловаться 0,805589 0,000448
жениться 0,554533 0,001540
жить 0,217927 0,000363
жёлтый 0,991226 0,000551
забыть 0,125925 0,000070
завещание 1,088136 0,000605
завтра 0,298086 0,000331
закон 0,805589 0,000448
замахать 1,125925 0,000626
заметить 0,056728 0,000063
занимать 0,787106 0,000437
запереть 0,735954 0,000818
зарезать 0,963197 0,000535
засадить 1,866287 0,004147
засаленный 1,565257 0,000870
заснуть 0,769377 0,000855
затем 0,237898 0,000132
захотеть 0,316059 0,000527
зачем 0,146128 0,000244
здесь 0,095435 0,000106
здоровье 0,704919 0,000392
зеркало 1,125925 0,000626
злобно 0,599116 0,000333
злобный 0,635838 0,000353
злой 0,587534 0,000653
знать 0,002964 0,000008
иван 0,232819 0,002199
иванович 0,269690 0,000150
игнатиевич 1,021189 0,001135
идти 0,180546 0,000100
избить 0,845098 0,000469
известно 0,334808 0,000930
изволить 0,477121 0,000265
иметь 0,118099 0,000066
исковеркать 1,690196 0,000939
использоваться 0,000000 0,000000
источник 1,565257 0,000870
каблук 1,468347 0,000816
кабы 1,125925 0,001251
каждый 0,137934 0,000077
казаться 0,063514 0,000071
какой 0,005949 0,000013
калитка 1,125925 0,000626
каналья 1,468347 0,000816
карамазов 0,180546 0,000401
карман 0,396465 0,000881
катерина 0,587534 0,000326
ключ 1,088136 0,001814
книга 0,106619 0,000178
когда 0,015029 0,000025
коли 0,269690 0,000449
коломянка 2,167317 0,001204
комар 0,000000 0,000000
комната 0,150284 0,000083
конец 0,213075 0,000118
конечно 0,060107 0,000033
конфиденциальный 2,167317 0,001204
коньяк 1,264227 0,001405
коньячок 1,167317 0,000649
копейка 0,769377 0,000427
который 0,002964 0,000003
кофе 1,468347 0,001631
кофеёк 1,690196 0,000939
красивый 0,936868 0,000520
красный 0,611015 0,001018
крикнуть 0,292256 0,000325
кроме 0,158717 0,000088
крякнуть 1,565257 0,000870
кутила 1,389166 0,000772
кушать 1,167317 0,000649
лежать 0,243038 0,000135
летний 1,167317 0,000649
лечь 0,866287 0,000481
либо 0,000000 0,000000
линия 1,264227 0,000702
литература 1,468347 0,000816
лицо 0,000000 0,000000
ломаться 1,565257 0,000870
любить 0,066947 0,000298
любой 0,000000 0,000000
марфа 0,912045 0,001013
мать 0,217927 0,000121
менее 0,635838 0,000353
мерзавец 1,389166 0,000772
место 0,099131 0,000055
милый 0,322219 0,000358
минутка 0,635838 0,000353
митька 1,322219 0,005877
много 0,080958 0,000045
модный 1,468347 0,000816
можно 0,088136 0,000049
мой 0,077412 0,000086
молодость 1,021189 0,000567
молча 0,367977 0,000204
молчать 0,248239 0,000276
момент 0,000000 0,000000
мочь 0,000000 0,000000
мужчина 0,912045 0,001013
навестить 1,213075 0,000674
нагнуться 0,824895 0,000458
надеяться 0,434924 0,000242
надо 0,036984 0,000082
назад 0,000000 0,000000
название 1,088136 0,000605
найти 0,298086 0,000166
накануне 0,662167 0,000368
накинуться 1,125925 0,000626
налить 1,389166 0,000772
намеренный 0,769377 0,000427
написать 0,000000 0,000000
наплевать 1,125925 0,000626
напрасно 0,805589 0,000448
насквозь 1,125925 0,000626
настаивать 0,565257 0,000314
наступить 0,845098 0,000469
насупротив 1,866287 0,001037
насчёт 0,354404 0,000197
наталкивать 1,866287 0,001037
наука 0,787106 0,000437
начать 0,066947 0,000037
наш 0,118099 0,000197
невеста 0,720159 0,001200
неделя 0,374926 0,000208
недружелюбно 2,167317 0,001204
нежный 0,845098 0,000469
незначительный 1,565257 0,000870
немного 0,426955 0,000237
непременно 0,133894 0,000074
неприлично 0,824895 0,000458
неприязненный 1,866287 0,001037
несколько 0,095435 0,000053
неужто 0,599116 0,000333
нечаянно 0,752344 0,000418
нечего 0,381987 0,000424
нибыть 0,030597 0,000068
никакой 0,213075 0,000237
никто 0,095435 0,000106
ничего 0,030597 0,000085
ничегошеньки 1,866287 0,001037
нищий 1,125925 0,000626
ночь 0,189594 0,000211
ночью 0,587534 0,000326
нужный 0,477121 0,000795
обвязать 1,322219 0,000735
обед 0,690196 0,000383
образ 0,243038 0,000135
образование 0,845098 0,000469
образоваться 1,468347 0,000816
обратить 0,769377 0,000427
общественный 0,000000 0,000000
огромный 0,599116 0,000333
одарить 1,565257 0,000870
один 0,000000 0,000000
однако 0,102859 0,000057
озабоченно 1,088136 0,000605
оказаться 0,275223 0,000153
околеть 2,167317 0,001204
он 0,000000 0,000000
опасливый 1,264227 0,000702
опубликовать 0,000000 0,000000
опять 0,027438 0,000061
особенно 0,129891 0,000072
особенный 0,389166 0,000432
оставить 0,203530 0,000452
отбивать 1,322219 0,000735
ответить 0,121994 0,000136
отворить 0,486076 0,000540
отговорить 1,866287 0,001037
отец 0,091770 0,000459
отказаться 0,752344 0,000418
открыто 1,213075 0,000674
откуда 0,514105 0,000286
отрезать 0,599116 0,000333
отселевый 1,389166 0,000772
отсчитать 1,690196 0,000939
оформление 0,000000 0,000000
очень 0,024303 0,000041
пальтишко 1,389166 0,000772
пальто 0,936868 0,000520
первый 0,018098 0,000010
передумать 1,264227 0,000702
перейти 0,000000 0,000000
пить 0,787106 0,000437
платок 0,675956 0,000751
плечо 0,403889 0,000224
побежать 0,468347 0,000260
побеждать 1,468347 0,000816
поганый 1,468347 0,000816
поглядеть 0,396465 0,000220
подборка 0,000000 0,000000
подкапливать 2,167317 0,001204
подлец 0,554533 0,002157
подняться 0,443041 0,000246
подойти 0,341243 0,000379
подрясник 1,468347 0,000816
подтечь 1,866287 0,001037
подтёк 2,167317 0,001204
подуматься 1,213075 0,000674
подуть 2,167317 0,001204
подходить 0,587534 0,000326
пожаловать 0,704919 0,000392
пожалуй 0,237898 0,000132
позволить 0,264227 0,000147
пойти 0,080958 0,000135
пока 0,213075 0,000118
пол 0,704919 0,000392
положить 0,403889 0,000673
полрюмочка 1,866287 0,001037
полусмерть 2,167317 0,001204
получить 0,309985 0,000517
полушёпот 1,389166 0,000772
поминать 1,088136 0,000605
понадобиться 0,936868 0,000520
порядочный 0,866287 0,000481
посетитель 0,991226 0,001101
послать 0,309985 0,000172
последний 0,066947 0,000037
посмертно 0,000000 0,000000
посмотреть 0,213075 0,000237
посоветовать 1,053374 0,000585
постель 0,662167 0,000736
постный 1,468347 0,000816
потихоньку 0,912045 0,001520
потом 0,084532 0,000047
потому 0,024303 0,000068
потревожиться 2,167317 0,001204
потчевать 1,468347 0,000816
поутру 0,845098 0,000469
похаживать 1,690196 0,000939
похваляться 1,690196 0,000939
похоже 0,845098 0,000469
поцеловать 0,587534 0,000326
почему 0,099131 0,000110
появиться 0,662167 0,000368
правда 0,088136 0,000098
предрассудок 1,053374 0,000585
прежде 0,077412 0,000043
прибавить 0,162996 0,000091
приглашать 0,991226 0,000551
придавать 1,213075 0,000674
придавить 1,322219 0,000735
приехать 0,309985 0,000344
прижизненный 0,000000 0,000000
признавать 1,167317 0,000649
прийти 0,095435 0,000265
прилаживать 2,167317 0,001204
прилечь 1,565257 0,000870
прилить 2,167317 0,001204
принять 0,180546 0,000100
припухнуть 2,167317 0,001204
притащиться 2,167317 0,001204
приходить 0,243038 0,000540
пробормотать 0,316059 0,000351
провизия 1,690196 0,000939
проговорить 0,110412 0,000123
программирование 0,000000 0,000000
продолжать 0,125925 0,000140
прожить 0,690196 0,000767
произведение 0,000000 0,000000
пройти 0,000000 0,000000
просить 0,150284 0,000083
просматривать 2,167317 0,001204
проснуться 0,735954 0,000409
проститься 0,845098 0,000469
простодушие 1,021189 0,000567
прятать 1,264227 0,000702
публикация 0,000000 0,000000
пыль 1,866287 0,002074
пьяный 0,451314 0,000251
пятно 1,213075 0,000674
пять 0,222835 0,000371
пятьдесят 0,675956 0,000376
разбойник 1,125925 0,000626
развлечение 1,565257 0,000870
раздавить 1,125925 0,000626
раздражать 0,936868 0,000520
раздражительный 0,587534 0,000326
раздражить 0,720159 0,000400
разрастись 2,167317 0,001204
разрешение 0,000000 0,000000
рано 0,787106 0,000437
рассвирепеть 1,866287 0,001037
рассердиться 0,523865 0,000291
расслышать 1,167317 0,000649
расхвораться 1,565257 0,000870
расчёт 0,611015 0,000339
резко 0,648803 0,000721
решительно 0,341243 0,000190
решить 0,232819 0,000259
роже 2,167317 0,001204
ругать 1,264227 0,000702
рука 0,030597 0,000034
русский 0,411442 0,000229
рюмка 1,322219 0,000735
рюмочка 1,565257 0,002609
сайт 0,000000 0,000000
сам 0,002964 0,000003
самый 0,018098 0,000020
сварить 1,866287 0,001037
свет 0,176091 0,000098
свидетель 0,459747 0,000255
свободно 0,000000 0,000000
свой 0,000000 0,000000
связаться 1,389166 0,000772
сглупа 2,167317 0,001204
себя 0,000000 0,000000
сегодня 0,194189 0,000863
сегодняшний 0,991226 0,000551
сейчас 0,070407 0,000078
семьдесят 0,000000 0,000000
сентенциозный 1,322219 0,000735
сердиться 0,443041 0,000246
сидеть 0,125925 0,000140
сильно 0,292256 0,000162
сказать 0,011981 0,000067
скверна 1,468347 0,001631
сквернавец 2,167317 0,001204
скорый 0,237898 0,000132
скривить 1,690196 0,000939
скрючить 1,866287 0,001037
слабый 0,611015 0,000679
сладкий 1,389166 0,000772
слово 0,027438 0,000015
слушать 0,203530 0,000226
слышать 0,125925 0,000070
слышь 1,866287 0,002074
смердяков 0,576253 0,000320
смутиться 0,805589 0,000448
снова 0,565257 0,000314
собрание 1,088136 0,000605
собственный 0,264227 0,000147
совсем 0,021189 0,000094
согласие 0,000000 0,000000
согласиться 0,396465 0,000220
сообщить 0,434924 0,000242
сороковой 1,690196 0,000939
состареться 2,167317 0,001204
состоять 0,514105 0,000286
сочинение 1,468347 0,000816
спальня 0,936868 0,000520
спокоить 2,167317 0,001204
спрашивать 0,232819 0,000129
спросить 0,114239 0,000127
старец 0,611015 0,000339
старик 0,303994 0,001520
старый 0,374926 0,000208
стать 0,002964 0,000003
стоить 0,189594 0,000105
стол 0,286504 0,000159
сторожить 1,088136 0,000605
сторона 0,110412 0,000061
ступать 0,587534 0,000653
сухо 0,991226 0,000551
считать 0,275223 0,000153
счёты 1,565257 0,001739
сюда 0,232819 0,000129
тайком 1,468347 0,001631
также 0,000000 0,000000
таки 0,066947 0,000112
такой 0,002964 0,000007
таракан 1,389166 0,002315
таскать 1,690196 0,000939
твой 0,258832 0,001150
текст 0,000000 0,000000
теперешний 0,533849 0,000297
теперь 0,015029 0,000058
тогда 0,050046 0,000028
тогдашний 0,635838 0,000353
тоже 0,043466 0,000121
только 0,002964 0,000018
том 1,565257 0,000870
тот 0,002964 0,000008
тотчас 0,046743 0,000078
точно 0,121994 0,000203
трехкопеечный 2,167317 0,001204
тридцать 0,599116 0,000333
туфля 1,468347 0,001631
тщательно 1,322219 0,000735
ты 0,133894 0,000967
тысяча 0,217927 0,000121
тысячка 1,468347 0,000816
уберечь 1,565257 0,000870
убить 0,275223 0,000153
убраться 1,690196 0,000939
увидеться 1,213075 0,001348
угол 0,341243 0,000379
удивиться 0,523865 0,000291
ужасно 0,167317 0,000093
узнать 0,106619 0,000118
уйти 0,248239 0,000276
улыбнуться 0,426955 0,000474
умереть 0,269690 0,000150
умерший 0,000000 0,000000
услышать 0,381987 0,000424
усмехаться 0,805589 0,000448
успеть 0,203530 0,000113
усталый 1,322219 0,000735
утро 0,347773 0,000193
учёность 1,565257 0,000870
ферапонт 1,565257 0,000870
философия 1,264227 0,000702
флигель 0,936868 0,000520
французский 0,805589 0,000448
фёдор 0,434924 0,000483
фёдорович 0,150284 0,000417
характер 0,374926 0,000208
хвастун 2,167317 0,001204
хлебец 1,866287 0,001037
хлопнуть 1,468347 0,000816
ходить 0,213075 0,000118
холодненький 1,866287 0,001037
холодный 0,824895 0,000458
хороший 0,077412 0,000129
хорошо 0,189594 0,000211
хотеть 0,033778 0,000225
хоть 0,060107 0,000100
худо 1,053374 0,000585
час 0,185046 0,000308
часть 0,002964 0,000003
чей 0,000000 0,000000
человек 0,011981 0,000040
через 0,258832 0,000144
чермашня 1,125925 0,000626
черта 0,264227 0,000147
четверть 0,769377 0,000427
четвёртый 0,286504 0,000318
число 0,704919 0,000392
читаемый 2,167317 0,001204
читать 0,403889 0,000224
что 0,030597 0,000051
чтоб 0,073896 0,000082
чтобы 0,030597 0,000034
чувство 0,158717 0,000088
чёрный 0,504560 0,000280
широкий 0,888564 0,000494
шиш 2,167317 0,001204
шкапик 1,866287 0,004147
шкапику 2,167317 0,001204
школьник 0,936868 0,000520
шпионить 1,389166 0,000772
штука 0,912045 0,000507
щёлкнуть 1,690196 0,001878
это 0,002964 0,000002
этот 0,002964 0,000002
я 0,024303 0,000162
