автор 0,000000 0,000000
авторский 0,000000 0,000000
акт 1,468347 0,000570
алексей 0,000000 0,000000
аршинный 1,565257 0,000608
базар 1,322219 0,000514
барин 0,787106 0,000306
батюшка 0,635838 0,004446
бедный 0,328468 0,000128
беспокойство 0,514105 0,000200
бесполезность 1,866287 0,000725
беспрерывный 0,787106 0,000306
бессильный 1,389166 0,000540
бессмысленно 1,322219 0,000514
бессмыслица 2,167317 0,000842
бессознательно 1,125925 0,000437
бесчестно 1,468347 0,000570
библиотека 1,866287 0,002175
благодетель 0,866287 0,000337
благосостояние 1,866287 0,000725
бог 0,154480 0,000120
более 0,000000 0,000000
болеть 0,845098 0,000657
боль 0,690196 0,000268
большой 0,056728 0,000110
борода 1,021189 0,000793
бородка 1,167317 0,000454
брат 0,060107 0,000093
бросить 0,269690 0,000210
броситься 0,258832 0,000402
будить 1,088136 0,002114
будущий 0,824895 0,000320
бутылка 0,845098 0,000328
бывало 0,554533 0,000215
быть 0,000000 0,000000
важно 0,675956 0,000263
важный 0,341243 0,000265
вдруг 0,005949 0,000028
ведро 1,690196 0,000657
ведь 0,043466 0,000017
вернуться 0,963197 0,000374
верный 0,495219 0,000192
вероятно 0,623249 0,000242
верста 0,888564 0,001036
верхний 1,053374 0,000409
весь 0,002964 0,000008
весьма 0,243038 0,000378
весёлый 0,389166 0,000151
вечер 0,322219 0,000250
взаймы 1,167317 0,000454
взять 0,077412 0,000060
видеть 0,027438 0,000011
видимо 0,328468 0,000255
видимый 0,443041 0,000172
визит 0,845098 0,000328
висок 1,167317 0,000454
вместо 0,411442 0,000160
вначале 0,936868 0,000364
внимательно 0,845098 0,000328
вода 0,587534 0,000457
водка 1,167317 0,000907
возиться 1,213075 0,000471
вознаграждение 0,000000 0,000000
войти 0,137934 0,000161
воловий 1,468347 0,002852
вонзаться 2,167317 0,000842
вопрос 0,146128 0,000057
воротиться 0,303994 0,000236
ворочать 1,866287 0,000725
восемнадцать 1,125925 0,000437
воскликнуть 0,269690 0,000210
восклицать 0,533849 0,000415
воспользоваться 1,125925 0,000437
восторженный 0,963197 0,000374
восхитить 1,565257 0,000608
восхищение 1,167317 0,000454
восьмой 0,888564 0,000690
вперёд 0,426955 0,000332
впрочем 0,118099 0,000046
впрягать 1,866287 0,000725
впрямь 0,769377 0,000299
врать 0,845098 0,000657
вскочить 0,451314 0,000351
вскрикивать 1,213075 0,000471
вскричать 0,253503 0,000098
встречный 1,389166 0,000540
вступить 0,675956 0,000263
второй 0,217927 0,000085
втюриться 2,167317 0,000842
вчера 0,341243 0,000133
вчерашний 0,599116 0,000466
вы 0,232819 0,000090
выбраться 2,167317 0,000842
выглядывать 1,213075 0,000471
выговаривать 0,963197 0,000374
выгодный 1,167317 0,000907
выйти 0,063514 0,000074
вынуть 0,451314 0,000175
выпить 0,704919 0,000274
выплата 0,000000 0,000000
выпучить 1,167317 0,000454
выразиться 0,504560 0,000392
высказывать 1,389166 0,000540
высокомерие 1,565257 0,000608
главное 0,185046 0,000072
гладить 1,322219 0,000514
глаз 0,056728 0,000066
глубокий 0,477121 0,000371
глубоко 0,611015 0,000237
глупо 0,845098 0,000657
глупость 0,576253 0,000224
глядеть 0,243038 0,000189
говорить 0,011981 0,000005
голова 0,114239 0,000444
головной 1,389166 0,000540
голодный 1,053374 0,000409
гордый 0,576253 0,000224
город 0,248239 0,000096
горсткин 2,167317 0,000842
горсткина 1,866287 0,001450
горячо 0,544068 0,000211
господь 0,374926 0,000146
готовый 0,367977 0,000143
грех 0,752344 0,000292
грузно 1,866287 0,001450
грушенек 0,787106 0,000306
грушенька 0,544068 0,000423
грушенький 1,088136 0,000423
давно 0,158717 0,000062
даже 0,005949 0,000014
далёкий 0,411442 0,000160
дать 0,171682 0,000133
двенадцать 0,805589 0,000313
дверь 0,258832 0,000302
двугривенный 1,322219 0,000514
девять 0,888564 0,000690
делать 0,194189 0,000226
дело 0,011981 0,000019
день 0,118099 0,000046
деньга 0,185046 0,000288
деревня 0,963197 0,000748
деться 1,565257 0,000608
длинный 0,495219 0,000192
дмитрий 0,396465 0,000616
добиться 1,053374 0,000818
догадаться 0,554533 0,000862
догадка 1,053374 0,000409
доехать 1,322219 0,001027
дойти 0,389166 0,000151
долгий 0,720159 0,000280
долго 0,222835 0,000087
дом 0,154480 0,000240
домой 0,459747 0,000179
допить 1,565257 0,001824
дополнить 1,866287 0,000725
допрезать 1,690196 0,000657
дорога 0,275223 0,000428
дорожка 1,389166 0,000540
достать 0,587534 0,000457
достоевский 0,000000 0,000000
достояние 0,000000 0,000000
другой 0,008955 0,000017
думать 0,060107 0,000023
дурак 0,611015 0,000237
душа 0,158717 0,000370
душный 1,322219 0,000514
дёргать 1,468347 0,000570
еврей 1,690196 0,000657
если 0,011981 0,000033
есть 0,018098 0,000007
ехать 0,587534 0,000228
ждать 0,142011 0,000055
желать 0,232819 0,000090
железный 0,752344 0,000292
жестоко 1,088136 0,000423
жилет 1,213075 0,000471
заблаговременно 1,565257 0,000608
заботиться 0,936868 0,000364
зависеть 0,888564 0,000345
зависимый 1,866287 0,000725
завтра 0,298086 0,000116
заговорить 0,334808 0,000260
загореться 0,912045 0,000354
задремать 1,866287 0,000725
задыхаться 0,635838 0,000247
зажечь 1,125925 0,000437
заказать 1,088136 0,000845
заключить 0,347773 0,000135
заколебаться 1,565257 0,000608
закон 0,805589 0,000313
закричать 0,434924 0,000169
закрыть 0,576253 0,000224
заметить 0,056728 0,000022
замирать 0,991226 0,000385
замять 1,866287 0,000725
занять 0,991226 0,000385
заплатить 1,167317 0,000454
запоем 1,866287 0,000725
запомниться 1,866287 0,000725
заранее 0,576253 0,000224
засветить 1,866287 0,000725
засим 1,866287 0,000725
заснуть 0,769377 0,000598
заспанный 2,167317 0,000842
застать 0,648803 0,000252
затем 0,237898 0,000277
затревожиться 1,468347 0,000570
затрещать 1,565257 0,000608
зачем 0,146128 0,000057
зашагать 1,322219 0,000514
здесь 0,095435 0,000037
здешний 0,611015 0,000237
злость 0,936868 0,000364
знакомый 0,486076 0,000189
знать 0,002964 0,000008
золотой 0,805589 0,000313
зуб 0,735954 0,000286
идея 0,459747 0,000179
идти 0,180546 0,000070
изба 0,824895 0,004166
избушка 2,167317 0,000842
извозчик 1,125925 0,000437
изволить 0,477121 0,000556
излишек 1,690196 0,000657
изложить 0,866287 0,000337
измученный 1,021189 0,000793
измучиться 2,167317 0,000842
изречь 1,053374 0,000409
ильинский 1,690196 0,001313
именно 0,066947 0,000026
иметь 0,118099 0,000046
имя 0,752344 0,000292
иначе 0,367977 0,000429
ирония 1,389166 0,000540
использоваться 0,000000 0,000000
испугаться 0,523865 0,000204
исступление 0,565257 0,000220
источник 1,565257 0,000608
итак 0,805589 0,000313
какой 0,005949 0,000030
карамазов 0,180546 0,000631
карман 0,396465 0,000308
книга 0,106619 0,000124
кобылка 2,167317 0,001684
когда 0,015029 0,000012
колбаса 1,565257 0,000608
комар 0,000000 0,000000
комната 0,150284 0,000117
конечно 0,060107 0,000023
контры 1,866287 0,000725
кончить 0,328468 0,000128
копейка 0,769377 0,000897
который 0,002964 0,000006
красильщик 2,167317 0,000842
крепко 0,443041 0,000172
крестьянин 1,389166 0,000540
крик 0,514105 0,000200
кругом 0,419129 0,000326
кто 0,114239 0,000044
куда 0,248239 0,000289
кудри 1,866287 0,001450
кудрявый 2,167317 0,000842
кузьма 1,322219 0,000514
купец 0,720159 0,000280
лавка 0,787106 0,002141
лавчонка 2,167317 0,000842
ладный 1,690196 0,000657
ласковый 0,991226 0,000385
лежать 0,243038 0,000283
лес 1,053374 0,000409
лесник 2,167317 0,000842
лесной 1,690196 0,001313
лететь 0,805589 0,000313
лечь 0,866287 0,000337
либо 0,000000 0,000000
литература 1,468347 0,000570
литься 1,690196 0,000657
лицо 0,000000 0,000000
лишь 0,185046 0,000072
ловить 0,866287 0,000673
ломать 0,963197 0,000374
ломоть 1,565257 0,000608
лошадь 1,021189 0,001587
лукаво 1,088136 0,000845
любить 0,066947 0,000026
любой 0,000000 0,000000
любопытный 0,648803 0,000252
любопытство 0,361137 0,000140
лягавома 1,565257 0,001216
лягавый 1,690196 0,003283
лягавыя 1,565257 0,003649
мало 0,208276 0,000081
машинально 1,053374 0,000409
мгновение 0,316059 0,000246
мгновенно 0,888564 0,000345
мелочь 1,053374 0,000818
мелькнуть 0,544068 0,000211
менее 0,635838 0,000247
месть 1,866287 0,000725
мечтание 2,167317 0,000842
мечтать 0,752344 0,000292
мигом 0,504560 0,000392
милость 0,845098 0,000328
минута 0,050046 0,000058
минутка 0,635838 0,000247
митя 0,451314 0,007715
мнение 0,374926 0,000146
многие 0,468347 0,000182
молча 0,367977 0,000572
молчать 0,248239 0,000096
момент 0,000000 0,000000
мочить 1,565257 0,000608
мочь 0,000000 0,000000
мрачно 0,866287 0,000337
мрачный 0,662167 0,000257
мужик 0,675956 0,002889
мужичка 1,565257 0,000608
мысль 0,114239 0,000089
мычать 1,565257 0,000608
наверное 1,468347 0,000570
нагорать 2,167317 0,000842
надежда 0,533849 0,000207
наделать 0,963197 0,000374
надеть 0,888564 0,000345
надо 0,036984 0,000072
назад 0,000000 0,000000
название 1,088136 0,000423
называть 0,477121 0,000556
найти 0,298086 0,000347
найтись 0,845098 0,000328
накануне 0,662167 0,000257
наконец 0,073896 0,000201
налево 0,824895 0,000320
намачивать 2,167317 0,000842
намереваться 1,213075 0,000471
намочить 1,565257 0,000608
написать 0,000000 0,000000
наполовину 1,468347 0,000570
направо 0,787106 0,000306
нарочно 0,227798 0,000265
наскоро 0,888564 0,000345
наследство 0,824895 0,000320
наступить 0,845098 0,000328
насчёт 0,354404 0,000275
натопить 1,690196 0,001970
наугад 1,866287 0,000725
наука 0,787106 0,000306
находиться 0,514105 0,000200
начало 0,243038 0,000094
начать 0,066947 0,000052
небольшой 0,675956 0,000263
невозвратимый 2,167317 0,000842
невозможно 0,411442 0,000160
невозможность 1,088136 0,000423
неделя 0,374926 0,000146
недоумевать 1,053374 0,000409
недоумение 0,554533 0,000215
некогда 0,912045 0,000354
некоторый 0,154480 0,000060
неладный 2,167317 0,000842
нелепо 1,167317 0,000454
немедленно 0,554533 0,000215
ненавистный 0,805589 0,000313
ненависть 0,623249 0,000242
необозримый 1,866287 0,000725
необходимо 0,963197 0,000374
неотложный 1,690196 0,000657
неподвижно 0,936868 0,000364
непреложный 1,389166 0,000540
непременно 0,133894 0,000156
нервно 0,936868 0,000364
неровный 1,866287 0,000725
несколько 0,095435 0,000037
несмотря 0,275223 0,000107
нестерпимый 0,963197 0,001497
нетерпение 0,554533 0,000215
неясно 1,088136 0,000423
нибыть 0,030597 0,000024
никакой 0,213075 0,000166
никто 0,095435 0,000037
ничего 0,030597 0,000059
ничтожный 0,805589 0,000313
новый 0,167317 0,000260
нога 0,213075 0,000166
ночевать 0,936868 0,000364
ночлег 2,167317 0,000842
ночь 0,189594 0,000147
ночью 0,587534 0,000228
обдумать 0,936868 0,000364
обессилеть 1,866287 0,000725
обидно 1,053374 0,000818
обидный 0,991226 0,000385
обижаться 1,264227 0,000491
облечь 1,565257 0,000608
обнажённый 1,213075 0,000471
ободриться 1,213075 0,000471
обозначиться 1,389166 0,000540
обрадовать 1,264227 0,000491
образ 0,243038 0,000189
обратиться 0,316059 0,000123
обстоятельство 0,403889 0,000157
общественный 0,000000 0,000000
объедок 1,866287 0,000725
объяснить 0,374926 0,000146
обязательно 2,167317 0,000842
одежонка 1,866287 0,000725
одетый 0,648803 0,000252
один 0,000000 0,000000
однако 0,102859 0,000120
ожидать 0,264227 0,000103
озарение 1,866287 0,000725
оказаться 0,275223 0,000214
окно 0,381987 0,000297
оконце 2,167317 0,000842
окунуть 2,167317 0,000842
он 0,000000 0,000000
оплыть 2,167317 0,000842
опоздать 0,866287 0,000337
опомниться 0,888564 0,000345
опорожнить 1,866287 0,000725
опубликовать 0,000000 0,000000
опять 0,027438 0,000085
осведомиться 0,805589 0,000313
осердиться 1,167317 0,000454
ослабеть 1,088136 0,000423
осмыслить 1,021189 0,000397
особенно 0,129891 0,000050
оставаться 0,280827 0,000109
оставить 0,203530 0,000237
останавливаться 0,866287 0,000337
остановиться 0,269690 0,000105
остаться 0,133894 0,000104
остервенение 1,389166 0,000540
остолбенение 2,167317 0,000842
осторожный 1,088136 0,000423
острый 1,213075 0,000471
отвечать 0,258832 0,000101
отворить 0,486076 0,000378
отворяться 1,389166 0,000540
отвязаться 1,389166 0,000540
отдавать 0,787106 0,000306
отец 0,091770 0,000107
открывать 0,963197 0,000374
открыть 0,635838 0,000494
откуда 0,514105 0,000200
отлучиться 1,213075 0,000471
отмечать 1,690196 0,000657
относиться 0,824895 0,000320
отношение 0,623249 0,000242
отнюдь 0,824895 0,000320
отозваться 0,936868 0,000364
отправиться 0,611015 0,000950
отступить 1,389166 0,000540
отсутствие 1,167317 0,000454
отсюда 0,805589 0,000313
отчаяние 0,544068 0,001268
отчеканить 1,125925 0,000875
оформление 0,000000 0,000000
очень 0,024303 0,000009
очнуться 0,752344 0,000585
ошибаться 0,824895 0,000320
павел 1,468347 0,000570
павлович 0,286504 0,000557
пакость 1,468347 0,000570
пальто 0,936868 0,000364
первый 0,018098 0,000007
перевести 0,888564 0,000345
переговоры 1,866287 0,000725
перейти 0,000000 0,000000
перестать 0,411442 0,000160
пешечком 1,866287 0,000725
писать 0,419129 0,000163
пить 0,787106 0,000306
план 0,888564 0,001381
планета 1,866287 0,000725
побежать 0,468347 0,000546
побороть 1,322219 0,000514
повод 0,635838 0,000247
поворотить 1,322219 0,000514
повременить 1,468347 0,001141
повторить 0,544068 0,000211
повторять 0,396465 0,000308
погаснуть 1,690196 0,000657
поглаживать 2,167317 0,000842
поглядывать 1,021189 0,000397
погонять 1,866287 0,000725
подборка 0,000000 0,000000
поддаться 1,322219 0,000514
поддёвка 1,565257 0,000608
подкрепиться 1,866287 0,000725
подлец 0,554533 0,000646
поднос 1,565257 0,000608
подойти 0,341243 0,000398
подряд 2,167317 0,000842
подумать 0,185046 0,000144
подушка 0,611015 0,000237
пожалуй 0,237898 0,000092
пожертвовать 0,963197 0,000374
позволить 0,264227 0,000205
поздно 0,735954 0,000286
пойти 0,080958 0,000126
пока 0,213075 0,000166
показать 0,292256 0,000114
показаться 0,334808 0,000130
покачивать 1,866287 0,000725
полдень 1,468347 0,000570
поле 0,912045 0,000354
полный 0,253503 0,000098
половина 0,396465 0,000308
положить 0,403889 0,000157
полтора 0,787106 0,000306
получить 0,309985 0,000120
полчаса 0,752344 0,000292
помещаться 1,125925 0,000875
помилосердовать 1,565257 0,001824
поминутно 0,635838 0,000247
помнить 0,167317 0,000195
понимать 0,095435 0,000111
понять 0,106619 0,000041
попутчик 1,866287 0,000725
порешить 0,991226 0,000770
поровняться 2,167317 0,000842
поручик 1,088136 0,000423
посадить 0,752344 0,000292
посвятить 1,389166 0,000540
посетитель 0,991226 0,000770
поскакать 1,565257 0,000608
послать 0,309985 0,000241
после 0,084532 0,000066
последний 0,066947 0,000026
посмеиваться 1,866287 0,000725
посмертно 0,000000 0,000000
посоветовать 1,053374 0,000818
постичь 1,167317 0,000454
постоять 0,690196 0,000268
посёлок 2,167317 0,002526
потерянно 1,565257 0,000608
потерянный 0,912045 0,000354
потерять 0,611015 0,000237
потом 0,084532 0,000066
потому 0,024303 0,000047
потухший 1,866287 0,000725
похолодеть 1,565257 0,000608
почему 0,099131 0,000193
почесаться 2,167317 0,000842
почти 0,024303 0,000038
почтовый 1,389166 0,001079
почувствовать 0,426955 0,000166
пред 0,030597 0,000024
предложение 0,769377 0,000598
представить 0,286504 0,000111
представиться 1,167317 0,000454
предстать 1,264227 0,000491
предчувствие 0,912045 0,000354
прежний 0,198834 0,000077
презрительно 0,866287 0,000673
презрительный 0,963197 0,000374
прекратить 1,088136 0,000423
прибавить 0,162996 0,000063
приезжий 1,264227 0,000491
приехать 0,309985 0,000241
прижизненный 0,000000 0,000000
прииск 1,322219 0,000514
прийти 0,095435 0,000074
приключение 0,936868 0,000364
приложить 0,963197 0,000374
примерно 0,963197 0,000374
принять 0,180546 0,000070
приняться 0,845098 0,000985
приподымать 2,167317 0,000842
присесть 1,213075 0,000471
прислать 0,403889 0,000314
притащить 1,322219 0,001027
прищурить 1,565257 0,000608
пробегать 1,389166 0,000540
пробудиться 1,389166 0,000540
пробуждаться 1,866287 0,000725
проводить 0,845098 0,000657
провозиться 1,690196 0,001313
проговорить 0,110412 0,000172
программирование 0,000000 0,000000
продать 0,824895 0,000320
продолговатый 1,468347 0,000570
продолжать 0,125925 0,000147
проезжий 1,565257 0,000608
произведение 0,000000 0,000000
произнести 0,280827 0,000109
произойти 0,258832 0,000201
пройти 0,000000 0,000000
проклятый 0,662167 0,000515
пропадать 1,322219 0,000514
проснуться 0,735954 0,000858
пространство 1,389166 0,000540
просьба 0,623249 0,000242
просёлок 1,866287 0,002175
протянуться 1,264227 0,000982
проч 0,662167 0,000515
прощать 0,426955 0,000166
прояснеть 1,866287 0,000725
публикация 0,000000 0,000000
пшеничный 1,468347 0,000570
пьяница 1,322219 0,001027
пьяный 0,451314 0,001403
пять 0,222835 0,000087
пятьдесят 0,675956 0,000263
равнодушно 1,866287 0,000725
радостный 0,752344 0,000292
разбаливаться 1,866287 0,000725
разбудить 1,088136 0,000423
разве 0,146128 0,000057
развести 1,565257 0,000608
развязать 1,565257 0,000608
разговор 0,264227 0,000205
раздосадовать 1,690196 0,000657
раздумывать 1,565257 0,000608
разрешение 0,000000 0,000000
разумеется 0,328468 0,000255
разъяснить 0,662167 0,000772
разъясниться 2,167317 0,000842
разыскать 1,088136 0,000423
раскачивать 2,167317 0,000842
расположиться 1,167317 0,000454
распорядиться 0,805589 0,000313
рассказать 0,280827 0,000109
рассматривать 0,824895 0,000320
растворить 1,690196 0,000657
рвать 1,322219 0,000514
реализм 1,264227 0,000491
ребёнок 0,232819 0,000181
резонно 1,690196 0,000657
решаться 0,752344 0,000292
решение 0,533849 0,000207
решить 0,232819 0,000090
решиться 0,341243 0,000133
робкий 0,824895 0,000320
рома 2,167317 0,000842
роща 1,389166 0,002159
рубаха 1,565257 0,000608
рубль 0,334808 0,000650
ругаться 1,322219 0,000514
рука 0,030597 0,000036
русский 0,411442 0,000160
русый 1,213075 0,000471
рыжеватый 1,468347 0,000570
рюмка 1,322219 0,000514
сад 0,824895 0,000320
садить 2,167317 0,000842
сайт 0,000000 0,000000
сальный 1,389166 0,000540
самовар 1,213075 0,000943
самсон 2,167317 0,003368
самсонов 1,053374 0,001637
сверчок 2,167317 0,000842
светоч 2,167317 0,000842
свеча 1,213075 0,000471
свечка 0,866287 0,001683
свидетель 0,459747 0,000179
свободно 0,000000 0,000000
сводить 1,213075 0,000471
свой 0,000000 0,000000
сделать 0,102859 0,000080
себя 0,000000 0,000000
сегодня 0,194189 0,000604
сейчас 0,070407 0,000027
семьдесят 0,000000 0,000000
сени 0,824895 0,000961
серебряный 1,213075 0,000943
серьёзно 0,419129 0,000163
сжатый 1,690196 0,000657
сидеть 0,125925 0,000196
сидя 0,845098 0,000328
сие 0,611015 0,000475
сильно 0,292256 0,000114
ситцевый 1,565257 0,000608
сиять 0,888564 0,000690
сказать 0,011981 0,000005
сказаться 1,088136 0,000423
скакать 1,213075 0,000471
скамья 1,213075 0,000471
скомкать 1,565257 0,000608
скоро 0,298086 0,000116
скрежетать 1,264227 0,000491
слишком 0,133894 0,000104
случай 0,146128 0,000114
случиться 0,292256 0,000114
слушать 0,203530 0,000158
слышать 0,125925 0,000098
смастерить 1,866287 0,000725
смерть 0,374926 0,000146
смех 0,443041 0,000172
смотреть 0,077412 0,000060
смятенно 2,167317 0,000842
снести 0,845098 0,000328
снимать 1,167317 0,000454
собрание 1,088136 0,000423
событие 0,824895 0,000641
совершение 1,468347 0,000570
совершенно 0,180546 0,000070
совершенный 0,451314 0,000175
совершить 0,769377 0,000299
совершиться 0,662167 0,000257
совет 0,662167 0,000257
совокупить 1,565257 0,000608
совсем 0,021189 0,000049
согласие 0,000000 0,000000
согласиться 0,396465 0,000462
солнце 0,675956 0,000263
соседний 1,088136 0,000845
сосновый 1,690196 0,000657
составить 0,912045 0,000354
состояние 0,322219 0,000250
состоять 0,514105 0,000200
сочинение 1,468347 0,000570
спасти 0,468347 0,000364
спасть 0,554533 0,000215
спать 0,495219 0,001154
сперва 0,735954 0,000286
спервоначалу 2,167317 0,000842
спешить 0,477121 0,000927
спокойно 0,648803 0,000252
спокойствие 0,888564 0,000345
способный 0,587534 0,000228
спрашивать 0,232819 0,000090
спросить 0,114239 0,000044
становиться 0,389166 0,000151
станция 1,264227 0,001965
старик 0,303994 0,000118
старичок 0,912045 0,000354
старый 0,374926 0,000583
стать 0,002964 0,000005
статься 1,322219 0,000514
стерпеть 1,866287 0,000725
стоить 0,189594 0,000074
стол 0,286504 0,000223
столько 0,443041 0,000516
сторож 1,213075 0,004713
сторожить 1,088136 0,000423
стоять 0,150284 0,000234
странность 0,963197 0,000374
страх 0,426955 0,000166
страшно 0,434924 0,000169
страшный 0,286504 0,000557
строить 1,088136 0,000423
стучать 0,866287 0,000337
судьба 0,443041 0,000688
суждено 1,468347 0,000570
сумма 0,662167 0,000257
сутки 0,991226 0,000385
сухой 1,021189 0,001190
сухопарый 1,866287 0,000725
схватить 0,347773 0,000270
съесть 0,936868 0,001092
сюда 0,232819 0,000362
таинственно 1,213075 0,000471
тайна 0,675956 0,000263
также 0,000000 0,000000
таки 0,066947 0,000052
такой 0,002964 0,000007
твой 0,258832 0,000101
твёрдо 0,419129 0,000163
текст 0,000000 0,000000
телега 1,213075 0,000471
тело 0,720159 0,000280
темя 1,264227 0,000491
теперь 0,015029 0,000041
тихо 0,354404 0,000138
тогда 0,050046 0,000078
тоже 0,043466 0,000051
толкать 1,565257 0,000608
только 0,002964 0,000008
том 1,565257 0,000608
тоненький 1,088136 0,000423
торговать 1,213075 0,001885
тоска 0,599116 0,000466
тот 0,002964 0,000006
тотчас 0,046743 0,000109
точно 0,121994 0,000047
трагедия 1,053374 0,000818
требовать 0,565257 0,000220
трепетать 0,735954 0,000286
третий 0,154480 0,000120
три 0,303994 0,000118
труба 1,690196 0,000657
тряпка 1,264227 0,000491
трястись 1,125925 0,000437
туман 1,468347 0,000570
тунеядец 1,565257 0,000608
ты 0,133894 0,000052
тысяча 0,217927 0,000085
тяжёлый 0,662167 0,000257
убитый 0,866287 0,000337
убить 0,275223 0,000107
уведомить 1,125925 0,000437
уверять 0,411442 0,000160
увидать 0,434924 0,000169
угар 2,167317 0,001684
угореть 2,167317 0,000842
угрюмо 1,322219 0,000514
ударить 0,635838 0,000247
удаться 0,805589 0,000313
удивить 0,769377 0,000299
удивиться 0,523865 0,000204
удивление 0,292256 0,000114
удовольствие 0,486076 0,000378
уехать 0,459747 0,000714
ужасно 0,167317 0,000130
узенький 1,389166 0,000540
узнать 0,106619 0,000041
указать 0,554533 0,000431
уклончиво 1,690196 0,000657
умереть 0,269690 0,000314
умерший 0,000000 0,000000
умный 0,403889 0,000157
усиленный 1,213075 0,000471
усилие 0,845098 0,000657
услыхать 1,088136 0,000423
услышать 0,381987 0,000148
устраивать 1,468347 0,000570
утрец 2,167317 0,000842
утро 0,347773 0,000540
факт 0,533849 0,000622
федора 0,912045 0,000354
физиономия 0,963197 0,000374
фонарь 1,125925 0,000437
фёдор 0,434924 0,001014
фёдорович 0,150284 0,000058
хлеб 0,805589 0,000626
хмельный 1,021189 0,000397
ходить 0,213075 0,000083
хозяин 0,805589 0,001252
хороший 0,077412 0,000060
хорошо 0,189594 0,000074
хоть 0,060107 0,000093
хотя 0,050046 0,000078
храпеть 1,690196 0,001970
целый 0,217927 0,000085
цепочка 1,690196 0,000657
час 0,185046 0,000431
часовщик 2,167317 0,000842
часть 0,002964 0,000002
часы 0,787106 0,000612
чашка 1,125925 0,000437
чей 0,000000 0,000000
человек 0,011981 0,000019
человечек 1,088136 0,000845
человеческий 0,565257 0,000220
через 0,258832 0,000302
число 0,704919 0,000274
чистый 0,434924 0,000338
читаемый 2,167317 0,000842
читать 0,403889 0,000157
что 0,030597 0,000048
чтобы 0,030597 0,000036
чуть 0,176091 0,000068
чёрный 0,504560 0,000196
чёртик 2,167317 0,000842
шаг 0,367977 0,000143
шагать 0,963197 0,001123
шататься 1,389166 0,000540
шесть 0,514105 0,000399
штоф 2,167317 0,001684
шутка 0,675956 0,000263
энергически 1,389166 0,000540
этакий 0,533849 0,000207
это 0,002964 0,000007
этот 0,002964 0,000007
я 0,024303 0,000028
язык 0,611015 0,000237
яичница 1,866287 0,000725
ямщик 1,125925 0,000437
ярко 1,125925 0,000437
