автор 0,000000 0,000000
авторский 0,000000 0,000000
аглая 0,662167 0,004861
аделаида 0,720159 0,000853
актриса 1,565257 0,000371
александр 1,213075 0,001436
алексей 0,000000 0,000000
английский 1,125925 0,000267
ародной 2,167317 0,000513
афишевания 2,167317 0,000513
бакенбарда 1,468347 0,000348
барышня 0,912045 0,000648
бедный 0,328468 0,000156
безгласный 1,565257 0,000371
белые 1,213075 0,000287
белый 0,720159 0,000171
бесконечный 0,824895 0,000391
беспокойно 1,565257 0,000371
беспокойство 0,514105 0,000365
беспрерывно 0,623249 0,000148
беспричинный 2,167317 0,000513
бешено 1,866287 0,000442
библиотека 1,866287 0,001326
биться 0,623249 0,000148
благо 1,264227 0,000299
благородно 1,167317 0,000276
благородный 0,374926 0,000266
бледный 0,443041 0,000210
близ 1,125925 0,000800
близкий 0,477121 0,000113
бобыль 1,866287 0,000442
бог 0,154480 0,000183
богато 1,565257 0,000371
боковой 1,053374 0,000249
бокс 1,565257 0,000371
боксёр 1,565257 0,000371
более 0,000000 0,000000
болезненный 0,611015 0,000145
болезнь 0,434924 0,000103
больной 0,258832 0,000123
больший 0,248239 0,000176
большой 0,056728 0,000054
бояться 0,158717 0,000038
бредить 0,912045 0,000216
брезгливый 1,088136 0,000258
броситься 0,258832 0,000245
будни 2,167317 0,001026
будто 0,099131 0,000047
бывать 0,280827 0,000066
бывший 0,389166 0,000184
быстро 0,232819 0,000386
быстрый 0,824895 0,000195
быть 0,000000 0,000000
ваш 0,121994 0,000173
вдруг 0,005949 0,000031
ведь 0,043466 0,000072
вежливый 0,735954 0,000174
великолепный 0,824895 0,000195
верить 0,180546 0,000043
верста 0,888564 0,000210
вестовщица 2,167317 0,000513
весь 0,002964 0,000015
весьма 0,243038 0,000058
весёлый 0,389166 0,000461
вечер 0,322219 0,000153
вещь 0,411442 0,000195
взгляд 0,185046 0,000131
взглянуть 0,468347 0,000555
вздор 0,565257 0,000134
вздрогнуть 0,486076 0,000115
взять 0,077412 0,000055
вид 0,150284 0,000142
видать 0,419129 0,000099
видение 1,125925 0,001333
видеть 0,027438 0,000039
видеться 0,963197 0,000228
видно 0,504560 0,000119
визит 0,845098 0,000200
виноватый 0,328468 0,000233
вкус 1,021189 0,000242
вместе 0,208276 0,000099
внезапно 0,623249 0,000148
внезапный 0,533849 0,000126
вниз 0,752344 0,000356
внизу 0,936868 0,000222
внимание 0,504560 0,000358
внимательный 1,125925 0,000533
вовсе 0,150284 0,000036
водопад 1,565257 0,000371
военный 0,936868 0,000222
возможность 0,587534 0,000139
возможный 0,845098 0,000200
вознаграждение 0,000000 0,000000
возраст 0,963197 0,000228
возрасти 1,468347 0,000348
войти 0,137934 0,000033
воксало 1,167317 0,002211
волнение 0,361137 0,000171
волос 0,690196 0,000163
вообразить 0,662167 0,000157
вообразиться 1,389166 0,000329
вопрос 0,146128 0,000035
воротиться 0,303994 0,000072
воскликнуть 0,269690 0,000128
воскресение 1,088136 0,000258
воспламенить 1,690196 0,000400
воспоминание 0,635838 0,000151
впереди 0,912045 0,000864
вперёд 0,426955 0,000101
впечатление 0,389166 0,000461
вполголоса 0,888564 0,000210
вполне 0,316059 0,000150
впрочем 0,118099 0,000112
время 0,018098 0,000004
врукопашную 2,167317 0,000513
вряд 0,963197 0,000228
всегда 0,129891 0,000062
вскрикнуть 0,611015 0,000145
вскричать 0,253503 0,000180
вслед 0,523865 0,000124
всплеснуть 0,787106 0,000186
вспыхнуть 0,805589 0,000191
встать 0,269690 0,000128
встреча 0,554533 0,000394
всякий 0,106619 0,000126
второй 0,217927 0,000052
вчера 0,341243 0,000081
вы 0,232819 0,000165
выговорить 0,599116 0,000142
выдвинуться 1,690196 0,000400
выдержать 0,587534 0,000278
выдумать 0,648803 0,000154
вызывать 1,125925 0,000267
выйти 0,063514 0,000090
выплата 0,000000 0,000000
выражение 0,514105 0,000122
выразить 0,599116 0,000142
вырвать 1,125925 0,000267
вырваться 0,565257 0,000134
вырывать 1,565257 0,000371
выслушать 0,426955 0,000202
высокий 0,213075 0,000101
выход 0,769377 0,000364
выходка 0,866287 0,000410
галстук 1,389166 0,000329
глаз 0,056728 0,000107
глядеть 0,243038 0,000288
гнев 0,544068 0,000129
гневно 1,264227 0,000299
говорить 0,011981 0,000034
год 0,292256 0,000069
голова 0,114239 0,000081
голос 0,208276 0,000099
гора 0,805589 0,000382
гордость 0,587534 0,000139
город 0,248239 0,000059
горький 0,912045 0,000216
горько 0,690196 0,000163
горячность 1,468347 0,000348
господин 0,208276 0,000197
господь 0,374926 0,000178
гостинодворец 2,167317 0,000513
готовиться 0,845098 0,000200
готовность 1,088136 0,000258
гром 0,912045 0,000216
громко 0,504560 0,000358
грудь 0,443041 0,000105
губа 0,411442 0,000097
гулять 0,963197 0,000456
давеча 0,232819 0,000165
даже 0,005949 0,000021
далее 0,648803 0,000154
далеко 0,599116 0,000142
далёкий 0,411442 0,000097
дама 0,434924 0,000412
дать 0,171682 0,000041
дача 0,888564 0,000210
дачник 1,468347 0,000348
два 0,198834 0,000141
двадцатичетырёхлетний 2,167317 0,000513
двадцать 0,303994 0,000288
двигаться 1,167317 0,000276
двое 0,936868 0,000444
двусмысленный 1,468347 0,000348
действие 1,088136 0,000258
действительно 0,106619 0,000050
действительный 0,991226 0,000235
действовать 0,936868 0,000222
делать 0,194189 0,000046
дело 0,011981 0,000006
день 0,118099 0,000084
деревня 0,963197 0,000228
дерево 0,752344 0,000178
держать 0,403889 0,000096
десять 0,298086 0,000071
диван 0,648803 0,000154
добрый 0,303994 0,000072
довольно 0,129891 0,000092
догадаться 0,554533 0,000263
долее 1,565257 0,000371
должный 0,099131 0,000211
доля 1,125925 0,000267
дом 0,154480 0,000146
дорога 0,275223 0,000196
достоевский 0,000000 0,000000
достояние 0,000000 0,000000
дотронуться 1,167317 0,000276
дочь 0,374926 0,000089
дразнить 0,845098 0,000800
дрожать 0,426955 0,000303
друг 0,180546 0,000257
другой 0,008955 0,000017
думать 0,060107 0,000057
дурно 0,888564 0,000210
дядя 1,167317 0,000829
дёргать 1,468347 0,000348
евгений 0,866287 0,004103
едва 0,554533 0,000131
единый 0,611015 0,000145
епанчин 0,690196 0,000490
если 0,011981 0,000017
есть 0,018098 0,000026
жалость 1,021189 0,000484
ждать 0,142011 0,000067
желать 0,232819 0,000055
железный 0,752344 0,000178
жених 0,824895 0,000195
женщина 0,213075 0,000404
жест 0,787106 0,000186
жизнь 0,084532 0,000020
заблаговременно 1,565257 0,000371
забросить 1,389166 0,000329
забывать 0,824895 0,000195
забыть 0,125925 0,000119
загадка 0,787106 0,000373
заговаривать 0,991226 0,000235
заговор 1,264227 0,000299
заговорить 0,334808 0,000159
загородный 2,167317 0,000513
задать 0,866287 0,000205
заиграть 1,565257 0,000371
заинтересоваться 1,167317 0,000276
зайти 0,554533 0,000131
заклад 0,824895 0,000195
заключаться 0,635838 0,000151
закрывать 1,468347 0,000695
закрыть 0,576253 0,000136
залиться 1,021189 0,000242
заменять 1,866287 0,000442
заметить 0,056728 0,000094
заметно 1,264227 0,000299
замечание 0,888564 0,000210
замечать 0,554533 0,000131
замок 0,963197 0,000228
замуж 0,735954 0,000523
занятый 0,866287 0,000205
запомнить 0,576253 0,000136
запонка 1,866287 0,000442
зарана 1,690196 0,000400
засмеяться 0,347773 0,000082
застрелиться 1,053374 0,000499
застучать 1,565257 0,000371
затрепетать 1,565257 0,000371
захотеть 0,316059 0,000075
захохотать 0,866287 0,000410
зачем 0,146128 0,000208
защититься 1,866287 0,000442
защитник 0,963197 0,000228
заявлять 0,991226 0,000235
звать 0,419129 0,000099
здесь 0,095435 0,000136
зелёный 0,805589 0,000382
зеркало 1,125925 0,000267
злобно 0,599116 0,000142
злой 0,587534 0,000139
знакомство 0,720159 0,000512
знакомый 0,486076 0,000806
знать 0,002964 0,000015
зубок 1,690196 0,000400
иванович 0,269690 0,000383
играть 0,599116 0,000284
идея 0,459747 0,000218
идиот 0,426955 0,000910
идти 0,180546 0,000299
избранный 1,389166 0,000329
известно 0,334808 0,000079
издали 1,053374 0,000249
изредка 0,888564 0,000210
изъяснить 1,389166 0,000329
изящно 1,468347 0,000348
изящный 1,213075 0,000575
именно 0,066947 0,000032
иметь 0,118099 0,000224
иначе 0,367977 0,000087
иногда 0,208276 0,000296
иной 0,208276 0,000049
интересный 0,845098 0,000200
интимность 2,167317 0,000513
искать 0,411442 0,000097
исковеркать 1,690196 0,000400
искра 1,866287 0,000442
искренно 0,523865 0,000248
исполнять 1,213075 0,000287
использоваться 0,000000 0,000000
испуг 0,554533 0,000131
испуганно 1,021189 0,000242
испуганный 0,752344 0,000178
истерический 0,888564 0,000210
истинный 0,611015 0,000145
источник 1,565257 0,000371
исчезнуть 0,623249 0,000443
кавалер 1,690196 0,000400
каждый 0,137934 0,000033
казаться 0,063514 0,000180
казённый 1,167317 0,000276
какой 0,005949 0,000014
капитан 0,769377 0,000729
капризный 1,213075 0,000287
касаться 0,599116 0,000142
келлер 0,963197 0,000228
кивнуть 0,912045 0,000432
кирпич 1,565257 0,000741
книга 0,106619 0,000025
князь 0,443041 0,005350
коверкаться 1,866287 0,000442
когда 0,015029 0,000061
кола 0,991226 0,000235
коля 0,565257 0,000268
коляска 0,991226 0,000235
комар 0,000000 0,000000
комедия 1,167317 0,000276
компания 0,611015 0,000434
комфортно 1,866287 0,000442
конец 0,213075 0,000050
конечно 0,060107 0,000043
конфидент 2,167317 0,000513
кончиться 0,495219 0,000352
короткость 2,167317 0,000513
костюм 1,264227 0,000599
который 0,002964 0,000011
крайний 0,292256 0,000346
красивый 0,936868 0,000222
краснеть 0,866287 0,000615
крепко 0,443041 0,000105
кривая 1,565257 0,000371
крикнуть 0,292256 0,000138
кричать 0,303994 0,000072
кровавый 1,264227 0,000299
кровь 0,389166 0,000092
кругом 0,419129 0,000397
кто 0,114239 0,000081
куда 0,248239 0,000118
кулачный 1,690196 0,000400
курчавый 1,565257 0,000371
курьер 2,167317 0,000513
лебедев 0,690196 0,000163
левый 0,704919 0,000167
либо 0,000000 0,000000
лизавета 0,623249 0,002066
литература 1,468347 0,000348
лицо 0,000000 0,000000
лишек 1,125925 0,000267
лишний 0,787106 0,000186
лишь 0,185046 0,000044
любезничать 2,167317 0,000513
любезно 1,088136 0,000258
любить 0,066947 0,000048
любовь 0,334808 0,000079
любой 0,000000 0,000000
любя 1,213075 0,000287
мамаша 0,735954 0,000174
маменька 0,824895 0,000195
манер 1,021189 0,000242
мать 0,217927 0,000052
мгновение 0,316059 0,000299
мгновенно 0,888564 0,000210
между 0,129891 0,000123
мелькать 1,021189 0,000242
мелькнуть 0,544068 0,000258
мельком 0,912045 0,000432
мера 0,217927 0,000310
место 0,099131 0,000164
местоположение 1,866287 0,000884
месяц 0,264227 0,000188
метать 1,565257 0,000371
мечтаться 1,389166 0,000329
мигом 0,504560 0,000239
мизинец 2,167317 0,000513
милостивый 0,888564 0,000210
милый 0,322219 0,000229
мимо 0,514105 0,000243
минута 0,050046 0,000166
младший 1,021189 0,000242
мнительный 1,322219 0,000313
многие 0,468347 0,000222
много 0,080958 0,000019
можно 0,088136 0,000083
мой 0,077412 0,000018
молодой 0,222835 0,000158
молодёжь 1,125925 0,000533
молчать 0,248239 0,000118
момент 0,000000 0,000000
мочить 1,565257 0,000371
мочь 0,000000 0,000000
мрачный 0,662167 0,000157
музыка 0,963197 0,001140
мучительный 0,623249 0,000148
мучить 0,419129 0,000099
мы 0,648803 0,000154
мысль 0,114239 0,000162
мышкин 0,963197 0,000228
наброситься 1,213075 0,000287
навеки 0,648803 0,000154
наверно 0,264227 0,000188
навеселе 1,866287 0,000442
наглый 0,963197 0,000228
нагнуться 0,824895 0,000195
надо 0,036984 0,000044
надобный 0,866287 0,000205
надоесть 1,088136 0,000258
наедине 0,936868 0,000222
наезжать 2,167317 0,000513
назад 0,000000 0,000000
название 1,088136 0,000258
назвать 0,635838 0,000301
наивно 1,322219 0,000313
наискось 1,468347 0,000348
найти 0,298086 0,000071
наконец 0,073896 0,000035
налево 0,824895 0,000195
намерение 0,514105 0,000122
нападать 1,322219 0,000313
напасть 1,322219 0,000313
написать 0,000000 0,000000
напоминать 1,264227 0,000299
напомнить 0,912045 0,000216
направиться 0,787106 0,000186
направо 0,787106 0,000373
напрасный 1,690196 0,000400
напугать 1,167317 0,000553
нарочно 0,227798 0,000054
наружность 1,053374 0,000249
наследство 0,824895 0,000195
насмешить 1,565257 0,000371
насмешливо 0,787106 0,000186
насмешливый 0,704919 0,000167
настасья 0,720159 0,001705
настроение 0,824895 0,000195
наука 0,787106 0,000186
нахмурить 1,088136 0,000258
находиться 0,514105 0,000365
начать 0,066947 0,000016
начинать 0,292256 0,000138
начинаться 0,805589 0,000191
наш 0,118099 0,000084
наяву 1,213075 0,000287
невозможно 0,411442 0,000097
невпопад 2,167317 0,000513
негодование 0,403889 0,000287
недавний 0,888564 0,000210
недалеко 0,912045 0,000216
недовольный 0,888564 0,000210
недоговорить 1,690196 0,000400
недоставать 1,088136 0,000515
недостойный 0,866287 0,000205
недоумение 0,554533 0,000131
незачем 1,565257 0,000371
незнакомый 1,125925 0,000267
некоторый 0,154480 0,000110
нелепый 0,845098 0,000200
нельзя 0,176091 0,000083
немой 1,468347 0,000348
необыкновенно 0,805589 0,000191
необыкновенный 0,396465 0,000094
неожиданный 0,419129 0,000198
неопределённый 1,053374 0,000249
непонятно 1,389166 0,000329
непосредственный 1,264227 0,000299
непременно 0,133894 0,000190
нерешимость 1,264227 0,000299
несколько 0,095435 0,000181
несмотря 0,275223 0,000130
нестерпимый 0,963197 0,000228
неудержимый 1,053374 0,000499
неужели 0,389166 0,000369
нечто 0,389166 0,000184
нибыть 0,030597 0,000036
ниже 0,912045 0,000216
никак 0,396465 0,000282
никакой 0,213075 0,000050
никогда 0,088136 0,000188
николаевич 0,704919 0,000167
никто 0,095435 0,000158
нитка 1,167317 0,000276
ничего 0,030597 0,000022
ничто 0,576253 0,000136
новый 0,167317 0,000040
ночь 0,189594 0,000045
нравиться 0,611015 0,000579
нужно 0,514105 0,000122
обернуться 0,576253 0,000273
обида 0,720159 0,000171
обидеть 0,720159 0,000171
обидчик 0,912045 0,000216
обидчица 1,866287 0,000442
обижать 1,053374 0,000249
обиженный 0,752344 0,000178
облако 1,389166 0,000329
облегчить 1,167317 0,000276
обнять 0,735954 0,000349
оборванец 1,866287 0,000442
образ 0,243038 0,000058
обратить 0,769377 0,000364
обратиться 0,316059 0,000299
обращать 0,963197 0,000228
обращаться 0,451314 0,000107
общественный 0,000000 0,000000
общество 0,468347 0,000222
общий 0,514105 0,000122
объяснение 0,599116 0,000142
объяснить 0,374926 0,000089
объяснять 0,936868 0,000222
обыкновение 0,888564 0,000210
обыкновенный 0,565257 0,000134
оглядеть 0,787106 0,000186
оглядывать 0,991226 0,000235
оглядываться 1,167317 0,001106
оглянуться 1,213075 0,000287
одетый 0,648803 0,000307
один 0,000000 0,000000
однако 0,102859 0,000049
одуматься 1,389166 0,000329
одушевлённый 1,565257 0,000371
оживить 1,389166 0,000329
озаботить 0,888564 0,000210
озираться 1,213075 0,000575
оклеветать 1,690196 0,000400
около 0,443041 0,000210
окружающие 2,167317 0,000513
он 0,000000 0,000000
они 0,275223 0,000391
опомниться 0,888564 0,000631
определить 0,866287 0,000205
опубликовать 0,000000 0,000000
опять 0,027438 0,000032
оркестр 1,866287 0,002652
осанка 1,468347 0,000348
осмелиться 0,769377 0,000182
особенно 0,129891 0,000092
особенность 1,125925 0,000267
особенный 0,389166 0,000276
особый 0,565257 0,000134
оставить 0,203530 0,000096
оставлять 0,533849 0,000126
остальной 0,367977 0,000087
останавливать 1,021189 0,000242
останавливаться 0,866287 0,000205
остановиться 0,269690 0,000192
остаться 0,133894 0,000159
осторожный 1,088136 0,000258
отвернуться 0,912045 0,000216
отвести 0,866287 0,000205
ответ 0,322219 0,000076
ответить 0,121994 0,000087
отвечать 0,258832 0,000184
отгонять 1,322219 0,000313
отделаться 1,264227 0,000299
отказать 0,735954 0,000174
отказаться 0,752344 0,000178
откуда 0,514105 0,000122
отлететь 1,389166 0,000329
отличаться 1,213075 0,000287
отношение 0,623249 0,000148
отнять 0,888564 0,000210
отойти 0,845098 0,000800
отправляться 1,088136 0,000258
отрекомендоваться 1,322219 0,000313
отрываться 1,053374 0,000249
отставка 1,125925 0,000533
отстать 1,088136 0,000258
отступить 1,389166 0,000329
отсюда 0,805589 0,000191
оттого 0,675956 0,000160
оттолкнуть 1,322219 0,000626
оттуда 0,888564 0,000421
отыскать 0,769377 0,000182
офицер 0,752344 0,001782
оформление 0,000000 0,000000
очень 0,024303 0,000075
очутиться 0,675956 0,000160
ощутить 1,322219 0,000313
ощущать 0,735954 0,000174
ощущение 0,690196 0,000654
павлович 0,286504 0,001357
павловский 1,389166 0,000329
падать 0,787106 0,000186
палец 0,486076 0,000115
палка 1,213075 0,000287
парик 1,866287 0,000442
парк 1,213075 0,000287
парка 1,213075 0,000287
первый 0,018098 0,000017
перевести 0,888564 0,000210
переглянуться 1,021189 0,000242
переговорить 0,936868 0,000222
передавать 0,635838 0,000151
передумать 1,264227 0,000299
перейти 0,000000 0,000000
пересесть 1,565257 0,000371
переходить 0,991226 0,000235
перешепнуться 2,167317 0,000513
перстень 1,264227 0,000299
петербург 0,434924 0,000103
платок 0,675956 0,000800
платье 0,635838 0,000301
плетёный 1,565257 0,000371
площадка 1,468347 0,000695
побежать 0,468347 0,000111
побледнеть 0,544068 0,000258
повернуть 1,088136 0,000258
повернуться 0,495219 0,000117
повести 1,053374 0,000499
повод 0,635838 0,000151
повторять 0,396465 0,000094
поглядеть 0,396465 0,000376
поглядывать 1,021189 0,000242
подавать 0,866287 0,000205
подать 0,451314 0,000214
подбежать 1,167317 0,000276
подборка 0,000000 0,000000
подле 0,419129 0,000099
поднести 1,264227 0,000299
поднять 0,396465 0,000282
подняться 0,443041 0,000105
подозревать 0,504560 0,000119
подойти 0,341243 0,000242
подоспеть 1,866287 0,000884
подскочить 0,991226 0,000235
подумать 0,185046 0,000088
подушка 0,611015 0,000145
подхватить 0,403889 0,000096
позволение 1,053374 0,000249
позволить 0,264227 0,000188
познакомить 1,264227 0,000299
познакомиться 0,735954 0,000174
пойти 0,080958 0,000096
показаться 0,334808 0,000079
показывать 0,514105 0,000122
поклонник 1,866287 0,000884
покраснеть 0,504560 0,000119
полгорода 2,167317 0,000513
полиция 1,322219 0,000626
полушёпот 1,389166 0,000658
помешанный 0,769377 0,000364
помешаться 1,167317 0,000276
помещаться 1,125925 0,000267
помнить 0,167317 0,000079
помощь 0,888564 0,000210
понимать 0,095435 0,000023
понять 0,106619 0,000101
попробовать 0,866287 0,000205
попросить 0,426955 0,000101
портрет 0,912045 0,000864
поручик 1,088136 0,000258
порыв 0,936868 0,000222
порядочный 0,866287 0,000205
посетитель 0,991226 0,000469
после 0,084532 0,000060
последний 0,066947 0,000048
последовать 0,824895 0,000586
посмертно 0,000000 0,000000
посмотреть 0,213075 0,000202
поспешить 0,704919 0,000167
посторонний 0,787106 0,000186
поступок 0,623249 0,000148
потом 0,084532 0,000020
потому 0,024303 0,000017
потрясти 0,845098 0,000200
похвалиться 1,213075 0,000287
поцеловать 0,587534 0,000696
почти 0,024303 0,000017
пощупать 1,866287 0,000442
появиться 0,662167 0,000157
появление 0,735954 0,000174
правда 0,088136 0,000104
право 0,176091 0,000083
праздник 1,213075 0,000287
праздничный 1,690196 0,000800
пред 0,030597 0,000022
предвестник 2,167317 0,000513
предвкушать 2,167317 0,000513
предмет 0,611015 0,000145
предположить 0,824895 0,000195
представить 0,286504 0,000136
предстоящий 1,167317 0,000276
предупреждение 1,565257 0,000371
предчувствие 0,912045 0,000216
предшественник 2,167317 0,000513
прежде 0,077412 0,000018
прежний 0,198834 0,000094
прекрасный 0,495219 0,000235
прекратить 1,088136 0,000258
прелестный 0,866287 0,000205
препятствие 1,866287 0,000442
прерывать 0,912045 0,000216
прибавить 0,162996 0,000039
приблизиться 1,167317 0,000276
приглядеться 1,690196 0,000400
приглядываться 1,389166 0,000329
приезд 0,805589 0,000191
прижизненный 0,000000 0,000000
призыв 1,866287 0,000884
прийтись 0,565257 0,000268
приказание 1,167317 0,000276
приличие 1,322219 0,000313
прилично 1,213075 0,000287
приличный 0,866287 0,000410
приметить 1,322219 0,000313
примечать 1,389166 0,000329
принять 0,180546 0,000086
припадок 0,544068 0,000387
припоминать 0,648803 0,000461
природа 0,675956 0,000160
приставание 2,167317 0,000513
приставать 0,963197 0,000228
пристально 0,389166 0,000092
приходить 0,243038 0,000115
причина 0,396465 0,000188
приятель 0,866287 0,000821
пробормотать 0,316059 0,000225
провинция 1,468347 0,000348
прогнать 0,704919 0,000167
проговорить 0,110412 0,000078
программирование 0,000000 0,000000
прогулка 1,322219 0,000313
продолжать 0,125925 0,000030
продолжаться 0,704919 0,000167
произведение 0,000000 0,000000
произвести 0,504560 0,000239
произнести 0,280827 0,000066
произойти 0,258832 0,000123
пройти 0,000000 0,000000
прокофиевич 0,704919 0,002337
прокричать 0,599116 0,000142
пролежать 1,053374 0,000249
промелькнуть 0,936868 0,000222
промямлить 1,389166 0,000329
проса 2,167317 0,000513
просвистать 1,866287 0,000442
просить 0,150284 0,000071
проскрежетать 1,167317 0,000276
просто 0,232819 0,000110
протянуть 0,486076 0,000345
проходить 0,576253 0,000273
прошептать 0,587534 0,000417
прошмыгнуть 1,866287 0,000442
прощать 0,426955 0,000101
прыснуть 1,690196 0,000400
прямо 0,118099 0,000028
публика 0,805589 0,001145
публикация 0,000000 0,000000
пустынный 1,468347 0,000348
пусть 0,253503 0,000120
пышный 1,468347 0,000348
пять 0,222835 0,000106
пятьдесят 0,675956 0,000160
пятьсот 0,936868 0,000222
равно 0,303994 0,000144
равнодушный 1,389166 0,000329
рада 0,735954 0,000174
радоваться 0,888564 0,000210
радостный 0,752344 0,000178
радость 0,411442 0,000097
раз 0,309985 0,000073
разбитый 1,053374 0,000249
разве 0,146128 0,000138
развлечь 1,389166 0,000658
развратный 1,021189 0,000242
разговаривать 0,720159 0,000853
разговор 0,264227 0,000063
разговорчивый 1,565257 0,000371
разгорячиться 1,088136 0,000258
раздвинуть 1,468347 0,000348
разразиться 1,053374 0,000748
разрешение 0,000000 0,000000
разумеется 0,328468 0,000078
рано 0,787106 0,000186
раскланиваться 1,565257 0,000371
раскланяться 1,468347 0,000348
расположение 1,021189 0,000242
расположить 1,468347 0,000348
рассказывать 0,341243 0,000081
рассчитывать 0,675956 0,000160
расхохотаться 0,963197 0,000228
ребёнок 0,232819 0,000055
редкий 0,824895 0,000195
репутация 1,053374 0,000249
решаться 0,752344 0,000178
решение 0,533849 0,000126
решительно 0,341243 0,000081
решительный 0,611015 0,000145
решить 0,232819 0,000055
решётка 1,389166 0,000329
ровно 0,533849 0,000253
рогожин 0,936868 0,000222
рогожина 0,648803 0,000615
рогожинский 1,322219 0,000313
рожа 1,565257 0,000371
рождение 0,888564 0,000210
рука 0,030597 0,000123
русский 0,411442 0,000097
рыцарь 1,053374 0,000499
садовый 1,389166 0,000329
сайт 0,000000 0,000000
сам 0,002964 0,000006
самолюбие 0,963197 0,000228
самый 0,018098 0,000017
сбоку 0,912045 0,000216
сведение 0,824895 0,000195
сверкать 0,611015 0,000145
сверкнуть 0,866287 0,000205
свет 0,176091 0,000042
светло 1,167317 0,000276
свита 1,866287 0,000884
свободно 0,000000 0,000000
свой 0,000000 0,000000
сделать 0,102859 0,000049
себя 0,000000 0,000000
сегодня 0,194189 0,000092
сейчас 0,070407 0,000117
секунда 0,565257 0,000268
семейственность 2,167317 0,000513
семь 0,623249 0,000148
семьдесят 0,000000 0,000000
сердце 0,095435 0,000136
сестра 0,477121 0,000339
сестрица 1,167317 0,000276
сжать 0,963197 0,000228
сзади 0,824895 0,000195
сидеть 0,125925 0,000149
сила 0,185046 0,000088
сильно 0,292256 0,000208
сильный 0,269690 0,000064
сказать 0,011981 0,000026
сказывать 1,213075 0,000287
скамейка 1,088136 0,000773
скандал 0,845098 0,000800
скандальный 1,690196 0,000400
скоро 0,298086 0,000141
скорый 0,237898 0,000113
скромный 0,991226 0,000235
скрыться 1,213075 0,000287
слабый 0,611015 0,000145
слава 0,635838 0,000602
следить 0,623249 0,000148
следовать 0,544068 0,000258
слеза 0,275223 0,000065
слишком 0,133894 0,000159
слово 0,027438 0,000071
случай 0,146128 0,000104
слушать 0,203530 0,000145
слышать 0,125925 0,000060
смерть 0,374926 0,000089
сметь 0,389166 0,000092
смех 0,443041 0,000525
смешить 1,866287 0,000442
смешливый 1,468347 0,000695
смешно 0,824895 0,000195
смешной 0,565257 0,000402
смеяться 0,171682 0,000366
смолять 2,167317 0,000513
смотреть 0,077412 0,000073
смотритель 1,565257 0,000371
сначала 0,434924 0,000103
снова 0,565257 0,000134
собираться 0,635838 0,000301
собрание 1,088136 0,000515
собраться 0,662167 0,000314
совершенно 0,180546 0,000171
совсем 0,021189 0,000070
согласие 0,000000 0,000000
сойти 0,495219 0,000117
сойтись 0,623249 0,000148
сомнение 0,426955 0,000101
сообразить 0,690196 0,000327
соответственный 1,690196 0,000400
соседний 1,088136 0,000258
состояние 0,322219 0,000229
состояться 0,936868 0,000222
сострадание 0,787106 0,000186
сотый 1,322219 0,000313
сочинение 1,468347 0,000348
сочувствовать 1,322219 0,000313
спать 0,495219 0,000117
спокойный 0,576253 0,000136
спустя 0,533849 0,000253
средний 1,213075 0,000575
ставить 0,991226 0,000235
стараться 0,648803 0,000615
старикашка 1,167317 0,000276
старый 0,374926 0,000089
стать 0,002964 0,000005
статья 0,991226 0,000235
степень 0,367977 0,000174
стоить 0,189594 0,000135
столько 0,443041 0,000105
сторона 0,110412 0,000131
сторониться 1,389166 0,000329
стоять 0,150284 0,000249
страдание 0,554533 0,000263
странно 0,354404 0,000336
странность 0,963197 0,000228
странный 0,227798 0,000432
страх 0,426955 0,000101
страшный 0,286504 0,000068
стул 0,434924 0,000721
ступенька 1,021189 0,000484
стушеваться 1,565257 0,000371
стыд 0,533849 0,000126
стыдно 0,504560 0,000119
стыдный 1,866287 0,000442
сумасшедший 0,554533 0,000263
существо 0,477121 0,000113
схватить 0,347773 0,000247
сходить 0,611015 0,000289
сходиться 0,912045 0,000432
сходный 1,565257 0,000371
сцена 0,554533 0,000131
счастливый 0,451314 0,000107
считать 0,275223 0,000065
сшить 1,264227 0,000299
съездить 1,322219 0,000313
сюда 0,232819 0,000110
тайный 1,021189 0,000242
также 0,000000 0,000000
таки 0,066947 0,000032
таковой 0,451314 0,000107
такой 0,002964 0,000014
тварь 0,866287 0,000205
твердить 1,389166 0,000329
твой 0,258832 0,000123
твёрдо 0,419129 0,000099
текст 0,000000 0,000000
теперь 0,015029 0,000050
терраса 0,912045 0,000216
тогда 0,050046 0,000012
тоже 0,043466 0,000072
толкаться 1,690196 0,000400
толпа 0,648803 0,001075
только 0,002964 0,000011
том 1,565257 0,000371
тоненький 1,088136 0,000258
тонко 1,565257 0,000371
торжествовать 0,824895 0,000195
тот 0,002964 0,000007
тотчас 0,046743 0,000044
точка 0,623249 0,000295
точно 0,121994 0,000058
тревога 0,648803 0,000154
трепетать 0,735954 0,000174
третий 0,154480 0,000146
три 0,303994 0,000072
триста 1,213075 0,000287
трое 0,752344 0,000178
тросточка 2,167317 0,000513
туалет 1,468347 0,000348
ты 0,133894 0,000063
тысяча 0,217927 0,000103
тяжёлый 0,662167 0,000470
тёмный 0,523865 0,000124
убеждённый 0,635838 0,000301
уведомить 1,125925 0,000267
уверенный 0,611015 0,000145
уверить 0,599116 0,000709
уверять 0,411442 0,000097
увидать 0,434924 0,000103
увидеть 0,222835 0,000158
уводить 1,468347 0,000348
угадать 0,599116 0,000142
уговорить 1,088136 0,000258
угодный 0,504560 0,000119
ударить 0,635838 0,000151
удержаться 0,888564 0,000210
удерживаться 1,565257 0,000371
удивительно 0,866287 0,000205
удивление 0,292256 0,000208
удовольствие 0,486076 0,000230
ужас 0,468347 0,000333
ужасно 0,167317 0,000119
ужасный 0,322219 0,000153
уйти 0,248239 0,000353
указать 0,554533 0,000131
улыбаться 0,544068 0,000129
улыбка 0,374926 0,000178
улыбнуться 0,426955 0,000303
умерший 0,000000 0,000000
уметь 0,328468 0,000078
умный 0,403889 0,000096
умолк 1,690196 0,000800
унижать 1,167317 0,000276
унижение 0,912045 0,000216
упасть 0,495219 0,000352
упоение 1,125925 0,000267
упорно 0,866287 0,000205
уронить 1,565257 0,000371
усесться 0,662167 0,000157
усилиться 1,468347 0,000348
услуга 1,088136 0,000258
услыхать 1,088136 0,000258
усмехнуться 0,374926 0,000178
успеть 0,203530 0,000337
успех 0,963197 0,000228
утверждать 0,623249 0,000148
уткнуть 2,167317 0,000513
утро 0,347773 0,000082
утром 0,411442 0,000097
ухо 0,991226 0,000235
уходить 0,328468 0,000078
фигура 1,322219 0,000313
филиппович 0,735954 0,001743
форс 2,167317 0,000513
франтовской 2,167317 0,001026
франц 0,635838 0,000301
фёдор 0,434924 0,000206
характер 0,374926 0,000089
хватить 0,912045 0,000216
хитрец 1,866287 0,000442
хлестнуть 1,866287 0,000442
хлыст 2,167317 0,000513
хмельный 1,021189 0,000242
ходить 0,213075 0,000101
хороший 0,077412 0,000128
хорошо 0,189594 0,000045
хотеть 0,033778 0,000104
хотеться 0,292256 0,000138
хотя 0,050046 0,000059
хохот 1,322219 0,001252
хохотать 0,824895 0,000586
целое 0,587534 0,000139
целый 0,217927 0,000052
цель 0,361137 0,000086
цепь 1,322219 0,000313
час 0,185046 0,000219
часто 0,292256 0,000069
часть 0,002964 0,000003
чей 0,000000 0,000000
человек 0,011981 0,000040
через 0,258832 0,000123
черта 0,264227 0,000125
честный 0,735954 0,000174
честь 0,403889 0,000191
четверть 0,769377 0,000182
четвёртый 0,286504 0,000068
четыре 0,361137 0,000086
чинность 1,866287 0,000884
чинный 1,866287 0,000442
число 0,704919 0,000167
читаемый 2,167317 0,000513
читатель 0,888564 0,000210
читать 0,403889 0,000096
член 0,752344 0,000178
чрез 0,275223 0,000065
чрезвычайно 0,217927 0,000155
чрезвычайный 0,258832 0,000184
что 0,030597 0,000058
чтоб 0,073896 0,000017
чтобы 0,030597 0,000036
чувство 0,158717 0,000038
чума 1,690196 0,000400
чуть 0,176091 0,000292
чёрный 0,504560 0,000239
шаг 0,367977 0,000523
шалость 1,322219 0,000313
шалунья 1,866287 0,000442
шейный 2,167317 0,000513
шесть 0,514105 0,000122
широко 1,167317 0,000276
школьнически 2,167317 0,000513
шутка 0,675956 0,000640
эксцентричный 1,866287 0,000442
эпизод 1,021189 0,000242
это 0,002964 0,000008
этот 0,002964 0,000008
я 0,024303 0,000104
явиться 0,298086 0,000141
явно 1,088136 0,000258
ясно 0,354404 0,000084
