автор 0,000000 0,000000
авторский 0,000000 0,000000
алексеевич 0,963197 0,001950
алексей 0,000000 0,000000
аллегория 1,690196 0,000489
английский 1,125925 0,000326
анекдот 0,752344 0,000435
афанасий 1,167317 0,001688
баран 1,565257 0,000453
барыня 0,704919 0,000204
бегать 0,912045 0,000264
бедный 0,328468 0,000190
безобразный 1,053374 0,000609
бельэтажный 2,167317 0,000627
бесконечный 0,824895 0,000239
беспокойный 0,824895 0,000239
беспокойство 0,514105 0,000149
беспутный 1,389166 0,000402
бесстыдник 1,866287 0,000540
бесстыжий 1,389166 0,000803
бесцеремонный 1,565257 0,000453
бечёвка 2,167317 0,000627
библиотека 1,866287 0,001619
биржевой 2,167317 0,000627
бискуп 1,565257 0,000905
биться 0,623249 0,000180
благодарить 0,635838 0,000184
благодетель 0,866287 0,000251
бледный 0,443041 0,000128
бог 0,154480 0,000045
богатый 0,587534 0,000170
бойкий 1,322219 0,000382
бокс 1,565257 0,000905
более 0,000000 0,000000
больший 0,248239 0,000144
большой 0,056728 0,000066
бояться 0,158717 0,000092
брат 0,060107 0,000017
брать 0,486076 0,000703
бреда 0,866287 0,000251
бредить 0,912045 0,000264
бредни 1,866287 0,000540
бриллиантовый 1,565257 0,000905
бритва 1,690196 0,000489
бросить 0,269690 0,000156
будто 0,099131 0,000029
будущее 0,735954 0,000213
буквально 0,805589 0,000233
букетник 2,167317 0,001254
булавка 1,565257 0,000453
бумага 0,735954 0,000213
бывший 0,389166 0,000113
быстро 0,232819 0,000067
быть 0,000000 0,000000
вагон 0,888564 0,000257
ваз 1,468347 0,000425
васильевский 1,565257 0,000453
ваш 0,121994 0,000035
ввалиться 1,690196 0,000489
ввести 0,963197 0,000557
вдруг 0,005949 0,000012
ведомость 2,167317 0,000627
ведь 0,043466 0,000189
великий 0,341243 0,000197
великодушие 1,053374 0,000305
великолепный 0,824895 0,000477
венера 1,866287 0,000540
верить 0,180546 0,000209
вершок 1,468347 0,000849
весь 0,002964 0,000021
весьма 0,243038 0,000070
вечер 0,322219 0,000280
вечером 0,533849 0,000154
вещь 0,411442 0,000357
взгляд 0,185046 0,000161
взглянуть 0,468347 0,000406
вздор 0,565257 0,000163
взять 0,077412 0,000224
вид 0,150284 0,000304
видать 0,419129 0,000121
видеть 0,027438 0,000040
визит 0,845098 0,000733
виноватый 0,328468 0,000095
вишь 1,213075 0,000702
влюбить 0,752344 0,000218
внимание 0,504560 0,000292
внове 2,167317 0,000627
внучка 1,565257 0,000453
вода 0,587534 0,000170
возврат 1,690196 0,000489
возиться 1,213075 0,000351
вознаграждение 0,000000 0,000000
войти 0,137934 0,000199
вообще 0,459747 0,000133
восемнадцать 1,125925 0,000326
воспитание 0,936868 0,000271
впереди 0,912045 0,000264
впечатление 0,389166 0,000338
впечатлительный 2,167317 0,000627
вплоть 0,866287 0,000251
вполне 0,316059 0,000091
впрочем 0,118099 0,000137
впрямь 0,769377 0,000667
впустить 1,088136 0,000629
враждебно 1,565257 0,000453
время 0,018098 0,000026
вроде 0,662167 0,000191
вряд 0,963197 0,000279
всегда 0,129891 0,000038
вскричать 0,253503 0,000073
вслед 0,523865 0,000151
вследствие 0,888564 0,000257
вслух 0,533849 0,000309
всплеснуть 0,787106 0,000228
вспоможение 1,389166 0,000402
вставной 1,866287 0,000540
встать 0,269690 0,000156
встреча 0,554533 0,000160
вступать 1,021189 0,000295
вступить 0,675956 0,000195
всякий 0,106619 0,000123
вы 0,232819 0,000135
выгнать 1,125925 0,000326
выговорить 0,599116 0,000173
выдвигать 1,866287 0,000540
выдержать 0,587534 0,000170
вызов 0,866287 0,000251
выйти 0,063514 0,000073
вынести 0,486076 0,000141
вынуть 0,451314 0,000131
выплата 0,000000 0,000000
выронить 1,690196 0,000489
высокий 0,213075 0,000062
высокосный 2,167317 0,000627
высота 1,322219 0,000382
выставка 2,167317 0,000627
выступать 1,565257 0,000905
газетка 2,167317 0,000627
ганечка 1,264227 0,002559
ганя 0,735954 0,000426
генерал 0,504560 0,002043
главное 0,185046 0,000054
глаз 0,056728 0,000049
глубокий 0,477121 0,000414
глубоко 0,611015 0,000353
глупый 0,419129 0,000121
глядеть 0,243038 0,000070
гнев 0,544068 0,000157
говорить 0,011981 0,000035
год 0,292256 0,000085
голова 0,114239 0,000066
голод 1,213075 0,000351
голос 0,208276 0,000181
голубой 0,936868 0,000271
голубушка 1,690196 0,000489
голубчик 0,565257 0,000163
гоняться 1,866287 0,000540
гордый 0,576253 0,000167
горесть 1,264227 0,000366
горничная 1,088136 0,000315
горничный 1,690196 0,000489
горячечный 1,565257 0,000453
господин 0,208276 0,000663
гостиная 0,845098 0,000244
гостиный 0,963197 0,000836
гость 0,434924 0,000503
готовый 0,367977 0,000213
граница 0,662167 0,000191
графиня 1,565257 0,000453
грязный 0,824895 0,000716
гулять 0,963197 0,000279
давать 0,253503 0,000073
давеча 0,232819 0,000673
давешний 0,611015 0,000530
давно 0,158717 0,000138
даже 0,005949 0,000021
далёкий 0,411442 0,000357
дарить 1,264227 0,000366
дарья 1,125925 0,002279
дать 0,171682 0,000199
два 0,198834 0,000057
двое 0,936868 0,000271
девушка 0,533849 0,000154
действительно 0,106619 0,000123
делать 0,194189 0,000056
деликатно 1,389166 0,000402
деликатный 1,088136 0,000315
дело 0,011981 0,000035
день 0,118099 0,000205
деньга 0,185046 0,000375
держать 0,403889 0,000117
десять 0,298086 0,000086
диван 0,648803 0,000375
дикий 0,720159 0,000208
длина 1,468347 0,000425
добро 0,963197 0,000279
добродетель 0,912045 0,000264
добрый 0,303994 0,000176
добывать 1,322219 0,000382
доехать 1,322219 0,000382
дозволить 1,389166 0,000402
дойти 0,389166 0,000225
долг 0,735954 0,000213
долго 0,222835 0,000064
должный 0,099131 0,000029
дом 0,154480 0,000045
доползти 1,690196 0,000978
дорога 0,275223 0,000080
досидеть 1,866287 0,000540
достоевский 0,000000 0,000000
достоинство 0,587534 0,000340
достояние 0,000000 0,000000
достоять 1,866287 0,000540
дрожать 0,426955 0,000494
друг 0,180546 0,000104
другой 0,008955 0,000016
думать 0,060107 0,000122
дурь 2,167317 0,001254
епанчин 0,690196 0,000399
если 0,011981 0,000028
есть 0,018098 0,000021
ехать 0,587534 0,000170
жажда 0,866287 0,000251
жалование 1,125925 0,000326
жаль 0,635838 0,000184
ждать 0,142011 0,000164
желать 0,232819 0,000067
желаться 1,565257 0,000905
жемчуг 1,264227 0,000366
жена 0,486076 0,000141
жениться 0,554533 0,000160
женщина 0,213075 0,000062
жизнь 0,084532 0,000024
жилистый 2,167317 0,000627
жить 0,217927 0,000126
жук 2,167317 0,000627
забулдыжный 2,167317 0,000627
забыть 0,125925 0,000036
завернуть 1,468347 0,000425
завтра 0,298086 0,000086
заглядывать 1,021189 0,000295
заигрывание 2,167317 0,000627
заинтересованный 1,322219 0,000382
заискивание 1,690196 0,000489
закон 0,805589 0,000233
закрепить 2,167317 0,000627
закричать 0,434924 0,000126
заложить 0,888564 0,000257
заметить 0,056728 0,000082
замолчать 0,752344 0,000218
замуж 0,735954 0,000213
западник 2,167317 0,000627
заранее 0,576253 0,000167
зарезать 0,963197 0,000557
засмеяться 0,347773 0,000101
заставить 0,735954 0,000213
затем 0,237898 0,000069
зато 0,468347 0,000271
заявление 1,565257 0,000453
здесь 0,095435 0,000083
зелёный 0,805589 0,000233
злоба 0,523865 0,000151
злость 0,936868 0,000542
знакомство 0,720159 0,000208
знакомый 0,486076 0,000141
знаток 1,213075 0,000351
знать 0,002964 0,000009
значение 0,936868 0,000271
значит 0,243038 0,000070
золото 1,125925 0,000326
зуб 0,735954 0,000213
иванович 0,269690 0,000390
иголка 1,389166 0,000402
идиот 0,426955 0,000494
известный 0,347773 0,000402
извиниться 1,264227 0,000366
изворотливость 2,167317 0,000627
издеваться 1,468347 0,000425
изображать 1,125925 0,000326
изумление 0,735954 0,000213
изумляться 2,167317 0,000627
именно 0,066947 0,000019
иметь 0,118099 0,000068
иногда 0,208276 0,000181
иной 0,208276 0,000181
исключая 1,322219 0,000382
использоваться 0,000000 0,000000
испортить 1,088136 0,000315
испуганный 0,752344 0,000218
истинный 0,611015 0,000177
источник 1,565257 0,000453
каждый 0,137934 0,000080
казаться 0,063514 0,000037
каковой 0,576253 0,000167
какой 0,005949 0,000017
камелия 1,565257 0,000453
карман 0,396465 0,000115
картина 0,690196 0,000399
картинка 1,565257 0,000453
касаться 0,599116 0,000347
катя 0,912045 0,001055
киндёр 1,866287 0,001079
книга 0,106619 0,000031
князь 0,443041 0,002178
коварный 1,389166 0,000402
ковёр 1,322219 0,000382
когда 0,015029 0,000009
коли 0,269690 0,000234
колотушка 2,167317 0,000627
комар 0,000000 0,000000
комната 0,150284 0,000130
компания 0,611015 0,000883
компрометировать 1,322219 0,000382
конец 0,213075 0,000123
конечно 0,060107 0,000087
конкурент 1,866287 0,001079
костюм 1,264227 0,000731
который 0,002964 0,000007
красавица 0,936868 0,000271
красный 0,611015 0,000177
крепко 0,443041 0,000128
кресло 0,599116 0,000173
крикнуть 0,292256 0,000085
кроме 0,158717 0,000184
круг 1,264227 0,000366
кругом 0,419129 0,000121
кружевной 1,690196 0,000489
крякнуть 1,565257 0,000453
кто 0,114239 0,000033
куда 0,248239 0,000072
кулак 0,752344 0,000653
кулачный 1,690196 0,001955
лгать 0,599116 0,000173
лебедев 0,690196 0,001198
лезть 0,936868 0,000271
лестница 0,787106 0,000228
лестный 1,389166 0,000402
либо 0,000000 0,000000
литература 1,468347 0,000425
лихорадка 0,845098 0,000489
лихорадочно 1,468347 0,000425
лицо 0,000000 0,000000
лишь 0,185046 0,000107
ловкость 1,690196 0,000489
ложа 1,690196 0,000489
лукаво 1,088136 0,000315
любить 0,066947 0,000019
любой 0,000000 0,000000
любопытно 0,845098 0,000244
любопытство 0,361137 0,000522
любопытствовать 1,322219 0,000382
мало 0,208276 0,000241
мамаша 0,735954 0,000213
манер 1,021189 0,000295
марлинский 2,167317 0,000627
массивный 1,690196 0,000489
матушка 0,991226 0,000287
мать 0,217927 0,000126
мгновение 0,316059 0,000366
мебель 1,021189 0,000295
медведь 1,565257 0,000453
медицинский 1,125925 0,000326
между 0,129891 0,000038
мерзко 1,866287 0,002159
место 0,099131 0,000029
метаться 1,565257 0,000453
миллион 0,888564 0,000257
мимолётно 2,167317 0,000627
минута 0,050046 0,000072
много 0,080958 0,000023
многое 0,443041 0,000128
могущественный 1,866287 0,000540
могущество 1,866287 0,000540
можно 0,088136 0,000102
мой 0,077412 0,000090
мокренек 2,167317 0,000627
молча 0,367977 0,000213
молчаливый 0,720159 0,000833
молчание 0,662167 0,000191
момент 0,000000 0,000000
москва 0,468347 0,000135
мочь 0,000000 0,000000
муж 0,805589 0,000233
мужчина 0,912045 0,000264
мучить 0,419129 0,000242
мысль 0,114239 0,000033
набираться 2,167317 0,000627
наблюдатель 1,468347 0,000425
наблюдать 0,587534 0,000170
наверно 0,264227 0,000153
надо 0,036984 0,000043
надобность 1,213075 0,000351
назад 0,000000 0,000000
название 1,088136 0,000315
назначение 1,264227 0,000366
наиболее 1,125925 0,000326
найти 0,298086 0,000259
найтись 0,845098 0,000244
накануне 0,662167 0,000191
наклонный 1,125925 0,000326
наконец 0,073896 0,000021
накрест 1,468347 0,000425
намекнуть 1,389166 0,000803
намотать 2,167317 0,000627
написать 0,000000 0,000000
напрашиваться 1,322219 0,000382
например 0,298086 0,000259
нарочно 0,227798 0,000066
наскоро 0,888564 0,000257
наследство 0,824895 0,000477
насмешливо 0,787106 0,000228
настаивать 0,565257 0,000163
настасья 0,720159 0,007497
настоящий 0,309985 0,000269
наступить 0,845098 0,000244
насчёт 0,354404 0,000102
наткнуться 1,389166 0,000402
натуго 2,167317 0,000627
наука 0,787106 0,000228
нахальный 1,389166 0,000402
национальный 1,468347 0,000849
начать 0,066947 0,000019
начинать 0,292256 0,000085
невзначай 1,565257 0,000453
невиданный 2,167317 0,000627
невинность 0,936868 0,000542
невозможный 0,623249 0,000180
невский 1,690196 0,000489
недавно 0,576253 0,000333
недолго 1,053374 0,000305
недоумение 0,554533 0,000160
неестественно 1,213075 0,000351
незнакомка 2,167317 0,001254
некого 1,088136 0,000315
некоторый 0,154480 0,000179
нельзя 0,176091 0,000051
немедленно 0,554533 0,000160
немка 1,690196 0,000978
ненавидеть 0,514105 0,000149
ненавистный 0,805589 0,000233
ненависть 0,623249 0,000180
необыкновенный 0,396465 0,000229
неотразимый 1,053374 0,000305
неприлично 0,824895 0,000239
неприступный 1,866287 0,000540
несколько 0,095435 0,000166
неслыханный 1,264227 0,000366
несмотря 0,275223 0,000080
нетерпеливый 0,752344 0,000218
неудержимо 1,167317 0,000338
неудовольствие 1,565257 0,000453
неужели 0,389166 0,000225
неужто 0,599116 0,000866
неясно 1,088136 0,000315
нибыть 0,030597 0,000027
низкий 0,611015 0,000177
никак 0,396465 0,000115
никто 0,095435 0,000110
ничего 0,030597 0,000053
ничто 0,576253 0,000167
новый 0,167317 0,000145
ночь 0,189594 0,000055
нужно 0,514105 0,000149
нынче 1,389166 0,000402
нянька 1,264227 0,000366
оба 0,316059 0,000091
обвязать 1,322219 0,000382
обвязывать 2,167317 0,000627
обернуться 0,576253 0,000167
обескуражить 1,690196 0,000489
обещать 0,704919 0,000204
обидеться 0,845098 0,000244
обидно 1,053374 0,000305
обидчивый 1,264227 0,000366
обижаться 1,264227 0,000366
обиженный 0,752344 0,000218
обличительный 2,167317 0,000627
ободрительный 2,167317 0,000627
ободрить 0,963197 0,000279
ободряться 1,468347 0,000425
обожать 0,888564 0,000257
оборот 1,389166 0,000402
обрасти 1,690196 0,000489
обратиться 0,316059 0,000183
обратно 0,675956 0,000195
обратный 1,468347 0,000425
обращаться 0,451314 0,000261
обуять 1,565257 0,000453
общественный 0,000000 0,000000
общий 0,514105 0,000149
обязанность 0,912045 0,000264
оглядеть 0,787106 0,000228
оглядывать 0,991226 0,000573
огромный 0,599116 0,000520
один 0,000000 0,000000
одиннадцать 0,866287 0,000251
однако 0,102859 0,000030
одурелый 2,167317 0,000627
одуреть 2,167317 0,000627
ожидание 0,662167 0,000191
ожидать 0,264227 0,000153
оказаться 0,275223 0,000159
окончательно 0,565257 0,000163
он 0,000000 0,000000
они 0,275223 0,000080
опасаться 0,845098 0,000244
опасность 1,125925 0,000326
опубликовать 0,000000 0,000000
опустить 0,752344 0,000218
опуститься 0,888564 0,000257
опять 0,027438 0,000016
осада 1,565257 0,000453
особенный 0,389166 0,000113
оставаться 0,280827 0,000162
оставить 0,203530 0,000059
остальной 0,367977 0,000426
останавливать 1,021189 0,000295
остановиться 0,269690 0,000078
остаться 0,133894 0,000077
остров 1,565257 0,000453
ответить 0,121994 0,000035
отводить 1,690196 0,000489
отдать 0,381987 0,000110
отделка 2,167317 0,000627
откровенный 0,866287 0,000251
отнестись 1,468347 0,000425
относиться 0,824895 0,000239
оторваться 1,021189 0,000295
отпарировать 1,468347 0,000425
отправиться 0,611015 0,000177
отпускать 1,264227 0,000366
отрезвиться 1,565257 0,000453
отретироваться 1,322219 0,000382
отставной 0,845098 0,000244
отсюда 0,805589 0,000233
отчий 0,554533 0,000160
отчёт 1,088136 0,000315
отшепнуться 2,167317 0,000627
оформление 0,000000 0,000000
оценить 1,021189 0,000295
очень 0,024303 0,000084
ощущать 0,735954 0,000426
ощущение 0,690196 0,000200
падкий 2,167317 0,000627
палец 0,486076 0,000141
память 0,599116 0,000173
пачка 0,963197 0,000557
паша 1,866287 0,000540
первый 0,018098 0,000021
перебить 0,486076 0,000281
перебывать 1,389166 0,000402
переводить 1,125925 0,000326
переглядываться 1,866287 0,000540
перед 0,554533 0,000160
перейти 0,000000 0,000000
перестать 0,411442 0,000119
перстень 1,264227 0,000366
письмо 0,434924 0,000880
плакать 0,328468 0,000095
плакаться 1,690196 0,000489
платье 0,635838 0,000184
плечо 0,403889 0,000117
плотно 1,468347 0,000425
плохой 0,533849 0,000154
плюнуть 0,936868 0,000271
победитель 1,690196 0,000489
победить 0,787106 0,000228
побледнеть 0,544068 0,000157
погибель 1,322219 0,000382
подарок 1,053374 0,000305
подборка 0,000000 0,000000
подвигаться 1,389166 0,000402
поджидать 1,213075 0,000351
подле 0,419129 0,000242
подобрать 1,468347 0,000425
подозревать 0,504560 0,000146
подойти 0,341243 0,000197
подпоручик 1,690196 0,000978
подумать 0,185046 0,000054
пожалуй 0,237898 0,000069
пожалуйста 0,662167 0,000191
позволить 0,264227 0,000153
познание 1,125925 0,000326
позор 0,720159 0,000208
позорный 0,991226 0,000287
пойти 0,080958 0,000047
показать 0,292256 0,000085
показывать 0,514105 0,000149
покинуть 1,322219 0,000382
поклясться 1,053374 0,000305
ползком 2,167317 0,000627
политичный 1,866287 0,000540
полно 1,053374 0,000914
полный 0,253503 0,000073
положительно 0,805589 0,000233
положить 0,403889 0,000234
полоумный 1,167317 0,000338
получать 0,752344 0,000218
получить 0,309985 0,000269
помалу 0,675956 0,000391
помешать 0,963197 0,000279
понемногу 2,167317 0,001254
понимать 0,095435 0,000055
понять 0,106619 0,000062
пополудни 1,213075 0,000351
попрекнуть 1,389166 0,000402
портьера 1,468347 0,000849
посетитель 0,991226 0,000573
после 0,084532 0,000073
последний 0,066947 0,000058
последовать 0,824895 0,000239
послышаться 0,735954 0,000213
посмертно 0,000000 0,000000
посмотреть 0,213075 0,000062
постигать 1,565257 0,000453
постоянно 0,824895 0,000239
потерянно 1,565257 0,000453
потерять 0,611015 0,000353
потом 0,084532 0,000098
потому 0,024303 0,000021
потребность 0,805589 0,000466
потрясение 1,389166 0,000402
поумнеть 1,565257 0,000453
похожий 0,611015 0,000177
поцеловать 0,587534 0,000170
почтение 1,322219 0,000382
почти 0,024303 0,000035
появление 0,735954 0,000213
правда 0,088136 0,000204
право 0,176091 0,000153
правый 0,495219 0,000286
прачка 1,565257 0,000453
превосходительство 1,053374 0,000305
пред 0,030597 0,000027
преданность 1,322219 0,000382
предвидеть 1,021189 0,000295
предел 0,991226 0,000287
предлог 1,125925 0,000326
предмет 0,611015 0,000530
презрение 0,554533 0,000321
презрительно 0,866287 0,000251
преимущественно 1,053374 0,000609
преимущество 1,389166 0,000803
прекрасный 0,495219 0,000286
прелестный 0,866287 0,000251
прение 1,565257 0,000453
прибавиться 2,167317 0,000627
прибежать 0,769377 0,000222
привезти 1,125925 0,000651
приглашать 0,991226 0,000287
приглашение 1,088136 0,000315
приговор 0,824895 0,000239
придача 1,468347 0,000425
приезжать 0,936868 0,000271
приехать 0,309985 0,000179
прижизненный 0,000000 0,000000
признаться 0,443041 0,000128
приискать 1,468347 0,000425
прийти 0,095435 0,000055
приключение 0,936868 0,000271
принимать 0,328468 0,000190
принять 0,180546 0,000052
припадок 0,544068 0,000157
приподнять 1,167317 0,000338
приподняться 1,088136 0,000315
припомнить 0,533849 0,000154
природа 0,675956 0,000195
присвататься 2,167317 0,000627
пристально 0,389166 0,000113
присутствие 0,912045 0,000264
притом 0,769377 0,000222
причесать 1,690196 0,000489
приятель 0,866287 0,000501
приём 1,213075 0,000351
пробормотать 0,316059 0,000183
провести 0,888564 0,000514
провозгласить 0,824895 0,000239
прогнать 0,704919 0,000408
проговорить 0,110412 0,000032
программирование 0,000000 0,000000
продолжать 0,125925 0,000109
произведение 0,000000 0,000000
произвести 0,504560 0,000292
произнести 0,280827 0,000162
пройти 0,000000 0,000000
промах 1,389166 0,000402
проницать 1,690196 0,000489
пропить 1,565257 0,000453
проситель 1,866287 0,002159
просить 0,150284 0,000087
проситься 1,468347 0,000425
проспект 1,866287 0,000540
просто 0,232819 0,000135
протесниться 2,167317 0,000627
протянуть 0,486076 0,000141
прохожий 1,389166 0,000402
процент 1,167317 0,000338
прочий 0,824895 0,000239
прошедший 1,690196 0,000489
прошептать 0,587534 0,000340
прощение 0,611015 0,000177
птицын 0,769377 0,001780
публикация 0,000000 0,000000
пугаться 1,264227 0,000366
пусть 0,253503 0,000073
пух 2,167317 0,000627
пышный 1,468347 0,000425
пятнадцать 0,752344 0,000218
пять 0,222835 0,000451
работать 0,845098 0,000244
раз 0,309985 0,000090
разбить 0,936868 0,000271
развязка 1,213075 0,000351
разговаривать 0,720159 0,000208
разгуляться 1,690196 0,000489
разинуть 1,322219 0,000382
различать 1,213075 0,000351
разнимать 2,167317 0,000627
разобидеть 1,389166 0,000402
разрешение 0,000000 0,000000
разъяснить 0,662167 0,000191
расселиться 1,866287 0,000540
рассудок 0,963197 0,000279
рассчитать 1,264227 0,000366
ребёнок 0,232819 0,000067
редактор 1,866287 0,000540
редкий 0,824895 0,000239
ремесло 1,866287 0,000540
ретироваться 1,866287 0,000540
решительный 0,611015 0,000177
решиться 0,341243 0,000197
робкий 0,824895 0,000477
робко 0,787106 0,000228
рогожин 0,936868 0,001355
рогожина 0,648803 0,002627
рогожинец 1,866287 0,000540
рогожинский 1,322219 0,001912
роман 0,866287 0,000251
рост 0,675956 0,000195
ростовщик 1,264227 0,000366
рука 0,030597 0,000062
русский 0,411442 0,000238
рыба 1,468347 0,000425
рыжий 2,167317 0,000627
рыцарский 1,389166 0,000402
рычать 2,167317 0,000627
рядом 0,690196 0,000399
садиться 0,486076 0,000281
сажать 1,565257 0,000453
сайт 0,000000 0,000000
салазкин 1,690196 0,000978
сам 0,002964 0,000008
сапожище 2,167317 0,000627
сахарный 2,167317 0,000627
сбиваться 1,088136 0,000315
сбить 0,866287 0,000501
свадьба 1,053374 0,000305
свататься 1,690196 0,000489
свет 0,176091 0,000051
светский 0,720159 0,000208
свидетель 0,459747 0,000133
свободно 0,000000 0,000000
свод 1,866287 0,000540
свой 0,000000 0,000000
сделать 0,102859 0,000089
сдержать 0,752344 0,000435
сдержаться 1,866287 0,000540
себя 0,000000 0,000000
сегодня 0,194189 0,000168
сейчас 0,070407 0,000061
секунда 0,565257 0,000163
семейство 0,451314 0,000131
семьдесят 0,000000 0,000000
семья 0,991226 0,000573
сердиться 0,443041 0,000384
сердце 0,095435 0,000138
сестра 0,477121 0,000414
сесть 0,824895 0,000477
сзади 0,824895 0,000239
сидеть 0,125925 0,000146
сидеться 2,167317 0,000627
сила 0,185046 0,000161
сильно 0,292256 0,000085
сказать 0,011981 0,000042
скакнуть 2,167317 0,000627
сколько 0,280827 0,000162
сконфузить 1,125925 0,000326
сконфузиться 0,824895 0,000239
скорбный 1,389166 0,000402
скорее 0,514105 0,000149
скоро 0,298086 0,000086
скрасить 1,866287 0,000540
слава 0,635838 0,000184
следовать 0,544068 0,000157
слишком 0,133894 0,000077
словечко 0,704919 0,000204
словно 0,866287 0,000251
слово 0,027438 0,000056
слог 1,088136 0,000629
случай 0,146128 0,000127
слушать 0,203530 0,000059
смешной 0,565257 0,000163
смеяться 0,171682 0,000099
смотреть 0,077412 0,000157
смутно 1,389166 0,000402
смущение 0,752344 0,000218
снизойти 1,565257 0,000453
собрание 1,088136 0,000315
совершенно 0,180546 0,000313
совсем 0,021189 0,000031
согласие 0,000000 0,000000
согласиться 0,396465 0,000115
согнуться 1,690196 0,000489
содержать 0,912045 0,000264
сожалеть 0,963197 0,000279
сознание 0,787106 0,000228
сойти 0,495219 0,000430
солнечный 1,690196 0,000489
соперник 1,053374 0,000609
сорок 0,845098 0,000244
состав 1,565257 0,000453
составиться 1,264227 0,000366
сочинение 1,468347 0,000425
спасть 0,554533 0,000160
спор 1,053374 0,000305
спохватиться 0,991226 0,000287
спросить 0,114239 0,000132
спустить 1,167317 0,000338
спутник 1,690196 0,000489
становиться 0,389166 0,000113
старание 1,264227 0,000366
старичишка 1,866287 0,000540
старичок 0,912045 0,000264
старый 0,374926 0,000108
статейка 1,565257 0,000453
статуя 2,167317 0,001254
стать 0,002964 0,000007
степень 0,367977 0,000106
стерпеть 1,866287 0,000540
стоить 0,189594 0,000110
стол 0,286504 0,000414
столб 1,389166 0,000402
столько 0,443041 0,000128
сторона 0,110412 0,000096
стоять 0,150284 0,000043
страдать 0,623249 0,000180
странный 0,227798 0,000066
страсть 0,735954 0,000426
страх 0,426955 0,000494
строгий 0,720159 0,000208
стул 0,434924 0,000377
стушеваться 1,565257 0,000453
стыдиться 0,623249 0,000180
стыдливость 1,468347 0,000425
сумасшедший 0,554533 0,000481
сутки 0,991226 0,000287
существовать 0,635838 0,000184
счастие 0,451314 0,000131
счесть 0,888564 0,000771
счёт 0,623249 0,000180
сюда 0,232819 0,000067
табельный 1,866287 0,000540
также 0,000000 0,000000
таки 0,066947 0,000116
таковой 0,451314 0,000131
такой 0,002964 0,000014
твой 0,258832 0,000299
театр 1,264227 0,000366
текст 0,000000 0,000000
теперь 0,015029 0,000039
тихо 0,354404 0,000102
тихонько 0,991226 0,000287
тогда 0,050046 0,000043
тоже 0,043466 0,000050
толк 0,805589 0,000233
толчок 1,322219 0,000382
только 0,002964 0,000012
том 1,565257 0,000453
тонкий 0,720159 0,000208
торговать 1,213075 0,000702
тоска 0,599116 0,000173
тот 0,002964 0,000011
тотчас 0,046743 0,000041
тоцкий 1,088136 0,000944
точно 0,121994 0,000071
требоваться 1,389166 0,000402
тревога 0,648803 0,000375
тройка 0,991226 0,000287
трудно 0,459747 0,000133
трусить 1,264227 0,000731
тряпка 1,264227 0,000366
туго 1,565257 0,000453
ты 0,133894 0,000232
тысяча 0,217927 0,000882
тяжело 0,565257 0,000163
убеждение 0,554533 0,000160
убеждённый 0,635838 0,000368
убранство 1,866287 0,000540
уважение 0,648803 0,000188
уведомлять 1,322219 0,000765
уверить 0,599116 0,000173
увидать 0,434924 0,000126
увидеть 0,222835 0,000064
угадать 0,599116 0,000173
угодный 0,504560 0,000146
угол 0,341243 0,000197
угорелый 1,468347 0,000425
удерживать 1,389166 0,000402
удивить 0,769377 0,000222
удивление 0,292256 0,000169
удостоивать 1,264227 0,000366
уехать 0,459747 0,000133
ужасно 0,167317 0,000145
ужасный 0,322219 0,000093
узловатый 2,167317 0,000627
узнать 0,106619 0,000031
уйти 0,248239 0,000144
указывать 0,599116 0,000173
укорительный 1,690196 0,000489
улица 0,396465 0,000229
улыбаться 0,544068 0,000157
улыбнуться 0,426955 0,000247
умереть 0,269690 0,000156
умерший 0,000000 0,000000
умирать 0,611015 0,000177
усесться 0,662167 0,000383
усмехнуться 0,374926 0,000108
успеть 0,203530 0,000177
успокоительный 1,389166 0,000402
устремить 1,389166 0,000402
устроить 0,690196 0,000200
утерпеть 1,125925 0,000326
утрешний 1,866287 0,000540
утром 0,411442 0,000357
учитель 0,936868 0,000271
фердыщенко 1,088136 0,001573
фердыщенок 1,125925 0,000977
филиппович 0,735954 0,007662
форсить 1,866287 0,001079
франц 0,635838 0,000184
французский 0,805589 0,000233
фёдор 0,434924 0,000252
характер 0,374926 0,000108
хвастаться 1,565257 0,000453
хихиканье 2,167317 0,000627
хмелить 1,690196 0,000489
хмельный 1,021189 0,000295
ходок 2,167317 0,000627
ходячий 2,167317 0,000627
хороший 0,077412 0,000067
хотеть 0,033778 0,000088
хоть 0,060107 0,000035
хотя 0,050046 0,000072
целковый 1,167317 0,000675
целый 0,217927 0,000252
час 0,185046 0,000161
часть 0,002964 0,000002
чей 0,000000 0,000000
человек 0,011981 0,000024
честной 0,587534 0,000680
честь 0,403889 0,000117
четыре 0,361137 0,000209
четыреста 1,167317 0,000338
чин 0,991226 0,000287
число 0,704919 0,000612
чистый 0,434924 0,000377
читаемый 2,167317 0,000627
читать 0,403889 0,000350
чрез 0,275223 0,000080
чрезвычайный 0,258832 0,000150
чрезмерно 1,565257 0,000453
что 0,030597 0,000018
чтобы 0,030597 0,000018
чувство 0,158717 0,000046
чуть 0,176091 0,000356
шаг 0,367977 0,000106
шарф 1,468347 0,000425
шататься 1,389166 0,000402
швейцария 1,021189 0,000295
шепнуть 0,963197 0,000279
шептаться 1,468347 0,000425
шуметь 1,389166 0,000402
шёлк 1,866287 0,000540
шёлковый 1,053374 0,000305
шёпотом 0,675956 0,000391
щёголь 1,690196 0,000489
экран 2,167317 0,000627
эксцентричность 1,866287 0,000540
этакий 0,533849 0,000309
это 0,002964 0,000006
этот 0,002964 0,000007
я 0,024303 0,000127
явный 1,167317 0,000675
ядовито 1,468347 0,000425
язык 0,611015 0,000353
ярко 1,125925 0,000326
ясно 0,354404 0,000205
