автор 0,000000 0,000000
авторский 0,000000 0,000000
александр 1,213075 0,000396
александрович 0,504560 0,000165
алексей 0,000000 0,000000
алеш 0,328468 0,004185
ангел 0,720159 0,000471
арин 1,866287 0,001829
банный 1,690196 0,000552
батюшка 0,635838 0,000831
башмак 1,264227 0,000413
беда 0,662167 0,000433
бедно 1,389166 0,000454
бедный 0,328468 0,000429
бежать 0,434924 0,000142
безногий 1,468347 0,000480
бесстрашно 1,690196 0,000552
библиотека 1,866287 0,001829
благо 1,264227 0,000413
благородный 0,374926 0,000122
благословить 0,735954 0,000481
блистать 1,125925 0,000368
божий 0,623249 0,000407
более 0,000000 0,000000
болезненный 0,611015 0,000200
больно 0,787106 0,000257
больной 0,258832 0,000085
больший 0,248239 0,000162
бородка 1,167317 0,000381
бородёнка 1,468347 0,000480
бояться 0,158717 0,000052
брат 0,060107 0,000216
брезгливый 1,088136 0,000711
бросить 0,269690 0,000176
броситься 0,258832 0,000254
брызнуть 1,389166 0,000454
брякнуть 1,468347 0,000480
будто 0,099131 0,000032
булка 1,866287 0,000610
бывший 0,389166 0,000127
быстрый 0,824895 0,000269
быть 0,000000 0,000000
варвар 1,468347 0,002398
ватный 1,690196 0,000552
ваш 0,121994 0,000478
вдруг 0,005949 0,000037
ведро 1,690196 0,000552
ведь 0,043466 0,000043
великое 0,888564 0,000290
верёвка 1,565257 0,001023
вести 0,787106 0,000257
весь 0,002964 0,000009
весьма 0,243038 0,000318
ветхий 1,088136 0,000355
взволновать 0,866287 0,000283
взгляд 0,185046 0,000242
взять 0,077412 0,000152
взяться 0,824895 0,000269
видеть 0,027438 0,000063
видимый 0,443041 0,000145
виднеться 1,213075 0,000396
визит 0,845098 0,000276
вместе 0,208276 0,000068
внимательно 0,845098 0,000276
вовсе 0,150284 0,000098
военный 0,936868 0,000306
возбудить 0,787106 0,000257
воздвигнуть 1,468347 0,000480
воздух 0,845098 0,002209
возле 1,565257 0,000511
возлюбить 0,912045 0,000596
возлюбнт 2,167317 0,000708
возможно 0,735954 0,000240
вознаграждение 0,000000 0,000000
войти 0,137934 0,000135
волос 0,690196 0,000225
вонючий 1,468347 0,000480
вопрос 0,146128 0,000239
вопросительно 1,167317 0,000381
вопросительный 1,565257 0,001023
воскликнуть 0,269690 0,000088
впалый 1,468347 0,000480
вперёд 0,426955 0,000139
вполне 0,316059 0,000103
впускать 1,264227 0,000826
враг 0,735954 0,000240
время 0,018098 0,000035
всегда 0,129891 0,000042
вскочить 0,451314 0,000295
вскрикнуть 0,611015 0,000200
встать 0,269690 0,000264
встреча 0,554533 0,000362
всякий 0,106619 0,000070
второй 0,217927 0,000214
вход 0,752344 0,000246
вчера 0,341243 0,000111
вы 0,232819 0,000152
выбыть 1,866287 0,000610
выверт 1,565257 0,000511
вывести 0,611015 0,000200
выдержать 0,587534 0,000192
выдерживать 1,322219 0,000432
вызов 0,866287 0,000283
выйти 0,063514 0,000041
вынуть 0,451314 0,000147
выпить 0,704919 0,000230
выплата 0,000000 0,000000
выпучить 1,167317 0,000381
выразить 0,599116 0,000196
вырасти 1,088136 0,000355
вырвать 1,125925 0,000368
высечь 1,264227 0,002065
выскочить 0,824895 0,000269
высокий 0,213075 0,000070
высохнуть 1,866287 0,000610
выходить 0,258832 0,000085
вязаный 2,167317 0,000708
генерал 0,504560 0,000165
гладить 1,322219 0,000432
глаз 0,056728 0,000111
глазной 2,167317 0,000708
глупый 0,419129 0,000137
глухой 1,213075 0,000396
глядеть 0,243038 0,000159
говорить 0,011981 0,000051
голова 0,114239 0,000037
голод 1,213075 0,000396
голос 0,208276 0,000272
голосок 1,053374 0,000344
голубчик 0,565257 0,000554
гора 0,805589 0,000263
горбатый 1,565257 0,001023
гореть 0,735954 0,000481
горка 1,690196 0,000552
город 0,248239 0,000081
господин 0,208276 0,000476
господь 0,374926 0,000122
гостеприимство 1,690196 0,000552
гостиная 0,845098 0,000276
гость 0,434924 0,000142
громкий 1,021189 0,000334
громко 0,504560 0,000165
грустно 0,735954 0,000240
грушенек 0,787106 0,000257
грязный 0,824895 0,000269
губа 0,411442 0,000134
давать 0,253503 0,000083
давеча 0,232819 0,000228
давешний 0,611015 0,000798
давно 0,158717 0,000052
даже 0,005949 0,000016
далее 0,648803 0,000424
далёкий 0,411442 0,000134
дама 0,434924 0,001137
дать 0,171682 0,000168
даться 1,322219 0,000432
двадцать 0,303994 0,000099
дверь 0,258832 0,000507
двор 0,523865 0,000342
девица 0,648803 0,000848
девушка 0,533849 0,000872
действительно 0,106619 0,000070
делать 0,194189 0,000063
делаться 0,991226 0,000324
дело 0,011981 0,000027
день 0,118099 0,000039
деревянный 0,787106 0,000514
держать 0,403889 0,000264
дескать 0,419129 0,000274
десять 0,298086 0,000097
дмитрий 0,396465 0,000648
добродетель 0,912045 0,000298
добрый 0,303994 0,000199
довольно 0,129891 0,000212
долгий 0,720159 0,000235
должное 1,690196 0,000552
дом 0,154480 0,000101
домашний 0,824895 0,000269
домишко 1,322219 0,000864
донушко 2,167317 0,000708
допрашивать 0,991226 0,000324
дорога 0,275223 0,000180
доселе 0,912045 0,000596
достать 0,587534 0,000192
достоевский 0,000000 0,000000
достояние 0,000000 0,000000
дочка 0,912045 0,000298
дочь 0,374926 0,000367
древний 0,936868 0,000306
дрожать 0,426955 0,000139
другой 0,008955 0,000020
думать 0,060107 0,000059
дурак 0,611015 0,000200
душа 0,158717 0,000104
душный 1,322219 0,000432
дырявый 1,690196 0,000552
дьяконица 2,167317 0,000708
дёргаться 1,866287 0,000610
если 0,011981 0,000020
есть 0,018098 0,000030
жажда 0,866287 0,000283
жалеть 0,805589 0,000263
жалкий 0,936868 0,000306
жаловаться 0,805589 0,000526
жара 1,167317 0,000381
ждать 0,142011 0,000046
желательно 1,866287 0,000610
железный 0,752344 0,000246
жена 0,486076 0,000159
женский 0,623249 0,000407
женщина 0,213075 0,000070
жест 0,787106 0,000514
жиденький 2,167317 0,000708
жизнь 0,084532 0,000055
жилец 1,088136 0,000355
жить 0,217927 0,000214
жёлтый 0,991226 0,000324
забыть 0,125925 0,000041
завернуть 1,468347 0,000480
заговорить 0,334808 0,000109
загромоздить 1,866287 0,000610
задать 0,866287 0,000283
задохся 1,322219 0,000432
заинтересовать 0,824895 0,000269
зайти 0,554533 0,000362
заказать 1,088136 0,000355
заключение 0,787106 0,000257
заключить 0,347773 0,000114
закончить 0,824895 0,000269
закрыть 0,576253 0,000188
замечательный 0,675956 0,000221
занавеска 1,213075 0,001585
запереть 0,735954 0,000240
заплеснесть 2,167317 0,000708
засверкать 0,720159 0,000235
застать 0,648803 0,000212
затем 0,237898 0,000078
захотеть 0,316059 0,000103
зачем 0,146128 0,000048
заштопать 2,167317 0,000708
заявить 0,675956 0,000221
здесь 0,095435 0,000031
здравствуйте 1,468347 0,000480
зелёный 0,805589 0,000263
земной 0,845098 0,000276
злой 0,587534 0,000192
знакомый 0,486076 0,000159
знать 0,002964 0,000006
значит 0,243038 0,000159
иванович 0,269690 0,000352
игла 1,565257 0,000511
идти 0,180546 0,000059
изба 0,824895 0,001347
известие 0,554533 0,000181
известно 0,334808 0,000109
извинение 1,125925 0,000368
изволить 0,477121 0,000468
изображать 1,125925 0,000368
ильич 1,322219 0,000864
илюшечка 1,213075 0,001189
именно 0,066947 0,000022
инструкция 1,322219 0,000432
интересоваться 0,787106 0,000257
интонация 1,690196 0,000552
искренно 0,523865 0,000171
использоваться 0,000000 0,000000
испытывать 1,389166 0,000454
исступление 0,565257 0,000185
источник 1,565257 0,000511
исчадие 2,167317 0,000708
каблук 1,468347 0,000480
каждый 0,137934 0,000135
казаться 0,063514 0,000062
какой 0,005949 0,000029
калмыков 1,866287 0,000610
камень 0,787106 0,000514
капитан 0,769377 0,004022
карамазов 0,180546 0,000590
карий 1,866287 0,000610
карман 0,396465 0,000130
картуз 2,167317 0,000708
катерина 0,587534 0,000768
квартира 0,623249 0,000204
кидать 1,389166 0,000454
класс 0,888564 0,000290
клетчатый 1,468347 0,000480
книга 0,106619 0,000104
когда 0,015029 0,000020
коленка 1,053374 0,000688
колено 0,565257 0,000369
комар 0,000000 0,000000
комедия 1,167317 0,000381
комната 0,150284 0,000245
кончать 1,125925 0,000368
корова 1,690196 0,000552
костыль 2,167317 0,000708
который 0,002964 0,000010
крайний 0,292256 0,000095
краснеть 0,866287 0,000283
крикнуть 0,292256 0,000477
кровать 1,021189 0,001334
кроме 0,158717 0,000052
кротость 1,468347 0,000480
кстати 0,468347 0,000153
кто 0,114239 0,000149
куда 0,248239 0,000162
куча 1,322219 0,000432
лавка 0,787106 0,000514
ладонь 0,866287 0,000283
ласковость 1,866287 0,000610
левый 0,704919 0,001151
лежать 0,243038 0,000159
либо 0,000000 0,000000
литература 1,468347 0,000480
лихорадочный 1,167317 0,000381
лицо 0,000000 0,000000
лишь 0,185046 0,000181
ломоть 1,565257 0,000511
любить 0,066947 0,000131
любовный 1,322219 0,000432
любой 0,000000 0,000000
любопытство 0,361137 0,000118
маленький 0,185046 0,000302
мальчик 0,411442 0,001210
мамаша 0,735954 0,000240
маменька 0,824895 0,001347
материя 1,690196 0,000552
мать 0,217927 0,000142
машинально 1,053374 0,000344
между 0,129891 0,000085
мелкий 0,690196 0,000225
мелькнуть 0,544068 0,000178
место 0,099131 0,000130
мещанка 1,389166 0,000454
мигом 0,504560 0,000165
мина 1,565257 0,000511
минута 0,050046 0,000033
много 0,080958 0,000026
можно 0,088136 0,000029
мой 0,077412 0,000101
молодой 0,222835 0,000146
молчать 0,248239 0,000081
момент 0,000000 0,000000
монастырь 0,533849 0,000349
монах 0,845098 0,000276
мочалка 1,264227 0,002065
мочь 0,000000 0,000000
мужицкий 1,866287 0,001219
мужчина 0,912045 0,000298
музыка 0,963197 0,000315
мучить 0,419129 0,000137
мщение 1,088136 0,000355
мысль 0,114239 0,000112
мёртвый 0,805589 0,000263
наверное 1,468347 0,000480
наверх 0,888564 0,000290
наглость 1,389166 0,000454
наглупить 1,866287 0,000610
наглухо 1,866287 0,000610
надвинуться 1,866287 0,000610
наделать 0,963197 0,000315
надеть 0,888564 0,000290
надменно 1,468347 0,000959
надменный 1,088136 0,000355
надо 0,036984 0,000109
надобный 0,866287 0,000566
надрыв 1,264227 0,001239
надъесть 2,167317 0,000708
назад 0,000000 0,000000
название 1,088136 0,000355
наименование 1,690196 0,000552
найти 0,298086 0,000097
наказание 1,088136 0,000355
наклонный 1,125925 0,000368
наконец 0,073896 0,000097
накрыть 0,963197 0,000315
налево 0,824895 0,000808
намеднись 2,167317 0,000708
нанковый 2,167317 0,000708
написать 0,000000 0,000000
направление 1,088136 0,000355
направо 0,787106 0,000514
напротив 0,180546 0,000118
нарочно 0,227798 0,000223
наскоро 0,888564 0,000290
настасья 0,720159 0,000235
насчёт 0,354404 0,000116
натерпеться 2,167317 0,000708
наука 0,787106 0,000257
находиться 0,514105 0,000168
начать 0,066947 0,000044
наш 0,118099 0,000039
небольшой 0,675956 0,000221
невозможный 0,623249 0,000204
невольно 0,704919 0,000461
невысокий 1,565257 0,000511
негодование 0,403889 0,000264
недалеко 0,912045 0,000298
недра 1,389166 0,000908
нежно 1,167317 0,000763
нездоровый 1,053374 0,000344
некрасивый 1,690196 0,000552
неловко 1,125925 0,000368
нельзя 0,176091 0,000058
немного 0,426955 0,000139
немножко 1,021189 0,000334
необыкновенный 0,396465 0,000259
неожиданно 0,523865 0,000171
несвежий 1,866287 0,000610
несколько 0,095435 0,000031
несомненно 0,704919 0,000230
несчастие 0,690196 0,000225
нетерпеливо 0,936868 0,000306
неужели 0,389166 0,000127
нечистый 1,389166 0,000908
нибыть 0,030597 0,000030
никогда 0,088136 0,000029
николаевич 0,704919 0,001382
николай 0,752344 0,000492
никто 0,095435 0,000031
нина 0,888564 0,000290
ниточка 2,167317 0,000708
ничего 0,030597 0,000020
ничто 0,576253 0,000188
новый 0,167317 0,000055
нога 0,213075 0,000278
нож 1,167317 0,000381
ножка 0,912045 0,000298
носить 0,611015 0,000200
ночевать 0,936868 0,000306
оба 0,316059 0,000103
обернуться 0,576253 0,000188
обидеть 0,720159 0,000235
обидчик 0,912045 0,000298
обить 1,468347 0,000480
облако 1,389166 0,000908
обличить 1,690196 0,000552
ободриться 1,213075 0,000396
обожать 0,888564 0,000581
обозвать 1,866287 0,000610
образ 0,243038 0,000159
обращаться 0,451314 0,000147
обстановка 1,088136 0,000355
обстоятельство 0,403889 0,000132
обтирать 1,322219 0,000432
обтираться 2,167317 0,000708
общественный 0,000000 0,000000
объясняться 0,991226 0,000324
одетый 0,648803 0,000636
одеяло 1,565257 0,000511
одеяльце 2,167317 0,000708
один 0,000000 0,000000
одинокий 1,389166 0,000908
однако 0,102859 0,000101
одобрительно 1,866287 0,000610
ожидать 0,264227 0,000086
озлиться 1,053374 0,000344
озёрный 1,690196 0,001657
оказаться 0,275223 0,000180
окно 0,381987 0,000749
окончательно 0,565257 0,000185
окошко 1,021189 0,000667
он 0,000000 0,000000
опрятно 2,167317 0,000708
опубликовать 0,000000 0,000000
опять 0,027438 0,000072
осматривать 1,053374 0,000344
особенно 0,129891 0,000085
оставлять 0,533849 0,000174
остановиться 0,269690 0,000088
остаток 1,468347 0,000959
ответ 0,322219 0,000211
ответить 0,121994 0,000120
отвечать 0,258832 0,000338
отворить 0,486076 0,000635
отгородить 1,690196 0,000552
отдёрнуться 1,866287 0,000610
отец 0,091770 0,000180
откровенность 0,991226 0,000324
отменно 1,565257 0,000511
отодвинуть 1,565257 0,000511
отрезать 0,599116 0,000391
отрекомендоваться 1,322219 0,000432
отсохнуть 2,167317 0,000708
отставной 0,845098 0,000276
оттого 0,675956 0,000221
оттяпать 1,866287 0,000610
отходить 0,824895 0,000269
офицер 0,752344 0,000246
оформление 0,000000 0,000000
очевидный 0,554533 0,000543
очень 0,024303 0,000040
очередь 0,769377 0,000503
очутиться 0,675956 0,000221
палец 0,486076 0,001112
палея 2,167317 0,000708
пальтишко 1,389166 0,000454
пальто 0,936868 0,000306
пальчик 1,125925 0,000368
панталоны 1,322219 0,000432
папа 0,963197 0,001888
пахнуть 1,213075 0,000396
паясничать 2,167317 0,001416
паяц 1,690196 0,000552
первый 0,018098 0,000018
перебрасываться 2,167317 0,000708
переводить 1,125925 0,000368
передний 0,963197 0,000629
перейти 0,000000 0,000000
перекинуть 2,167317 0,000708
перекоситься 1,167317 0,000381
переулок 1,053374 0,000688
петрович 1,088136 0,001422
пехота 2,167317 0,000708
печь 1,468347 0,000959
плакать 0,328468 0,000107
платок 0,675956 0,000221
платье 0,635838 0,000208
плоть 1,690196 0,001104
плохой 0,533849 0,000349
площадь 0,888564 0,000290
побудить 1,389166 0,000908
повелительный 1,690196 0,000552
повернуться 0,495219 0,000809
повиновение 2,167317 0,000708
повод 0,635838 0,000208
повременить 1,468347 0,000480
повторить 0,544068 0,000355
повторять 0,396465 0,000130
поглядеть 0,396465 0,000130
подбежать 1,167317 0,000381
подборка 0,000000 0,000000
подкрепить 1,866287 0,000610
подле 0,419129 0,000411
подлететь 2,167317 0,000708
поднять 0,396465 0,000130
подозревать 0,504560 0,000165
подозрительно 1,322219 0,000432
подойти 0,341243 0,000111
подсказать 0,963197 0,000315
подскочить 0,991226 0,000648
подумать 0,185046 0,000060
подушечка 2,167317 0,000708
подушка 0,611015 0,000200
подчиняться 1,213075 0,000396
подшепнуть 2,167317 0,000708
пожелать 0,675956 0,000221
позволить 0,264227 0,000691
пойти 0,080958 0,000053
пока 0,213075 0,000278
показаться 0,334808 0,000109
показывать 0,514105 0,000336
покончить 0,769377 0,000251
покрыть 1,468347 0,000480
полно 1,053374 0,000688
полнота 0,805589 0,000526
полный 0,253503 0,000083
половина 0,396465 0,000130
положительно 0,805589 0,000263
полуштоф 1,690196 0,000552
помета 2,167317 0,000708
помещаться 1,125925 0,000736
понимать 0,095435 0,000094
понять 0,106619 0,000139
поперёк 1,565257 0,000511
попрекать 1,866287 0,000610
попросить 0,426955 0,000418
поразить 0,243038 0,000159
порог 0,888564 0,000290
порожний 1,866287 0,000610
порок 1,213075 0,000396
поручение 0,936868 0,000612
порча 2,167317 0,000708
посетитель 0,991226 0,000648
посетить 0,866287 0,000283
послышаться 0,735954 0,000240
посмертно 0,000000 0,000000
посмотреть 0,213075 0,000139
посрамить 2,167317 0,000708
посреди 1,322219 0,000432
посредине 1,690196 0,000552
поставить 0,451314 0,000147
постель 0,662167 0,000433
постелька 1,389166 0,000908
посторонний 0,787106 0,000257
поступок 0,623249 0,000204
постучать 1,565257 0,000511
постучаться 1,264227 0,000413
посылать 0,787106 0,000257
потом 0,084532 0,000083
потребовать 0,805589 0,000263
похожий 0,611015 0,000599
поцеловать 0,587534 0,000384
почему 0,099131 0,000065
почти 0,024303 0,000016
почтительно 1,053374 0,000344
правда 0,088136 0,000029
превосходительство 1,053374 0,000344
превосходный 0,936868 0,000306
пред 0,030597 0,000020
предварительно 0,991226 0,000324
представить 0,286504 0,000187
представляться 0,611015 0,000200
предчувствовать 0,504560 0,000165
прежде 0,077412 0,000101
прежний 0,198834 0,000065
презрительный 0,963197 0,000315
прекрасный 0,495219 0,000162
прервать 0,623249 0,000204
привскочить 1,264227 0,000413
привстать 1,021189 0,000334
приезжать 0,936868 0,000306
прижизненный 0,000000 0,000000
прийти 0,095435 0,000249
приладить 2,167317 0,000708
примечаться 1,866287 0,000610
примирить 1,468347 0,000480
принести 0,389166 0,000127
приобретаться 1,866287 0,001219
приподнять 1,167317 0,000381
припомнить 0,533849 0,000349
приравнивать 1,866287 0,000610
природа 0,675956 0,000221
приставить 1,468347 0,000480
приходить 0,243038 0,000159
причина 0,396465 0,000130
пробормотать 0,316059 0,000207
проглотить 1,468347 0,000480
проговорить 0,110412 0,000180
программирование 0,000000 0,000000
продолжать 0,125925 0,000082
произведение 0,000000 0,000000
пройти 0,000000 0,000000
прокричать 0,599116 0,000196
промелькнуть 0,936868 0,000306
пронзительный 1,690196 0,000552
пронзить 1,167317 0,000763
просить 0,150284 0,000049
прослезить 2,167317 0,000708
простить 0,286504 0,000281
простой 0,576253 0,001318
просторный 1,565257 0,000511
простыня 1,565257 0,000511
противный 1,088136 0,000355
протянуть 0,486076 0,000318
прощение 0,611015 0,000200
прямо 0,118099 0,000039
прятаться 0,888564 0,000581
публикация 0,000000 0,000000
пугливо 1,866287 0,000610
пустить 0,735954 0,000240
пьяный 0,451314 0,000147
пятно 1,213075 0,000396
пятый 0,787106 0,000257
пять 0,222835 0,000073
раз 0,309985 0,000101
разбирать 1,088136 0,000355
развесить 2,167317 0,000708
развлечься 1,866287 0,000610
разгладить 1,866287 0,000610
раздражительный 0,587534 0,000192
раздумывать 1,565257 0,000511
разный 0,565257 0,000185
разрешение 0,000000 0,000000
разрыдаться 1,866287 0,000610
разыскать 1,088136 0,000711
раскаиваться 0,963197 0,000315
раскаяние 0,769377 0,000251
распухнуть 1,322219 0,000432
рассказать 0,280827 0,000092
расставить 1,389166 0,000454
растрепать 1,565257 0,000511
редкий 0,824895 0,000269
редко 0,690196 0,000225
речь 0,486076 0,000159
решить 0,232819 0,000152
робеть 1,167317 0,000381
род 0,419129 0,000411
родный 0,565257 0,000369
рост 0,675956 0,000221
рука 0,030597 0,000080
русский 0,411442 0,000403
ручка 0,769377 0,000503
ручьём 1,866287 0,000610
рыжеватый 1,468347 0,000480
рыженький 1,866287 0,001219
садиться 0,486076 0,000318
сайт 0,000000 0,000000
салфетка 1,565257 0,001023
сам 0,002964 0,000010
самый 0,018098 0,000018
сбиться 1,088136 0,000355
сбоку 0,912045 0,000298
сверкнуть 0,866287 0,000283
сверх 0,752344 0,000246
светло 1,167317 0,000381
светлость 1,866287 0,000610
светлый 0,735954 0,000240
свидетельствовать 0,888564 0,000290
свидеться 1,866287 0,000610
свободно 0,000000 0,000000
свободный 0,936868 0,000306
сводить 1,213075 0,000396
свой 0,000000 0,000000
святой 0,468347 0,000153
сделать 0,102859 0,000134
себя 0,000000 0,000000
сегодня 0,194189 0,000127
сейчас 0,070407 0,000138
секунда 0,565257 0,000369
семейный 0,769377 0,000251
семьдесят 0,000000 0,000000
семья 0,991226 0,000324
сени 0,824895 0,000808
сердитый 1,389166 0,000454
серединный 2,167317 0,000708
серьёзный 0,565257 0,000369
сечь 1,322219 0,000432
сжаться 1,690196 0,000552
сидеть 0,125925 0,000288
сила 0,185046 0,000181
ситцевый 1,565257 0,001023
сказать 0,011981 0,000016
скамья 1,213075 0,000396
скарб 2,167317 0,000708
скверненький 2,167317 0,000708
скоба 2,167317 0,000708
сковорода 2,167317 0,000708
скорее 0,514105 0,000168
скоро 0,298086 0,000097
слабоумный 1,468347 0,000480
слабый 0,611015 0,000399
слеза 0,275223 0,000270
слететь 1,213075 0,000396
слишком 0,133894 0,000044
словечко 0,704919 0,000230
словно 0,866287 0,000849
слово 0,027438 0,000027
словоерс 2,167317 0,003540
сложение 1,125925 0,000368
случай 0,146128 0,000095
слышать 0,125925 0,000082
слышаться 0,963197 0,000315
смертный 0,805589 0,000263
смиренный 1,053374 0,000344
смотреть 0,077412 0,000076
смять 1,866287 0,000610
снегирёв 1,264227 0,001239
снизу 1,565257 0,000511
снова 0,565257 0,000369
собрание 1,088136 0,000355
совершенно 0,180546 0,000059
совершенный 0,451314 0,000147
современный 0,936868 0,000306
совсем 0,021189 0,000021
согласие 0,000000 0,000000
соединить 1,264227 0,000826
соединять 1,690196 0,000552
создание 1,167317 0,000381
соображение 0,912045 0,000298
соприкасаться 1,468347 0,000480
сорваться 0,936868 0,000306
сорок 0,845098 0,000552
состояние 0,322219 0,000105
сотрясаться 0,963197 0,000315
сотый 1,322219 0,000432
сочинение 1,468347 0,000480
спать 0,495219 0,000162
спешить 0,477121 0,000156
спина 0,752344 0,000246
спокойный 0,576253 0,000188
справа 1,866287 0,000610
справедливо 0,805589 0,000526
справедливый 1,021189 0,000334
спрашивать 0,232819 0,000076
спросить 0,114239 0,000112
спустя 0,533849 0,000174
сравнение 1,213075 0,000396
срамить 1,213075 0,000396
срываться 1,565257 0,001023
старенький 1,167317 0,000381
старец 0,611015 0,000399
старик 0,303994 0,000199
старуха 0,690196 0,000225
старушка 1,213075 0,000396
старый 0,374926 0,000122
стать 0,002964 0,000009
стекло 1,167317 0,000381
стена 0,533849 0,000523
стол 0,286504 0,000374
столичный 1,053374 0,000344
столь 0,434924 0,000142
столяр 2,167317 0,000708
стоять 0,150284 0,000245
странно 0,354404 0,000116
страшно 0,434924 0,000142
стремительно 0,936868 0,000612
стукнуться 1,565257 0,000511
стул 0,434924 0,001279
стыд 0,533849 0,000349
стыдно 0,504560 0,000165
сударь 1,053374 0,000344
судить 0,523865 0,000171
судорога 0,991226 0,000324
супруг 0,523865 0,000513
сухощавый 1,690196 0,000552
существо 0,477121 0,000156
сущность 0,675956 0,000221
схватить 0,347773 0,000454
сцена 0,554533 0,000181
съесть 0,936868 0,000306
сын 0,434924 0,000142
сюда 0,232819 0,000076
также 0,000000 0,000000
таковой 0,451314 0,000295
такой 0,002964 0,000010
текст 0,000000 0,000000
теперь 0,015029 0,000054
тихо 0,354404 0,000116
тишина 0,912045 0,000298
ткнуть 1,690196 0,000552
тогда 0,050046 0,000049
тоже 0,043466 0,000085
толстой 1,088136 0,000355
только 0,002964 0,000010
том 1,565257 0,000511
тон 0,648803 0,000424
тоненький 1,088136 0,000355
топать 1,565257 0,000511
топнуть 1,264227 0,000413
тот 0,002964 0,000012
тотчас 0,046743 0,000015
точно 0,121994 0,000120
трактир 0,720159 0,000235
третий 0,154480 0,000050
три 0,303994 0,000099
трусость 1,866287 0,000610
тряпьё 1,866287 0,000610
тусклый 1,565257 0,000511
ты 0,133894 0,000175
тёмный 0,523865 0,000171
уверенный 0,611015 0,000200
увидеть 0,222835 0,000073
увлечься 1,053374 0,000344
угадать 0,599116 0,000196
угловатый 2,167317 0,000708
угодить 1,389166 0,000454
угодный 0,504560 0,000330
угол 0,341243 0,000892
ударить 0,635838 0,000415
удовлетворение 1,167317 0,000763
удовлетворить 1,021189 0,000667
уединённо 1,468347 0,000480
ужасно 0,167317 0,000164
узнать 0,106619 0,000035
уйти 0,248239 0,000081
указывать 0,599116 0,000391
укусить 1,125925 0,001839
улица 0,396465 0,000777
улыбнуться 0,426955 0,000139
умереть 0,269690 0,000088
умерший 0,000000 0,000000
уметь 0,328468 0,000107
умный 0,403889 0,000132
унижение 0,912045 0,000298
упасть 0,495219 0,000162
упомянуть 0,704919 0,000230
упор 0,963197 0,000629
усиленно 1,264227 0,000413
усиленный 1,213075 0,000396
услыхать 1,088136 0,000355
усмехнуться 0,374926 0,000122
устроенный 1,468347 0,000480
устроить 0,690196 0,000225
утоление 1,690196 0,000552
уходить 0,328468 0,000107
учить 0,752344 0,000246
фома 1,389166 0,000454
форточка 1,690196 0,000552
фёдор 0,434924 0,000284
фёдорович 0,150284 0,000295
характер 0,374926 0,000122
хлеб 0,805589 0,000263
ходить 0,213075 0,000139
хозяин 0,805589 0,000790
хозяйка 0,912045 0,000298
хороший 0,077412 0,000076
хорошо 0,189594 0,000062
хотеть 0,033778 0,000055
хотеться 0,292256 0,000191
хоть 0,060107 0,000079
хотя 0,050046 0,000065
худо 1,053374 0,000344
целовать 0,635838 0,000208
целый 0,217927 0,000071
час 0,185046 0,000181
часть 0,002964 0,000002
чей 0,000000 0,000000
человек 0,011981 0,000031
черномаз 2,167317 0,001416
черта 0,264227 0,000086
четвёртый 0,286504 0,000187
четыре 0,361137 0,000472
четырехугольный 2,167317 0,000708
число 0,704919 0,000230
чистый 0,434924 0,000426
читаемый 2,167317 0,000708
читать 0,403889 0,000132
чрез 0,275223 0,000360
чрезвычайно 0,217927 0,000356
чрезвычайный 0,258832 0,000085
что 0,030597 0,000020
чтоб 0,073896 0,000048
чтобы 0,030597 0,000020
чувство 0,158717 0,000052
чувствовать 0,264227 0,000173
чуть 0,176091 0,000058
чёрный 0,504560 0,000165
чёрточка 0,991226 0,000324
шагнуть 0,912045 0,000298
шапочка 2,167317 0,000708
шестеро 1,690196 0,000552
школьник 0,936868 0,000612
шпага 1,565257 0,000511
штабс 1,021189 0,005004
щека 0,623249 0,000204
это 0,002964 0,000005
этот 0,002964 0,000010
юмор 1,565257 0,000511
юродливый 1,866287 0,000610
я 0,024303 0,000103
яблочко 2,167317 0,000708
яичница 1,866287 0,001219
яростно 1,468347 0,000480
