автор 0,000000 0,000000
авторский 0,000000 0,000000
аграфена 0,912045 0,000440
аккуратный 1,565257 0,000755
александрович 0,504560 0,000243
алексей 0,000000 0,000000
алеш 0,328468 0,000475
ангелочек 2,167317 0,001045
баба 0,936868 0,000452
банька 1,866287 0,000900
баня 1,468347 0,001417
барин 0,787106 0,000380
барыня 0,704919 0,000340
бег 1,468347 0,000708
беглец 2,167317 0,001045
бежать 0,434924 0,001259
безнадёжно 1,866287 0,000900
белый 0,720159 0,000347
бельё 0,845098 0,000408
беседка 1,468347 0,000708
бессмысленно 1,322219 0,000638
бессмысленный 1,468347 0,000708
бесстыжий 1,389166 0,000670
библиотека 1,866287 0,002701
биться 0,623249 0,000301
близ 1,125925 0,000543
бог 0,154480 0,000075
более 0,000000 0,000000
боль 0,690196 0,001332
больной 0,258832 0,000375
больший 0,248239 0,000239
большой 0,056728 0,000055
болячка 2,167317 0,001045
бояться 0,158717 0,000153
брат 0,060107 0,000116
бросить 0,269690 0,000130
броситься 0,258832 0,000375
бузина 1,866287 0,000900
быстро 0,232819 0,000225
быстрота 1,125925 0,000543
быть 0,000000 0,000000
василиевич 1,167317 0,001126
вбежать 1,021189 0,000493
вблизи 1,389166 0,000670
вглядываться 0,936868 0,000452
вдруг 0,005949 0,000043
ведь 0,043466 0,000042
вероятность 1,389166 0,000670
верх 0,963197 0,000465
верхом 1,389166 0,000670
весело 0,648803 0,000313
весь 0,002964 0,000009
ветерок 1,866287 0,000900
вечер 0,322219 0,000311
вздохнуть 0,866287 0,000418
вздрогнуть 0,486076 0,000234
вздёрнуть 1,866287 0,001801
взять 0,077412 0,000037
вид 0,150284 0,000072
видать 0,419129 0,000202
видеть 0,027438 0,000013
видимо 0,328468 0,000317
видимый 0,443041 0,000214
видный 1,088136 0,001050
визит 0,845098 0,000408
вихрь 1,468347 0,000708
вкусить 1,690196 0,000815
влезть 1,322219 0,000638
внезапно 0,623249 0,000301
внезапный 0,533849 0,000515
водка 1,167317 0,000563
возвестить 0,936868 0,000452
вознаграждение 0,000000 0,000000
волнение 0,361137 0,000174
вопрос 0,146128 0,000070
ворота 0,720159 0,000695
восьмой 0,888564 0,000857
вполне 0,316059 0,000152
впускать 1,264227 0,000610
впустить 1,088136 0,000525
время 0,018098 0,000017
всеять 0,888564 0,000429
вскочить 0,451314 0,000218
встать 0,269690 0,000130
встретить 0,459747 0,000444
всюду 1,468347 0,000708
вцепиться 1,264227 0,000610
выбрать 0,845098 0,000408
выглядывать 1,213075 0,001170
выйти 0,063514 0,000031
вылезти 2,167317 0,001045
выпить 0,704919 0,000680
выплата 0,000000 0,000000
выслушать 0,426955 0,000206
высматривать 1,167317 0,000563
высмотреть 1,690196 0,000815
высокий 0,213075 0,000206
высунуть 2,167317 0,003136
вытереться 1,866287 0,000900
выхватить 1,125925 0,001086
выходной 1,468347 0,000708
глаз 0,056728 0,000027
глядеть 0,243038 0,000117
глянуть 0,963197 0,001859
говорить 0,011981 0,000012
голландский 1,866287 0,000900
голова 0,114239 0,000606
город 0,248239 0,000120
горячий 0,523865 0,000253
господь 0,374926 0,000362
гостинчик 1,866287 0,000900
графин 2,167317 0,001045
грех 0,752344 0,000363
григорий 0,648803 0,002817
гром 0,912045 0,000440
громко 0,504560 0,000243
грудь 0,443041 0,000214
грушенек 0,787106 0,001519
губа 0,411442 0,000198
густой 0,991226 0,000478
давать 0,253503 0,000122
давеча 0,232819 0,000225
далёкий 0,411442 0,000198
дать 0,171682 0,000083
два 0,198834 0,000096
двадцать 0,303994 0,000147
дверь 0,258832 0,000499
двигаться 1,167317 0,000563
движение 0,648803 0,000313
двор 0,523865 0,000505
дворник 1,389166 0,000670
действительно 0,106619 0,000051
дело 0,011981 0,000012
деревня 0,963197 0,000465
дерево 0,752344 0,000363
дмитровский 2,167317 0,001045
добежать 1,468347 0,001417
добираться 1,866287 0,000900
дождаться 1,125925 0,000543
долгий 0,720159 0,000347
долго 0,222835 0,000107
дом 0,154480 0,000224
досада 0,675956 0,000326
достигнуть 0,662167 0,000319
достоевский 0,000000 0,000000
достояние 0,000000 0,000000
дрожать 0,426955 0,000412
другой 0,008955 0,000017
дышать 0,866287 0,000418
если 0,011981 0,000017
есть 0,018098 0,000044
жадно 1,053374 0,000508
жгучий 1,213075 0,000585
ждать 0,142011 0,000069
жизнь 0,084532 0,000041
забежать 1,167317 0,000563
забор 0,866287 0,003761
забыть 0,125925 0,000121
завопить 0,769377 0,000371
завтра 0,298086 0,000144
заглядывать 1,021189 0,000493
заговор 1,264227 0,000610
зад 1,213075 0,000585
задний 1,021189 0,000493
задумчивость 0,912045 0,000440
задыхаться 0,635838 0,000613
закипеть 1,322219 0,001913
залечь 1,690196 0,000815
замелькать 1,690196 0,000815
замереть 1,021189 0,000493
замок 0,963197 0,000465
запастись 2,167317 0,001045
запереть 0,735954 0,000710
запомнить 0,576253 0,000278
запонка 1,866287 0,000900
заснуть 0,769377 0,000371
затем 0,237898 0,000344
затишье 2,167317 0,001045
захотеться 0,704919 0,000340
зачем 0,146128 0,000141
звук 1,053374 0,000508
здесь 0,095435 0,000092
зеркало 1,125925 0,001086
злоба 0,523865 0,000505
злобно 0,599116 0,000289
знак 0,565257 0,000545
знакомый 0,486076 0,000234
знать 0,002964 0,000009
значит 0,243038 0,000117
золотой 0,805589 0,000777
иван 0,232819 0,000112
иванович 0,269690 0,000260
игнатиевич 1,021189 0,000985
изверг 0,936868 0,000452
известно 0,334808 0,000162
известный 0,347773 0,000336
инстинктивно 1,565257 0,000755
интрига 1,389166 0,000670
использоваться 0,000000 0,000000
источник 1,565257 0,000755
кадык 1,690196 0,001631
каждый 0,137934 0,000200
казаться 0,063514 0,000061
какой 0,005949 0,000020
калин 1,866287 0,001801
калитка 1,125925 0,001629
каморка 1,213075 0,000585
капитан 0,769377 0,000742
карамазов 0,180546 0,000348
карман 0,396465 0,000574
кашлянуть 2,167317 0,001045
кинуться 0,991226 0,000956
кисть 1,468347 0,000708
китайский 1,322219 0,001276
книга 0,106619 0,000154
когда 0,015029 0,000022
коли 0,269690 0,000130
кольнуть 1,565257 0,001510
комар 0,000000 0,000000
комната 0,150284 0,000072
комнатка 1,053374 0,000508
кондратиевич 1,213075 0,001170
конечно 0,060107 0,000029
коньячок 1,167317 0,000563
короче 1,389166 0,000670
корчиться 1,690196 0,000815
косой 1,468347 0,000708
который 0,002964 0,000009
красный 0,611015 0,001179
крепкий 0,787106 0,000759
крикнуть 0,292256 0,000282
кровь 0,389166 0,000939
кругом 0,419129 0,000202
крылечко 1,167317 0,001689
крюк 1,565257 0,000755
крючок 1,264227 0,000610
кряхтеть 1,690196 0,000815
куда 0,248239 0,000239
кулак 0,752344 0,000363
куст 1,389166 0,003351
ладонь 0,866287 0,000836
лампа 1,866287 0,000900
левый 0,704919 0,000340
лежать 0,243038 0,000352
лететь 0,805589 0,000777
лето 0,866287 0,000418
лечение 1,125925 0,000543
либо 0,000000 0,000000
лизавета 0,623249 0,000301
литература 1,468347 0,000708
литься 1,690196 0,001631
лицо 0,000000 0,000000
личный 0,662167 0,000639
лошадь 1,021189 0,000493
любой 0,000000 0,000000
малый 0,334808 0,000323
марфа 0,912045 0,000880
марья 0,936868 0,000904
маточка 2,167317 0,001045
машинально 1,053374 0,001016
мгновение 0,316059 0,000305
медный 1,021189 0,000985
мелькнуть 0,544068 0,000787
место 0,099131 0,000143
мигом 0,504560 0,001217
минута 0,050046 0,000145
минутка 0,635838 0,000613
митя 0,451314 0,005660
многолетний 1,690196 0,000815
мокрый 0,675956 0,000326
молитва 0,888564 0,000429
молить 0,769377 0,000371
молчание 0,662167 0,000319
момент 0,000000 0,000000
морозов 1,322219 0,000638
мостик 1,690196 0,000815
мочь 0,000000 0,000000
мстительный 1,213075 0,000585
мучитель 1,389166 0,001340
мёртвый 0,805589 0,000777
наверно 0,264227 0,000127
наверх 0,888564 0,000429
нагнуться 0,824895 0,000398
надо 0,036984 0,000036
надобный 0,866287 0,000418
назад 0,000000 0,000000
назар 1,866287 0,001801
название 1,088136 0,000525
называть 0,477121 0,000230
найти 0,298086 0,000144
наконец 0,073896 0,000107
налево 0,824895 0,000796
налить 1,389166 0,000670
намерение 0,514105 0,000248
намокнуть 2,167317 0,002091
наперерез 2,167317 0,001045
написать 0,000000 0,000000
направиться 0,787106 0,000380
направляться 1,468347 0,000708
направо 0,787106 0,000759
нарастать 1,213075 0,001170
нарочно 0,227798 0,000220
наскоро 0,888564 0,000429
насмешка 0,599116 0,000289
настежь 1,468347 0,000708
настой 1,468347 0,000708
наука 0,787106 0,000380
начало 0,243038 0,000117
небольшой 0,675956 0,000326
неведение 1,468347 0,000708
недавно 0,576253 0,000278
неистовый 0,888564 0,001286
некого 1,088136 0,000525
некотора 1,167317 0,000563
немного 0,426955 0,000206
ненавидеть 0,514105 0,000248
ненавистный 0,805589 0,000389
необитаемый 1,866287 0,000900
необыкновенно 0,805589 0,000389
необычайный 0,662167 0,000319
неожиданно 0,523865 0,000253
непомерный 1,565257 0,000755
непременно 0,133894 0,000065
непьющий 2,167317 0,001045
нерешимость 1,264227 0,000610
несколько 0,095435 0,000138
неслышный 1,389166 0,000670
нестерпимый 0,963197 0,000929
нетерпение 0,554533 0,000268
нибыть 0,030597 0,000015
никак 0,396465 0,000191
никогда 0,088136 0,000043
никто 0,095435 0,000046
ничего 0,030597 0,000015
новый 0,167317 0,000161
нога 0,213075 0,000206
ночь 0,189594 0,000183
оба 0,316059 0,000152
обдумать 0,936868 0,000452
обежать 1,690196 0,000815
облить 1,866287 0,000900
облокотиться 1,125925 0,000543
обман 1,021189 0,000493
обмануть 0,787106 0,000380
обозначать 1,468347 0,000708
обходить 1,322219 0,001276
общественный 0,000000 0,000000
огород 1,389166 0,000670
огородить 1,866287 0,000900
огорошить 1,468347 0,000708
одеться 1,167317 0,000563
один 0,000000 0,000000
одр 1,322219 0,000638
ожидание 0,662167 0,000319
озираться 1,213075 0,000585
окно 0,381987 0,002580
окошко 1,021189 0,000985
окрестность 1,389166 0,000670
омерзение 1,322219 0,001276
он 0,000000 0,000000
они 0,275223 0,000133
опасный 0,845098 0,000408
опубликовать 0,000000 0,000000
опять 0,027438 0,000106
осветить 1,053374 0,002541
ослабеть 1,088136 0,000525
осмыслить 1,021189 0,000493
остальной 0,367977 0,000178
остановиться 0,269690 0,000130
отбросить 1,468347 0,000708
ответ 0,322219 0,000155
ответить 0,121994 0,000118
отвиснуть 1,866287 0,000900
отворить 0,486076 0,000938
отец 0,091770 0,000044
отлучиться 1,213075 0,000585
отнюдь 0,824895 0,000398
отойти 0,845098 0,000815
отпереть 0,805589 0,000389
отпирать 1,866287 0,000900
отскочить 1,213075 0,001170
оттереть 2,167317 0,001045
оттудов 1,690196 0,000815
отцеубивец 1,690196 0,001631
офицер 0,752344 0,000363
оформление 0,000000 0,000000
очевидный 0,554533 0,000535
очень 0,024303 0,000012
очнуться 0,752344 0,000363
ощупывать 1,866287 0,000900
павлович 0,286504 0,001520
падучий 0,936868 0,000452
пакет 0,963197 0,000465
палец 0,486076 0,000234
парень 1,125925 0,001086
первый 0,018098 0,000009
перебежать 1,690196 0,000815
передать 0,381987 0,000184
передний 0,963197 0,000465
переждать 1,213075 0,001170
перейти 0,000000 0,000000
перелезать 1,690196 0,000815
перелезть 1,565257 0,002265
перепрыгнуть 2,167317 0,001045
перескочить 0,991226 0,000478
переулок 1,053374 0,001524
пестик 1,167317 0,002252
платок 0,675956 0,000978
племянник 1,125925 0,000543
плетень 1,389166 0,000670
плечо 0,403889 0,000195
побежать 0,468347 0,000678
побыть 1,565257 0,000755
поверженный 1,264227 0,000610
повернуться 0,495219 0,000239
повстречаться 1,690196 0,000815
повязка 2,167317 0,002091
подборка 0,000000 0,000000
подкупить 1,468347 0,000708
подле 0,419129 0,000202
подняться 0,443041 0,000427
подойти 0,341243 0,000494
подпоясать 1,690196 0,000815
подробность 0,477121 0,000230
подскочить 0,991226 0,000956
подумать 0,185046 0,000536
пожирать 1,866287 0,000900
позвать 0,704919 0,000680
пойти 0,080958 0,000039
показать 0,292256 0,000141
полный 0,253503 0,000122
половина 0,396465 0,000191
полосатый 2,167317 0,001045
полоумный 1,167317 0,000563
полрюмочка 1,866287 0,000900
полушёпот 1,389166 0,000670
померещиться 1,264227 0,000610
помнить 0,167317 0,000404
помощие 1,690196 0,000815
попасть 0,533849 0,000258
попасться 1,125925 0,000543
поперёк 1,565257 0,000755
поразить 0,243038 0,000117
порядок 0,704919 0,000340
посетитель 0,991226 0,000956
последний 0,066947 0,000032
посмертно 0,000000 0,000000
поспешить 0,704919 0,000340
постель 0,662167 0,000319
постоялый 1,088136 0,000525
постоять 0,690196 0,000333
постучать 1,565257 0,000755
постучаться 1,264227 0,000610
потихоньку 0,912045 0,000440
потом 0,084532 0,000245
потому 0,024303 0,000012
почему 0,099131 0,000143
почти 0,024303 0,000012
почувствовать 0,426955 0,000206
поясница 1,468347 0,002125
право 0,176091 0,000085
правый 0,495219 0,000717
пред 0,030597 0,000074
предание 1,322219 0,000638
предать 0,866287 0,000418
предстать 1,264227 0,000610
предупредительно 1,565257 0,000755
предчувствие 0,912045 0,000440
предчувствовать 0,504560 0,000243
прибавить 0,162996 0,000079
прибыть 0,704919 0,000340
привычка 0,769377 0,000371
пригорюниться 1,866287 0,000900
приготовить 0,675956 0,000326
прижизненный 0,000000 0,000000
прииск 1,322219 0,000638
прийти 0,095435 0,000046
приказать 0,752344 0,000726
прилив 1,389166 0,000670
приложить 0,963197 0,000929
приподнять 1,167317 0,000563
приподняться 1,088136 0,000525
припоминать 0,648803 0,000313
припомнить 0,533849 0,000515
прислать 0,403889 0,000195
прислушаться 1,565257 0,000755
прислушиваться 1,088136 0,001575
притаиться 1,690196 0,001631
пробегать 1,389166 0,000670
пробежать 1,213075 0,001170
проговорить 0,110412 0,000160
программирование 0,000000 0,000000
произведение 0,000000 0,000000
пройти 0,000000 0,000000
прокричать 0,599116 0,000578
проломить 1,264227 0,001220
пронестись 0,963197 0,000465
проснуться 0,735954 0,000710
простенок 1,565257 0,000755
простучать 1,690196 0,000815
противный 1,088136 0,000525
протянуть 0,486076 0,000469
профиль 2,167317 0,001045
проходить 0,576253 0,000278
прохожий 1,389166 0,000670
прохор 1,866287 0,000900
прошептать 0,587534 0,000567
прямо 0,118099 0,000171
публикация 0,000000 0,000000
пуститься 0,845098 0,000815
пустой 0,690196 0,000666
пять 0,222835 0,000107
равно 0,303994 0,000147
раз 0,309985 0,000299
разбитый 1,053374 0,000508
разглядеть 0,662167 0,000319
разглядывать 1,125925 0,001086
разговор 0,264227 0,000127
разделить 1,213075 0,000585
раздельный 1,690196 0,000815
разодеться 1,866287 0,000900
разом 0,389166 0,000188
разрешение 0,000000 0,000000
разувериться 1,690196 0,000815
рама 1,468347 0,000708
рассеянно 0,991226 0,000478
рассказывать 0,341243 0,000165
рассматривать 0,824895 0,000398
редкий 0,824895 0,000398
решение 0,533849 0,000258
решить 0,232819 0,000112
решиться 0,341243 0,000165
рубашка 1,088136 0,000525
рука 0,030597 0,000089
русский 0,411442 0,000198
сад 0,824895 0,001990
сайт 0,000000 0,000000
сам 0,002964 0,000003
самсонов 1,053374 0,000508
самый 0,018098 0,000052
сбоку 0,912045 0,000440
свет 0,176091 0,000085
свободно 0,000000 0,000000
свой 0,000000 0,000000
себя 0,000000 0,000000
сегодня 0,194189 0,000281
сейчас 0,070407 0,000034
секретный 1,213075 0,000585
секунда 0,565257 0,000545
семьдесят 0,000000 0,000000
сердце 0,095435 0,000276
сердцебиение 1,866287 0,000900
сидеть 0,125925 0,000061
сила 0,185046 0,000089
синяк 1,389166 0,000670
сказать 0,011981 0,000006
скомкать 1,565257 0,000755
скорый 0,237898 0,000115
скрадывать 1,866287 0,000900
сладостный 1,565257 0,000755
слева 1,866287 0,000900
следить 0,623249 0,000301
сломя 1,125925 0,000543
слышать 0,125925 0,000061
смердеть 1,053374 0,000508
смердяков 0,576253 0,001390
смотреть 0,077412 0,000075
смочь 1,264227 0,000610
сноровить 2,167317 0,001045
собрание 1,088136 0,000525
совершить 0,769377 0,000371
совесть 0,544068 0,000262
совсем 0,021189 0,000020
согласие 0,000000 0,000000
согласиться 0,396465 0,000191
создаться 2,167317 0,001045
сойти 0,495219 0,000239
сон 0,866287 0,000418
соображать 0,963197 0,000465
сообразить 0,690196 0,000333
соперник 1,053374 0,000508
сорок 0,845098 0,000408
соседский 1,565257 0,000755
соскочить 1,125925 0,000543
сочинение 1,468347 0,000708
спаленка 1,468347 0,000708
спальня 0,936868 0,000452
спать 0,495219 0,000717
спрыгнуть 2,167317 0,001045
стараться 0,648803 0,000626
старик 0,303994 0,001760
старший 0,587534 0,000283
стать 0,002964 0,000010
стена 0,533849 0,000258
стишок 1,322219 0,000638
стол 0,286504 0,000138
столик 0,845098 0,000408
столь 0,434924 0,000210
сторож 1,213075 0,000585
сторожить 1,088136 0,000525
сторона 0,110412 0,000213
стоять 0,150284 0,000217
странный 0,227798 0,000110
страшный 0,286504 0,000276
струя 2,167317 0,001045
ступить 1,021189 0,000493
сунуть 1,167317 0,000563
супруг 0,523865 0,000758
схватиться 1,088136 0,000525
схватывать 1,389166 0,000670
сюда 0,232819 0,000112
сюртук 0,912045 0,000440
также 0,000000 0,000000
такой 0,002964 0,000001
твердить 1,389166 0,000670
текст 0,000000 0,000000
темнота 0,866287 0,002507
темя 1,264227 0,000610
тень 1,213075 0,002341
теперь 0,015029 0,000058
терять 0,720159 0,000347
тимофей 1,264227 0,000610
тихий 0,544068 0,000262
тихо 0,354404 0,000171
тихонько 0,991226 0,000478
тишина 0,912045 0,000440
тогда 0,050046 0,000048
тоже 0,043466 0,000063
только 0,002964 0,000010
том 1,565257 0,000755
тонкий 0,720159 0,000347
тоска 0,599116 0,000578
тот 0,002964 0,000003
тотчас 0,046743 0,000135
точный 0,866287 0,000418
трава 1,866287 0,002701
тревога 0,648803 0,000313
третий 0,154480 0,000149
три 0,303994 0,000147
тропинка 1,468347 0,000708
туда 0,495219 0,000239
тщательно 1,322219 0,000638
тысяча 0,217927 0,000105
убедиться 0,623249 0,000301
убить 0,275223 0,000664
уведомить 1,125925 0,000543
увидать 0,434924 0,000210
угрызение 1,088136 0,000525
удержаться 0,888564 0,000429
уединённый 1,264227 0,000610
уехать 0,459747 0,000222
ужасно 0,167317 0,000242
узнать 0,106619 0,000206
улица 0,396465 0,000383
улыбаться 0,544068 0,000525
умерший 0,000000 0,000000
упасть 0,495219 0,000478
условный 1,690196 0,000815
услыхать 1,088136 0,001050
услышать 0,381987 0,000369
успеть 0,203530 0,000098
установиться 1,389166 0,000670
уход 1,264227 0,000610
фасад 2,167317 0,001045
феня 1,125925 0,001086
фёдор 0,434924 0,002727
фёдорович 0,150284 0,000072
халат 1,322219 0,000638
халатик 2,167317 0,001045
ход 0,963197 0,000465
ходить 0,213075 0,000103
хотеть 0,033778 0,000016
хоть 0,060107 0,000058
хохлаковый 0,690196 0,000333
христос 0,675956 0,000326
хромать 1,866287 0,000900
цыпочка 2,167317 0,001045
час 0,185046 0,000268
часть 0,002964 0,000003
чей 0,000000 0,000000
человек 0,011981 0,000023
череп 1,322219 0,000638
четыре 0,361137 0,000174
число 0,704919 0,000340
чистый 0,434924 0,000210
читаемый 2,167317 0,001045
читать 0,403889 0,000195
чихнуть 1,866287 0,000900
чрез 0,275223 0,000266
что 0,030597 0,000030
чтоб 0,073896 0,000036
чтобы 0,030597 0,000030
чувствовать 0,264227 0,000127
чудной 1,264227 0,000610
чуть 0,176091 0,000255
чёрточка 0,991226 0,000478
шаг 0,367977 0,000888
шевелиться 1,213075 0,001170
шептать 1,021189 0,000493
ширма 1,389166 0,001340
ширмочка 2,167317 0,001045
шнурок 1,690196 0,000815
шёлковый 1,053374 0,001016
щегольский 1,468347 0,000708
щека 0,623249 0,000301
энергически 1,389166 0,000670
это 0,002964 0,000003
этот 0,002964 0,000001
я 0,024303 0,000012
ягода 1,866287 0,000900
ярко 1,125925 0,000543
ясно 0,354404 0,000342
ясный 0,623249 0,000301
