автор 0,000000 0,000000
авторский 0,000000 0,000000
алексей 0,000000 0,000000
алеш 0,328468 0,002346
аллегория 1,690196 0,000549
алёшка 1,021189 0,000663
архиерей 1,389166 0,000451
архимандрит 2,167317 0,000704
атеист 0,963197 0,000313
атеистический 1,866287 0,000606
батюшка 0,635838 0,000826
бегать 0,912045 0,000296
бежать 0,434924 0,000282
беседовать 1,389166 0,000451
бесить 1,690196 0,000549
бескорыстие 1,866287 0,000606
беспутник 2,167317 0,000704
беспутно 2,167317 0,000704
беспутный 1,389166 0,000451
бессилие 1,021189 0,000332
бессмертие 1,322219 0,000859
библиотека 1,866287 0,001818
биться 0,623249 0,000202
благоглупость 1,866287 0,000606
благоговеть 1,389166 0,000451
благородство 0,888564 0,000288
благословить 0,735954 0,000478
благословлять 1,053374 0,000342
блестеть 1,322219 0,000429
близкий 0,477121 0,000155
бог 0,154480 0,000050
богатенький 2,167317 0,000704
богатый 0,587534 0,000191
богословский 1,866287 0,000606
более 0,000000 0,000000
больно 0,787106 0,000256
бояться 0,158717 0,000052
браниться 0,936868 0,000304
брат 0,060107 0,000390
братец 0,991226 0,002253
братство 1,468347 0,000477
бросить 0,269690 0,000088
брякнуть 1,468347 0,001430
будущее 0,735954 0,000239
будущий 0,824895 0,000268
бурный 1,690196 0,000549
бывший 0,389166 0,000126
быдтый 2,167317 0,002111
быть 0,000000 0,000000
ваш 0,121994 0,000158
вдохновение 1,053374 0,000342
вдруг 0,005949 0,000023
ведь 0,043466 0,000268
вековой 1,866287 0,000606
великий 0,341243 0,000222
великое 0,888564 0,000577
велита 0,963197 0,000313
верить 0,180546 0,000117
верно 0,523865 0,000170
верный 0,495219 0,000161
веровать 0,704919 0,000458
весело 0,648803 0,000421
весь 0,002964 0,000009
весьма 0,243038 0,000237
вещь 0,411442 0,000134
вздрагивать 1,021189 0,000332
вздрогнуть 0,486076 0,000158
взять 0,077412 0,000050
видеть 0,027438 0,000062
видимо 0,328468 0,000107
визит 0,845098 0,000274
вилять 1,213075 0,000394
вкопать 1,468347 0,000477
влюбиться 0,963197 0,000625
вместо 0,411442 0,000134
вновь 0,720159 0,000234
внутренний 0,936868 0,000304
вознаграждение 0,000000 0,000000
возражать 0,963197 0,000313
войлок 1,866287 0,000606
воля 0,576253 0,000187
вопрос 0,146128 0,000190
воровство 1,389166 0,000451
восклицать 0,533849 0,000173
вослед 1,565257 0,000508
воспаление 1,565257 0,000508
воспевать 1,565257 0,001016
вострый 1,690196 0,000549
вперёд 0,426955 0,000139
вполне 0,316059 0,000103
впредь 0,752344 0,000244
впрямь 0,769377 0,000250
время 0,018098 0,000012
всегда 0,129891 0,000084
всегдашний 0,991226 0,000322
вскричать 0,253503 0,000247
вслух 0,533849 0,000173
вспомнить 0,434924 0,000141
всякий 0,106619 0,000035
второй 0,217927 0,000142
въявь 2,167317 0,000704
вы 0,232819 0,000151
выборгский 2,167317 0,000704
выгодный 1,167317 0,000379
выйти 0,063514 0,000041
вымолвить 1,088136 0,000353
выносить 0,888564 0,000288
выплата 0,000000 0,000000
выразить 0,599116 0,000389
выразиться 0,504560 0,000164
вырваться 0,565257 0,000367
высказать 0,523865 0,000170
высматривать 1,167317 0,000379
выстроить 1,690196 0,000549
выше 0,720159 0,000234
генерал 0,504560 0,000164
глаз 0,056728 0,000037
глубина 0,866287 0,000563
глупо 0,845098 0,000274
глупый 0,419129 0,000544
глядеть 0,243038 0,000158
говорить 0,011981 0,000035
голова 0,114239 0,000037
голос 0,208276 0,000068
голыш 1,690196 0,000549
гора 0,805589 0,000785
город 0,248239 0,000081
городской 0,936868 0,000304
господин 0,208276 0,000068
господь 0,374926 0,000122
гроб 0,888564 0,000288
грушенек 0,787106 0,001022
грушенька 0,544068 0,001060
губа 0,411442 0,000134
губерния 0,991226 0,000322
давеча 0,232819 0,000076
давить 1,021189 0,000332
давно 0,158717 0,000155
даже 0,005949 0,000021
далёкий 0,411442 0,000267
дать 0,171682 0,000056
два 0,198834 0,000129
движение 0,648803 0,000211
дворянин 1,167317 0,001137
дворянка 2,167317 0,000704
девка 1,021189 0,000332
девственник 1,866287 0,001818
действительно 0,106619 0,000104
делишки 1,389166 0,000451
дело 0,011981 0,000008
денежка 1,322219 0,000859
деньга 0,185046 0,000360
держать 0,403889 0,000262
дескать 0,419129 0,000544
десятка 1,468347 0,000477
дивиться 0,787106 0,000256
длинный 0,495219 0,000161
дмитрий 0,396465 0,000901
добродетель 0,912045 0,000592
довести 0,720159 0,000468
довольно 0,129891 0,000127
догадаться 0,554533 0,000360
договаривать 1,264227 0,000821
дойти 0,389166 0,000253
должный 0,099131 0,000129
дом 0,154480 0,000050
дорога 0,275223 0,000089
дорожка 1,389166 0,001353
достигнуть 0,662167 0,000215
достоевский 0,000000 0,000000
достойный 0,888564 0,000577
достояние 0,000000 0,000000
дочь 0,374926 0,000122
драгоценный 0,912045 0,000296
дразнить 0,845098 0,000274
древний 0,936868 0,000304
дрожать 0,426955 0,000139
друг 0,180546 0,000117
другой 0,008955 0,000012
думать 0,060107 0,000254
дурак 0,611015 0,000198
дурной 0,611015 0,000198
душа 0,158717 0,000155
дышать 0,866287 0,000281
евангелие 1,053374 0,000342
единоутробный 1,866287 0,000606
если 0,011981 0,000027
естественный 1,021189 0,000332
есть 0,018098 0,000053
ехать 0,587534 0,000191
жалование 1,125925 0,000366
ждать 0,142011 0,000092
железный 0,752344 0,000244
жениться 0,554533 0,000720
женский 0,623249 0,000607
женщина 0,213075 0,000138
жидишко 2,167317 0,000704
жилец 1,088136 0,000353
жить 0,217927 0,000142
журнал 1,322219 0,000859
забыть 0,125925 0,000041
завет 1,389166 0,000451
загадка 0,787106 0,000511
заговорить 0,334808 0,000109
задать 0,866287 0,000281
заклад 0,824895 0,000268
заключать 0,787106 0,000256
заключаться 0,635838 0,000206
заметить 0,056728 0,000055
занимать 0,787106 0,000256
запомнить 0,576253 0,000748
запрет 1,866287 0,000606
зарезать 0,963197 0,000313
затем 0,237898 0,000077
зато 0,468347 0,000456
захватить 0,587534 0,000191
зачать 1,565257 0,000508
зачем 0,146128 0,000047
здесь 0,095435 0,000124
земной 0,845098 0,000549
злоба 0,523865 0,000170
злорадство 1,565257 0,000508
знакомый 0,486076 0,000158
знать 0,002964 0,000014
значит 0,243038 0,000552
зосим 0,912045 0,000888
иван 0,232819 0,001209
иванов 1,866287 0,000606
иванович 0,269690 0,000613
игумен 1,167317 0,001895
идти 0,180546 0,000059
известно 0,334808 0,000109
извинить 0,611015 0,000397
изволить 0,477121 0,000155
изгиб 1,468347 0,000477
издавать 1,866287 0,000606
изменить 0,769377 0,000250
измениться 0,735954 0,000239
изобразиться 1,389166 0,000451
икона 1,167317 0,000379
именно 0,066947 0,000022
иметь 0,118099 0,000153
интересоваться 0,787106 0,000256
исидор 2,167317 0,000704
искать 0,411442 0,000267
использоваться 0,000000 0,000000
испытывать 1,389166 0,000451
источник 1,565257 0,000508
итак 0,805589 0,000262
кабак 1,565257 0,000508
кабачный 2,167317 0,000704
каждый 0,137934 0,000045
казаться 0,063514 0,000041
какой 0,005949 0,000025
каменный 1,213075 0,000394
камень 0,787106 0,000256
канава 1,866287 0,000606
капитальный 1,167317 0,000379
карамазов 0,180546 0,000586
карамазовский 1,088136 0,000353
карьера 0,936868 0,000608
карьерист 1,565257 0,001016
катенька 1,690196 0,000549
катерина 0,587534 0,001526
келья 0,991226 0,000322
кланяться 1,053374 0,000342
книга 0,106619 0,000104
когда 0,015029 0,000020
колебаться 1,088136 0,000353
коли 0,269690 0,000088
коляска 0,991226 0,000322
комар 0,000000 0,000000
комната 0,150284 0,000049
комнатка 1,053374 0,000342
конец 0,213075 0,000346
конечно 0,060107 0,000078
кончина 1,322219 0,000429
корчить 1,866287 0,000606
который 0,002964 0,000005
кошель 2,167317 0,000704
кошка 1,389166 0,000451
красота 0,720159 0,000701
крест 0,690196 0,000224
креститься 1,468347 0,000477
кривой 1,167317 0,000758
крикнуть 0,292256 0,000190
критика 1,213075 0,000394
кричать 0,303994 0,000296
кровать 1,021189 0,000995
кроме 0,158717 0,000052
кроткий 0,912045 0,000296
крыльцо 0,787106 0,000256
кстати 0,468347 0,000304
кто 0,114239 0,000111
куда 0,248239 0,000081
купчишка 1,565257 0,000508
кухня 0,888564 0,000577
лакомствовать 1,866287 0,000606
лежать 0,243038 0,000079
лезть 0,936868 0,000608
лес 1,053374 0,000342
лесной 1,690196 0,000549
либеральный 1,264227 0,000410
либо 0,000000 0,000000
литейная 1,322219 0,000429
литература 1,468347 0,000477
литературный 1,264227 0,000410
лицо 0,000000 0,000000
лично 0,720159 0,000234
лоб 1,167317 0,001895
лоск 1,565257 0,000508
любить 0,066947 0,000109
любовь 0,334808 0,000217
любой 0,000000 0,000000
любопытно 0,845098 0,000274
любопытный 0,648803 0,000211
любострастный 2,167317 0,000704
максим 1,125925 0,000366
маленький 0,185046 0,000180
малин 2,167317 0,001407
мать 0,217927 0,000142
махать 0,963197 0,000313
мебель 1,021189 0,000332
между 0,129891 0,000127
мера 0,217927 0,000071
место 0,099131 0,000129
метать 1,565257 0,000508
миллион 0,888564 0,000288
милость 0,845098 0,000274
милый 0,322219 0,000105
мир 0,523865 0,000340
мирской 1,322219 0,000429
митенька 1,264227 0,003284
митя 0,451314 0,000293
миусов 0,936868 0,000608
михаил 1,021189 0,000332
миша 1,690196 0,002744
много 0,080958 0,000079
можно 0,088136 0,000086
мозг 1,021189 0,000663
мой 0,077412 0,000075
молитва 0,888564 0,000288
молить 0,769377 0,000250
молиться 0,866287 0,000281
момент 0,000000 0,000000
монастырь 0,533849 0,000693
мост 1,468347 0,000477
мочь 0,000000 0,000000
мудрёный 1,213075 0,000394
мужик 0,675956 0,000219
музыка 0,963197 0,000313
мучение 0,963197 0,000313
мысль 0,114239 0,000223
наблюдать 0,587534 0,000191
наверно 0,264227 0,000172
навязать 1,565257 0,000508
надо 0,036984 0,000012
надобный 0,866287 0,000563
назад 0,000000 0,000000
название 1,088136 0,000353
назвать 0,635838 0,000206
назначить 0,787106 0,000256
называть 0,477121 0,000155
найти 0,298086 0,000290
налой 1,866287 0,000606
написать 0,000000 0,000000
направление 1,088136 0,000353
напрасно 0,805589 0,000262
напрокудить 2,167317 0,000704
напророчествовать 2,167317 0,000704
напустить 1,690196 0,000549
нарочно 0,227798 0,000074
насчёт 0,354404 0,000115
наука 0,787106 0,000256
нахмуриться 0,769377 0,000250
находиться 0,514105 0,000167
начало 0,243038 0,000158
наш 0,118099 0,000038
нева 1,565257 0,000508
невеста 0,720159 0,001169
невоздержный 2,167317 0,000704
невозможно 0,411442 0,000134
недалёкий 1,866287 0,000606
неделя 0,374926 0,000122
недостойный 0,866287 0,000281
неизвестный 0,936868 0,000304
нелепый 0,845098 0,000274
нельзя 0,176091 0,000114
необходимый 0,599116 0,000195
необычайный 0,662167 0,000215
неожиданный 0,419129 0,000136
непочтительно 1,866287 0,001212
непременно 0,133894 0,000130
неравнодушный 1,866287 0,000606
неразрешимый 1,322219 0,000429
неразрешённый 1,866287 0,000606
неслыханный 1,264227 0,000410
несомненно 0,704919 0,000229
несравненный 2,167317 0,000704
неужели 0,389166 0,000126
неужто 0,599116 0,000195
неустанно 1,167317 0,000379
нечаянно 0,752344 0,000244
нечего 0,381987 0,000124
нечто 0,389166 0,000253
нибыть 0,030597 0,000040
никак 0,396465 0,000129
никогда 0,088136 0,000086
никто 0,095435 0,000062
ничего 0,030597 0,000030
новый 0,167317 0,000054
нога 0,213075 0,000069
нож 1,167317 0,000758
ножка 0,912045 0,001184
нужный 0,477121 0,000310
оба 0,316059 0,000308
обворожитель 2,167317 0,000704
обдумывать 1,053374 0,000342
обед 0,690196 0,000672
обидеть 0,720159 0,000234
обижать 1,053374 0,000342
ободрить 0,963197 0,000313
оборот 1,389166 0,000451
общественный 0,000000 0,000000
объяснить 0,374926 0,000122
ограда 1,264227 0,000410
один 0,000000 0,000000
однако 0,102859 0,000033
одолжить 1,565257 0,000508
ожениться 2,167317 0,000704
ожидовеять 2,167317 0,000704
означать 1,021189 0,000663
около 0,443041 0,000432
он 0,000000 0,000000
опоздать 0,866287 0,000281
определение 1,565257 0,000508
опубликовать 0,000000 0,000000
опуститься 0,888564 0,000288
опять 0,027438 0,000036
оскорблять 1,322219 0,000429
осмелиться 0,769377 0,000250
оставить 0,203530 0,000132
остальной 0,367977 0,000119
остановиться 0,269690 0,000263
остаться 0,133894 0,000130
остервениться 2,167317 0,000704
отбивать 1,322219 0,000429
отвергнуть 0,991226 0,000322
ответ 0,322219 0,000105
ответить 0,121994 0,000079
отвечать 0,258832 0,000084
отводить 1,690196 0,000549
отвязаться 1,389166 0,000451
отгадывать 2,167317 0,000704
отдать 0,381987 0,000124
отделение 1,213075 0,000394
отделывать 2,167317 0,000704
отделять 1,690196 0,000549
отец 0,091770 0,000358
отечество 1,264227 0,000410
откладывать 1,468347 0,000477
отметить 0,991226 0,000322
отныне 1,565257 0,000508
отобедать 1,866287 0,000606
оторваться 1,021189 0,000332
оттенок 0,991226 0,000644
отходить 0,824895 0,000268
оформление 0,000000 0,000000
очень 0,024303 0,000008
ошибаться 0,824895 0,000536
палка 1,213075 0,000394
папаша 0,912045 0,000592
папенька 1,468347 0,001430
пахатов 2,167317 0,000704
певец 2,167317 0,000704
первый 0,018098 0,000029
переведать 2,167317 0,000704
перевести 0,888564 0,000288
передать 0,381987 0,000124
перейти 0,000000 0,000000
перекоситься 1,167317 0,000379
перенести 0,704919 0,000229
пересекать 2,167317 0,000704
перефразировать 2,167317 0,000704
переход 1,866287 0,000606
переходить 0,991226 0,000322
петербург 0,434924 0,000424
печатать 1,468347 0,000477
писать 0,419129 0,000136
плакать 0,328468 0,000107
плен 1,690196 0,000549
плохой 0,533849 0,000173
повстречаться 1,690196 0,000549
повторять 0,396465 0,000129
подавать 0,866287 0,000281
подбор 2,167317 0,000704
подборка 0,000000 0,000000
поджидать 1,213075 0,000394
подлец 0,554533 0,000360
подлость 1,053374 0,001368
подлый 0,675956 0,000219
поднять 0,396465 0,000129
подняться 0,443041 0,000144
подождать 0,587534 0,000382
подозревать 0,504560 0,000164
подписной 2,167317 0,000704
подробность 0,477121 0,000155
подслушать 1,866287 0,000606
подумать 0,185046 0,000120
пожалуй 0,237898 0,000309
позволить 0,264227 0,000172
пойти 0,080958 0,000079
пока 0,213075 0,000415
показаться 0,334808 0,000109
поклон 0,787106 0,001022
покойник 1,053374 0,000342
покорный 1,389166 0,000451
покраснеть 0,504560 0,000328
полковничий 2,167317 0,000704
положим 0,720159 0,000234
польститься 2,167317 0,001407
помешать 0,963197 0,000313
помещик 0,805589 0,000262
помнить 0,167317 0,000109
помогать 0,845098 0,000274
поневоле 1,167317 0,000379
понимать 0,095435 0,000155
понять 0,106619 0,000208
поповский 2,167317 0,000704
поравняться 1,468347 0,000477
поразить 0,243038 0,000079
порода 1,690196 0,000549
порознь 1,565257 0,000508
порфирий 1,468347 0,000477
порядок 0,704919 0,000229
посетитель 0,991226 0,000644
посещать 0,845098 0,000274
после 0,084532 0,000055
последний 0,066947 0,000022
послушание 1,213075 0,000394
посмертно 0,000000 0,000000
посметь 0,936868 0,000304
посмотреть 0,213075 0,000069
поспеть 1,053374 0,000342
поспешать 1,468347 0,000477
поспешить 0,704919 0,000458
постричься 1,866287 0,000606
посылать 0,787106 0,000256
потом 0,084532 0,000055
потому 0,024303 0,000047
почему 0,099131 0,000193
почти 0,024303 0,000008
пошевелить 1,866287 0,000606
пошляк 2,167317 0,001407
правда 0,088136 0,000086
праведник 1,125925 0,000366
право 0,176091 0,000057
пред 0,030597 0,000030
предложение 0,769377 0,000250
предозначать 2,167317 0,000704
предполагать 0,991226 0,000322
предрекать 1,468347 0,000953
предречь 1,468347 0,000477
предугадать 1,690196 0,000549
прежде 0,077412 0,000050
презирать 0,662167 0,001290
презрение 0,554533 0,000180
прельстительный 2,167317 0,001407
прельстить 1,322219 0,000429
прервать 0,623249 0,000202
преставиться 1,468347 0,000477
преступление 0,623249 0,000607
преступник 0,845098 0,000274
прибавить 0,162996 0,000053
прибавлять 1,088136 0,000353
прибить 1,125925 0,000731
прибудеш 2,167317 0,000704
привести 0,576253 0,000561
пригодиться 1,088136 0,000353
приданое 1,125925 0,000366
прижизненный 0,000000 0,000000
признание 0,824895 0,000268
признаться 0,443041 0,000144
прийти 0,095435 0,000031
примкнуть 1,468347 0,000477
принимать 0,328468 0,000107
приобрести 0,912045 0,000296
прислуживать 1,213075 0,000394
прислужить 1,866287 0,001818
пристально 0,389166 0,000126
притом 0,769377 0,000250
причина 0,396465 0,000129
пробормотать 0,316059 0,000103
провожать 0,936868 0,000304
проговорить 0,110412 0,000072
программирование 0,000000 0,000000
продать 0,824895 0,000268
проделать 1,690196 0,000549
проектироваться 1,866287 0,000606
прозвучать 1,468347 0,000477
прозорливый 1,690196 0,000549
произведение 0,000000 0,000000
произойти 0,258832 0,000252
пройти 0,000000 0,000000
променять 1,322219 0,000429
пронюхать 1,690196 0,000549
пророчество 1,389166 0,000451
просить 0,150284 0,000195
прошлый 0,735954 0,000239
публикация 0,000000 0,000000
публичный 1,565257 0,001016
пускать 1,021189 0,000332
пускаться 1,264227 0,000410
пусть 0,253503 0,000247
пушкин 1,167317 0,000379
пырнуть 1,468347 0,000477
пьяный 0,451314 0,000293
пятьсот 0,936868 0,000304
работать 0,845098 0,000549
равенство 1,322219 0,000429
ради 0,752344 0,000244
радоваться 0,888564 0,000577
разве 0,146128 0,000095
развратный 1,021189 0,000332
разглядеть 0,662167 0,000215
разгорячиться 1,088136 0,000707
раздельный 1,690196 0,000549
раздражение 0,888564 0,000288
разнести 1,389166 0,000451
разобрать 0,888564 0,000288
разом 0,389166 0,000253
разрешение 0,000000 0,000000
разрешить 0,824895 0,000268
разумеется 0,328468 0,000107
разъяснить 0,662167 0,000215
ракитин 0,787106 0,002811
расславить 2,167317 0,000704
расчёт 0,611015 0,000198
ребёнок 0,232819 0,000076
ревновать 1,021189 0,000995
редакция 1,468347 0,000477
резко 0,648803 0,000211
решиться 0,341243 0,000111
родня 1,213075 0,000788
родственница 1,021189 0,001658
родство 1,468347 0,000477
роковой 0,704919 0,000229
россия 0,514105 0,000167
ругать 1,264227 0,000821
ругаться 1,322219 0,000429
рука 0,030597 0,000020
руководство 1,389166 0,000451
русский 0,411442 0,000134
ряска 1,690196 0,000549
садиться 0,486076 0,000158
сайт 0,000000 0,000000
сам 0,002964 0,000004
самсонов 1,053374 0,000342
самый 0,018098 0,000006
сапог 0,805589 0,000262
сарказм 1,565257 0,000508
сбыться 1,264227 0,000410
свет 0,176091 0,000057
свобода 1,021189 0,000332
свободно 0,000000 0,000000
свой 0,000000 0,000000
связь 0,824895 0,000268
святой 0,468347 0,000456
святоша 2,167317 0,000704
сделать 0,102859 0,000033
сдержать 0,752344 0,000244
сдуру 2,167317 0,000704
себя 0,000000 0,000000
сегодня 0,194189 0,000252
сейчас 0,070407 0,000046
семейка 1,565257 0,000508
семейство 0,451314 0,000147
семинарист 1,264227 0,000821
семьдесят 0,000000 0,000000
сердце 0,095435 0,000031
сжаться 1,690196 0,000549
сидеть 0,125925 0,000082
сие 0,611015 0,000198
сила 0,185046 0,000120
сильный 0,269690 0,000175
сказать 0,011981 0,000023
скандал 0,845098 0,001098
скит 1,053374 0,000684
скоро 0,298086 0,000097
скорый 0,237898 0,000232
сладострастие 1,264227 0,001231
сладострастник 1,167317 0,002274
следить 0,623249 0,000202
следующий 0,866287 0,000281
слеза 0,275223 0,000089
слепо 1,690196 0,000549
слово 0,027438 0,000036
слуга 0,599116 0,000195
случай 0,146128 0,000142
случиться 0,292256 0,000285
слушать 0,203530 0,000132
слыхать 0,675956 0,000219
слышать 0,125925 0,000327
слюна 1,468347 0,000477
смердеть 1,053374 0,000342
смешной 0,565257 0,000184
смеяться 0,171682 0,000111
смотреть 0,077412 0,000075
смутиться 0,805589 0,000262
смысл 0,523865 0,000170
снова 0,565257 0,000367
соблазнительный 1,468347 0,000477
собрание 1,088136 0,000353
собственный 0,264227 0,000086
совсем 0,021189 0,000021
согласие 0,000000 0,000000
согласиться 0,396465 0,000129
согласный 0,565257 0,000184
соглашаться 0,963197 0,000313
содержанка 1,565257 0,000508
сознать 1,088136 0,000353
сознаться 0,769377 0,000500
сойти 0,495219 0,000161
сомневаться 0,752344 0,000244
сообщить 0,434924 0,000141
сосна 1,565257 0,000508
состукнуться 1,866287 0,000606
соус 1,866287 0,000606
сохнуть 2,167317 0,000704
сохранить 0,690196 0,000448
социализм 1,322219 0,000859
социалистический 2,167317 0,000704
сочинение 1,468347 0,000477
спаленка 1,468347 0,000477
спальня 0,936868 0,000304
сподобить 2,167317 0,000704
спокойствие 0,888564 0,000288
способный 0,587534 0,000382
спрашивать 0,232819 0,000076
спросить 0,114239 0,000185
спятить 1,468347 0,000477
срываться 1,565257 0,000508
старец 0,611015 0,002182
старик 0,303994 0,000099
старикашка 1,167317 0,000379
старое 0,866287 0,000281
старый 0,374926 0,000122
статейка 1,565257 0,000508
стать 0,002964 0,000009
статья 0,991226 0,000322
стащить 1,690196 0,000549
стих 0,735954 0,000239
стоить 0,189594 0,000123
стол 0,286504 0,000372
столкновение 1,690196 0,000549
столкнуться 1,264227 0,000410
столь 0,434924 0,000141
сторона 0,110412 0,000072
стоять 0,150284 0,000049
странно 0,354404 0,000115
странствовать 1,866287 0,000606
страшно 0,434924 0,000141
стукнуться 1,565257 0,001525
стул 0,434924 0,000141
ступать 0,587534 0,001145
стяжатель 2,167317 0,000704
судорога 0,991226 0,000322
сущность 0,675956 0,000219
счастие 0,451314 0,000147
счастливый 0,451314 0,000147
счесть 0,888564 0,000288
счёт 0,623249 0,000405
сынок 1,213075 0,000394
сыночек 1,565257 0,000508
таинственный 0,991226 0,000644
также 0,000000 0,000000
таки 0,066947 0,000022
такой 0,002964 0,000011
тварь 0,866287 0,000281
твой 0,258832 0,001429
текст 0,000000 0,000000
текущий 1,389166 0,000451
тело 0,720159 0,000468
тема 0,735954 0,000239
теория 1,565257 0,001525
теперь 0,015029 0,000039
тихо 0,354404 0,000230
тихоня 2,167317 0,001407
тогда 0,050046 0,000016
тоже 0,043466 0,000042
толкование 1,213075 0,000394
толстой 1,088136 0,000353
только 0,002964 0,000015
том 1,565257 0,000508
тоска 0,599116 0,000195
тот 0,002964 0,000008
точность 0,735954 0,000239
трактир 0,720159 0,000234
тревожный 0,866287 0,000281
третий 0,154480 0,000050
трое 0,752344 0,000244
трудно 0,459747 0,000149
трястись 1,125925 0,000731
ты 0,133894 0,001174
тысяча 0,217927 0,000212
тюфяк 1,167317 0,000379
тяпнуть 1,389166 0,000902
тёмный 0,523865 0,000170
убийца 0,704919 0,000458
увлечение 1,021189 0,000332
угол 0,341243 0,000111
уголовный 1,322219 0,000429
уголовщина 1,866287 0,001818
уголок 1,125925 0,000366
удержаться 0,888564 0,000577
удостоивать 1,264227 0,000410
уехать 0,459747 0,000299
ужасный 0,322219 0,000105
узенький 1,389166 0,000451
узреть 1,264227 0,000410
уйти 0,248239 0,000081
украсть 0,805589 0,000262
улыбнуться 0,426955 0,000277
умерший 0,000000 0,000000
умный 0,403889 0,000131
усадить 0,963197 0,000313
усесться 0,662167 0,000215
усмехаться 0,805589 0,000262
усмехнуться 0,374926 0,000365
уступать 1,053374 0,000342
утвердительно 1,125925 0,000366
ухо 0,991226 0,000322
уходить 0,328468 0,000107
фанфарон 1,866287 0,000606
фокус 1,565257 0,000508
фёдор 0,434924 0,000282
фёдорович 0,150284 0,000439
хвастунишка 2,167317 0,000704
ходить 0,213075 0,000069
хороший 0,077412 0,000050
хотеть 0,033778 0,000022
хотеться 0,292256 0,000285
хоть 0,060107 0,000039
хотя 0,050046 0,000097
храм 1,213075 0,000394
христос 0,675956 0,000219
цель 0,361137 0,000117
цена 1,021189 0,000332
цыганка 1,264227 0,000410
час 0,185046 0,000120
часто 0,292256 0,000095
часть 0,002964 0,000003
часы 0,787106 0,000256
чей 0,000000 0,000000
человек 0,011981 0,000019
человечек 1,088136 0,000353
человечество 0,866287 0,000281
через 0,258832 0,000084
черта 0,264227 0,000686
честной 0,587534 0,000191
честный 0,735954 0,000956
честь 0,403889 0,000131
четвёртый 0,286504 0,000093
числиться 1,690196 0,000549
число 0,704919 0,000229
читаемый 2,167317 0,000704
читать 0,403889 0,000262
чрезвычайно 0,217927 0,000071
что 0,030597 0,000089
чтоб 0,073896 0,000024
чтобы 0,030597 0,000060
чужой 0,662167 0,000215
шаг 0,367977 0,000119
шестьдесят 1,021189 0,000663
школьный 1,565257 0,000508
штука 0,912045 0,000296
шут 0,991226 0,000322
шутить 0,845098 0,000274
шутка 0,675956 0,000219
эмблема 1,866287 0,000606
этаж 1,167317 0,000379
это 0,002964 0,000007
этот 0,002964 0,000009
юноша 0,912045 0,000296
юродивый 1,088136 0,001060
я 0,024303 0,000087
явный 1,167317 0,000379
язык 0,611015 0,000198
ясно 0,354404 0,000230
