автор 0,000000 0,000000
авторский 0,000000 0,000000
агафья 1,565257 0,000384
аграфена 0,912045 0,000224
аквариум 2,167317 0,000531
александрович 0,504560 0,000124
алексей 0,000000 0,000000
алеш 0,328468 0,003624
алешенек 1,690196 0,000829
ангел 0,720159 0,001236
ангела 1,264227 0,000310
барыня 0,704919 0,000173
барышня 0,912045 0,003801
беда 0,662167 0,000162
бедный 0,328468 0,000161
бежать 0,434924 0,000107
без 0,599116 0,000294
безногий 1,468347 0,000360
безошибочно 1,565257 0,000384
бел 1,866287 0,000458
белый 0,720159 0,000177
бессловесный 1,468347 0,000360
бессознательно 1,125925 0,000276
бесчеловечный 1,322219 0,000324
бесчестный 0,888564 0,000436
библиотека 1,866287 0,001373
бисквит 2,167317 0,000531
благоговение 1,125925 0,000276
благодетельница 1,690196 0,000414
благородный 0,374926 0,000368
благосклонность 1,690196 0,000414
бледно 1,125925 0,000552
бледный 0,443041 0,000109
бог 0,154480 0,000151
бодрый 1,468347 0,000360
более 0,000000 0,000000
болезние 1,468347 0,000360
боль 0,690196 0,000169
больший 0,248239 0,000243
большой 0,056728 0,000083
бояться 0,158717 0,000078
бравада 2,167317 0,000531
брат 0,060107 0,000221
бровь 1,053374 0,000258
бросить 0,269690 0,000066
броситься 0,258832 0,000127
брызнуть 1,389166 0,000341
будто 0,099131 0,000024
будущее 0,735954 0,000180
бывало 0,554533 0,000136
быстро 0,232819 0,000057
быстрый 0,824895 0,000202
быть 0,000000 0,000000
важный 0,341243 0,000084
ваза 1,565257 0,000384
ваш 0,121994 0,000269
вбежать 1,021189 0,000501
ввести 0,963197 0,000236
вдвое 1,264227 0,000310
вдруг 0,005949 0,000028
ведь 0,043466 0,000117
велеть 0,576253 0,000424
великодушный 0,912045 0,000224
венера 1,866287 0,000458
вера 0,514105 0,000252
верить 0,180546 0,000089
верно 0,523865 0,000128
верный 0,495219 0,000243
верхний 1,053374 0,000258
веселить 1,565257 0,000384
веселиться 1,468347 0,000360
весь 0,002964 0,000012
весёлость 0,991226 0,000243
весёлый 0,389166 0,000095
вечно 0,824895 0,000809
взгляд 0,185046 0,000227
вздрогнуть 0,486076 0,000119
взять 0,077412 0,000057
вид 0,150284 0,000074
видеть 0,027438 0,000027
видеться 0,963197 0,000236
видимо 0,328468 0,000161
видно 0,504560 0,000124
визит 0,845098 0,000414
виноватый 0,328468 0,000081
властно 1,565257 0,000384
властность 2,167317 0,000531
вливаться 2,167317 0,000531
влюбить 0,752344 0,000184
влюбиться 0,963197 0,000236
вместе 0,208276 0,000204
внести 1,264227 0,000310
вовсе 0,150284 0,000074
возбуждение 1,021189 0,000751
вознаграждение 0,000000 0,000000
возраст 0,963197 0,000236
войти 0,137934 0,000068
волнение 0,361137 0,000089
волос 0,690196 0,000169
волшебница 1,866287 0,000458
вопрос 0,146128 0,000036
ворваться 1,167317 0,000286
воротиться 0,303994 0,000075
воскликнуть 0,269690 0,000198
воскресить 1,213075 0,000297
воспитание 0,936868 0,000230
восторг 0,419129 0,000308
восхитить 1,565257 0,000384
восхищение 1,167317 0,000286
вперёд 0,426955 0,000105
впечатление 0,389166 0,000191
вполне 0,316059 0,000077
впрочем 0,118099 0,000087
вразумить 1,468347 0,000360
время 0,018098 0,000009
всегда 0,129891 0,000032
всеять 0,888564 0,000218
вскочить 0,451314 0,000111
вскрикнуть 0,611015 0,000300
всплеснуть 0,787106 0,000193
вспыхнуть 0,805589 0,000395
встреча 0,554533 0,000136
встречаться 0,769377 0,000189
всякий 0,106619 0,000105
входить 0,477121 0,000117
вы 0,232819 0,000171
выбежать 0,752344 0,000553
выговор 1,468347 0,000360
выдаться 1,866287 0,000458
выделка 1,866287 0,000458
выйти 0,063514 0,000047
вынести 0,486076 0,000238
выплата 0,000000 0,000000
выражать 0,963197 0,000236
выражение 0,514105 0,000504
выраженный 1,866287 0,000458
выразиться 0,504560 0,000124
вырваться 0,565257 0,000139
высказать 0,523865 0,000385
высказывать 1,389166 0,000341
выслушать 0,426955 0,000105
высокий 0,213075 0,000209
выход 0,769377 0,000189
выходить 0,258832 0,000190
гармония 1,264227 0,000310
генеральша 0,912045 0,000224
главный 0,426955 0,000105
глаз 0,056728 0,000167
глупый 0,419129 0,000308
глядеть 0,243038 0,000238
гнушаться 1,690196 0,000414
говорить 0,011981 0,000038
год 0,292256 0,000143
голова 0,114239 0,000028
головка 1,167317 0,000286
голос 0,208276 0,000153
голосок 1,053374 0,000258
голубой 0,936868 0,000230
голубчик 0,565257 0,000139
гора 0,805589 0,000395
гораздо 0,443041 0,000326
гордость 0,587534 0,000144
гордый 0,576253 0,000283
гореть 0,735954 0,000361
горничная 1,088136 0,000534
горячо 0,544068 0,000133
госпожа 0,648803 0,000159
гость 0,434924 0,000107
готовый 0,367977 0,000090
граничить 1,866287 0,000458
грубый 0,824895 0,000404
грудь 0,443041 0,000109
грустно 0,735954 0,000180
грушенек 0,787106 0,002509
грушенька 0,544068 0,000133
губа 0,411442 0,000303
губка 1,264227 0,000620
гуляние 2,167317 0,000531
давать 0,253503 0,000124
давеча 0,232819 0,000342
давка 2,167317 0,000531
давно 0,158717 0,000195
даже 0,005949 0,000019
далёкий 0,411442 0,000101
дать 0,171682 0,000210
два 0,198834 0,000049
двадцать 0,303994 0,000075
дверь 0,258832 0,000063
движение 0,648803 0,000477
девица 0,648803 0,000159
девушка 0,533849 0,000262
действительно 0,106619 0,000026
делать 0,194189 0,000048
дело 0,011981 0,000012
день 0,118099 0,000087
деньга 0,185046 0,000318
детски 1,565257 0,000384
детский 0,752344 0,000369
детство 0,720159 0,000177
диван 0,648803 0,000636
диванчик 1,468347 0,000360
дитя 0,888564 0,000436
длинный 0,495219 0,000121
дмитрий 0,396465 0,000680
добро 0,963197 0,000236
доброта 0,991226 0,000243
добрый 0,303994 0,000224
доверчивый 1,213075 0,000595
довольно 0,129891 0,000032
догадаться 0,554533 0,000136
догнать 1,088136 0,000267
долго 0,222835 0,000055
должный 0,099131 0,000024
доложить 1,021189 0,000250
дом 0,154480 0,000114
домой 0,459747 0,000113
дорога 0,275223 0,000067
дорогой 0,451314 0,000111
досадовать 1,565257 0,000384
достоевский 0,000000 0,000000
достойный 0,888564 0,000436
достояние 0,000000 0,000000
дрожать 0,426955 0,000314
дрожь 1,264227 0,000310
друг 0,180546 0,000221
другой 0,008955 0,000013
думать 0,060107 0,000088
дура 0,936868 0,000230
дурно 0,888564 0,000218
дурной 0,611015 0,000599
дух 0,486076 0,000119
душа 0,158717 0,000039
душить 1,866287 0,000458
едва 0,554533 0,000136
единственно 0,477121 0,000117
если 0,011981 0,000012
есть 0,018098 0,000009
ехать 0,587534 0,000144
жалеть 0,805589 0,000197
жар 0,587534 0,000432
ждать 0,142011 0,000070
желание 0,514105 0,000252
желать 0,232819 0,000057
жениться 0,554533 0,000680
женский 0,623249 0,000458
женщина 0,213075 0,000627
жертва 0,769377 0,000189
жизнь 0,084532 0,000021
жить 0,217927 0,000053
жёлтый 0,991226 0,000243
забота 0,824895 0,000202
забыть 0,125925 0,000154
завопить 0,769377 0,000377
завтра 0,298086 0,000146
завязаться 1,468347 0,000360
загадочный 1,088136 0,000267
задержать 1,088136 0,000267
зажечь 1,125925 0,000276
зал 0,936868 0,000230
зала 0,662167 0,000162
заметить 0,056728 0,000028
замечаться 1,690196 0,000414
занавеска 1,213075 0,000297
занимать 0,787106 0,000193
заполонить 2,167317 0,000531
запомнить 0,576253 0,000141
заранее 0,576253 0,000141
засверкать 0,720159 0,000177
заслужить 0,824895 0,000202
засмеяться 0,347773 0,000085
заставить 0,735954 0,000180
застать 0,648803 0,000159
затем 0,237898 0,000058
захотеть 0,316059 0,000155
захотеться 0,704919 0,000173
зачем 0,146128 0,000215
защищать 0,912045 0,000894
зверь 0,991226 0,000243
звонкий 1,125925 0,000276
звонко 1,565257 0,000384
звук 1,053374 0,000258
знаток 1,213075 0,000297
знать 0,002964 0,000022
иван 0,232819 0,000114
иванович 0,269690 0,002248
идея 0,459747 0,000113
идти 0,180546 0,000133
избить 0,845098 0,000622
известие 0,554533 0,000272
изнеженно 2,167317 0,000531
изнеженный 1,866287 0,000458
изумление 0,735954 0,000180
изюм 2,167317 0,000531
именно 0,066947 0,000066
институт 1,690196 0,000414
интонация 1,690196 0,000414
исказиться 1,389166 0,000341
искренность 0,991226 0,000243
использоваться 0,000000 0,000000
испугать 0,845098 0,000207
испугаться 0,523865 0,000128
источник 1,565257 0,000384
исход 0,991226 0,000243
кавалер 1,690196 0,000414
каждый 0,137934 0,000034
казаться 0,063514 0,000047
какой 0,005949 0,000019
капельку 0,963197 0,000472
карамазов 0,180546 0,000221
карман 0,396465 0,000097
картина 0,690196 0,000169
касаться 0,599116 0,000147
катерина 0,587534 0,004753
кипень 2,167317 0,000531
кланяться 1,053374 0,001549
книга 0,106619 0,000078
когда 0,015029 0,000022
колено 0,565257 0,000139
коли 0,269690 0,000066
комар 0,000000 0,000000
комната 0,150284 0,000147
конвертик 1,866287 0,000458
конец 0,213075 0,000052
конечно 0,060107 0,000044
конфета 1,389166 0,000341
кончиться 0,495219 0,000121
который 0,002964 0,000005
кошачий 2,167317 0,000531
краса 1,468347 0,000360
красивый 0,936868 0,000459
краснеть 0,866287 0,000425
красота 0,720159 0,001412
кресло 0,599116 0,000294
крик 0,514105 0,000126
крикнуть 0,292256 0,000072
кроме 0,158717 0,000039
кто 0,114239 0,000140
купец 0,720159 0,000177
кутать 2,167317 0,000531
кушетка 1,468347 0,000360
ладошка 1,389166 0,000341
лампа 1,866287 0,000458
ласка 1,389166 0,000341
легкомысленный 0,845098 0,000207
лежать 0,243038 0,000060
летучий 1,866287 0,000458
либо 0,000000 0,000000
литература 1,468347 0,000360
лицо 0,000000 0,000000
лично 0,720159 0,000177
личный 0,662167 0,000162
лишить 1,213075 0,000297
лишь 0,185046 0,000272
ломать 0,963197 0,000236
любим 1,167317 0,000286
любимый 0,963197 0,000472
любить 0,066947 0,000098
любовь 0,334808 0,000082
любой 0,000000 0,000000
любопытство 0,361137 0,000089
маленький 0,185046 0,000181
малый 0,334808 0,000082
мантилья 1,565257 0,000767
машинально 1,053374 0,000258
мгновение 0,316059 0,000232
мебель 1,021189 0,000250
медленно 0,805589 0,000197
между 0,129891 0,000064
мелькнуть 0,544068 0,000133
мельком 0,912045 0,000447
мерзавка 1,866287 0,000458
место 0,099131 0,000024
мигом 0,504560 0,000124
мила 1,565257 0,000767
милосский 2,167317 0,000531
милый 0,322219 0,001343
минута 0,050046 0,000012
митя 0,451314 0,000221
младенец 0,866287 0,000212
мнение 0,374926 0,000276
многий 0,514105 0,000126
много 0,080958 0,000060
многое 0,443041 0,000109
могучий 1,468347 0,000360
можно 0,088136 0,000043
мой 0,077412 0,000038
молить 0,769377 0,000189
молчать 0,248239 0,000122
момент 0,000000 0,000000
морщиночка 2,167317 0,000531
москва 0,468347 0,000230
московский 1,053374 0,000258
мочь 0,000000 0,000000
мощный 1,866287 0,000915
мука 0,735954 0,000180
мучительный 0,623249 0,000153
мучить 0,419129 0,000103
мысль 0,114239 0,000084
мягкий 1,167317 0,000286
мягко 1,167317 0,000572
мягкость 2,167317 0,000531
навеки 0,648803 0,000159
наверно 0,264227 0,000065
наглый 0,963197 0,000236
надежда 0,533849 0,000524
надменность 1,866287 0,000458
надменный 1,088136 0,000267
надо 0,036984 0,000036
надолго 1,167317 0,000286
назад 0,000000 0,000000
название 1,088136 0,000267
наивный 1,125925 0,000276
найти 0,298086 0,000219
наконец 0,073896 0,000018
намерение 0,514105 0,000126
написать 0,000000 0,000000
направляться 1,468347 0,000360
напротив 0,180546 0,000089
напряжённо 2,167317 0,000531
нараспев 1,690196 0,000414
народ 0,514105 0,000126
насмешка 0,599116 0,000147
настаивать 0,565257 0,000277
настоятельно 0,991226 0,000243
натурально 0,991226 0,000243
наука 0,787106 0,000193
находить 0,576253 0,000283
наш 0,118099 0,000087
невеста 0,720159 0,000353
невинный 0,576253 0,000141
невозможный 0,623249 0,000306
неделя 0,374926 0,000368
недопить 2,167317 0,000531
недостойный 0,866287 0,000212
нежить 1,866287 0,000458
нежно 1,167317 0,000286
нежность 1,213075 0,000297
нежный 0,845098 0,000622
незаметный 2,167317 0,000531
нельзя 0,176091 0,000043
необыкновенный 0,396465 0,000097
необычайный 0,662167 0,000162
неподдельный 1,866287 0,000458
непостоянный 1,690196 0,000414
непременно 0,133894 0,000066
неприкрашенный 2,167317 0,000531
непристойно 2,167317 0,000531
неприятный 0,936868 0,000230
неразрешимый 1,322219 0,000324
нервно 0,936868 0,000230
нервный 0,824895 0,000202
несколько 0,095435 0,000187
неслышно 1,866287 0,000458
неслышность 2,167317 0,000531
неслышный 1,389166 0,000341
несмотря 0,275223 0,000067
несомненно 0,704919 0,000173
несомненный 1,088136 0,000267
неспокойно 2,167317 0,001063
несчастный 0,374926 0,000368
нетерпеливый 0,752344 0,000184
нечаянно 0,752344 0,000184
нечто 0,389166 0,000095
нибыть 0,030597 0,000015
нижний 0,963197 0,000708
низкий 0,611015 0,000300
никакой 0,213075 0,000052
никогда 0,088136 0,000043
ничего 0,030597 0,000015
нога 0,213075 0,000052
нравиться 0,611015 0,000150
нужно 0,514105 0,000504
нужный 0,477121 0,000234
обаятельница 2,167317 0,000531
обед 0,690196 0,000169
оберегатель 2,167317 0,000531
обещание 1,053374 0,000516
обещать 0,704919 0,000518
обильный 1,690196 0,001243
обольстительный 1,565257 0,000384
обрюзгнуть 1,866287 0,000458
общественный 0,000000 0,000000
общий 0,514105 0,000126
объясниться 0,824895 0,000202
обыкновенный 0,565257 0,000277
обязать 0,936868 0,000230
овдоветь 1,389166 0,000341
огрубеть 2,167317 0,000531
один 0,000000 0,000000
однако 0,102859 0,000177
ожидать 0,264227 0,000259
означать 1,021189 0,000250
оказаться 0,275223 0,000135
окно 0,381987 0,000187
около 0,443041 0,000217
окончательно 0,565257 0,000139
он 0,000000 0,000000
они 0,275223 0,000067
опубликовать 0,000000 0,000000
опуститься 0,888564 0,000218
опять 0,027438 0,000047
осечься 1,389166 0,000341
особа 0,769377 0,000189
особенно 0,129891 0,000159
особенный 0,389166 0,000095
оставаться 0,280827 0,000138
оставить 0,203530 0,000100
остановиться 0,269690 0,000132
остаться 0,133894 0,000066
осудить 0,866287 0,000212
отвернуться 0,912045 0,000224
отвести 0,866287 0,000212
ответить 0,121994 0,000030
отвечать 0,258832 0,000063
отворить 0,486076 0,000119
отец 0,091770 0,000180
открыть 0,635838 0,000156
открыться 1,389166 0,000341
относительно 1,167317 0,000286
отнять 0,888564 0,000218
оттенение 2,167317 0,000531
оттенок 0,991226 0,000243
отчаяние 0,544068 0,000400
отчий 0,554533 0,000272
отчёт 1,088136 0,000267
офицер 0,752344 0,000184
оформление 0,000000 0,000000
очаровать 1,565257 0,000384
очевидный 0,554533 0,000408
очень 0,024303 0,000071
очертание 2,167317 0,001063
ошибиться 0,752344 0,000553
ощущение 0,690196 0,000169
падение 1,125925 0,000276
палач 1,690196 0,000414
память 0,599116 0,000147
первый 0,018098 0,000040
перебить 0,486076 0,000119
передавать 0,635838 0,000156
передать 0,381987 0,000562
передача 1,690196 0,000414
передний 0,963197 0,000236
передёрнуться 1,866287 0,000458
пережитое 1,866287 0,000458
перейти 0,000000 0,000000
перенести 0,704919 0,000518
пересказать 1,264227 0,000310
писать 0,419129 0,000103
письмецо 1,264227 0,000310
письмо 0,434924 0,000107
плакать 0,328468 0,000081
платье 0,635838 0,000312
плеть 1,866287 0,000458
плечо 0,403889 0,000198
плохой 0,533849 0,000131
побагроветь 1,389166 0,000341
победить 0,787106 0,000193
побледнеть 0,544068 0,000133
побояться 1,167317 0,000286
повидать 1,468347 0,000360
погибнуть 0,888564 0,000218
погибший 1,088136 0,000267
погнушаться 2,167317 0,000531
подавить 1,125925 0,000276
подборка 0,000000 0,000000
поддаться 1,322219 0,000324
подлец 0,554533 0,000136
поднимать 1,264227 0,000310
подняться 0,443041 0,000326
подойти 0,341243 0,000251
подробный 0,888564 0,000218
подтвердить 0,544068 0,000267
подумать 0,185046 0,000045
подхватить 0,403889 0,000099
подчиняться 1,213075 0,000595
подчёркивание 2,167317 0,000531
подчёркивать 2,167317 0,000531
пожалеть 1,021189 0,000250
пожалуй 0,237898 0,000058
пожелать 0,675956 0,000166
позвать 0,704919 0,000173
познакомить 1,264227 0,000310
пойти 0,080958 0,000099
показаться 0,334808 0,000246
поклон 0,787106 0,000193
покой 0,936868 0,000230
покраснеть 0,504560 0,000124
пол 0,704919 0,000173
полагать 0,720159 0,000177
полететь 1,021189 0,000250
полный 0,253503 0,000311
положение 0,459747 0,000225
положим 0,720159 0,000177
положить 0,403889 0,000099
получить 0,309985 0,000076
полчаса 0,752344 0,000184
полюбить 0,635838 0,000156
поморщиться 1,167317 0,000286
помочь 0,587534 0,000144
помощь 0,888564 0,000218
понести 1,213075 0,000297
понимание 1,468347 0,000360
понимать 0,095435 0,000047
понравиться 0,533849 0,000393
понять 0,106619 0,000105
пообещать 1,565257 0,000384
попасть 0,533849 0,000131
попрекнуть 1,389166 0,000341
попросить 0,426955 0,000209
попятиться 2,167317 0,000531
поразить 0,243038 0,000238
портьера 1,468347 0,000720
поручать 1,866287 0,000458
поручение 0,936868 0,000230
посетитель 0,991226 0,000486
послать 0,309985 0,000532
после 0,084532 0,000104
последний 0,066947 0,000082
послышаться 0,735954 0,000180
посмертно 0,000000 0,000000
посмотреть 0,213075 0,000104
поспешать 1,468347 0,000360
поставить 0,451314 0,000332
постоять 0,690196 0,000169
поступить 0,648803 0,000159
постыдиться 1,213075 0,000297
посылать 0,787106 0,000193
потерять 0,611015 0,000150
потому 0,024303 0,000018
потупить 1,213075 0,000297
похвалиться 1,213075 0,000297
походка 1,565257 0,000384
похожий 0,611015 0,000300
поцеловать 0,587534 0,000576
поцелуй 0,888564 0,000871
почти 0,024303 0,000036
почувствовать 0,426955 0,000419
появиться 0,662167 0,000162
правда 0,088136 0,000065
прегордый 2,167317 0,000531
пред 0,030597 0,000105
предлагать 0,824895 0,000202
предсказать 1,565257 0,000384
представить 0,286504 0,000070
представляться 0,611015 0,000150
предупреждать 1,125925 0,000276
предчувствовать 0,504560 0,000371
предчувствоваться 1,389166 0,000341
прежде 0,077412 0,000038
прежний 0,198834 0,000049
прекрасный 0,495219 0,000121
прелестный 0,866287 0,001062
преувеличивать 1,088136 0,000267
прибавить 0,162996 0,000080
прибытие 1,021189 0,000501
привлечь 1,264227 0,000310
привозить 1,468347 0,000360
привычка 0,769377 0,000189
приехать 0,309985 0,000152
прижизненный 0,000000 0,000000
прийти 0,095435 0,000117
приказать 0,752344 0,000184
приковаться 1,468347 0,000360
приличный 0,866287 0,000212
принести 0,389166 0,000382
приносить 0,936868 0,000230
принять 0,180546 0,000044
припадок 0,544068 0,000133
припухлый 2,167317 0,001594
пристально 0,389166 0,000095
пристать 1,088136 0,000267
присутствовать 0,912045 0,000224
приходить 0,243038 0,000060
приходиться 0,963197 0,000236
приятно 0,805589 0,000197
пробормотать 0,316059 0,000077
провинциальный 2,167317 0,000531
проводить 0,845098 0,000622
проговорить 0,110412 0,000189
программирование 0,000000 0,000000
продавать 1,264227 0,000620
продажный 1,866287 0,000915
проделать 1,690196 0,000414
продолговатый 1,468347 0,000360
произведение 0,000000 0,000000
произвести 0,504560 0,000124
произнести 0,280827 0,000275
произойти 0,258832 0,000063
пройти 0,000000 0,000000
проклятый 0,662167 0,000325
промелькнуть 0,936868 0,000230
промолвить 0,912045 0,000224
пропорция 1,690196 0,000414
просить 0,150284 0,000037
простить 0,286504 0,000070
просто 0,232819 0,000057
простодушный 0,690196 0,000677
простой 0,576253 0,000141
просторный 1,565257 0,000384
просьба 0,623249 0,000153
против 0,389166 0,000095
противоречие 1,167317 0,000572
протягивать 1,088136 0,000267
протянуть 0,486076 0,000477
прошуметь 1,866287 0,000458
прямая 1,690196 0,000414
прямо 0,118099 0,000029
прямой 0,675956 0,000166
публикация 0,000000 0,000000
пусть 0,253503 0,000311
путаться 1,322219 0,000324
пухленький 2,167317 0,000531
пухлый 1,565257 0,000384
пылкий 1,565257 0,000767
пышный 1,468347 0,000360
пять 0,222835 0,000109
раб 1,322219 0,000324
рабски 1,690196 0,000829
равно 0,303994 0,000149
равнодушный 1,389166 0,000341
радоваться 0,888564 0,000654
радостный 0,752344 0,000553
радость 0,411442 0,000101
раз 0,309985 0,000228
разбитый 1,053374 0,000258
разбросать 1,389166 0,000681
разве 0,146128 0,000143
развесёлый 1,565257 0,000384
развязность 1,322219 0,000324
разглядеть 0,662167 0,000325
разговор 0,264227 0,000065
раздробить 1,565257 0,000384
раздумывать 1,565257 0,000384
разлюбить 1,565257 0,000384
разрешение 0,000000 0,000000
разумеется 0,328468 0,000081
разъяснить 0,662167 0,000162
раскрасавица 1,389166 0,000341
расплыться 1,866287 0,000458
рассеянный 1,021189 0,000250
рассказать 0,280827 0,000275
рассмеяться 0,599116 0,000147
растрата 1,866287 0,000458
растягивание 2,167317 0,000531
репутация 1,053374 0,000258
ресница 1,565257 0,000384
решение 0,533849 0,000131
решительно 0,341243 0,000084
решить 0,232819 0,000114
решиться 0,341243 0,000167
робкий 0,824895 0,000202
ровно 0,533849 0,000131
родственница 1,021189 0,000250
розовый 1,167317 0,000572
роковой 0,704919 0,000346
рост 0,675956 0,000331
рука 0,030597 0,000045
румянец 1,264227 0,000310
русский 0,411442 0,000403
русый 1,213075 0,000297
ручка 0,769377 0,003395
рыдать 0,963197 0,000236
садиться 0,486076 0,000119
сайт 0,000000 0,000000
сам 0,002964 0,000009
самовластный 1,468347 0,000360
самоуверенность 2,167317 0,000531
самый 0,018098 0,000040
сближение 2,167317 0,000531
свежий 0,963197 0,000236
сверкнуть 0,866287 0,000212
сверху 0,936868 0,000230
свет 0,176091 0,000043
свеча 1,213075 0,000297
свидание 0,514105 0,000126
свидетель 0,459747 0,000113
свидетельствовать 0,888564 0,000218
свободно 0,000000 0,000000
своевольный 1,866287 0,001373
свой 0,000000 0,000000
сговор 1,690196 0,000414
сделать 0,102859 0,000076
сделаться 0,735954 0,000180
сдерживать 1,088136 0,000267
сдерживаться 1,468347 0,000360
себя 0,000000 0,000000
сегодня 0,194189 0,000143
сейчас 0,070407 0,000173
семь 0,623249 0,000153
семьдесят 0,000000 0,000000
сердечко 1,565257 0,000384
сердце 0,095435 0,000234
серо 1,866287 0,000458
серьёзно 0,419129 0,000103
сестра 0,477121 0,000234
сжиматься 2,167317 0,000531
сидеть 0,125925 0,000031
сие 0,611015 0,000150
сила 0,185046 0,000091
сильный 0,269690 0,000132
синий 1,125925 0,000276
сияние 1,866287 0,000458
сиять 0,888564 0,000218
сказать 0,011981 0,000021
сказаться 1,088136 0,000267
сказываться 1,322219 0,000324
скверный 0,623249 0,000153
сквитаться 1,690196 0,000829
сколько 0,280827 0,000138
сконфузиться 0,824895 0,000202
скоро 0,298086 0,000073
скорый 0,237898 0,000117
слава 0,635838 0,000156
сладострастник 1,167317 0,000286
слащавый 1,866287 0,001830
следить 0,623249 0,000153
слеза 0,275223 0,000135
слететь 1,213075 0,000297
слишком 0,133894 0,000230
словно 0,866287 0,000212
слово 0,027438 0,000141
словцо 1,088136 0,000267
слог 1,088136 0,000267
сложить 0,845098 0,000207
служанка 0,888564 0,000436
слушайте 0,912045 0,000224
слышный 0,845098 0,000414
смелый 1,167317 0,000286
смеркаться 1,389166 0,000341
сметь 0,389166 0,000286
смешок 1,125925 0,000552
смеяться 0,171682 0,000210
смиряться 1,690196 0,000414
смотреть 0,077412 0,000095
смущение 0,752344 0,000184
снять 0,704919 0,000173
соболиный 2,167317 0,000531
собрание 1,088136 0,000267
собственный 0,264227 0,000130
совсем 0,021189 0,000047
согласие 0,000000 0,000000
соединить 1,264227 0,000310
создание 1,167317 0,000286
сознавать 0,824895 0,000202
сообщить 0,434924 0,000107
состояние 0,322219 0,000079
состоять 0,514105 0,000126
сочинение 1,468347 0,000360
спазм 1,690196 0,000414
спасение 0,991226 0,000243
спасти 0,468347 0,000574
спешить 0,477121 0,000234
спешный 1,565257 0,000384
спрашивать 0,232819 0,000114
сразу 0,991226 0,000243
старик 0,303994 0,000149
старший 0,587534 0,000144
стать 0,002964 0,000002
стена 0,533849 0,000131
стоить 0,189594 0,000186
стол 0,286504 0,000351
столик 0,845098 0,000207
столь 0,434924 0,000213
столько 0,443041 0,000217
сторожить 1,088136 0,000267
стоять 0,150284 0,000074
странно 0,354404 0,000174
странный 0,227798 0,000168
страсть 0,735954 0,000541
страшно 0,434924 0,000107
страшный 0,286504 0,000140
стыдиться 0,623249 0,000458
стыдно 0,504560 0,000495
судьба 0,443041 0,000109
суетиться 1,088136 0,000267
сумерки 1,389166 0,000681
суметь 0,648803 0,000159
сунуть 1,167317 0,000286
существо 0,477121 0,000117
сцена 0,554533 0,000408
счастие 0,451314 0,000111
счастливый 0,451314 0,000553
сюда 0,232819 0,000114
тайна 0,675956 0,000166
также 0,000000 0,000000
таки 0,066947 0,000016
такой 0,002964 0,000007
тарелка 1,690196 0,000414
тварь 0,866287 0,000637
твёрдый 0,576253 0,000283
текст 0,000000 0,000000
телеграмма 1,565257 0,000384
тело 0,720159 0,000706
темно 0,912045 0,000224
темноватый 1,866287 0,000458
теперь 0,015029 0,000074
тигр 1,565257 0,000384
тихий 0,544068 0,000133
тихо 0,354404 0,000348
тогда 0,050046 0,000098
тогдашний 0,635838 0,000156
тоже 0,043466 0,000085
толпа 0,648803 0,000159
только 0,002964 0,000008
том 1,565257 0,000384
тон 0,648803 0,000159
тонкий 0,720159 0,000177
тонный 2,167317 0,000531
тот 0,002964 0,000004
тотчас 0,046743 0,000023
точить 0,787106 0,000386
точно 0,121994 0,000060
трагизм 2,167317 0,000531
третий 0,154480 0,000076
три 0,303994 0,000224
тридцать 0,599116 0,000147
триста 1,213075 0,000297
туда 0,495219 0,000121
ты 0,133894 0,000066
тысяча 0,217927 0,000160
тяжёлый 0,662167 0,000162
тянуть 0,912045 0,000224
тёмный 0,523865 0,000128
тётка 1,053374 0,001033
убивать 0,805589 0,000197
увидать 0,434924 0,000107
угодить 1,389166 0,000681
угощать 2,167317 0,000531
удержать 0,769377 0,000377
удерживать 1,389166 0,000341
удивляться 0,544068 0,000133
удивлённо 1,565257 0,000384
удобный 1,053374 0,000258
ужасно 0,167317 0,000164
ужасный 0,322219 0,000079
узнать 0,106619 0,000105
уйти 0,248239 0,000365
указание 1,053374 0,000258
улица 0,396465 0,000194
улыбка 0,374926 0,000184
умерший 0,000000 0,000000
умолять 0,805589 0,000592
умышленно 1,866287 0,000458
упоение 1,125925 0,000552
упрашивать 1,264227 0,000310
усадить 0,963197 0,000236
усвоить 1,866287 0,000458
усиленно 1,264227 0,000310
услышать 0,381987 0,000094
усмехнуться 0,374926 0,000092
уставить 1,866287 0,000458
устыдить 1,690196 0,000829
утаить 1,264227 0,000310
утопиться 1,866287 0,000458
утрировать 2,167317 0,000531
ухаживать 1,322219 0,000324
уходить 0,328468 0,000081
фантастический 0,912045 0,000671
форма 0,991226 0,000243
фёдор 0,434924 0,000213
фёдорович 0,150284 0,000553
хаживать 1,866287 0,000458
характер 0,374926 0,000092
ходить 0,213075 0,000052
хорошенький 1,053374 0,000516
хороший 0,077412 0,000038
хорошо 0,189594 0,000046
хотеть 0,033778 0,000083
хотеться 0,292256 0,000143
хоть 0,060107 0,000015
хотя 0,050046 0,000037
хохлаковый 0,690196 0,000169
хрустальный 1,690196 0,000414
цвет 0,991226 0,000486
целовать 0,635838 0,000779
целый 0,217927 0,000053
цель 0,361137 0,000177
час 0,185046 0,000136
часто 0,292256 0,000072
часть 0,002964 0,000001
чашка 1,125925 0,000276
чей 0,000000 0,000000
человек 0,011981 0,000015
челюсть 2,167317 0,000531
честь 0,403889 0,000198
число 0,704919 0,000173
читаемый 2,167317 0,000531
читать 0,403889 0,000099
чрез 0,275223 0,000067
чрезвычайно 0,217927 0,000053
чрезвычайный 0,258832 0,000127
что 0,030597 0,000045
чтоб 0,073896 0,000109
чтобы 0,030597 0,000015
чувствовать 0,264227 0,000324
чудесный 1,213075 0,000297
чёрный 0,504560 0,000371
чёрточка 0,991226 0,000243
шаг 0,367977 0,000451
шаль 1,322219 0,000648
шататься 1,389166 0,000341
шерстяной 1,866287 0,000458
широкий 0,888564 0,000436
широко 1,167317 0,000286
шоколата 2,167317 0,000531
шуметь 1,389166 0,000341
шёлковый 1,053374 0,000516
щадить 1,053374 0,000258
элегантный 2,167317 0,000531
энергия 1,690196 0,000414
этакий 0,533849 0,000131
этикет 1,565257 0,000384
это 0,002964 0,000008
этот 0,002964 0,000014
эшафот 1,389166 0,000341
юношеский 1,866287 0,000915
я 0,024303 0,000161
ясный 0,623249 0,000306
