август 2,167317 0,001246
автор 0,000000 0,000000
авторский 0,000000 0,000000
александрович 0,504560 0,000870
алексей 0,000000 0,000000
алеш 0,328468 0,000189
аудиенция 2,167317 0,001246
афон 1,690196 0,000972
баба 0,936868 0,000539
барыня 0,704919 0,000811
бежать 0,434924 0,000250
бескровный 1,866287 0,001073
беспорядочный 1,389166 0,000799
бестолковщина 1,866287 0,001073
библиотека 1,866287 0,003220
бивать 1,690196 0,000972
благодарный 0,752344 0,000433
бледный 0,443041 0,000510
богатый 0,587534 0,000338
более 0,000000 0,000000
больший 0,248239 0,000285
большой 0,056728 0,000065
бояться 0,158717 0,000183
брат 0,060107 0,000138
бросить 0,269690 0,000155
бывало 0,554533 0,000319
бывать 0,280827 0,000161
быстро 0,232819 0,000402
быть 0,000000 0,000000
варсонофий 1,866287 0,002146
ваш 0,121994 0,000140
вдруг 0,005949 0,000027
ведь 0,043466 0,000050
вежливый 0,735954 0,000423
везде 0,866287 0,000498
век 0,769377 0,000442
великий 0,341243 0,000196
великолепный 0,824895 0,000474
вероятно 0,623249 0,000358
вести 0,787106 0,001358
весь 0,002964 0,000010
весьма 0,243038 0,000280
ветхий 1,088136 0,000626
взгляд 0,185046 0,000106
вздор 0,565257 0,000325
видать 0,419129 0,000241
видеть 0,027438 0,000095
видимо 0,328468 0,000189
визит 0,845098 0,000486
вместе 0,208276 0,000120
внутренний 0,936868 0,000539
внутренность 1,866287 0,001073
воздух 0,845098 0,000486
вознаграждение 0,000000 0,000000
войти 0,137934 0,000397
волнение 0,361137 0,000208
вообще 0,459747 0,000264
ворота 0,720159 0,000414
воротиться 0,303994 0,000175
впрочем 0,118099 0,000136
врата 1,565257 0,005401
время 0,018098 0,000031
всегда 0,129891 0,000149
вскакивать 1,213075 0,000698
вскричать 0,253503 0,000292
вследствие 0,888564 0,000511
вслух 0,533849 0,000307
встречать 0,735954 0,000423
встречаться 0,769377 0,000442
второй 0,217927 0,000376
вход 0,752344 0,000433
входить 0,477121 0,000549
вы 0,232819 0,000402
вывести 0,611015 0,000351
выдаться 1,866287 0,001073
выйти 0,063514 0,000073
вынуть 0,451314 0,000260
выплата 0,000000 0,000000
выработать 1,866287 0,001073
высокий 0,213075 0,000368
высоко 0,991226 0,000570
выходить 0,258832 0,000149
галерейка 1,565257 0,000900
галерея 1,565257 0,001800
генерал 0,504560 0,000290
глаз 0,056728 0,000065
глазок 0,805589 0,000463
глупость 0,576253 0,000331
глядеть 0,243038 0,000140
гнев 0,544068 0,000313
говорить 0,011981 0,000028
голова 0,114239 0,000131
гораздо 0,443041 0,000255
горячиться 1,053374 0,000606
господин 0,208276 0,000479
госпожа 0,648803 0,000373
гостиница 1,322219 0,001521
готовиться 0,845098 0,000486
граница 0,662167 0,000381
грешок 1,866287 0,001073
гривенник 1,690196 0,000972
губа 0,411442 0,000237
давно 0,158717 0,000091
даже 0,005949 0,000017
дальний 1,021189 0,000587
далёкий 0,411442 0,000237
дама 0,434924 0,000250
дамский 1,264227 0,001454
дать 0,171682 0,000296
два 0,198834 0,000114
двадцать 0,303994 0,000350
двенадцатый 0,690196 0,000397
действительно 0,106619 0,000184
дело 0,011981 0,000007
день 0,118099 0,000068
деревянный 0,787106 0,000453
дмитрий 0,396465 0,000456
довольно 0,129891 0,000075
догнать 1,088136 0,000626
дожидаться 1,167317 0,000671
дойти 0,389166 0,000224
должный 0,099131 0,000114
долина 2,167317 0,001246
домик 1,213075 0,000698
дорога 0,275223 0,000317
дорогой 0,451314 0,000260
дорогонек 2,167317 0,001246
доска 1,565257 0,000900
достоевский 0,000000 0,000000
достоинство 0,587534 0,000338
достояние 0,000000 0,000000
дочь 0,374926 0,000216
драть 1,088136 0,000626
дребезжать 1,866287 0,001073
друг 0,180546 0,000208
другой 0,008955 0,000005
едва 0,554533 0,000319
если 0,011981 0,000007
есть 0,018098 0,000021
ждать 0,142011 0,000163
женский 0,623249 0,000717
женщина 0,213075 0,000368
жить 0,217927 0,000125
забота 0,824895 0,000474
зависеть 0,888564 0,000511
задумчивый 0,805589 0,000463
заметить 0,056728 0,000228
замечательный 0,675956 0,000389
занятый 0,866287 0,000498
запереть 0,735954 0,000423
запоздать 1,468347 0,000844
запрячь 1,690196 0,000972
зарана 1,690196 0,000972
заспорить 2,167317 0,001246
заторопиться 1,389166 0,000799
затрудняться 1,389166 0,000799
зачем 0,146128 0,000084
защебетать 2,167317 0,001246
здесь 0,095435 0,000329
здешний 0,611015 0,000351
здоровый 0,769377 0,000442
знаток 1,213075 0,000698
знать 0,002964 0,000012
значит 0,243038 0,000140
зона 2,167317 0,004985
зосим 0,912045 0,001049
иван 0,232819 0,000134
игумен 1,167317 0,003356
идея 0,459747 0,000264
иена 2,167317 0,001246
извозчичий 1,866287 0,001073
изволить 0,477121 0,000274
изысканно 2,167317 0,001246
изящность 2,167317 0,001246
именно 0,066947 0,000038
иметь 0,118099 0,000068
иначе 0,367977 0,000212
индюшечка 2,167317 0,001246
иногда 0,208276 0,000359
ирония 1,389166 0,000799
испитой 1,468347 0,000844
исполнить 0,648803 0,000373
использоваться 0,000000 0,000000
источник 1,565257 0,000900
казаться 0,063514 0,000073
какой 0,005949 0,000010
калган 1,053374 0,000606
калгановое 1,866287 0,001073
камень 0,787106 0,000453
капуста 1,565257 0,000900
карамазов 0,180546 0,000415
карточка 1,690196 0,000972
келья 0,991226 0,000570
класть 1,213075 0,000698
клобук 2,167317 0,001246
книга 0,106619 0,000184
когда 0,015029 0,000017
коль 0,720159 0,000414
коляска 0,991226 0,001710
комар 0,000000 0,000000
комнатка 1,053374 0,000606
конец 0,213075 0,000123
конфузиться 1,264227 0,000727
который 0,002964 0,000005
крепкий 0,787106 0,000453
крест 0,690196 0,000397
креститься 1,468347 0,000844
крикнуть 0,292256 0,000168
кроме 0,158717 0,000183
крылечко 1,167317 0,000671
кто 0,114239 0,000066
курочка 1,866287 0,001073
курс 1,167317 0,000671
лазеечка 2,167317 0,001246
лежать 0,243038 0,000140
лелеять 1,866287 0,001073
лес 1,053374 0,000606
леска 1,690196 0,002916
лесок 1,690196 0,001944
летний 1,167317 0,000671
либеральный 1,264227 0,000727
либо 0,000000 0,000000
литература 1,468347 0,000844
лицо 0,000000 0,000000
лишь 0,185046 0,000106
лишённый 1,866287 0,001073
ловля 1,690196 0,000972
лошадь 1,021189 0,001174
лупоглазый 2,167317 0,001246
лысоватый 2,167317 0,001246
любить 0,066947 0,000038
любой 0,000000 0,000000
любопытство 0,361137 0,000415
мазня 1,866287 0,001073
максим 1,125925 0,001942
максимов 1,125925 0,001295
манкировать 1,264227 0,000727
медовый 1,690196 0,000972
между 0,129891 0,000224
мелькнуть 0,544068 0,000313
место 0,099131 0,000057
метил 1,690196 0,000972
мешать 0,805589 0,000463
мигом 0,504560 0,000290
минутка 0,635838 0,000366
миусов 0,936868 0,006465
мнение 0,374926 0,000216
много 0,080958 0,000047
множество 0,845098 0,000486
могила 1,088136 0,000626
могилка 1,322219 0,000760
могильный 1,866287 0,001073
можно 0,088136 0,000051
молодой 0,222835 0,000384
молчаливый 0,720159 0,000414
молчальный 2,167317 0,001246
момент 0,000000 0,000000
монастырский 1,053374 0,000606
монастырь 0,533849 0,002456
монах 0,845098 0,001944
монашка 1,468347 0,004222
мочь 0,000000 0,000000
наблюдательный 1,690196 0,000972
наглухо 1,866287 0,001073
назад 0,000000 0,000000
название 1,088136 0,000626
найти 0,298086 0,000171
накануне 0,662167 0,000381
намеренный 0,769377 0,000442
наморщиться 1,866287 0,001073
написать 0,000000 0,000000
направиться 0,787106 0,000453
напустить 1,690196 0,000972
народ 0,514105 0,000591
нарождаться 2,167317 0,001246
наружность 1,053374 0,000606
насадить 1,866287 0,001073
насмешливо 0,787106 0,000453
настоящий 0,309985 0,000357
наука 0,787106 0,000453
находиться 0,514105 0,000296
начать 0,066947 0,000077
наш 0,118099 0,000204
невозможный 0,623249 0,000358
невысокий 1,565257 0,000900
недавно 0,576253 0,000331
независимый 1,322219 0,000760
неизвестно 0,936868 0,000539
неизъяснимый 1,866287 0,001073
некоторый 0,154480 0,000355
неловкий 1,322219 0,000760
неподвижность 1,468347 0,000844
непременно 0,133894 0,000154
нерешительно 2,167317 0,001246
несколько 0,095435 0,000110
неуместный 1,866287 0,002146
нечего 0,381987 0,000220
нибыть 0,030597 0,000035
никакой 0,213075 0,000245
никогда 0,088136 0,000101
никто 0,095435 0,000220
ничего 0,030597 0,000070
нищий 1,125925 0,000647
нужно 0,514105 0,000296
обед 0,690196 0,000397
обедня 1,264227 0,001454
обещать 0,704919 0,000405
обойтись 0,912045 0,000524
оборот 1,389166 0,000799
обрадоваться 0,611015 0,000351
образованный 1,690196 0,000972
обратиться 0,316059 0,000727
обратно 0,675956 0,000389
обсадить 1,690196 0,000972
обступить 1,322219 0,000760
общественный 0,000000 0,000000
общество 0,468347 0,000269
обыкновенный 0,565257 0,000325
обычай 1,053374 0,000606
обязать 0,936868 0,000539
ограда 1,264227 0,004362
одетый 0,648803 0,000373
один 0,000000 0,000000
однако 0,102859 0,000237
одноэтажный 1,866287 0,001073
одушевление 1,264227 0,000727
ожидать 0,264227 0,000152
озираться 1,213075 0,000698
окно 0,381987 0,000220
около 0,443041 0,000255
окончить 1,088136 0,000626
он 0,000000 0,000000
опубликовать 0,000000 0,000000
опытный 1,167317 0,000671
осенний 1,690196 0,000972
особенно 0,129891 0,000075
оставить 0,203530 0,000117
остальной 0,367977 0,000212
остановиться 0,269690 0,000155
ответить 0,121994 0,000351
отец 0,091770 0,000317
откушать 1,565257 0,000900
отлично 0,805589 0,000463
отплатить 1,468347 0,000844
отрекомендоваться 1,322219 0,000760
отставать 1,322219 0,000760
отсюда 0,805589 0,000463
отчасти 0,611015 0,000351
отчий 0,554533 0,000319
официальный 1,866287 0,001073
оформление 0,000000 0,000000
очень 0,024303 0,000056
павлович 0,286504 0,002142
палец 0,486076 0,000280
палка 1,213075 0,001395
пальто 0,936868 0,000539
пара 1,213075 0,001395
парижанин 2,167317 0,001246
первый 0,018098 0,000031
перебить 0,486076 0,000280
передовой 1,322219 0,000760
перейти 0,000000 0,000000
перерождаться 1,866287 0,001073
петруша 2,167317 0,001246
пешком 1,389166 0,000799
побежать 0,468347 0,000269
поблагодарить 1,264227 0,000727
повестить 1,690196 0,000972
повод 0,635838 0,000366
повременить 1,468347 0,000844
погасать 2,167317 0,001246
подборка 0,000000 0,000000
подобно 1,167317 0,000671
подойти 0,341243 0,000196
подолгу 1,389166 0,000799
подумать 0,185046 0,000106
подъехать 1,690196 0,000972
подыматься 1,053374 0,000606
пожаловать 0,704919 0,000811
пожалуй 0,237898 0,000137
пожертвовать 0,963197 0,000554
пожилой 1,125925 0,000647
поздний 0,963197 0,001108
пойти 0,080958 0,000047
пока 0,213075 0,000123
показаться 0,334808 0,000193
поклон 0,787106 0,000453
покорнейше 1,866287 0,001073
полагаться 1,690196 0,001944
половина 0,396465 0,000228
получить 0,309985 0,000178
поместительный 1,468347 0,000844
помещик 0,805589 0,002779
помещица 1,322219 0,000760
помнить 0,167317 0,000192
попросить 0,426955 0,000491
поровну 1,866287 0,001073
портмоне 1,565257 0,000900
порывистый 1,468347 0,000844
порядочно 1,213075 0,000698
порядочный 0,866287 0,000498
посетитель 0,991226 0,002850
посещение 0,888564 0,001022
после 0,084532 0,000097
последний 0,066947 0,000115
посмертно 0,000000 0,000000
посмотреть 0,213075 0,000245
поставить 0,451314 0,000260
постройка 1,866287 0,001073
поступить 0,648803 0,000746
потому 0,024303 0,000028
похожий 0,611015 0,000703
почему 0,099131 0,000057
почти 0,024303 0,000056
почёт 1,866287 0,001073
появляться 1,021189 0,000587
поясной 2,167317 0,001246
право 0,176091 0,000101
пред 0,030597 0,000035
предрекать 1,468347 0,000844
представляться 0,611015 0,000351
предыдущий 1,322219 0,000760
прекрасный 0,495219 0,000570
преназойливый 2,167317 0,001246
прибыть 0,704919 0,000405
приглашение 1,088136 0,000626
придача 1,468347 0,000844
приезжий 1,264227 0,000727
приехать 0,309985 0,000713
прижизненный 0,000000 0,000000
прилично 1,213075 0,000698
примерно 0,963197 0,000554
принимать 0,328468 0,000189
принять 0,180546 0,000104
приподнять 1,167317 0,000671
пристроить 1,565257 0,000900
присюсюкивать 2,167317 0,001246
приходить 0,243038 0,000140
приятель 0,866287 0,000498
приятно 0,805589 0,000463
приятный 0,805589 0,000463
пробормотать 0,316059 0,000182
провести 0,888564 0,000511
проговорить 0,110412 0,000127
программирование 0,000000 0,000000
проживать 0,769377 0,000442
произведение 0,000000 0,000000
произнести 0,280827 0,000323
пройти 0,000000 0,000000
промолвить 0,912045 0,000524
промолчать 1,021189 0,001174
пронестись 0,963197 0,000554
просить 0,150284 0,000086
простой 0,576253 0,000331
простонародье 1,468347 0,001689
проходить 0,576253 0,000331
процесс 1,167317 0,000671
прямо 0,118099 0,000136
публикация 0,000000 0,000000
пустить 0,735954 0,000423
пуститься 0,845098 0,000486
путник 2,167317 0,002493
пять 0,222835 0,000128
пётр 0,866287 0,001993
разбор 1,690196 0,000972
развязность 1,322219 0,000760
разговорчивый 1,565257 0,000900
разделить 1,213075 0,000698
раздражить 0,720159 0,000828
разрешение 0,000000 0,000000
рассеянно 0,991226 0,000570
рассеянный 1,021189 0,001174
рассказывать 0,341243 0,000196
расслабеть 1,866287 0,001073
расслабить 1,213075 0,000698
рассматривать 0,824895 0,000474
редкий 0,824895 0,000474
река 1,468347 0,000844
речь 0,486076 0,000280
решить 0,232819 0,000134
решиться 0,341243 0,000196
ровно 0,533849 0,000307
род 0,419129 0,000482
родственник 0,805589 0,000463
розовый 1,167317 0,000671
рост 0,675956 0,000777
рубль 0,334808 0,000193
рука 0,030597 0,000035
руководить 1,264227 0,000727
русский 0,411442 0,000237
рыба 1,468347 0,000844
рыцарь 1,053374 0,001211
сайт 0,000000 0,000000
сам 0,002964 0,000007
самый 0,018098 0,000010
сарказм 1,565257 0,000900
сбоку 0,912045 0,001049
свидание 0,514105 0,000296
свободно 0,000000 0,000000
свой 0,000000 0,000000
святой 0,468347 0,001077
себя 0,000000 0,000000
сегодня 0,194189 0,000223
сейчас 0,070407 0,000081
семьдесят 0,000000 0,000000
сивый 2,167317 0,001246
сие 0,611015 0,000351
сильно 0,292256 0,000168
сказать 0,011981 0,000021
скит 1,053374 0,004240
сконфузиться 0,824895 0,000949
скорый 0,237898 0,000137
слава 0,635838 0,000366
сладкое 1,690196 0,000972
слишком 0,133894 0,000077
слово 0,027438 0,000032
сложение 1,125925 0,000647
случаться 0,599116 0,000345
слышать 0,125925 0,000217
смешливый 1,468347 0,000844
смеяться 0,171682 0,000099
смотреть 0,077412 0,000089
снимать 1,167317 0,000671
соблазнять 1,468347 0,000844
собрание 1,088136 0,001877
собственный 0,264227 0,000152
совершенный 0,451314 0,000260
совсем 0,021189 0,000049
согласие 0,000000 0,000000
сообщить 0,434924 0,000250
сопутник 1,866287 0,001073
состояние 0,322219 0,000185
сочинение 1,468347 0,000844
спасаться 0,991226 0,000570
спросить 0,114239 0,000131
срок 0,675956 0,000389
старец 0,611015 0,004919
старичишка 1,866287 0,001073
старый 0,374926 0,000647
стать 0,002964 0,000002
столь 0,434924 0,000500
стоять 0,150284 0,000086
странно 0,354404 0,000204
странный 0,227798 0,000131
строго 0,576253 0,000331
строить 1,088136 0,000626
судорожный 1,565257 0,000900
сунуть 1,167317 0,000671
существо 0,477121 0,000274
существовать 0,635838 0,000366
сущность 0,675956 0,000389
сынок 1,213075 0,000698
сюда 0,232819 0,000402
также 0,000000 0,000000
такой 0,002964 0,000007
текст 0,000000 0,000000
телушечка 2,167317 0,001246
теперь 0,015029 0,000052
тоже 0,043466 0,000025
только 0,002964 0,000015
том 1,565257 0,000900
тонкий 0,720159 0,000414
тотчас 0,046743 0,000027
тридцать 0,599116 0,000345
трое 0,752344 0,000433
тульский 2,167317 0,001246
тысяча 0,217927 0,000125
тёплый 0,991226 0,000570
угодный 0,504560 0,000580
удержаться 0,888564 0,000511
удивить 0,769377 0,000442
ужасно 0,167317 0,000192
узнавать 0,704919 0,000405
узнать 0,106619 0,000061
улыбочка 1,468347 0,000844
умерший 0,000000 0,000000
университет 1,389166 0,001598
унизить 0,936868 0,000539
упомянуть 0,704919 0,000405
упор 0,963197 0,000554
условие 0,936868 0,000539
условить 1,690196 0,000972
успеть 0,203530 0,000234
устав 1,690196 0,000972
устроить 0,690196 0,000397
уходить 0,328468 0,000189
физиономия 0,963197 0,000554
фомич 1,565257 0,000900
франц 0,635838 0,000731
фёдор 0,434924 0,003751
фёдорович 0,150284 0,000259
харьковский 2,167317 0,001246
хитрость 1,264227 0,000727
ход 0,963197 0,000554
ходить 0,213075 0,000123
хозяйственный 1,866287 0,001073
хоронить 1,213075 0,001395
хороший 0,077412 0,000045
хорошо 0,189594 0,000218
хотеть 0,033778 0,000019
хоть 0,060107 0,000104
хотя 0,050046 0,000029
хохлаковый 0,690196 0,000397
цвет 0,991226 0,000570
цвета 1,213075 0,000698
цветник 2,167317 0,001246
ценить 0,769377 0,000442
церковный 1,264227 0,000727
церковь 0,787106 0,001810
цюрих 2,167317 0,001246
час 0,185046 0,000213
часть 0,002964 0,000003
чей 0,000000 0,000000
человек 0,011981 0,000055
через 0,258832 0,000447
черта 0,264227 0,000456
честь 0,403889 0,000232
четыреста 1,167317 0,000671
число 0,704919 0,000405
чистый 0,434924 0,000250
читаемый 2,167317 0,001246
читать 0,403889 0,000232
чрезвычайно 0,217927 0,000125
что 0,030597 0,000053
чтобы 0,030597 0,000035
чувство 0,158717 0,000091
чужой 0,662167 0,000381
шаг 0,367977 0,000212
шагнуть 0,912045 0,000524
шапка 1,468347 0,000844
шапочный 2,167317 0,001246
шарлатанство 1,866287 0,001073
шестьдесят 1,021189 0,000587
широкий 0,888564 0,000511
шляпа 0,769377 0,000442
шут 0,991226 0,000570
щегольский 1,468347 0,000844
щелчок 1,690196 0,000972
экземпляр 1,866287 0,001073
экипаж 1,125925 0,001942
это 0,002964 0,000002
этот 0,002964 0,000007
юродивый 1,088136 0,000626
я 0,024303 0,000042
ясно 0,354404 0,000204
ясный 0,623249 0,000358
