автор 0,000000 0,000000
авторский 0,000000 0,000000
аглая 0,662167 0,001586
аделаида 0,720159 0,000265
адский 1,468347 0,000271
алексеевич 0,963197 0,000710
алексей 0,000000 0,000000
аллея 2,167317 0,001597
ангел 0,720159 0,000133
английский 1,125925 0,000207
бегство 1,866287 0,000344
бежать 0,434924 0,000321
без 0,599116 0,000110
безделье 2,167317 0,000399
безумный 0,824895 0,000152
бесовский 1,690196 0,000311
беспокоить 0,735954 0,000136
беспокойный 0,824895 0,000152
беспокойство 0,514105 0,000095
беспорядок 0,787106 0,000145
беспременно 1,322219 0,000244
бессвязно 1,167317 0,000215
бесёнок 1,322219 0,000731
библиотека 1,866287 0,001031
биться 0,623249 0,000230
благородный 0,374926 0,000138
бледный 0,443041 0,000163
блестящий 0,963197 0,000177
близко 0,888564 0,000164
бог 0,154480 0,000085
божиться 1,866287 0,000688
более 0,000000 0,000000
боль 0,690196 0,000127
большой 0,056728 0,000105
бояться 0,158717 0,000088
брат 0,060107 0,000033
братский 1,389166 0,000256
бред 1,021189 0,000376
бреда 0,866287 0,000160
бродить 1,125925 0,000415
будто 0,099131 0,000037
будущность 1,468347 0,000271
буквально 0,805589 0,000148
бумажка 0,845098 0,000467
бутылка 0,845098 0,000467
бывало 0,554533 0,000102
бывать 0,280827 0,000052
бывший 0,389166 0,000072
быстро 0,232819 0,000129
быть 0,000000 0,000000
важный 0,341243 0,000251
ваш 0,121994 0,000045
вдобавок 1,213075 0,000670
вдруг 0,005949 0,000019
ведущий 1,565257 0,000288
ведь 0,043466 0,000104
велено 1,468347 0,000541
велеть 0,576253 0,000106
великодушие 1,053374 0,000194
великолепный 0,824895 0,000152
велита 0,963197 0,000177
венец 1,088136 0,000200
венчать 1,468347 0,000271
верить 0,180546 0,000166
верно 0,523865 0,000290
вероятный 0,866287 0,000160
весь 0,002964 0,000008
вечер 0,322219 0,000059
вещь 0,411442 0,000076
взад 1,389166 0,000256
взволновать 0,866287 0,000160
взгляд 0,185046 0,000034
вздор 0,565257 0,000104
вздорный 2,167317 0,000399
вздрогнуть 0,486076 0,000090
вздумать 0,720159 0,000133
взойти 1,088136 0,000200
взять 0,077412 0,000043
вид 0,150284 0,000166
видеть 0,027438 0,000040
видеться 0,963197 0,000177
видимо 0,328468 0,000061
видимость 1,866287 0,000344
видывать 1,125925 0,000207
визит 0,845098 0,000156
вино 0,752344 0,000277
виноватый 0,328468 0,000121
вкатить 1,565257 0,000288
вкопать 1,468347 0,000271
вложить 1,264227 0,000233
влюбить 0,752344 0,000277
влюбиться 0,963197 0,000177
вместе 0,208276 0,000038
вначале 0,936868 0,000173
внезапный 0,533849 0,000197
внимательно 0,845098 0,000156
внимательный 1,125925 0,000207
вовсе 0,150284 0,000028
водить 1,468347 0,000271
возможность 0,587534 0,000325
вознаграждение 0,000000 0,000000
войлок 1,866287 0,001719
войти 0,137934 0,000025
воксало 1,167317 0,000645
волнение 0,361137 0,000133
вообразить 0,662167 0,000366
вообразиться 1,389166 0,000256
вопрос 0,146128 0,000135
воротиться 0,303994 0,000056
воскреснуть 0,991226 0,000183
воспоминание 0,635838 0,000117
вперёд 0,426955 0,000079
впечатление 0,389166 0,000072
вплоть 0,866287 0,000160
вполне 0,316059 0,000116
впредь 0,752344 0,000139
впрочем 0,118099 0,000196
время 0,018098 0,000020
вроде 0,662167 0,000122
всегда 0,129891 0,000024
вселенная 1,389166 0,000256
вскочить 0,451314 0,000083
вскричать 0,253503 0,000280
встрепенуться 1,264227 0,000233
встретить 0,459747 0,000169
встреча 0,554533 0,000102
встречать 0,735954 0,000136
всунуть 1,866287 0,000344
всыпать 1,690196 0,000311
всякий 0,106619 0,000059
вход 0,752344 0,000139
вчера 0,341243 0,000063
вчерашний 0,599116 0,000110
вы 0,232819 0,000129
выбрать 0,845098 0,000156
выведать 1,866287 0,000344
вывести 0,611015 0,000113
вывод 1,389166 0,000256
выговорить 0,599116 0,000110
выдать 0,845098 0,000156
выживать 2,167317 0,000399
вызвать 0,824895 0,000608
вызов 0,866287 0,000160
выигрыш 2,167317 0,000399
выйти 0,063514 0,000047
вылететь 1,322219 0,000244
вынести 0,486076 0,000090
вынуть 0,451314 0,000083
выпить 0,704919 0,000130
выплата 0,000000 0,000000
выражать 0,963197 0,000177
выразиться 0,504560 0,000093
высидеть 2,167317 0,000399
выскочить 0,824895 0,000152
выслушать 0,426955 0,000236
высматривать 1,167317 0,000215
высокий 0,213075 0,000039
выстрелить 1,322219 0,000731
выхватить 1,125925 0,000207
выход 0,769377 0,000142
выходить 0,258832 0,000048
выходка 0,866287 0,000160
выше 0,720159 0,000133
гарнизон 2,167317 0,000399
генерал 0,504560 0,000651
глава 0,963197 0,000177
главное 0,185046 0,000068
главный 0,426955 0,000157
глаз 0,056728 0,000021
глубокий 0,477121 0,000088
глядеть 0,243038 0,000134
говорить 0,011981 0,000062
говориться 1,167317 0,000215
год 0,292256 0,000054
голова 0,114239 0,000168
город 0,248239 0,000046
горячий 0,523865 0,000290
господин 0,208276 0,000077
господь 0,374926 0,000069
готовый 0,367977 0,000203
грех 0,752344 0,000139
гроза 1,389166 0,000512
грозно 0,888564 0,000164
грудь 0,443041 0,000245
грустно 0,735954 0,000271
грусть 1,021189 0,000188
густой 0,991226 0,000183
давеча 0,232819 0,000343
давешний 0,611015 0,000338
давно 0,158717 0,000029
даже 0,005949 0,000023
далее 0,648803 0,000120
дальний 1,021189 0,000188
далёкий 0,411442 0,000076
дантес 2,167317 0,000399
дать 0,171682 0,000095
дача 0,888564 0,000819
двенадцатый 0,690196 0,000127
двенадцать 0,805589 0,000594
дверь 0,258832 0,000143
двигаться 1,167317 0,000215
движение 0,648803 0,000120
двойной 1,565257 0,000288
девица 0,648803 0,000120
девушка 0,533849 0,000197
дежурить 1,468347 0,000271
действительно 0,106619 0,000059
действительный 0,991226 0,000183
делать 0,194189 0,000036
дело 0,011981 0,000024
день 0,118099 0,000218
дерево 0,752344 0,000139
держать 0,403889 0,000074
десять 0,298086 0,000055
добрый 0,303994 0,000056
довольно 0,129891 0,000096
догадаться 0,554533 0,000306
догадка 1,053374 0,000388
догнать 1,088136 0,000200
догонять 1,866287 0,000344
доказывать 1,389166 0,000256
долго 0,222835 0,000041
должный 0,099131 0,000055
дом 0,154480 0,000114
домогательство 2,167317 0,000399
домой 0,459747 0,000169
донести 1,264227 0,000233
допустить 0,635838 0,000117
дорога 0,275223 0,000203
дорожка 1,389166 0,000256
досада 0,675956 0,000249
достать 0,587534 0,000216
достоевский 0,000000 0,000000
достояние 0,000000 0,000000
дотронуться 1,167317 0,000215
дочка 0,912045 0,000168
дочь 0,374926 0,000207
дражайший 2,167317 0,000399
драться 1,167317 0,000645
дрожать 0,426955 0,000079
друг 0,180546 0,000133
другой 0,008955 0,000012
дрязг 2,167317 0,000399
думать 0,060107 0,000221
дурачить 1,866287 0,000344
дурно 0,888564 0,000164
душа 0,158717 0,000029
дуэль 1,213075 0,001564
дюжинка 1,866287 0,000344
дядя 1,167317 0,000430
евгений 0,866287 0,001436
евгения 0,963197 0,000355
епанчин 0,690196 0,000254
если 0,011981 0,000038
есть 0,018098 0,000063
жар 0,587534 0,000325
ждать 0,142011 0,000052
женщина 0,213075 0,000196
жертвовать 1,322219 0,000244
жест 0,787106 0,000145
жестокость 1,213075 0,000223
жизнь 0,084532 0,000047
заблаговременно 1,565257 0,000288
забрать 1,565257 0,000288
забыть 0,125925 0,000093
заверение 1,690196 0,000311
завтра 0,298086 0,000275
завтрашний 1,021189 0,000188
загадка 0,787106 0,000290
заговорить 0,334808 0,000247
задуматься 0,787106 0,000145
задумчивый 0,805589 0,000148
зажать 1,468347 0,000271
зайти 0,554533 0,000204
заклад 0,824895 0,000608
заключение 0,787106 0,000145
закопать 1,690196 0,000311
заметить 0,056728 0,000073
заметный 1,264227 0,000233
замечание 0,888564 0,000164
замуж 0,735954 0,000271
замучить 1,264227 0,000233
занятый 0,866287 0,000160
записка 0,824895 0,000760
заплатить 1,167317 0,000215
заранее 0,576253 0,000106
зародиться 1,389166 0,000256
зарождаться 1,322219 0,000244
зарядить 1,088136 0,000401
заряжать 1,866287 0,002063
заслуженно 1,866287 0,000344
засмеяться 0,347773 0,000320
заставить 0,735954 0,000136
застать 0,648803 0,000120
застрелиться 1,053374 0,000194
засыпать 0,963197 0,000177
затем 0,237898 0,000044
зато 0,468347 0,000086
заученный 1,690196 0,000623
заучить 1,690196 0,000311
заходить 0,611015 0,000113
захотеть 0,316059 0,000058
захотеться 0,704919 0,000130
захохотать 0,866287 0,000319
зачем 0,146128 0,000135
зачинать 1,866287 0,000344
зашевелиться 1,322219 0,000244
звать 0,419129 0,000154
здесь 0,095435 0,000105
зелёный 0,805589 0,000445
земля 0,298086 0,000055
злоба 0,523865 0,000483
знакомство 0,720159 0,000265
знатный 0,936868 0,000173
знать 0,002964 0,000021
значит 0,243038 0,000090
зуб 0,735954 0,000136
иван 0,232819 0,000257
иванович 0,269690 0,000050
иголка 1,389166 0,000256
игрушка 1,565257 0,000288
идея 0,459747 0,000254
идиот 0,426955 0,000315
идти 0,180546 0,000067
иезуитский 1,690196 0,000311
известие 0,554533 0,000204
измениться 0,735954 0,000136
измучить 1,021189 0,000188
именно 0,066947 0,000025
иметь 0,118099 0,000022
иногда 0,208276 0,000077
иной 0,208276 0,000077
интерес 0,866287 0,000160
интересный 0,845098 0,000156
интрига 1,389166 0,000256
искать 0,411442 0,000152
искренний 0,576253 0,000106
искренно 0,523865 0,000193
использоваться 0,000000 0,000000
испуг 0,554533 0,000409
испуганный 0,752344 0,000139
испугаться 0,523865 0,000097
истерика 0,752344 0,000139
история 0,495219 0,000091
источник 1,565257 0,000288
исчезнуть 0,623249 0,000115
июнь 1,565257 0,000288
каждый 0,137934 0,000102
казаться 0,063514 0,000070
казённый 1,167317 0,000215
каковой 0,576253 0,000318
какой 0,005949 0,000023
капитон 1,866287 0,001375
каприз 1,264227 0,000233
карман 0,396465 0,000073
касаться 0,599116 0,000221
катастрофа 0,936868 0,000345
качество 0,735954 0,000136
каяться 1,389166 0,000256
келлер 0,963197 0,002129
кислый 1,690196 0,000311
книга 0,106619 0,000020
князь 0,443041 0,005469
когда 0,015029 0,000030
коли 0,269690 0,000199
комар 0,000000 0,000000
компания 0,611015 0,000113
компетентный 1,389166 0,000256
конец 0,213075 0,000079
конечно 0,060107 0,000044
кончиться 0,495219 0,000091
коридор 1,322219 0,000244
который 0,002964 0,000009
кошка 1,389166 0,000256
крайний 0,292256 0,000108
краснеть 0,866287 0,000160
красный 0,611015 0,000113
крепко 0,443041 0,000245
крест 0,690196 0,000509
крестовый 2,167317 0,000399
кривляться 1,322219 0,000244
кроме 0,158717 0,000117
кротко 1,322219 0,000244
кругом 0,419129 0,000309
крупный 1,088136 0,000200
кто 0,114239 0,000021
куда 0,248239 0,000137
купить 0,752344 0,000554
ласково 0,936868 0,000173
лебедев 0,690196 0,000381
лев 1,021189 0,000188
либо 0,000000 0,000000
лизавета 0,623249 0,001033
литература 1,468347 0,000271
лихорадка 0,845098 0,000311
лицо 0,000000 0,000000
лично 0,720159 0,000133
ловить 0,866287 0,000160
луна 1,468347 0,000271
любим 1,167317 0,000430
любить 0,066947 0,000173
любовный 1,322219 0,000487
любовь 0,334808 0,000370
любой 0,000000 0,000000
любопытство 0,361137 0,000067
маленький 0,185046 0,000068
мало 0,208276 0,000077
малый 0,334808 0,000185
мамаша 0,735954 0,000407
мать 0,217927 0,000120
мгновение 0,316059 0,000058
медленно 0,805589 0,000148
между 0,129891 0,000024
мелкий 0,690196 0,000127
мелькнуть 0,544068 0,000100
меняться 1,690196 0,000311
мера 0,217927 0,000080
мерещиться 0,866287 0,000160
место 0,099131 0,000037
месяц 0,264227 0,000146
милый 0,322219 0,000178
мимо 0,514105 0,000095
мина 1,565257 0,000288
минута 0,050046 0,000065
мираж 1,565257 0,000288
мнение 0,374926 0,000069
много 0,080958 0,000060
можно 0,088136 0,000065
мой 0,077412 0,000043
мокрый 0,675956 0,000374
моловец 2,167317 0,000399
молчание 0,662167 0,000122
момент 0,000000 0,000000
морщиться 1,690196 0,000311
мочь 0,000000 0,000000
мошеннический 1,866287 0,000344
мрачный 0,662167 0,000122
музыка 0,963197 0,000710
мундир 1,264227 0,000233
мучение 0,963197 0,000177
мучительный 0,623249 0,000115
мучить 0,419129 0,000077
мысль 0,114239 0,000147
наверно 0,264227 0,000243
наверстать 1,690196 0,000311
наверху 1,264227 0,000466
навстречу 1,125925 0,000207
надеяться 0,434924 0,000080
надо 0,036984 0,000075
надумать 1,468347 0,000271
назад 0,000000 0,000000
название 1,088136 0,000200
назвать 0,635838 0,000117
назначение 1,264227 0,000233
назначить 0,787106 0,000145
наизусть 1,167317 0,000215
найти 0,298086 0,000165
наклонный 1,125925 0,000207
наконец 0,073896 0,000095
накопиться 1,322219 0,000244
намекать 0,866287 0,000160
намеренный 0,769377 0,000142
намерить 0,805589 0,000148
намёк 0,845098 0,000156
написать 0,000000 0,000000
напиться 1,167317 0,000215
наполовину 1,468347 0,000271
напрасно 0,805589 0,000297
например 0,298086 0,000055
напёрсток 2,167317 0,000799
нарочно 0,227798 0,000126
наружу 1,322219 0,000244
наскоро 0,888564 0,000164
наследство 0,824895 0,000152
насмешка 0,599116 0,000221
насмешливо 0,787106 0,000145
насмеяться 1,322219 0,000487
наставление 1,468347 0,000271
настроение 0,824895 0,000152
насчёт 0,354404 0,000261
натурально 0,991226 0,000183
наука 0,787106 0,000145
научиться 1,053374 0,000194
нахмурить 1,088136 0,000200
находить 0,576253 0,000106
находиться 0,514105 0,000095
начало 0,243038 0,000134
начать 0,066947 0,000012
начаться 0,514105 0,000284
начинать 0,292256 0,000162
наш 0,118099 0,000109
невинный 0,576253 0,000106
невыразимый 1,264227 0,000233
негодование 0,403889 0,000074
негодовать 1,468347 0,000271
неделя 0,374926 0,000138
недолго 1,053374 0,000194
недоумение 0,554533 0,000102
неизменный 1,389166 0,000256
некоторый 0,154480 0,000057
нелепость 0,963197 0,000177
неловкость 1,866287 0,000344
нельзя 0,176091 0,000065
ненавидеть 0,514105 0,000095
необыкновенно 0,805589 0,000148
необыкновенный 0,396465 0,000073
неопределённый 1,053374 0,000194
неправда 0,752344 0,000139
непременно 0,133894 0,000123
неприлично 0,824895 0,000152
неразъяснённый 1,866287 0,000344
нервный 0,824895 0,000152
несколько 0,095435 0,000088
несмотря 0,275223 0,000254
неужели 0,389166 0,000072
нечего 0,381987 0,000211
нечто 0,389166 0,000072
нибыть 0,030597 0,000101
низко 1,322219 0,000244
никак 0,396465 0,000073
никакой 0,213075 0,000079
никогда 0,088136 0,000114
николаевич 0,704919 0,001558
никто 0,095435 0,000070
ничего 0,030597 0,000062
новый 0,167317 0,000092
нога 0,213075 0,000079
нож 1,167317 0,000215
ночь 0,189594 0,000175
нужный 0,477121 0,000088
оба 0,316059 0,000058
обвинять 0,888564 0,000164
обернуться 0,576253 0,000106
обивать 1,866287 0,000344
обидеться 0,845098 0,000156
обидчивый 1,264227 0,000466
обличить 1,690196 0,000311
обмануть 0,787106 0,000145
обманывать 0,991226 0,000183
обнаруживаться 1,565257 0,000288
обнаружить 1,053374 0,000194
обнаружиться 1,021189 0,000188
обнять 0,735954 0,000136
ободрить 0,963197 0,000177
образ 0,243038 0,000179
образоваться 1,468347 0,000271
общественный 0,000000 0,000000
объявлять 0,769377 0,000142
объяснение 0,599116 0,000442
объяснить 0,374926 0,000207
объясниться 0,824895 0,000152
обыкновение 0,888564 0,000164
обыкновенно 0,720159 0,000133
оглядываться 1,167317 0,000215
ограничить 1,565257 0,000288
один 0,000000 0,000000
однако 0,102859 0,000095
ожидать 0,264227 0,000097
озаботить 0,888564 0,000327
озадачить 1,565257 0,000288
озарить 1,167317 0,000215
оказаться 0,275223 0,000101
оказываться 0,936868 0,000173
окно 0,381987 0,000211
он 0,000000 0,000000
опозорить 1,125925 0,000207
опубликовать 0,000000 0,000000
опять 0,027438 0,000045
осведомиться 0,805589 0,000148
осведомляться 1,690196 0,000311
осветить 1,053374 0,000194
оскорбление 1,088136 0,000401
осмотреть 1,053374 0,000194
осмотреться 1,125925 0,000415
особенно 0,129891 0,000024
особенность 1,125925 0,000207
особенный 0,389166 0,000215
особый 0,565257 0,000104
осрамить 1,690196 0,000311
оставаться 0,280827 0,000052
оставить 0,203530 0,000112
останавливаться 0,866287 0,000160
остановить 0,565257 0,000104
остановиться 0,269690 0,000199
остаться 0,133894 0,000049
отвергнуть 0,991226 0,000183
отвести 0,866287 0,000160
ответ 0,322219 0,000178
ответить 0,121994 0,000045
отголосок 1,690196 0,000311
отказ 1,264227 0,000233
отказать 0,735954 0,000136
отказываться 1,053374 0,000194
открыто 1,213075 0,000223
открыть 0,635838 0,000117
откуда 0,514105 0,000189
отливать 1,690196 0,000311
отнюдь 0,824895 0,000152
отписать 1,322219 0,000244
отправляться 1,088136 0,000200
отражать 2,167317 0,000399
отскочить 1,213075 0,000223
отставка 1,125925 0,000207
отступить 1,389166 0,000256
оттого 0,675956 0,000125
оттуда 0,888564 0,000164
отчасти 0,611015 0,000338
отчий 0,554533 0,000102
отыскать 0,769377 0,000142
офицер 0,752344 0,000139
оформление 0,000000 0,000000
охота 1,021189 0,000188
очевидный 0,554533 0,000102
очень 0,024303 0,000040
очутиться 0,675956 0,000249
ошибиться 0,752344 0,000139
ощущение 0,690196 0,000254
павлович 0,286504 0,000317
павловск 0,888564 0,000491
павлыкать 1,389166 0,001280
палить 1,866287 0,000688
парк 1,213075 0,000447
парка 1,213075 0,001341
парфена 1,213075 0,001117
пассаж 1,565257 0,000288
первый 0,018098 0,000013
переговорить 0,936868 0,000173
переехать 0,991226 0,000183
перейти 0,000000 0,000000
перекрёсток 1,322219 0,000244
перенести 0,704919 0,000260
пересказать 1,264227 0,000233
песок 1,322219 0,000244
петербург 0,434924 0,000240
петербургский 0,991226 0,000183
писать 0,419129 0,000463
пистолет 0,805589 0,001187
пистолетный 2,167317 0,000799
письмо 0,434924 0,000481
пить 0,787106 0,000145
плакать 0,328468 0,000061
плечо 0,403889 0,000149
плотно 1,468347 0,000271
плохо 0,912045 0,000168
побиться 1,264227 0,000233
побрататься 1,690196 0,000311
побуждение 1,468347 0,000271
поведение 1,125925 0,000207
повенчать 1,866287 0,000344
поверить 0,347773 0,000064
повстречаться 1,690196 0,000311
поглядеть 0,396465 0,000073
поговорить 0,805589 0,000148
погреб 1,264227 0,000233
подавать 0,866287 0,000160
подборка 0,000000 0,000000
подействовать 1,021189 0,000188
поджидать 1,213075 0,000223
подивиться 0,991226 0,000183
подле 0,419129 0,000154
подлинно 1,468347 0,000271
поднять 0,396465 0,000146
подозревать 0,504560 0,000093
подозрительно 1,322219 0,000244
подозрительный 1,264227 0,000233
подойти 0,341243 0,000251
подумать 0,185046 0,000068
подуматься 1,213075 0,000223
подхватить 0,403889 0,000223
подымать 0,912045 0,000168
подымить 2,167317 0,000399
пожаловать 0,704919 0,000130
пожалуй 0,237898 0,000044
пожать 0,912045 0,000168
пождать 2,167317 0,000399
пожелать 0,675956 0,000498
поздний 0,963197 0,000177
поздно 0,735954 0,000136
пойти 0,080958 0,000089
пока 0,213075 0,000118
показать 0,292256 0,000215
показаться 0,334808 0,000062
покамест 0,866287 0,000160
покатиться 1,690196 0,000311
покаяться 1,264227 0,000466
поклясться 1,053374 0,000194
покраснеть 0,504560 0,000186
полиция 1,322219 0,000487
полночь 1,322219 0,000244
полный 0,253503 0,000047
половина 0,396465 0,000073
положение 0,459747 0,000085
положим 0,720159 0,000133
положить 0,403889 0,000074
положь 2,167317 0,000399
получить 0,309985 0,000114
полчеловек 2,167317 0,001198
помалу 0,675956 0,000125
помешанный 0,769377 0,000567
помешательство 1,167317 0,000215
поминать 1,088136 0,000200
помнить 0,167317 0,000062
понадобиться 0,936868 0,000173
понимать 0,095435 0,000158
понятие 0,735954 0,000136
понять 0,106619 0,000039
пообдумать 2,167317 0,000399
попадать 2,167317 0,000799
попасть 0,533849 0,000393
попробовать 0,866287 0,000160
попросить 0,426955 0,000079
поразить 0,243038 0,000269
порох 1,264227 0,001397
поручик 1,088136 0,000200
порядок 0,704919 0,000130
порядочный 0,866287 0,000160
посадить 0,752344 0,000139
посетитель 0,991226 0,000365
посещать 0,845098 0,000311
после 0,084532 0,000047
последовать 0,824895 0,000152
послушать 0,662167 0,000244
посмертно 0,000000 0,000000
посмотреть 0,213075 0,000039
посягнуть 1,565257 0,000288
потом 0,084532 0,000171
потому 0,024303 0,000063
похожий 0,611015 0,000113
похоронить 1,213075 0,000223
поцеловать 0,587534 0,000216
поцелуй 0,888564 0,000164
почему 0,099131 0,000110
почесть 0,769377 0,000283
почитать 0,866287 0,000160
почтенный 0,720159 0,000133
почти 0,024303 0,000036
почувствовать 0,426955 0,000315
появиться 0,662167 0,000122
появление 0,735954 0,000136
правда 0,088136 0,000032
правильный 1,565257 0,000288
право 0,176091 0,000032
правый 0,495219 0,000274
практика 1,468347 0,000271
пред 0,030597 0,000045
предел 0,991226 0,000183
предложить 0,623249 0,000115
предположение 0,991226 0,000183
предупредить 0,769377 0,000142
предчувствие 0,912045 0,000168
предчувствовать 0,504560 0,000093
прежде 0,077412 0,000043
прежний 0,198834 0,000037
презрение 0,554533 0,000102
преимущественно 1,053374 0,000194
прибавить 0,162996 0,000090
прибить 1,125925 0,000207
привести 0,576253 0,000106
привидение 1,690196 0,000311
придать 1,088136 0,000200
придвинуться 1,690196 0,000311
прижизненный 0,000000 0,000000
признаться 0,443041 0,000082
прийти 0,095435 0,000053
прийтись 0,565257 0,000104
прикатить 1,866287 0,000344
принудить 0,805589 0,000297
принять 0,180546 0,000033
приписать 1,389166 0,000256
припомнить 0,533849 0,000295
прислать 0,403889 0,000149
пристально 0,389166 0,000072
приходить 0,243038 0,000134
приходиться 0,963197 0,000355
причина 0,396465 0,000073
приятель 0,866287 0,000160
пробормотать 0,316059 0,000291
проговорить 0,110412 0,000061
проговориться 1,125925 0,000207
программирование 0,000000 0,000000
продать 0,824895 0,000152
продолжать 0,125925 0,000023
произведение 0,000000 0,000000
производить 0,936868 0,000173
произойти 0,258832 0,000048
проискать 2,167317 0,000399
происшествие 1,053374 0,000388
пройти 0,000000 0,000000
прокофиевич 0,704919 0,001169
промах 1,389166 0,000256
промедлить 2,167317 0,000399
промолчать 1,021189 0,000188
просидеть 0,704919 0,000130
просить 0,150284 0,000028
проскочить 1,866287 0,000344
просто 0,232819 0,000086
протянуть 0,486076 0,000090
проходить 0,576253 0,000106
прочесть 0,443041 0,000082
прочий 0,824895 0,000152
прочить 0,648803 0,000120
прошение 2,167317 0,000399
прощать 0,426955 0,000157
прощение 0,611015 0,000113
прямо 0,118099 0,000109
прятать 1,264227 0,000466
публика 0,805589 0,000148
публикация 0,000000 0,000000
пуля 1,264227 0,001630
пуститься 0,845098 0,000156
пусть 0,253503 0,000047
путь 0,675956 0,000125
пушка 1,565257 0,000577
пушкин 1,167317 0,000430
пьяный 0,451314 0,000083
пятый 0,787106 0,000145
равно 0,303994 0,000168
равнодушный 1,389166 0,000256
радомский 1,690196 0,000311
радостный 0,752344 0,000139
радость 0,411442 0,000076
раз 0,309985 0,000228
разве 0,146128 0,000162
развернуть 0,866287 0,000160
развесёлый 1,565257 0,000288
развязность 1,322219 0,000244
разглядеть 0,662167 0,000122
разговаривать 0,720159 0,000133
разговор 0,264227 0,000341
раздумье 1,125925 0,000207
разинуть 1,322219 0,000244
различить 1,264227 0,000466
разлюбить 1,565257 0,000577
разрешение 0,000000 0,000000
разумеется 0,328468 0,000242
разъяснять 1,389166 0,000256
раненый 1,690196 0,000311
ранний 0,504560 0,000093
рано 0,787106 0,000145
располагать 1,565257 0,000288
рассвет 0,963197 0,000177
рассердиться 0,523865 0,000097
рассеянный 1,021189 0,000188
рассказать 0,280827 0,000103
рассмотреть 1,053374 0,000194
расстояние 1,167317 0,000215
рассудительный 1,565257 0,000288
рассудить 0,675956 0,000249
рассчитывать 0,675956 0,000125
рассыпаться 1,468347 0,000271
расхаживать 1,690196 0,000311
ребёнок 0,232819 0,000086
ревность 0,888564 0,000164
редко 0,690196 0,000509
резон 2,167317 0,000399
речь 0,486076 0,000090
решаться 0,752344 0,000139
решительно 0,341243 0,000126
решительный 0,611015 0,000225
решиться 0,341243 0,000063
рогожина 0,648803 0,002032
родный 0,565257 0,000104
рождение 0,888564 0,000164
рука 0,030597 0,000073
русский 0,411442 0,000076
рядом 0,690196 0,000127
сайт 0,000000 0,000000
сам 0,002964 0,000004
самовольный 1,866287 0,000344
самый 0,018098 0,000017
сбиваться 1,088136 0,000200
сверху 0,936868 0,000345
свет 0,176091 0,000097
светлый 0,735954 0,000136
свидание 0,514105 0,000284
свободно 0,000000 0,000000
свой 0,000000 0,000000
связь 0,824895 0,000152
сглупить 2,167317 0,000799
сгореть 1,322219 0,000244
сделать 0,102859 0,000057
сдержать 0,752344 0,000139
себя 0,000000 0,000000
сегодня 0,194189 0,000322
сегодняшний 0,991226 0,000183
сейчас 0,070407 0,000117
секундант 1,690196 0,000623
село 0,888564 0,000164
семейный 0,769377 0,000142
семейство 0,451314 0,000083
семь 0,623249 0,000344
семьдесят 0,000000 0,000000
семёнович 1,213075 0,000223
сентенциозный 1,322219 0,000244
сердиться 0,443041 0,000082
сердце 0,095435 0,000035
серьёзно 0,419129 0,000077
серьёзный 0,565257 0,000208
сестра 0,477121 0,000176
сестрица 1,167317 0,000215
сжать 0,963197 0,000355
сжимать 1,322219 0,000244
сидеть 0,125925 0,000209
сильный 0,269690 0,000099
сказать 0,011981 0,000046
скамейка 1,088136 0,001203
скандал 0,845098 0,000156
сквозь 0,936868 0,000173
сколько 0,280827 0,000103
сконфузиться 0,824895 0,000152
скорее 0,514105 0,000095
скоро 0,298086 0,000110
скорый 0,237898 0,000088
скрип 2,167317 0,000399
слабый 0,611015 0,000113
следить 0,623249 0,000230
слишком 0,133894 0,000148
слово 0,027438 0,000061
словцо 1,088136 0,000200
сложённый 1,866287 0,000344
случай 0,146128 0,000054
случайно 0,866287 0,000479
случайный 1,322219 0,000244
случиться 0,292256 0,000108
слушайте 0,912045 0,000168
слушать 0,203530 0,000112
слыхать 0,675956 0,000498
слышать 0,125925 0,000278
слышаться 0,963197 0,000177
смеркнуться 1,690196 0,000311
смерть 0,374926 0,000138
смех 0,443041 0,000163
смешной 0,565257 0,000104
смеяться 0,171682 0,000506
смотреть 0,077412 0,000029
смочь 1,264227 0,000466
смущение 0,752344 0,000277
снаружи 1,322219 0,000244
сначала 0,434924 0,000080
снять 0,704919 0,000130
собрание 1,088136 0,000200
собрать 1,213075 0,000223
собраться 0,662167 0,000244
собственно 0,565257 0,000104
собственный 0,264227 0,000097
событие 0,824895 0,000152
совершенно 0,180546 0,000067
совестно 1,167317 0,000215
совесть 0,544068 0,000100
совсем 0,021189 0,000031
согласие 0,000000 0,000000
согласиться 0,396465 0,000146
согласный 0,565257 0,000104
содержать 0,912045 0,000168
создание 1,167317 0,000215
сознание 0,787106 0,000145
сознаться 0,769377 0,000283
сойти 0,495219 0,000182
солдат 0,888564 0,000164
сомнение 0,426955 0,000079
сон 0,866287 0,000160
сообщить 0,434924 0,000080
сорок 0,845098 0,000156
состояние 0,322219 0,000059
состоять 0,514105 0,000095
сотня 0,991226 0,000183
сочинение 1,468347 0,000271
спать 0,495219 0,000091
спешить 0,477121 0,000088
спокойно 0,648803 0,000120
спокойный 0,576253 0,000318
способный 0,587534 0,000216
справедливо 0,805589 0,000148
справка 1,264227 0,000233
спрашивать 0,232819 0,000086
спросить 0,114239 0,000210
сряду 0,991226 0,000183
становиться 0,389166 0,000143
старичок 0,912045 0,000168
старое 0,866287 0,000160
старушка 1,213075 0,000223
старший 0,587534 0,000108
стать 0,002964 0,000007
степень 0,367977 0,000068
стоить 0,189594 0,000035
столкнуться 1,264227 0,000233
сторона 0,110412 0,000061
сторониться 1,389166 0,000512
стоять 0,150284 0,000055
странно 0,354404 0,000261
странный 0,227798 0,000084
страстный 0,963197 0,000177
стрелка 1,565257 0,000288
стрелять 1,322219 0,001462
строгость 1,389166 0,000256
струсить 1,021189 0,000188
стрястись 2,167317 0,000399
стул 0,434924 0,000160
стыд 0,533849 0,000295
стыдиться 0,623249 0,000115
сумасшедший 0,554533 0,000204
сумасшествие 1,021189 0,000188
суматоха 1,468347 0,000271
сумма 0,662167 0,000244
сумятица 1,866287 0,000344
супруг 0,523865 0,000097
сухой 1,021189 0,000188
существование 1,167317 0,000215
существовать 0,635838 0,000469
схватить 0,347773 0,000064
сходиться 0,912045 0,000168
сцена 0,554533 0,000102
счастие 0,451314 0,000166
счастливый 0,451314 0,000083
сын 0,434924 0,000080
сюда 0,232819 0,000172
тайна 0,675956 0,000125
также 0,000000 0,000000
таки 0,066947 0,000062
такой 0,002964 0,000014
тарелка 1,690196 0,000311
тварь 0,866287 0,000160
твой 0,258832 0,000334
твёрдый 0,576253 0,000106
текст 0,000000 0,000000
темно 0,912045 0,000336
темнота 0,866287 0,000160
тенистый 1,866287 0,000344
теперь 0,015029 0,000078
терпеть 0,866287 0,000160
терраса 0,912045 0,001344
терять 0,720159 0,000133
тихий 0,544068 0,000200
тихо 0,354404 0,000131
тишина 0,912045 0,000168
тогда 0,050046 0,000092
тогдашний 0,635838 0,000117
тоже 0,043466 0,000056
толкнуть 1,322219 0,000244
толпа 0,648803 0,000120
только 0,002964 0,000009
том 1,565257 0,000288
тонкий 0,720159 0,000265
топнуть 1,264227 0,000233
торопиться 0,662167 0,000122
тот 0,002964 0,000011
тотчас 0,046743 0,000043
точить 0,787106 0,000290
точка 0,623249 0,000115
точно 0,121994 0,000180
трактир 0,720159 0,000133
тревога 0,648803 0,000239
тревожный 0,866287 0,000638
третий 0,154480 0,000085
тридцать 0,599116 0,000110
трое 0,752344 0,000139
трудно 0,459747 0,000169
трус 1,322219 0,000731
трусить 1,264227 0,000233
туда 0,495219 0,000182
ты 0,133894 0,001702
тюфяк 1,167317 0,000215
тяжело 0,565257 0,000104
тёмный 0,523865 0,000097
тёплый 0,991226 0,000183
убежать 0,565257 0,000312
убитый 0,866287 0,000160
убить 0,275223 0,000101
уважать 0,523865 0,000097
увидеть 0,222835 0,000123
увлечение 1,021189 0,000188
угол 0,341243 0,000189
угрызение 1,088136 0,000200
удаваться 1,125925 0,000207
удивить 0,769377 0,000283
удивиться 0,523865 0,000386
удивление 0,292256 0,000162
удовлетвориться 2,167317 0,000399
удовольствие 0,486076 0,000090
удостоить 1,053374 0,000194
ужас 0,468347 0,000345
ужасно 0,167317 0,000123
узнать 0,106619 0,000059
уйти 0,248239 0,000046
улица 0,396465 0,000073
уловить 1,322219 0,000244
улыбнуться 0,426955 0,000236
умереть 0,269690 0,000050
умерший 0,000000 0,000000
уметь 0,328468 0,000484
усесться 0,662167 0,000122
усилие 0,845098 0,000156
услуга 1,088136 0,000200
услыхать 1,088136 0,000200
услышать 0,381987 0,000070
усмехнуться 0,374926 0,000207
усмешка 0,752344 0,000139
усомниться 1,322219 0,000487
успеть 0,203530 0,000037
устав 1,690196 0,000311
устать 1,021189 0,000188
устроить 0,690196 0,000127
утро 0,347773 0,000128
утром 0,411442 0,000152
учить 0,752344 0,000139
фантазия 0,824895 0,000152
фантастический 0,912045 0,000168
формально 1,690196 0,000311
формальный 1,213075 0,000447
французский 0,805589 0,000148
фёдор 0,434924 0,000160
фёдорович 0,150284 0,000166
характер 0,374926 0,000276
хладнокровный 1,690196 0,000623
хлопнуть 1,468347 0,000271
ходить 0,213075 0,000079
хороший 0,077412 0,000086
хотеть 0,033778 0,000081
хотеться 0,292256 0,000162
хоть 0,060107 0,000066
хотя 0,050046 0,000018
хохотать 0,824895 0,000304
целить 1,866287 0,000688
целиться 2,167317 0,000399
целость 1,468347 0,000271
целый 0,217927 0,000080
цель 0,361137 0,000133
церковь 0,787106 0,000290
час 0,185046 0,000205
часто 0,292256 0,000054
часть 0,002964 0,000001
чей 0,000000 0,000000
человек 0,011981 0,000026
через 0,258832 0,000143
черта 0,264227 0,000049
честить 1,866287 0,000344
честь 0,403889 0,000149
число 0,704919 0,000260
читаемый 2,167317 0,000399
читать 0,403889 0,000149
чреватый 2,167317 0,000399
чрез 0,275223 0,000101
чрезвычайно 0,217927 0,000080
чрезвычайный 0,258832 0,000238
что 0,030597 0,000068
чтоб 0,073896 0,000014
чтобы 0,030597 0,000028
чувство 0,158717 0,000117
чувствовать 0,264227 0,000097
чугунка 2,167317 0,000399
чудный 1,866287 0,000344
чудовищный 1,565257 0,000288
чуть 0,176091 0,000130
шаг 0,367977 0,000271
шалость 1,322219 0,000487
шампанский 1,264227 0,000932
шампанское 0,936868 0,000173
шапка 1,468347 0,000271
шваль 1,866287 0,000344
штаб 2,167317 0,000399
шёпотом 0,675956 0,000125
эпикуреец 2,167317 0,000399
этакий 0,533849 0,000393
это 0,002964 0,000011
этот 0,002964 0,000009
эфтого 2,167317 0,000399
я 0,024303 0,000143
явный 1,167317 0,000215
язвительный 1,125925 0,000207
ясно 0,354404 0,000065
