автор 0,000000 0,000000
авторский 0,000000 0,000000
аделаида 0,720159 0,000173
александр 1,213075 0,000292
алексей 0,000000 0,000000
амбиция 1,565257 0,000376
башмак 1,264227 0,000912
бегать 0,912045 0,000438
беда 0,662167 0,000159
бежать 0,434924 0,000732
безумный 0,824895 0,000198
бельё 0,845098 0,000406
беречь 1,322219 0,000318
берлин 1,866287 0,000449
беспокойный 0,824895 0,000198
библиотека 1,866287 0,001346
бить 0,769377 0,000185
биться 0,623249 0,000150
благодарить 0,635838 0,000153
близкий 0,477121 0,000115
бог 0,154480 0,000074
божий 0,623249 0,000150
боков 1,264227 0,000304
более 0,000000 0,000000
болезнь 0,434924 0,000105
больной 0,258832 0,000560
больший 0,248239 0,000358
большой 0,056728 0,000095
босой 1,389166 0,000668
бояться 0,158717 0,000038
бранить 1,125925 0,000812
браниться 0,936868 0,000450
бриллиантовый 1,565257 0,000376
бродить 1,125925 0,000271
бросать 0,787106 0,000189
бросаться 0,866287 0,000416
бросить 0,269690 0,000065
броситься 0,258832 0,000187
булавка 1,565257 0,000376
бывало 0,554533 0,000133
бывать 0,280827 0,000068
быть 0,000000 0,000000
вагон 0,888564 0,001068
важный 0,341243 0,000164
ватага 1,565257 0,001505
ваш 0,121994 0,000235
вдруг 0,005949 0,000010
ведь 0,043466 0,000052
вежливый 0,735954 0,000177
великий 0,341243 0,000164
венок 1,866287 0,000449
верный 0,495219 0,000119
верста 0,888564 0,000214
весело 0,648803 0,000468
весь 0,002964 0,000013
ветхий 1,088136 0,000262
вечер 0,322219 0,000232
вечно 0,824895 0,000198
взглянуть 0,468347 0,000113
вздрагивать 1,021189 0,000245
взрослый 1,053374 0,000760
взять 0,077412 0,000019
видеть 0,027438 0,000020
видеться 0,963197 0,000232
визит 0,845098 0,000203
виноватый 0,328468 0,000079
висок 1,167317 0,000281
влюбить 0,752344 0,000362
вместе 0,208276 0,000100
внезапный 0,533849 0,000128
вовсе 0,150284 0,000072
вода 0,587534 0,000141
водопад 1,565257 0,000753
возвращение 1,053374 0,000253
вознаграждение 0,000000 0,000000
войти 0,137934 0,000033
вокруг 1,264227 0,000304
волнение 0,361137 0,000087
волос 0,690196 0,000166
воображать 0,991226 0,000238
вообразить 0,662167 0,000159
воротиться 0,303994 0,000146
восемь 0,735954 0,000354
воскресение 1,088136 0,000262
восторг 0,419129 0,000101
вполне 0,316059 0,000152
впоследствии 0,662167 0,000318
впрочем 0,118099 0,000057
впрямь 0,769377 0,000185
враг 0,735954 0,000354
вредный 1,167317 0,000281
время 0,018098 0,000035
вряд 0,963197 0,000232
всегда 0,129891 0,000187
всенародно 1,866287 0,000449
всеять 0,888564 0,000641
всматриваться 0,963197 0,000232
вспомнить 0,434924 0,000105
встретить 0,459747 0,000332
встретиться 0,704919 0,000169
встреча 0,554533 0,000133
встречать 0,735954 0,000354
встречаться 0,769377 0,000555
вступиться 1,167317 0,000281
всякий 0,106619 0,000026
входить 0,477121 0,000115
вы 0,232819 0,000168
выдать 0,845098 0,000203
выйти 0,063514 0,000061
выплата 0,000000 0,000000
выпускать 1,088136 0,000262
высказать 0,523865 0,000126
выступ 2,167317 0,000521
гадина 1,322219 0,000318
генеральша 0,912045 0,000219
главное 0,185046 0,000178
главный 0,426955 0,000103
глаз 0,056728 0,000068
глядеть 0,243038 0,000117
гнать 1,125925 0,000812
говорить 0,011981 0,000063
год 0,292256 0,000351
голова 0,114239 0,000165
голодный 1,053374 0,000253
голос 0,208276 0,000050
гольбейнов 2,167317 0,000521
гонение 1,866287 0,000897
гора 0,805589 0,000387
гораздо 0,443041 0,000107
горячо 0,544068 0,000131
гостинец 1,389166 0,000668
грезить 2,167317 0,000521
грезиться 1,866287 0,000449
грифельный 2,167317 0,000521
гроб 0,888564 0,001068
грош 1,125925 0,000541
грудь 0,443041 0,000107
грустный 0,735954 0,000177
грусть 1,021189 0,000245
грязь 1,088136 0,000523
гурьба 1,690196 0,000406
давать 0,253503 0,000122
давеча 0,232819 0,000112
давно 0,158717 0,000114
даже 0,005949 0,000033
далеко 0,599116 0,000144
далёкий 0,411442 0,000099
дать 0,171682 0,000165
двадцать 0,303994 0,000073
движение 0,648803 0,000312
двор 0,523865 0,000126
девочка 0,787106 0,000946
девушка 0,533849 0,000128
дежурить 1,468347 0,000353
действительно 0,106619 0,000026
деликатный 1,088136 0,000262
дело 0,011981 0,000017
день 0,118099 0,000170
деньга 0,185046 0,000089
деревенский 1,264227 0,000608
деревня 0,963197 0,004631
дерево 0,752344 0,000181
дивиться 0,787106 0,000189
добегать 2,167317 0,000521
добродетель 0,912045 0,000219
добрый 0,303994 0,000365
доверчиво 1,690196 0,000406
довольно 0,129891 0,000031
догадываться 1,264227 0,000304
дозволение 1,866287 0,000449
долгий 0,720159 0,000173
долго 0,222835 0,000161
должный 0,099131 0,000024
дом 0,154480 0,000149
домишко 1,322219 0,000318
домой 0,459747 0,000111
дорога 0,275223 0,000265
дорожить 1,213075 0,000292
доска 1,565257 0,000376
достать 0,587534 0,000282
достоевский 0,000000 0,000000
достояние 0,000000 0,000000
дочь 0,374926 0,000270
дразнить 0,845098 0,000406
драться 1,167317 0,000281
дрезден 2,167317 0,000521
дремать 1,389166 0,000334
дремота 2,167317 0,000521
дрожать 0,426955 0,000103
друг 0,180546 0,000087
другой 0,008955 0,000002
думать 0,060107 0,000058
дурно 0,888564 0,000427
дурной 0,611015 0,000441
душа 0,158717 0,000191
дышать 0,866287 0,000208
едва 0,554533 0,000133
ездить 0,690196 0,000166
если 0,011981 0,000006
есть 0,018098 0,000013
ехать 0,587534 0,000141
жадный 1,264227 0,000304
жалеть 0,805589 0,000581
жаль 0,635838 0,000459
ждать 0,142011 0,000034
железный 0,752344 0,000181
женщина 0,213075 0,000205
жестокий 0,769377 0,000185
жизнь 0,084532 0,000061
житие 1,264227 0,000304
жюля 2,167317 0,000521
забегать 1,125925 0,000812
забывать 0,824895 0,000198
забыть 0,125925 0,000030
заведение 1,468347 0,000353
завидеть 0,963197 0,000232
завидовать 1,213075 0,000583
задохнуться 2,167317 0,000521
закат 1,322219 0,000318
законфузиться 1,468347 0,000353
закрытый 1,690196 0,001219
закрыть 0,576253 0,000139
закрыться 1,389166 0,000334
заметить 0,056728 0,000068
замолчать 0,752344 0,000181
запеть 1,322219 0,000954
записочка 1,468347 0,000353
запретить 1,053374 0,000506
заслать 1,322219 0,000318
заслышать 1,213075 0,000292
заставать 1,866287 0,000449
зато 0,468347 0,000113
заторопить 2,167317 0,000521
заходить 0,611015 0,000147
захотеться 0,704919 0,000169
зачем 0,146128 0,000070
зачинщик 1,866287 0,000449
звать 0,419129 0,000101
здесь 0,095435 0,000023
здороваться 1,389166 0,000334
здравствуй 1,468347 0,000353
здравствуйте 1,468347 0,000353
земля 0,298086 0,000072
злоба 0,523865 0,000126
знак 0,565257 0,000136
знакомый 0,486076 0,000117
знать 0,002964 0,000009
иванович 0,269690 0,000130
игра 0,787106 0,000189
идиот 0,426955 0,000924
идти 0,180546 0,000043
изба 0,824895 0,000198
изгородь 2,167317 0,000521
издалёка 1,866287 0,000449
излечение 1,866287 0,000449
иметь 0,118099 0,000028
иногда 0,208276 0,000401
иной 0,208276 0,000250
иностранец 1,322219 0,000318
испачкать 2,167317 0,000521
исполнить 0,648803 0,000156
использоваться 0,000000 0,000000
испортить 1,088136 0,000262
иссохнуть 1,866287 0,000449
истерзать 1,690196 0,000406
история 0,495219 0,000119
источник 1,565257 0,000376
исчезнуть 0,623249 0,000150
каждый 0,137934 0,000232
казаться 0,063514 0,000137
какой 0,005949 0,000023
камень 0,787106 0,000757
качать 1,264227 0,000304
кашлять 1,389166 0,000668
кивать 1,322219 0,000636
кидать 1,389166 0,001002
кидаться 1,565257 0,000376
кланяться 1,053374 0,000506
клеветать 1,167317 0,000281
книга 0,106619 0,000026
князь 0,443041 0,000213
когда 0,015029 0,000116
комар 0,000000 0,000000
комми 1,866287 0,000449
конец 0,213075 0,000102
конечно 0,060107 0,000014
кончить 0,328468 0,000079
копейка 0,769377 0,000185
кормить 1,125925 0,000541
корова 1,690196 0,000406
который 0,002964 0,000003
крайний 0,292256 0,000070
крепко 0,443041 0,000107
крик 0,514105 0,000124
кричать 0,303994 0,000146
кровь 0,389166 0,000094
кроме 0,158717 0,000038
кругом 0,419129 0,000302
крылышко 2,167317 0,000521
кто 0,114239 0,000055
кушанье 1,322219 0,000318
ладошка 1,389166 0,000668
ласкать 1,088136 0,000262
ласково 0,936868 0,000450
лгать 0,599116 0,000144
легко 0,752344 0,000181
лежать 0,243038 0,000117
леон 2,167317 0,001042
лечиться 1,322219 0,000318
либо 0,000000 0,000000
лизавета 0,623249 0,000150
литература 1,468347 0,000353
лицо 0,000000 0,000000
личико 1,088136 0,000262
лишек 1,125925 0,000271
локоть 1,088136 0,000262
лохмотья 1,565257 0,001505
любим 1,167317 0,000281
любить 0,066947 0,000241
любовь 0,334808 0,000161
любой 0,000000 0,000000
любопытно 0,845098 0,000203
любопытство 0,361137 0,000174
мадонна 1,690196 0,000406
маленький 0,185046 0,000445
мало 0,208276 0,000050
мальчик 0,411442 0,000099
марь 1,565257 0,016556
мать 0,217927 0,000367
между 0,129891 0,000031
мелкий 0,690196 0,000166
мелькать 1,021189 0,000245
мера 0,217927 0,000052
место 0,099131 0,000071
месяц 0,264227 0,000127
мешковатый 2,167317 0,000521
мешочек 1,690196 0,000406
милость 0,845098 0,000203
милый 0,322219 0,000155
минута 0,050046 0,000024
многие 0,468347 0,000225
много 0,080958 0,000136
могилка 1,322219 0,000318
можно 0,088136 0,000021
мой 0,077412 0,000112
молодой 0,222835 0,000107
молча 0,367977 0,000177
молчаливый 0,720159 0,000173
молчать 0,248239 0,000119
момент 0,000000 0,000000
мочь 0,000000 0,000000
мужчина 0,912045 0,000219
мыло 2,167317 0,001042
мысль 0,114239 0,000165
мёртвый 0,805589 0,000194
набежать 2,167317 0,000521
навек 1,468347 0,000353
навестить 1,213075 0,000292
навсегда 0,735954 0,000177
надеть 0,888564 0,000214
надо 0,036984 0,000044
надобный 0,866287 0,000208
наедине 0,936868 0,000225
назад 0,000000 0,000000
название 1,088136 0,000262
найти 0,298086 0,000072
наказание 1,088136 0,000262
накануне 0,662167 0,000159
наконец 0,073896 0,000142
намерение 0,514105 0,000124
наниматься 1,690196 0,000406
напиваться 1,690196 0,000406
написать 0,000000 0,000000
народ 0,514105 0,000124
наслаждение 0,769377 0,000185
наступить 0,845098 0,000203
наука 0,787106 0,000189
наутро 0,991226 0,000238
научить 0,963197 0,000463
начало 0,243038 0,000175
начальство 0,912045 0,000219
начать 0,066947 0,000064
начаться 0,514105 0,000247
начинать 0,292256 0,000141
начинаться 0,805589 0,000194
наш 0,118099 0,000114
невесёлый 2,167317 0,000521
невинный 0,576253 0,000139
невозможный 0,623249 0,000150
неделя 0,374926 0,000270
нежный 0,845098 0,000203
некоторый 0,154480 0,000074
нельзя 0,176091 0,000085
нелюдимый 1,866287 0,000449
необыкновенно 0,805589 0,000194
неподалёку 1,690196 0,000406
неправда 0,752344 0,000181
несколько 0,095435 0,000046
несмотря 0,275223 0,000066
нести 0,824895 0,000397
несчастие 0,690196 0,000166
несчастный 0,374926 0,000451
нехороший 1,389166 0,000334
нибыть 0,030597 0,000051
низка 1,866287 0,000449
низость 0,845098 0,000203
никакой 0,213075 0,000051
никогда 0,088136 0,000042
никто 0,095435 0,000046
нисколько 0,662167 0,000159
нитка 1,167317 0,000281
ничего 0,030597 0,000074
ничком 1,565257 0,000376
ничто 0,576253 0,000139
новый 0,167317 0,000040
нога 0,213075 0,000205
ножка 0,912045 0,000219
носить 0,611015 0,000147
ночевать 0,936868 0,000225
ночь 0,189594 0,000046
нужно 0,514105 0,000124
обвинять 0,888564 0,000427
обед 0,690196 0,000166
обесчестить 1,468347 0,000353
обидеться 0,845098 0,000203
обмануть 0,787106 0,000378
обметать 2,167317 0,000521
обмывать 1,690196 0,000406
обнимать 0,866287 0,000416
обнять 0,735954 0,000354
ободрать 1,690196 0,000406
обойтись 0,912045 0,000219
оборванный 1,866287 0,000449
обратиться 0,316059 0,000152
обрушиться 2,167317 0,000521
обсадить 1,690196 0,000406
общественный 0,000000 0,000000
объясняться 0,991226 0,000238
обыкновенно 0,720159 0,000173
обычай 1,053374 0,000253
обязаться 1,866287 0,000449
одетый 0,648803 0,000156
один 0,000000 0,000000
одинёхонек 1,690196 0,000406
однажды 0,635838 0,000306
одобрять 1,213075 0,000583
оживляться 1,167317 0,000281
окно 0,381987 0,000551
он 0,000000 0,000000
они 0,275223 0,000331
опоздать 0,866287 0,000208
опозорить 1,125925 0,000271
опубликовать 0,000000 0,000000
опухнуть 1,866287 0,000449
опять 0,027438 0,000020
особенно 0,129891 0,000125
особенный 0,389166 0,000187
оставаться 0,280827 0,000068
оставить 0,203530 0,000049
останавливать 1,021189 0,000491
останавливаться 0,866287 0,000625
остановить 0,565257 0,000272
остаток 1,468347 0,000353
остаться 0,133894 0,000064
осуждать 1,264227 0,000608
отвесный 1,866287 0,000449
отвечать 0,258832 0,000124
отгонять 1,322219 0,000318
отгородить 1,690196 0,000406
отдать 0,381987 0,000184
отдёрнуть 1,690196 0,000406
отец 0,091770 0,000066
откровенно 0,824895 0,000198
откровенный 0,866287 0,000208
открывать 0,963197 0,000232
отметить 0,991226 0,000238
отнимать 1,213075 0,000292
отправляться 1,088136 0,000262
отрепье 2,167317 0,000521
оттенок 0,991226 0,000238
оттуда 0,888564 0,000214
отъезд 1,021189 0,000245
оформление 0,000000 0,000000
очень 0,024303 0,000146
очередь 0,769377 0,000370
ощущать 0,735954 0,000177
ощущение 0,690196 0,000166
пастор 1,866287 0,003140
пастух 1,866287 0,001795
паук 1,565257 0,000376
первый 0,018098 0,000039
перебывать 1,389166 0,000334
передавать 0,635838 0,000306
перейти 0,000000 0,000000
перекупщик 2,167317 0,000521
перемениться 1,167317 0,000561
переносить 0,936868 0,000225
перепугаться 1,866287 0,000449
пересказать 1,264227 0,000304
перестать 0,411442 0,000396
перст 1,213075 0,000292
пешком 1,389166 0,000334
письмо 0,434924 0,000209
плакать 0,328468 0,000553
платье 0,635838 0,000306
плевать 1,866287 0,000449
плохо 0,912045 0,000219
побежать 0,468347 0,000113
побираться 2,167317 0,000521
повидаться 1,690196 0,000406
подбегать 1,866287 0,000449
подборка 0,000000 0,000000
подвернуться 1,389166 0,000334
подглядеть 1,389166 0,000668
поденно 2,167317 0,000521
подмечать 2,167317 0,000521
поднимать 1,264227 0,000304
подобный 0,533849 0,000128
подраться 1,389166 0,000334
подсматривать 1,565257 0,000376
подумать 0,185046 0,000178
подходить 0,587534 0,000141
поехать 0,576253 0,000139
пожалуй 0,237898 0,000172
пожать 0,912045 0,000219
позволение 1,053374 0,000253
позволить 0,264227 0,000064
позволять 0,866287 0,000208
познакомиться 0,735954 0,000177
позор 0,720159 0,000173
поиграть 1,690196 0,000406
пойти 0,080958 0,000019
пока 0,213075 0,000102
показаться 0,334808 0,000161
показывать 0,514105 0,000124
показываться 1,690196 0,000406
покамест 0,866287 0,000208
покидать 1,053374 0,000253
пол 0,704919 0,000339
пола 1,213075 0,000292
полверста 1,690196 0,000406
полдень 1,468347 0,000353
поле 0,912045 0,000219
положить 0,403889 0,000291
получить 0,309985 0,000149
польза 0,675956 0,000162
полюбить 0,635838 0,000306
помереть 0,720159 0,000346
помешанный 0,769377 0,000185
помешательство 1,167317 0,000281
помириться 1,021189 0,000736
помнить 0,167317 0,000040
помогать 0,845098 0,000203
понимать 0,095435 0,000115
понравиться 0,533849 0,000128
понятие 0,735954 0,000177
понять 0,106619 0,000103
попроситься 2,167317 0,000521
поражать 0,888564 0,000214
посетитель 0,991226 0,000477
последний 0,066947 0,000048
послушать 0,662167 0,000159
посмертно 0,000000 0,000000
посмотреть 0,213075 0,000102
посоветоваться 2,167317 0,000521
поспешить 0,704919 0,000169
постель 0,662167 0,000159
постоянно 0,824895 0,000198
поступок 0,623249 0,000150
постыдиться 1,213075 0,000292
потихоньку 0,912045 0,000658
потом 0,084532 0,000325
потому 0,024303 0,000105
потребовать 0,805589 0,000194
потупить 1,213075 0,000292
поутру 0,845098 0,000203
похоже 0,845098 0,000203
похожий 0,611015 0,000294
похороны 1,322219 0,000636
похуделый 1,565257 0,000376
поцеловать 0,587534 0,001130
почему 0,099131 0,000048
почитать 0,866287 0,000625
почитаться 2,167317 0,000521
почтенный 0,720159 0,000173
почти 0,024303 0,000070
правда 0,088136 0,000042
право 0,176091 0,000042
пред 0,030597 0,000037
предлог 1,125925 0,000271
представить 0,286504 0,000138
прежде 0,077412 0,000112
прежний 0,198834 0,000191
презрение 0,554533 0,000267
прекрасный 0,495219 0,000119
преступница 1,565257 0,000376
прибавить 0,162996 0,000039
прибегать 1,264227 0,000304
прижизненный 0,000000 0,000000
прийти 0,095435 0,000046
пример 0,936868 0,000225
примерно 0,963197 0,000232
приникнуть 1,690196 0,000406
принимать 0,328468 0,000079
приниматься 1,213075 0,000292
приносить 0,936868 0,000450
принять 0,180546 0,000130
приподняться 1,088136 0,000262
прислать 0,403889 0,000194
прислонить 2,167317 0,000521
прислониться 1,565257 0,000376
присудить 1,468347 0,000353
присылать 1,167317 0,000281
приходить 0,243038 0,000292
причина 0,396465 0,000095
приятно 0,805589 0,000194
провожать 0,936868 0,000676
прогнать 0,704919 0,000169
прогонять 1,690196 0,000406
программирование 0,000000 0,000000
продать 0,824895 0,000198
проезжий 1,565257 0,000376
прожить 0,690196 0,000332
произведение 0,000000 0,000000
пройти 0,000000 0,000000
прокофиевич 0,704919 0,000169
прокричать 0,599116 0,000144
промеж 1,468347 0,000353
пропитываться 2,167317 0,000521
проповедник 1,866287 0,000449
проповедь 1,565257 0,000376
просить 0,150284 0,000036
прослышать 1,322219 0,000318
проститься 0,845098 0,000203
просто 0,232819 0,000224
простота 1,167317 0,000281
простудиться 1,565257 0,000376
проступать 2,167317 0,000521
проход 2,167317 0,000521
прочить 0,648803 0,000156
прощение 0,611015 0,000147
прямо 0,118099 0,000028
прямой 0,675956 0,000162
птичка 1,389166 0,001336
публикация 0,000000 0,000000
пустить 0,735954 0,000177
пустой 0,690196 0,000166
пусть 0,253503 0,000061
пухнуть 2,167317 0,000521
пуще 0,599116 0,000288
пьяный 0,451314 0,000108
работа 0,991226 0,000715
работать 0,845098 0,000203
радоваться 0,888564 0,000214
радостный 0,752344 0,000181
разбить 0,936868 0,000225
разбиться 1,468347 0,000353
развитие 0,912045 0,000219
разговаривать 0,720159 0,000173
разом 0,389166 0,000094
разрешение 0,000000 0,000000
разуверять 2,167317 0,000521
рана 1,213075 0,000292
рано 0,787106 0,000189
расплакаться 1,264227 0,000608
рассердиться 0,523865 0,000504
рассказать 0,280827 0,000473
рассказывать 0,341243 0,000246
расспрашивать 0,824895 0,000198
расстаться 0,936868 0,000225
рассчитывать 0,675956 0,000162
расти 1,088136 0,000262
растолковать 1,053374 0,000253
растрескаться 2,167317 0,000521
расходиться 1,389166 0,000334
ребёнок 0,232819 0,002798
редко 0,690196 0,000166
решительно 0,341243 0,000082
род 0,419129 0,000101
родственник 0,805589 0,000194
роза 1,468347 0,000353
россия 0,514105 0,000124
рост 0,675956 0,000162
рука 0,030597 0,000044
русский 0,411442 0,000099
ручонка 1,690196 0,000406
садиться 0,486076 0,000234
сайт 0,000000 0,000000
сам 0,002964 0,000013
самый 0,018098 0,000022
сбегаться 1,866287 0,000449
сбежаться 1,690196 0,000406
сбираться 1,690196 0,000406
свет 0,176091 0,000042
свистать 1,866287 0,000449
свободно 0,000000 0,000000
свой 0,000000 0,000000
сделать 0,102859 0,000025
сделаться 0,735954 0,000177
себя 0,000000 0,000000
сегодня 0,194189 0,000093
сейчас 0,070407 0,000051
семьдесят 0,000000 0,000000
сени 0,824895 0,000198
сердиться 0,443041 0,000107
сердце 0,095435 0,000046
сестра 0,477121 0,000115
сидеть 0,125925 0,000212
силиться 1,213075 0,000292
сильный 0,269690 0,000065
симпатичный 1,389166 0,000334
система 1,213075 0,000583
сказать 0,011981 0,000029
скала 1,468347 0,001059
скверность 1,690196 0,000406
скверный 0,623249 0,000300
скелет 1,565257 0,000376
скоро 0,298086 0,000430
скорый 0,237898 0,000172
скот 1,866287 0,000449
скрывать 0,635838 0,000153
скучно 1,021189 0,000245
слабый 0,611015 0,000441
слава 0,635838 0,000153
славный 1,167317 0,000281
слеза 0,275223 0,000066
слечь 1,565257 0,000376
слишком 0,133894 0,000064
слово 0,027438 0,000020
служить 0,544068 0,000131
случай 0,146128 0,000105
слушательница 1,866287 0,000449
слушать 0,203530 0,000196
слыхать 0,675956 0,000162
смерть 0,374926 0,000270
сметь 0,389166 0,000094
смех 0,443041 0,000320
смеяться 0,171682 0,000371
смотреть 0,077412 0,000149
сначала 0,434924 0,000314
снести 0,845098 0,000406
снурка 1,866287 0,000449
соблазнить 1,389166 0,000334
собрание 1,088136 0,000262
совершенный 0,451314 0,000217
совет 0,662167 0,000159
совсем 0,021189 0,000046
согласие 0,000000 0,000000
согласный 0,565257 0,000136
содержать 0,912045 0,000219
создание 1,167317 0,000281
сойти 0,495219 0,000119
сойтись 0,623249 0,000300
солнце 0,675956 0,000162
сомнение 0,426955 0,000103
сорок 0,845098 0,000406
сострадание 0,787106 0,000189
сочинение 1,468347 0,000353
спать 0,495219 0,000119
спешить 0,477121 0,000229
спорить 0,752344 0,000181
спрашивать 0,232819 0,000056
спроста 2,167317 0,000521
срамить 1,213075 0,000292
среди 0,769377 0,000185
ставить 0,991226 0,000238
стадо 1,389166 0,001670
становиться 0,389166 0,000187
станция 1,264227 0,000608
стараться 0,648803 0,000156
старик 0,303994 0,000146
старуха 0,690196 0,001327
старый 0,374926 0,000180
стать 0,002964 0,000019
стекло 1,167317 0,000281
степень 0,367977 0,000088
стеречь 1,468347 0,000706
стоить 0,189594 0,000137
сторона 0,110412 0,000133
стоять 0,150284 0,000108
страдать 0,623249 0,000150
странный 0,227798 0,000055
стремглав 1,213075 0,000292
стремиться 0,888564 0,000214
стыдить 1,565257 0,000376
стыдиться 0,623249 0,000300
стыдно 0,504560 0,000606
судьба 0,443041 0,000107
счастие 0,451314 0,000325
счастливо 1,213075 0,000292
счастливый 0,451314 0,000542
счесть 0,888564 0,000214
считать 0,275223 0,000595
сыр 1,690196 0,000406
сюда 0,232819 0,000168
табак 1,690196 0,000406
таить 1,690196 0,000406
тайный 1,021189 0,000245
также 0,000000 0,000000
таки 0,066947 0,000080
такой 0,002964 0,000010
тамошний 1,322219 0,000318
тварь 0,866287 0,000208
твёрдо 0,419129 0,000101
текст 0,000000 0,000000
теперь 0,015029 0,000029
терять 0,720159 0,000173
тибо 2,167317 0,001563
тихий 0,544068 0,000131
тихонько 0,991226 0,000238
товарищ 0,704919 0,000339
тогда 0,050046 0,000108
тоже 0,043466 0,000073
толпа 0,648803 0,000624
толпиться 1,565257 0,000376
только 0,002964 0,000016
том 1,565257 0,000376
тополь 2,167317 0,000521
торговать 1,213075 0,000583
торопливый 1,468347 0,000353
тоска 0,599116 0,000144
тосковать 1,021189 0,000982
тот 0,002964 0,000009
тотчас 0,046743 0,000090
точно 0,121994 0,000029
три 0,303994 0,000073
тронуться 1,389166 0,000334
тропинка 1,468347 0,000353
трудно 0,459747 0,000111
трудный 0,963197 0,000232
туда 0,495219 0,000119
ты 0,133894 0,000032
тяжело 0,565257 0,000544
тяжёлый 0,662167 0,000318
тянуть 0,912045 0,000219
тёплый 0,991226 0,000238
убедиться 0,623249 0,000150
убирать 1,389166 0,000668
убрать 1,167317 0,000281
увезти 0,963197 0,000232
уверенный 0,611015 0,000147
уверить 0,599116 0,000144
уверять 0,411442 0,000099
увидать 0,434924 0,000105
угадать 0,599116 0,000144
угадчик 2,167317 0,001042
угол 0,341243 0,000082
удержать 0,769377 0,000185
удерживаться 1,565257 0,000376
удивиться 0,523865 0,000126
удивляться 0,544068 0,000131
удовлетворить 1,021189 0,000245
удовольствие 0,486076 0,000117
уезжать 0,912045 0,000438
уехать 0,459747 0,000111
ужасно 0,167317 0,000282
ужасный 0,322219 0,000232
узнавать 0,704919 0,000339
узнать 0,106619 0,000179
уйти 0,248239 0,000119
указать 0,554533 0,000133
украдкой 1,565257 0,000376
уладиться 1,690196 0,000406
улыбка 0,374926 0,000090
ум 0,720159 0,000173
умереть 0,269690 0,000259
умерший 0,000000 0,000000
уметь 0,328468 0,000158
умирать 0,611015 0,000441
умный 0,403889 0,000097
услуга 1,088136 0,000262
услышать 0,381987 0,000184
усмешка 0,752344 0,000181
успевать 1,389166 0,000334
успеть 0,203530 0,000049
устроить 0,690196 0,000166
утаивать 1,866287 0,000897
утешить 1,053374 0,000253
утро 0,347773 0,000251
ухаживать 1,322219 0,000636
ухитриться 2,167317 0,000521
уходить 0,328468 0,000395
участь 1,053374 0,000253
учитель 0,936868 0,000676
учить 0,752344 0,000362
учиться 0,912045 0,000438
франк 2,167317 0,001042
франц 0,635838 0,000611
французский 0,805589 0,000194
фёдор 0,434924 0,000209
характер 0,374926 0,000090
хлеб 0,805589 0,000194
хлопать 1,565257 0,000376
хлопотливый 1,264227 0,000304
ходить 0,213075 0,000359
хорошенький 1,053374 0,000253
хороший 0,077412 0,000112
хорошо 0,189594 0,000182
хотеть 0,033778 0,000032
хотеться 0,292256 0,000281
хоть 0,060107 0,000014
хотя 0,050046 0,000036
худенький 1,389166 0,000334
цвета 1,213075 0,000583
целовать 0,635838 0,000459
целый 0,217927 0,000157
церковь 0,787106 0,000378
час 0,185046 0,000133
часто 0,292256 0,000211
часть 0,002964 0,000001
чахотка 1,167317 0,000561
чей 0,000000 0,000000
человек 0,011981 0,000020
через 0,258832 0,000311
честно 0,991226 0,000238
четыре 0,361137 0,000087
число 0,704919 0,000169
читаемый 2,167317 0,000521
читать 0,403889 0,000194
чрез 0,275223 0,000066
чрезвычайно 0,217927 0,000105
что 0,030597 0,000022
чтоб 0,073896 0,000124
чтобы 0,030597 0,000051
чувство 0,158717 0,000038
чулок 1,565257 0,000376
чуть 0,176091 0,000085
чёрный 0,504560 0,000121
шестьдесят 1,021189 0,000245
школа 1,053374 0,000760
школьник 0,936868 0,000225
школьный 1,565257 0,001129
шнейдер 1,213075 0,002333
шумный 1,468347 0,000353
шутить 0,845098 0,000203
это 0,002964 0,000005
этот 0,002964 0,000002
я 0,024303 0,000327
