автор 0,000000 0,000000
авторский 0,000000 0,000000
аксиома 1,322219 0,000431
александр 1,213075 0,000395
алексей 0,000000 0,000000
алеш 0,328468 0,001926
алкать 1,690196 0,000551
алтарь 1,866287 0,000608
алёшка 1,021189 0,000333
ангел 0,720159 0,001173
ангела 1,264227 0,000824
анекдот 0,752344 0,000245
бабий 1,389166 0,000453
балбесин 2,167317 0,000706
бегать 0,912045 0,000297
беда 0,662167 0,000216
бедность 0,963197 0,000314
без 0,599116 0,000195
бездна 1,053374 0,000343
безногий 1,468347 0,000478
берег 1,322219 0,000862
берёза 1,866287 0,000608
беседка 1,468347 0,001914
беспокоиться 0,514105 0,000335
беспокойство 0,514105 0,000168
беспорочный 2,167317 0,000706
библиотека 1,866287 0,001824
битва 1,690196 0,000551
бить 0,769377 0,000251
благодарить 0,635838 0,000207
благой 1,322219 0,000431
благородный 0,374926 0,000244
близ 1,125925 0,000367
близкий 0,477121 0,000466
близко 0,888564 0,000579
блистать 1,125925 0,000367
бог 0,154480 0,000151
богатырский 1,866287 0,000608
богиня 1,866287 0,000608
богопочтение 2,167317 0,000706
божий 0,623249 0,000203
более 0,000000 0,000000
болезненный 0,611015 0,000199
болезние 1,468347 0,000478
болеть 0,845098 0,000275
болтать 1,088136 0,000355
больной 0,258832 0,000169
больший 0,248239 0,000243
большинство 1,053374 0,000343
большой 0,056728 0,000055
бороться 1,053374 0,000343
босоногий 1,690196 0,000551
боязнь 1,264227 0,000824
бояться 0,158717 0,000465
брат 0,060107 0,000313
брожение 1,866287 0,000608
бросить 0,269690 0,000176
бузина 1,866287 0,000608
буря 1,690196 0,002203
бутылка 0,845098 0,000551
бывать 0,280827 0,000092
бывший 0,389166 0,000127
быстро 0,232819 0,000228
быть 0,000000 0,000000
вверх 0,866287 0,000282
вверху 1,468347 0,000478
вдвое 1,264227 0,000412
вдоль 1,866287 0,001216
вдруг 0,005949 0,000021
ведать 1,088136 0,000355
ведь 0,043466 0,000028
великодушие 1,053374 0,000343
великодушный 0,912045 0,000297
величина 1,322219 0,000431
венок 1,866287 0,000608
верить 0,180546 0,000176
верный 0,495219 0,000161
верхом 1,389166 0,000453
вершина 1,690196 0,000551
весело 0,648803 0,000211
весна 1,125925 0,000367
весь 0,002964 0,000011
ветхий 1,088136 0,000355
вечный 0,769377 0,000251
вещь 0,411442 0,000268
взмоститься 2,167317 0,000706
взрезать 2,167317 0,000706
взять 0,077412 0,000076
видать 0,419129 0,000273
видеть 0,027438 0,000036
видимо 0,328468 0,000107
визит 0,845098 0,000275
виноватый 0,328468 0,000107
владелец 2,167317 0,000706
властный 1,690196 0,000551
влечь 1,167317 0,000380
влюбиться 0,963197 0,000942
вместе 0,208276 0,000068
вмиг 1,264227 0,000412
внаём 1,468347 0,000478
вниз 0,752344 0,000245
вникнуть 1,322219 0,000862
вода 0,587534 0,000191
водка 1,167317 0,000380
вознаграждение 0,000000 0,000000
воистину 0,912045 0,000594
войти 0,137934 0,000045
волна 1,866287 0,000608
вонь 1,866287 0,000608
вообще 0,459747 0,000150
восторг 0,419129 0,000273
восторженно 0,936868 0,000305
восторженный 0,963197 0,000628
восхвалить 1,866287 0,000608
впасть 1,088136 0,000355
вперёд 0,426955 0,000139
вполне 0,316059 0,000103
впредь 0,752344 0,000490
впрочем 0,118099 0,000192
врать 0,845098 0,000275
время 0,018098 0,000018
вроде 0,662167 0,000432
врыть 1,866287 0,000608
всегда 0,129891 0,000042
вселить 1,690196 0,000551
вслед 0,523865 0,000341
вследствие 0,888564 0,000290
вслух 0,533849 0,000348
вспоминаться 1,565257 0,000510
вспомнить 0,434924 0,000142
встать 0,269690 0,000088
встреча 0,554533 0,000181
вступить 0,675956 0,000441
всюду 1,468347 0,000478
всякий 0,106619 0,000104
выйти 0,063514 0,000062
выкрикнуть 1,866287 0,000608
вылезать 2,167317 0,000706
выманить 1,690196 0,000551
вымолвить 1,088136 0,000355
вынуть 0,451314 0,000147
выпить 0,704919 0,000230
выплата 0,000000 0,000000
выражение 0,514105 0,000168
вырваться 0,565257 0,000553
выслушать 0,426955 0,000278
высокий 0,213075 0,000347
высунуться 1,690196 0,000551
генеральский 1,213075 0,000395
гимн 1,213075 0,000791
глазёнки 1,565257 0,000510
глубокий 0,477121 0,000311
глупость 0,576253 0,000188
глядеть 0,243038 0,000079
говорить 0,011981 0,000051
год 0,292256 0,000095
голова 0,114239 0,000149
голос 0,208276 0,000068
гора 0,805589 0,000525
гордый 0,576253 0,000188
гореть 0,735954 0,000719
горничная 1,088136 0,000355
город 0,248239 0,000081
городишко 1,389166 0,000453
городок 0,991226 0,000969
городской 0,936868 0,000611
горячее 1,125925 0,001101
господь 0,374926 0,000122
госпожа 0,648803 0,000211
гость 0,434924 0,000283
грозд 2,167317 0,000706
гроздия 2,167317 0,000706
грозный 1,125925 0,000367
грудь 0,443041 0,000722
гряда 1,690196 0,000551
грядка 1,866287 0,000608
гулять 0,963197 0,000314
густо 1,690196 0,000551
давать 0,253503 0,000083
давешний 0,611015 0,000199
даже 0,005949 0,000029
далее 0,648803 0,000211
далеко 0,599116 0,000195
далёкий 0,411442 0,000134
дама 0,434924 0,000142
дать 0,171682 0,000224
двор 0,523865 0,000171
девушка 0,533849 0,000348
действительно 0,106619 0,000069
делать 0,194189 0,000063
дело 0,011981 0,000020
день 0,118099 0,000038
дерево 0,752344 0,000490
деревянный 0,787106 0,000256
десятина 1,866287 0,000608
дмитрий 0,396465 0,001163
довольно 0,129891 0,000169
довольный 0,495219 0,000161
додумываться 2,167317 0,001412
дождь 1,565257 0,000510
должный 0,099131 0,000032
дом 0,154480 0,000302
домик 1,213075 0,000395
домишко 1,322219 0,001292
домой 0,459747 0,000300
дорога 0,275223 0,000179
достоевский 0,000000 0,000000
достояние 0,000000 0,000000
дочка 0,912045 0,000594
дочь 0,374926 0,000122
древний 0,936868 0,000305
друг 0,180546 0,000294
другой 0,008955 0,000015
думать 0,060107 0,000098
дурак 0,611015 0,000199
дурень 2,167317 0,000706
душа 0,158717 0,000259
дымиться 2,167317 0,000706
дышать 0,866287 0,000282
дьявол 1,322219 0,000431
ежедневно 1,021189 0,000333
если 0,011981 0,000023
есть 0,018098 0,000029
жаждать 0,769377 0,000501
жалеть 0,805589 0,000262
жаль 0,635838 0,000207
ждать 0,142011 0,000093
желать 0,232819 0,000076
женин 1,866287 0,000608
женщина 0,213075 0,000278
жид 1,322219 0,000431
жизнь 0,084532 0,000083
жить 0,217927 0,000213
забежать 1,167317 0,000380
забор 0,866287 0,000847
забыть 0,125925 0,000082
завести 1,021189 0,000333
завтра 0,298086 0,000194
загадка 0,787106 0,000769
заговорить 0,334808 0,000109
зад 1,213075 0,000791
задать 0,866287 0,000847
задача 0,866287 0,000282
задуматься 0,787106 0,001026
зайти 0,554533 0,000181
закривиться 1,866287 0,000608
заметить 0,056728 0,000018
записка 0,824895 0,000538
запомнить 0,576253 0,000188
заранее 0,576253 0,000188
засмеяться 0,347773 0,000113
застать 0,648803 0,000423
затем 0,237898 0,000155
захотеть 0,316059 0,000309
захохотать 0,866287 0,000282
звать 0,419129 0,000273
звездочёт 2,167317 0,000706
зверолов 2,167317 0,000706
здесь 0,095435 0,000218
здороваться 1,389166 0,000453
зелёный 0,805589 0,001050
земля 0,298086 0,000777
земной 0,845098 0,000275
знак 0,565257 0,000184
знать 0,002964 0,000014
значит 0,243038 0,000079
значить 0,866287 0,000282
золотой 0,805589 0,000262
зреть 1,690196 0,000551
иван 0,232819 0,000152
иванович 0,269690 0,000352
игнатиевич 1,021189 0,000333
игумен 1,167317 0,000761
идеал 1,021189 0,001331
идти 0,180546 0,000118
известно 0,334808 0,000218
изгиб 1,468347 0,000478
именины 1,690196 0,000551
именно 0,066947 0,000175
иногда 0,208276 0,000068
иной 0,208276 0,000068
исповедь 0,845098 0,001101
исполнить 0,648803 0,000423
использоваться 0,000000 0,000000
исправлять 1,690196 0,000551
испытывать 1,389166 0,000453
исступление 0,565257 0,000184
истлеть 1,690196 0,000551
источник 1,565257 0,000510
итак 0,805589 0,000262
какой 0,005949 0,000006
каламбур 1,389166 0,000905
калин 1,866287 0,000608
карамазов 0,180546 0,000353
карлович 2,167317 0,000706
карман 0,396465 0,000129
катерина 0,587534 0,000766
клён 2,167317 0,000706
книга 0,106619 0,000104
когда 0,015029 0,000010
колебание 1,125925 0,000367
коляска 0,991226 0,000323
комар 0,000000 0,000000
конечно 0,060107 0,000078
кончать 1,125925 0,000367
кончиться 0,495219 0,000161
коньяк 1,264227 0,002060
копошиться 1,565257 0,000510
копьё 1,866287 0,000608
котора 0,805589 0,000262
который 0,002964 0,000015
край 0,936868 0,000305
крайний 0,292256 0,000095
краса 1,468347 0,000478
красивый 0,936868 0,000305
красота 0,720159 0,001877
крест 0,690196 0,000225
крик 0,514105 0,000335
крикнуть 0,292256 0,000286
кровавый 1,264227 0,000412
кровь 0,389166 0,000127
кроме 0,158717 0,000052
кругом 0,419129 0,000273
крыжовник 2,167317 0,000706
крытый 1,866287 0,000608
кто 0,114239 0,000112
кубок 1,690196 0,000551
куда 0,248239 0,000324
куст 1,389166 0,000453
кухня 0,888564 0,000579
лавка 0,787106 0,000256
ладонь 0,866287 0,000282
лакомствовать 1,866287 0,001216
лежать 0,243038 0,000079
лезть 0,936868 0,000305
леса 1,866287 0,000608
лететь 0,805589 0,000787
лето 0,866287 0,000565
лживый 2,167317 0,000706
либо 0,000000 0,000000
лизавета 0,623249 0,000203
липа 1,866287 0,000608
лист 1,053374 0,000343
литература 1,468347 0,000478
лицо 0,000000 0,000000
лишь 0,185046 0,000301
ловкость 1,690196 0,000551
локоть 1,088136 0,000709
лужайка 2,167317 0,000706
любить 0,066947 0,000065
любой 0,000000 0,000000
лёша 1,866287 0,000608
мадонна 1,690196 0,001101
маленький 0,185046 0,000121
малина 2,167317 0,000706
мало 0,208276 0,000068
мальчишка 0,752344 0,000245
манить 1,690196 0,000551
марфа 0,912045 0,000297
мать 0,217927 0,000142
мебель 1,021189 0,000333
менее 0,635838 0,000207
мера 0,217927 0,000071
место 0,099131 0,000129
мещанин 1,322219 0,000862
мещанка 1,389166 0,000453
мимо 0,514105 0,000168
миновать 1,021189 0,000333
минута 0,050046 0,000049
мир 0,523865 0,000171
митя 0,451314 0,001029
младенчество 1,565257 0,000510
много 0,080958 0,000132
многое 0,443041 0,000144
можно 0,088136 0,000115
молчать 0,248239 0,000324
момент 0,000000 0,000000
монастырь 0,533849 0,000696
мороз 1,213075 0,000395
мочь 0,000000 0,000000
мужик 0,675956 0,000220
мучительный 0,623249 0,000406
мучить 0,419129 0,000137
мыслить 1,088136 0,000355
навек 1,468347 0,000957
навеки 0,648803 0,000211
наверно 0,264227 0,000258
навсегда 0,735954 0,000240
наделать 0,963197 0,000314
надо 0,036984 0,000084
наедине 0,936868 0,000305
назавтра 1,264227 0,000824
назад 0,000000 0,000000
название 1,088136 0,000355
найти 0,298086 0,000097
накашиваться 2,167317 0,000706
наконец 0,073896 0,000048
намеренный 0,769377 0,000251
написать 0,000000 0,000000
направить 1,322219 0,000431
направиться 0,787106 0,000256
напротив 0,180546 0,000059
народ 0,514105 0,000168
насекомое 1,565257 0,002550
настоятельно 0,991226 0,000323
настоящий 0,309985 0,000101
наткнуться 1,389166 0,000453
наука 0,787106 0,000256
начать 0,066947 0,000065
начаться 0,514105 0,000168
начинать 0,292256 0,000190
небо 0,635838 0,000414
небольшой 0,675956 0,000220
недавно 0,576253 0,000563
недоумевать 1,053374 0,000343
недоумение 0,554533 0,000181
некоторый 0,154480 0,000101
нельзя 0,176091 0,000115
немецк 1,565257 0,000510
немногое 1,690196 0,000551
ненавидеть 0,514105 0,000168
необразованный 1,322219 0,000431
необходимость 1,053374 0,000343
необъяснимость 2,167317 0,000706
необычайный 0,662167 0,000216
неожиданный 0,419129 0,000273
неопределимый 2,167317 0,000706
неподвластный 2,167317 0,000706
непременно 0,133894 0,000044
неприютный 2,167317 0,000706
несколько 0,095435 0,000093
несмотря 0,275223 0,000179
несчастие 0,690196 0,000225
неужели 0,389166 0,000127
неужто 0,599116 0,000195
нечего 0,381987 0,000124
нибыть 0,030597 0,000050
нигде 1,125925 0,000734
низкий 0,611015 0,000199
низость 0,845098 0,000275
никогда 0,088136 0,000086
никто 0,095435 0,000124
нимало 0,991226 0,000323
новый 0,167317 0,000055
номад 2,167317 0,000706
нужно 0,514105 0,000335
нужный 0,477121 0,000155
оба 0,316059 0,000103
обидеть 0,720159 0,000469
обладательница 2,167317 0,000706
облако 1,389166 0,000453
облекаться 2,167317 0,000706
образ 0,243038 0,000079
обсадить 1,690196 0,000551
обстоятельство 0,403889 0,000132
общественный 0,000000 0,000000
объяснение 0,599116 0,000195
объяснить 0,374926 0,000122
овощ 2,167317 0,000706
оглянуться 1,213075 0,000395
огромный 0,599116 0,000195
одарить 1,565257 0,000510
один 0,000000 0,000000
однажды 0,635838 0,000207
однако 0,102859 0,000067
одр 1,322219 0,000431
озираться 1,213075 0,000395
окно 0,381987 0,000124
око 1,690196 0,000551
около 0,443041 0,000144
окончательно 0,565257 0,000184
олимпийския 2,167317 0,000706
он 0,000000 0,000000
они 0,275223 0,000090
опереться 1,565257 0,000510
определить 0,866287 0,000565
опубликовать 0,000000 0,000000
опустошать 2,167317 0,000706
опьянеть 1,866287 0,000608
опять 0,027438 0,000027
оставаться 0,280827 0,000092
остаток 1,468347 0,000478
осёл 1,468347 0,000478
ответить 0,121994 0,000040
отдаваться 1,389166 0,000453
отдалить 0,963197 0,000314
отдать 0,381987 0,000124
отец 0,091770 0,000299
открыться 1,389166 0,000905
отливать 1,690196 0,000551
отпустить 0,845098 0,000551
отрезвиться 1,565257 0,000510
отрицать 1,088136 0,000355
отрываться 1,053374 0,000343
отставной 0,845098 0,000275
оттого 0,675956 0,000220
отцовский 1,125925 0,000734
офицерский 1,389166 0,000453
оформление 0,000000 0,000000
охота 1,021189 0,000333
очень 0,024303 0,000024
ощущать 0,735954 0,000240
павлович 0,286504 0,000093
падать 0,787106 0,000513
палец 0,486076 0,000317
папаша 0,912045 0,000594
пастушок 2,167317 0,000706
пахнуть 1,213075 0,000395
первый 0,018098 0,000018
передать 0,381987 0,000124
переезжать 1,468347 0,000478
перейти 0,000000 0,000000
перекрестить 1,167317 0,000380
перелезать 1,690196 0,000551
перелезть 1,565257 0,000510
перемолвить 2,167317 0,000706
перенести 0,704919 0,000230
переселиться 1,468347 0,000478
перескочить 0,991226 0,000323
печальный 1,264227 0,000412
пещера 2,167317 0,000706
пир 1,565257 0,000510
письмо 0,434924 0,000283
пить 0,787106 0,000513
плакать 0,328468 0,000107
пламенит 2,167317 0,000706
платье 0,635838 0,000622
плетень 1,389166 0,001811
плод 1,389166 0,000453
площадь 0,888564 0,000290
повидать 1,468347 0,000478
повторять 0,396465 0,000129
погибать 1,322219 0,000431
погружаться 1,690196 0,000551
подбежать 1,167317 0,000380
подборка 0,000000 0,000000
подвигаться 1,389166 0,000453
подле 0,419129 0,000137
подлый 0,675956 0,000441
поднять 0,396465 0,000258
подняться 0,443041 0,000144
подобрать 1,468347 0,000478
подполковник 1,468347 0,000478
подрясник 1,468347 0,000478
подушка 0,611015 0,000199
подхватить 0,403889 0,000132
пожалеть 1,021189 0,000333
пожалуй 0,237898 0,000078
позабыть 0,845098 0,000275
позвать 0,704919 0,000230
позор 0,720159 0,000939
поить 1,690196 0,000551
пойти 0,080958 0,000132
пока 0,213075 0,000139
показной 2,167317 0,000706
показывать 0,514105 0,000168
покончить 0,769377 0,000251
покривиться 1,866287 0,000608
полбутылки 2,167317 0,000706
поле 0,912045 0,001189
полечить 1,690196 0,000551
полный 0,253503 0,000083
половица 1,565257 0,000510
положение 0,459747 0,000150
помолчать 0,648803 0,000211
помочь 0,587534 0,000191
понимать 0,095435 0,000031
понурить 1,866287 0,000608
понять 0,106619 0,000104
попасть 0,533849 0,000174
попасться 1,125925 0,000367
поплакать 1,565257 0,000510
пополудни 1,213075 0,000395
поравняться 1,468347 0,000478
посетитель 0,991226 0,000646
послать 0,309985 0,000505
последний 0,066947 0,000044
последовать 0,824895 0,000269
посмертно 0,000000 0,000000
поспеть 1,053374 0,000343
поспешить 0,704919 0,000230
постоять 0,690196 0,000450
посуда 1,690196 0,000551
потом 0,084532 0,000055
потому 0,024303 0,000119
похитить 1,213075 0,000395
поцеловать 0,587534 0,000191
почему 0,099131 0,000065
почернеть 1,389166 0,000453
почти 0,024303 0,000024
пред 0,030597 0,000040
предание 1,322219 0,000431
предлинный 2,167317 0,000706
представляться 0,611015 0,000199
предстоять 0,963197 0,000314
предчувствоваться 1,389166 0,000453
прежде 0,077412 0,000025
прекрасный 0,495219 0,000161
прибыть 0,704919 0,000230
привычный 1,690196 0,000551
прижать 1,322219 0,000431
прижизненный 0,000000 0,000000
прийти 0,095435 0,000124
прийтись 0,565257 0,000368
приказание 1,167317 0,001521
приключение 0,936868 0,000305
приложить 0,963197 0,000314
принадлежать 0,912045 0,000297
природа 0,675956 0,000661
притом 0,769377 0,000501
приходить 0,243038 0,000158
пробежать 1,213075 0,000395
проговорить 0,110412 0,000036
программирование 0,000000 0,000000
продать 0,824895 0,000269
продолжение 0,888564 0,000290
проживать 0,769377 0,000251
прозерпина 2,167317 0,000706
произведение 0,000000 0,000000
пройти 0,000000 0,000000
проклятый 0,662167 0,000216
пролить 1,125925 0,000367
пропасть 0,769377 0,000251
просить 0,150284 0,000098
простить 0,286504 0,000373
пространство 1,389166 0,000453
противоречие 1,167317 0,000380
проходить 0,576253 0,000376
проч 0,662167 0,000647
прошептать 0,587534 0,000191
прямо 0,118099 0,000038
публикация 0,000000 0,000000
пуд 1,866287 0,000608
пуститься 0,845098 0,000275
пустой 0,690196 0,000675
пустынный 1,468347 0,000478
пусть 0,253503 0,000413
путь 0,675956 0,000441
путём 1,565257 0,000510
пьянствовать 1,389166 0,000905
пята 1,565257 0,000510
пять 0,222835 0,000145
пятьдесят 0,675956 0,000441
равно 0,303994 0,000099
радостно 0,888564 0,000290
радость 0,411442 0,000804
разбаливаться 1,866287 0,000608
разбивать 1,690196 0,000551
разбитый 1,053374 0,000343
разбросать 1,389166 0,000453
развалины 1,690196 0,000551
разве 0,146128 0,000048
развить 1,565257 0,000510
разврат 1,264227 0,000412
развратничать 1,866287 0,000608
разгадывать 1,690196 0,000551
разговор 0,264227 0,000172
раздавить 1,125925 0,000367
разлить 1,690196 0,000551
размазывать 2,167317 0,000706
разрешение 0,000000 0,000000
разрешить 0,824895 0,000269
разузнать 1,264227 0,000412
разумеется 0,328468 0,000107
ракитин 0,787106 0,000513
раскапризиться 2,167317 0,000706
раскутиться 2,167317 0,001412
рассердиться 0,523865 0,000171
расстояние 1,167317 0,000380
рассудить 0,675956 0,000441
рассуждение 1,021189 0,000333
рвать 1,322219 0,000431
рваться 1,053374 0,000343
ребро 1,866287 0,000608
решение 0,533849 0,000174
решетчатый 1,866287 0,000608
решительно 0,341243 0,000111
решиться 0,341243 0,000334
риза 1,690196 0,000551
робкий 0,824895 0,000269
род 0,419129 0,000273
родить 1,167317 0,000380
роковой 0,704919 0,000230
рубль 0,334808 0,000109
рука 0,030597 0,000030
румянорожий 2,167317 0,000706
русский 0,411442 0,000134
рыбак 1,866287 0,000608
рыбка 1,866287 0,000608
рыдание 1,322219 0,000431
рюмочка 1,565257 0,000510
сад 0,824895 0,001613
садиться 0,486076 0,000317
сайт 0,000000 0,000000
сам 0,002964 0,000008
самый 0,018098 0,000047
сбоку 0,912045 0,000297
свет 0,176091 0,000402
свидетельствовать 0,888564 0,000290
свинья 1,690196 0,000551
свободно 0,000000 0,000000
свой 0,000000 0,000000
сгнить 1,866287 0,000608
сделать 0,102859 0,000034
сделаться 0,735954 0,000240
себя 0,000000 0,000000
сегодня 0,194189 0,000253
сейчас 0,070407 0,000138
секрет 0,690196 0,000675
секретно 1,690196 0,000551
семьдесят 0,000000 0,000000
сено 2,167317 0,000706
сердце 0,095435 0,000249
сидеть 0,125925 0,000082
сидя 0,845098 0,000275
сила 0,185046 0,000060
сильный 0,269690 0,000352
сирень 2,167317 0,000706
сказать 0,011981 0,000055
сказка 1,322219 0,000431
скала 1,468347 0,000478
скачок 1,690196 0,000551
скитаться 1,125925 0,000367
склонить 1,264227 0,000412
сколько 0,280827 0,000092
скорый 0,237898 0,000155
скрываться 1,264227 0,000412
слабый 0,611015 0,000199
слава 0,635838 0,000414
славно 1,389166 0,000453
сладкий 1,389166 0,000453
сладко 1,213075 0,000791
сладострастие 1,264227 0,001648
слеза 0,275223 0,000090
слишком 0,133894 0,000131
слово 0,027438 0,000018
случайно 0,866287 0,000565
случаться 0,599116 0,000586
случиться 0,292256 0,000095
слушать 0,203530 0,000265
смердеть 1,053374 0,000343
смертный 0,805589 0,000262
смеяться 0,171682 0,000056
смородина 2,167317 0,001412
смотреть 0,077412 0,000050
смысл 0,523865 0,000171
сначала 0,434924 0,000142
собрание 1,088136 0,000355
собственный 0,264227 0,000172
совершенно 0,180546 0,000059
советник 1,264227 0,000412
совпадение 1,468347 0,000478
совсем 0,021189 0,000028
согласие 0,000000 0,000000
содом 1,866287 0,001216
содомский 2,167317 0,001412
создание 1,167317 0,000380
сознание 0,787106 0,000256
сократить 1,322219 0,000431
солнец 2,167317 0,000706
солнце 0,675956 0,000220
сомнение 0,426955 0,000139
соображение 0,912045 0,000297
сообразить 0,690196 0,000225
соседка 1,389166 0,000453
соседский 1,565257 0,001020
соседство 1,322219 0,000431
состояние 0,322219 0,000105
состояться 0,936868 0,000305
сочинение 1,468347 0,000478
союз 1,322219 0,000862
спасти 0,468347 0,000153
специально 1,389166 0,000453
спешить 0,477121 0,000155
спешный 1,565257 0,000510
спина 0,752344 0,000245
сплошь 1,125925 0,000367
споткнуться 1,866287 0,000608
справедливость 1,125925 0,000367
спьяну 1,866287 0,001216
сразу 0,991226 0,000646
среди 0,769377 0,000251
средина 1,167317 0,000380
срок 0,675956 0,000220
старик 0,303994 0,000099
старинный 0,936868 0,000305
старуха 0,690196 0,000675
старый 0,374926 0,000244
статский 1,468347 0,000478
стать 0,002964 0,000002
стекло 1,167317 0,000380
стенка 1,565257 0,000510
стеречь 1,468347 0,000478
стих 0,735954 0,001199
стихотворение 1,866287 0,000608
стоить 0,189594 0,000062
стол 0,286504 0,000280
столб 1,389166 0,000453
столик 0,845098 0,000275
столица 1,213075 0,000395
сторона 0,110412 0,000036
стоять 0,150284 0,000294
страх 0,426955 0,000278
страшно 0,434924 0,000425
страшный 0,286504 0,000560
стрела 1,690196 0,000551
стремиться 0,888564 0,000579
строить 1,088136 0,000355
строчка 1,125925 0,000367
сузить 1,565257 0,000510
сумбур 1,565257 0,000510
суп 1,565257 0,001020
существо 0,477121 0,000155
схватить 0,347773 0,000113
сходить 0,611015 0,000398
сходиться 0,912045 0,000297
сцена 0,554533 0,000181
считать 0,275223 0,000090
сырость 2,167317 0,000706
сюда 0,232819 0,000152
таинственный 0,991226 0,000323
тайна 0,675956 0,000661
также 0,000000 0,000000
таки 0,066947 0,000109
такой 0,002964 0,000008
тарелка 1,690196 0,000551
твой 0,258832 0,000253
творение 1,690196 0,000551
твёрдо 0,419129 0,000137
текст 0,000000 0,000000
теперь 0,015029 0,000078
терпеть 0,866287 0,000282
тихо 0,354404 0,000115
тишина 0,912045 0,000297
тогда 0,050046 0,000016
тогдашний 0,635838 0,000207
тоже 0,043466 0,000057
толпа 0,648803 0,000211
только 0,002964 0,000015
том 1,565257 0,000510
томить 1,565257 0,000510
торопиться 0,662167 0,000432
торопливо 1,167317 0,000380
тот 0,002964 0,000003
тотчас 0,046743 0,000046
травка 1,565257 0,000510
требование 1,264227 0,000412
третий 0,154480 0,000101
троглодит 2,167317 0,000706
туда 0,495219 0,000161
ты 0,133894 0,000829
тюфяк 1,167317 0,000380
тянуть 0,912045 0,000297
уверенный 0,611015 0,000398
увидать 0,434924 0,000283
увлечение 1,021189 0,000333
угнетать 1,690196 0,000551
угол 0,341243 0,000222
угощение 1,468347 0,000478
уезжать 0,912045 0,000297
ужасно 0,167317 0,000055
ужасный 0,322219 0,000105
узнать 0,106619 0,000069
укрыться 2,167317 0,000706
улетать 1,565257 0,000510
улица 0,396465 0,000388
улыбнуться 0,426955 0,000139
ум 0,720159 0,000235
умерший 0,000000 0,000000
умолять 0,805589 0,000262
унижение 0,912045 0,000892
унизительный 1,125925 0,000367
унизить 0,936868 0,000305
уповать 1,565257 0,000510
усиливать 1,565257 0,000510
услышать 0,381987 0,000124
успеть 0,203530 0,000199
утро 0,347773 0,000113
фантом 1,690196 0,000551
федора 0,912045 0,000297
фёдор 0,434924 0,000283
фёдорович 0,150284 0,000294
хаос 1,468347 0,000478
харита 2,167317 0,000706
хвалить 0,963197 0,000314
хвост 1,125925 0,000734
хлеб 0,805589 0,000262
ход 0,963197 0,000314
ходить 0,213075 0,000069
хозяйка 0,912045 0,000297
хозяйский 1,690196 0,000551
хорошо 0,189594 0,000124
хотеть 0,033778 0,000055
хотеться 0,292256 0,000095
хоть 0,060107 0,000020
хохлаковый 0,690196 0,000225
храм 1,213075 0,000395
целый 0,217927 0,000142
цель 0,361137 0,000118
церер 2,167317 0,002119
цивилизовать 2,167317 0,000706
час 0,185046 0,000121
часть 0,002964 0,000002
чашка 1,125925 0,000367
чей 0,000000 0,000000
человек 0,011981 0,000051
через 0,258832 0,000253
черта 0,264227 0,000258
четверть 0,769377 0,000251
четвёртый 0,286504 0,000093
четыре 0,361137 0,000235
чин 0,991226 0,000323
число 0,704919 0,000230
чисто 1,213075 0,000395
читаемый 2,167317 0,000706
читать 0,403889 0,000263
чрезвычайно 0,217927 0,000071
что 0,030597 0,000080
чтоб 0,073896 0,000072
чтобы 0,030597 0,000050
чувство 0,158717 0,000155
чужой 0,662167 0,000432
чуть 0,176091 0,000057
чёрт 1,264227 0,000412
шаг 0,367977 0,000120
шататься 1,389166 0,000453
шептать 1,021189 0,001664
шикарный 2,167317 0,000706
шиллер 1,389166 0,000453
широкий 0,888564 0,000579
шмидт 1,866287 0,000608
шёпотом 0,675956 0,000220
щеголять 1,690196 0,000551
это 0,002964 0,000010
этот 0,002964 0,000005
юный 1,125925 0,000367
я 0,024303 0,000032
яблоня 2,167317 0,000706
якорь 1,866287 0,000608
