автор 0,000000 0,000000
авторский 0,000000 0,000000
аглая 0,662167 0,000225
азарт 1,125925 0,000383
александрович 0,504560 0,001200
алексеевич 0,963197 0,000327
алексей 0,000000 0,000000
антраша 2,167317 0,000736
ардалионович 0,675956 0,002756
атеизм 1,468347 0,000499
атеист 0,963197 0,000327
бедный 0,328468 0,000112
бежать 0,434924 0,000148
без 0,599116 0,000204
бесконечно 1,088136 0,000370
беспокоить 0,735954 0,000250
бессмысленно 1,322219 0,000449
бесчеловечный 1,322219 0,000449
бесчисленный 1,021189 0,000347
библиотека 1,866287 0,001902
бишь 1,690196 0,000574
бледнеть 1,322219 0,000449
бог 0,154480 0,000105
более 0,000000 0,000000
больной 0,258832 0,000264
большой 0,056728 0,000019
брат 0,060107 0,000061
братец 0,991226 0,001010
бросаться 0,866287 0,000294
броситься 0,258832 0,000176
будто 0,099131 0,000135
бумажка 0,845098 0,000287
бутылка 0,845098 0,000287
быть 0,000000 0,000000
важно 0,675956 0,000459
важный 0,341243 0,000116
варвар 1,468347 0,002495
варвара 0,845098 0,000287
варя 0,991226 0,005052
ваш 0,121994 0,000705
ваша 0,523865 0,000178
ввернуть 0,963197 0,000327
вдруг 0,005949 0,000012
ведь 0,043466 0,000059
великий 0,341243 0,000116
верить 0,180546 0,000061
вероятно 0,623249 0,000212
верх 0,963197 0,000327
весь 0,002964 0,000004
весёлый 0,389166 0,000132
вечер 0,322219 0,000109
вечером 0,533849 0,000363
взвешивать 1,866287 0,000634
взвизгнуть 1,125925 0,000383
взгляд 0,185046 0,000126
взглянуть 0,468347 0,000159
вздор 0,565257 0,000384
вздорить 2,167317 0,000736
взять 0,077412 0,000026
вид 0,150284 0,000204
видеть 0,027438 0,000037
видеться 0,963197 0,000327
видимо 0,328468 0,000112
визит 0,845098 0,000287
вилять 1,213075 0,000412
виноватый 0,328468 0,000112
винт 1,866287 0,005073
вмешиваться 1,389166 0,000472
внезапный 0,533849 0,000181
вовсе 0,150284 0,000153
водка 1,167317 0,000397
возможность 0,587534 0,000200
вознаграждение 0,000000 0,000000
войти 0,137934 0,000094
волос 0,690196 0,000235
воля 0,576253 0,000196
воплотиться 1,565257 0,000532
воплощение 1,690196 0,000574
воровать 1,322219 0,000449
воротиться 0,303994 0,000207
воскликнуть 0,269690 0,000092
восьмой 0,888564 0,000604
вполголоса 0,888564 0,000302
впопыхах 1,389166 0,000472
впрочем 0,118099 0,000040
враждебный 1,389166 0,000472
время 0,018098 0,000031
вскинуться 0,866287 0,000294
вскочить 0,451314 0,000153
вскричать 0,253503 0,000517
вслух 0,533849 0,000181
всплеснуть 0,787106 0,000267
вставать 0,576253 0,000587
вставить 1,167317 0,000397
встретить 0,459747 0,000156
встретиться 0,704919 0,000240
встреча 0,554533 0,000188
всякий 0,106619 0,000072
вчера 0,341243 0,000348
вы 0,232819 0,000158
выведывать 2,167317 0,000736
выдать 0,845098 0,000287
выдержать 0,587534 0,000200
выйти 0,063514 0,000086
выказать 1,213075 0,000412
вынести 0,486076 0,000165
выпить 0,704919 0,000240
выплата 0,000000 0,000000
выпуклый 1,866287 0,000634
выражаться 0,752344 0,000511
выразить 0,599116 0,000204
выразиться 0,504560 0,000171
высказаться 0,936868 0,000637
высокий 0,213075 0,000072
гаврил 1,213075 0,002885
гадкий 1,213075 0,000412
гана 1,125925 0,001148
ганька 1,264227 0,000859
ганя 0,735954 0,006252
генерал 0,504560 0,002400
гений 1,690196 0,000574
главное 0,185046 0,000063
глаз 0,056728 0,000019
гнев 0,544068 0,000185
говорить 0,011981 0,000041
голос 0,208276 0,000071
гораздо 0,443041 0,000151
горизонт 1,389166 0,000472
город 0,248239 0,000084
господин 0,208276 0,000071
господь 0,374926 0,000127
гостеприимство 1,690196 0,002872
государь 1,021189 0,001735
готовый 0,367977 0,000500
грозно 0,888564 0,000302
громов 2,167317 0,000736
давать 0,253503 0,000172
даже 0,005949 0,000022
далёкий 0,411442 0,000140
дама 0,434924 0,000148
дать 0,171682 0,000175
дача 0,888564 0,000302
два 0,198834 0,000135
дверь 0,258832 0,000088
действительно 0,106619 0,000145
делать 0,194189 0,000066
дело 0,011981 0,000028
день 0,118099 0,000281
деньга 0,185046 0,000063
длинный 0,495219 0,000168
добрый 0,303994 0,000310
довести 0,720159 0,000245
довольно 0,129891 0,000132
договорить 0,888564 0,000604
доказать 0,565257 0,000192
долговой 1,389166 0,000472
должный 0,099131 0,000067
дом 0,154480 0,000315
домой 0,459747 0,000156
допускать 0,963197 0,000327
достигнуть 0,662167 0,000225
достоевский 0,000000 0,000000
достояние 0,000000 0,000000
дочь 0,374926 0,000127
дрожать 0,426955 0,000290
друг 0,180546 0,000429
другой 0,008955 0,000003
дрянь 1,125925 0,000383
думать 0,060107 0,000082
дурак 0,611015 0,000415
душа 0,158717 0,000108
единственно 0,477121 0,000486
единый 0,611015 0,000208
ежечасно 1,565257 0,000532
епанчин 0,690196 0,000235
еропег 1,866287 0,000634
еропегов 1,866287 0,006976
ерошка 1,866287 0,001902
если 0,011981 0,000028
есть 0,018098 0,000012
жаловаться 0,805589 0,000274
желать 0,232819 0,000158
жена 0,486076 0,000165
жениться 0,554533 0,000188
жизнь 0,084532 0,000057
жить 0,217927 0,000074
жёлчь 1,866287 0,000634
завести 1,021189 0,000347
завидовать 1,213075 0,000412
завистливый 1,322219 0,000899
завопить 0,769377 0,000261
завтра 0,298086 0,000203
заговорить 0,334808 0,000341
загреметь 1,565257 0,000532
задрожать 0,866287 0,000294
зайти 0,554533 0,000188
заключить 0,347773 0,000118
закричать 0,434924 0,000443
заметить 0,056728 0,000058
заметно 1,264227 0,000430
замуж 0,735954 0,000250
запирать 1,468347 0,000499
записка 0,824895 0,000561
записочка 1,468347 0,000499
запросто 1,125925 0,000383
засиять 1,468347 0,000499
заслонить 1,690196 0,000574
заслужить 0,824895 0,000280
заслышать 1,213075 0,000412
заснуть 0,769377 0,000523
застрелиться 1,053374 0,000358
заступничество 1,866287 0,000634
затеять 1,468347 0,000499
затрястись 0,963197 0,000327
захлёбываться 1,565257 0,000532
зачем 0,146128 0,000199
здесь 0,095435 0,000065
зелёный 0,805589 0,000274
злиться 1,167317 0,000397
злоба 0,523865 0,000178
злобно 0,599116 0,000204
злость 0,936868 0,000318
злючка 1,866287 0,000634
знак 0,565257 0,000384
знать 0,002964 0,000015
зуб 0,735954 0,000250
иванович 0,269690 0,000092
идея 0,459747 0,000156
идиот 0,426955 0,000580
идти 0,180546 0,000184
избегать 1,264227 0,000430
избирать 2,167317 0,001473
известие 0,554533 0,000188
известный 0,347773 0,000118
извинить 0,611015 0,000208
изволить 0,477121 0,000162
изнеможение 2,167317 0,000736
изображение 1,565257 0,000532
изъявить 2,167317 0,000736
именно 0,066947 0,000091
иметь 0,118099 0,000080
иногда 0,208276 0,000071
интерес 0,866287 0,000294
ипполит 0,599116 0,003868
исповедь 0,845098 0,000287
исполнить 0,648803 0,000441
использоваться 0,000000 0,000000
испуганный 0,752344 0,000511
испугать 0,845098 0,000287
испугаться 0,523865 0,000178
исступление 0,565257 0,000384
история 0,495219 0,000337
источник 1,565257 0,000532
каждый 0,137934 0,000047
казаться 0,063514 0,000065
какой 0,005949 0,000006
капитан 0,769377 0,001830
капитон 1,866287 0,004439
капитошка 2,167317 0,003682
кашель 1,389166 0,000472
кашлять 1,389166 0,000944
квартира 0,623249 0,000424
кинуть 1,389166 0,000472
книга 0,106619 0,000036
князь 0,443041 0,000903
когда 0,015029 0,000036
коля 0,565257 0,001537
комар 0,000000 0,000000
комната 0,150284 0,000153
компания 0,611015 0,000208
конец 0,213075 0,000217
конечно 0,060107 0,000061
контрабанда 2,167317 0,000736
кончить 0,328468 0,000112
коромысло 2,167317 0,000736
который 0,002964 0,000010
крайний 0,292256 0,000099
краска 0,991226 0,000337
краткий 1,264227 0,000430
крик 0,514105 0,000349
крикнуть 0,292256 0,000894
кричать 0,303994 0,000207
кругом 0,419129 0,000142
крупный 1,088136 0,000370
крыльцо 0,787106 0,000267
куда 0,248239 0,000084
куражиться 1,690196 0,000574
лебедев 0,690196 0,000235
легко 0,752344 0,000256
лестница 0,787106 0,000267
либо 0,000000 0,000000
литература 1,468347 0,000499
лицо 0,000000 0,000000
лично 0,720159 0,000245
ловить 0,866287 0,000294
любить 0,066947 0,000023
любой 0,000000 0,000000
лёгкий 0,599116 0,000204
маленький 0,185046 0,000126
малый 0,334808 0,000114
мальчик 0,411442 0,000140
мальчишка 0,752344 0,000256
мамаша 0,735954 0,000500
маменька 0,824895 0,000280
манкировать 1,264227 0,000430
марья 0,936868 0,000637
мать 0,217927 0,000296
мгновение 0,316059 0,000107
между 0,129891 0,000088
мера 0,217927 0,000148
место 0,099131 0,000135
месяц 0,264227 0,000090
мигом 0,504560 0,000171
милостивый 0,888564 0,001208
мимо 0,514105 0,000175
минута 0,050046 0,000034
мнение 0,374926 0,000127
мнительный 1,322219 0,000449
много 0,080958 0,000028
многое 0,443041 0,000151
многоуважаемый 1,264227 0,000430
можно 0,088136 0,000030
мой 0,077412 0,000026
молокосос 2,167317 0,002209
молчать 0,248239 0,000422
момент 0,000000 0,000000
мочь 0,000000 0,000000
мучить 0,419129 0,000427
мысль 0,114239 0,000039
наверно 0,264227 0,000090
наверх 0,888564 0,000302
наверху 1,264227 0,000859
навести 1,322219 0,000899
навестить 1,213075 0,000412
наглый 0,963197 0,000327
надвое 1,690196 0,000574
наделать 0,963197 0,000327
надеяться 0,434924 0,000148
надо 0,036984 0,000013
назад 0,000000 0,000000
название 1,088136 0,000370
называть 0,477121 0,000162
называться 0,866287 0,000294
найти 0,298086 0,000304
наконец 0,073896 0,000050
намеренный 0,769377 0,000261
намерить 0,805589 0,000274
наотлёт 2,167317 0,000736
написать 0,000000 0,000000
напрасно 0,805589 0,000274
напротив 0,180546 0,000061
напыщенный 2,167317 0,000736
нарочно 0,227798 0,000077
наружно 1,389166 0,000472
наслаждение 0,769377 0,000261
насмешливый 0,704919 0,000479
настаивать 0,565257 0,000192
настоять 1,690196 0,000574
настоящий 0,309985 0,000105
натурально 0,991226 0,000337
наука 0,787106 0,000267
наш 0,118099 0,000040
небытие 1,690196 0,000574
неверие 1,389166 0,000472
невыносимый 1,021189 0,000347
негодование 0,403889 0,000274
недалеко 0,912045 0,000620
недобрый 1,264227 0,000430
недоумение 0,554533 0,000377
незаряженный 2,167317 0,000736
некоторый 0,154480 0,000105
некуда 1,389166 0,000944
немедленно 0,554533 0,000188
ненавидеть 0,514105 0,000524
ненависть 0,623249 0,000212
необходимый 0,599116 0,000204
непременно 0,133894 0,000091
несколько 0,095435 0,000065
несомневаться 2,167317 0,000736
несправедливый 0,888564 0,000302
несравненно 1,264227 0,000430
нести 0,824895 0,000280
несчастный 0,374926 0,000127
неудача 1,322219 0,000449
нечаянно 0,752344 0,000256
нибыть 0,030597 0,000021
никакой 0,213075 0,000145
никогда 0,088136 0,000060
николай 0,752344 0,000256
нина 0,888564 0,002113
ничего 0,030597 0,000010
ничто 0,576253 0,000196
новый 0,167317 0,000057
нога 0,213075 0,000145
носить 0,611015 0,000208
обернуться 0,576253 0,000587
обесчестить 1,468347 0,000499
обида 0,720159 0,000245
обидный 0,991226 0,000337
обидчивый 1,264227 0,000430
образ 0,243038 0,000083
общественный 0,000000 0,000000
объявлять 0,769377 0,000261
объяснение 0,599116 0,000204
объясняться 0,991226 0,000337
обыкновенный 0,565257 0,000192
один 0,000000 0,000000
одолжение 0,936868 0,000318
одурачить 1,866287 0,000634
озаботить 0,888564 0,000302
озираться 1,213075 0,000412
окно 0,381987 0,000389
окончательно 0,565257 0,000192
олимпически 2,167317 0,000736
олицетворение 2,167317 0,000736
он 0,000000 0,000000
опамятовать 2,167317 0,000736
опубликовать 0,000000 0,000000
опуститься 0,888564 0,000302
опять 0,027438 0,000093
ординарность 1,866287 0,001902
оскорбить 0,599116 0,000204
оскорблять 1,322219 0,000449
основный 1,468347 0,000499
особа 0,769377 0,000261
особенно 0,129891 0,000088
особый 0,565257 0,000192
оставить 0,203530 0,000138
оставлять 0,533849 0,000181
останавливать 1,021189 0,000347
остановиться 0,269690 0,000183
осторожный 1,088136 0,000370
осыпать 1,866287 0,000634
отблагодарить 1,565257 0,000532
ответ 0,322219 0,000109
ответить 0,121994 0,000041
отец 0,091770 0,000156
отказать 0,735954 0,000250
откровенно 0,824895 0,000561
откровенность 0,991226 0,000337
откровенный 0,866287 0,000294
открыть 0,635838 0,000216
отличие 2,167317 0,000736
отлично 0,805589 0,000274
отмстить 1,468347 0,000499
отойти 0,845098 0,000287
отрезать 0,599116 0,000407
отставка 1,125925 0,000765
отстать 1,088136 0,000370
оттого 0,675956 0,000230
отцовский 1,125925 0,000383
отчеканить 1,125925 0,000383
отыскать 0,769377 0,000261
оформление 0,000000 0,000000
очевидный 0,554533 0,000188
очень 0,024303 0,000025
ошеломить 1,125925 0,000765
павловск 0,888564 0,000302
палка 1,213075 0,000412
папаша 0,912045 0,000620
первый 0,018098 0,000043
перевести 0,888564 0,000604
передаться 2,167317 0,000736
передёрнуть 1,322219 0,000449
переезд 1,264227 0,000430
переезжать 1,468347 0,000998
переехать 0,991226 0,001010
перейти 0,000000 0,000000
перемениться 1,167317 0,000793
переполнить 1,866287 0,000634
перервать 1,866287 0,000634
переселение 1,690196 0,000574
переселиться 1,468347 0,000998
переселяться 1,690196 0,000574
перестать 0,411442 0,000839
петрович 1,088136 0,000370
пистолет 0,805589 0,000274
пить 0,787106 0,000267
плакать 0,328468 0,000223
платить 1,167317 0,000397
побагроветь 1,389166 0,000472
побежать 0,468347 0,000159
побледнеть 0,544068 0,000185
поверить 0,347773 0,000118
поверьте 0,866287 0,000294
повсеместно 1,088136 0,000370
поглупеть 2,167317 0,000736
подать 0,451314 0,000307
подборка 0,000000 0,000000
поджигать 1,389166 0,000472
поди 1,125925 0,000765
подмога 2,167317 0,000736
поднять 0,396465 0,000269
подобный 0,533849 0,000181
подождать 0,587534 0,000399
подойти 0,341243 0,000116
подполковник 1,468347 0,000998
подробный 0,888564 0,000302
подставить 1,389166 0,000472
подстрекать 1,690196 0,000574
подтверждение 1,213075 0,000412
подумать 0,185046 0,000063
подурачиться 2,167317 0,000736
пожаловаться 1,565257 0,000532
пожалуй 0,237898 0,000162
пожелать 0,675956 0,000230
пожертвовать 0,963197 0,000327
позади 1,690196 0,000574
позволить 0,264227 0,000269
поймать 0,824895 0,000280
пойти 0,080958 0,000028
показаться 0,334808 0,000114
поклониться 0,662167 0,000225
покричать 2,167317 0,000736
полгода 0,963197 0,000655
полнота 0,805589 0,000821
полуштоф 1,690196 0,000574
полчаса 0,752344 0,000511
пользоваться 0,963197 0,000655
помешанный 0,769377 0,000261
помнить 0,167317 0,000057
помолвка 2,167317 0,000736
понимать 0,095435 0,000065
поправиться 1,125925 0,000383
поразить 0,243038 0,000083
порог 0,888564 0,000302
посетитель 0,991226 0,000674
посещать 0,845098 0,000287
после 0,084532 0,000172
последний 0,066947 0,000091
пословица 1,468347 0,000499
послышаться 0,735954 0,000500
посмертно 0,000000 0,000000
посмеяться 1,125925 0,000383
посмотреть 0,213075 0,000145
поссориться 0,936868 0,000637
поставить 0,451314 0,000153
постыдно 2,167317 0,000736
потащиться 1,389166 0,000944
потолстеть 1,866287 0,001902
потому 0,024303 0,000066
потрясти 0,845098 0,000287
пофанфаронить 2,167317 0,000736
похуделый 1,565257 0,000532
поцеловать 0,587534 0,000200
почему 0,099131 0,000202
почесть 0,769377 0,000261
почтенный 0,720159 0,000245
почти 0,024303 0,000017
почувствовать 0,426955 0,000145
пошлый 1,468347 0,000499
пощадить 0,991226 0,000337
правда 0,088136 0,000030
право 0,176091 0,000359
пред 0,030597 0,000042
предреканий 2,167317 0,000736
предрекать 1,468347 0,000499
представитель 1,565257 0,000532
представить 0,286504 0,000195
предстоять 0,963197 0,000327
прежде 0,077412 0,000053
прежний 0,198834 0,000068
презрительно 0,866287 0,000294
прервать 0,623249 0,000424
преследовать 1,213075 0,000412
преспокойно 1,866287 0,000634
преувеличение 1,322219 0,000449
прибавить 0,162996 0,000111
прибыть 0,704919 0,000240
привести 0,576253 0,000196
приглашать 0,991226 0,000337
прижизненный 0,000000 0,000000
признание 0,824895 0,000280
прийти 0,095435 0,000065
прикасаться 1,866287 0,000634
принять 0,180546 0,000061
приобрести 0,912045 0,000310
пристально 0,389166 0,000132
пристать 1,088136 0,000370
приходить 0,243038 0,000083
причина 0,396465 0,000269
прищёлкнуть 2,167317 0,000736
проболтать 2,167317 0,000736
пробормотать 0,316059 0,000322
прогнать 0,704919 0,000240
проговорить 0,110412 0,000038
проговориться 1,125925 0,000383
программирование 0,000000 0,000000
продолжать 0,125925 0,000086
произведение 0,000000 0,000000
произнести 0,280827 0,000095
происшествие 1,053374 0,000358
пройти 0,000000 0,000000
проклятие 1,088136 0,001479
прокричать 0,599116 0,000407
пролить 1,125925 0,000383
промах 1,389166 0,000472
промахнуться 2,167317 0,000736
промолвить 0,912045 0,000310
прорваться 1,322219 0,000449
просветлеть 1,565257 0,000532
просить 0,150284 0,000204
простереть 1,866287 0,000634
просто 0,232819 0,000079
против 0,389166 0,000264
противный 1,088136 0,000370
прочесть 0,443041 0,000151
прочь 0,866287 0,000589
прощаться 0,963197 0,000327
прощение 0,611015 0,000208
птицын 0,769377 0,002353
публикация 0,000000 0,000000
пусть 0,253503 0,000086
путь 0,675956 0,000230
пьяный 0,451314 0,000307
пять 0,222835 0,000151
равно 0,303994 0,000103
радость 0,411442 0,000140
раз 0,309985 0,000211
разве 0,146128 0,000099
развести 1,565257 0,000532
развязка 1,213075 0,000412
разговор 0,264227 0,000090
раздражать 0,936868 0,000637
разлиться 1,866287 0,000634
размолвка 2,167317 0,000736
разнообразный 1,389166 0,000472
разозлиться 1,389166 0,000472
разойтись 0,888564 0,000302
разрешение 0,000000 0,000000
разумеется 0,328468 0,000112
разъяснить 0,662167 0,000450
раскаиваться 0,963197 0,000655
раскусить 1,565257 0,000532
расположение 1,021189 0,000347
рассмеяться 0,599116 0,000204
расстаться 0,936868 0,000318
рассчитывать 0,675956 0,000689
растворить 1,690196 0,000574
расхохотаться 0,963197 0,000327
ребёнок 0,232819 0,000079
реветь 1,866287 0,000634
решать 1,053374 0,000358
решаться 0,752344 0,000767
решительно 0,341243 0,000116
решить 0,232819 0,000079
решиться 0,341243 0,000232
риск 1,468347 0,000499
ровно 0,533849 0,000363
рогожина 0,648803 0,000220
родиться 0,936868 0,000318
родный 0,565257 0,000384
рука 0,030597 0,000042
руководимый 2,167317 0,000736
русский 0,411442 0,000280
рутина 1,690196 0,001149
сайт 0,000000 0,000000
сам 0,002964 0,000011
самодовольный 1,468347 0,000998
самоубийца 1,690196 0,000574
самый 0,018098 0,000006
сбиться 1,088136 0,000370
сбрендить 1,866287 0,000634
сверлить 2,167317 0,001473
сверху 0,936868 0,000318
свободно 0,000000 0,000000
свой 0,000000 0,000000
свысока 1,088136 0,000370
сделать 0,102859 0,000175
сдержать 0,752344 0,000511
себя 0,000000 0,000000
сегодня 0,194189 0,000330
седой 0,991226 0,000337
сей 1,264227 0,000430
сейчас 0,070407 0,000048
семейство 0,451314 0,000307
семь 0,623249 0,000424
семьдесят 0,000000 0,000000
сердце 0,095435 0,000130
сестра 0,477121 0,000324
сестрица 1,167317 0,000397
сесть 0,824895 0,000280
сеть 1,565257 0,000532
сидеть 0,125925 0,000086
сие 0,611015 0,000208
сильно 0,292256 0,000099
сказать 0,011981 0,000041
скалить 1,866287 0,000634
скамейка 1,088136 0,000370
скандал 0,845098 0,000287
следовать 0,544068 0,000370
слишком 0,133894 0,000045
слово 0,027438 0,000084
сложить 0,845098 0,000287
служить 0,544068 0,000185
случиться 0,292256 0,000298
слушать 0,203530 0,000207
слышать 0,125925 0,000128
смешной 0,565257 0,000192
смотреть 0,077412 0,000079
собираться 0,635838 0,000216
собрание 1,088136 0,000370
собственный 0,264227 0,000269
совершенно 0,180546 0,000184
совершенный 0,451314 0,000307
совестно 1,167317 0,000397
совесть 0,544068 0,000185
совет 0,662167 0,000225
совсем 0,021189 0,000050
согласие 0,000000 0,000000
согласиться 0,396465 0,000135
согласный 0,565257 0,000192
сознаться 0,769377 0,000261
сойти 0,495219 0,000337
сократить 1,322219 0,000899
сомнение 0,426955 0,000435
сопровождать 0,888564 0,000302
сорт 1,322219 0,000449
сосед 1,389166 0,000944
состояние 0,322219 0,000109
сочинение 1,468347 0,000499
спать 0,495219 0,000168
спешить 0,477121 0,000162
спина 0,752344 0,000256
сплетник 1,322219 0,000899
сплетня 1,322219 0,000449
спокойно 0,648803 0,000220
спокойный 0,576253 0,000196
справедливо 0,805589 0,000274
спросить 0,114239 0,000078
срам 1,053374 0,000716
срамить 1,213075 0,000824
старик 0,303994 0,000826
старуха 0,690196 0,000235
стать 0,002964 0,000010
степень 0,367977 0,000125
стоить 0,189594 0,000064
стол 0,286504 0,000097
столечко 1,866287 0,000634
сторона 0,110412 0,000188
стоять 0,150284 0,000153
странность 0,963197 0,000327
страх 0,426955 0,000145
строка 1,088136 0,000370
струсить 1,021189 0,000347
стук 1,053374 0,000358
стул 0,434924 0,000443
ступать 0,587534 0,000200
стыдно 0,504560 0,000343
сударыня 1,213075 0,000412
сударь 1,053374 0,001432
судьба 0,443041 0,000151
суждено 1,468347 0,000499
сумасшествие 1,021189 0,000347
сумятица 1,866287 0,000634
сутуговый 2,167317 0,000736
существовать 0,635838 0,000864
схватить 0,347773 0,000118
сходить 0,611015 0,000208
считаться 1,088136 0,000739
счёт 0,623249 0,000212
сын 0,434924 0,000591
сюда 0,232819 0,000237
также 0,000000 0,000000
таки 0,066947 0,000159
такой 0,002964 0,000005
таскаться 1,468347 0,000499
тащить 1,021189 0,000347
твёрдо 0,419129 0,000142
театральный 1,690196 0,000574
текст 0,000000 0,000000
тень 1,213075 0,000412
теперь 0,015029 0,000036
товарищ 0,704919 0,000240
тогда 0,050046 0,000017
тогдашний 0,635838 0,000216
тоже 0,043466 0,000089
только 0,002964 0,000015
том 1,565257 0,000532
тон 0,648803 0,000220
торжество 0,912045 0,000310
торопиться 0,662167 0,000450
тоска 0,599116 0,000204
тот 0,002964 0,000006
точка 0,623249 0,000212
точно 0,121994 0,000041
трагедия 1,053374 0,000358
трагически 1,565257 0,000532
требовать 0,565257 0,000192
трепетать 0,735954 0,000250
третий 0,154480 0,000052
туда 0,495219 0,000505
ты 0,133894 0,000364
убедить 0,888564 0,000302
убедиться 0,623249 0,000212
убить 0,275223 0,000094
уважать 0,523865 0,000356
уважение 0,648803 0,000441
уведомить 1,125925 0,000765
уверять 0,411442 0,000280
угол 0,341243 0,000232
угрожать 1,167317 0,000397
удалиться 0,888564 0,000302
удержать 0,769377 0,000261
удержаться 0,888564 0,000302
удивительный 0,735954 0,000250
удовольствие 0,486076 0,000165
удочка 1,866287 0,000634
ужасно 0,167317 0,000057
узнать 0,106619 0,000036
уйти 0,248239 0,000337
улица 0,396465 0,000135
улыбка 0,374926 0,000255
умереть 0,269690 0,000092
умерший 0,000000 0,000000
умирать 0,611015 0,000415
умирающий 1,264227 0,000430
унизительный 1,125925 0,000383
унизиться 1,866287 0,000634
унимать 1,690196 0,000574
упрашивать 1,264227 0,000430
упрёк 1,125925 0,000383
усадить 0,963197 0,000327
усаживаться 1,322219 0,000449
услышать 0,381987 0,000260
усмехнуться 0,374926 0,000255
успеть 0,203530 0,000069
успокоить 0,824895 0,000280
успокоиться 0,735954 0,000250
уступать 1,053374 0,000358
утро 0,347773 0,000118
уходить 0,328468 0,000112
участие 0,787106 0,000267
фанфаронить 1,468347 0,000499
фёдор 0,434924 0,000296
характер 0,374926 0,000127
хитрить 1,565257 0,000532
хладнокровно 1,389166 0,000472
ходить 0,213075 0,000072
хороший 0,077412 0,000210
хорошо 0,189594 0,000064
хотеть 0,033778 0,000069
хотеться 0,292256 0,000298
хоть 0,060107 0,000041
хотя 0,050046 0,000051
цель 0,361137 0,000123
ценить 0,769377 0,000261
час 0,185046 0,000252
часть 0,002964 0,000003
чаша 1,468347 0,000499
чей 0,000000 0,000000
человек 0,011981 0,000020
человеческий 0,565257 0,000192
червь 1,866287 0,000634
черта 0,264227 0,000180
честь 0,403889 0,000274
четвёртый 0,286504 0,000292
четыре 0,361137 0,000123
число 0,704919 0,000479
читаемый 2,167317 0,000736
читать 0,403889 0,000137
чрез 0,275223 0,000094
чрезвычайный 0,258832 0,000264
чтоб 0,073896 0,000075
чтобы 0,030597 0,000010
чувствовать 0,264227 0,000090
чужой 0,662167 0,000450
чуть 0,176091 0,000120
чёрный 0,504560 0,000343
шаг 0,367977 0,000125
шагать 0,963197 0,000327
шагнуть 0,912045 0,000310
шесть 0,514105 0,000175
шпионить 1,389166 0,000944
штопор 2,167317 0,001473
щадить 1,053374 0,000358
экий 1,021189 0,000347
это 0,002964 0,000007
этот 0,002964 0,000003
юнкерство 2,167317 0,000736
я 0,024303 0,000157
язвить 1,866287 0,000634
язык 0,611015 0,000208
ярость 1,053374 0,000358
ясно 0,354404 0,000120
