автор 0,000000 0,000000
авторский 0,000000 0,000000
адвокатский 1,866287 0,000753
адвокатство 1,866287 0,000376
азарт 1,125925 0,000227
азартный 1,690196 0,000341
алексей 0,000000 0,000000
английский 1,125925 0,000227
анекдот 0,752344 0,000455
антропофагия 1,565257 0,000316
апокалипсис 1,468347 0,000592
ардалионович 0,675956 0,000273
артист 1,468347 0,000296
ассоциация 2,167317 0,000874
атеист 0,963197 0,000389
беда 0,662167 0,000134
бедный 0,328468 0,000066
без 0,599116 0,000121
бесконечно 1,088136 0,000220
бесконечный 0,824895 0,000166
бесподобный 2,167317 0,000437
беспокоить 0,735954 0,000148
беспокоиться 0,514105 0,000104
беспокойство 0,514105 0,000104
беспрепятственно 1,690196 0,000341
беспрерывно 0,623249 0,000251
бессвязный 1,389166 0,000280
бессмысленно 1,322219 0,000267
бессовестно 1,690196 0,000341
бесчисленный 1,021189 0,000206
библиотека 1,866287 0,001129
биться 0,623249 0,000126
благодарить 0,635838 0,000128
благородный 0,374926 0,000227
благосостояние 1,866287 0,000376
блуждать 1,866287 0,000376
богатство 1,088136 0,000439
бокал 1,322219 0,001334
более 0,000000 0,000000
болтовня 1,690196 0,000682
больший 0,248239 0,000100
большой 0,056728 0,000023
борода 1,021189 0,000206
бояться 0,158717 0,000032
брат 0,060107 0,000012
брать 0,486076 0,000098
бросать 0,787106 0,000159
бросить 0,269690 0,000054
будто 0,099131 0,000060
будущий 0,824895 0,000166
буквально 0,805589 0,000163
бурдовский 1,053374 0,000638
бурмистров 2,167317 0,000437
бутылка 0,845098 0,000170
бывать 0,280827 0,000057
быстро 0,232819 0,000047
быстрота 1,125925 0,000227
быть 0,000000 0,000000
важно 0,675956 0,000136
важный 0,341243 0,000275
вариация 1,690196 0,000341
вассал 2,167317 0,000437
ваш 0,121994 0,000246
ввязываться 1,565257 0,000316
вдруг 0,005949 0,000016
ведь 0,043466 0,000088
век 0,769377 0,000621
великий 0,341243 0,000138
великолепный 0,824895 0,000166
великосветский 1,389166 0,000280
велита 0,963197 0,000194
вера 0,514105 0,000207
верить 0,180546 0,000109
верно 0,523865 0,000106
верный 0,495219 0,000300
верста 0,888564 0,000179
весело 0,648803 0,000131
вести 0,787106 0,000476
весь 0,002964 0,000019
весьма 0,243038 0,000098
весёлый 0,389166 0,000314
вечер 0,322219 0,000585
вечерний 1,213075 0,000245
вечером 0,533849 0,000108
вещь 0,411442 0,000166
взбесить 1,389166 0,000280
взволновать 0,866287 0,000175
взгляд 0,185046 0,000149
вздор 0,565257 0,000456
вздумать 0,720159 0,000145
взрослый 1,053374 0,000213
взрыв 1,468347 0,000296
взъерошить 1,866287 0,000376
взять 0,077412 0,000047
взяться 0,824895 0,000499
вид 0,150284 0,000091
видеть 0,027438 0,000039
видно 0,504560 0,000305
визит 0,845098 0,000170
виконт 2,167317 0,000437
вино 0,752344 0,000304
виноватый 0,328468 0,000133
владычествовать 1,866287 0,000376
вначале 0,936868 0,000189
внимание 0,504560 0,000102
внимательный 1,125925 0,000227
возбудить 0,787106 0,000476
возводиться 1,866287 0,000376
возможность 0,587534 0,000119
возможный 0,845098 0,000170
вознаграждение 0,000000 0,000000
возражать 0,963197 0,000389
воксало 1,167317 0,000235
волнение 0,361137 0,000073
вольтеров 2,167317 0,000437
вопрос 0,146128 0,000177
ворочаться 2,167317 0,000437
воссоздаваться 2,167317 0,000437
восторженный 0,963197 0,000194
вполголоса 0,888564 0,000179
вполовину 2,167317 0,000437
впрочем 0,118099 0,000024
впятеро 1,866287 0,000376
время 0,018098 0,000047
всегда 0,129891 0,000052
всеобщий 0,912045 0,001840
вскакивать 1,213075 0,000245
вскочить 0,451314 0,000091
вскрикнуть 0,611015 0,000123
вскричать 0,253503 0,000102
вслед 0,523865 0,000211
вслух 0,533849 0,000108
вслушиваться 1,322219 0,000267
вспомнить 0,434924 0,000263
вспыхнуть 0,805589 0,000163
встать 0,269690 0,000163
встрепенуться 1,264227 0,000255
встретить 0,459747 0,000371
всходить 1,322219 0,000267
всякий 0,106619 0,000194
второй 0,217927 0,000044
втрое 1,565257 0,000316
вы 0,232819 0,000188
вывод 1,389166 0,000280
вызывать 1,125925 0,000227
вынести 0,486076 0,000196
выпить 0,704919 0,000569
выплата 0,000000 0,000000
выпрямиться 1,389166 0,000280
выпытать 1,690196 0,000682
выпь 1,565257 0,000316
выражение 0,514105 0,000104
выраженьице 2,167317 0,000437
выразить 0,599116 0,000121
высказать 0,523865 0,000106
высказываться 1,389166 0,000280
высокий 0,213075 0,000129
высота 1,322219 0,000267
выставить 0,845098 0,000170
выставлять 1,125925 0,000227
выступать 1,565257 0,000316
выходить 0,258832 0,000157
вышесказанный 1,866287 0,000376
вянуть 2,167317 0,000437
гаврил 1,213075 0,000489
газета 0,866287 0,000175
гамлет 1,565257 0,000316
ганя 0,735954 0,000594
гастрономический 2,167317 0,000437
генерал 0,504560 0,000916
гибель 1,264227 0,000255
глаз 0,056728 0,000023
глотнуть 1,866287 0,000753
глубина 0,866287 0,000175
глубокий 0,477121 0,000289
гнусный 1,468347 0,000592
говорить 0,011981 0,000029
год 0,292256 0,000118
голова 0,114239 0,000069
голод 1,213075 0,001224
голодный 1,053374 0,000213
голос 0,208276 0,000126
голосить 2,167317 0,000437
голый 1,167317 0,000235
гора 0,805589 0,000325
гораздо 0,443041 0,000358
горячечный 1,565257 0,000316
горячий 0,523865 0,000106
горячиться 1,053374 0,000213
господин 0,208276 0,000588
гость 0,434924 0,000351
государь 1,021189 0,000206
готовить 1,213075 0,000245
готовность 1,088136 0,000220
готовый 0,367977 0,000297
граф 1,468347 0,000296
греметь 1,389166 0,000560
грех 0,752344 0,000304
григорий 0,648803 0,000131
грозный 1,125925 0,000227
громадный 1,389166 0,000280
грош 1,125925 0,000227
давеча 0,232819 0,000094
давно 0,158717 0,000032
даже 0,005949 0,000023
далёкий 0,411442 0,000249
дама 0,434924 0,000088
дать 0,171682 0,000069
дача 0,888564 0,000179
два 0,198834 0,000040
двадцатилетний 1,565257 0,000316
двадцатипятилетие 2,167317 0,000437
двадцать 0,303994 0,000123
двенадцатый 0,690196 0,000557
двор 0,523865 0,000106
деваться 1,690196 0,000341
девятнадцатый 1,690196 0,000341
действительно 0,106619 0,000043
действительность 0,991226 0,000200
действительный 0,991226 0,000200
дело 0,011981 0,000036
день 0,118099 0,000048
держать 0,403889 0,000081
десять 0,298086 0,000060
диван 0,648803 0,000393
дивиться 0,787106 0,000159
дикий 0,720159 0,000145
добрый 0,303994 0,000123
довести 0,720159 0,000145
довольно 0,129891 0,000079
довольный 0,495219 0,000100
договаривать 1,264227 0,000255
договорить 0,888564 0,000179
доказать 0,565257 0,000114
долгий 0,720159 0,000291
должный 0,099131 0,000060
доносить 1,468347 0,000592
дорога 0,275223 0,000555
досада 0,675956 0,000136
достаточно 1,264227 0,000510
достоевский 0,000000 0,000000
достопочтенный 2,167317 0,000437
достояние 0,000000 0,000000
дотрагиваться 1,866287 0,000376
дочь 0,374926 0,000151
драка 1,690196 0,000341
дрова 1,565257 0,000316
друг 0,180546 0,000291
другой 0,008955 0,000022
дружба 0,805589 0,000163
дружелюбный 1,565257 0,000316
дружески 0,991226 0,000200
дружеский 1,125925 0,000227
думать 0,060107 0,000036
духовенство 2,167317 0,002623
духовный 0,991226 0,000600
душа 0,158717 0,000064
дьявол 1,322219 0,001067
дядя 1,167317 0,000235
дёрнуть 1,389166 0,000280
евгений 0,866287 0,004019
европа 1,088136 0,000659
единый 0,611015 0,000123
епанчин 0,690196 0,000139
если 0,011981 0,000019
есть 0,018098 0,000084
жадно 1,053374 0,000213
жадность 1,322219 0,000267
жаловаться 0,805589 0,000163
жаль 0,635838 0,000128
жар 0,587534 0,000237
ждать 0,142011 0,000229
желание 0,514105 0,000104
желать 0,232819 0,000047
железный 0,752344 0,001518
жизнь 0,084532 0,000188
жирный 1,866287 0,000753
жить 0,217927 0,000176
забывать 0,824895 0,000166
забыть 0,125925 0,000051
завтра 0,298086 0,000180
заговариваться 2,167317 0,000437
заговорить 0,334808 0,000135
задуматься 0,787106 0,000318
задумчивый 0,805589 0,000163
задушевный 1,866287 0,000376
зажечь 1,125925 0,000227
зазвучать 1,565257 0,000632
заинтересовать 0,824895 0,000166
зайти 0,554533 0,000336
закинуть 1,322219 0,000267
заклад 0,824895 0,000166
заключать 0,787106 0,000159
заключаться 0,635838 0,000128
заключение 0,787106 0,000476
заключить 0,347773 0,000070
закон 0,805589 0,001138
закричать 0,434924 0,000088
закуска 1,264227 0,000765
закусочка 1,866287 0,000753
заманить 1,866287 0,000376
заманчивый 1,565257 0,000316
заметить 0,056728 0,000172
заметливый 1,690196 0,000341
замечание 0,888564 0,000179
замечать 0,554533 0,000224
замешать 1,565257 0,000316
замок 0,963197 0,000389
замутить 2,167317 0,000874
занимательный 1,690196 0,000341
занимать 0,787106 0,000159
заподозрить 1,088136 0,000220
запомнить 0,576253 0,000116
заработный 2,167317 0,000437
заслать 1,322219 0,000267
засмеяться 0,347773 0,000210
заснуть 0,769377 0,000155
затем 0,237898 0,000240
затесаться 2,167317 0,000437
зато 0,468347 0,000189
захохотать 0,866287 0,000175
захромать 2,167317 0,000437
зачем 0,146128 0,000118
звать 0,419129 0,000169
звезда 1,053374 0,000850
здесь 0,095435 0,000116
здоровье 0,704919 0,000284
земля 0,298086 0,000120
злоба 0,523865 0,000211
знакомый 0,486076 0,000098
знаменательный 1,866287 0,000376
знать 0,002964 0,000012
значит 0,243038 0,000049
значительно 1,213075 0,000245
значительный 0,866287 0,000175
значить 0,866287 0,000175
зуб 0,735954 0,000148
иволгин 0,866287 0,000350
идея 0,459747 0,000185
идиот 0,426955 0,000345
идти 0,180546 0,000073
иждивение 1,690196 0,000341
известно 0,334808 0,000068
известный 0,347773 0,000140
извинить 0,611015 0,000123
извиниться 1,264227 0,000255
издыхание 2,167317 0,000437
излить 1,389166 0,000280
изобрести 1,565257 0,000632
изредка 0,888564 0,000179
изуверство 2,167317 0,000437
именно 0,066947 0,000027
иметь 0,118099 0,000095
имя 0,752344 0,000152
иначе 0,367977 0,000074
иногда 0,208276 0,000084
иной 0,208276 0,000042
интерес 0,866287 0,000350
интересовать 1,213075 0,000245
интересоваться 0,787106 0,000318
ипполит 0,599116 0,001692
искать 0,411442 0,000083
исключить 1,565257 0,000632
использоваться 0,000000 0,000000
испугаться 0,523865 0,000106
истина 0,704919 0,000142
исторический 1,167317 0,000471
история 0,495219 0,000200
источник 1,565257 0,002842
истязание 1,264227 0,000255
исчисление 2,167317 0,000437
кавалерист 1,866287 0,000376
каждый 0,137934 0,000111
казаться 0,063514 0,000077
какой 0,005949 0,000012
камень 0,787106 0,000159
капля 1,053374 0,000213
карс 1,690196 0,000341
картина 0,690196 0,000139
карьера 0,936868 0,000189
касаться 0,599116 0,000121
католический 1,468347 0,000296
качество 0,735954 0,000148
келлер 0,963197 0,000777
кивнуть 0,912045 0,000184
клиент 1,389166 0,000560
клясться 0,554533 0,000112
книга 0,106619 0,000043
князь 0,443041 0,004469
коварный 1,389166 0,000280
когда 0,015029 0,000021
кожаный 1,213075 0,000245
колесо 1,565257 0,000316
коли 0,269690 0,000109
количество 1,690196 0,001023
коля 0,565257 0,000342
командовать 1,468347 0,000296
комар 0,000000 0,000000
комический 1,264227 0,000255
комната 0,150284 0,000030
компания 0,611015 0,000493
конец 0,213075 0,000129
конечно 0,060107 0,000049
кончать 1,125925 0,000227
кончить 0,328468 0,000066
кончиться 0,495219 0,000100
копыто 2,167317 0,000874
костёр 1,866287 0,000753
который 0,002964 0,000008
кощунство 1,866287 0,000376
краешек 1,690196 0,000341
крайний 0,292256 0,000295
красивый 0,936868 0,000189
кредит 1,690196 0,001023
крепкий 0,787106 0,000159
крепко 0,443041 0,000089
кривляться 1,322219 0,000267
крик 0,514105 0,000207
крикнуть 0,292256 0,000354
кровь 0,389166 0,000079
кроме 0,158717 0,000160
кругом 0,419129 0,000169
крупный 1,088136 0,000220
крутой 1,866287 0,000376
кто 0,114239 0,000023
курмышев 2,167317 0,000874
кухня 0,888564 0,000179
ласковый 0,991226 0,000200
лгать 0,599116 0,000121
лебедев 0,690196 0,003759
легко 0,752344 0,000152
лепетать 1,088136 0,000220
лечь 0,866287 0,000175
либо 0,000000 0,000000
литература 1,468347 0,000296
лихорадочно 1,468347 0,000296
лихорадочный 1,167317 0,000235
лицо 0,000000 0,000000
лично 0,720159 0,000145
личный 0,662167 0,000267
ловкий 1,167317 0,000471
любезный 0,991226 0,000200
любить 0,066947 0,000041
любой 0,000000 0,000000
любопытный 0,648803 0,000262
любопытство 0,361137 0,000219
людоед 2,167317 0,000874
лёгкий 0,599116 0,000242
маленький 0,185046 0,000037
мало 0,208276 0,000168
мальтус 2,167317 0,000437
мальчик 0,411442 0,000083
мальчишка 0,752344 0,000152
материальный 1,389166 0,000280
махать 0,963197 0,000194
медаль 1,468347 0,000296
между 0,129891 0,000157
мелкий 0,690196 0,000139
мера 0,217927 0,000220
место 0,099131 0,000060
милостивый 0,888564 0,000179
милость 0,845098 0,000170
милый 0,322219 0,000260
мимо 0,514105 0,000207
мимоходом 1,264227 0,000255
минута 0,050046 0,000091
младенец 0,866287 0,000874
младший 1,021189 0,000206
мнение 0,374926 0,000227
многие 0,468347 0,000094
много 0,080958 0,000049
многочисленный 1,053374 0,000213
можно 0,088136 0,000124
мой 0,077412 0,000094
молодой 0,222835 0,000045
молчание 0,662167 0,000134
момент 0,000000 0,000000
монах 0,845098 0,001023
монашеский 1,690196 0,000341
монашество 1,866287 0,000753
мочь 0,000000 0,000000
мрачный 0,662167 0,000134
мука 0,735954 0,000148
мучить 0,419129 0,000085
мщение 1,088136 0,000220
мыслитель 1,565257 0,000632
мысль 0,114239 0,000507
наблюдать 0,587534 0,000119
наверно 0,264227 0,000213
нагнуться 0,824895 0,000166
надевать 1,213075 0,000245
надеяться 0,434924 0,000088
надо 0,036984 0,000022
надоесть 1,088136 0,000220
надуть 1,021189 0,000206
нажить 1,264227 0,000255
назад 0,000000 0,000000
название 1,088136 0,000220
называть 0,477121 0,000096
найти 0,298086 0,000120
наконец 0,073896 0,000119
намекать 0,866287 0,000175
намерение 0,514105 0,000104
нападать 1,322219 0,000267
напирать 1,565257 0,000316
написать 0,000000 0,000000
наплевать 1,125925 0,000227
направление 1,088136 0,000220
направлять 1,565257 0,000316
например 0,298086 0,000060
напротив 0,180546 0,000036
народ 0,514105 0,000415
наслаждаться 1,690196 0,000341
наслаждение 0,769377 0,000310
насмешка 0,599116 0,000121
насмешливый 0,704919 0,000284
настаивать 0,565257 0,000114
настоящий 0,309985 0,000250
настроение 0,824895 0,000499
насчёт 0,354404 0,000143
натура 0,888564 0,000179
натурально 0,991226 0,000800
наука 0,787106 0,000318
научный 1,866287 0,000753
начинать 0,292256 0,000118
начинаться 0,805589 0,000163
наш 0,118099 0,000167
небо 0,635838 0,000257
небрежно 1,468347 0,000296
неверие 1,389166 0,000280
невероятный 1,322219 0,000267
невинность 0,936868 0,000189
невнимательный 2,167317 0,000437
невоздержность 2,167317 0,000437
невозможность 1,088136 0,000220
невозможный 0,623249 0,000126
невольно 0,704919 0,000142
негодование 0,403889 0,000081
недавний 0,888564 0,000359
недавно 0,576253 0,000116
недобрый 1,264227 0,000255
недовольный 0,888564 0,000179
нежели 1,866287 0,000376
неизвестный 0,936868 0,000189
некоторый 0,154480 0,000062
некуда 1,389166 0,000280
нелепость 0,963197 0,000194
нельзя 0,176091 0,000036
немного 0,426955 0,000086
немножко 1,021189 0,000206
необходимость 1,053374 0,001275
необыкновенно 0,805589 0,000163
неожиданно 0,523865 0,000106
неожиданный 0,419129 0,000085
неопределённый 1,053374 0,000213
непитательный 2,167317 0,000437
неподвижно 0,936868 0,000189
непомерный 1,565257 0,000316
непорядочно 1,866287 0,000376
неправдоподобный 1,866287 0,000753
непреложный 1,389166 0,000280
неприлично 0,824895 0,000166
несколько 0,095435 0,000077
несмотря 0,275223 0,000056
несомненно 0,704919 0,000142
несчастие 0,690196 0,000139
несчастный 0,374926 0,000151
нетерпение 0,554533 0,000224
неурожай 2,167317 0,000437
нечаянно 0,752344 0,000304
нечего 0,381987 0,000231
нечистый 1,389166 0,000280
нечто 0,389166 0,000079
нибыть 0,030597 0,000043
никак 0,396465 0,000080
никакой 0,213075 0,000043
никогда 0,088136 0,000036
николаевич 0,704919 0,000142
никто 0,095435 0,000039
ничего 0,030597 0,000006
ничтожный 0,805589 0,000325
нормальный 1,389166 0,001121
нравственный 0,690196 0,000418
нужно 0,514105 0,000104
нужный 0,477121 0,000096
нумер 1,690196 0,000682
нянька 1,264227 0,000255
обернуться 0,576253 0,000233
обиженный 0,752344 0,000152
обмануть 0,787106 0,000159
обморок 0,912045 0,000184
обнаруживать 1,690196 0,000341
оборот 1,389166 0,000280
оборотиться 1,125925 0,000227
обработывать 1,866287 0,000376
образ 0,243038 0,000049
обратиться 0,316059 0,000128
обращаться 0,451314 0,000091
обстоятельство 0,403889 0,000163
общественный 0,000000 0,000000
общество 0,468347 0,000094
общий 0,514105 0,000207
объявить 0,389166 0,000236
объяснение 0,599116 0,000483
объясниться 0,824895 0,000166
объясняться 0,991226 0,000200
обыкновенный 0,565257 0,000114
оглядеть 0,787106 0,000159
оглядывать 0,991226 0,000400
огонь 0,991226 0,000400
один 0,000000 0,000000
одинаково 1,690196 0,001023
однажды 0,635838 0,000128
одушевиться 1,468347 0,000296
одушевление 1,264227 0,000255
одушевлённый 1,565257 0,000316
оживиться 1,389166 0,000560
ожидать 0,264227 0,000053
оказаться 0,275223 0,000167
окружить 1,389166 0,000280
он 0,000000 0,000000
они 0,275223 0,000056
оплодотворять 2,167317 0,000437
опорный 1,866287 0,000376
оппонент 1,690196 0,000682
определительный 2,167317 0,000437
опубликовать 0,000000 0,000000
опутать 2,167317 0,000437
опять 0,027438 0,000039
осада 1,565257 0,000316
осведомиться 0,805589 0,000163
осветить 1,053374 0,000213
оскорбить 0,599116 0,000121
оскорбление 1,088136 0,000220
ослабеть 1,088136 0,000439
осмелиться 0,769377 0,000155
основание 0,787106 0,000476
особенно 0,129891 0,000079
оспаривать 1,565257 0,000316
оставлять 0,533849 0,000108
остальной 0,367977 0,000148
останавливать 1,021189 0,000206
остановить 0,565257 0,000114
остановиться 0,269690 0,000109
остаться 0,133894 0,000054
отвесный 1,866287 0,000376
ответ 0,322219 0,000065
ответить 0,121994 0,000025
отвечать 0,258832 0,000157
отвлечь 1,213075 0,000245
отгрызаться 2,167317 0,000437
отделаться 1,264227 0,000255
отечество 1,264227 0,000510
отклонять 1,866287 0,000376
откровенный 0,866287 0,000699
откуда 0,514105 0,000207
откупориваться 2,167317 0,000437
относиться 0,824895 0,000166
отношение 0,623249 0,000629
отодвинуть 1,565257 0,000316
отойти 0,845098 0,000170
оторваться 1,021189 0,000412
отсутствие 1,167317 0,000235
отчаяние 0,544068 0,000110
отчий 0,554533 0,000112
отъезд 1,021189 0,000206
отыскать 0,769377 0,000155
оформление 0,000000 0,000000
очевидный 0,554533 0,000112
очень 0,024303 0,000064
очередь 0,769377 0,000155
очки 1,213075 0,000245
очутиться 0,675956 0,000136
ощущать 0,735954 0,000148
павлович 0,286504 0,001329
падать 0,787106 0,000159
парадокс 1,690196 0,000341
парадоксальный 1,866287 0,000376
парк 1,213075 0,000245
парламент 1,866287 0,000376
парламентаризм 2,167317 0,000437
пародия 2,167317 0,000437
пароход 1,690196 0,000341
педантский 1,866287 0,000376
первый 0,018098 0,000026
перед 0,554533 0,000224
переехать 0,991226 0,000200
перейти 0,000000 0,000000
переменять 1,322219 0,000267
переплёт 2,167317 0,000437
пересмешник 2,167317 0,000437
переставать 1,125925 0,000227
перестать 0,411442 0,000083
переходить 0,991226 0,000200
петербург 0,434924 0,000175
пировать 1,866287 0,000376
писатель 1,264227 0,000255
писать 0,419129 0,000085
письмо 0,434924 0,000088
пить 0,787106 0,001112
пища 1,866287 0,000753
плата 1,389166 0,000280
платить 1,167317 0,000235
пленяться 2,167317 0,000437
плохо 0,912045 0,000184
победительный 1,866287 0,000376
побежать 0,468347 0,000094
повадливый 1,690196 0,000341
поверить 0,347773 0,000070
повредить 1,213075 0,000489
повсеместно 1,088136 0,000220
повсеместный 2,167317 0,000437
поглядывать 1,021189 0,000206
подарок 1,053374 0,000425
подать 0,451314 0,000182
подбежать 1,167317 0,000471
подборка 0,000000 0,000000
подвозить 2,167317 0,001749
поджигать 1,389166 0,000280
подзадорить 1,866287 0,000376
подле 0,419129 0,000085
подмигивать 1,690196 0,000341
поднимать 1,264227 0,000255
подняться 0,443041 0,000179
подобный 0,533849 0,000215
подождать 0,587534 0,000474
подозревать 0,504560 0,000204
подозреваться 1,866287 0,000376
подойти 0,341243 0,000275
подпить 1,565257 0,000316
подросток 1,690196 0,000341
подсмеиваться 1,690196 0,000341
подставлять 1,468347 0,000296
подтвердить 0,544068 0,000220
подумать 0,185046 0,000075
подхватить 0,403889 0,000163
подходить 0,587534 0,000119
пожаловать 0,704919 0,000142
пожалуй 0,237898 0,000144
пожать 0,912045 0,000184
пожелание 1,565257 0,000316
пожелать 0,675956 0,000273
пожертвование 1,565257 0,000316
позволить 0,264227 0,000213
поздно 0,735954 0,000148
поздороваться 1,468347 0,000296
поздравить 1,264227 0,000510
пойти 0,080958 0,000016
пока 0,213075 0,000086
показать 0,292256 0,000177
показаться 0,334808 0,000203
показывать 0,514105 0,000104
покамест 0,866287 0,000175
покаяние 1,264227 0,000255
покойный 0,599116 0,000121
полверста 1,690196 0,000341
политик 2,167317 0,000437
политика 1,866287 0,000376
политический 1,213075 0,000245
полминуты 1,322219 0,000267
полнота 0,805589 0,000163
полный 0,253503 0,000102
половина 0,396465 0,000160
положение 0,459747 0,000093
полчаса 0,752344 0,000759
полынь 1,866287 0,001129
помешанный 0,769377 0,000155
помешаться 1,167317 0,000235
помнить 0,167317 0,000068
помутиться 1,389166 0,000280
понимать 0,095435 0,000058
понравиться 0,533849 0,000108
понятие 0,735954 0,000148
понятно 0,936868 0,000189
понятный 1,264227 0,000255
попасть 0,533849 0,000108
поразить 0,243038 0,000049
порок 1,213075 0,000489
порядочный 0,866287 0,000175
посадить 0,752344 0,000152
посетитель 0,991226 0,000400
посещать 0,845098 0,000341
посидеть 1,125925 0,000227
после 0,084532 0,000051
последний 0,066947 0,000041
послужить 0,824895 0,000333
посмертно 0,000000 0,000000
посмотреть 0,213075 0,000086
поспеть 1,053374 0,000213
постоянный 1,167317 0,000235
построить 1,866287 0,000753
постукать 2,167317 0,000437
поступить 0,648803 0,000262
поступок 0,623249 0,000126
потихоньку 0,912045 0,000184
потолок 1,565257 0,000316
потом 0,084532 0,000051
потому 0,024303 0,000029
потребность 0,805589 0,000163
потребовать 0,805589 0,000163
потребоваться 1,389166 0,000280
потупить 1,213075 0,000245
похвалить 0,991226 0,000200
похоже 0,845098 0,000170
почать 1,866287 0,000376
почему 0,099131 0,000160
почтенный 0,720159 0,000145
почти 0,024303 0,000029
появление 0,735954 0,000148
правда 0,088136 0,000053
правдоподобие 1,690196 0,000341
правительство 1,866287 0,000376
право 0,176091 0,000071
праздник 1,213075 0,000245
практический 1,322219 0,000267
превосходный 0,936868 0,000189
пред 0,030597 0,000012
предавать 2,167317 0,000437
предел 0,991226 0,000200
предложение 0,769377 0,000155
предмет 0,611015 0,000247
председатель 1,125925 0,000681
представить 0,286504 0,000058
предстоящий 1,167317 0,000235
предшествовать 1,389166 0,000280
прежде 0,077412 0,000047
презрение 0,554533 0,000112
премило 1,690196 0,000341
препровождение 2,167317 0,000437
прерывать 0,912045 0,000184
пресечься 1,213075 0,000245
преследовать 1,213075 0,000245
преступник 0,845098 0,000682
преувеличение 1,322219 0,000533
прехладнокровно 2,167317 0,000874
прибавить 0,162996 0,000099
прибегать 1,264227 0,000255
приближаться 1,264227 0,000255
приближиться 2,167317 0,000437
привести 0,576253 0,000349
приветливо 1,468347 0,000296
привольный 2,167317 0,000437
привстать 1,021189 0,000206
привычка 0,769377 0,000155
приготовить 0,675956 0,000136
приехать 0,309985 0,000250
прижизненный 0,000000 0,000000
признать 0,735954 0,000148
прийти 0,095435 0,000058
прикоснуться 1,389166 0,000280
пример 0,936868 0,000189
примирить 1,468347 0,000296
принести 0,389166 0,000079
принимать 0,328468 0,000133
принуждение 2,167317 0,000437
принять 0,180546 0,000036
припадок 0,544068 0,000110
припоминать 0,648803 0,000131
присесть 1,213075 0,000245
прислать 0,403889 0,000326
пристально 0,389166 0,000079
пристать 1,088136 0,000220
присутствие 0,912045 0,000184
притом 0,769377 0,000310
приторный 2,167317 0,000437
притянуть 1,264227 0,000255
приход 0,888564 0,000179
причина 0,396465 0,000080
приятельский 1,866287 0,000376
приятно 0,805589 0,000163
проба 1,468347 0,001481
пробормотать 0,316059 0,000255
пробраться 1,468347 0,000296
пробыть 0,845098 0,000170
проговорить 0,110412 0,000022
программирование 0,000000 0,000000
продолжать 0,125925 0,000051
продолжение 0,888564 0,000359
прождать 1,690196 0,000341
прожигать 1,866287 0,000376
произведение 0,000000 0,000000
происшествие 1,053374 0,000213
пройти 0,000000 0,000000
пройтись 1,389166 0,000280
проказа 2,167317 0,000437
проклятый 0,662167 0,000935
прокричать 0,599116 0,000121
промышленно 2,167317 0,000437
промышленность 1,866287 0,000376
пропитать 1,866287 0,000376
проповедовать 1,322219 0,000267
пропускать 1,565257 0,000316
просвещение 1,264227 0,000255
просить 0,150284 0,000030
прославить 1,866287 0,000376
прослышать 1,322219 0,000267
просто 0,232819 0,000188
простодушный 0,690196 0,000139
простоять 1,053374 0,000213
противник 1,167317 0,000471
противный 1,088136 0,000220
протянуть 0,486076 0,000098
протянуться 1,264227 0,000510
проходить 0,576253 0,000116
прочее 1,088136 0,000220
прочить 0,648803 0,000131
прочь 0,866287 0,000175
прошедшее 1,565257 0,000632
прошептать 0,587534 0,000237
прошлое 0,963197 0,000194
прямо 0,118099 0,000048
прямой 0,675956 0,000136
психологический 1,213075 0,000245
птицын 0,769377 0,000931
публикация 0,000000 0,000000
пугать 0,805589 0,000163
пуговица 1,468347 0,000296
пункт 0,824895 0,000333
пустынник 1,690196 0,000341
пусть 0,253503 0,000102
путь 0,675956 0,000273
пьяный 0,451314 0,000091
пятнадцать 0,752344 0,000152
пять 0,222835 0,000045
работа 0,991226 0,000200
равно 0,303994 0,000123
равновесие 2,167317 0,000437
радостный 0,752344 0,000152
раз 0,309985 0,000063
развалина 1,866287 0,000376
разве 0,146128 0,000118
развёртывать 1,264227 0,000255
разгадка 1,690196 0,000682
разговаривать 0,720159 0,000145
разговор 0,264227 0,000213
разгорячиться 1,088136 0,000659
раздаться 0,635838 0,000128
разделять 1,389166 0,000280
раздражение 0,888564 0,000179
раздражить 0,720159 0,000145
разевать 1,866287 0,000376
размягчиться 2,167317 0,000437
разобрать 0,888564 0,000179
разойтись 0,888564 0,000538
разом 0,389166 0,000079
разрешение 0,000000 0,000000
разрушение 1,866287 0,000376
разумеется 0,328468 0,000199
разъезжать 1,866287 0,000376
раскаиваться 0,963197 0,000583
раскаяться 1,468347 0,000296
раскраснеться 1,389166 0,000560
расположиться 1,167317 0,000235
распорядиться 0,805589 0,000163
расправить 2,167317 0,000437
распространиться 1,389166 0,000280
рассвет 0,963197 0,000389
рассеянный 1,021189 0,000206
рассказать 0,280827 0,000057
рассмеяться 0,599116 0,000121
рассудительно 1,690196 0,000341
рассудить 0,675956 0,000273
рассуждать 0,752344 0,000455
рассчитывать 0,675956 0,000136
расчёт 0,611015 0,000123
редкий 0,824895 0,000166
редко 0,690196 0,000139
редкость 1,322219 0,000267
резко 0,648803 0,000131
религиозный 1,213075 0,000245
речь 0,486076 0,000294
решаться 0,752344 0,000152
решительно 0,341243 0,000069
решительный 0,611015 0,000123
решить 0,232819 0,000094
решиться 0,341243 0,000069
рог 2,167317 0,000874
рогожин 0,936868 0,000189
рогожина 0,648803 0,000393
рождение 0,888564 0,000896
рука 0,030597 0,000068
русский 0,411442 0,000083
рыцарский 1,389166 0,000280
рядом 0,690196 0,000418
садиться 0,486076 0,000098
сайт 0,000000 0,000000
сам 0,002964 0,000004
саморазрушение 2,167317 0,000874
самосохранение 1,690196 0,001705
самый 0,018098 0,000018
сбежаться 1,690196 0,000341
сбивать 1,264227 0,000255
сбить 0,866287 0,000175
сверкать 0,611015 0,000123
свет 0,176091 0,000071
светский 0,720159 0,001017
свистнуть 1,389166 0,000280
свободно 0,000000 0,000000
свободный 0,936868 0,000189
свой 0,000000 0,000000
связующий 1,866287 0,001129
себя 0,000000 0,000000
сегодня 0,194189 0,000196
седой 0,991226 0,000200
сейчас 0,070407 0,000043
секрет 0,690196 0,000418
семейство 0,451314 0,000091
семьдесят 0,000000 0,000000
семёнович 1,213075 0,000245
сердечный 0,866287 0,000175
сердце 0,095435 0,000058
серебряный 1,213075 0,000245
серьезность 1,866287 0,000753
серьёзно 0,419129 0,000085
сестра 0,477121 0,000096
сеть 1,565257 0,000632
сжать 0,963197 0,000194
сидеть 0,125925 0,000127
сила 0,185046 0,000112
сильно 0,292256 0,000059
сильный 0,269690 0,000163
сказать 0,011981 0,000039
скала 1,468347 0,000296
скалить 1,866287 0,000376
сквозь 0,936868 0,000189
склон 1,690196 0,000341
склоняться 1,690196 0,000341
сколько 0,280827 0,000113
скорее 0,514105 0,000207
скоро 0,298086 0,000060
скорый 0,237898 0,000048
скудный 2,167317 0,000437
славный 1,167317 0,000235
сладкий 1,389166 0,000280
следующий 0,866287 0,000350
слишком 0,133894 0,000270
слово 0,027438 0,000033
случай 0,146128 0,000088
случиться 0,292256 0,000059
слушатель 0,963197 0,000389
слушать 0,203530 0,000164
слыхать 0,675956 0,000136
слышать 0,125925 0,000051
сметь 0,389166 0,000079
смех 0,443041 0,000358
смешливый 1,468347 0,000296
смеяться 0,171682 0,000242
смотреть 0,077412 0,000031
смысл 0,523865 0,000106
снисходить 1,866287 0,000376
собираться 0,635838 0,000257
собрание 1,088136 0,000220
собраться 0,662167 0,000534
собственно 0,565257 0,000342
собственный 0,264227 0,000107
совершенно 0,180546 0,000073
совестливый 1,866287 0,000376
совесть 0,544068 0,000220
советник 1,264227 0,000255
совпадать 1,866287 0,000376
современный 0,936868 0,000378
совсем 0,021189 0,000013
согласие 0,000000 0,000000
согласный 0,565257 0,000114
содержать 0,912045 0,000184
сожаление 0,963197 0,000194
сойти 0,495219 0,000200
сойтись 0,623249 0,000126
солидарность 1,866287 0,000753
солнце 0,675956 0,000682
сомнение 0,426955 0,000172
сообщение 1,167317 0,000471
сопровождать 0,888564 0,000359
соседний 1,088136 0,000220
составиться 1,264227 0,000255
состояние 0,322219 0,000130
сохранять 1,468347 0,000592
сочинение 1,468347 0,000296
спаньё 2,167317 0,000437
спасти 0,468347 0,000094
спасть 0,554533 0,000112
спать 0,495219 0,000300
спешить 0,477121 0,000096
спокойный 0,576253 0,000116
спокойствие 0,888564 0,000359
спор 1,053374 0,000850
спорить 0,752344 0,000304
спороть 1,468347 0,000592
способность 0,805589 0,000163
справедливость 1,125925 0,000227
справедливый 1,021189 0,000206
справиться 0,991226 0,000200
спрашивать 0,232819 0,000094
спрашиваться 1,690196 0,000341
спросить 0,114239 0,000092
спрятаться 1,125925 0,000454
сравнительно 1,088136 0,000878
среди 0,769377 0,000310
сряду 0,991226 0,000200
становиться 0,389166 0,000236
старинный 0,936868 0,000189
старость 1,213075 0,000245
старый 0,374926 0,000076
статистический 2,167317 0,000437
стать 0,002964 0,000003
степень 0,367977 0,000297
стих 0,735954 0,000148
стол 0,286504 0,000405
столетие 1,053374 0,001700
столько 0,443041 0,000089
сторона 0,110412 0,000111
стоять 0,150284 0,000061
стоящий 1,468347 0,000296
странно 0,354404 0,000071
странный 0,227798 0,000046
страх 0,426955 0,000086
страшно 0,434924 0,000088
страшный 0,286504 0,000116
стрелка 1,565257 0,000316
стремглав 1,213075 0,000245
строго 0,576253 0,000116
стук 1,053374 0,000213
стул 0,434924 0,000175
ступать 0,587534 0,000119
стучать 0,866287 0,000175
сундук 1,322219 0,000267
сурово 1,088136 0,000220
схватить 0,347773 0,000070
счастие 0,451314 0,000182
счастливый 0,451314 0,000455
съедобный 2,167317 0,000437
съесть 0,936868 0,001134
сюда 0,232819 0,000047
также 0,000000 0,000000
таки 0,066947 0,000054
такой 0,002964 0,000010
текст 0,000000 0,000000
телега 1,213075 0,000979
тема 0,735954 0,000297
теперь 0,015029 0,000042
терентьев 1,213075 0,000245
терраса 0,912045 0,001104
тогда 0,050046 0,000050
тогдашний 0,635838 0,000385
тоже 0,043466 0,000044
толкать 1,565257 0,000316
толкнуть 1,322219 0,000267
толкователь 1,866287 0,000376
толпа 0,648803 0,000131
только 0,002964 0,000015
том 1,565257 0,000316
тон 0,648803 0,000131
торжествовать 0,824895 0,000166
торопиться 0,662167 0,000668
тот 0,002964 0,000007
тотчас 0,046743 0,000038
точка 0,623249 0,000126
точно 0,121994 0,000123
точность 0,735954 0,000148
точный 0,866287 0,000175
третий 0,154480 0,000093
тридцать 0,599116 0,000121
тропинка 1,468347 0,000296
туда 0,495219 0,000200
тунеядец 1,565257 0,000316
тщеславие 1,167317 0,000706
убежать 0,565257 0,000114
убеждение 0,554533 0,000112
убеждённый 0,635838 0,000128
уведомлять 1,322219 0,000267
увеличиваться 1,690196 0,000341
увидеть 0,222835 0,000270
уговор 1,565257 0,000316
угол 0,341243 0,000207
угощение 1,468347 0,000296
угрызение 1,088136 0,000659
удаваться 1,125925 0,000227
удалиться 0,888564 0,000179
удачный 2,167317 0,000437
удивительно 0,866287 0,000175
удивительный 0,735954 0,000148
удивить 0,769377 0,000155
удивиться 0,523865 0,000106
удивление 0,292256 0,000236
удивляться 0,544068 0,000220
удовлетворение 1,167317 0,000235
удовлетворить 1,021189 0,000412
удовлетворять 1,468347 0,000296
удовольствие 0,486076 0,000196
удостоивать 1,264227 0,000255
ужасно 0,167317 0,000236
ужасный 0,322219 0,000130
узнать 0,106619 0,000086
уйти 0,248239 0,000050
укромный 1,866287 0,000376
улыбаться 0,544068 0,000220
улыбнуться 0,426955 0,000086
уменьшаться 1,866287 0,000376
уменьшить 1,565257 0,000316
умереть 0,269690 0,000109
умертвить 1,866287 0,000376
умерший 0,000000 0,000000
уметь 0,328468 0,000066
умирать 0,611015 0,000123
умолкать 1,322219 0,000267
упавший 1,565257 0,000316
упоение 1,125925 0,000227
упоминаться 1,468347 0,000296
упорство 1,468347 0,000296
упреть 2,167317 0,001312
усаживаться 1,322219 0,000267
усиление 1,565257 0,000316
усилиться 1,468347 0,000296
усмехаться 0,805589 0,000163
усмешка 0,752344 0,000152
успеть 0,203530 0,000041
успокоить 0,824895 0,000166
успокоиться 0,735954 0,000148
устоять 1,389166 0,000280
устроить 0,690196 0,000278
утверждать 0,623249 0,000126
утро 0,347773 0,000070
ухватить 1,565257 0,000316
уходить 0,328468 0,000199
участие 0,787106 0,000159
учёный 0,752344 0,000455
факт 0,533849 0,000215
фердыщенок 1,125925 0,000454
фигура 1,322219 0,000267
физиономия 0,963197 0,000194
финал 1,264227 0,000510
форма 0,991226 0,000200
французский 0,805589 0,000163
фёдор 0,434924 0,000175
хвост 1,125925 0,000227
хлеб 0,805589 0,000488
хлопотать 1,088136 0,000220
ход 0,963197 0,000194
хороший 0,077412 0,000078
хорошо 0,189594 0,000038
хотеть 0,033778 0,000068
хоть 0,060107 0,000073
хотя 0,050046 0,000081
хохотать 0,824895 0,000499
художественный 1,468347 0,000296
целое 0,587534 0,000237
целый 0,217927 0,000088
цель 0,361137 0,000291
церемония 0,991226 0,000400
церковный 1,264227 0,000255
цифирный 2,167317 0,000437
цифра 1,565257 0,001895
час 0,185046 0,000187
часто 0,292256 0,000118
частый 0,805589 0,000488
часть 0,002964 0,000002
часы 0,787106 0,000318
чей 0,000000 0,000000
человек 0,011981 0,000031
человечество 0,866287 0,003845
через 0,258832 0,000052
честный 0,735954 0,000148
четверть 0,769377 0,000155
четыре 0,361137 0,000073
число 0,704919 0,000284
читаемый 2,167317 0,000437
читать 0,403889 0,000244
член 0,752344 0,000152
чрез 0,275223 0,000056
чрезвычайно 0,217927 0,000088
чрезвычайный 0,258832 0,000209
что 0,030597 0,000019
чтоб 0,073896 0,000060
чтобы 0,030597 0,000043
чувство 0,158717 0,000096
чувствовать 0,264227 0,000160
чума 1,690196 0,000341
чуть 0,176091 0,000142
чёрный 0,504560 0,000102
шаг 0,367977 0,000074
шампанский 1,264227 0,000255
шампанское 0,936868 0,000945
шатость 2,167317 0,000437
швейцарский 1,213075 0,000245
шенапан 2,167317 0,000437
шесть 0,514105 0,000726
шестьдесят 1,021189 0,001236
шляпа 0,769377 0,000155
шпиговать 1,866287 0,000376
штука 0,912045 0,000184
шумно 1,565257 0,000632
шумный 1,468347 0,000889
шутить 0,845098 0,000170
шутка 0,675956 0,000136
эгоизм 1,322219 0,000267
экзамен 1,565257 0,000316
экстренный 1,690196 0,000682
этак 0,690196 0,000139
это 0,002964 0,000007
этот 0,002964 0,000011
эфтота 2,167317 0,000437
юридический 1,389166 0,000280
я 0,024303 0,000034
явиться 0,298086 0,000060
являться 0,675956 0,000136
явный 1,167317 0,000235
язва 1,565257 0,000316
ярко 1,125925 0,000227
ясно 0,354404 0,000071
